Time history of radial distribution for BEM variable: posC14y[m] for blade 1
                          rCurvi[m] (curvilinear radial distance)
                                0.7893      2.3680      3.9466      5.5253      7.1039      8.6825     10.2612     11.8398     13.4185     14.9971     16.5758     18.1544     19.7330     21.3117     22.8903     24.4690     26.0476     27.6263     29.2049     30.7835     32.3622     33.9408     35.5195     37.0981     38.2821     39.0714
                          zB[m] (radial coordinate along blade axis)
     time[s]  azimuth[deg]      0.1833      1.7547      3.3293      4.9061      6.4840      8.0624      9.6417     11.2245     12.8080     14.3897     15.9674     17.5459     19.1245     20.7031     22.2814     23.8594     25.4368     27.0135     28.5893     30.1641     31.7380     33.3109     34.8830     36.4550     37.6323     38.4138
      0.0000        0.0000 -0.6052E+00 -0.6063E+00 -0.6053E+00 -0.6143E+00 -0.6276E+00 -0.6308E+00 -0.6108E+00 -0.5744E+00 -0.5404E+00 -0.5119E+00 -0.4777E+00 -0.4379E+00 -0.3965E+00 -0.3573E+00 -0.3249E+00 -0.3030E+00 -0.2899E+00 -0.2851E+00 -0.2812E+00 -0.2708E+00 -0.2530E+00 -0.2297E+00 -0.1974E+00 -0.1599E+00 -0.1099E+00 -0.4375E-01
      0.1355       10.0000 -0.8433E+00 -0.1118E+01 -0.1392E+01 -0.1675E+01 -0.1962E+01 -0.2239E+01 -0.2493E+01 -0.2732E+01 -0.2972E+01 -0.3218E+01 -0.3459E+01 -0.3693E+01 -0.3927E+01 -0.4162E+01 -0.4404E+01 -0.4656E+01 -0.4917E+01 -0.5186E+01 -0.5456E+01 -0.5719E+01 -0.5975E+01 -0.6225E+01 -0.6466E+01 -0.6702E+01 -0.6857E+01 -0.6928E+01
      0.2710       20.0000 -0.1056E+01 -0.1597E+01 -0.2136E+01 -0.2684E+01 -0.3236E+01 -0.3779E+01 -0.4300E+01 -0.4806E+01 -0.5314E+01 -0.5827E+01 -0.6334E+01 -0.6837E+01 -0.7337E+01 -0.7840E+01 -0.8349E+01 -0.8868E+01 -0.9395E+01 -0.9930E+01 -0.1047E+02 -0.1099E+02 -0.1152E+02 -0.1203E+02 -0.1254E+02 -0.1304E+02 -0.1340E+02 -0.1360E+02
      0.4065       30.0000 -0.1236E+01 -0.2026E+01 -0.2815E+01 -0.3612E+01 -0.4412E+01 -0.5205E+01 -0.5976E+01 -0.6734E+01 -0.7494E+01 -0.8258E+01 -0.9018E+01 -0.9772E+01 -0.1053E+02 -0.1128E+02 -0.1204E+02 -0.1281E+02 -0.1359E+02 -0.1437E+02 -0.1516E+02 -0.1594E+02 -0.1671E+02 -0.1747E+02 -0.1823E+02 -0.1898E+02 -0.1953E+02 -0.1986E+02
      0.5420       40.0000 -0.1379E+01 -0.2394E+01 -0.3408E+01 -0.4430E+01 -0.5455E+01 -0.6472E+01 -0.7471E+01 -0.8457E+01 -0.9446E+01 -0.1044E+02 -0.1143E+02 -0.1241E+02 -0.1339E+02 -0.1438E+02 -0.1537E+02 -0.1636E+02 -0.1737E+02 -0.1838E+02 -0.1939E+02 -0.2039E+02 -0.2139E+02 -0.2238E+02 -0.2337E+02 -0.2435E+02 -0.2507E+02 -0.2552E+02
      0.6775       50.0000 -0.1480E+01 -0.2690E+01 -0.3898E+01 -0.5113E+01 -0.6331E+01 -0.7542E+01 -0.8739E+01 -0.9924E+01 -0.1111E+02 -0.1230E+02 -0.1349E+02 -0.1467E+02 -0.1585E+02 -0.1704E+02 -0.1823E+02 -0.1942E+02 -0.2062E+02 -0.2182E+02 -0.2303E+02 -0.2423E+02 -0.2542E+02 -0.2661E+02 -0.2780E+02 -0.2897E+02 -0.2984E+02 -0.3040E+02
      0.8130       60.0000 -0.1536E+01 -0.2903E+01 -0.4270E+01 -0.5641E+01 -0.7015E+01 -0.8384E+01 -0.9741E+01 -0.1109E+02 -0.1244E+02 -0.1379E+02 -0.1514E+02 -0.1649E+02 -0.1783E+02 -0.1918E+02 -0.2053E+02 -0.2189E+02 -0.2324E+02 -0.2461E+02 -0.2597E+02 -0.2733E+02 -0.2868E+02 -0.3003E+02 -0.3138E+02 -0.3272E+02 -0.3371E+02 -0.3436E+02
      0.9485       70.0000 -0.1545E+01 -0.3028E+01 -0.4512E+01 -0.5998E+01 -0.7486E+01 -0.8970E+01 -0.1045E+02 -0.1192E+02 -0.1339E+02 -0.1486E+02 -0.1633E+02 -0.1780E+02 -0.1927E+02 -0.2074E+02 -0.2221E+02 -0.2369E+02 -0.2516E+02 -0.2664E+02 -0.2812E+02 -0.2960E+02 -0.3107E+02 -0.3254E+02 -0.3401E+02 -0.3547E+02 -0.3656E+02 -0.3727E+02
      1.0840       80.0000 -0.1508E+01 -0.3062E+01 -0.4616E+01 -0.6172E+01 -0.7729E+01 -0.9284E+01 -0.1084E+02 -0.1238E+02 -0.1393E+02 -0.1548E+02 -0.1703E+02 -0.1858E+02 -0.2012E+02 -0.2167E+02 -0.2322E+02 -0.2477E+02 -0.2632E+02 -0.2787E+02 -0.2942E+02 -0.3097E+02 -0.3252E+02 -0.3406E+02 -0.3560E+02 -0.3714E+02 -0.3829E+02 -0.3905E+02
      1.2195       90.0000 -0.1424E+01 -0.3002E+01 -0.4581E+01 -0.6159E+01 -0.7738E+01 -0.9316E+01 -0.1089E+02 -0.1247E+02 -0.1405E+02 -0.1563E+02 -0.1721E+02 -0.1879E+02 -0.2036E+02 -0.2194E+02 -0.2352E+02 -0.2510E+02 -0.2667E+02 -0.2825E+02 -0.2983E+02 -0.3140E+02 -0.3297E+02 -0.3455E+02 -0.3612E+02 -0.3769E+02 -0.3886E+02 -0.3965E+02
      1.3550      100.0000 -0.1297E+01 -0.2851E+01 -0.4406E+01 -0.5959E+01 -0.7511E+01 -0.9065E+01 -0.1062E+02 -0.1218E+02 -0.1374E+02 -0.1530E+02 -0.1686E+02 -0.1842E+02 -0.1999E+02 -0.2155E+02 -0.2311E+02 -0.2466E+02 -0.2622E+02 -0.2777E+02 -0.2932E+02 -0.3088E+02 -0.3243E+02 -0.3398E+02 -0.3554E+02 -0.3709E+02 -0.3826E+02 -0.3904E+02
      1.4905      110.0000 -0.1131E+01 -0.2614E+01 -0.4097E+01 -0.5578E+01 -0.7056E+01 -0.8539E+01 -0.1003E+02 -0.1152E+02 -0.1302E+02 -0.1451E+02 -0.1601E+02 -0.1750E+02 -0.1900E+02 -0.2050E+02 -0.2199E+02 -0.2348E+02 -0.2497E+02 -0.2645E+02 -0.2793E+02 -0.2941E+02 -0.3090E+02 -0.3239E+02 -0.3387E+02 -0.3536E+02 -0.3648E+02 -0.3724E+02
      1.6260      120.0000 -0.9308E+00 -0.2297E+01 -0.3664E+01 -0.5027E+01 -0.6387E+01 -0.7753E+01 -0.9130E+01 -0.1051E+02 -0.1190E+02 -0.1328E+02 -0.1466E+02 -0.1605E+02 -0.1744E+02 -0.1882E+02 -0.2021E+02 -0.2158E+02 -0.2295E+02 -0.2432E+02 -0.2569E+02 -0.2706E+02 -0.2843E+02 -0.2980E+02 -0.3118E+02 -0.3256E+02 -0.3360E+02 -0.3431E+02
      1.7615      130.0000 -0.7020E+00 -0.1910E+01 -0.3120E+01 -0.4323E+01 -0.5524E+01 -0.6731E+01 -0.7953E+01 -0.9186E+01 -0.1042E+02 -0.1164E+02 -0.1287E+02 -0.1411E+02 -0.1534E+02 -0.1658E+02 -0.1781E+02 -0.1903E+02 -0.2025E+02 -0.2146E+02 -0.2267E+02 -0.2388E+02 -0.2510E+02 -0.2632E+02 -0.2754E+02 -0.2877E+02 -0.2970E+02 -0.3034E+02
      1.8970      140.0000 -0.4519E+00 -0.1465E+01 -0.2481E+01 -0.3489E+01 -0.4493E+01 -0.5505E+01 -0.6535E+01 -0.7577E+01 -0.8618E+01 -0.9654E+01 -0.1070E+02 -0.1174E+02 -0.1279E+02 -0.1383E+02 -0.1487E+02 -0.1590E+02 -0.1692E+02 -0.1794E+02 -0.1896E+02 -0.1998E+02 -0.2100E+02 -0.2203E+02 -0.2307E+02 -0.2410E+02 -0.2490E+02 -0.2545E+02
      2.0325      150.0000 -0.1880E+00 -0.9760E+00 -0.1766E+01 -0.2548E+01 -0.3325E+01 -0.4112E+01 -0.4918E+01 -0.5739E+01 -0.6558E+01 -0.7371E+01 -0.8190E+01 -0.9014E+01 -0.9838E+01 -0.1066E+02 -0.1148E+02 -0.1229E+02 -0.1309E+02 -0.1388E+02 -0.1467E+02 -0.1547E+02 -0.1627E+02 -0.1707E+02 -0.1789E+02 -0.1871E+02 -0.1934E+02 -0.1979E+02
      2.1680      160.0000  0.8158E-01 -0.4570E+00 -0.9979E+00 -0.1529E+01 -0.2057E+01 -0.2594E+01 -0.3152E+01 -0.3726E+01 -0.4298E+01 -0.4865E+01 -0.5437E+01 -0.6014E+01 -0.6592E+01 -0.7169E+01 -0.7739E+01 -0.8299E+01 -0.8850E+01 -0.9394E+01 -0.9937E+01 -0.1049E+02 -0.1104E+02 -0.1160E+02 -0.1217E+02 -0.1274E+02 -0.1319E+02 -0.1352E+02
      2.3035      170.0000  0.3487E+00  0.7580E-01 -0.1993E+00 -0.4646E+00 -0.7256E+00 -0.9965E+00 -0.1290E+01 -0.1600E+01 -0.1908E+01 -0.2210E+01 -0.2518E+01 -0.2831E+01 -0.3146E+01 -0.3458E+01 -0.3764E+01 -0.4060E+01 -0.4346E+01 -0.4625E+01 -0.4902E+01 -0.5186E+01 -0.5477E+01 -0.5773E+01 -0.6078E+01 -0.6387E+01 -0.6641E+01 -0.6841E+01
      2.4390      180.0000  0.6052E+00  0.6063E+00  0.6053E+00  0.6143E+00  0.6276E+00  0.6308E+00  0.6108E+00  0.5744E+00  0.5404E+00  0.5119E+00  0.4777E+00  0.4379E+00  0.3965E+00  0.3573E+00  0.3249E+00  0.3030E+00  0.2899E+00  0.2851E+00  0.2812E+00  0.2708E+00  0.2530E+00  0.2297E+00  0.1974E+00  0.1599E+00  0.1099E+00  0.4375E-01
      2.5745      190.0000  0.8433E+00  0.1118E+01  0.1392E+01  0.1675E+01  0.1962E+01  0.2239E+01  0.2493E+01  0.2732E+01  0.2972E+01  0.3218E+01  0.3459E+01  0.3693E+01  0.3927E+01  0.4162E+01  0.4404E+01  0.4656E+01  0.4917E+01  0.5186E+01  0.5456E+01  0.5719E+01  0.5975E+01  0.6225E+01  0.6466E+01  0.6702E+01  0.6857E+01  0.6928E+01
      2.7100      200.0000  0.1056E+01  0.1597E+01  0.2136E+01  0.2684E+01  0.3236E+01  0.3779E+01  0.4300E+01  0.4806E+01  0.5314E+01  0.5827E+01  0.6334E+01  0.6837E+01  0.7337E+01  0.7840E+01  0.8349E+01  0.8868E+01  0.9395E+01  0.9930E+01  0.1047E+02  0.1099E+02  0.1152E+02  0.1203E+02  0.1254E+02  0.1304E+02  0.1340E+02  0.1360E+02
      2.8455      210.0000  0.1236E+01  0.2026E+01  0.2815E+01  0.3612E+01  0.4412E+01  0.5205E+01  0.5976E+01  0.6734E+01  0.7494E+01  0.8258E+01  0.9018E+01  0.9772E+01  0.1053E+02  0.1128E+02  0.1204E+02  0.1281E+02  0.1359E+02  0.1437E+02  0.1516E+02  0.1594E+02  0.1671E+02  0.1747E+02  0.1823E+02  0.1898E+02  0.1953E+02  0.1986E+02
      2.9810      220.0000  0.1379E+01  0.2394E+01  0.3408E+01  0.4430E+01  0.5455E+01  0.6472E+01  0.7471E+01  0.8457E+01  0.9446E+01  0.1044E+02  0.1143E+02  0.1241E+02  0.1339E+02  0.1438E+02  0.1537E+02  0.1636E+02  0.1737E+02  0.1838E+02  0.1939E+02  0.2039E+02  0.2139E+02  0.2238E+02  0.2337E+02  0.2435E+02  0.2507E+02  0.2552E+02
      3.1165      230.0000  0.1480E+01  0.2690E+01  0.3898E+01  0.5113E+01  0.6331E+01  0.7542E+01  0.8739E+01  0.9924E+01  0.1111E+02  0.1230E+02  0.1349E+02  0.1467E+02  0.1585E+02  0.1704E+02  0.1823E+02  0.1942E+02  0.2062E+02  0.2182E+02  0.2303E+02  0.2423E+02  0.2542E+02  0.2661E+02  0.2780E+02  0.2897E+02  0.2984E+02  0.3040E+02
      3.2520      240.0000  0.1536E+01  0.2903E+01  0.4270E+01  0.5641E+01  0.7015E+01  0.8384E+01  0.9741E+01  0.1109E+02  0.1244E+02  0.1379E+02  0.1514E+02  0.1649E+02  0.1783E+02  0.1918E+02  0.2053E+02  0.2189E+02  0.2324E+02  0.2461E+02  0.2597E+02  0.2733E+02  0.2868E+02  0.3003E+02  0.3138E+02  0.3272E+02  0.3371E+02  0.3436E+02
      3.3875      250.0000  0.1545E+01  0.3028E+01  0.4512E+01  0.5998E+01  0.7486E+01  0.8970E+01  0.1045E+02  0.1192E+02  0.1339E+02  0.1486E+02  0.1633E+02  0.1780E+02  0.1927E+02  0.2074E+02  0.2221E+02  0.2369E+02  0.2516E+02  0.2664E+02  0.2812E+02  0.2960E+02  0.3107E+02  0.3254E+02  0.3401E+02  0.3547E+02  0.3656E+02  0.3727E+02
      3.5230      260.0000  0.1508E+01  0.3062E+01  0.4616E+01  0.6172E+01  0.7729E+01  0.9284E+01  0.1084E+02  0.1238E+02  0.1393E+02  0.1548E+02  0.1703E+02  0.1858E+02  0.2012E+02  0.2167E+02  0.2322E+02  0.2477E+02  0.2632E+02  0.2787E+02  0.2942E+02  0.3097E+02  0.3252E+02  0.3406E+02  0.3560E+02  0.3714E+02  0.3829E+02  0.3905E+02
      3.6585      270.0000  0.1424E+01  0.3002E+01  0.4581E+01  0.6159E+01  0.7738E+01  0.9316E+01  0.1089E+02  0.1247E+02  0.1405E+02  0.1563E+02  0.1721E+02  0.1879E+02  0.2036E+02  0.2194E+02  0.2352E+02  0.2510E+02  0.2667E+02  0.2825E+02  0.2983E+02  0.3140E+02  0.3297E+02  0.3455E+02  0.3612E+02  0.3769E+02  0.3886E+02  0.3965E+02
      3.7940      280.0000  0.1297E+01  0.2851E+01  0.4406E+01  0.5959E+01  0.7511E+01  0.9065E+01  0.1062E+02  0.1218E+02  0.1374E+02  0.1530E+02  0.1686E+02  0.1842E+02  0.1999E+02  0.2155E+02  0.2311E+02  0.2466E+02  0.2622E+02  0.2777E+02  0.2932E+02  0.3088E+02  0.3243E+02  0.3398E+02  0.3554E+02  0.3709E+02  0.3826E+02  0.3904E+02
      3.9295      290.0000  0.1131E+01  0.2614E+01  0.4097E+01  0.5578E+01  0.7056E+01  0.8539E+01  0.1003E+02  0.1152E+02  0.1302E+02  0.1451E+02  0.1601E+02  0.1750E+02  0.1900E+02  0.2050E+02  0.2199E+02  0.2348E+02  0.2497E+02  0.2645E+02  0.2793E+02  0.2941E+02  0.3090E+02  0.3239E+02  0.3387E+02  0.3536E+02  0.3648E+02  0.3724E+02
      4.0650      300.0000  0.9308E+00  0.2297E+01  0.3664E+01  0.5027E+01  0.6387E+01  0.7753E+01  0.9130E+01  0.1051E+02  0.1190E+02  0.1328E+02  0.1466E+02  0.1605E+02  0.1744E+02  0.1882E+02  0.2021E+02  0.2158E+02  0.2295E+02  0.2432E+02  0.2569E+02  0.2706E+02  0.2843E+02  0.2980E+02  0.3118E+02  0.3256E+02  0.3360E+02  0.3431E+02
      4.2005      310.0000  0.7020E+00  0.1910E+01  0.3120E+01  0.4323E+01  0.5524E+01  0.6731E+01  0.7953E+01  0.9186E+01  0.1042E+02  0.1164E+02  0.1287E+02  0.1411E+02  0.1534E+02  0.1658E+02  0.1781E+02  0.1903E+02  0.2025E+02  0.2146E+02  0.2267E+02  0.2388E+02  0.2510E+02  0.2632E+02  0.2754E+02  0.2877E+02  0.2970E+02  0.3034E+02
      4.3360      320.0000  0.4519E+00  0.1465E+01  0.2481E+01  0.3489E+01  0.4493E+01  0.5505E+01  0.6535E+01  0.7577E+01  0.8618E+01  0.9654E+01  0.1070E+02  0.1174E+02  0.1279E+02  0.1383E+02  0.1487E+02  0.1590E+02  0.1692E+02  0.1794E+02  0.1896E+02  0.1998E+02  0.2100E+02  0.2203E+02  0.2307E+02  0.2410E+02  0.2490E+02  0.2545E+02
      4.4715      330.0000  0.1880E+00  0.9760E+00  0.1766E+01  0.2548E+01  0.3325E+01  0.4112E+01  0.4918E+01  0.5739E+01  0.6558E+01  0.7371E+01  0.8190E+01  0.9014E+01  0.9838E+01  0.1066E+02  0.1148E+02  0.1229E+02  0.1309E+02  0.1388E+02  0.1467E+02  0.1547E+02  0.1627E+02  0.1707E+02  0.1789E+02  0.1871E+02  0.1934E+02  0.1979E+02
      4.6070      340.0000 -0.8158E-01  0.4570E+00  0.9979E+00  0.1529E+01  0.2057E+01  0.2594E+01  0.3152E+01  0.3726E+01  0.4298E+01  0.4865E+01  0.5437E+01  0.6014E+01  0.6592E+01  0.7169E+01  0.7739E+01  0.8299E+01  0.8850E+01  0.9394E+01  0.9937E+01  0.1049E+02  0.1104E+02  0.1160E+02  0.1217E+02  0.1274E+02  0.1319E+02  0.1352E+02
      4.7425      350.0000 -0.3487E+00 -0.7580E-01  0.1993E+00  0.4646E+00  0.7256E+00  0.9965E+00  0.1290E+01  0.1600E+01  0.1908E+01  0.2210E+01  0.2518E+01  0.2831E+01  0.3146E+01  0.3458E+01  0.3764E+01  0.4060E+01  0.4346E+01  0.4625E+01  0.4902E+01  0.5186E+01  0.5477E+01  0.5773E+01  0.6078E+01  0.6387E+01  0.6641E+01  0.6841E+01
      4.8780      360.0000 -0.6052E+00 -0.6063E+00 -0.6053E+00 -0.6143E+00 -0.6276E+00 -0.6308E+00 -0.6108E+00 -0.5744E+00 -0.5404E+00 -0.5119E+00 -0.4777E+00 -0.4379E+00 -0.3965E+00 -0.3573E+00 -0.3249E+00 -0.3030E+00 -0.2899E+00 -0.2851E+00 -0.2812E+00 -0.2708E+00 -0.2530E+00 -0.2297E+00 -0.1974E+00 -0.1599E+00 -0.1099E+00 -0.4375E-01
      5.0136       10.0000 -0.8433E+00 -0.1118E+01 -0.1392E+01 -0.1675E+01 -0.1962E+01 -0.2239E+01 -0.2493E+01 -0.2732E+01 -0.2972E+01 -0.3218E+01 -0.3459E+01 -0.3693E+01 -0.3927E+01 -0.4162E+01 -0.4404E+01 -0.4656E+01 -0.4917E+01 -0.5186E+01 -0.5456E+01 -0.5719E+01 -0.5975E+01 -0.6225E+01 -0.6466E+01 -0.6702E+01 -0.6857E+01 -0.6928E+01
      5.1491       20.0000 -0.1056E+01 -0.1597E+01 -0.2136E+01 -0.2684E+01 -0.3236E+01 -0.3779E+01 -0.4300E+01 -0.4806E+01 -0.5314E+01 -0.5827E+01 -0.6334E+01 -0.6837E+01 -0.7337E+01 -0.7840E+01 -0.8349E+01 -0.8868E+01 -0.9395E+01 -0.9930E+01 -0.1047E+02 -0.1099E+02 -0.1152E+02 -0.1203E+02 -0.1254E+02 -0.1304E+02 -0.1340E+02 -0.1360E+02
      5.2846       30.0000 -0.1236E+01 -0.2026E+01 -0.2815E+01 -0.3612E+01 -0.4412E+01 -0.5205E+01 -0.5976E+01 -0.6734E+01 -0.7494E+01 -0.8258E+01 -0.9018E+01 -0.9772E+01 -0.1053E+02 -0.1128E+02 -0.1204E+02 -0.1281E+02 -0.1359E+02 -0.1437E+02 -0.1516E+02 -0.1594E+02 -0.1671E+02 -0.1747E+02 -0.1823E+02 -0.1898E+02 -0.1953E+02 -0.1986E+02
      5.4201       40.0000 -0.1379E+01 -0.2394E+01 -0.3408E+01 -0.4430E+01 -0.5455E+01 -0.6472E+01 -0.7471E+01 -0.8457E+01 -0.9446E+01 -0.1044E+02 -0.1143E+02 -0.1241E+02 -0.1339E+02 -0.1438E+02 -0.1537E+02 -0.1636E+02 -0.1737E+02 -0.1838E+02 -0.1939E+02 -0.2039E+02 -0.2139E+02 -0.2238E+02 -0.2337E+02 -0.2435E+02 -0.2507E+02 -0.2552E+02
      5.5556       50.0000 -0.1480E+01 -0.2690E+01 -0.3898E+01 -0.5113E+01 -0.6331E+01 -0.7542E+01 -0.8739E+01 -0.9924E+01 -0.1111E+02 -0.1230E+02 -0.1349E+02 -0.1467E+02 -0.1585E+02 -0.1704E+02 -0.1823E+02 -0.1942E+02 -0.2062E+02 -0.2182E+02 -0.2303E+02 -0.2423E+02 -0.2542E+02 -0.2661E+02 -0.2780E+02 -0.2897E+02 -0.2984E+02 -0.3040E+02
      5.6911       60.0000 -0.1536E+01 -0.2903E+01 -0.4270E+01 -0.5641E+01 -0.7015E+01 -0.8384E+01 -0.9741E+01 -0.1109E+02 -0.1244E+02 -0.1379E+02 -0.1514E+02 -0.1649E+02 -0.1783E+02 -0.1918E+02 -0.2053E+02 -0.2189E+02 -0.2324E+02 -0.2461E+02 -0.2597E+02 -0.2733E+02 -0.2868E+02 -0.3003E+02 -0.3138E+02 -0.3272E+02 -0.3371E+02 -0.3436E+02
      5.8266       70.0000 -0.1545E+01 -0.3028E+01 -0.4512E+01 -0.5998E+01 -0.7486E+01 -0.8970E+01 -0.1045E+02 -0.1192E+02 -0.1339E+02 -0.1486E+02 -0.1633E+02 -0.1780E+02 -0.1927E+02 -0.2074E+02 -0.2221E+02 -0.2369E+02 -0.2516E+02 -0.2664E+02 -0.2812E+02 -0.2960E+02 -0.3107E+02 -0.3254E+02 -0.3401E+02 -0.3547E+02 -0.3656E+02 -0.3727E+02
      5.9621       80.0000 -0.1508E+01 -0.3062E+01 -0.4616E+01 -0.6172E+01 -0.7729E+01 -0.9284E+01 -0.1084E+02 -0.1238E+02 -0.1393E+02 -0.1548E+02 -0.1703E+02 -0.1858E+02 -0.2012E+02 -0.2167E+02 -0.2322E+02 -0.2477E+02 -0.2632E+02 -0.2787E+02 -0.2942E+02 -0.3097E+02 -0.3252E+02 -0.3406E+02 -0.3560E+02 -0.3714E+02 -0.3829E+02 -0.3905E+02
      6.0976       90.0000 -0.1424E+01 -0.3002E+01 -0.4581E+01 -0.6159E+01 -0.7738E+01 -0.9316E+01 -0.1089E+02 -0.1247E+02 -0.1405E+02 -0.1563E+02 -0.1721E+02 -0.1879E+02 -0.2036E+02 -0.2194E+02 -0.2352E+02 -0.2510E+02 -0.2667E+02 -0.2825E+02 -0.2983E+02 -0.3140E+02 -0.3297E+02 -0.3455E+02 -0.3612E+02 -0.3769E+02 -0.3886E+02 -0.3965E+02
      6.2331      100.0000 -0.1297E+01 -0.2851E+01 -0.4406E+01 -0.5959E+01 -0.7511E+01 -0.9065E+01 -0.1062E+02 -0.1218E+02 -0.1374E+02 -0.1530E+02 -0.1686E+02 -0.1842E+02 -0.1999E+02 -0.2155E+02 -0.2311E+02 -0.2466E+02 -0.2622E+02 -0.2777E+02 -0.2932E+02 -0.3088E+02 -0.3243E+02 -0.3398E+02 -0.3554E+02 -0.3709E+02 -0.3826E+02 -0.3904E+02
      6.3686      110.0000 -0.1131E+01 -0.2614E+01 -0.4097E+01 -0.5578E+01 -0.7056E+01 -0.8539E+01 -0.1003E+02 -0.1152E+02 -0.1302E+02 -0.1451E+02 -0.1601E+02 -0.1750E+02 -0.1900E+02 -0.2050E+02 -0.2199E+02 -0.2348E+02 -0.2497E+02 -0.2645E+02 -0.2793E+02 -0.2941E+02 -0.3090E+02 -0.3239E+02 -0.3387E+02 -0.3536E+02 -0.3648E+02 -0.3724E+02
      6.5041      120.0000 -0.9308E+00 -0.2297E+01 -0.3664E+01 -0.5027E+01 -0.6387E+01 -0.7753E+01 -0.9130E+01 -0.1051E+02 -0.1190E+02 -0.1328E+02 -0.1466E+02 -0.1605E+02 -0.1744E+02 -0.1882E+02 -0.2021E+02 -0.2158E+02 -0.2295E+02 -0.2432E+02 -0.2569E+02 -0.2706E+02 -0.2843E+02 -0.2980E+02 -0.3118E+02 -0.3256E+02 -0.3360E+02 -0.3431E+02
      6.6396      130.0000 -0.7020E+00 -0.1910E+01 -0.3120E+01 -0.4323E+01 -0.5524E+01 -0.6731E+01 -0.7953E+01 -0.9186E+01 -0.1042E+02 -0.1164E+02 -0.1287E+02 -0.1411E+02 -0.1534E+02 -0.1658E+02 -0.1781E+02 -0.1903E+02 -0.2025E+02 -0.2146E+02 -0.2267E+02 -0.2388E+02 -0.2510E+02 -0.2632E+02 -0.2754E+02 -0.2877E+02 -0.2970E+02 -0.3034E+02
      6.7751      140.0000 -0.4519E+00 -0.1465E+01 -0.2481E+01 -0.3489E+01 -0.4493E+01 -0.5505E+01 -0.6535E+01 -0.7577E+01 -0.8618E+01 -0.9654E+01 -0.1070E+02 -0.1174E+02 -0.1279E+02 -0.1383E+02 -0.1487E+02 -0.1590E+02 -0.1692E+02 -0.1794E+02 -0.1896E+02 -0.1998E+02 -0.2100E+02 -0.2203E+02 -0.2307E+02 -0.2410E+02 -0.2490E+02 -0.2545E+02
      6.9106      150.0000 -0.1880E+00 -0.9760E+00 -0.1766E+01 -0.2548E+01 -0.3325E+01 -0.4112E+01 -0.4918E+01 -0.5739E+01 -0.6558E+01 -0.7371E+01 -0.8190E+01 -0.9014E+01 -0.9838E+01 -0.1066E+02 -0.1148E+02 -0.1229E+02 -0.1309E+02 -0.1388E+02 -0.1467E+02 -0.1547E+02 -0.1627E+02 -0.1707E+02 -0.1789E+02 -0.1871E+02 -0.1934E+02 -0.1979E+02
      7.0461      160.0000  0.8158E-01 -0.4570E+00 -0.9979E+00 -0.1529E+01 -0.2057E+01 -0.2594E+01 -0.3152E+01 -0.3726E+01 -0.4298E+01 -0.4865E+01 -0.5437E+01 -0.6014E+01 -0.6592E+01 -0.7169E+01 -0.7739E+01 -0.8299E+01 -0.8850E+01 -0.9394E+01 -0.9937E+01 -0.1049E+02 -0.1104E+02 -0.1160E+02 -0.1217E+02 -0.1274E+02 -0.1319E+02 -0.1352E+02
      7.1816      170.0000  0.3487E+00  0.7580E-01 -0.1993E+00 -0.4646E+00 -0.7256E+00 -0.9965E+00 -0.1290E+01 -0.1600E+01 -0.1908E+01 -0.2210E+01 -0.2518E+01 -0.2831E+01 -0.3146E+01 -0.3458E+01 -0.3764E+01 -0.4060E+01 -0.4346E+01 -0.4625E+01 -0.4902E+01 -0.5186E+01 -0.5477E+01 -0.5773E+01 -0.6078E+01 -0.6387E+01 -0.6641E+01 -0.6841E+01
      7.3171      180.0000  0.6052E+00  0.6063E+00  0.6053E+00  0.6143E+00  0.6276E+00  0.6308E+00  0.6108E+00  0.5744E+00  0.5404E+00  0.5119E+00  0.4777E+00  0.4379E+00  0.3965E+00  0.3573E+00  0.3249E+00  0.3030E+00  0.2899E+00  0.2851E+00  0.2812E+00  0.2708E+00  0.2530E+00  0.2297E+00  0.1974E+00  0.1599E+00  0.1099E+00  0.4375E-01
      7.4526      190.0000  0.8433E+00  0.1118E+01  0.1392E+01  0.1675E+01  0.1962E+01  0.2239E+01  0.2493E+01  0.2732E+01  0.2972E+01  0.3218E+01  0.3459E+01  0.3693E+01  0.3927E+01  0.4162E+01  0.4404E+01  0.4656E+01  0.4917E+01  0.5186E+01  0.5456E+01  0.5719E+01  0.5975E+01  0.6225E+01  0.6466E+01  0.6702E+01  0.6857E+01  0.6928E+01
      7.5881      200.0000  0.1056E+01  0.1597E+01  0.2136E+01  0.2684E+01  0.3236E+01  0.3779E+01  0.4300E+01  0.4806E+01  0.5314E+01  0.5827E+01  0.6334E+01  0.6837E+01  0.7337E+01  0.7840E+01  0.8349E+01  0.8868E+01  0.9395E+01  0.9930E+01  0.1047E+02  0.1099E+02  0.1152E+02  0.1203E+02  0.1254E+02  0.1304E+02  0.1340E+02  0.1360E+02
      7.7236      210.0000  0.1236E+01  0.2026E+01  0.2815E+01  0.3612E+01  0.4412E+01  0.5205E+01  0.5976E+01  0.6734E+01  0.7494E+01  0.8258E+01  0.9018E+01  0.9772E+01  0.1053E+02  0.1128E+02  0.1204E+02  0.1281E+02  0.1359E+02  0.1437E+02  0.1516E+02  0.1594E+02  0.1671E+02  0.1747E+02  0.1823E+02  0.1898E+02  0.1953E+02  0.1986E+02
      7.8591      220.0000  0.1379E+01  0.2394E+01  0.3408E+01  0.4430E+01  0.5455E+01  0.6472E+01  0.7471E+01  0.8457E+01  0.9446E+01  0.1044E+02  0.1143E+02  0.1241E+02  0.1339E+02  0.1438E+02  0.1537E+02  0.1636E+02  0.1737E+02  0.1838E+02  0.1939E+02  0.2039E+02  0.2139E+02  0.2238E+02  0.2337E+02  0.2435E+02  0.2507E+02  0.2552E+02
      7.9946      230.0000  0.1480E+01  0.2690E+01  0.3898E+01  0.5113E+01  0.6331E+01  0.7542E+01  0.8739E+01  0.9924E+01  0.1111E+02  0.1230E+02  0.1349E+02  0.1467E+02  0.1585E+02  0.1704E+02  0.1823E+02  0.1942E+02  0.2062E+02  0.2182E+02  0.2303E+02  0.2423E+02  0.2542E+02  0.2661E+02  0.2780E+02  0.2897E+02  0.2984E+02  0.3040E+02
      8.1301      240.0000  0.1536E+01  0.2903E+01  0.4270E+01  0.5641E+01  0.7015E+01  0.8384E+01  0.9741E+01  0.1109E+02  0.1244E+02  0.1379E+02  0.1514E+02  0.1649E+02  0.1783E+02  0.1918E+02  0.2053E+02  0.2189E+02  0.2324E+02  0.2461E+02  0.2597E+02  0.2733E+02  0.2868E+02  0.3003E+02  0.3138E+02  0.3272E+02  0.3371E+02  0.3436E+02
      8.2656      250.0000  0.1545E+01  0.3028E+01  0.4512E+01  0.5998E+01  0.7486E+01  0.8970E+01  0.1045E+02  0.1192E+02  0.1339E+02  0.1486E+02  0.1633E+02  0.1780E+02  0.1927E+02  0.2074E+02  0.2221E+02  0.2369E+02  0.2516E+02  0.2664E+02  0.2812E+02  0.2960E+02  0.3107E+02  0.3254E+02  0.3401E+02  0.3547E+02  0.3656E+02  0.3727E+02
      8.4011      260.0000  0.1508E+01  0.3062E+01  0.4616E+01  0.6172E+01  0.7729E+01  0.9284E+01  0.1084E+02  0.1238E+02  0.1393E+02  0.1548E+02  0.1703E+02  0.1858E+02  0.2012E+02  0.2167E+02  0.2322E+02  0.2477E+02  0.2632E+02  0.2787E+02  0.2942E+02  0.3097E+02  0.3252E+02  0.3406E+02  0.3560E+02  0.3714E+02  0.3829E+02  0.3905E+02
      8.5366      270.0000  0.1424E+01  0.3002E+01  0.4581E+01  0.6159E+01  0.7738E+01  0.9316E+01  0.1089E+02  0.1247E+02  0.1405E+02  0.1563E+02  0.1721E+02  0.1879E+02  0.2036E+02  0.2194E+02  0.2352E+02  0.2510E+02  0.2667E+02  0.2825E+02  0.2983E+02  0.3140E+02  0.3297E+02  0.3455E+02  0.3612E+02  0.3769E+02  0.3886E+02  0.3965E+02
      8.6721      280.0000  0.1297E+01  0.2851E+01  0.4406E+01  0.5959E+01  0.7511E+01  0.9065E+01  0.1062E+02  0.1218E+02  0.1374E+02  0.1530E+02  0.1686E+02  0.1842E+02  0.1999E+02  0.2155E+02  0.2311E+02  0.2466E+02  0.2622E+02  0.2777E+02  0.2932E+02  0.3088E+02  0.3243E+02  0.3398E+02  0.3554E+02  0.3709E+02  0.3826E+02  0.3904E+02
      8.8076      290.0000  0.1131E+01  0.2614E+01  0.4097E+01  0.5578E+01  0.7056E+01  0.8539E+01  0.1003E+02  0.1152E+02  0.1302E+02  0.1451E+02  0.1601E+02  0.1750E+02  0.1900E+02  0.2050E+02  0.2199E+02  0.2348E+02  0.2497E+02  0.2645E+02  0.2793E+02  0.2941E+02  0.3090E+02  0.3239E+02  0.3387E+02  0.3536E+02  0.3648E+02  0.3724E+02
      8.9431      300.0000  0.9308E+00  0.2297E+01  0.3664E+01  0.5027E+01  0.6387E+01  0.7753E+01  0.9130E+01  0.1051E+02  0.1190E+02  0.1328E+02  0.1466E+02  0.1605E+02  0.1744E+02  0.1882E+02  0.2021E+02  0.2158E+02  0.2295E+02  0.2432E+02  0.2569E+02  0.2706E+02  0.2843E+02  0.2980E+02  0.3118E+02  0.3256E+02  0.3360E+02  0.3431E+02
      9.0786      310.0000  0.7020E+00  0.1910E+01  0.3120E+01  0.4323E+01  0.5524E+01  0.6731E+01  0.7953E+01  0.9186E+01  0.1042E+02  0.1164E+02  0.1287E+02  0.1411E+02  0.1534E+02  0.1658E+02  0.1781E+02  0.1903E+02  0.2025E+02  0.2146E+02  0.2267E+02  0.2388E+02  0.2510E+02  0.2632E+02  0.2754E+02  0.2877E+02  0.2970E+02  0.3034E+02
      9.2141      320.0000  0.4519E+00  0.1465E+01  0.2481E+01  0.3489E+01  0.4493E+01  0.5505E+01  0.6535E+01  0.7577E+01  0.8618E+01  0.9654E+01  0.1070E+02  0.1174E+02  0.1279E+02  0.1383E+02  0.1487E+02  0.1590E+02  0.1692E+02  0.1794E+02  0.1896E+02  0.1998E+02  0.2100E+02  0.2203E+02  0.2307E+02  0.2410E+02  0.2490E+02  0.2545E+02
      9.3496      330.0000  0.1880E+00  0.9760E+00  0.1766E+01  0.2548E+01  0.3325E+01  0.4112E+01  0.4918E+01  0.5739E+01  0.6558E+01  0.7371E+01  0.8190E+01  0.9014E+01  0.9838E+01  0.1066E+02  0.1148E+02  0.1229E+02  0.1309E+02  0.1388E+02  0.1467E+02  0.1547E+02  0.1627E+02  0.1707E+02  0.1789E+02  0.1871E+02  0.1934E+02  0.1979E+02
      9.4851      340.0000 -0.8158E-01  0.4570E+00  0.9979E+00  0.1529E+01  0.2057E+01  0.2594E+01  0.3152E+01  0.3726E+01  0.4298E+01  0.4865E+01  0.5437E+01  0.6014E+01  0.6592E+01  0.7169E+01  0.7739E+01  0.8299E+01  0.8850E+01  0.9394E+01  0.9937E+01  0.1049E+02  0.1104E+02  0.1160E+02  0.1217E+02  0.1274E+02  0.1319E+02  0.1352E+02
      9.6206      350.0000 -0.3487E+00 -0.7580E-01  0.1993E+00  0.4646E+00  0.7256E+00  0.9965E+00  0.1290E+01  0.1600E+01  0.1908E+01  0.2210E+01  0.2518E+01  0.2831E+01  0.3146E+01  0.3458E+01  0.3764E+01  0.4060E+01  0.4346E+01  0.4625E+01  0.4902E+01  0.5186E+01  0.5477E+01  0.5773E+01  0.6078E+01  0.6387E+01  0.6641E+01  0.6841E+01
      9.7561      360.0000 -0.6052E+00 -0.6063E+00 -0.6053E+00 -0.6143E+00 -0.6276E+00 -0.6308E+00 -0.6108E+00 -0.5744E+00 -0.5404E+00 -0.5119E+00 -0.4777E+00 -0.4379E+00 -0.3965E+00 -0.3573E+00 -0.3249E+00 -0.3030E+00 -0.2899E+00 -0.2851E+00 -0.2812E+00 -0.2708E+00 -0.2530E+00 -0.2297E+00 -0.1974E+00 -0.1599E+00 -0.1099E+00 -0.4375E-01
      9.8916       10.0000 -0.8433E+00 -0.1118E+01 -0.1392E+01 -0.1675E+01 -0.1962E+01 -0.2239E+01 -0.2493E+01 -0.2732E+01 -0.2972E+01 -0.3218E+01 -0.3459E+01 -0.3693E+01 -0.3927E+01 -0.4162E+01 -0.4404E+01 -0.4656E+01 -0.4917E+01 -0.5186E+01 -0.5456E+01 -0.5719E+01 -0.5975E+01 -0.6225E+01 -0.6466E+01 -0.6702E+01 -0.6857E+01 -0.6928E+01
     10.0271       20.0000 -0.1056E+01 -0.1597E+01 -0.2136E+01 -0.2684E+01 -0.3236E+01 -0.3779E+01 -0.4300E+01 -0.4806E+01 -0.5314E+01 -0.5827E+01 -0.6334E+01 -0.6837E+01 -0.7337E+01 -0.7840E+01 -0.8349E+01 -0.8868E+01 -0.9395E+01 -0.9930E+01 -0.1047E+02 -0.1099E+02 -0.1152E+02 -0.1203E+02 -0.1254E+02 -0.1304E+02 -0.1340E+02 -0.1360E+02
     10.1626       30.0000 -0.1236E+01 -0.2026E+01 -0.2815E+01 -0.3612E+01 -0.4412E+01 -0.5205E+01 -0.5976E+01 -0.6734E+01 -0.7494E+01 -0.8258E+01 -0.9018E+01 -0.9772E+01 -0.1053E+02 -0.1128E+02 -0.1204E+02 -0.1281E+02 -0.1359E+02 -0.1437E+02 -0.1516E+02 -0.1594E+02 -0.1671E+02 -0.1747E+02 -0.1823E+02 -0.1898E+02 -0.1953E+02 -0.1986E+02
     10.2981       40.0000 -0.1379E+01 -0.2394E+01 -0.3408E+01 -0.4430E+01 -0.5455E+01 -0.6472E+01 -0.7471E+01 -0.8457E+01 -0.9446E+01 -0.1044E+02 -0.1143E+02 -0.1241E+02 -0.1339E+02 -0.1438E+02 -0.1537E+02 -0.1636E+02 -0.1737E+02 -0.1838E+02 -0.1939E+02 -0.2039E+02 -0.2139E+02 -0.2238E+02 -0.2337E+02 -0.2435E+02 -0.2507E+02 -0.2552E+02
     10.4336       50.0000 -0.1480E+01 -0.2690E+01 -0.3898E+01 -0.5113E+01 -0.6331E+01 -0.7542E+01 -0.8739E+01 -0.9924E+01 -0.1111E+02 -0.1230E+02 -0.1349E+02 -0.1467E+02 -0.1585E+02 -0.1704E+02 -0.1823E+02 -0.1942E+02 -0.2062E+02 -0.2182E+02 -0.2303E+02 -0.2423E+02 -0.2542E+02 -0.2661E+02 -0.2780E+02 -0.2897E+02 -0.2984E+02 -0.3040E+02
     10.5691       60.0000 -0.1536E+01 -0.2903E+01 -0.4270E+01 -0.5641E+01 -0.7015E+01 -0.8384E+01 -0.9741E+01 -0.1109E+02 -0.1244E+02 -0.1379E+02 -0.1514E+02 -0.1649E+02 -0.1783E+02 -0.1918E+02 -0.2053E+02 -0.2189E+02 -0.2324E+02 -0.2461E+02 -0.2597E+02 -0.2733E+02 -0.2868E+02 -0.3003E+02 -0.3138E+02 -0.3272E+02 -0.3371E+02 -0.3436E+02
     10.7046       70.0000 -0.1545E+01 -0.3028E+01 -0.4512E+01 -0.5998E+01 -0.7486E+01 -0.8970E+01 -0.1045E+02 -0.1192E+02 -0.1339E+02 -0.1486E+02 -0.1633E+02 -0.1780E+02 -0.1927E+02 -0.2074E+02 -0.2221E+02 -0.2369E+02 -0.2516E+02 -0.2664E+02 -0.2812E+02 -0.2960E+02 -0.3107E+02 -0.3254E+02 -0.3401E+02 -0.3547E+02 -0.3656E+02 -0.3727E+02
     10.8401       80.0000 -0.1508E+01 -0.3062E+01 -0.4616E+01 -0.6172E+01 -0.7729E+01 -0.9284E+01 -0.1084E+02 -0.1238E+02 -0.1393E+02 -0.1548E+02 -0.1703E+02 -0.1858E+02 -0.2012E+02 -0.2167E+02 -0.2322E+02 -0.2477E+02 -0.2632E+02 -0.2787E+02 -0.2942E+02 -0.3097E+02 -0.3252E+02 -0.3406E+02 -0.3560E+02 -0.3714E+02 -0.3829E+02 -0.3905E+02
     10.9756       90.0000 -0.1424E+01 -0.3002E+01 -0.4581E+01 -0.6159E+01 -0.7738E+01 -0.9316E+01 -0.1089E+02 -0.1247E+02 -0.1405E+02 -0.1563E+02 -0.1721E+02 -0.1879E+02 -0.2036E+02 -0.2194E+02 -0.2352E+02 -0.2510E+02 -0.2667E+02 -0.2825E+02 -0.2983E+02 -0.3140E+02 -0.3297E+02 -0.3455E+02 -0.3612E+02 -0.3769E+02 -0.3886E+02 -0.3965E+02
     11.1111      100.0000 -0.1297E+01 -0.2851E+01 -0.4406E+01 -0.5959E+01 -0.7511E+01 -0.9065E+01 -0.1062E+02 -0.1218E+02 -0.1374E+02 -0.1530E+02 -0.1686E+02 -0.1842E+02 -0.1999E+02 -0.2155E+02 -0.2311E+02 -0.2466E+02 -0.2622E+02 -0.2777E+02 -0.2932E+02 -0.3088E+02 -0.3243E+02 -0.3398E+02 -0.3554E+02 -0.3709E+02 -0.3826E+02 -0.3904E+02
     11.2466      110.0000 -0.1131E+01 -0.2614E+01 -0.4097E+01 -0.5578E+01 -0.7056E+01 -0.8539E+01 -0.1003E+02 -0.1152E+02 -0.1302E+02 -0.1451E+02 -0.1601E+02 -0.1750E+02 -0.1900E+02 -0.2050E+02 -0.2199E+02 -0.2348E+02 -0.2497E+02 -0.2645E+02 -0.2793E+02 -0.2941E+02 -0.3090E+02 -0.3239E+02 -0.3387E+02 -0.3536E+02 -0.3648E+02 -0.3724E+02
     11.3821      120.0000 -0.9308E+00 -0.2297E+01 -0.3664E+01 -0.5027E+01 -0.6387E+01 -0.7753E+01 -0.9130E+01 -0.1051E+02 -0.1190E+02 -0.1328E+02 -0.1466E+02 -0.1605E+02 -0.1744E+02 -0.1882E+02 -0.2021E+02 -0.2158E+02 -0.2295E+02 -0.2432E+02 -0.2569E+02 -0.2706E+02 -0.2843E+02 -0.2980E+02 -0.3118E+02 -0.3256E+02 -0.3360E+02 -0.3431E+02
     11.5176      130.0000 -0.7020E+00 -0.1910E+01 -0.3120E+01 -0.4323E+01 -0.5524E+01 -0.6731E+01 -0.7953E+01 -0.9186E+01 -0.1042E+02 -0.1164E+02 -0.1287E+02 -0.1411E+02 -0.1534E+02 -0.1658E+02 -0.1781E+02 -0.1903E+02 -0.2025E+02 -0.2146E+02 -0.2267E+02 -0.2388E+02 -0.2510E+02 -0.2632E+02 -0.2754E+02 -0.2877E+02 -0.2970E+02 -0.3034E+02
     11.6531      140.0000 -0.4519E+00 -0.1465E+01 -0.2481E+01 -0.3489E+01 -0.4493E+01 -0.5505E+01 -0.6535E+01 -0.7577E+01 -0.8618E+01 -0.9654E+01 -0.1070E+02 -0.1174E+02 -0.1279E+02 -0.1383E+02 -0.1487E+02 -0.1590E+02 -0.1692E+02 -0.1794E+02 -0.1896E+02 -0.1998E+02 -0.2100E+02 -0.2203E+02 -0.2307E+02 -0.2410E+02 -0.2490E+02 -0.2545E+02
     11.7886      150.0000 -0.1880E+00 -0.9760E+00 -0.1766E+01 -0.2548E+01 -0.3325E+01 -0.4112E+01 -0.4918E+01 -0.5739E+01 -0.6558E+01 -0.7371E+01 -0.8190E+01 -0.9014E+01 -0.9838E+01 -0.1066E+02 -0.1148E+02 -0.1229E+02 -0.1309E+02 -0.1388E+02 -0.1467E+02 -0.1547E+02 -0.1627E+02 -0.1707E+02 -0.1789E+02 -0.1871E+02 -0.1934E+02 -0.1979E+02
     11.9241      160.0000  0.8158E-01 -0.4570E+00 -0.9979E+00 -0.1529E+01 -0.2057E+01 -0.2594E+01 -0.3152E+01 -0.3726E+01 -0.4298E+01 -0.4865E+01 -0.5437E+01 -0.6014E+01 -0.6592E+01 -0.7169E+01 -0.7739E+01 -0.8299E+01 -0.8850E+01 -0.9394E+01 -0.9937E+01 -0.1049E+02 -0.1104E+02 -0.1160E+02 -0.1217E+02 -0.1274E+02 -0.1319E+02 -0.1352E+02
     12.0596      170.0000  0.3487E+00  0.7580E-01 -0.1993E+00 -0.4646E+00 -0.7256E+00 -0.9965E+00 -0.1290E+01 -0.1600E+01 -0.1908E+01 -0.2210E+01 -0.2518E+01 -0.2831E+01 -0.3146E+01 -0.3458E+01 -0.3764E+01 -0.4060E+01 -0.4346E+01 -0.4625E+01 -0.4902E+01 -0.5186E+01 -0.5477E+01 -0.5773E+01 -0.6078E+01 -0.6387E+01 -0.6641E+01 -0.6841E+01
     12.1951      180.0000  0.6052E+00  0.6063E+00  0.6053E+00  0.6143E+00  0.6276E+00  0.6308E+00  0.6108E+00  0.5744E+00  0.5404E+00  0.5119E+00  0.4777E+00  0.4379E+00  0.3965E+00  0.3573E+00  0.3249E+00  0.3030E+00  0.2899E+00  0.2851E+00  0.2812E+00  0.2708E+00  0.2530E+00  0.2297E+00  0.1974E+00  0.1599E+00  0.1099E+00  0.4375E-01
     12.3306      190.0000  0.8433E+00  0.1118E+01  0.1392E+01  0.1675E+01  0.1962E+01  0.2239E+01  0.2493E+01  0.2732E+01  0.2972E+01  0.3218E+01  0.3459E+01  0.3693E+01  0.3927E+01  0.4162E+01  0.4404E+01  0.4656E+01  0.4917E+01  0.5186E+01  0.5456E+01  0.5719E+01  0.5975E+01  0.6225E+01  0.6466E+01  0.6702E+01  0.6857E+01  0.6928E+01
     12.4661      200.0000  0.1056E+01  0.1597E+01  0.2136E+01  0.2684E+01  0.3236E+01  0.3779E+01  0.4300E+01  0.4806E+01  0.5314E+01  0.5827E+01  0.6334E+01  0.6837E+01  0.7337E+01  0.7840E+01  0.8349E+01  0.8868E+01  0.9395E+01  0.9930E+01  0.1047E+02  0.1099E+02  0.1152E+02  0.1203E+02  0.1254E+02  0.1304E+02  0.1340E+02  0.1360E+02
     12.6016      210.0000  0.1236E+01  0.2026E+01  0.2815E+01  0.3612E+01  0.4412E+01  0.5205E+01  0.5976E+01  0.6734E+01  0.7494E+01  0.8258E+01  0.9018E+01  0.9772E+01  0.1053E+02  0.1128E+02  0.1204E+02  0.1281E+02  0.1359E+02  0.1437E+02  0.1516E+02  0.1594E+02  0.1671E+02  0.1747E+02  0.1823E+02  0.1898E+02  0.1953E+02  0.1986E+02
     12.7371      220.0000  0.1379E+01  0.2394E+01  0.3408E+01  0.4430E+01  0.5455E+01  0.6472E+01  0.7471E+01  0.8457E+01  0.9446E+01  0.1044E+02  0.1143E+02  0.1241E+02  0.1339E+02  0.1438E+02  0.1537E+02  0.1636E+02  0.1737E+02  0.1838E+02  0.1939E+02  0.2039E+02  0.2139E+02  0.2238E+02  0.2337E+02  0.2435E+02  0.2507E+02  0.2552E+02
     12.8726      230.0000  0.1480E+01  0.2690E+01  0.3898E+01  0.5113E+01  0.6331E+01  0.7542E+01  0.8739E+01  0.9924E+01  0.1111E+02  0.1230E+02  0.1349E+02  0.1467E+02  0.1585E+02  0.1704E+02  0.1823E+02  0.1942E+02  0.2062E+02  0.2182E+02  0.2303E+02  0.2423E+02  0.2542E+02  0.2661E+02  0.2780E+02  0.2897E+02  0.2984E+02  0.3040E+02
     13.0081      240.0000  0.1536E+01  0.2903E+01  0.4270E+01  0.5641E+01  0.7015E+01  0.8384E+01  0.9741E+01  0.1109E+02  0.1244E+02  0.1379E+02  0.1514E+02  0.1649E+02  0.1783E+02  0.1918E+02  0.2053E+02  0.2189E+02  0.2324E+02  0.2461E+02  0.2597E+02  0.2733E+02  0.2868E+02  0.3003E+02  0.3138E+02  0.3272E+02  0.3371E+02  0.3436E+02
     13.1436      250.0000  0.1545E+01  0.3028E+01  0.4512E+01  0.5998E+01  0.7486E+01  0.8970E+01  0.1045E+02  0.1192E+02  0.1339E+02  0.1486E+02  0.1633E+02  0.1780E+02  0.1927E+02  0.2074E+02  0.2221E+02  0.2369E+02  0.2516E+02  0.2664E+02  0.2812E+02  0.2960E+02  0.3107E+02  0.3254E+02  0.3401E+02  0.3547E+02  0.3656E+02  0.3727E+02
     13.2791      260.0000  0.1508E+01  0.3062E+01  0.4616E+01  0.6172E+01  0.7729E+01  0.9284E+01  0.1084E+02  0.1238E+02  0.1393E+02  0.1548E+02  0.1703E+02  0.1858E+02  0.2012E+02  0.2167E+02  0.2322E+02  0.2477E+02  0.2632E+02  0.2787E+02  0.2942E+02  0.3097E+02  0.3252E+02  0.3406E+02  0.3560E+02  0.3714E+02  0.3829E+02  0.3905E+02
     13.4146      270.0000  0.1424E+01  0.3002E+01  0.4581E+01  0.6159E+01  0.7738E+01  0.9316E+01  0.1089E+02  0.1247E+02  0.1405E+02  0.1563E+02  0.1721E+02  0.1879E+02  0.2036E+02  0.2194E+02  0.2352E+02  0.2510E+02  0.2667E+02  0.2825E+02  0.2983E+02  0.3140E+02  0.3297E+02  0.3455E+02  0.3612E+02  0.3769E+02  0.3886E+02  0.3965E+02
     13.5501      280.0000  0.1297E+01  0.2851E+01  0.4406E+01  0.5959E+01  0.7511E+01  0.9065E+01  0.1062E+02  0.1218E+02  0.1374E+02  0.1530E+02  0.1686E+02  0.1842E+02  0.1999E+02  0.2155E+02  0.2311E+02  0.2466E+02  0.2622E+02  0.2777E+02  0.2932E+02  0.3088E+02  0.3243E+02  0.3398E+02  0.3554E+02  0.3709E+02  0.3826E+02  0.3904E+02
     13.6856      290.0000  0.1131E+01  0.2614E+01  0.4097E+01  0.5578E+01  0.7056E+01  0.8539E+01  0.1003E+02  0.1152E+02  0.1302E+02  0.1451E+02  0.1601E+02  0.1750E+02  0.1900E+02  0.2050E+02  0.2199E+02  0.2348E+02  0.2497E+02  0.2645E+02  0.2793E+02  0.2941E+02  0.3090E+02  0.3239E+02  0.3387E+02  0.3536E+02  0.3648E+02  0.3724E+02
     13.8211      300.0000  0.9308E+00  0.2297E+01  0.3664E+01  0.5027E+01  0.6387E+01  0.7753E+01  0.9130E+01  0.1051E+02  0.1190E+02  0.1328E+02  0.1466E+02  0.1605E+02  0.1744E+02  0.1882E+02  0.2021E+02  0.2158E+02  0.2295E+02  0.2432E+02  0.2569E+02  0.2706E+02  0.2843E+02  0.2980E+02  0.3118E+02  0.3256E+02  0.3360E+02  0.3431E+02
     13.9566      310.0000  0.7020E+00  0.1910E+01  0.3120E+01  0.4323E+01  0.5524E+01  0.6731E+01  0.7953E+01  0.9186E+01  0.1042E+02  0.1164E+02  0.1287E+02  0.1411E+02  0.1534E+02  0.1658E+02  0.1781E+02  0.1903E+02  0.2025E+02  0.2146E+02  0.2267E+02  0.2388E+02  0.2510E+02  0.2632E+02  0.2754E+02  0.2877E+02  0.2970E+02  0.3034E+02
     14.0921      320.0000  0.4519E+00  0.1465E+01  0.2481E+01  0.3489E+01  0.4493E+01  0.5505E+01  0.6535E+01  0.7577E+01  0.8618E+01  0.9654E+01  0.1070E+02  0.1174E+02  0.1279E+02  0.1383E+02  0.1487E+02  0.1590E+02  0.1692E+02  0.1794E+02  0.1896E+02  0.1998E+02  0.2100E+02  0.2203E+02  0.2307E+02  0.2410E+02  0.2490E+02  0.2545E+02
     14.2276      330.0000  0.1880E+00  0.9760E+00  0.1766E+01  0.2548E+01  0.3325E+01  0.4112E+01  0.4918E+01  0.5739E+01  0.6558E+01  0.7371E+01  0.8190E+01  0.9014E+01  0.9838E+01  0.1066E+02  0.1148E+02  0.1229E+02  0.1309E+02  0.1388E+02  0.1467E+02  0.1547E+02  0.1627E+02  0.1707E+02  0.1789E+02  0.1871E+02  0.1934E+02  0.1979E+02
     14.3631      340.0000 -0.8158E-01  0.4570E+00  0.9979E+00  0.1529E+01  0.2057E+01  0.2594E+01  0.3152E+01  0.3726E+01  0.4298E+01  0.4865E+01  0.5437E+01  0.6014E+01  0.6592E+01  0.7169E+01  0.7739E+01  0.8299E+01  0.8850E+01  0.9394E+01  0.9937E+01  0.1049E+02  0.1104E+02  0.1160E+02  0.1217E+02  0.1274E+02  0.1319E+02  0.1352E+02
     14.4986      350.0000 -0.3487E+00 -0.7580E-01  0.1993E+00  0.4646E+00  0.7256E+00  0.9965E+00  0.1290E+01  0.1600E+01  0.1908E+01  0.2210E+01  0.2518E+01  0.2831E+01  0.3146E+01  0.3458E+01  0.3764E+01  0.4060E+01  0.4346E+01  0.4625E+01  0.4902E+01  0.5186E+01  0.5477E+01  0.5773E+01  0.6078E+01  0.6387E+01  0.6641E+01  0.6841E+01
     14.6341      360.0000 -0.6052E+00 -0.6063E+00 -0.6053E+00 -0.6143E+00 -0.6276E+00 -0.6308E+00 -0.6108E+00 -0.5744E+00 -0.5404E+00 -0.5119E+00 -0.4777E+00 -0.4379E+00 -0.3965E+00 -0.3573E+00 -0.3249E+00 -0.3030E+00 -0.2899E+00 -0.2851E+00 -0.2812E+00 -0.2708E+00 -0.2530E+00 -0.2297E+00 -0.1974E+00 -0.1599E+00 -0.1099E+00 -0.4375E-01
     14.7696       10.0000 -0.8433E+00 -0.1118E+01 -0.1392E+01 -0.1675E+01 -0.1962E+01 -0.2239E+01 -0.2493E+01 -0.2732E+01 -0.2972E+01 -0.3218E+01 -0.3459E+01 -0.3693E+01 -0.3927E+01 -0.4162E+01 -0.4404E+01 -0.4656E+01 -0.4917E+01 -0.5186E+01 -0.5456E+01 -0.5719E+01 -0.5975E+01 -0.6225E+01 -0.6466E+01 -0.6702E+01 -0.6857E+01 -0.6928E+01
     14.9051       20.0000 -0.1056E+01 -0.1597E+01 -0.2136E+01 -0.2684E+01 -0.3236E+01 -0.3779E+01 -0.4300E+01 -0.4806E+01 -0.5314E+01 -0.5827E+01 -0.6334E+01 -0.6837E+01 -0.7337E+01 -0.7840E+01 -0.8349E+01 -0.8868E+01 -0.9395E+01 -0.9930E+01 -0.1047E+02 -0.1099E+02 -0.1152E+02 -0.1203E+02 -0.1254E+02 -0.1304E+02 -0.1340E+02 -0.1360E+02
     15.0407       30.0000 -0.1236E+01 -0.2026E+01 -0.2815E+01 -0.3612E+01 -0.4412E+01 -0.5205E+01 -0.5976E+01 -0.6734E+01 -0.7494E+01 -0.8258E+01 -0.9018E+01 -0.9772E+01 -0.1053E+02 -0.1128E+02 -0.1204E+02 -0.1281E+02 -0.1359E+02 -0.1437E+02 -0.1516E+02 -0.1594E+02 -0.1671E+02 -0.1747E+02 -0.1823E+02 -0.1898E+02 -0.1953E+02 -0.1986E+02
     15.1762       40.0000 -0.1379E+01 -0.2394E+01 -0.3408E+01 -0.4430E+01 -0.5455E+01 -0.6472E+01 -0.7471E+01 -0.8457E+01 -0.9446E+01 -0.1044E+02 -0.1143E+02 -0.1241E+02 -0.1339E+02 -0.1438E+02 -0.1537E+02 -0.1636E+02 -0.1737E+02 -0.1838E+02 -0.1939E+02 -0.2039E+02 -0.2139E+02 -0.2238E+02 -0.2337E+02 -0.2435E+02 -0.2507E+02 -0.2552E+02
     15.3117       50.0000 -0.1480E+01 -0.2690E+01 -0.3898E+01 -0.5113E+01 -0.6331E+01 -0.7542E+01 -0.8739E+01 -0.9924E+01 -0.1111E+02 -0.1230E+02 -0.1349E+02 -0.1467E+02 -0.1585E+02 -0.1704E+02 -0.1823E+02 -0.1942E+02 -0.2062E+02 -0.2182E+02 -0.2303E+02 -0.2423E+02 -0.2542E+02 -0.2661E+02 -0.2780E+02 -0.2897E+02 -0.2984E+02 -0.3040E+02
     15.4472       60.0000 -0.1536E+01 -0.2903E+01 -0.4270E+01 -0.5641E+01 -0.7015E+01 -0.8384E+01 -0.9741E+01 -0.1109E+02 -0.1244E+02 -0.1379E+02 -0.1514E+02 -0.1649E+02 -0.1783E+02 -0.1918E+02 -0.2053E+02 -0.2189E+02 -0.2324E+02 -0.2461E+02 -0.2597E+02 -0.2733E+02 -0.2868E+02 -0.3003E+02 -0.3138E+02 -0.3272E+02 -0.3371E+02 -0.3436E+02
     15.5827       70.0000 -0.1545E+01 -0.3028E+01 -0.4512E+01 -0.5998E+01 -0.7486E+01 -0.8970E+01 -0.1045E+02 -0.1192E+02 -0.1339E+02 -0.1486E+02 -0.1633E+02 -0.1780E+02 -0.1927E+02 -0.2074E+02 -0.2221E+02 -0.2369E+02 -0.2516E+02 -0.2664E+02 -0.2812E+02 -0.2960E+02 -0.3107E+02 -0.3254E+02 -0.3401E+02 -0.3547E+02 -0.3656E+02 -0.3727E+02
     15.7182       80.0000 -0.1508E+01 -0.3062E+01 -0.4616E+01 -0.6172E+01 -0.7729E+01 -0.9284E+01 -0.1084E+02 -0.1238E+02 -0.1393E+02 -0.1548E+02 -0.1703E+02 -0.1858E+02 -0.2012E+02 -0.2167E+02 -0.2322E+02 -0.2477E+02 -0.2632E+02 -0.2787E+02 -0.2942E+02 -0.3097E+02 -0.3252E+02 -0.3406E+02 -0.3560E+02 -0.3714E+02 -0.3829E+02 -0.3905E+02
     15.8537       90.0000 -0.1424E+01 -0.3002E+01 -0.4581E+01 -0.6159E+01 -0.7738E+01 -0.9316E+01 -0.1089E+02 -0.1247E+02 -0.1405E+02 -0.1563E+02 -0.1721E+02 -0.1879E+02 -0.2036E+02 -0.2194E+02 -0.2352E+02 -0.2510E+02 -0.2667E+02 -0.2825E+02 -0.2983E+02 -0.3140E+02 -0.3297E+02 -0.3455E+02 -0.3612E+02 -0.3769E+02 -0.3886E+02 -0.3965E+02
     15.9892      100.0000 -0.1297E+01 -0.2851E+01 -0.4406E+01 -0.5959E+01 -0.7511E+01 -0.9065E+01 -0.1062E+02 -0.1218E+02 -0.1374E+02 -0.1530E+02 -0.1686E+02 -0.1842E+02 -0.1999E+02 -0.2155E+02 -0.2311E+02 -0.2466E+02 -0.2622E+02 -0.2777E+02 -0.2932E+02 -0.3088E+02 -0.3243E+02 -0.3398E+02 -0.3554E+02 -0.3709E+02 -0.3826E+02 -0.3904E+02
     16.1247      110.0000 -0.1131E+01 -0.2614E+01 -0.4097E+01 -0.5578E+01 -0.7056E+01 -0.8539E+01 -0.1003E+02 -0.1152E+02 -0.1302E+02 -0.1451E+02 -0.1601E+02 -0.1750E+02 -0.1900E+02 -0.2050E+02 -0.2199E+02 -0.2348E+02 -0.2497E+02 -0.2645E+02 -0.2793E+02 -0.2941E+02 -0.3090E+02 -0.3239E+02 -0.3387E+02 -0.3536E+02 -0.3648E+02 -0.3724E+02
     16.2602      120.0000 -0.9308E+00 -0.2297E+01 -0.3664E+01 -0.5027E+01 -0.6387E+01 -0.7753E+01 -0.9130E+01 -0.1051E+02 -0.1190E+02 -0.1328E+02 -0.1466E+02 -0.1605E+02 -0.1744E+02 -0.1882E+02 -0.2021E+02 -0.2158E+02 -0.2295E+02 -0.2432E+02 -0.2569E+02 -0.2706E+02 -0.2843E+02 -0.2980E+02 -0.3118E+02 -0.3256E+02 -0.3360E+02 -0.3431E+02
     16.3957      130.0000 -0.7020E+00 -0.1910E+01 -0.3120E+01 -0.4323E+01 -0.5524E+01 -0.6731E+01 -0.7953E+01 -0.9186E+01 -0.1042E+02 -0.1164E+02 -0.1287E+02 -0.1411E+02 -0.1534E+02 -0.1658E+02 -0.1781E+02 -0.1903E+02 -0.2025E+02 -0.2146E+02 -0.2267E+02 -0.2388E+02 -0.2510E+02 -0.2632E+02 -0.2754E+02 -0.2877E+02 -0.2970E+02 -0.3034E+02
     16.5312      140.0000 -0.4519E+00 -0.1465E+01 -0.2481E+01 -0.3489E+01 -0.4493E+01 -0.5505E+01 -0.6535E+01 -0.7577E+01 -0.8618E+01 -0.9654E+01 -0.1070E+02 -0.1174E+02 -0.1279E+02 -0.1383E+02 -0.1487E+02 -0.1590E+02 -0.1692E+02 -0.1794E+02 -0.1896E+02 -0.1998E+02 -0.2100E+02 -0.2203E+02 -0.2307E+02 -0.2410E+02 -0.2490E+02 -0.2545E+02
     16.6667      150.0000 -0.1880E+00 -0.9760E+00 -0.1766E+01 -0.2548E+01 -0.3325E+01 -0.4112E+01 -0.4918E+01 -0.5739E+01 -0.6558E+01 -0.7371E+01 -0.8190E+01 -0.9014E+01 -0.9838E+01 -0.1066E+02 -0.1148E+02 -0.1229E+02 -0.1309E+02 -0.1388E+02 -0.1467E+02 -0.1547E+02 -0.1627E+02 -0.1707E+02 -0.1789E+02 -0.1871E+02 -0.1934E+02 -0.1979E+02
     16.8022      160.0000  0.8158E-01 -0.4570E+00 -0.9979E+00 -0.1529E+01 -0.2057E+01 -0.2594E+01 -0.3152E+01 -0.3726E+01 -0.4298E+01 -0.4865E+01 -0.5437E+01 -0.6014E+01 -0.6592E+01 -0.7169E+01 -0.7739E+01 -0.8299E+01 -0.8850E+01 -0.9394E+01 -0.9937E+01 -0.1049E+02 -0.1104E+02 -0.1160E+02 -0.1217E+02 -0.1274E+02 -0.1319E+02 -0.1352E+02
     16.9377      170.0000  0.3487E+00  0.7580E-01 -0.1993E+00 -0.4646E+00 -0.7256E+00 -0.9965E+00 -0.1290E+01 -0.1600E+01 -0.1908E+01 -0.2210E+01 -0.2518E+01 -0.2831E+01 -0.3146E+01 -0.3458E+01 -0.3764E+01 -0.4060E+01 -0.4346E+01 -0.4625E+01 -0.4902E+01 -0.5186E+01 -0.5477E+01 -0.5773E+01 -0.6078E+01 -0.6387E+01 -0.6641E+01 -0.6841E+01
     17.0732      180.0000  0.6052E+00  0.6063E+00  0.6053E+00  0.6143E+00  0.6276E+00  0.6308E+00  0.6108E+00  0.5744E+00  0.5404E+00  0.5119E+00  0.4777E+00  0.4379E+00  0.3965E+00  0.3573E+00  0.3249E+00  0.3030E+00  0.2899E+00  0.2851E+00  0.2812E+00  0.2708E+00  0.2530E+00  0.2297E+00  0.1974E+00  0.1599E+00  0.1099E+00  0.4375E-01
     17.2087      190.0000  0.8433E+00  0.1118E+01  0.1392E+01  0.1675E+01  0.1962E+01  0.2239E+01  0.2493E+01  0.2732E+01  0.2972E+01  0.3218E+01  0.3459E+01  0.3693E+01  0.3927E+01  0.4162E+01  0.4404E+01  0.4656E+01  0.4917E+01  0.5186E+01  0.5456E+01  0.5719E+01  0.5975E+01  0.6225E+01  0.6466E+01  0.6702E+01  0.6857E+01  0.6928E+01
     17.3442      200.0000  0.1056E+01  0.1597E+01  0.2136E+01  0.2684E+01  0.3236E+01  0.3779E+01  0.4300E+01  0.4806E+01  0.5314E+01  0.5827E+01  0.6334E+01  0.6837E+01  0.7337E+01  0.7840E+01  0.8349E+01  0.8868E+01  0.9395E+01  0.9930E+01  0.1047E+02  0.1099E+02  0.1152E+02  0.1203E+02  0.1254E+02  0.1304E+02  0.1340E+02  0.1360E+02
     17.4797      210.0000  0.1236E+01  0.2026E+01  0.2815E+01  0.3612E+01  0.4412E+01  0.5205E+01  0.5976E+01  0.6734E+01  0.7494E+01  0.8258E+01  0.9018E+01  0.9772E+01  0.1053E+02  0.1128E+02  0.1204E+02  0.1281E+02  0.1359E+02  0.1437E+02  0.1516E+02  0.1594E+02  0.1671E+02  0.1747E+02  0.1823E+02  0.1898E+02  0.1953E+02  0.1986E+02
     17.6152      220.0000  0.1379E+01  0.2394E+01  0.3408E+01  0.4430E+01  0.5455E+01  0.6472E+01  0.7471E+01  0.8457E+01  0.9446E+01  0.1044E+02  0.1143E+02  0.1241E+02  0.1339E+02  0.1438E+02  0.1537E+02  0.1636E+02  0.1737E+02  0.1838E+02  0.1939E+02  0.2039E+02  0.2139E+02  0.2238E+02  0.2337E+02  0.2435E+02  0.2507E+02  0.2552E+02
     17.7507      230.0000  0.1480E+01  0.2690E+01  0.3898E+01  0.5113E+01  0.6331E+01  0.7542E+01  0.8739E+01  0.9924E+01  0.1111E+02  0.1230E+02  0.1349E+02  0.1467E+02  0.1585E+02  0.1704E+02  0.1823E+02  0.1942E+02  0.2062E+02  0.2182E+02  0.2303E+02  0.2423E+02  0.2542E+02  0.2661E+02  0.2780E+02  0.2897E+02  0.2984E+02  0.3040E+02
     17.8862      240.0000  0.1536E+01  0.2903E+01  0.4270E+01  0.5641E+01  0.7015E+01  0.8384E+01  0.9741E+01  0.1109E+02  0.1244E+02  0.1379E+02  0.1514E+02  0.1649E+02  0.1783E+02  0.1918E+02  0.2053E+02  0.2189E+02  0.2324E+02  0.2461E+02  0.2597E+02  0.2733E+02  0.2868E+02  0.3003E+02  0.3138E+02  0.3272E+02  0.3371E+02  0.3436E+02
     18.0217      250.0000  0.1545E+01  0.3028E+01  0.4512E+01  0.5998E+01  0.7486E+01  0.8970E+01  0.1045E+02  0.1192E+02  0.1339E+02  0.1486E+02  0.1633E+02  0.1780E+02  0.1927E+02  0.2074E+02  0.2221E+02  0.2369E+02  0.2516E+02  0.2664E+02  0.2812E+02  0.2960E+02  0.3107E+02  0.3254E+02  0.3401E+02  0.3547E+02  0.3656E+02  0.3727E+02
     18.1572      260.0000  0.1508E+01  0.3062E+01  0.4616E+01  0.6172E+01  0.7729E+01  0.9284E+01  0.1084E+02  0.1238E+02  0.1393E+02  0.1548E+02  0.1703E+02  0.1858E+02  0.2012E+02  0.2167E+02  0.2322E+02  0.2477E+02  0.2632E+02  0.2787E+02  0.2942E+02  0.3097E+02  0.3252E+02  0.3406E+02  0.3560E+02  0.3714E+02  0.3829E+02  0.3905E+02
     18.2927      270.0000  0.1424E+01  0.3002E+01  0.4581E+01  0.6159E+01  0.7738E+01  0.9316E+01  0.1089E+02  0.1247E+02  0.1405E+02  0.1563E+02  0.1721E+02  0.1879E+02  0.2036E+02  0.2194E+02  0.2352E+02  0.2510E+02  0.2667E+02  0.2825E+02  0.2983E+02  0.3140E+02  0.3297E+02  0.3455E+02  0.3612E+02  0.3769E+02  0.3886E+02  0.3965E+02
     18.4282      280.0000  0.1297E+01  0.2851E+01  0.4406E+01  0.5959E+01  0.7511E+01  0.9065E+01  0.1062E+02  0.1218E+02  0.1374E+02  0.1530E+02  0.1686E+02  0.1842E+02  0.1999E+02  0.2155E+02  0.2311E+02  0.2466E+02  0.2622E+02  0.2777E+02  0.2932E+02  0.3088E+02  0.3243E+02  0.3398E+02  0.3554E+02  0.3709E+02  0.3826E+02  0.3904E+02
     18.5637      290.0000  0.1131E+01  0.2614E+01  0.4097E+01  0.5578E+01  0.7056E+01  0.8539E+01  0.1003E+02  0.1152E+02  0.1302E+02  0.1451E+02  0.1601E+02  0.1750E+02  0.1900E+02  0.2050E+02  0.2199E+02  0.2348E+02  0.2497E+02  0.2645E+02  0.2793E+02  0.2941E+02  0.3090E+02  0.3239E+02  0.3387E+02  0.3536E+02  0.3648E+02  0.3724E+02
     18.6992      300.0000  0.9308E+00  0.2297E+01  0.3664E+01  0.5027E+01  0.6387E+01  0.7753E+01  0.9130E+01  0.1051E+02  0.1190E+02  0.1328E+02  0.1466E+02  0.1605E+02  0.1744E+02  0.1882E+02  0.2021E+02  0.2158E+02  0.2295E+02  0.2432E+02  0.2569E+02  0.2706E+02  0.2843E+02  0.2980E+02  0.3118E+02  0.3256E+02  0.3360E+02  0.3431E+02
     18.8347      310.0000  0.7020E+00  0.1910E+01  0.3120E+01  0.4323E+01  0.5524E+01  0.6731E+01  0.7953E+01  0.9186E+01  0.1042E+02  0.1164E+02  0.1287E+02  0.1411E+02  0.1534E+02  0.1658E+02  0.1781E+02  0.1903E+02  0.2025E+02  0.2146E+02  0.2267E+02  0.2388E+02  0.2510E+02  0.2632E+02  0.2754E+02  0.2877E+02  0.2970E+02  0.3034E+02
     18.9702      320.0000  0.4519E+00  0.1465E+01  0.2481E+01  0.3489E+01  0.4493E+01  0.5505E+01  0.6535E+01  0.7577E+01  0.8618E+01  0.9654E+01  0.1070E+02  0.1174E+02  0.1279E+02  0.1383E+02  0.1487E+02  0.1590E+02  0.1692E+02  0.1794E+02  0.1896E+02  0.1998E+02  0.2100E+02  0.2203E+02  0.2307E+02  0.2410E+02  0.2490E+02  0.2545E+02
     19.1057      330.0000  0.1880E+00  0.9760E+00  0.1766E+01  0.2548E+01  0.3325E+01  0.4112E+01  0.4918E+01  0.5739E+01  0.6558E+01  0.7371E+01  0.8190E+01  0.9014E+01  0.9838E+01  0.1066E+02  0.1148E+02  0.1229E+02  0.1309E+02  0.1388E+02  0.1467E+02  0.1547E+02  0.1627E+02  0.1707E+02  0.1789E+02  0.1871E+02  0.1934E+02  0.1979E+02
     19.2412      340.0000 -0.8158E-01  0.4570E+00  0.9979E+00  0.1529E+01  0.2057E+01  0.2594E+01  0.3152E+01  0.3726E+01  0.4298E+01  0.4865E+01  0.5437E+01  0.6014E+01  0.6592E+01  0.7169E+01  0.7739E+01  0.8299E+01  0.8850E+01  0.9394E+01  0.9937E+01  0.1049E+02  0.1104E+02  0.1160E+02  0.1217E+02  0.1274E+02  0.1319E+02  0.1352E+02
     19.3767      350.0000 -0.3487E+00 -0.7580E-01  0.1993E+00  0.4646E+00  0.7256E+00  0.9965E+00  0.1290E+01  0.1600E+01  0.1908E+01  0.2210E+01  0.2518E+01  0.2831E+01  0.3146E+01  0.3458E+01  0.3764E+01  0.4060E+01  0.4346E+01  0.4625E+01  0.4902E+01  0.5186E+01  0.5477E+01  0.5773E+01  0.6078E+01  0.6387E+01  0.6641E+01  0.6841E+01
     19.5122      360.0000 -0.6052E+00 -0.6063E+00 -0.6053E+00 -0.6143E+00 -0.6276E+00 -0.6308E+00 -0.6108E+00 -0.5744E+00 -0.5404E+00 -0.5119E+00 -0.4777E+00 -0.4379E+00 -0.3965E+00 -0.3573E+00 -0.3249E+00 -0.3030E+00 -0.2899E+00 -0.2851E+00 -0.2812E+00 -0.2708E+00 -0.2530E+00 -0.2297E+00 -0.1974E+00 -0.1599E+00 -0.1099E+00 -0.4375E-01
     19.6477       10.0000 -0.8433E+00 -0.1118E+01 -0.1392E+01 -0.1675E+01 -0.1962E+01 -0.2239E+01 -0.2493E+01 -0.2732E+01 -0.2972E+01 -0.3218E+01 -0.3459E+01 -0.3693E+01 -0.3927E+01 -0.4162E+01 -0.4404E+01 -0.4656E+01 -0.4917E+01 -0.5186E+01 -0.5456E+01 -0.5719E+01 -0.5975E+01 -0.6225E+01 -0.6466E+01 -0.6702E+01 -0.6857E+01 -0.6928E+01
     19.7832       20.0000 -0.1056E+01 -0.1597E+01 -0.2136E+01 -0.2684E+01 -0.3236E+01 -0.3779E+01 -0.4300E+01 -0.4806E+01 -0.5314E+01 -0.5827E+01 -0.6334E+01 -0.6837E+01 -0.7337E+01 -0.7840E+01 -0.8349E+01 -0.8868E+01 -0.9395E+01 -0.9930E+01 -0.1047E+02 -0.1099E+02 -0.1152E+02 -0.1203E+02 -0.1254E+02 -0.1304E+02 -0.1340E+02 -0.1360E+02
     19.9187       30.0000 -0.1236E+01 -0.2026E+01 -0.2815E+01 -0.3612E+01 -0.4412E+01 -0.5205E+01 -0.5976E+01 -0.6734E+01 -0.7494E+01 -0.8258E+01 -0.9018E+01 -0.9772E+01 -0.1053E+02 -0.1128E+02 -0.1204E+02 -0.1281E+02 -0.1359E+02 -0.1437E+02 -0.1516E+02 -0.1594E+02 -0.1671E+02 -0.1747E+02 -0.1823E+02 -0.1898E+02 -0.1953E+02 -0.1986E+02
     20.0542       40.0000 -0.1379E+01 -0.2394E+01 -0.3408E+01 -0.4430E+01 -0.5455E+01 -0.6472E+01 -0.7471E+01 -0.8457E+01 -0.9446E+01 -0.1044E+02 -0.1143E+02 -0.1241E+02 -0.1339E+02 -0.1438E+02 -0.1537E+02 -0.1636E+02 -0.1737E+02 -0.1838E+02 -0.1939E+02 -0.2039E+02 -0.2139E+02 -0.2238E+02 -0.2337E+02 -0.2435E+02 -0.2507E+02 -0.2552E+02
     20.1897       50.0000 -0.1480E+01 -0.2690E+01 -0.3898E+01 -0.5113E+01 -0.6331E+01 -0.7542E+01 -0.8739E+01 -0.9924E+01 -0.1111E+02 -0.1230E+02 -0.1349E+02 -0.1467E+02 -0.1585E+02 -0.1704E+02 -0.1823E+02 -0.1942E+02 -0.2062E+02 -0.2182E+02 -0.2303E+02 -0.2423E+02 -0.2542E+02 -0.2661E+02 -0.2780E+02 -0.2897E+02 -0.2984E+02 -0.3040E+02
     20.3252       60.0000 -0.1536E+01 -0.2903E+01 -0.4270E+01 -0.5641E+01 -0.7015E+01 -0.8384E+01 -0.9741E+01 -0.1109E+02 -0.1244E+02 -0.1379E+02 -0.1514E+02 -0.1649E+02 -0.1783E+02 -0.1918E+02 -0.2053E+02 -0.2189E+02 -0.2324E+02 -0.2461E+02 -0.2597E+02 -0.2733E+02 -0.2868E+02 -0.3003E+02 -0.3138E+02 -0.3272E+02 -0.3371E+02 -0.3436E+02
     20.4607       70.0000 -0.1545E+01 -0.3028E+01 -0.4512E+01 -0.5998E+01 -0.7486E+01 -0.8970E+01 -0.1045E+02 -0.1192E+02 -0.1339E+02 -0.1486E+02 -0.1633E+02 -0.1780E+02 -0.1927E+02 -0.2074E+02 -0.2221E+02 -0.2369E+02 -0.2516E+02 -0.2664E+02 -0.2812E+02 -0.2960E+02 -0.3107E+02 -0.3254E+02 -0.3401E+02 -0.3547E+02 -0.3656E+02 -0.3727E+02
     20.5962       80.0000 -0.1508E+01 -0.3062E+01 -0.4616E+01 -0.6172E+01 -0.7729E+01 -0.9284E+01 -0.1084E+02 -0.1238E+02 -0.1393E+02 -0.1548E+02 -0.1703E+02 -0.1858E+02 -0.2012E+02 -0.2167E+02 -0.2322E+02 -0.2477E+02 -0.2632E+02 -0.2787E+02 -0.2942E+02 -0.3097E+02 -0.3252E+02 -0.3406E+02 -0.3560E+02 -0.3714E+02 -0.3829E+02 -0.3905E+02
     20.7317       90.0000 -0.1424E+01 -0.3002E+01 -0.4581E+01 -0.6159E+01 -0.7738E+01 -0.9316E+01 -0.1089E+02 -0.1247E+02 -0.1405E+02 -0.1563E+02 -0.1721E+02 -0.1879E+02 -0.2036E+02 -0.2194E+02 -0.2352E+02 -0.2510E+02 -0.2667E+02 -0.2825E+02 -0.2983E+02 -0.3140E+02 -0.3297E+02 -0.3455E+02 -0.3612E+02 -0.3769E+02 -0.3886E+02 -0.3965E+02
     20.8672      100.0000 -0.1297E+01 -0.2851E+01 -0.4406E+01 -0.5959E+01 -0.7511E+01 -0.9065E+01 -0.1062E+02 -0.1218E+02 -0.1374E+02 -0.1530E+02 -0.1686E+02 -0.1842E+02 -0.1999E+02 -0.2155E+02 -0.2311E+02 -0.2466E+02 -0.2622E+02 -0.2777E+02 -0.2932E+02 -0.3088E+02 -0.3243E+02 -0.3398E+02 -0.3554E+02 -0.3709E+02 -0.3826E+02 -0.3904E+02
     21.0027      110.0000 -0.1131E+01 -0.2614E+01 -0.4097E+01 -0.5578E+01 -0.7056E+01 -0.8539E+01 -0.1003E+02 -0.1152E+02 -0.1302E+02 -0.1451E+02 -0.1601E+02 -0.1750E+02 -0.1900E+02 -0.2050E+02 -0.2199E+02 -0.2348E+02 -0.2497E+02 -0.2645E+02 -0.2793E+02 -0.2941E+02 -0.3090E+02 -0.3239E+02 -0.3387E+02 -0.3536E+02 -0.3648E+02 -0.3724E+02
     21.1382      120.0000 -0.9308E+00 -0.2297E+01 -0.3664E+01 -0.5027E+01 -0.6387E+01 -0.7753E+01 -0.9130E+01 -0.1051E+02 -0.1190E+02 -0.1328E+02 -0.1466E+02 -0.1605E+02 -0.1744E+02 -0.1882E+02 -0.2021E+02 -0.2158E+02 -0.2295E+02 -0.2432E+02 -0.2569E+02 -0.2706E+02 -0.2843E+02 -0.2980E+02 -0.3118E+02 -0.3256E+02 -0.3360E+02 -0.3431E+02
     21.2737      130.0000 -0.7020E+00 -0.1910E+01 -0.3120E+01 -0.4323E+01 -0.5524E+01 -0.6731E+01 -0.7953E+01 -0.9186E+01 -0.1042E+02 -0.1164E+02 -0.1287E+02 -0.1411E+02 -0.1534E+02 -0.1658E+02 -0.1781E+02 -0.1903E+02 -0.2025E+02 -0.2146E+02 -0.2267E+02 -0.2388E+02 -0.2510E+02 -0.2632E+02 -0.2754E+02 -0.2877E+02 -0.2970E+02 -0.3034E+02
     21.4092      140.0000 -0.4519E+00 -0.1465E+01 -0.2481E+01 -0.3489E+01 -0.4493E+01 -0.5505E+01 -0.6535E+01 -0.7577E+01 -0.8618E+01 -0.9654E+01 -0.1070E+02 -0.1174E+02 -0.1279E+02 -0.1383E+02 -0.1487E+02 -0.1590E+02 -0.1692E+02 -0.1794E+02 -0.1896E+02 -0.1998E+02 -0.2100E+02 -0.2203E+02 -0.2307E+02 -0.2410E+02 -0.2490E+02 -0.2545E+02
     21.5447      150.0000 -0.1880E+00 -0.9760E+00 -0.1766E+01 -0.2548E+01 -0.3325E+01 -0.4112E+01 -0.4918E+01 -0.5739E+01 -0.6558E+01 -0.7371E+01 -0.8190E+01 -0.9014E+01 -0.9838E+01 -0.1066E+02 -0.1148E+02 -0.1229E+02 -0.1309E+02 -0.1388E+02 -0.1467E+02 -0.1547E+02 -0.1627E+02 -0.1707E+02 -0.1789E+02 -0.1871E+02 -0.1934E+02 -0.1979E+02
     21.6802      160.0000  0.8158E-01 -0.4570E+00 -0.9979E+00 -0.1529E+01 -0.2057E+01 -0.2594E+01 -0.3152E+01 -0.3726E+01 -0.4298E+01 -0.4865E+01 -0.5437E+01 -0.6014E+01 -0.6592E+01 -0.7169E+01 -0.7739E+01 -0.8299E+01 -0.8850E+01 -0.9394E+01 -0.9937E+01 -0.1049E+02 -0.1104E+02 -0.1160E+02 -0.1217E+02 -0.1274E+02 -0.1319E+02 -0.1352E+02
     21.8157      170.0000  0.3487E+00  0.7580E-01 -0.1993E+00 -0.4646E+00 -0.7256E+00 -0.9965E+00 -0.1290E+01 -0.1600E+01 -0.1908E+01 -0.2210E+01 -0.2518E+01 -0.2831E+01 -0.3146E+01 -0.3458E+01 -0.3764E+01 -0.4060E+01 -0.4346E+01 -0.4625E+01 -0.4902E+01 -0.5186E+01 -0.5477E+01 -0.5773E+01 -0.6078E+01 -0.6387E+01 -0.6641E+01 -0.6841E+01
     21.9512      180.0000  0.6052E+00  0.6063E+00  0.6053E+00  0.6143E+00  0.6276E+00  0.6308E+00  0.6108E+00  0.5744E+00  0.5404E+00  0.5119E+00  0.4777E+00  0.4379E+00  0.3965E+00  0.3573E+00  0.3249E+00  0.3030E+00  0.2899E+00  0.2851E+00  0.2812E+00  0.2708E+00  0.2530E+00  0.2297E+00  0.1974E+00  0.1599E+00  0.1099E+00  0.4375E-01
     22.0867      190.0000  0.8433E+00  0.1118E+01  0.1392E+01  0.1675E+01  0.1962E+01  0.2239E+01  0.2493E+01  0.2732E+01  0.2972E+01  0.3218E+01  0.3459E+01  0.3693E+01  0.3927E+01  0.4162E+01  0.4404E+01  0.4656E+01  0.4917E+01  0.5186E+01  0.5456E+01  0.5719E+01  0.5975E+01  0.6225E+01  0.6466E+01  0.6702E+01  0.6857E+01  0.6928E+01
     22.2222      200.0000  0.1056E+01  0.1597E+01  0.2136E+01  0.2684E+01  0.3236E+01  0.3779E+01  0.4300E+01  0.4806E+01  0.5314E+01  0.5827E+01  0.6334E+01  0.6837E+01  0.7337E+01  0.7840E+01  0.8349E+01  0.8868E+01  0.9395E+01  0.9930E+01  0.1047E+02  0.1099E+02  0.1152E+02  0.1203E+02  0.1254E+02  0.1304E+02  0.1340E+02  0.1360E+02
     22.3577      210.0000  0.1236E+01  0.2026E+01  0.2815E+01  0.3612E+01  0.4412E+01  0.5205E+01  0.5976E+01  0.6734E+01  0.7494E+01  0.8258E+01  0.9018E+01  0.9772E+01  0.1053E+02  0.1128E+02  0.1204E+02  0.1281E+02  0.1359E+02  0.1437E+02  0.1516E+02  0.1594E+02  0.1671E+02  0.1747E+02  0.1823E+02  0.1898E+02  0.1953E+02  0.1986E+02
     22.4932      220.0000  0.1379E+01  0.2394E+01  0.3408E+01  0.4430E+01  0.5455E+01  0.6472E+01  0.7471E+01  0.8457E+01  0.9446E+01  0.1044E+02  0.1143E+02  0.1241E+02  0.1339E+02  0.1438E+02  0.1537E+02  0.1636E+02  0.1737E+02  0.1838E+02  0.1939E+02  0.2039E+02  0.2139E+02  0.2238E+02  0.2337E+02  0.2435E+02  0.2507E+02  0.2552E+02
     22.6287      230.0000  0.1480E+01  0.2690E+01  0.3898E+01  0.5113E+01  0.6331E+01  0.7542E+01  0.8739E+01  0.9924E+01  0.1111E+02  0.1230E+02  0.1349E+02  0.1467E+02  0.1585E+02  0.1704E+02  0.1823E+02  0.1942E+02  0.2062E+02  0.2182E+02  0.2303E+02  0.2423E+02  0.2542E+02  0.2661E+02  0.2780E+02  0.2897E+02  0.2984E+02  0.3040E+02
     22.7642      240.0000  0.1536E+01  0.2903E+01  0.4270E+01  0.5641E+01  0.7015E+01  0.8384E+01  0.9741E+01  0.1109E+02  0.1244E+02  0.1379E+02  0.1514E+02  0.1649E+02  0.1783E+02  0.1918E+02  0.2053E+02  0.2189E+02  0.2324E+02  0.2461E+02  0.2597E+02  0.2733E+02  0.2868E+02  0.3003E+02  0.3138E+02  0.3272E+02  0.3371E+02  0.3436E+02
     22.8997      250.0000  0.1545E+01  0.3028E+01  0.4512E+01  0.5998E+01  0.7486E+01  0.8970E+01  0.1045E+02  0.1192E+02  0.1339E+02  0.1486E+02  0.1633E+02  0.1780E+02  0.1927E+02  0.2074E+02  0.2221E+02  0.2369E+02  0.2516E+02  0.2664E+02  0.2812E+02  0.2960E+02  0.3107E+02  0.3254E+02  0.3401E+02  0.3547E+02  0.3656E+02  0.3727E+02
     23.0352      260.0000  0.1508E+01  0.3062E+01  0.4616E+01  0.6172E+01  0.7729E+01  0.9284E+01  0.1084E+02  0.1238E+02  0.1393E+02  0.1548E+02  0.1703E+02  0.1858E+02  0.2012E+02  0.2167E+02  0.2322E+02  0.2477E+02  0.2632E+02  0.2787E+02  0.2942E+02  0.3097E+02  0.3252E+02  0.3406E+02  0.3560E+02  0.3714E+02  0.3829E+02  0.3905E+02
     23.1707      270.0000  0.1424E+01  0.3002E+01  0.4581E+01  0.6159E+01  0.7738E+01  0.9316E+01  0.1089E+02  0.1247E+02  0.1405E+02  0.1563E+02  0.1721E+02  0.1879E+02  0.2036E+02  0.2194E+02  0.2352E+02  0.2510E+02  0.2667E+02  0.2825E+02  0.2983E+02  0.3140E+02  0.3297E+02  0.3455E+02  0.3612E+02  0.3769E+02  0.3886E+02  0.3965E+02
     23.3062      280.0000  0.1297E+01  0.2851E+01  0.4406E+01  0.5959E+01  0.7511E+01  0.9065E+01  0.1062E+02  0.1218E+02  0.1374E+02  0.1530E+02  0.1686E+02  0.1842E+02  0.1999E+02  0.2155E+02  0.2311E+02  0.2466E+02  0.2622E+02  0.2777E+02  0.2932E+02  0.3088E+02  0.3243E+02  0.3398E+02  0.3554E+02  0.3709E+02  0.3826E+02  0.3904E+02
     23.4417      290.0000  0.1131E+01  0.2614E+01  0.4097E+01  0.5578E+01  0.7056E+01  0.8539E+01  0.1003E+02  0.1152E+02  0.1302E+02  0.1451E+02  0.1601E+02  0.1750E+02  0.1900E+02  0.2050E+02  0.2199E+02  0.2348E+02  0.2497E+02  0.2645E+02  0.2793E+02  0.2941E+02  0.3090E+02  0.3239E+02  0.3387E+02  0.3536E+02  0.3648E+02  0.3724E+02
     23.5772      300.0000  0.9308E+00  0.2297E+01  0.3664E+01  0.5027E+01  0.6387E+01  0.7753E+01  0.9130E+01  0.1051E+02  0.1190E+02  0.1328E+02  0.1466E+02  0.1605E+02  0.1744E+02  0.1882E+02  0.2021E+02  0.2158E+02  0.2295E+02  0.2432E+02  0.2569E+02  0.2706E+02  0.2843E+02  0.2980E+02  0.3118E+02  0.3256E+02  0.3360E+02  0.3431E+02
     23.7127      310.0000  0.7020E+00  0.1910E+01  0.3120E+01  0.4323E+01  0.5524E+01  0.6731E+01  0.7953E+01  0.9186E+01  0.1042E+02  0.1164E+02  0.1287E+02  0.1411E+02  0.1534E+02  0.1658E+02  0.1781E+02  0.1903E+02  0.2025E+02  0.2146E+02  0.2267E+02  0.2388E+02  0.2510E+02  0.2632E+02  0.2754E+02  0.2877E+02  0.2970E+02  0.3034E+02
     23.8482      320.0000  0.4519E+00  0.1465E+01  0.2481E+01  0.3489E+01  0.4493E+01  0.5505E+01  0.6535E+01  0.7577E+01  0.8618E+01  0.9654E+01  0.1070E+02  0.1174E+02  0.1279E+02  0.1383E+02  0.1487E+02  0.1590E+02  0.1692E+02  0.1794E+02  0.1896E+02  0.1998E+02  0.2100E+02  0.2203E+02  0.2307E+02  0.2410E+02  0.2490E+02  0.2545E+02
     23.9837      330.0000  0.1880E+00  0.9760E+00  0.1766E+01  0.2548E+01  0.3325E+01  0.4112E+01  0.4918E+01  0.5739E+01  0.6558E+01  0.7371E+01  0.8190E+01  0.9014E+01  0.9838E+01  0.1066E+02  0.1148E+02  0.1229E+02  0.1309E+02  0.1388E+02  0.1467E+02  0.1547E+02  0.1627E+02  0.1707E+02  0.1789E+02  0.1871E+02  0.1934E+02  0.1979E+02
     24.1192      340.0000 -0.8158E-01  0.4570E+00  0.9979E+00  0.1529E+01  0.2057E+01  0.2594E+01  0.3152E+01  0.3726E+01  0.4298E+01  0.4865E+01  0.5437E+01  0.6014E+01  0.6592E+01  0.7169E+01  0.7739E+01  0.8299E+01  0.8850E+01  0.9394E+01  0.9937E+01  0.1049E+02  0.1104E+02  0.1160E+02  0.1217E+02  0.1274E+02  0.1319E+02  0.1352E+02
     24.2547      350.0000 -0.3487E+00 -0.7580E-01  0.1993E+00  0.4646E+00  0.7256E+00  0.9965E+00  0.1290E+01  0.1600E+01  0.1908E+01  0.2210E+01  0.2518E+01  0.2831E+01  0.3146E+01  0.3458E+01  0.3764E+01  0.4060E+01  0.4346E+01  0.4625E+01  0.4902E+01  0.5186E+01  0.5477E+01  0.5773E+01  0.6078E+01  0.6387E+01  0.6641E+01  0.6841E+01
     24.3902      360.0000 -0.6052E+00 -0.6063E+00 -0.6053E+00 -0.6143E+00 -0.6276E+00 -0.6308E+00 -0.6108E+00 -0.5744E+00 -0.5404E+00 -0.5119E+00 -0.4777E+00 -0.4379E+00 -0.3965E+00 -0.3573E+00 -0.3249E+00 -0.3030E+00 -0.2899E+00 -0.2851E+00 -0.2812E+00 -0.2708E+00 -0.2530E+00 -0.2297E+00 -0.1974E+00 -0.1599E+00 -0.1099E+00 -0.4375E-01
     24.5257       10.0000 -0.8433E+00 -0.1118E+01 -0.1392E+01 -0.1675E+01 -0.1962E+01 -0.2239E+01 -0.2493E+01 -0.2732E+01 -0.2972E+01 -0.3218E+01 -0.3459E+01 -0.3693E+01 -0.3927E+01 -0.4162E+01 -0.4404E+01 -0.4656E+01 -0.4917E+01 -0.5186E+01 -0.5456E+01 -0.5719E+01 -0.5975E+01 -0.6225E+01 -0.6466E+01 -0.6702E+01 -0.6857E+01 -0.6928E+01
     24.6612       20.0000 -0.1056E+01 -0.1597E+01 -0.2136E+01 -0.2684E+01 -0.3236E+01 -0.3779E+01 -0.4300E+01 -0.4806E+01 -0.5314E+01 -0.5827E+01 -0.6334E+01 -0.6837E+01 -0.7337E+01 -0.7840E+01 -0.8349E+01 -0.8868E+01 -0.9395E+01 -0.9930E+01 -0.1047E+02 -0.1099E+02 -0.1152E+02 -0.1203E+02 -0.1254E+02 -0.1304E+02 -0.1340E+02 -0.1360E+02
     24.7967       30.0000 -0.1236E+01 -0.2026E+01 -0.2815E+01 -0.3612E+01 -0.4412E+01 -0.5205E+01 -0.5976E+01 -0.6734E+01 -0.7494E+01 -0.8258E+01 -0.9018E+01 -0.9772E+01 -0.1053E+02 -0.1128E+02 -0.1204E+02 -0.1281E+02 -0.1359E+02 -0.1437E+02 -0.1516E+02 -0.1594E+02 -0.1671E+02 -0.1747E+02 -0.1823E+02 -0.1898E+02 -0.1953E+02 -0.1986E+02
     24.9322       40.0000 -0.1379E+01 -0.2394E+01 -0.3408E+01 -0.4430E+01 -0.5455E+01 -0.6472E+01 -0.7471E+01 -0.8457E+01 -0.9446E+01 -0.1044E+02 -0.1143E+02 -0.1241E+02 -0.1339E+02 -0.1438E+02 -0.1537E+02 -0.1636E+02 -0.1737E+02 -0.1838E+02 -0.1939E+02 -0.2039E+02 -0.2139E+02 -0.2238E+02 -0.2337E+02 -0.2435E+02 -0.2507E+02 -0.2552E+02
     25.0678       50.0000 -0.1480E+01 -0.2690E+01 -0.3898E+01 -0.5113E+01 -0.6331E+01 -0.7542E+01 -0.8739E+01 -0.9924E+01 -0.1111E+02 -0.1230E+02 -0.1349E+02 -0.1467E+02 -0.1585E+02 -0.1704E+02 -0.1823E+02 -0.1942E+02 -0.2062E+02 -0.2182E+02 -0.2303E+02 -0.2423E+02 -0.2542E+02 -0.2661E+02 -0.2780E+02 -0.2897E+02 -0.2984E+02 -0.3040E+02
     25.2033       60.0000 -0.1536E+01 -0.2903E+01 -0.4270E+01 -0.5641E+01 -0.7015E+01 -0.8384E+01 -0.9741E+01 -0.1109E+02 -0.1244E+02 -0.1379E+02 -0.1514E+02 -0.1649E+02 -0.1783E+02 -0.1918E+02 -0.2053E+02 -0.2189E+02 -0.2324E+02 -0.2461E+02 -0.2597E+02 -0.2733E+02 -0.2868E+02 -0.3003E+02 -0.3138E+02 -0.3272E+02 -0.3371E+02 -0.3436E+02
     25.3388       70.0000 -0.1545E+01 -0.3028E+01 -0.4512E+01 -0.5998E+01 -0.7486E+01 -0.8970E+01 -0.1045E+02 -0.1192E+02 -0.1339E+02 -0.1486E+02 -0.1633E+02 -0.1780E+02 -0.1927E+02 -0.2074E+02 -0.2221E+02 -0.2369E+02 -0.2516E+02 -0.2664E+02 -0.2812E+02 -0.2960E+02 -0.3107E+02 -0.3254E+02 -0.3401E+02 -0.3547E+02 -0.3656E+02 -0.3727E+02
     25.4743       80.0000 -0.1508E+01 -0.3062E+01 -0.4616E+01 -0.6172E+01 -0.7729E+01 -0.9284E+01 -0.1084E+02 -0.1238E+02 -0.1393E+02 -0.1548E+02 -0.1703E+02 -0.1858E+02 -0.2012E+02 -0.2167E+02 -0.2322E+02 -0.2477E+02 -0.2632E+02 -0.2787E+02 -0.2942E+02 -0.3097E+02 -0.3252E+02 -0.3406E+02 -0.3560E+02 -0.3714E+02 -0.3829E+02 -0.3905E+02
     25.6098       90.0000 -0.1424E+01 -0.3002E+01 -0.4581E+01 -0.6159E+01 -0.7738E+01 -0.9316E+01 -0.1089E+02 -0.1247E+02 -0.1405E+02 -0.1563E+02 -0.1721E+02 -0.1879E+02 -0.2036E+02 -0.2194E+02 -0.2352E+02 -0.2510E+02 -0.2667E+02 -0.2825E+02 -0.2983E+02 -0.3140E+02 -0.3297E+02 -0.3455E+02 -0.3612E+02 -0.3769E+02 -0.3886E+02 -0.3965E+02
     25.7453      100.0000 -0.1297E+01 -0.2851E+01 -0.4406E+01 -0.5959E+01 -0.7511E+01 -0.9065E+01 -0.1062E+02 -0.1218E+02 -0.1374E+02 -0.1530E+02 -0.1686E+02 -0.1842E+02 -0.1999E+02 -0.2155E+02 -0.2311E+02 -0.2466E+02 -0.2622E+02 -0.2777E+02 -0.2932E+02 -0.3088E+02 -0.3243E+02 -0.3398E+02 -0.3554E+02 -0.3709E+02 -0.3826E+02 -0.3904E+02
     25.8808      110.0000 -0.1131E+01 -0.2614E+01 -0.4097E+01 -0.5578E+01 -0.7056E+01 -0.8539E+01 -0.1003E+02 -0.1152E+02 -0.1302E+02 -0.1451E+02 -0.1601E+02 -0.1750E+02 -0.1900E+02 -0.2050E+02 -0.2199E+02 -0.2348E+02 -0.2497E+02 -0.2645E+02 -0.2793E+02 -0.2941E+02 -0.3090E+02 -0.3239E+02 -0.3387E+02 -0.3536E+02 -0.3648E+02 -0.3724E+02
     26.0163      120.0000 -0.9308E+00 -0.2297E+01 -0.3664E+01 -0.5027E+01 -0.6387E+01 -0.7753E+01 -0.9130E+01 -0.1051E+02 -0.1190E+02 -0.1328E+02 -0.1466E+02 -0.1605E+02 -0.1744E+02 -0.1882E+02 -0.2021E+02 -0.2158E+02 -0.2295E+02 -0.2432E+02 -0.2569E+02 -0.2706E+02 -0.2843E+02 -0.2980E+02 -0.3118E+02 -0.3256E+02 -0.3360E+02 -0.3431E+02
     26.1518      130.0000 -0.7020E+00 -0.1910E+01 -0.3120E+01 -0.4323E+01 -0.5524E+01 -0.6731E+01 -0.7953E+01 -0.9186E+01 -0.1042E+02 -0.1164E+02 -0.1287E+02 -0.1411E+02 -0.1534E+02 -0.1658E+02 -0.1781E+02 -0.1903E+02 -0.2025E+02 -0.2146E+02 -0.2267E+02 -0.2388E+02 -0.2510E+02 -0.2632E+02 -0.2754E+02 -0.2877E+02 -0.2970E+02 -0.3034E+02
     26.2873      140.0000 -0.4519E+00 -0.1465E+01 -0.2481E+01 -0.3489E+01 -0.4493E+01 -0.5505E+01 -0.6535E+01 -0.7577E+01 -0.8618E+01 -0.9654E+01 -0.1070E+02 -0.1174E+02 -0.1279E+02 -0.1383E+02 -0.1487E+02 -0.1590E+02 -0.1692E+02 -0.1794E+02 -0.1896E+02 -0.1998E+02 -0.2100E+02 -0.2203E+02 -0.2307E+02 -0.2410E+02 -0.2490E+02 -0.2545E+02
     26.4228      150.0000 -0.1880E+00 -0.9760E+00 -0.1766E+01 -0.2548E+01 -0.3325E+01 -0.4112E+01 -0.4918E+01 -0.5739E+01 -0.6558E+01 -0.7371E+01 -0.8190E+01 -0.9014E+01 -0.9838E+01 -0.1066E+02 -0.1148E+02 -0.1229E+02 -0.1309E+02 -0.1388E+02 -0.1467E+02 -0.1547E+02 -0.1627E+02 -0.1707E+02 -0.1789E+02 -0.1871E+02 -0.1934E+02 -0.1979E+02
     26.5583      160.0000  0.8158E-01 -0.4570E+00 -0.9979E+00 -0.1529E+01 -0.2057E+01 -0.2594E+01 -0.3152E+01 -0.3726E+01 -0.4298E+01 -0.4865E+01 -0.5437E+01 -0.6014E+01 -0.6592E+01 -0.7169E+01 -0.7739E+01 -0.8299E+01 -0.8850E+01 -0.9394E+01 -0.9937E+01 -0.1049E+02 -0.1104E+02 -0.1160E+02 -0.1217E+02 -0.1274E+02 -0.1319E+02 -0.1352E+02
     26.6938      170.0000  0.3487E+00  0.7580E-01 -0.1993E+00 -0.4646E+00 -0.7256E+00 -0.9965E+00 -0.1290E+01 -0.1600E+01 -0.1908E+01 -0.2210E+01 -0.2518E+01 -0.2831E+01 -0.3146E+01 -0.3458E+01 -0.3764E+01 -0.4060E+01 -0.4346E+01 -0.4625E+01 -0.4902E+01 -0.5186E+01 -0.5477E+01 -0.5773E+01 -0.6078E+01 -0.6387E+01 -0.6641E+01 -0.6841E+01
     26.8293      180.0000  0.6052E+00  0.6063E+00  0.6053E+00  0.6143E+00  0.6276E+00  0.6308E+00  0.6108E+00  0.5744E+00  0.5404E+00  0.5119E+00  0.4777E+00  0.4379E+00  0.3965E+00  0.3573E+00  0.3249E+00  0.3030E+00  0.2899E+00  0.2851E+00  0.2812E+00  0.2708E+00  0.2530E+00  0.2297E+00  0.1974E+00  0.1599E+00  0.1099E+00  0.4375E-01
     26.9648      190.0000  0.8433E+00  0.1118E+01  0.1392E+01  0.1675E+01  0.1962E+01  0.2239E+01  0.2493E+01  0.2732E+01  0.2972E+01  0.3218E+01  0.3459E+01  0.3693E+01  0.3927E+01  0.4162E+01  0.4404E+01  0.4656E+01  0.4917E+01  0.5186E+01  0.5456E+01  0.5719E+01  0.5975E+01  0.6225E+01  0.6466E+01  0.6702E+01  0.6857E+01  0.6928E+01
     27.1003      200.0000  0.1056E+01  0.1597E+01  0.2136E+01  0.2684E+01  0.3236E+01  0.3779E+01  0.4300E+01  0.4806E+01  0.5314E+01  0.5827E+01  0.6334E+01  0.6837E+01  0.7337E+01  0.7840E+01  0.8349E+01  0.8868E+01  0.9395E+01  0.9930E+01  0.1047E+02  0.1099E+02  0.1152E+02  0.1203E+02  0.1254E+02  0.1304E+02  0.1340E+02  0.1360E+02
     27.2358      210.0000  0.1236E+01  0.2026E+01  0.2815E+01  0.3612E+01  0.4412E+01  0.5205E+01  0.5976E+01  0.6734E+01  0.7494E+01  0.8258E+01  0.9018E+01  0.9772E+01  0.1053E+02  0.1128E+02  0.1204E+02  0.1281E+02  0.1359E+02  0.1437E+02  0.1516E+02  0.1594E+02  0.1671E+02  0.1747E+02  0.1823E+02  0.1898E+02  0.1953E+02  0.1986E+02
     27.3713      220.0000  0.1379E+01  0.2394E+01  0.3408E+01  0.4430E+01  0.5455E+01  0.6472E+01  0.7471E+01  0.8457E+01  0.9446E+01  0.1044E+02  0.1143E+02  0.1241E+02  0.1339E+02  0.1438E+02  0.1537E+02  0.1636E+02  0.1737E+02  0.1838E+02  0.1939E+02  0.2039E+02  0.2139E+02  0.2238E+02  0.2337E+02  0.2435E+02  0.2507E+02  0.2552E+02
     27.5068      230.0000  0.1480E+01  0.2690E+01  0.3898E+01  0.5113E+01  0.6331E+01  0.7542E+01  0.8739E+01  0.9924E+01  0.1111E+02  0.1230E+02  0.1349E+02  0.1467E+02  0.1585E+02  0.1704E+02  0.1823E+02  0.1942E+02  0.2062E+02  0.2182E+02  0.2303E+02  0.2423E+02  0.2542E+02  0.2661E+02  0.2780E+02  0.2897E+02  0.2984E+02  0.3040E+02
     27.6423      240.0000  0.1536E+01  0.2903E+01  0.4270E+01  0.5641E+01  0.7015E+01  0.8384E+01  0.9741E+01  0.1109E+02  0.1244E+02  0.1379E+02  0.1514E+02  0.1649E+02  0.1783E+02  0.1918E+02  0.2053E+02  0.2189E+02  0.2324E+02  0.2461E+02  0.2597E+02  0.2733E+02  0.2868E+02  0.3003E+02  0.3138E+02  0.3272E+02  0.3371E+02  0.3436E+02
     27.7778      250.0000  0.1545E+01  0.3028E+01  0.4512E+01  0.5998E+01  0.7486E+01  0.8970E+01  0.1045E+02  0.1192E+02  0.1339E+02  0.1486E+02  0.1633E+02  0.1780E+02  0.1927E+02  0.2074E+02  0.2221E+02  0.2369E+02  0.2516E+02  0.2664E+02  0.2812E+02  0.2960E+02  0.3107E+02  0.3254E+02  0.3401E+02  0.3547E+02  0.3656E+02  0.3727E+02
     27.9133      260.0000  0.1508E+01  0.3062E+01  0.4616E+01  0.6172E+01  0.7729E+01  0.9284E+01  0.1084E+02  0.1238E+02  0.1393E+02  0.1548E+02  0.1703E+02  0.1858E+02  0.2012E+02  0.2167E+02  0.2322E+02  0.2477E+02  0.2632E+02  0.2787E+02  0.2942E+02  0.3097E+02  0.3252E+02  0.3406E+02  0.3560E+02  0.3714E+02  0.3829E+02  0.3905E+02
     28.0488      270.0000  0.1424E+01  0.3002E+01  0.4581E+01  0.6159E+01  0.7738E+01  0.9316E+01  0.1089E+02  0.1247E+02  0.1405E+02  0.1563E+02  0.1721E+02  0.1879E+02  0.2036E+02  0.2194E+02  0.2352E+02  0.2510E+02  0.2667E+02  0.2825E+02  0.2983E+02  0.3140E+02  0.3297E+02  0.3455E+02  0.3612E+02  0.3769E+02  0.3886E+02  0.3965E+02
     28.1843      280.0000  0.1297E+01  0.2851E+01  0.4406E+01  0.5959E+01  0.7511E+01  0.9065E+01  0.1062E+02  0.1218E+02  0.1374E+02  0.1530E+02  0.1686E+02  0.1842E+02  0.1999E+02  0.2155E+02  0.2311E+02  0.2466E+02  0.2622E+02  0.2777E+02  0.2932E+02  0.3088E+02  0.3243E+02  0.3398E+02  0.3554E+02  0.3709E+02  0.3826E+02  0.3904E+02
     28.3198      290.0000  0.1131E+01  0.2614E+01  0.4097E+01  0.5578E+01  0.7056E+01  0.8539E+01  0.1003E+02  0.1152E+02  0.1302E+02  0.1451E+02  0.1601E+02  0.1750E+02  0.1900E+02  0.2050E+02  0.2199E+02  0.2348E+02  0.2497E+02  0.2645E+02  0.2793E+02  0.2941E+02  0.3090E+02  0.3239E+02  0.3387E+02  0.3536E+02  0.3648E+02  0.3724E+02
     28.4553      300.0000  0.9308E+00  0.2297E+01  0.3664E+01  0.5027E+01  0.6387E+01  0.7753E+01  0.9130E+01  0.1051E+02  0.1190E+02  0.1328E+02  0.1466E+02  0.1605E+02  0.1744E+02  0.1882E+02  0.2021E+02  0.2158E+02  0.2295E+02  0.2432E+02  0.2569E+02  0.2706E+02  0.2843E+02  0.2980E+02  0.3118E+02  0.3256E+02  0.3360E+02  0.3431E+02
     28.5908      310.0000  0.7020E+00  0.1910E+01  0.3120E+01  0.4323E+01  0.5524E+01  0.6731E+01  0.7953E+01  0.9186E+01  0.1042E+02  0.1164E+02  0.1287E+02  0.1411E+02  0.1534E+02  0.1658E+02  0.1781E+02  0.1903E+02  0.2025E+02  0.2146E+02  0.2267E+02  0.2388E+02  0.2510E+02  0.2632E+02  0.2754E+02  0.2877E+02  0.2970E+02  0.3034E+02
     28.7263      320.0000  0.4519E+00  0.1465E+01  0.2481E+01  0.3489E+01  0.4493E+01  0.5505E+01  0.6535E+01  0.7577E+01  0.8618E+01  0.9654E+01  0.1070E+02  0.1174E+02  0.1279E+02  0.1383E+02  0.1487E+02  0.1590E+02  0.1692E+02  0.1794E+02  0.1896E+02  0.1998E+02  0.2100E+02  0.2203E+02  0.2307E+02  0.2410E+02  0.2490E+02  0.2545E+02
     28.8618      330.0000  0.1880E+00  0.9760E+00  0.1766E+01  0.2548E+01  0.3325E+01  0.4112E+01  0.4918E+01  0.5739E+01  0.6558E+01  0.7371E+01  0.8190E+01  0.9014E+01  0.9838E+01  0.1066E+02  0.1148E+02  0.1229E+02  0.1309E+02  0.1388E+02  0.1467E+02  0.1547E+02  0.1627E+02  0.1707E+02  0.1789E+02  0.1871E+02  0.1934E+02  0.1979E+02
     28.9973      340.0000 -0.8158E-01  0.4570E+00  0.9979E+00  0.1529E+01  0.2057E+01  0.2594E+01  0.3152E+01  0.3726E+01  0.4298E+01  0.4865E+01  0.5437E+01  0.6014E+01  0.6592E+01  0.7169E+01  0.7739E+01  0.8299E+01  0.8850E+01  0.9394E+01  0.9937E+01  0.1049E+02  0.1104E+02  0.1160E+02  0.1217E+02  0.1274E+02  0.1319E+02  0.1352E+02
     29.1328      350.0000 -0.3487E+00 -0.7580E-01  0.1993E+00  0.4646E+00  0.7256E+00  0.9965E+00  0.1290E+01  0.1600E+01  0.1908E+01  0.2210E+01  0.2518E+01  0.2831E+01  0.3146E+01  0.3458E+01  0.3764E+01  0.4060E+01  0.4346E+01  0.4625E+01  0.4902E+01  0.5186E+01  0.5477E+01  0.5773E+01  0.6078E+01  0.6387E+01  0.6641E+01  0.6841E+01
     29.2683      360.0000 -0.6052E+00 -0.6063E+00 -0.6053E+00 -0.6143E+00 -0.6276E+00 -0.6308E+00 -0.6108E+00 -0.5744E+00 -0.5404E+00 -0.5119E+00 -0.4777E+00 -0.4379E+00 -0.3965E+00 -0.3573E+00 -0.3249E+00 -0.3030E+00 -0.2899E+00 -0.2851E+00 -0.2812E+00 -0.2708E+00 -0.2530E+00 -0.2297E+00 -0.1974E+00 -0.1599E+00 -0.1099E+00 -0.4375E-01
     29.4038       10.0000 -0.8433E+00 -0.1118E+01 -0.1392E+01 -0.1675E+01 -0.1962E+01 -0.2239E+01 -0.2493E+01 -0.2732E+01 -0.2972E+01 -0.3218E+01 -0.3459E+01 -0.3693E+01 -0.3927E+01 -0.4162E+01 -0.4404E+01 -0.4656E+01 -0.4917E+01 -0.5186E+01 -0.5456E+01 -0.5719E+01 -0.5975E+01 -0.6225E+01 -0.6466E+01 -0.6702E+01 -0.6857E+01 -0.6928E+01
     29.5393       20.0000 -0.1056E+01 -0.1597E+01 -0.2136E+01 -0.2684E+01 -0.3236E+01 -0.3779E+01 -0.4300E+01 -0.4806E+01 -0.5314E+01 -0.5827E+01 -0.6334E+01 -0.6837E+01 -0.7337E+01 -0.7840E+01 -0.8349E+01 -0.8868E+01 -0.9395E+01 -0.9930E+01 -0.1047E+02 -0.1099E+02 -0.1152E+02 -0.1203E+02 -0.1254E+02 -0.1304E+02 -0.1340E+02 -0.1360E+02
     29.6748       30.0000 -0.1236E+01 -0.2026E+01 -0.2815E+01 -0.3612E+01 -0.4412E+01 -0.5205E+01 -0.5976E+01 -0.6734E+01 -0.7494E+01 -0.8258E+01 -0.9018E+01 -0.9772E+01 -0.1053E+02 -0.1128E+02 -0.1204E+02 -0.1281E+02 -0.1359E+02 -0.1437E+02 -0.1516E+02 -0.1594E+02 -0.1671E+02 -0.1747E+02 -0.1823E+02 -0.1898E+02 -0.1953E+02 -0.1986E+02
     29.8103       40.0000 -0.1379E+01 -0.2394E+01 -0.3408E+01 -0.4430E+01 -0.5455E+01 -0.6472E+01 -0.7471E+01 -0.8457E+01 -0.9446E+01 -0.1044E+02 -0.1143E+02 -0.1241E+02 -0.1339E+02 -0.1438E+02 -0.1537E+02 -0.1636E+02 -0.1737E+02 -0.1838E+02 -0.1939E+02 -0.2039E+02 -0.2139E+02 -0.2238E+02 -0.2337E+02 -0.2435E+02 -0.2507E+02 -0.2552E+02
     29.9458       50.0000 -0.1480E+01 -0.2690E+01 -0.3898E+01 -0.5113E+01 -0.6331E+01 -0.7542E+01 -0.8739E+01 -0.9924E+01 -0.1111E+02 -0.1230E+02 -0.1349E+02 -0.1467E+02 -0.1585E+02 -0.1704E+02 -0.1823E+02 -0.1942E+02 -0.2062E+02 -0.2182E+02 -0.2303E+02 -0.2423E+02 -0.2542E+02 -0.2661E+02 -0.2780E+02 -0.2897E+02 -0.2984E+02 -0.3040E+02
