Time history of radial distribution for BEM variable: t[N/m] for blade 1
                          rCurvi[m] (curvilinear radial distance)
                                0.7893      2.3679      3.9465      5.5252      7.1038      8.6824     10.2610     11.8396     13.4183     14.9969     16.5755     18.1541     19.7327     21.3114     22.8900     24.4686     26.0472     27.6258     29.2045     30.7831     32.3617     33.9403     35.5189     37.0976     38.2815     39.0708
                          zB[m] (radial coordinate along blade axis)
     time[s]  azimuth[deg]      0.1833      1.7550      3.3298      4.9068      6.4848      8.0632      9.6424     11.2249     12.8084     14.3901     15.9679     17.5464     19.1248     20.7032     22.2813     23.8593     25.4367     27.0133     28.5891     30.1640     31.7379     33.3108     34.8828     36.4546     37.6318     38.4135
      0.0000        0.0000 -0.1386E+02 -0.2979E+02 -0.4117E+02 -0.3629E+02 -0.2493E+02 -0.2091E+02  0.1648E+01  0.1542E+02  0.3653E+02  0.4057E+02  0.4635E+02  0.5025E+02  0.5612E+02  0.6194E+02  0.6608E+02  0.7003E+02  0.7387E+02  0.7737E+02  0.8204E+02  0.8483E+02  0.8855E+02  0.9271E+02  0.9453E+02  0.8652E+02  0.5913E+02  0.4910E+01
      0.1355       10.0000 -0.1382E+02 -0.2974E+02 -0.4110E+02 -0.3623E+02 -0.2494E+02 -0.2092E+02  0.1707E+01  0.1557E+02  0.3661E+02  0.4061E+02  0.4636E+02  0.5020E+02  0.5601E+02  0.6175E+02  0.6584E+02  0.6977E+02  0.7359E+02  0.7695E+02  0.8153E+02  0.8435E+02  0.8820E+02  0.9256E+02  0.9439E+02  0.8643E+02  0.5905E+02  0.4871E+01
      0.2710       20.0000 -0.1368E+02 -0.2954E+02 -0.4081E+02 -0.3601E+02 -0.2477E+02 -0.2072E+02  0.1955E+01  0.1585E+02  0.3680E+02  0.4075E+02  0.4646E+02  0.5025E+02  0.5599E+02  0.6168E+02  0.6572E+02  0.6963E+02  0.7345E+02  0.7661E+02  0.8109E+02  0.8394E+02  0.8794E+02  0.9294E+02  0.9431E+02  0.8627E+02  0.5901E+02  0.4845E+01
      0.4065       30.0000 -0.1345E+02 -0.2922E+02 -0.4033E+02 -0.3564E+02 -0.2435E+02 -0.2024E+02  0.2431E+01  0.1628E+02  0.3709E+02  0.4100E+02  0.4665E+02  0.5039E+02  0.5607E+02  0.6170E+02  0.6571E+02  0.6961E+02  0.7344E+02  0.7638E+02  0.8116E+02  0.8365E+02  0.8780E+02  0.9300E+02  0.9440E+02  0.8638E+02  0.5903E+02  0.4835E+01
      0.5420       40.0000 -0.1314E+02 -0.2879E+02 -0.3968E+02 -0.3512E+02 -0.2373E+02 -0.1949E+02  0.3115E+01  0.1686E+02  0.3750E+02  0.4134E+02  0.4694E+02  0.5061E+02  0.5624E+02  0.6190E+02  0.6581E+02  0.6971E+02  0.7355E+02  0.7628E+02  0.8096E+02  0.8351E+02  0.8782E+02  0.9324E+02  0.9465E+02  0.8661E+02  0.5911E+02  0.4841E+01
      0.6775       50.0000 -0.1276E+02 -0.2826E+02 -0.3888E+02 -0.3449E+02 -0.2291E+02 -0.1849E+02  0.3988E+01  0.1758E+02  0.3800E+02  0.4177E+02  0.4730E+02  0.5092E+02  0.5650E+02  0.6215E+02  0.6601E+02  0.6993E+02  0.7378E+02  0.7633E+02  0.8093E+02  0.8354E+02  0.8801E+02  0.9364E+02  0.9540E+02  0.8832E+02  0.5926E+02  0.4865E+01
      0.8130       60.0000 -0.1232E+02 -0.2767E+02 -0.3797E+02 -0.3375E+02 -0.2194E+02 -0.1725E+02  0.5024E+01  0.1840E+02  0.3860E+02  0.4228E+02  0.4774E+02  0.5130E+02  0.5683E+02  0.6248E+02  0.6631E+02  0.7024E+02  0.7412E+02  0.7654E+02  0.8106E+02  0.8374E+02  0.8836E+02  0.9413E+02  0.9590E+02  0.8871E+02  0.5948E+02  0.4904E+01
      0.9485       70.0000 -0.1185E+02 -0.2703E+02 -0.3697E+02 -0.3296E+02 -0.2084E+02 -0.1581E+02  0.6190E+01  0.1931E+02  0.3926E+02  0.4285E+02  0.4824E+02  0.5174E+02  0.5723E+02  0.6286E+02  0.6668E+02  0.7065E+02  0.7455E+02  0.7688E+02  0.8134E+02  0.8408E+02  0.8885E+02  0.9477E+02  0.9652E+02  0.8921E+02  0.5974E+02  0.4957E+01
      1.0840       80.0000 -0.1134E+02 -0.2637E+02 -0.3592E+02 -0.3214E+02 -0.1966E+02 -0.1422E+02  0.7452E+01  0.2029E+02  0.4001E+02  0.4349E+02  0.4880E+02  0.5223E+02  0.5768E+02  0.6331E+02  0.6713E+02  0.7113E+02  0.7506E+02  0.7734E+02  0.8174E+02  0.8453E+02  0.8942E+02  0.9548E+02  0.9719E+02  0.8974E+02  0.6002E+02  0.5022E+01
      1.2195       90.0000 -0.1083E+02 -0.2570E+02 -0.3486E+02 -0.3132E+02 -0.1843E+02 -0.1256E+02  0.8770E+01  0.2130E+02  0.4077E+02  0.4414E+02  0.4938E+02  0.5275E+02  0.5817E+02  0.6380E+02  0.6763E+02  0.7166E+02  0.7563E+02  0.7789E+02  0.8223E+02  0.8505E+02  0.9002E+02  0.9621E+02  0.9786E+02  0.9028E+02  0.6031E+02  0.5094E+01
      1.3550      100.0000 -0.1032E+02 -0.2506E+02 -0.3383E+02 -0.3053E+02 -0.1720E+02 -0.1090E+02  0.1010E+02  0.2232E+02  0.4154E+02  0.4481E+02  0.4998E+02  0.5330E+02  0.5869E+02  0.6432E+02  0.6817E+02  0.7223E+02  0.7622E+02  0.7851E+02  0.8278E+02  0.8559E+02  0.9061E+02  0.9690E+02  0.9848E+02  0.9076E+02  0.6057E+02  0.5171E+01
      1.4905      110.0000 -0.9825E+01 -0.2446E+02 -0.3285E+02 -0.2979E+02 -0.1601E+02 -0.9346E+01  0.1140E+02  0.2330E+02  0.4223E+02  0.4545E+02  0.5058E+02  0.5386E+02  0.5924E+02  0.6479E+02  0.6873E+02  0.7282E+02  0.7682E+02  0.7916E+02  0.8333E+02  0.8610E+02  0.9111E+02  0.9749E+02  0.9899E+02  0.9114E+02  0.6079E+02  0.5247E+01
      1.6260      120.0000 -0.9370E+01 -0.2391E+02 -0.3196E+02 -0.2911E+02 -0.1489E+02 -0.7971E+01  0.1263E+02  0.2423E+02  0.4291E+02  0.4608E+02  0.5116E+02  0.5441E+02  0.5978E+02  0.6530E+02  0.6930E+02  0.7339E+02  0.7739E+02  0.7974E+02  0.8386E+02  0.8655E+02  0.9151E+02  0.9794E+02  0.9934E+02  0.9139E+02  0.6095E+02  0.5321E+01
      1.7615      130.0000 -0.8961E+01 -0.2342E+02 -0.3120E+02 -0.2853E+02 -0.1387E+02 -0.6766E+01  0.1374E+02  0.2506E+02  0.4355E+02  0.4667E+02  0.5172E+02  0.5494E+02  0.6031E+02  0.6582E+02  0.6984E+02  0.7395E+02  0.7793E+02  0.8027E+02  0.8433E+02  0.8690E+02  0.9175E+02  0.9822E+02  0.9952E+02  0.9148E+02  0.6102E+02  0.5388E+01
      1.8970      140.0000 -0.8610E+01 -0.2300E+02 -0.3060E+02 -0.2805E+02 -0.1300E+02 -0.5734E+01  0.1470E+02  0.2578E+02  0.4411E+02  0.4720E+02  0.5222E+02  0.5543E+02  0.6081E+02  0.6632E+02  0.7036E+02  0.7445E+02  0.7840E+02  0.8074E+02  0.8473E+02  0.8715E+02  0.9182E+02  0.9837E+02  0.9916E+02  0.9003E+02  0.6101E+02  0.5447E+01
      2.0325      150.0000 -0.8327E+01 -0.2266E+02 -0.3017E+02 -0.2771E+02 -0.1229E+02 -0.4909E+01  0.1510E+02  0.2635E+02  0.4459E+02  0.4765E+02  0.5267E+02  0.5587E+02  0.6127E+02  0.6678E+02  0.7082E+02  0.7490E+02  0.7880E+02  0.8113E+02  0.8505E+02  0.8728E+02  0.9175E+02  0.9830E+02  0.9900E+02  0.8983E+02  0.6091E+02  0.5495E+01
      2.1680      160.0000 -0.8120E+01 -0.2241E+02 -0.2993E+02 -0.2754E+02 -0.1178E+02 -0.4321E+01  0.1516E+02  0.2677E+02  0.4495E+02  0.4800E+02  0.5303E+02  0.5624E+02  0.6166E+02  0.6790E+02  0.7122E+02  0.7527E+02  0.7912E+02  0.8144E+02  0.8529E+02  0.8731E+02  0.9154E+02  0.9805E+02  0.9865E+02  0.8946E+02  0.6074E+02  0.5532E+01
      2.3035      170.0000 -0.7992E+01 -0.2225E+02 -0.2991E+02 -0.2755E+02 -0.1148E+02 -0.3988E+01  0.1509E+02  0.2702E+02  0.4519E+02  0.4825E+02  0.5331E+02  0.5653E+02  0.6198E+02  0.6815E+02  0.7155E+02  0.7557E+02  0.7935E+02  0.8167E+02  0.8545E+02  0.8728E+02  0.9125E+02  0.9766E+02  0.9821E+02  0.8915E+02  0.6052E+02  0.5558E+01
      2.4390      180.0000 -0.7949E+01 -0.2218E+02 -0.3011E+02 -0.2774E+02 -0.1139E+02 -0.3919E+01  0.1497E+02  0.2709E+02  0.4530E+02  0.4839E+02  0.5348E+02  0.5673E+02  0.6222E+02  0.6836E+02  0.7180E+02  0.7578E+02  0.7950E+02  0.8184E+02  0.8557E+02  0.8720E+02  0.9092E+02  0.9676E+02  0.9764E+02  0.8859E+02  0.6027E+02  0.5574E+01
      2.5745      190.0000 -0.7990E+01 -0.2222E+02 -0.3051E+02 -0.2812E+02 -0.1151E+02 -0.4111E+01  0.1481E+02  0.2698E+02  0.4528E+02  0.4841E+02  0.5354E+02  0.5683E+02  0.6236E+02  0.6850E+02  0.7196E+02  0.7590E+02  0.7955E+02  0.8194E+02  0.8529E+02  0.8712E+02  0.9059E+02  0.9626E+02  0.9702E+02  0.8802E+02  0.6000E+02  0.5581E+01
      2.7100      200.0000 -0.8116E+01 -0.2235E+02 -0.3134E+02 -0.2874E+02 -0.1185E+02 -0.4555E+01  0.1463E+02  0.2670E+02  0.4554E+02  0.4844E+02  0.5357E+02  0.5682E+02  0.6241E+02  0.6856E+02  0.7203E+02  0.7593E+02  0.7954E+02  0.8207E+02  0.8540E+02  0.8708E+02  0.9032E+02  0.9574E+02  0.9641E+02  0.8747E+02  0.5976E+02  0.5580E+01
      2.8455      210.0000 -0.8322E+01 -0.2258E+02 -0.3208E+02 -0.2942E+02 -0.1237E+02 -0.5231E+01  0.1444E+02  0.2625E+02  0.4520E+02  0.4820E+02  0.5339E+02  0.5671E+02  0.6235E+02  0.6853E+02  0.7201E+02  0.7588E+02  0.7945E+02  0.8212E+02  0.8552E+02  0.8709E+02  0.9015E+02  0.9526E+02  0.9587E+02  0.8699E+02  0.5954E+02  0.5572E+01
      2.9810      220.0000 -0.8603E+01 -0.2292E+02 -0.3294E+02 -0.3021E+02 -0.1308E+02 -0.6111E+01  0.1419E+02  0.2566E+02  0.4476E+02  0.4785E+02  0.5311E+02  0.5649E+02  0.6219E+02  0.6840E+02  0.7190E+02  0.7575E+02  0.7929E+02  0.8211E+02  0.8566E+02  0.8718E+02  0.9010E+02  0.9484E+02  0.9542E+02  0.8661E+02  0.5938E+02  0.5558E+01
      3.1165      230.0000 -0.8952E+01 -0.2335E+02 -0.3390E+02 -0.3108E+02 -0.1393E+02 -0.7168E+01  0.1386E+02  0.2495E+02  0.4417E+02  0.4738E+02  0.5272E+02  0.5618E+02  0.6193E+02  0.6810E+02  0.7170E+02  0.7554E+02  0.7908E+02  0.8241E+02  0.8582E+02  0.8735E+02  0.9017E+02  0.9451E+02  0.9509E+02  0.8636E+02  0.5927E+02  0.5540E+01
      3.2520      240.0000 -0.9359E+01 -0.2386E+02 -0.3493E+02 -0.3200E+02 -0.1492E+02 -0.8368E+01  0.1310E+02  0.2413E+02  0.4354E+02  0.4684E+02  0.5224E+02  0.5578E+02  0.6159E+02  0.6775E+02  0.7142E+02  0.7527E+02  0.7882E+02  0.8239E+02  0.8599E+02  0.8759E+02  0.9035E+02  0.9429E+02  0.9490E+02  0.8622E+02  0.5923E+02  0.5518E+01
      3.3875      250.0000 -0.9814E+01 -0.2444E+02 -0.3598E+02 -0.3294E+02 -0.1601E+02 -0.9675E+01  0.1199E+02  0.2323E+02  0.4285E+02  0.4624E+02  0.5170E+02  0.5530E+02  0.6117E+02  0.6735E+02  0.7107E+02  0.7493E+02  0.7850E+02  0.8236E+02  0.8617E+02  0.8787E+02  0.9062E+02  0.9415E+02  0.9482E+02  0.8620E+02  0.5924E+02  0.5490E+01
      3.5230      260.0000 -0.1030E+02 -0.2508E+02 -0.3703E+02 -0.3384E+02 -0.1716E+02 -0.1105E+02  0.1081E+02  0.2229E+02  0.4213E+02  0.4559E+02  0.5111E+02  0.5477E+02  0.6068E+02  0.6688E+02  0.7065E+02  0.7453E+02  0.7815E+02  0.8229E+02  0.8632E+02  0.8816E+02  0.9094E+02  0.9415E+02  0.9480E+02  0.8612E+02  0.5929E+02  0.5458E+01
      3.6585      270.0000 -0.1081E+02 -0.2576E+02 -0.3806E+02 -0.3469E+02 -0.1835E+02 -0.1246E+02  0.9573E+01  0.2132E+02  0.4139E+02  0.4491E+02  0.5048E+02  0.5420E+02  0.6015E+02  0.6638E+02  0.7018E+02  0.7409E+02  0.7775E+02  0.8217E+02  0.8643E+02  0.8842E+02  0.9125E+02  0.9415E+02  0.9489E+02  0.8628E+02  0.5937E+02  0.5421E+01
      3.7940      280.0000 -0.1133E+02 -0.2645E+02 -0.3904E+02 -0.3546E+02 -0.1953E+02 -0.1386E+02  0.8330E+01  0.2036E+02  0.4065E+02  0.4422E+02  0.4984E+02  0.5361E+02  0.5959E+02  0.6591E+02  0.6967E+02  0.7360E+02  0.7732E+02  0.8199E+02  0.8645E+02  0.8860E+02  0.9152E+02  0.9414E+02  0.9502E+02  0.8647E+02  0.5945E+02  0.5377E+01
      3.9295      290.0000 -0.1183E+02 -0.2713E+02 -0.3994E+02 -0.3615E+02 -0.2069E+02 -0.1523E+02  0.7113E+01  0.1943E+02  0.3994E+02  0.4355E+02  0.4921E+02  0.5302E+02  0.5902E+02  0.6539E+02  0.6913E+02  0.7309E+02  0.7686E+02  0.8172E+02  0.8636E+02  0.8867E+02  0.9168E+02  0.9412E+02  0.9519E+02  0.8681E+02  0.5952E+02  0.5327E+01
      4.0650      300.0000 -0.1231E+02 -0.2779E+02 -0.4076E+02 -0.3675E+02 -0.2179E+02 -0.1658E+02  0.5954E+01  0.1856E+02  0.3926E+02  0.4292E+02  0.4861E+02  0.5245E+02  0.5845E+02  0.6485E+02  0.6859E+02  0.7256E+02  0.7637E+02  0.8137E+02  0.8615E+02  0.8861E+02  0.9171E+02  0.9400E+02  0.9528E+02  0.8694E+02  0.5957E+02  0.5272E+01
      4.2005      310.0000 -0.1275E+02 -0.2839E+02 -0.4146E+02 -0.3725E+02 -0.2280E+02 -0.1788E+02  0.4888E+01  0.1777E+02  0.3865E+02  0.4234E+02  0.4806E+02  0.5191E+02  0.5792E+02  0.6431E+02  0.6805E+02  0.7204E+02  0.7588E+02  0.8060E+02  0.8579E+02  0.8839E+02  0.9158E+02  0.9386E+02  0.9529E+02  0.8700E+02  0.5957E+02  0.5211E+01
      4.3360      320.0000 -0.1313E+02 -0.2891E+02 -0.4203E+02 -0.3765E+02 -0.2369E+02 -0.1905E+02  0.3946E+01  0.1709E+02  0.3816E+02  0.4185E+02  0.4758E+02  0.5143E+02  0.5742E+02  0.6380E+02  0.6753E+02  0.7152E+02  0.7538E+02  0.8008E+02  0.8531E+02  0.8801E+02  0.9131E+02  0.9367E+02  0.9523E+02  0.8700E+02  0.5954E+02  0.5148E+01
      4.4715      330.0000 -0.1344E+02 -0.2934E+02 -0.4245E+02 -0.3794E+02 -0.2443E+02 -0.2005E+02  0.3157E+01  0.1654E+02  0.3774E+02  0.4144E+02  0.4717E+02  0.5101E+02  0.5698E+02  0.6334E+02  0.6705E+02  0.7103E+02  0.7490E+02  0.7952E+02  0.8472E+02  0.8750E+02  0.9089E+02  0.9344E+02  0.9511E+02  0.8693E+02  0.5946E+02  0.5083E+01
      4.6070      340.0000 -0.1367E+02 -0.2966E+02 -0.4271E+02 -0.3810E+02 -0.2500E+02 -0.2082E+02  0.2544E+01  0.1612E+02  0.3741E+02  0.4112E+02  0.4684E+02  0.5068E+02  0.5661E+02  0.6293E+02  0.6662E+02  0.7059E+02  0.7446E+02  0.7894E+02  0.8406E+02  0.8689E+02  0.9038E+02  0.9317E+02  0.9493E+02  0.8682E+02  0.5936E+02  0.5020E+01
      4.7425      350.0000 -0.1381E+02 -0.2985E+02 -0.4263E+02 -0.3807E+02 -0.2538E+02 -0.2134E+02  0.2128E+01  0.1586E+02  0.3679E+02  0.4076E+02  0.4653E+02  0.5043E+02  0.5632E+02  0.6188E+02  0.6626E+02  0.7022E+02  0.7407E+02  0.7837E+02  0.8336E+02  0.8622E+02  0.8981E+02  0.9291E+02  0.9472E+02  0.8668E+02  0.5924E+02  0.4961E+01
      4.8780      360.0000 -0.1386E+02 -0.2991E+02 -0.4256E+02 -0.3796E+02 -0.2555E+02 -0.2159E+02  0.1924E+01  0.1577E+02  0.3673E+02  0.4068E+02  0.4642E+02  0.5028E+02  0.5612E+02  0.6173E+02  0.6598E+02  0.6992E+02  0.7376E+02  0.7781E+02  0.8268E+02  0.8554E+02  0.8924E+02  0.9269E+02  0.9454E+02  0.8654E+02  0.5913E+02  0.4910E+01
      5.0136       10.0000 -0.1382E+02 -0.2983E+02 -0.4231E+02 -0.3770E+02 -0.2551E+02 -0.2156E+02  0.1940E+01  0.1584E+02  0.3678E+02  0.4069E+02  0.4641E+02  0.5023E+02  0.5601E+02  0.6162E+02  0.6579E+02  0.6971E+02  0.7354E+02  0.7731E+02  0.8205E+02  0.8492E+02  0.8874E+02  0.9255E+02  0.9440E+02  0.8645E+02  0.5905E+02  0.4871E+01
      5.1491       20.0000 -0.1368E+02 -0.2962E+02 -0.4188E+02 -0.3730E+02 -0.2524E+02 -0.2125E+02  0.2177E+01  0.1608E+02  0.3694E+02  0.4082E+02  0.4649E+02  0.5027E+02  0.5600E+02  0.6159E+02  0.6569E+02  0.6960E+02  0.7343E+02  0.7692E+02  0.8152E+02  0.8440E+02  0.8835E+02  0.9293E+02  0.9432E+02  0.8629E+02  0.5901E+02  0.4845E+01
      5.2846       30.0000 -0.1345E+02 -0.2929E+02 -0.4128E+02 -0.3678E+02 -0.2476E+02 -0.2068E+02  0.2632E+01  0.1647E+02  0.3722E+02  0.4105E+02  0.4668E+02  0.5040E+02  0.5608E+02  0.6164E+02  0.6570E+02  0.6960E+02  0.7343E+02  0.7665E+02  0.8151E+02  0.8402E+02  0.8812E+02  0.9298E+02  0.9441E+02  0.8640E+02  0.5902E+02  0.4835E+01
      5.4201       40.0000 -0.1314E+02 -0.2885E+02 -0.4054E+02 -0.3614E+02 -0.2408E+02 -0.1985E+02  0.3294E+01  0.1702E+02  0.3760E+02  0.4139E+02  0.4696E+02  0.5062E+02  0.5625E+02  0.6185E+02  0.6581E+02  0.6971E+02  0.7354E+02  0.7653E+02  0.8125E+02  0.8381E+02  0.8807E+02  0.9322E+02  0.9465E+02  0.8662E+02  0.5911E+02  0.4841E+01
      5.5556       50.0000 -0.1276E+02 -0.2831E+02 -0.3966E+02 -0.3539E+02 -0.2322E+02 -0.1878E+02  0.4144E+01  0.1771E+02  0.3809E+02  0.4181E+02  0.4732E+02  0.5092E+02  0.5650E+02  0.6211E+02  0.6601E+02  0.6993E+02  0.7378E+02  0.7657E+02  0.8116E+02  0.8378E+02  0.8821E+02  0.9363E+02  0.9540E+02  0.8833E+02  0.5926E+02  0.4865E+01
      5.6911       60.0000 -0.1232E+02 -0.2771E+02 -0.3868E+02 -0.3457E+02 -0.2221E+02 -0.1749E+02  0.5158E+01  0.1851E+02  0.3866E+02  0.4231E+02  0.4775E+02  0.5130E+02  0.5683E+02  0.6243E+02  0.6631E+02  0.7024E+02  0.7412E+02  0.7675E+02  0.8126E+02  0.8393E+02  0.8851E+02  0.9411E+02  0.9591E+02  0.8873E+02  0.5948E+02  0.4904E+01
      5.8266       70.0000 -0.1185E+02 -0.2707E+02 -0.3762E+02 -0.3371E+02 -0.2109E+02 -0.1603E+02  0.6304E+01  0.1941E+02  0.3931E+02  0.4287E+02  0.4825E+02  0.5174E+02  0.5723E+02  0.6282E+02  0.6668E+02  0.7065E+02  0.7455E+02  0.7706E+02  0.8149E+02  0.8423E+02  0.8896E+02  0.9475E+02  0.9652E+02  0.8922E+02  0.5974E+02  0.4957E+01
      5.9621       80.0000 -0.1134E+02 -0.2640E+02 -0.3652E+02 -0.3282E+02 -0.1988E+02 -0.1444E+02  0.7548E+01  0.2037E+02  0.4005E+02  0.4350E+02  0.4880E+02  0.5223E+02  0.5768E+02  0.6326E+02  0.6713E+02  0.7113E+02  0.7506E+02  0.7746E+02  0.8187E+02  0.8465E+02  0.8951E+02  0.9547E+02  0.9720E+02  0.8976E+02  0.6002E+02  0.5022E+01
      6.0976       90.0000 -0.1083E+02 -0.2573E+02 -0.3541E+02 -0.3195E+02 -0.1863E+02 -0.1281E+02  0.8849E+01  0.2137E+02  0.4081E+02  0.4415E+02  0.4938E+02  0.5275E+02  0.5817E+02  0.6376E+02  0.6763E+02  0.7166E+02  0.7563E+02  0.7798E+02  0.8233E+02  0.8514E+02  0.9009E+02  0.9620E+02  0.9787E+02  0.9029E+02  0.6031E+02  0.5094E+01
      6.2331      100.0000 -0.1032E+02 -0.2509E+02 -0.3434E+02 -0.3111E+02 -0.1738E+02 -0.1120E+02  0.1016E+02  0.2237E+02  0.4156E+02  0.4482E+02  0.4998E+02  0.5330E+02  0.5870E+02  0.6428E+02  0.6817E+02  0.7223E+02  0.7622E+02  0.7857E+02  0.8286E+02  0.8566E+02  0.9066E+02  0.9689E+02  0.9848E+02  0.9077E+02  0.6057E+02  0.5171E+01
      6.3686      110.0000 -0.9825E+01 -0.2448E+02 -0.3331E+02 -0.3032E+02 -0.1617E+02 -0.9698E+01  0.1145E+02  0.2334E+02  0.4225E+02  0.4546E+02  0.5058E+02  0.5386E+02  0.5924E+02  0.6475E+02  0.6873E+02  0.7282E+02  0.7682E+02  0.7919E+02  0.8340E+02  0.8616E+02  0.9116E+02  0.9748E+02  0.9899E+02  0.9115E+02  0.6079E+02  0.5247E+01
      6.5041      120.0000 -0.9370E+01 -0.2392E+02 -0.3239E+02 -0.2960E+02 -0.1504E+02 -0.8343E+01  0.1266E+02  0.2426E+02  0.4292E+02  0.4608E+02  0.5116E+02  0.5441E+02  0.5978E+02  0.6526E+02  0.6930E+02  0.7339E+02  0.7739E+02  0.7977E+02  0.8391E+02  0.8660E+02  0.9153E+02  0.9793E+02  0.9935E+02  0.9140E+02  0.6095E+02  0.5321E+01
      6.6396      130.0000 -0.8961E+01 -0.2343E+02 -0.3160E+02 -0.2897E+02 -0.1401E+02 -0.7117E+01  0.1377E+02  0.2509E+02  0.4356E+02  0.4667E+02  0.5171E+02  0.5494E+02  0.6031E+02  0.6578E+02  0.6984E+02  0.7395E+02  0.7793E+02  0.8030E+02  0.8437E+02  0.8694E+02  0.9177E+02  0.9821E+02  0.9952E+02  0.9149E+02  0.6102E+02  0.5388E+01
      6.7751      140.0000 -0.8610E+01 -0.2301E+02 -0.3097E+02 -0.2845E+02 -0.1312E+02 -0.6063E+01  0.1472E+02  0.2580E+02  0.4412E+02  0.4719E+02  0.5222E+02  0.5543E+02  0.6081E+02  0.6628E+02  0.7036E+02  0.7445E+02  0.7840E+02  0.8076E+02  0.8476E+02  0.8718E+02  0.9184E+02  0.9836E+02  0.9917E+02  0.9004E+02  0.6101E+02  0.5447E+01
      6.9106      150.0000 -0.8327E+01 -0.2267E+02 -0.3050E+02 -0.2808E+02 -0.1241E+02 -0.5217E+01  0.1503E+02  0.2637E+02  0.4459E+02  0.4764E+02  0.5267E+02  0.5587E+02  0.6127E+02  0.6674E+02  0.7082E+02  0.7490E+02  0.7880E+02  0.8115E+02  0.8507E+02  0.8730E+02  0.9176E+02  0.9829E+02  0.9900E+02  0.8983E+02  0.6091E+02  0.5495E+01
      7.0461      160.0000 -0.8120E+01 -0.2242E+02 -0.3024E+02 -0.2788E+02 -0.1188E+02 -0.4607E+01  0.1507E+02  0.2678E+02  0.4495E+02  0.4800E+02  0.5303E+02  0.5624E+02  0.6166E+02  0.6787E+02  0.7122E+02  0.7527E+02  0.7912E+02  0.8146E+02  0.8530E+02  0.8733E+02  0.9155E+02  0.9804E+02  0.9865E+02  0.8946E+02  0.6074E+02  0.5532E+01
      7.1816      170.0000 -0.7992E+01 -0.2225E+02 -0.3019E+02 -0.2785E+02 -0.1157E+02 -0.4251E+01  0.1501E+02  0.2702E+02  0.4519E+02  0.4825E+02  0.5330E+02  0.5653E+02  0.6198E+02  0.6812E+02  0.7155E+02  0.7557E+02  0.7935E+02  0.8169E+02  0.8547E+02  0.8729E+02  0.9125E+02  0.9765E+02  0.9821E+02  0.8916E+02  0.6052E+02  0.5558E+01
      7.3171      180.0000 -0.7949E+01 -0.2219E+02 -0.3035E+02 -0.2802E+02 -0.1147E+02 -0.4157E+01  0.1489E+02  0.2709E+02  0.4529E+02  0.4838E+02  0.5347E+02  0.5673E+02  0.6222E+02  0.6833E+02  0.7180E+02  0.7578E+02  0.7950E+02  0.8186E+02  0.8558E+02  0.8721E+02  0.9092E+02  0.9675E+02  0.9764E+02  0.8860E+02  0.6027E+02  0.5574E+01
      7.4526      190.0000 -0.7990E+01 -0.2222E+02 -0.3073E+02 -0.2836E+02 -0.1159E+02 -0.4325E+01  0.1474E+02  0.2698E+02  0.4527E+02  0.4840E+02  0.5353E+02  0.5683E+02  0.6236E+02  0.6847E+02  0.7196E+02  0.7590E+02  0.7955E+02  0.8198E+02  0.8530E+02  0.8713E+02  0.9059E+02  0.9625E+02  0.9702E+02  0.8802E+02  0.6000E+02  0.5581E+01
      7.5881      200.0000 -0.8116E+01 -0.2235E+02 -0.3153E+02 -0.2896E+02 -0.1191E+02 -0.4744E+01  0.1458E+02  0.2669E+02  0.4553E+02  0.4843E+02  0.5356E+02  0.5682E+02  0.6241E+02  0.6853E+02  0.7204E+02  0.7593E+02  0.7954E+02  0.8210E+02  0.8541E+02  0.8708E+02  0.9032E+02  0.9574E+02  0.9641E+02  0.8747E+02  0.5976E+02  0.5580E+01
      7.7236      210.0000 -0.8322E+01 -0.2258E+02 -0.3224E+02 -0.2961E+02 -0.1243E+02 -0.5396E+01  0.1439E+02  0.2625E+02  0.4518E+02  0.4819E+02  0.5338E+02  0.5671E+02  0.6235E+02  0.6850E+02  0.7201E+02  0.7588E+02  0.7945E+02  0.8214E+02  0.8552E+02  0.8710E+02  0.9015E+02  0.9525E+02  0.9587E+02  0.8699E+02  0.5954E+02  0.5572E+01
      7.8591      220.0000 -0.8603E+01 -0.2292E+02 -0.3308E+02 -0.3038E+02 -0.1313E+02 -0.6254E+01  0.1416E+02  0.2566E+02  0.4475E+02  0.4784E+02  0.5310E+02  0.5649E+02  0.6219E+02  0.6837E+02  0.7190E+02  0.7575E+02  0.7929E+02  0.8213E+02  0.8566E+02  0.8718E+02  0.9010E+02  0.9483E+02  0.9542E+02  0.8662E+02  0.5938E+02  0.5558E+01
      7.9946      230.0000 -0.8952E+01 -0.2335E+02 -0.3402E+02 -0.3123E+02 -0.1398E+02 -0.7290E+01  0.1383E+02  0.2494E+02  0.4416E+02  0.4738E+02  0.5271E+02  0.5618E+02  0.6193E+02  0.6807E+02  0.7170E+02  0.7554E+02  0.7908E+02  0.8242E+02  0.8582E+02  0.8735E+02  0.9017E+02  0.9451E+02  0.9510E+02  0.8636E+02  0.5927E+02  0.5540E+01
      8.1301      240.0000 -0.9359E+01 -0.2386E+02 -0.3502E+02 -0.3213E+02 -0.1496E+02 -0.8470E+01  0.1309E+02  0.2412E+02  0.4353E+02  0.4684E+02  0.5224E+02  0.5578E+02  0.6159E+02  0.6772E+02  0.7142E+02  0.7527E+02  0.7882E+02  0.8240E+02  0.8599E+02  0.8759E+02  0.9035E+02  0.9428E+02  0.9490E+02  0.8622E+02  0.5923E+02  0.5518E+01
      8.2656      250.0000 -0.9814E+01 -0.2444E+02 -0.3606E+02 -0.3304E+02 -0.1604E+02 -0.9760E+01  0.1198E+02  0.2323E+02  0.4284E+02  0.4623E+02  0.5170E+02  0.5530E+02  0.6117E+02  0.6731E+02  0.7107E+02  0.7493E+02  0.7850E+02  0.8237E+02  0.8616E+02  0.8787E+02  0.9062E+02  0.9415E+02  0.9482E+02  0.8621E+02  0.5924E+02  0.5490E+01
      8.4011      260.0000 -0.1030E+02 -0.2508E+02 -0.3710E+02 -0.3393E+02 -0.1719E+02 -0.1112E+02  0.1079E+02  0.2228E+02  0.4212E+02  0.4558E+02  0.5111E+02  0.5477E+02  0.6068E+02  0.6685E+02  0.7065E+02  0.7453E+02  0.7815E+02  0.8231E+02  0.8631E+02  0.8816E+02  0.9094E+02  0.9414E+02  0.9480E+02  0.8613E+02  0.5929E+02  0.5458E+01
      8.5366      270.0000 -0.1081E+02 -0.2576E+02 -0.3811E+02 -0.3477E+02 -0.1837E+02 -0.1252E+02  0.9559E+01  0.2131E+02  0.4138E+02  0.4490E+02  0.5048E+02  0.5420E+02  0.6015E+02  0.6635E+02  0.7018E+02  0.7409E+02  0.7775E+02  0.8219E+02  0.8642E+02  0.8842E+02  0.9125E+02  0.9414E+02  0.9489E+02  0.8628E+02  0.5937E+02  0.5421E+01
      8.6721      280.0000 -0.1133E+02 -0.2645E+02 -0.3908E+02 -0.3553E+02 -0.1955E+02 -0.1391E+02  0.8317E+01  0.2035E+02  0.4064E+02  0.4422E+02  0.4984E+02  0.5361E+02  0.5959E+02  0.6588E+02  0.6967E+02  0.7360E+02  0.7732E+02  0.8200E+02  0.8644E+02  0.8860E+02  0.9151E+02  0.9414E+02  0.9502E+02  0.8647E+02  0.5945E+02  0.5377E+01
      8.8076      290.0000 -0.1183E+02 -0.2713E+02 -0.3998E+02 -0.3620E+02 -0.2071E+02 -0.1526E+02  0.7099E+01  0.1942E+02  0.3992E+02  0.4355E+02  0.4921E+02  0.5302E+02  0.5902E+02  0.6536E+02  0.6913E+02  0.7309E+02  0.7686E+02  0.8174E+02  0.8635E+02  0.8867E+02  0.9168E+02  0.9412E+02  0.9519E+02  0.8681E+02  0.5952E+02  0.5327E+01
      8.9431      300.0000 -0.1231E+02 -0.2779E+02 -0.4078E+02 -0.3679E+02 -0.2180E+02 -0.1660E+02  0.5940E+01  0.1855E+02  0.3925E+02  0.4292E+02  0.4861E+02  0.5245E+02  0.5845E+02  0.6482E+02  0.6859E+02  0.7256E+02  0.7637E+02  0.8138E+02  0.8614E+02  0.8861E+02  0.9171E+02  0.9399E+02  0.9528E+02  0.8694E+02  0.5957E+02  0.5272E+01
      9.0786      310.0000 -0.1275E+02 -0.2839E+02 -0.4148E+02 -0.3728E+02 -0.2281E+02 -0.1788E+02  0.4875E+01  0.1776E+02  0.3864E+02  0.4234E+02  0.4805E+02  0.5191E+02  0.5792E+02  0.6428E+02  0.6805E+02  0.7204E+02  0.7588E+02  0.8060E+02  0.8578E+02  0.8839E+02  0.9158E+02  0.9385E+02  0.9529E+02  0.8700E+02  0.5957E+02  0.5211E+01
      9.2141      320.0000 -0.1313E+02 -0.2891E+02 -0.4204E+02 -0.3768E+02 -0.2370E+02 -0.1905E+02  0.3933E+01  0.1708E+02  0.3815E+02  0.4185E+02  0.4757E+02  0.5143E+02  0.5742E+02  0.6377E+02  0.6753E+02  0.7152E+02  0.7538E+02  0.8008E+02  0.8530E+02  0.8801E+02  0.9130E+02  0.9367E+02  0.9523E+02  0.8700E+02  0.5954E+02  0.5148E+01
      9.3496      330.0000 -0.1344E+02 -0.2934E+02 -0.4246E+02 -0.3796E+02 -0.2444E+02 -0.2004E+02  0.3143E+01  0.1653E+02  0.3773E+02  0.4143E+02  0.4716E+02  0.5101E+02  0.5698E+02  0.6331E+02  0.6705E+02  0.7103E+02  0.7490E+02  0.7953E+02  0.8471E+02  0.8750E+02  0.9089E+02  0.9343E+02  0.9511E+02  0.8694E+02  0.5946E+02  0.5083E+01
      9.4851      340.0000 -0.1367E+02 -0.2966E+02 -0.4272E+02 -0.3812E+02 -0.2501E+02 -0.2082E+02  0.2531E+01  0.1612E+02  0.3740E+02  0.4111E+02  0.4684E+02  0.5068E+02  0.5661E+02  0.6290E+02  0.6662E+02  0.7059E+02  0.7446E+02  0.7895E+02  0.8405E+02  0.8689E+02  0.9037E+02  0.9317E+02  0.9493E+02  0.8682E+02  0.5936E+02  0.5020E+01
      9.6206      350.0000 -0.1381E+02 -0.2985E+02 -0.4264E+02 -0.3808E+02 -0.2539E+02 -0.2134E+02  0.2115E+01  0.1586E+02  0.3677E+02  0.4076E+02  0.4653E+02  0.5043E+02  0.5632E+02  0.6186E+02  0.6626E+02  0.7022E+02  0.7407E+02  0.7839E+02  0.8336E+02  0.8622E+02  0.8981E+02  0.9290E+02  0.9472E+02  0.8668E+02  0.5924E+02  0.4961E+01
      9.7561      360.0000 -0.1386E+02 -0.2991E+02 -0.4257E+02 -0.3797E+02 -0.2556E+02 -0.2158E+02  0.1911E+01  0.1576E+02  0.3672E+02  0.4067E+02  0.4642E+02  0.5028E+02  0.5612E+02  0.6170E+02  0.6598E+02  0.6992E+02  0.7376E+02  0.7782E+02  0.8267E+02  0.8554E+02  0.8924E+02  0.9269E+02  0.9454E+02  0.8654E+02  0.5913E+02  0.4910E+01
      9.8916       10.0000 -0.1382E+02 -0.2983E+02 -0.4232E+02 -0.3771E+02 -0.2552E+02 -0.2155E+02  0.1926E+01  0.1583E+02  0.3677E+02  0.4069E+02  0.4640E+02  0.5022E+02  0.5601E+02  0.6160E+02  0.6579E+02  0.6971E+02  0.7354E+02  0.7733E+02  0.8204E+02  0.8492E+02  0.8874E+02  0.9254E+02  0.9441E+02  0.8645E+02  0.5905E+02  0.4871E+01
     10.0271       20.0000 -0.1368E+02 -0.2962E+02 -0.4188E+02 -0.3731E+02 -0.2525E+02 -0.2124E+02  0.2164E+01  0.1607E+02  0.3693E+02  0.4082E+02  0.4649E+02  0.5027E+02  0.5600E+02  0.6156E+02  0.6569E+02  0.6960E+02  0.7343E+02  0.7693E+02  0.8151E+02  0.8440E+02  0.8835E+02  0.9292E+02  0.9432E+02  0.8629E+02  0.5901E+02  0.4845E+01
     10.1626       30.0000 -0.1345E+02 -0.2929E+02 -0.4129E+02 -0.3679E+02 -0.2477E+02 -0.2067E+02  0.2619E+01  0.1647E+02  0.3720E+02  0.4105E+02  0.4668E+02  0.5040E+02  0.5608E+02  0.6161E+02  0.6570E+02  0.6960E+02  0.7343E+02  0.7666E+02  0.8150E+02  0.8402E+02  0.8812E+02  0.9298E+02  0.9441E+02  0.8640E+02  0.5902E+02  0.4835E+01
     10.2981       40.0000 -0.1314E+02 -0.2885E+02 -0.4054E+02 -0.3614E+02 -0.2409E+02 -0.1984E+02  0.3281E+01  0.1701E+02  0.3759E+02  0.4138E+02  0.4695E+02  0.5062E+02  0.5625E+02  0.6182E+02  0.6581E+02  0.6971E+02  0.7354E+02  0.7654E+02  0.8124E+02  0.8381E+02  0.8807E+02  0.9322E+02  0.9466E+02  0.8662E+02  0.5911E+02  0.4841E+01
     10.4336       50.0000 -0.1276E+02 -0.2831E+02 -0.3966E+02 -0.3540E+02 -0.2323E+02 -0.1877E+02  0.4131E+01  0.1770E+02  0.3808E+02  0.4180E+02  0.4732E+02  0.5092E+02  0.5650E+02  0.6208E+02  0.6601E+02  0.6993E+02  0.7378E+02  0.7658E+02  0.8116E+02  0.8378E+02  0.8820E+02  0.9362E+02  0.9540E+02  0.8833E+02  0.5926E+02  0.4865E+01
     10.5691       60.0000 -0.1232E+02 -0.2771E+02 -0.3868E+02 -0.3458E+02 -0.2222E+02 -0.1748E+02  0.5145E+01  0.1850E+02  0.3865E+02  0.4230E+02  0.4775E+02  0.5130E+02  0.5683E+02  0.6241E+02  0.6631E+02  0.7024E+02  0.7412E+02  0.7676E+02  0.8125E+02  0.8393E+02  0.8851E+02  0.9411E+02  0.9591E+02  0.8873E+02  0.5948E+02  0.4904E+01
     10.7046       70.0000 -0.1185E+02 -0.2707E+02 -0.3762E+02 -0.3371E+02 -0.2109E+02 -0.1602E+02  0.6291E+01  0.1940E+02  0.3930E+02  0.4287E+02  0.4824E+02  0.5174E+02  0.5723E+02  0.6280E+02  0.6668E+02  0.7065E+02  0.7455E+02  0.7706E+02  0.8149E+02  0.8423E+02  0.8896E+02  0.9475E+02  0.9653E+02  0.8922E+02  0.5974E+02  0.4957E+01
     10.8401       80.0000 -0.1134E+02 -0.2640E+02 -0.3652E+02 -0.3283E+02 -0.1989E+02 -0.1444E+02  0.7535E+01  0.2036E+02  0.4004E+02  0.4349E+02  0.4880E+02  0.5223E+02  0.5768E+02  0.6324E+02  0.6713E+02  0.7113E+02  0.7506E+02  0.7747E+02  0.8186E+02  0.8465E+02  0.8950E+02  0.9546E+02  0.9720E+02  0.8976E+02  0.6002E+02  0.5022E+01
     10.9756       90.0000 -0.1083E+02 -0.2573E+02 -0.3541E+02 -0.3195E+02 -0.1864E+02 -0.1280E+02  0.8836E+01  0.2136E+02  0.4080E+02  0.4415E+02  0.4938E+02  0.5275E+02  0.5817E+02  0.6373E+02  0.6763E+02  0.7166E+02  0.7563E+02  0.7799E+02  0.8233E+02  0.8514E+02  0.9009E+02  0.9620E+02  0.9787E+02  0.9029E+02  0.6031E+02  0.5094E+01
     11.1111      100.0000 -0.1032E+02 -0.2509E+02 -0.3434E+02 -0.3111E+02 -0.1739E+02 -0.1119E+02  0.1015E+02  0.2236E+02  0.4155E+02  0.4481E+02  0.4998E+02  0.5330E+02  0.5870E+02  0.6426E+02  0.6817E+02  0.7223E+02  0.7622E+02  0.7858E+02  0.8285E+02  0.8566E+02  0.9066E+02  0.9689E+02  0.9849E+02  0.9077E+02  0.6057E+02  0.5171E+01
     11.2466      110.0000 -0.9825E+01 -0.2448E+02 -0.3331E+02 -0.3032E+02 -0.1618E+02 -0.9695E+01  0.1144E+02  0.2334E+02  0.4224E+02  0.4545E+02  0.5058E+02  0.5386E+02  0.5924E+02  0.6473E+02  0.6873E+02  0.7282E+02  0.7682E+02  0.7920E+02  0.8339E+02  0.8616E+02  0.9115E+02  0.9747E+02  0.9899E+02  0.9115E+02  0.6079E+02  0.5247E+01
     11.3821      120.0000 -0.9370E+01 -0.2392E+02 -0.3239E+02 -0.2960E+02 -0.1504E+02 -0.8340E+01  0.1265E+02  0.2425E+02  0.4291E+02  0.4608E+02  0.5116E+02  0.5441E+02  0.5978E+02  0.6524E+02  0.6930E+02  0.7339E+02  0.7739E+02  0.7978E+02  0.8391E+02  0.8660E+02  0.9153E+02  0.9792E+02  0.9935E+02  0.9140E+02  0.6095E+02  0.5321E+01
     11.5176      130.0000 -0.8961E+01 -0.2343E+02 -0.3160E+02 -0.2897E+02 -0.1402E+02 -0.7114E+01  0.1375E+02  0.2508E+02  0.4354E+02  0.4666E+02  0.5171E+02  0.5494E+02  0.6031E+02  0.6576E+02  0.6984E+02  0.7395E+02  0.7793E+02  0.8031E+02  0.8437E+02  0.8694E+02  0.9176E+02  0.9820E+02  0.9952E+02  0.9149E+02  0.6102E+02  0.5388E+01
     11.6531      140.0000 -0.8610E+01 -0.2301E+02 -0.3097E+02 -0.2845E+02 -0.1313E+02 -0.6060E+01  0.1471E+02  0.2579E+02  0.4411E+02  0.4719E+02  0.5222E+02  0.5543E+02  0.6081E+02  0.6626E+02  0.7036E+02  0.7445E+02  0.7840E+02  0.8077E+02  0.8475E+02  0.8718E+02  0.9184E+02  0.9836E+02  0.9917E+02  0.9004E+02  0.6101E+02  0.5447E+01
     11.7886      150.0000 -0.8327E+01 -0.2267E+02 -0.3050E+02 -0.2808E+02 -0.1241E+02 -0.5213E+01  0.1502E+02  0.2636E+02  0.4458E+02  0.4764E+02  0.5266E+02  0.5587E+02  0.6127E+02  0.6672E+02  0.7082E+02  0.7490E+02  0.7880E+02  0.8116E+02  0.8507E+02  0.8730E+02  0.9175E+02  0.9829E+02  0.9900E+02  0.8983E+02  0.6091E+02  0.5495E+01
     11.9241      160.0000 -0.8120E+01 -0.2242E+02 -0.3024E+02 -0.2788E+02 -0.1189E+02 -0.4603E+01  0.1507E+02  0.2677E+02  0.4494E+02  0.4800E+02  0.5303E+02  0.5624E+02  0.6166E+02  0.6785E+02  0.7122E+02  0.7527E+02  0.7912E+02  0.8147E+02  0.8530E+02  0.8733E+02  0.9155E+02  0.9804E+02  0.9865E+02  0.8946E+02  0.6074E+02  0.5532E+01
     12.0596      170.0000 -0.7992E+01 -0.2225E+02 -0.3019E+02 -0.2785E+02 -0.1157E+02 -0.4246E+01  0.1501E+02  0.2702E+02  0.4518E+02  0.4825E+02  0.5330E+02  0.5653E+02  0.6198E+02  0.6810E+02  0.7155E+02  0.7557E+02  0.7935E+02  0.8170E+02  0.8546E+02  0.8729E+02  0.9125E+02  0.9765E+02  0.9821E+02  0.8916E+02  0.6052E+02  0.5558E+01
     12.1951      180.0000 -0.7949E+01 -0.2219E+02 -0.3035E+02 -0.2802E+02 -0.1148E+02 -0.4153E+01  0.1489E+02  0.2708E+02  0.4528E+02  0.4838E+02  0.5347E+02  0.5673E+02  0.6222E+02  0.6831E+02  0.7180E+02  0.7578E+02  0.7950E+02  0.8187E+02  0.8557E+02  0.8721E+02  0.9092E+02  0.9674E+02  0.9764E+02  0.8860E+02  0.6027E+02  0.5574E+01
     12.3306      190.0000 -0.7990E+01 -0.2222E+02 -0.3073E+02 -0.2836E+02 -0.1159E+02 -0.4321E+01  0.1474E+02  0.2697E+02  0.4526E+02  0.4840E+02  0.5353E+02  0.5683E+02  0.6236E+02  0.6845E+02  0.7196E+02  0.7590E+02  0.7955E+02  0.8200E+02  0.8529E+02  0.8713E+02  0.9059E+02  0.9625E+02  0.9702E+02  0.8802E+02  0.6000E+02  0.5581E+01
     12.4661      200.0000 -0.8116E+01 -0.2235E+02 -0.3153E+02 -0.2896E+02 -0.1191E+02 -0.4740E+01  0.1458E+02  0.2669E+02  0.4552E+02  0.4843E+02  0.5356E+02  0.5682E+02  0.6241E+02  0.6851E+02  0.7204E+02  0.7593E+02  0.7954E+02  0.8211E+02  0.8540E+02  0.8708E+02  0.9032E+02  0.9573E+02  0.9641E+02  0.8747E+02  0.5976E+02  0.5580E+01
     12.6016      210.0000 -0.8322E+01 -0.2259E+02 -0.3224E+02 -0.2961E+02 -0.1243E+02 -0.5391E+01  0.1439E+02  0.2624E+02  0.4518E+02  0.4819E+02  0.5338E+02  0.5671E+02  0.6235E+02  0.6848E+02  0.7201E+02  0.7588E+02  0.7945E+02  0.8216E+02  0.8552E+02  0.8709E+02  0.9015E+02  0.9525E+02  0.9587E+02  0.8699E+02  0.5954E+02  0.5572E+01
     12.7371      220.0000 -0.8603E+01 -0.2292E+02 -0.3308E+02 -0.3037E+02 -0.1313E+02 -0.6248E+01  0.1415E+02  0.2565E+02  0.4474E+02  0.4784E+02  0.5310E+02  0.5649E+02  0.6219E+02  0.6835E+02  0.7190E+02  0.7575E+02  0.7929E+02  0.8214E+02  0.8565E+02  0.8718E+02  0.9010E+02  0.9483E+02  0.9542E+02  0.8662E+02  0.5938E+02  0.5558E+01
     12.8726      230.0000 -0.8952E+01 -0.2335E+02 -0.3402E+02 -0.3122E+02 -0.1398E+02 -0.7284E+01  0.1383E+02  0.2493E+02  0.4415E+02  0.4737E+02  0.5271E+02  0.5618E+02  0.6193E+02  0.6805E+02  0.7170E+02  0.7554E+02  0.7908E+02  0.8242E+02  0.8581E+02  0.8735E+02  0.9017E+02  0.9450E+02  0.9510E+02  0.8636E+02  0.5927E+02  0.5540E+01
     13.0081      240.0000 -0.9359E+01 -0.2386E+02 -0.3502E+02 -0.3212E+02 -0.1496E+02 -0.8465E+01  0.1308E+02  0.2412E+02  0.4352E+02  0.4683E+02  0.5224E+02  0.5578E+02  0.6159E+02  0.6770E+02  0.7142E+02  0.7527E+02  0.7882E+02  0.8241E+02  0.8599E+02  0.8759E+02  0.9035E+02  0.9428E+02  0.9490E+02  0.8622E+02  0.5923E+02  0.5518E+01
     13.1436      250.0000 -0.9814E+01 -0.2444E+02 -0.3605E+02 -0.3304E+02 -0.1604E+02 -0.9755E+01  0.1197E+02  0.2322E+02  0.4283E+02  0.4623E+02  0.5170E+02  0.5530E+02  0.6117E+02  0.6730E+02  0.7107E+02  0.7493E+02  0.7850E+02  0.8238E+02  0.8616E+02  0.8787E+02  0.9062E+02  0.9414E+02  0.9482E+02  0.8621E+02  0.5924E+02  0.5490E+01
     13.2791      260.0000 -0.1030E+02 -0.2508E+02 -0.3709E+02 -0.3393E+02 -0.1719E+02 -0.1112E+02  0.1078E+02  0.2227E+02  0.4211E+02  0.4558E+02  0.5110E+02  0.5477E+02  0.6068E+02  0.6684E+02  0.7065E+02  0.7453E+02  0.7815E+02  0.8231E+02  0.8631E+02  0.8816E+02  0.9094E+02  0.9414E+02  0.9480E+02  0.8613E+02  0.5929E+02  0.5458E+01
     13.4146      270.0000 -0.1081E+02 -0.2576E+02 -0.3811E+02 -0.3476E+02 -0.1837E+02 -0.1251E+02  0.9550E+01  0.2130E+02  0.4137E+02  0.4490E+02  0.5048E+02  0.5420E+02  0.6015E+02  0.6633E+02  0.7018E+02  0.7409E+02  0.7775E+02  0.8219E+02  0.8642E+02  0.8842E+02  0.9125E+02  0.9414E+02  0.9489E+02  0.8628E+02  0.5937E+02  0.5421E+01
     13.5501      280.0000 -0.1133E+02 -0.2645E+02 -0.3908E+02 -0.3552E+02 -0.1956E+02 -0.1390E+02  0.8307E+01  0.2034E+02  0.4063E+02  0.4422E+02  0.4984E+02  0.5361E+02  0.5959E+02  0.6586E+02  0.6967E+02  0.7360E+02  0.7732E+02  0.8201E+02  0.8644E+02  0.8860E+02  0.9151E+02  0.9414E+02  0.9502E+02  0.8647E+02  0.5945E+02  0.5377E+01
     13.6856      290.0000 -0.1183E+02 -0.2713E+02 -0.3997E+02 -0.3620E+02 -0.2071E+02 -0.1525E+02  0.7089E+01  0.1941E+02  0.3991E+02  0.4355E+02  0.4921E+02  0.5302E+02  0.5902E+02  0.6535E+02  0.6913E+02  0.7309E+02  0.7686E+02  0.8174E+02  0.8635E+02  0.8867E+02  0.9168E+02  0.9411E+02  0.9519E+02  0.8681E+02  0.5952E+02  0.5327E+01
     13.8211      300.0000 -0.1231E+02 -0.2779E+02 -0.4078E+02 -0.3678E+02 -0.2181E+02 -0.1659E+02  0.5931E+01  0.1854E+02  0.3924E+02  0.4291E+02  0.4861E+02  0.5245E+02  0.5845E+02  0.6480E+02  0.6859E+02  0.7256E+02  0.7637E+02  0.8139E+02  0.8614E+02  0.8861E+02  0.9171E+02  0.9399E+02  0.9528E+02  0.8694E+02  0.5957E+02  0.5272E+01
     13.9566      310.0000 -0.1275E+02 -0.2839E+02 -0.4148E+02 -0.3728E+02 -0.2281E+02 -0.1787E+02  0.4865E+01  0.1776E+02  0.3863E+02  0.4233E+02  0.4805E+02  0.5191E+02  0.5792E+02  0.6427E+02  0.6805E+02  0.7204E+02  0.7588E+02  0.8061E+02  0.8578E+02  0.8839E+02  0.9158E+02  0.9385E+02  0.9529E+02  0.8700E+02  0.5957E+02  0.5211E+01
     14.0921      320.0000 -0.1313E+02 -0.2891E+02 -0.4204E+02 -0.3767E+02 -0.2370E+02 -0.1904E+02  0.3924E+01  0.1708E+02  0.3814E+02  0.4184E+02  0.4757E+02  0.5143E+02  0.5742E+02  0.6376E+02  0.6753E+02  0.7152E+02  0.7538E+02  0.8009E+02  0.8530E+02  0.8801E+02  0.9130E+02  0.9366E+02  0.9524E+02  0.8700E+02  0.5954E+02  0.5148E+01
     14.2276      330.0000 -0.1344E+02 -0.2934E+02 -0.4246E+02 -0.3796E+02 -0.2445E+02 -0.2004E+02  0.3134E+01  0.1652E+02  0.3772E+02  0.4143E+02  0.4716E+02  0.5101E+02  0.5698E+02  0.6329E+02  0.6705E+02  0.7103E+02  0.7490E+02  0.7953E+02  0.8471E+02  0.8750E+02  0.9089E+02  0.9343E+02  0.9511E+02  0.8694E+02  0.5946E+02  0.5083E+01
     14.3631      340.0000 -0.1367E+02 -0.2966E+02 -0.4272E+02 -0.3812E+02 -0.2502E+02 -0.2081E+02  0.2522E+01  0.1611E+02  0.3739E+02  0.4111E+02  0.4684E+02  0.5068E+02  0.5661E+02  0.6289E+02  0.6662E+02  0.7060E+02  0.7446E+02  0.7895E+02  0.8405E+02  0.8689E+02  0.9037E+02  0.9316E+02  0.9493E+02  0.8682E+02  0.5936E+02  0.5020E+01
     14.4986      350.0000 -0.1381E+02 -0.2985E+02 -0.4264E+02 -0.3808E+02 -0.2540E+02 -0.2133E+02  0.2106E+01  0.1585E+02  0.3677E+02  0.4076E+02  0.4653E+02  0.5043E+02  0.5632E+02  0.6184E+02  0.6626E+02  0.7022E+02  0.7407E+02  0.7839E+02  0.8335E+02  0.8622E+02  0.8981E+02  0.9290E+02  0.9472E+02  0.8668E+02  0.5924E+02  0.4961E+01
     14.6341      360.0000 -0.1386E+02 -0.2991E+02 -0.4257E+02 -0.3797E+02 -0.2557E+02 -0.2158E+02  0.1902E+01  0.1576E+02  0.3672E+02  0.4067E+02  0.4642E+02  0.5028E+02  0.5612E+02  0.6169E+02  0.6598E+02  0.6992E+02  0.7376E+02  0.7783E+02  0.8267E+02  0.8554E+02  0.8924E+02  0.9268E+02  0.9454E+02  0.8654E+02  0.5913E+02  0.4910E+01
     14.7696       10.0000 -0.1382E+02 -0.2983E+02 -0.4232E+02 -0.3771E+02 -0.2552E+02 -0.2154E+02  0.1918E+01  0.1583E+02  0.3676E+02  0.4069E+02  0.4640E+02  0.5022E+02  0.5601E+02  0.6158E+02  0.6579E+02  0.6971E+02  0.7354E+02  0.7733E+02  0.8204E+02  0.8492E+02  0.8874E+02  0.9254E+02  0.9441E+02  0.8645E+02  0.5905E+02  0.4871E+01
     14.9051       20.0000 -0.1368E+02 -0.2962E+02 -0.4188E+02 -0.3731E+02 -0.2525E+02 -0.2124E+02  0.2156E+01  0.1606E+02  0.3692E+02  0.4081E+02  0.4649E+02  0.5026E+02  0.5600E+02  0.6155E+02  0.6569E+02  0.6960E+02  0.7343E+02  0.7694E+02  0.8151E+02  0.8440E+02  0.8835E+02  0.9292E+02  0.9432E+02  0.8629E+02  0.5901E+02  0.4845E+01
     15.0407       30.0000 -0.1345E+02 -0.2929E+02 -0.4129E+02 -0.3678E+02 -0.2477E+02 -0.2066E+02  0.2611E+01  0.1646E+02  0.3720E+02  0.4105E+02  0.4667E+02  0.5040E+02  0.5608E+02  0.6160E+02  0.6570E+02  0.6960E+02  0.7343E+02  0.7667E+02  0.8150E+02  0.8402E+02  0.8812E+02  0.9298E+02  0.9441E+02  0.8640E+02  0.5902E+02  0.4835E+01
     15.1762       40.0000 -0.1314E+02 -0.2885E+02 -0.4054E+02 -0.3614E+02 -0.2409E+02 -0.1983E+02  0.3273E+01  0.1701E+02  0.3758E+02  0.4138E+02  0.4695E+02  0.5062E+02  0.5625E+02  0.6181E+02  0.6581E+02  0.6971E+02  0.7354E+02  0.7655E+02  0.8124E+02  0.8381E+02  0.8807E+02  0.9322E+02  0.9466E+02  0.8662E+02  0.5911E+02  0.4841E+01
     15.3117       50.0000 -0.1276E+02 -0.2831E+02 -0.3966E+02 -0.3540E+02 -0.2323E+02 -0.1876E+02  0.4123E+01  0.1770E+02  0.3807E+02  0.4180E+02  0.4731E+02  0.5092E+02  0.5650E+02  0.6207E+02  0.6601E+02  0.6993E+02  0.7378E+02  0.7658E+02  0.8115E+02  0.8378E+02  0.8820E+02  0.9362E+02  0.9540E+02  0.8833E+02  0.5926E+02  0.4865E+01
     15.4472       60.0000 -0.1232E+02 -0.2771E+02 -0.3868E+02 -0.3457E+02 -0.2222E+02 -0.1747E+02  0.5137E+01  0.1850E+02  0.3864E+02  0.4230E+02  0.4775E+02  0.5130E+02  0.5683E+02  0.6240E+02  0.6631E+02  0.7024E+02  0.7412E+02  0.7677E+02  0.8125E+02  0.8393E+02  0.8851E+02  0.9411E+02  0.9591E+02  0.8873E+02  0.5948E+02  0.4904E+01
     15.5827       70.0000 -0.1185E+02 -0.2707E+02 -0.3762E+02 -0.3371E+02 -0.2110E+02 -0.1601E+02  0.6284E+01  0.1939E+02  0.3929E+02  0.4286E+02  0.4824E+02  0.5174E+02  0.5723E+02  0.6279E+02  0.6668E+02  0.7065E+02  0.7455E+02  0.7707E+02  0.8149E+02  0.8423E+02  0.8896E+02  0.9475E+02  0.9653E+02  0.8922E+02  0.5974E+02  0.4957E+01
     15.7182       80.0000 -0.1134E+02 -0.2640E+02 -0.3652E+02 -0.3282E+02 -0.1989E+02 -0.1443E+02  0.7528E+01  0.2036E+02  0.4004E+02  0.4349E+02  0.4880E+02  0.5223E+02  0.5768E+02  0.6323E+02  0.6713E+02  0.7113E+02  0.7506E+02  0.7747E+02  0.8186E+02  0.8465E+02  0.8950E+02  0.9546E+02  0.9720E+02  0.8976E+02  0.6002E+02  0.5022E+01
     15.8537       90.0000 -0.1083E+02 -0.2573E+02 -0.3541E+02 -0.3195E+02 -0.1864E+02 -0.1279E+02  0.8829E+01  0.2135E+02  0.4079E+02  0.4415E+02  0.4938E+02  0.5275E+02  0.5817E+02  0.6372E+02  0.6763E+02  0.7166E+02  0.7563E+02  0.7799E+02  0.8233E+02  0.8514E+02  0.9009E+02  0.9619E+02  0.9787E+02  0.9029E+02  0.6031E+02  0.5094E+01
     15.9892      100.0000 -0.1032E+02 -0.2509E+02 -0.3434E+02 -0.3111E+02 -0.1739E+02 -0.1118E+02  0.1014E+02  0.2236E+02  0.4154E+02  0.4481E+02  0.4998E+02  0.5330E+02  0.5870E+02  0.6425E+02  0.6817E+02  0.7223E+02  0.7622E+02  0.7858E+02  0.8285E+02  0.8566E+02  0.9066E+02  0.9688E+02  0.9849E+02  0.9077E+02  0.6057E+02  0.5171E+01
     16.1247      110.0000 -0.9825E+01 -0.2448E+02 -0.3331E+02 -0.3032E+02 -0.1618E+02 -0.9689E+01  0.1143E+02  0.2333E+02  0.4223E+02  0.4545E+02  0.5057E+02  0.5386E+02  0.5924E+02  0.6472E+02  0.6873E+02  0.7282E+02  0.7682E+02  0.7921E+02  0.8339E+02  0.8616E+02  0.9115E+02  0.9747E+02  0.9899E+02  0.9115E+02  0.6079E+02  0.5247E+01
     16.2602      120.0000 -0.9370E+01 -0.2392E+02 -0.3239E+02 -0.2960E+02 -0.1504E+02 -0.8334E+01  0.1264E+02  0.2425E+02  0.4291E+02  0.4608E+02  0.5116E+02  0.5441E+02  0.5978E+02  0.6523E+02  0.6930E+02  0.7339E+02  0.7739E+02  0.7978E+02  0.8390E+02  0.8660E+02  0.9153E+02  0.9792E+02  0.9935E+02  0.9140E+02  0.6095E+02  0.5321E+01
     16.3957      130.0000 -0.8961E+01 -0.2343E+02 -0.3160E+02 -0.2897E+02 -0.1402E+02 -0.7108E+01  0.1375E+02  0.2507E+02  0.4354E+02  0.4666E+02  0.5171E+02  0.5494E+02  0.6031E+02  0.6575E+02  0.6984E+02  0.7395E+02  0.7793E+02  0.8031E+02  0.8436E+02  0.8694E+02  0.9176E+02  0.9820E+02  0.9952E+02  0.9149E+02  0.6102E+02  0.5388E+01
     16.5312      140.0000 -0.8610E+01 -0.2301E+02 -0.3097E+02 -0.2845E+02 -0.1313E+02 -0.6054E+01  0.1470E+02  0.2578E+02  0.4410E+02  0.4719E+02  0.5222E+02  0.5543E+02  0.6081E+02  0.6625E+02  0.7036E+02  0.7445E+02  0.7840E+02  0.8078E+02  0.8475E+02  0.8718E+02  0.9183E+02  0.9836E+02  0.9917E+02  0.9004E+02  0.6101E+02  0.5447E+01
     16.6667      150.0000 -0.8327E+01 -0.2267E+02 -0.3050E+02 -0.2808E+02 -0.1242E+02 -0.5208E+01  0.1502E+02  0.2636E+02  0.4457E+02  0.4764E+02  0.5266E+02  0.5587E+02  0.6127E+02  0.6671E+02  0.7082E+02  0.7490E+02  0.7880E+02  0.8117E+02  0.8506E+02  0.8730E+02  0.9175E+02  0.9828E+02  0.9900E+02  0.8983E+02  0.6091E+02  0.5495E+01
     16.8022      160.0000 -0.8120E+01 -0.2242E+02 -0.3024E+02 -0.2787E+02 -0.1189E+02 -0.4598E+01  0.1507E+02  0.2677E+02  0.4493E+02  0.4799E+02  0.5303E+02  0.5624E+02  0.6166E+02  0.6784E+02  0.7122E+02  0.7527E+02  0.7912E+02  0.8147E+02  0.8530E+02  0.8733E+02  0.9155E+02  0.9804E+02  0.9865E+02  0.8946E+02  0.6074E+02  0.5532E+01
     16.9377      170.0000 -0.7992E+01 -0.2225E+02 -0.3019E+02 -0.2785E+02 -0.1158E+02 -0.4241E+01  0.1501E+02  0.2701E+02  0.4517E+02  0.4824E+02  0.5330E+02  0.5653E+02  0.6198E+02  0.6809E+02  0.7155E+02  0.7557E+02  0.7935E+02  0.8171E+02  0.8546E+02  0.8729E+02  0.9125E+02  0.9765E+02  0.9821E+02  0.8916E+02  0.6052E+02  0.5558E+01
     17.0732      180.0000 -0.7949E+01 -0.2219E+02 -0.3035E+02 -0.2802E+02 -0.1148E+02 -0.4148E+01  0.1489E+02  0.2708E+02  0.4528E+02  0.4838E+02  0.5347E+02  0.5673E+02  0.6222E+02  0.6830E+02  0.7180E+02  0.7578E+02  0.7950E+02  0.8187E+02  0.8557E+02  0.8721E+02  0.9092E+02  0.9674E+02  0.9764E+02  0.8860E+02  0.6027E+02  0.5574E+01
     17.2087      190.0000 -0.7990E+01 -0.2222E+02 -0.3073E+02 -0.2836E+02 -0.1159E+02 -0.4316E+01  0.1474E+02  0.2697E+02  0.4525E+02  0.4839E+02  0.5353E+02  0.5683E+02  0.6236E+02  0.6844E+02  0.7197E+02  0.7590E+02  0.7955E+02  0.8200E+02  0.8529E+02  0.8713E+02  0.9059E+02  0.9625E+02  0.9702E+02  0.8802E+02  0.6000E+02  0.5581E+01
     17.3442      200.0000 -0.8116E+01 -0.2235E+02 -0.3153E+02 -0.2896E+02 -0.1192E+02 -0.4735E+01  0.1458E+02  0.2668E+02  0.4551E+02  0.4843E+02  0.5356E+02  0.5682E+02  0.6241E+02  0.6850E+02  0.7204E+02  0.7593E+02  0.7954E+02  0.8212E+02  0.8540E+02  0.8708E+02  0.9032E+02  0.9573E+02  0.9641E+02  0.8747E+02  0.5976E+02  0.5580E+01
     17.4797      210.0000 -0.8322E+01 -0.2259E+02 -0.3224E+02 -0.2961E+02 -0.1244E+02 -0.5386E+01  0.1439E+02  0.2624E+02  0.4517E+02  0.4818E+02  0.5338E+02  0.5671E+02  0.6235E+02  0.6847E+02  0.7201E+02  0.7588E+02  0.7945E+02  0.8216E+02  0.8552E+02  0.8709E+02  0.9015E+02  0.9525E+02  0.9587E+02  0.8699E+02  0.5954E+02  0.5572E+01
     17.6152      220.0000 -0.8603E+01 -0.2292E+02 -0.3308E+02 -0.3037E+02 -0.1313E+02 -0.6244E+01  0.1415E+02  0.2565E+02  0.4473E+02  0.4784E+02  0.5310E+02  0.5649E+02  0.6219E+02  0.6834E+02  0.7190E+02  0.7575E+02  0.7929E+02  0.8214E+02  0.8565E+02  0.8718E+02  0.9010E+02  0.9483E+02  0.9542E+02  0.8662E+02  0.5938E+02  0.5558E+01
     17.7507      230.0000 -0.8952E+01 -0.2335E+02 -0.3402E+02 -0.3122E+02 -0.1398E+02 -0.7279E+01  0.1383E+02  0.2493E+02  0.4415E+02  0.4737E+02  0.5271E+02  0.5618E+02  0.6193E+02  0.6804E+02  0.7170E+02  0.7554E+02  0.7908E+02  0.8242E+02  0.8581E+02  0.8735E+02  0.9017E+02  0.9450E+02  0.9510E+02  0.8636E+02  0.5927E+02  0.5540E+01
     17.8862      240.0000 -0.9359E+01 -0.2386E+02 -0.3502E+02 -0.3212E+02 -0.1496E+02 -0.8460E+01  0.1308E+02  0.2411E+02  0.4351E+02  0.4683E+02  0.5224E+02  0.5578E+02  0.6159E+02  0.6769E+02  0.7142E+02  0.7527E+02  0.7882E+02  0.8241E+02  0.8598E+02  0.8759E+02  0.9035E+02  0.9428E+02  0.9490E+02  0.8622E+02  0.5923E+02  0.5518E+01
     18.0217      250.0000 -0.9814E+01 -0.2444E+02 -0.3605E+02 -0.3304E+02 -0.1605E+02 -0.9750E+01  0.1196E+02  0.2322E+02  0.4283E+02  0.4623E+02  0.5170E+02  0.5530E+02  0.6117E+02  0.6729E+02  0.7107E+02  0.7493E+02  0.7850E+02  0.8238E+02  0.8616E+02  0.8787E+02  0.9062E+02  0.9414E+02  0.9482E+02  0.8621E+02  0.5924E+02  0.5490E+01
     18.1572      260.0000 -0.1030E+02 -0.2508E+02 -0.3709E+02 -0.3393E+02 -0.1719E+02 -0.1111E+02  0.1078E+02  0.2227E+02  0.4211E+02  0.4558E+02  0.5110E+02  0.5477E+02  0.6068E+02  0.6683E+02  0.7065E+02  0.7453E+02  0.7815E+02  0.8231E+02  0.8631E+02  0.8816E+02  0.9094E+02  0.9414E+02  0.9480E+02  0.8613E+02  0.5929E+02  0.5458E+01
     18.2927      270.0000 -0.1081E+02 -0.2576E+02 -0.3811E+02 -0.3476E+02 -0.1837E+02 -0.1251E+02  0.9544E+01  0.2130E+02  0.4137E+02  0.4490E+02  0.5048E+02  0.5420E+02  0.6015E+02  0.6632E+02  0.7018E+02  0.7409E+02  0.7775E+02  0.8220E+02  0.8641E+02  0.8842E+02  0.9125E+02  0.9414E+02  0.9489E+02  0.8628E+02  0.5937E+02  0.5421E+01
     18.4282      280.0000 -0.1133E+02 -0.2645E+02 -0.3908E+02 -0.3552E+02 -0.1956E+02 -0.1390E+02  0.8302E+01  0.2034E+02  0.4063E+02  0.4421E+02  0.4984E+02  0.5361E+02  0.5959E+02  0.6586E+02  0.6967E+02  0.7360E+02  0.7732E+02  0.8201E+02  0.8644E+02  0.8860E+02  0.9151E+02  0.9413E+02  0.9502E+02  0.8647E+02  0.5945E+02  0.5377E+01
     18.5637      290.0000 -0.1183E+02 -0.2713E+02 -0.3997E+02 -0.3620E+02 -0.2071E+02 -0.1525E+02  0.7084E+01  0.1941E+02  0.3991E+02  0.4354E+02  0.4921E+02  0.5302E+02  0.5902E+02  0.6534E+02  0.6913E+02  0.7309E+02  0.7686E+02  0.8175E+02  0.8635E+02  0.8867E+02  0.9168E+02  0.9411E+02  0.9519E+02  0.8681E+02  0.5952E+02  0.5327E+01
     18.6992      300.0000 -0.1231E+02 -0.2779E+02 -0.4078E+02 -0.3678E+02 -0.2181E+02 -0.1659E+02  0.5926E+01  0.1854E+02  0.3924E+02  0.4291E+02  0.4861E+02  0.5245E+02  0.5845E+02  0.6480E+02  0.6859E+02  0.7256E+02  0.7637E+02  0.8139E+02  0.8613E+02  0.8861E+02  0.9171E+02  0.9399E+02  0.9528E+02  0.8694E+02  0.5957E+02  0.5272E+01
     18.8347      310.0000 -0.1275E+02 -0.2839E+02 -0.4147E+02 -0.3728E+02 -0.2282E+02 -0.1787E+02  0.4860E+01  0.1776E+02  0.3863E+02  0.4233E+02  0.4805E+02  0.5191E+02  0.5792E+02  0.6426E+02  0.6805E+02  0.7204E+02  0.7588E+02  0.8061E+02  0.8578E+02  0.8838E+02  0.9158E+02  0.9385E+02  0.9529E+02  0.8700E+02  0.5957E+02  0.5211E+01
     18.9702      320.0000 -0.1313E+02 -0.2891E+02 -0.4204E+02 -0.3767E+02 -0.2370E+02 -0.1904E+02  0.3919E+01  0.1708E+02  0.3814E+02  0.4184E+02  0.4757E+02  0.5143E+02  0.5742E+02  0.6375E+02  0.6753E+02  0.7152E+02  0.7538E+02  0.8009E+02  0.8529E+02  0.8801E+02  0.9130E+02  0.9366E+02  0.9524E+02  0.8700E+02  0.5954E+02  0.5148E+01
     19.1057      330.0000 -0.1344E+02 -0.2934E+02 -0.4246E+02 -0.3796E+02 -0.2445E+02 -0.2003E+02  0.3130E+01  0.1652E+02  0.3772E+02  0.4143E+02  0.4716E+02  0.5101E+02  0.5698E+02  0.6329E+02  0.6705E+02  0.7103E+02  0.7491E+02  0.7953E+02  0.8471E+02  0.8750E+02  0.9089E+02  0.9343E+02  0.9511E+02  0.8694E+02  0.5946E+02  0.5083E+01
     19.2412      340.0000 -0.1367E+02 -0.2966E+02 -0.4272E+02 -0.3812E+02 -0.2502E+02 -0.2080E+02  0.2517E+01  0.1611E+02  0.3739E+02  0.4111E+02  0.4684E+02  0.5068E+02  0.5661E+02  0.6288E+02  0.6662E+02  0.7060E+02  0.7446E+02  0.7896E+02  0.8405E+02  0.8689E+02  0.9037E+02  0.9316E+02  0.9493E+02  0.8682E+02  0.5936E+02  0.5020E+01
     19.3767      350.0000 -0.1381E+02 -0.2985E+02 -0.4264E+02 -0.3808E+02 -0.2540E+02 -0.2132E+02  0.2102E+01  0.1585E+02  0.3676E+02  0.4075E+02  0.4653E+02  0.5043E+02  0.5632E+02  0.6184E+02  0.6626E+02  0.7022E+02  0.7407E+02  0.7840E+02  0.8335E+02  0.8622E+02  0.8981E+02  0.9290E+02  0.9472E+02  0.8668E+02  0.5924E+02  0.4961E+01
     19.5122      360.0000 -0.1386E+02 -0.2991E+02 -0.4257E+02 -0.3796E+02 -0.2557E+02 -0.2157E+02  0.1898E+01  0.1575E+02  0.3671E+02  0.4067E+02  0.4642E+02  0.5028E+02  0.5612E+02  0.6168E+02  0.6598E+02  0.6992E+02  0.7376E+02  0.7783E+02  0.8267E+02  0.8554E+02  0.8924E+02  0.9268E+02  0.9454E+02  0.8654E+02  0.5913E+02  0.4910E+01
     19.6477       10.0000 -0.1382E+02 -0.2983E+02 -0.4232E+02 -0.3771E+02 -0.2552E+02 -0.2154E+02  0.1914E+01  0.1582E+02  0.3676E+02  0.4069E+02  0.4640E+02  0.5022E+02  0.5601E+02  0.6158E+02  0.6579E+02  0.6971E+02  0.7354E+02  0.7734E+02  0.8204E+02  0.8492E+02  0.8874E+02  0.9254E+02  0.9441E+02  0.8645E+02  0.5905E+02  0.4871E+01
     19.7832       20.0000 -0.1368E+02 -0.2962E+02 -0.4188E+02 -0.3731E+02 -0.2525E+02 -0.2123E+02  0.2151E+01  0.1606E+02  0.3692E+02  0.4081E+02  0.4649E+02  0.5026E+02  0.5600E+02  0.6154E+02  0.6569E+02  0.6960E+02  0.7343E+02  0.7694E+02  0.8151E+02  0.8440E+02  0.8835E+02  0.9292E+02  0.9432E+02  0.8629E+02  0.5901E+02  0.4845E+01
     19.9187       30.0000 -0.1345E+02 -0.2929E+02 -0.4129E+02 -0.3678E+02 -0.2477E+02 -0.2066E+02  0.2607E+01  0.1646E+02  0.3720E+02  0.4105E+02  0.4667E+02  0.5040E+02  0.5608E+02  0.6159E+02  0.6570E+02  0.6960E+02  0.7343E+02  0.7667E+02  0.8150E+02  0.8402E+02  0.8812E+02  0.9298E+02  0.9441E+02  0.8640E+02  0.5902E+02  0.4835E+01
     20.0542       40.0000 -0.1314E+02 -0.2885E+02 -0.4054E+02 -0.3614E+02 -0.2409E+02 -0.1982E+02  0.3269E+01  0.1701E+02  0.3758E+02  0.4138E+02  0.4695E+02  0.5062E+02  0.5625E+02  0.6180E+02  0.6581E+02  0.6971E+02  0.7354E+02  0.7655E+02  0.8124E+02  0.8381E+02  0.8807E+02  0.9322E+02  0.9466E+02  0.8662E+02  0.5911E+02  0.4841E+01
     20.1897       50.0000 -0.1276E+02 -0.2831E+02 -0.3966E+02 -0.3540E+02 -0.2323E+02 -0.1875E+02  0.4119E+01  0.1769E+02  0.3807E+02  0.4180E+02  0.4731E+02  0.5092E+02  0.5650E+02  0.6207E+02  0.6601E+02  0.6993E+02  0.7378E+02  0.7659E+02  0.8115E+02  0.8378E+02  0.8820E+02  0.9362E+02  0.9540E+02  0.8833E+02  0.5926E+02  0.4865E+01
     20.3252       60.0000 -0.1232E+02 -0.2771E+02 -0.3868E+02 -0.3457E+02 -0.2222E+02 -0.1747E+02  0.5133E+01  0.1850E+02  0.3864E+02  0.4230E+02  0.4775E+02  0.5130E+02  0.5683E+02  0.6239E+02  0.6631E+02  0.7024E+02  0.7412E+02  0.7677E+02  0.8125E+02  0.8393E+02  0.8851E+02  0.9411E+02  0.9591E+02  0.8873E+02  0.5948E+02  0.4904E+01
     20.4607       70.0000 -0.1185E+02 -0.2707E+02 -0.3762E+02 -0.3371E+02 -0.2110E+02 -0.1601E+02  0.6280E+01  0.1939E+02  0.3929E+02  0.4286E+02  0.4824E+02  0.5174E+02  0.5723E+02  0.6278E+02  0.6668E+02  0.7065E+02  0.7455E+02  0.7707E+02  0.8148E+02  0.8423E+02  0.8896E+02  0.9475E+02  0.9653E+02  0.8922E+02  0.5974E+02  0.4957E+01
     20.5962       80.0000 -0.1134E+02 -0.2640E+02 -0.3652E+02 -0.3282E+02 -0.1989E+02 -0.1442E+02  0.7524E+01  0.2035E+02  0.4003E+02  0.4349E+02  0.4880E+02  0.5223E+02  0.5768E+02  0.6323E+02  0.6713E+02  0.7113E+02  0.7506E+02  0.7748E+02  0.8186E+02  0.8465E+02  0.8950E+02  0.9546E+02  0.9720E+02  0.8976E+02  0.6002E+02  0.5022E+01
     20.7317       90.0000 -0.1083E+02 -0.2573E+02 -0.3541E+02 -0.3195E+02 -0.1864E+02 -0.1279E+02  0.8825E+01  0.2135E+02  0.4079E+02  0.4414E+02  0.4938E+02  0.5275E+02  0.5817E+02  0.6372E+02  0.6763E+02  0.7166E+02  0.7563E+02  0.7799E+02  0.8233E+02  0.8514E+02  0.9009E+02  0.9619E+02  0.9787E+02  0.9029E+02  0.6031E+02  0.5094E+01
     20.8672      100.0000 -0.1032E+02 -0.2509E+02 -0.3433E+02 -0.3111E+02 -0.1739E+02 -0.1118E+02  0.1014E+02  0.2235E+02  0.4154E+02  0.4481E+02  0.4998E+02  0.5330E+02  0.5870E+02  0.6425E+02  0.6817E+02  0.7223E+02  0.7622E+02  0.7858E+02  0.8285E+02  0.8566E+02  0.9066E+02  0.9688E+02  0.9849E+02  0.9077E+02  0.6057E+02  0.5171E+01
     21.0027      110.0000 -0.9825E+01 -0.2448E+02 -0.3331E+02 -0.3031E+02 -0.1618E+02 -0.9686E+01  0.1143E+02  0.2333E+02  0.4223E+02  0.4545E+02  0.5057E+02  0.5386E+02  0.5924E+02  0.6471E+02  0.6873E+02  0.7282E+02  0.7682E+02  0.7921E+02  0.8339E+02  0.8616E+02  0.9115E+02  0.9747E+02  0.9899E+02  0.9115E+02  0.6079E+02  0.5247E+01
     21.1382      120.0000 -0.9370E+01 -0.2392E+02 -0.3239E+02 -0.2959E+02 -0.1505E+02 -0.8331E+01  0.1264E+02  0.2425E+02  0.4290E+02  0.4607E+02  0.5116E+02  0.5441E+02  0.5978E+02  0.6522E+02  0.6930E+02  0.7339E+02  0.7739E+02  0.7979E+02  0.8390E+02  0.8660E+02  0.9153E+02  0.9792E+02  0.9935E+02  0.9140E+02  0.6095E+02  0.5321E+01
     21.2737      130.0000 -0.8961E+01 -0.2343E+02 -0.3160E+02 -0.2897E+02 -0.1402E+02 -0.7105E+01  0.1374E+02  0.2507E+02  0.4354E+02  0.4666E+02  0.5171E+02  0.5493E+02  0.6031E+02  0.6574E+02  0.6984E+02  0.7395E+02  0.7793E+02  0.8032E+02  0.8436E+02  0.8694E+02  0.9176E+02  0.9820E+02  0.9952E+02  0.9149E+02  0.6102E+02  0.5388E+01
     21.4092      140.0000 -0.8610E+01 -0.2301E+02 -0.3096E+02 -0.2845E+02 -0.1313E+02 -0.6051E+01  0.1470E+02  0.2578E+02  0.4410E+02  0.4719E+02  0.5222E+02  0.5543E+02  0.6081E+02  0.6624E+02  0.7036E+02  0.7445E+02  0.7840E+02  0.8078E+02  0.8475E+02  0.8718E+02  0.9183E+02  0.9836E+02  0.9917E+02  0.9004E+02  0.6101E+02  0.5447E+01
     21.5447      150.0000 -0.8327E+01 -0.2267E+02 -0.3050E+02 -0.2808E+02 -0.1242E+02 -0.5205E+01  0.1502E+02  0.2635E+02  0.4457E+02  0.4764E+02  0.5266E+02  0.5587E+02  0.6127E+02  0.6671E+02  0.7082E+02  0.7490E+02  0.7880E+02  0.8117E+02  0.8506E+02  0.8730E+02  0.9175E+02  0.9828E+02  0.9900E+02  0.8983E+02  0.6091E+02  0.5495E+01
     21.6802      160.0000 -0.8120E+01 -0.2242E+02 -0.3024E+02 -0.2787E+02 -0.1189E+02 -0.4594E+01  0.1507E+02  0.2677E+02  0.4493E+02  0.4799E+02  0.5303E+02  0.5624E+02  0.6166E+02  0.6783E+02  0.7122E+02  0.7527E+02  0.7912E+02  0.8148E+02  0.8530E+02  0.8733E+02  0.9155E+02  0.9803E+02  0.9865E+02  0.8946E+02  0.6074E+02  0.5532E+01
     21.8157      170.0000 -0.7992E+01 -0.2225E+02 -0.3019E+02 -0.2785E+02 -0.1158E+02 -0.4238E+01  0.1501E+02  0.2701E+02  0.4517E+02  0.4824E+02  0.5330E+02  0.5653E+02  0.6198E+02  0.6808E+02  0.7155E+02  0.7557E+02  0.7935E+02  0.8171E+02  0.8546E+02  0.8729E+02  0.9125E+02  0.9765E+02  0.9821E+02  0.8916E+02  0.6052E+02  0.5558E+01
     21.9512      180.0000 -0.7949E+01 -0.2219E+02 -0.3035E+02 -0.2801E+02 -0.1148E+02 -0.4145E+01  0.1489E+02  0.2708E+02  0.4528E+02  0.4838E+02  0.5347E+02  0.5673E+02  0.6222E+02  0.6829E+02  0.7180E+02  0.7578E+02  0.7950E+02  0.8187E+02  0.8557E+02  0.8721E+02  0.9092E+02  0.9674E+02  0.9764E+02  0.8860E+02  0.6027E+02  0.5574E+01
     22.0867      190.0000 -0.7990E+01 -0.2222E+02 -0.3073E+02 -0.2836E+02 -0.1159E+02 -0.4313E+01  0.1474E+02  0.2696E+02  0.4525E+02  0.4839E+02  0.5353E+02  0.5683E+02  0.6236E+02  0.6844E+02  0.7197E+02  0.7590E+02  0.7955E+02  0.8201E+02  0.8529E+02  0.8713E+02  0.9059E+02  0.9625E+02  0.9702E+02  0.8802E+02  0.6000E+02  0.5581E+01
     22.2222      200.0000 -0.8116E+01 -0.2235E+02 -0.3153E+02 -0.2896E+02 -0.1192E+02 -0.4732E+01  0.1458E+02  0.2668E+02  0.4551E+02  0.4843E+02  0.5356E+02  0.5682E+02  0.6241E+02  0.6850E+02  0.7204E+02  0.7593E+02  0.7954E+02  0.8212E+02  0.8540E+02  0.8708E+02  0.9032E+02  0.9573E+02  0.9641E+02  0.8747E+02  0.5976E+02  0.5580E+01
     22.3577      210.0000 -0.8322E+01 -0.2259E+02 -0.3224E+02 -0.2961E+02 -0.1244E+02 -0.5383E+01  0.1439E+02  0.2624E+02  0.4517E+02  0.4818E+02  0.5338E+02  0.5671E+02  0.6235E+02  0.6846E+02  0.7201E+02  0.7588E+02  0.7945E+02  0.8216E+02  0.8552E+02  0.8709E+02  0.9015E+02  0.9525E+02  0.9587E+02  0.8699E+02  0.5954E+02  0.5572E+01
     22.4932      220.0000 -0.8603E+01 -0.2292E+02 -0.3308E+02 -0.3037E+02 -0.1313E+02 -0.6241E+01  0.1415E+02  0.2565E+02  0.4473E+02  0.4783E+02  0.5310E+02  0.5649E+02  0.6219E+02  0.6834E+02  0.7190E+02  0.7575E+02  0.7929E+02  0.8215E+02  0.8565E+02  0.8718E+02  0.9010E+02  0.9483E+02  0.9542E+02  0.8662E+02  0.5938E+02  0.5558E+01
     22.6287      230.0000 -0.8952E+01 -0.2335E+02 -0.3402E+02 -0.3122E+02 -0.1398E+02 -0.7277E+01  0.1383E+02  0.2493E+02  0.4415E+02  0.4737E+02  0.5271E+02  0.5618E+02  0.6193E+02  0.6804E+02  0.7170E+02  0.7554E+02  0.7908E+02  0.8243E+02  0.8581E+02  0.8735E+02  0.9017E+02  0.9450E+02  0.9510E+02  0.8636E+02  0.5927E+02  0.5540E+01
     22.7642      240.0000 -0.9359E+01 -0.2386E+02 -0.3502E+02 -0.3212E+02 -0.1497E+02 -0.8457E+01  0.1307E+02  0.2411E+02  0.4351E+02  0.4683E+02  0.5224E+02  0.5578E+02  0.6159E+02  0.6769E+02  0.7142E+02  0.7527E+02  0.7882E+02  0.8241E+02  0.8598E+02  0.8759E+02  0.9035E+02  0.9428E+02  0.9490E+02  0.8622E+02  0.5923E+02  0.5518E+01
     22.8997      250.0000 -0.9814E+01 -0.2444E+02 -0.3605E+02 -0.3304E+02 -0.1605E+02 -0.9747E+01  0.1196E+02  0.2321E+02  0.4283E+02  0.4623E+02  0.5170E+02  0.5530E+02  0.6117E+02  0.6728E+02  0.7107E+02  0.7493E+02  0.7850E+02  0.8238E+02  0.8616E+02  0.8787E+02  0.9062E+02  0.9414E+02  0.9482E+02  0.8621E+02  0.5924E+02  0.5490E+01
     23.0352      260.0000 -0.1030E+02 -0.2508E+02 -0.3709E+02 -0.3393E+02 -0.1719E+02 -0.1111E+02  0.1077E+02  0.2227E+02  0.4210E+02  0.4558E+02  0.5110E+02  0.5477E+02  0.6068E+02  0.6682E+02  0.7065E+02  0.7453E+02  0.7815E+02  0.8231E+02  0.8630E+02  0.8816E+02  0.9094E+02  0.9414E+02  0.9480E+02  0.8613E+02  0.5929E+02  0.5458E+01
     23.1707      270.0000 -0.1081E+02 -0.2576E+02 -0.3811E+02 -0.3476E+02 -0.1837E+02 -0.1250E+02  0.9541E+01  0.2130E+02  0.4136E+02  0.4490E+02  0.5048E+02  0.5420E+02  0.6015E+02  0.6632E+02  0.7018E+02  0.7409E+02  0.7775E+02  0.8220E+02  0.8641E+02  0.8842E+02  0.9125E+02  0.9414E+02  0.9489E+02  0.8628E+02  0.5937E+02  0.5421E+01
     23.3062      280.0000 -0.1133E+02 -0.2645E+02 -0.3908E+02 -0.3552E+02 -0.1956E+02 -0.1389E+02  0.8299E+01  0.2034E+02  0.4062E+02  0.4421E+02  0.4984E+02  0.5361E+02  0.5959E+02  0.6585E+02  0.6967E+02  0.7360E+02  0.7732E+02  0.8201E+02  0.8644E+02  0.8860E+02  0.9151E+02  0.9413E+02  0.9502E+02  0.8647E+02  0.5945E+02  0.5377E+01
     23.4417      290.0000 -0.1183E+02 -0.2713E+02 -0.3997E+02 -0.3620E+02 -0.2071E+02 -0.1525E+02  0.7081E+01  0.1941E+02  0.3991E+02  0.4354E+02  0.4921E+02  0.5302E+02  0.5902E+02  0.6533E+02  0.6913E+02  0.7309E+02  0.7686E+02  0.8175E+02  0.8635E+02  0.8867E+02  0.9168E+02  0.9411E+02  0.9519E+02  0.8681E+02  0.5952E+02  0.5327E+01
     23.5772      300.0000 -0.1231E+02 -0.2779E+02 -0.4078E+02 -0.3678E+02 -0.2181E+02 -0.1658E+02  0.5923E+01  0.1854E+02  0.3924E+02  0.4291E+02  0.4861E+02  0.5245E+02  0.5845E+02  0.6479E+02  0.6859E+02  0.7256E+02  0.7637E+02  0.8140E+02  0.8613E+02  0.8861E+02  0.9171E+02  0.9399E+02  0.9528E+02  0.8694E+02  0.5957E+02  0.5272E+01
     23.7127      310.0000 -0.1275E+02 -0.2839E+02 -0.4147E+02 -0.3728E+02 -0.2282E+02 -0.1787E+02  0.4858E+01  0.1775E+02  0.3863E+02  0.4233E+02  0.4805E+02  0.5191E+02  0.5792E+02  0.6426E+02  0.6805E+02  0.7204E+02  0.7588E+02  0.8061E+02  0.8578E+02  0.8838E+02  0.9158E+02  0.9385E+02  0.9529E+02  0.8700E+02  0.5957E+02  0.5211E+01
     23.8482      320.0000 -0.1313E+02 -0.2891E+02 -0.4204E+02 -0.3767E+02 -0.2371E+02 -0.1903E+02  0.3916E+01  0.1707E+02  0.3814E+02  0.4184E+02  0.4757E+02  0.5143E+02  0.5742E+02  0.6375E+02  0.6753E+02  0.7152E+02  0.7538E+02  0.8009E+02  0.8529E+02  0.8801E+02  0.9130E+02  0.9366E+02  0.9524E+02  0.8700E+02  0.5954E+02  0.5148E+01
     23.9837      330.0000 -0.1344E+02 -0.2934E+02 -0.4246E+02 -0.3796E+02 -0.2445E+02 -0.2003E+02  0.3127E+01  0.1652E+02  0.3772E+02  0.4143E+02  0.4716E+02  0.5101E+02  0.5698E+02  0.6328E+02  0.6705E+02  0.7103E+02  0.7491E+02  0.7953E+02  0.8471E+02  0.8750E+02  0.9089E+02  0.9343E+02  0.9511E+02  0.8694E+02  0.5946E+02  0.5083E+01
     24.1192      340.0000 -0.1367E+02 -0.2966E+02 -0.4272E+02 -0.3812E+02 -0.2502E+02 -0.2080E+02  0.2515E+01  0.1611E+02  0.3739E+02  0.4111E+02  0.4684E+02  0.5068E+02  0.5661E+02  0.6288E+02  0.6662E+02  0.7060E+02  0.7446E+02  0.7896E+02  0.8405E+02  0.8689E+02  0.9037E+02  0.9316E+02  0.9493E+02  0.8682E+02  0.5936E+02  0.5020E+01
     24.2547      350.0000 -0.1381E+02 -0.2985E+02 -0.4264E+02 -0.3808E+02 -0.2540E+02 -0.2132E+02  0.2099E+01  0.1585E+02  0.3676E+02  0.4075E+02  0.4653E+02  0.5043E+02  0.5632E+02  0.6183E+02  0.6626E+02  0.7022E+02  0.7407E+02  0.7840E+02  0.8335E+02  0.8622E+02  0.8981E+02  0.9290E+02  0.9472E+02  0.8668E+02  0.5924E+02  0.4961E+01
     24.3902      360.0000 -0.1386E+02 -0.2991E+02 -0.4257E+02 -0.3796E+02 -0.2557E+02 -0.2157E+02  0.1895E+01  0.1575E+02  0.3671E+02  0.4067E+02  0.4642E+02  0.5028E+02  0.5612E+02  0.6168E+02  0.6598E+02  0.6992E+02  0.7376E+02  0.7783E+02  0.8266E+02  0.8554E+02  0.8924E+02  0.9268E+02  0.9454E+02  0.8654E+02  0.5913E+02  0.4910E+01
     24.5257       10.0000 -0.1382E+02 -0.2983E+02 -0.4232E+02 -0.3771E+02 -0.2552E+02 -0.2154E+02  0.1911E+01  0.1582E+02  0.3676E+02  0.4069E+02  0.4640E+02  0.5022E+02  0.5601E+02  0.6157E+02  0.6579E+02  0.6971E+02  0.7354E+02  0.7734E+02  0.8204E+02  0.8492E+02  0.8874E+02  0.9254E+02  0.9441E+02  0.8645E+02  0.5905E+02  0.4871E+01
     24.6612       20.0000 -0.1368E+02 -0.2962E+02 -0.4188E+02 -0.3731E+02 -0.2525E+02 -0.2123E+02  0.2149E+01  0.1606E+02  0.3692E+02  0.4081E+02  0.4649E+02  0.5026E+02  0.5600E+02  0.6154E+02  0.6569E+02  0.6960E+02  0.7343E+02  0.7694E+02  0.8151E+02  0.8440E+02  0.8835E+02  0.9292E+02  0.9432E+02  0.8629E+02  0.5901E+02  0.4845E+01
     24.7967       30.0000 -0.1345E+02 -0.2929E+02 -0.4129E+02 -0.3678E+02 -0.2477E+02 -0.2065E+02  0.2604E+01  0.1646E+02  0.3719E+02  0.4104E+02  0.4667E+02  0.5040E+02  0.5608E+02  0.6159E+02  0.6570E+02  0.6960E+02  0.7343E+02  0.7667E+02  0.8150E+02  0.8402E+02  0.8812E+02  0.9298E+02  0.9441E+02  0.8640E+02  0.5902E+02  0.4835E+01
     24.9322       40.0000 -0.1314E+02 -0.2885E+02 -0.4054E+02 -0.3614E+02 -0.2409E+02 -0.1982E+02  0.3266E+01  0.1701E+02  0.3758E+02  0.4138E+02  0.4695E+02  0.5062E+02  0.5625E+02  0.6180E+02  0.6581E+02  0.6971E+02  0.7354E+02  0.7655E+02  0.8124E+02  0.8381E+02  0.8807E+02  0.9322E+02  0.9466E+02  0.8662E+02  0.5911E+02  0.4841E+01
     25.0678       50.0000 -0.1276E+02 -0.2831E+02 -0.3966E+02 -0.3540E+02 -0.2323E+02 -0.1875E+02  0.4117E+01  0.1769E+02  0.3806E+02  0.4180E+02  0.4731E+02  0.5092E+02  0.5650E+02  0.6206E+02  0.6601E+02  0.6993E+02  0.7378E+02  0.7659E+02  0.8115E+02  0.8378E+02  0.8820E+02  0.9362E+02  0.9540E+02  0.8833E+02  0.5926E+02  0.4865E+01
     25.2033       60.0000 -0.1232E+02 -0.2771E+02 -0.3868E+02 -0.3457E+02 -0.2222E+02 -0.1747E+02  0.5130E+01  0.1849E+02  0.3864E+02  0.4230E+02  0.4775E+02  0.5130E+02  0.5683E+02  0.6239E+02  0.6631E+02  0.7024E+02  0.7412E+02  0.7677E+02  0.8125E+02  0.8393E+02  0.8851E+02  0.9411E+02  0.9591E+02  0.8873E+02  0.5948E+02  0.4904E+01
     25.3388       70.0000 -0.1185E+02 -0.2707E+02 -0.3762E+02 -0.3371E+02 -0.2110E+02 -0.1600E+02  0.6277E+01  0.1939E+02  0.3929E+02  0.4286E+02  0.4824E+02  0.5174E+02  0.5723E+02  0.6278E+02  0.6669E+02  0.7065E+02  0.7455E+02  0.7707E+02  0.8148E+02  0.8423E+02  0.8896E+02  0.9475E+02  0.9653E+02  0.8922E+02  0.5974E+02  0.4957E+01
     25.4743       80.0000 -0.1134E+02 -0.2640E+02 -0.3652E+02 -0.3282E+02 -0.1989E+02 -0.1442E+02  0.7521E+01  0.2035E+02  0.4003E+02  0.4349E+02  0.4880E+02  0.5223E+02  0.5768E+02  0.6322E+02  0.6713E+02  0.7113E+02  0.7506E+02  0.7748E+02  0.8186E+02  0.8465E+02  0.8950E+02  0.9546E+02  0.9720E+02  0.8976E+02  0.6002E+02  0.5022E+01
     25.6098       90.0000 -0.1083E+02 -0.2573E+02 -0.3541E+02 -0.3195E+02 -0.1864E+02 -0.1278E+02  0.8822E+01  0.2135E+02  0.4078E+02  0.4414E+02  0.4938E+02  0.5275E+02  0.5817E+02  0.6371E+02  0.6763E+02  0.7166E+02  0.7563E+02  0.7799E+02  0.8233E+02  0.8514E+02  0.9009E+02  0.9619E+02  0.9787E+02  0.9029E+02  0.6031E+02  0.5094E+01
     25.7453      100.0000 -0.1032E+02 -0.2509E+02 -0.3433E+02 -0.3111E+02 -0.1739E+02 -0.1118E+02  0.1014E+02  0.2235E+02  0.4154E+02  0.4481E+02  0.4998E+02  0.5330E+02  0.5870E+02  0.6424E+02  0.6817E+02  0.7223E+02  0.7622E+02  0.7858E+02  0.8285E+02  0.8566E+02  0.9066E+02  0.9688E+02  0.9849E+02  0.9077E+02  0.6057E+02  0.5171E+01
     25.8808      110.0000 -0.9825E+01 -0.2448E+02 -0.3331E+02 -0.3031E+02 -0.1618E+02 -0.9683E+01  0.1142E+02  0.2333E+02  0.4223E+02  0.4545E+02  0.5057E+02  0.5386E+02  0.5924E+02  0.6471E+02  0.6873E+02  0.7282E+02  0.7682E+02  0.7921E+02  0.8339E+02  0.8616E+02  0.9115E+02  0.9747E+02  0.9899E+02  0.9115E+02  0.6079E+02  0.5247E+01
     26.0163      120.0000 -0.9370E+01 -0.2392E+02 -0.3239E+02 -0.2959E+02 -0.1505E+02 -0.8329E+01  0.1264E+02  0.2424E+02  0.4290E+02  0.4607E+02  0.5116E+02  0.5441E+02  0.5978E+02  0.6522E+02  0.6930E+02  0.7339E+02  0.7739E+02  0.7979E+02  0.8390E+02  0.8660E+02  0.9153E+02  0.9792E+02  0.9935E+02  0.9140E+02  0.6095E+02  0.5321E+01
     26.1518      130.0000 -0.8961E+01 -0.2343E+02 -0.3160E+02 -0.2896E+02 -0.1402E+02 -0.7103E+01  0.1374E+02  0.2507E+02  0.4353E+02  0.4666E+02  0.5171E+02  0.5493E+02  0.6031E+02  0.6574E+02  0.6984E+02  0.7395E+02  0.7793E+02  0.8032E+02  0.8436E+02  0.8694E+02  0.9176E+02  0.9820E+02  0.9952E+02  0.9149E+02  0.6102E+02  0.5388E+01
     26.2873      140.0000 -0.8610E+01 -0.2301E+02 -0.3096E+02 -0.2845E+02 -0.1313E+02 -0.6049E+01  0.1470E+02  0.2578E+02  0.4410E+02  0.4719E+02  0.5222E+02  0.5543E+02  0.6081E+02  0.6624E+02  0.7036E+02  0.7445E+02  0.7840E+02  0.8078E+02  0.8475E+02  0.8718E+02  0.9183E+02  0.9836E+02  0.9917E+02  0.9004E+02  0.6101E+02  0.5447E+01
     26.4228      150.0000 -0.8327E+01 -0.2267E+02 -0.3050E+02 -0.2808E+02 -0.1242E+02 -0.5203E+01  0.1502E+02  0.2635E+02  0.4457E+02  0.4764E+02  0.5266E+02  0.5587E+02  0.6127E+02  0.6671E+02  0.7082E+02  0.7490E+02  0.7880E+02  0.8117E+02  0.8506E+02  0.8730E+02  0.9175E+02  0.9828E+02  0.9900E+02  0.8983E+02  0.6091E+02  0.5495E+01
     26.5583      160.0000 -0.8120E+01 -0.2242E+02 -0.3024E+02 -0.2787E+02 -0.1189E+02 -0.4592E+01  0.1507E+02  0.2677E+02  0.4493E+02  0.4799E+02  0.5303E+02  0.5624E+02  0.6166E+02  0.6783E+02  0.7122E+02  0.7527E+02  0.7912E+02  0.8148E+02  0.8529E+02  0.8733E+02  0.9155E+02  0.9803E+02  0.9865E+02  0.8946E+02  0.6074E+02  0.5532E+01
     26.6938      170.0000 -0.7992E+01 -0.2225E+02 -0.3019E+02 -0.2785E+02 -0.1158E+02 -0.4236E+01  0.1501E+02  0.2701E+02  0.4517E+02  0.4824E+02  0.5330E+02  0.5653E+02  0.6198E+02  0.6808E+02  0.7155E+02  0.7557E+02  0.7935E+02  0.8171E+02  0.8546E+02  0.8729E+02  0.9125E+02  0.9765E+02  0.9821E+02  0.8916E+02  0.6052E+02  0.5558E+01
     26.8293      180.0000 -0.7949E+01 -0.2219E+02 -0.3035E+02 -0.2801E+02 -0.1148E+02 -0.4143E+01  0.1489E+02  0.2707E+02  0.4528E+02  0.4838E+02  0.5347E+02  0.5673E+02  0.6222E+02  0.6829E+02  0.7180E+02  0.7578E+02  0.7950E+02  0.8187E+02  0.8557E+02  0.8721E+02  0.9092E+02  0.9674E+02  0.9764E+02  0.8860E+02  0.6027E+02  0.5574E+01
     26.9648      190.0000 -0.7990E+01 -0.2222E+02 -0.3073E+02 -0.2836E+02 -0.1159E+02 -0.4311E+01  0.1474E+02  0.2696E+02  0.4525E+02  0.4839E+02  0.5353E+02  0.5683E+02  0.6236E+02  0.6843E+02  0.7197E+02  0.7590E+02  0.7955E+02  0.8201E+02  0.8529E+02  0.8713E+02  0.9059E+02  0.9625E+02  0.9702E+02  0.8802E+02  0.6000E+02  0.5581E+01
     27.1003      200.0000 -0.8116E+01 -0.2235E+02 -0.3153E+02 -0.2896E+02 -0.1192E+02 -0.4730E+01  0.1458E+02  0.2668E+02  0.4551E+02  0.4843E+02  0.5356E+02  0.5682E+02  0.6241E+02  0.6849E+02  0.7204E+02  0.7593E+02  0.7954E+02  0.8212E+02  0.8540E+02  0.8708E+02  0.9032E+02  0.9573E+02  0.9641E+02  0.8747E+02  0.5976E+02  0.5580E+01
     27.2358      210.0000 -0.8322E+01 -0.2259E+02 -0.3224E+02 -0.2961E+02 -0.1244E+02 -0.5381E+01  0.1439E+02  0.2623E+02  0.4517E+02  0.4818E+02  0.5338E+02  0.5671E+02  0.6235E+02  0.6846E+02  0.7201E+02  0.7588E+02  0.7945E+02  0.8216E+02  0.8551E+02  0.8709E+02  0.9015E+02  0.9525E+02  0.9587E+02  0.8699E+02  0.5954E+02  0.5572E+01
     27.3713      220.0000 -0.8603E+01 -0.2292E+02 -0.3308E+02 -0.3037E+02 -0.1313E+02 -0.6239E+01  0.1415E+02  0.2564E+02  0.4473E+02  0.4783E+02  0.5310E+02  0.5649E+02  0.6219E+02  0.6834E+02  0.7190E+02  0.7575E+02  0.7929E+02  0.8215E+02  0.8565E+02  0.8718E+02  0.9010E+02  0.9483E+02  0.9542E+02  0.8662E+02  0.5938E+02  0.5558E+01
     27.5068      230.0000 -0.8952E+01 -0.2335E+02 -0.3402E+02 -0.3122E+02 -0.1398E+02 -0.7275E+01  0.1383E+02  0.2493E+02  0.4414E+02  0.4737E+02  0.5271E+02  0.5618E+02  0.6193E+02  0.6804E+02  0.7170E+02  0.7554E+02  0.7908E+02  0.8243E+02  0.8581E+02  0.8735E+02  0.9017E+02  0.9450E+02  0.9510E+02  0.8636E+02  0.5927E+02  0.5540E+01
     27.6423      240.0000 -0.9359E+01 -0.2386E+02 -0.3502E+02 -0.3212E+02 -0.1497E+02 -0.8456E+01  0.1307E+02  0.2411E+02  0.4351E+02  0.4683E+02  0.5224E+02  0.5578E+02  0.6159E+02  0.6769E+02  0.7142E+02  0.7527E+02  0.7882E+02  0.8241E+02  0.8598E+02  0.8759E+02  0.9035E+02  0.9428E+02  0.9490E+02  0.8622E+02  0.5923E+02  0.5518E+01
     27.7778      250.0000 -0.9814E+01 -0.2444E+02 -0.3605E+02 -0.3304E+02 -0.1605E+02 -0.9746E+01  0.1196E+02  0.2321E+02  0.4282E+02  0.4623E+02  0.5170E+02  0.5530E+02  0.6117E+02  0.6728E+02  0.7107E+02  0.7493E+02  0.7850E+02  0.8238E+02  0.8616E+02  0.8787E+02  0.9062E+02  0.9414E+02  0.9482E+02  0.8621E+02  0.5924E+02  0.5490E+01
     27.9133      260.0000 -0.1030E+02 -0.2508E+02 -0.3709E+02 -0.3393E+02 -0.1720E+02 -0.1111E+02  0.1077E+02  0.2227E+02  0.4210E+02  0.4558E+02  0.5110E+02  0.5477E+02  0.6068E+02  0.6682E+02  0.7065E+02  0.7453E+02  0.7815E+02  0.8232E+02  0.8630E+02  0.8816E+02  0.9094E+02  0.9414E+02  0.9480E+02  0.8613E+02  0.5929E+02  0.5458E+01
     28.0488      270.0000 -0.1081E+02 -0.2576E+02 -0.3811E+02 -0.3476E+02 -0.1838E+02 -0.1250E+02  0.9540E+01  0.2130E+02  0.4136E+02  0.4490E+02  0.5048E+02  0.5420E+02  0.6015E+02  0.6632E+02  0.7018E+02  0.7409E+02  0.7775E+02  0.8220E+02  0.8641E+02  0.8842E+02  0.9125E+02  0.9414E+02  0.9489E+02  0.8628E+02  0.5937E+02  0.5421E+01
     28.1843      280.0000 -0.1133E+02 -0.2645E+02 -0.3908E+02 -0.3552E+02 -0.1956E+02 -0.1389E+02  0.8297E+01  0.2034E+02  0.4062E+02  0.4421E+02  0.4984E+02  0.5361E+02  0.5959E+02  0.6585E+02  0.6967E+02  0.7360E+02  0.7732E+02  0.8201E+02  0.8644E+02  0.8860E+02  0.9151E+02  0.9413E+02  0.9502E+02  0.8647E+02  0.5945E+02  0.5377E+01
     28.3198      290.0000 -0.1183E+02 -0.2713E+02 -0.3997E+02 -0.3620E+02 -0.2071E+02 -0.1524E+02  0.7080E+01  0.1941E+02  0.3991E+02  0.4354E+02  0.4921E+02  0.5302E+02  0.5902E+02  0.6533E+02  0.6913E+02  0.7309E+02  0.7686E+02  0.8175E+02  0.8635E+02  0.8867E+02  0.9168E+02  0.9411E+02  0.9519E+02  0.8681E+02  0.5952E+02  0.5327E+01
     28.4553      300.0000 -0.1231E+02 -0.2779E+02 -0.4078E+02 -0.3678E+02 -0.2181E+02 -0.1658E+02  0.5922E+01  0.1854E+02  0.3923E+02  0.4291E+02  0.4861E+02  0.5245E+02  0.5845E+02  0.6479E+02  0.6859E+02  0.7256E+02  0.7637E+02  0.8140E+02  0.8613E+02  0.8861E+02  0.9171E+02  0.9399E+02  0.9528E+02  0.8694E+02  0.5957E+02  0.5272E+01
     28.5908      310.0000 -0.1275E+02 -0.2839E+02 -0.4147E+02 -0.3727E+02 -0.2282E+02 -0.1787E+02  0.4856E+01  0.1775E+02  0.3863E+02  0.4233E+02  0.4805E+02  0.5191E+02  0.5792E+02  0.6425E+02  0.6805E+02  0.7204E+02  0.7588E+02  0.8061E+02  0.8577E+02  0.8838E+02  0.9158E+02  0.9385E+02  0.9529E+02  0.8700E+02  0.5957E+02  0.5211E+01
     28.7263      320.0000 -0.1313E+02 -0.2891E+02 -0.4204E+02 -0.3767E+02 -0.2371E+02 -0.1903E+02  0.3915E+01  0.1707E+02  0.3814E+02  0.4184E+02  0.4757E+02  0.5143E+02  0.5742E+02  0.6375E+02  0.6753E+02  0.7152E+02  0.7538E+02  0.8009E+02  0.8529E+02  0.8801E+02  0.9130E+02  0.9366E+02  0.9524E+02  0.8700E+02  0.5954E+02  0.5148E+01
     28.8618      330.0000 -0.1344E+02 -0.2934E+02 -0.4246E+02 -0.3796E+02 -0.2445E+02 -0.2003E+02  0.3126E+01  0.1652E+02  0.3772E+02  0.4143E+02  0.4716E+02  0.5101E+02  0.5698E+02  0.6328E+02  0.6705E+02  0.7103E+02  0.7491E+02  0.7953E+02  0.8471E+02  0.8750E+02  0.9089E+02  0.9343E+02  0.9511E+02  0.8694E+02  0.5946E+02  0.5083E+01
     28.9973      340.0000 -0.1367E+02 -0.2966E+02 -0.4272E+02 -0.3811E+02 -0.2502E+02 -0.2080E+02  0.2513E+01  0.1611E+02  0.3738E+02  0.4111E+02  0.4684E+02  0.5068E+02  0.5661E+02  0.6288E+02  0.6662E+02  0.7060E+02  0.7446E+02  0.7896E+02  0.8405E+02  0.8689E+02  0.9037E+02  0.9316E+02  0.9493E+02  0.8682E+02  0.5936E+02  0.5020E+01
     29.1328      350.0000 -0.1381E+02 -0.2985E+02 -0.4264E+02 -0.3808E+02 -0.2540E+02 -0.2132E+02  0.2098E+01  0.1585E+02  0.3676E+02  0.4075E+02  0.4653E+02  0.5043E+02  0.5632E+02  0.6183E+02  0.6626E+02  0.7022E+02  0.7407E+02  0.7840E+02  0.8335E+02  0.8622E+02  0.8981E+02  0.9290E+02  0.9472E+02  0.8668E+02  0.5924E+02  0.4961E+01
     29.2683      360.0000 -0.1386E+02 -0.2991E+02 -0.4257E+02 -0.3796E+02 -0.2557E+02 -0.2157E+02  0.1894E+01  0.1575E+02  0.3671E+02  0.4067E+02  0.4641E+02  0.5028E+02  0.5612E+02  0.6168E+02  0.6598E+02  0.6992E+02  0.7376E+02  0.7783E+02  0.8266E+02  0.8554E+02  0.8924E+02  0.9268E+02  0.9454E+02  0.8654E+02  0.5913E+02  0.4910E+01
     29.4038       10.0000 -0.1382E+02 -0.2983E+02 -0.4232E+02 -0.3770E+02 -0.2552E+02 -0.2154E+02  0.1910E+01  0.1582E+02  0.3676E+02  0.4068E+02  0.4640E+02  0.5022E+02  0.5601E+02  0.6157E+02  0.6579E+02  0.6971E+02  0.7354E+02  0.7734E+02  0.8203E+02  0.8492E+02  0.8874E+02  0.9254E+02  0.9441E+02  0.8645E+02  0.5905E+02  0.4871E+01
     29.5393       20.0000 -0.1368E+02 -0.2962E+02 -0.4188E+02 -0.3731E+02 -0.2525E+02 -0.2123E+02  0.2148E+01  0.1606E+02  0.3692E+02  0.4081E+02  0.4649E+02  0.5026E+02  0.5600E+02  0.6154E+02  0.6569E+02  0.6960E+02  0.7343E+02  0.7694E+02  0.8151E+02  0.8440E+02  0.8835E+02  0.9292E+02  0.9432E+02  0.8629E+02  0.5901E+02  0.4845E+01
     29.6748       30.0000 -0.1345E+02 -0.2929E+02 -0.4129E+02 -0.3678E+02 -0.2477E+02 -0.2065E+02  0.2603E+01  0.1646E+02  0.3719E+02  0.4104E+02  0.4667E+02  0.5040E+02  0.5608E+02  0.6159E+02  0.6570E+02  0.6960E+02  0.7343E+02  0.7668E+02  0.8150E+02  0.8402E+02  0.8812E+02  0.9298E+02  0.9441E+02  0.8640E+02  0.5902E+02  0.4835E+01
     29.8103       40.0000 -0.1314E+02 -0.2885E+02 -0.4054E+02 -0.3614E+02 -0.2409E+02 -0.1982E+02  0.3265E+01  0.1701E+02  0.3758E+02  0.4138E+02  0.4695E+02  0.5062E+02  0.5625E+02  0.6180E+02  0.6581E+02  0.6971E+02  0.7354E+02  0.7655E+02  0.8123E+02  0.8381E+02  0.8807E+02  0.9322E+02  0.9466E+02  0.8662E+02  0.5911E+02  0.4841E+01
     29.9458       50.0000 -0.1276E+02 -0.2831E+02 -0.3966E+02 -0.3539E+02 -0.2323E+02 -0.1875E+02  0.4115E+01  0.1769E+02  0.3806E+02  0.4180E+02  0.4731E+02  0.5092E+02  0.5650E+02  0.6206E+02  0.6601E+02  0.6993E+02  0.7378E+02  0.7659E+02  0.8115E+02  0.8378E+02  0.8820E+02  0.9362E+02  0.9540E+02  0.8833E+02  0.5926E+02  0.4865E+01
