Time history of radial distribution for BEM variable: vTowCorC14z[m/s] for blade 1
                          rCurvi[m] (curvilinear radial distance)
                                0.7893      2.3680      3.9466      5.5253      7.1039      8.6825     10.2612     11.8398     13.4185     14.9971     16.5758     18.1544     19.7330     21.3117     22.8903     24.4690     26.0476     27.6263     29.2049     30.7835     32.3622     33.9408     35.5195     37.0981     38.2821     39.0714
                          zB[m] (radial coordinate along blade axis)
     time[s]  azimuth[deg]      0.1833      1.7547      3.3293      4.9061      6.4840      8.0624      9.6417     11.2245     12.8080     14.3897     15.9674     17.5459     19.1245     20.7031     22.2814     23.8594     25.4368     27.0135     28.5893     30.1641     31.7380     33.3109     34.8830     36.4550     37.6323     38.4138
      0.0000        0.0000  0.9385E-09  0.5244E-09  0.2954E-09  0.1689E-09  0.1021E-09  0.6353E-10  0.4231E-10  0.2918E-10  0.2025E-10  0.1444E-10  0.1034E-10  0.8077E-11  0.6435E-11  0.5210E-11  0.4274E-11  0.3505E-11  0.2868E-11  0.2332E-11  0.1949E-11  0.1650E-11  0.1425E-11  0.1268E-11  0.1182E-11  0.1142E-11  0.1196E-11  0.1309E-11
      0.1355       10.0000  0.9755E-09  0.5421E-09  0.3045E-09  0.1746E-09  0.1062E-09  0.6658E-10  0.4457E-10  0.3087E-10  0.2157E-10  0.1548E-10  0.1118E-10  0.8752E-11  0.6980E-11  0.5655E-11  0.4642E-11  0.3814E-11  0.3130E-11  0.2557E-11  0.2142E-11  0.1815E-11  0.1566E-11  0.1386E-11  0.1277E-11  0.1212E-11  0.1241E-11  0.1325E-11
      0.2710       20.0000  0.1009E-08  0.5648E-09  0.3180E-09  0.1831E-09  0.1119E-09  0.7065E-10  0.4751E-10  0.3302E-10  0.2319E-10  0.1673E-10  0.1217E-10  0.9533E-11  0.7609E-11  0.6169E-11  0.5065E-11  0.4167E-11  0.3427E-11  0.2810E-11  0.2358E-11  0.2000E-11  0.1723E-11  0.1519E-11  0.1386E-11  0.1299E-11  0.1306E-11  0.1363E-11
      0.4065       30.0000  0.1036E-08  0.5927E-09  0.3364E-09  0.1946E-09  0.1195E-09  0.7579E-10  0.5111E-10  0.3560E-10  0.2509E-10  0.1816E-10  0.1326E-10  0.1040E-10  0.8302E-11  0.6732E-11  0.5529E-11  0.4552E-11  0.3749E-11  0.3081E-11  0.2588E-11  0.2195E-11  0.1890E-11  0.1661E-11  0.1507E-11  0.1398E-11  0.1387E-11  0.1423E-11
      0.5420       40.0000  0.1053E-08  0.6260E-09  0.3602E-09  0.2096E-09  0.1292E-09  0.8210E-10  0.5543E-10  0.3864E-10  0.2726E-10  0.1976E-10  0.1445E-10  0.1133E-10  0.9046E-11  0.7334E-11  0.6022E-11  0.4959E-11  0.4086E-11  0.3361E-11  0.2824E-11  0.2396E-11  0.2061E-11  0.1810E-11  0.1637E-11  0.1511E-11  0.1488E-11  0.1509E-11
      0.6775       50.0000  0.1053E-08  0.6642E-09  0.3904E-09  0.2288E-09  0.1413E-09  0.8981E-10  0.6060E-10  0.4221E-10  0.2974E-10  0.2153E-10  0.1574E-10  0.1233E-10  0.9838E-11  0.7972E-11  0.6543E-11  0.5385E-11  0.4436E-11  0.3648E-11  0.3064E-11  0.2599E-11  0.2236E-11  0.1963E-11  0.1774E-11  0.1636E-11  0.1608E-11  0.1624E-11
      0.8130       60.0000  0.1030E-08  0.7062E-09  0.4281E-09  0.2533E-09  0.1566E-09  0.9930E-10  0.6684E-10  0.4643E-10  0.3261E-10  0.2354E-10  0.1714E-10  0.1341E-10  0.1069E-10  0.8653E-11  0.7096E-11  0.5835E-11  0.4801E-11  0.3941E-11  0.3308E-11  0.2804E-11  0.2413E-11  0.2120E-11  0.1922E-11  0.1779E-11  0.1756E-11  0.1776E-11
      0.9485       70.0000  0.9718E-09  0.7494E-09  0.4746E-09  0.2844E-09  0.1762E-09  0.1112E-09  0.7455E-10  0.5158E-10  0.3602E-10  0.2586E-10  0.1871E-10  0.1461E-10  0.1163E-10  0.9402E-11  0.7703E-11  0.6324E-11  0.5192E-11  0.4251E-11  0.3562E-11  0.3018E-11  0.2597E-11  0.2288E-11  0.2085E-11  0.1946E-11  0.1938E-11  0.1977E-11
      1.0840       80.0000  0.8656E-09  0.7885E-09  0.5309E-09  0.3244E-09  0.2015E-09  0.1265E-09  0.8439E-10  0.5808E-10  0.4025E-10  0.2868E-10  0.2057E-10  0.1603E-10  0.1273E-10  0.1028E-10  0.8408E-11  0.6889E-11  0.5639E-11  0.4598E-11  0.3845E-11  0.3254E-11  0.2803E-11  0.2478E-11  0.2278E-11  0.2151E-11  0.2174E-11  0.2245E-11
      1.2195       90.0000  0.6971E-09  0.8138E-09  0.5971E-09  0.3756E-09  0.2348E-09  0.1468E-09  0.9743E-10  0.6666E-10  0.4579E-10  0.3234E-10  0.2294E-10  0.1782E-10  0.1412E-10  0.1138E-10  0.9296E-11  0.7597E-11  0.6195E-11  0.5025E-11  0.4192E-11  0.3543E-11  0.3055E-11  0.2715E-11  0.2523E-11  0.2419E-11  0.2488E-11  0.2609E-11
      1.3550      100.0000  0.4539E-09  0.8089E-09  0.6711E-09  0.4412E-09  0.2796E-09  0.1746E-09  0.1155E-09  0.7858E-10  0.5348E-10  0.3741E-10  0.2623E-10  0.2030E-10  0.1605E-10  0.1290E-10  0.1052E-10  0.8576E-11  0.6964E-11  0.5614E-11  0.4669E-11  0.3941E-11  0.3404E-11  0.3044E-11  0.2864E-11  0.2794E-11  0.2928E-11  0.3118E-11
      1.4905      110.0000  0.1302E-09  0.7477E-09  0.7444E-09  0.5237E-09  0.3405E-09  0.2139E-09  0.1415E-09  0.9600E-10  0.6484E-10  0.4497E-10  0.3117E-10  0.2406E-10  0.1896E-10  0.1521E-10  0.1239E-10  0.1007E-10  0.8140E-11  0.6520E-11  0.5407E-11  0.4557E-11  0.3943E-11  0.3548E-11  0.3382E-11  0.3354E-11  0.3577E-11  0.3853E-11
      1.6260      120.0000 -0.2666E-09  0.5946E-09  0.7963E-09  0.6216E-09  0.4227E-09  0.2708E-09  0.1806E-09  0.1227E-09  0.8264E-10  0.5702E-10  0.3920E-10  0.3019E-10  0.2375E-10  0.1902E-10  0.1547E-10  0.1254E-10  0.1010E-10  0.8049E-11  0.6659E-11  0.5606E-11  0.4858E-11  0.4395E-11  0.4234E-11  0.4253E-11  0.4587E-11  0.4963E-11
      1.7615      130.0000 -0.7093E-09  0.3111E-09  0.7832E-09  0.7207E-09  0.5289E-09  0.3532E-09  0.2406E-09  0.1655E-09  0.1120E-09  0.7743E-10  0.5318E-10  0.4096E-10  0.3220E-10  0.2578E-10  0.2095E-10  0.1697E-10  0.1365E-10  0.1084E-10  0.8963E-11  0.7542E-11  0.6542E-11  0.5935E-11  0.5747E-11  0.5803E-11  0.6271E-11  0.6732E-11
      1.8970      140.0000 -0.1150E-08 -0.1211E-09  0.6321E-09  0.7733E-09  0.6451E-09  0.4655E-09  0.3321E-09  0.2353E-09  0.1625E-09  0.1139E-09  0.7908E-10  0.6122E-10  0.4828E-10  0.3873E-10  0.3153E-10  0.2557E-10  0.2060E-10  0.1639E-10  0.1357E-10  0.1143E-10  0.9914E-11  0.8989E-11  0.8685E-11  0.8722E-11  0.9325E-11  0.9765E-11
      2.0325      150.0000 -0.1526E-08 -0.6612E-09  0.2657E-09  0.6712E-09  0.7011E-09  0.5818E-09  0.4544E-09  0.3432E-09  0.2487E-09  0.1806E-09  0.1293E-09  0.1018E-09  0.8119E-10  0.6569E-10  0.5382E-10  0.4393E-10  0.3563E-10  0.2858E-10  0.2378E-10  0.2010E-10  0.1746E-10  0.1578E-10  0.1511E-10  0.1493E-10  0.1554E-10  0.1547E-10
      2.1680      160.0000 -0.1779E-08 -0.1180E-08 -0.2950E-09  0.2842E-09  0.5192E-09  0.5608E-09  0.5216E-09  0.4501E-09  0.3625E-09  0.2860E-09  0.2203E-09  0.1814E-09  0.1499E-09  0.1247E-09  0.1044E-09  0.8697E-10  0.7192E-10  0.5886E-10  0.4972E-10  0.4252E-10  0.3717E-10  0.3357E-10  0.3175E-10  0.3058E-10  0.3035E-10  0.2729E-10
      2.3035      170.0000 -0.1873E-08 -0.1500E-08 -0.8041E-09 -0.2756E-09  0.1179E-10  0.1715E-09  0.2545E-09  0.2942E-09  0.2974E-09  0.2819E-09  0.2578E-09  0.2415E-09  0.2227E-09  0.2034E-09  0.1848E-09  0.1656E-09  0.1465E-09  0.1279E-09  0.1143E-09  0.1026E-09  0.9338E-10  0.8666E-10  0.8254E-10  0.7787E-10  0.7154E-10  0.5061E-10
      2.4390      180.0000 -0.1805E-08 -0.1507E-08 -0.9335E-09 -0.5089E-09 -0.2838E-09 -0.1575E-09 -0.8399E-10 -0.3411E-10 -0.7056E-12  0.1815E-10  0.2733E-10  0.3680E-10  0.4626E-10  0.5623E-10  0.6688E-10  0.7720E-10  0.8643E-10  0.9402E-10  0.1031E-09  0.1122E-09  0.1224E-09  0.1338E-09  0.1492E-09  0.1661E-09  0.1846E-09  0.2055E-09
      2.5745      190.0000 -0.1605E-08 -0.1238E-08 -0.6538E-09 -0.2438E-09 -0.2494E-10  0.8342E-10  0.1453E-09  0.1871E-09  0.2053E-09  0.2069E-09  0.1906E-09  0.1863E-09  0.1810E-09  0.1746E-09  0.1669E-09  0.1563E-09  0.1434E-09  0.1288E-09  0.1173E-09  0.1075E-09  0.1001E-09  0.9590E-10  0.9670E-10  0.1028E-09  0.1209E-09  0.1607E-09
      2.7100      200.0000 -0.1320E-08 -0.8318E-09 -0.2311E-09  0.1278E-09  0.2805E-09  0.3151E-09  0.3135E-09  0.2980E-09  0.2662E-09  0.2300E-09  0.1900E-09  0.1665E-09  0.1463E-09  0.1287E-09  0.1131E-09  0.9826E-10  0.8443E-10  0.7167E-10  0.6194E-10  0.5400E-10  0.4788E-10  0.4359E-10  0.4151E-10  0.4135E-10  0.4544E-10  0.5541E-10
      2.8455      210.0000 -0.1000E-08 -0.4252E-09  0.1111E-09  0.3480E-09  0.3955E-09  0.3563E-09  0.3073E-09  0.2606E-09  0.2130E-09  0.1718E-09  0.1350E-09  0.1128E-09  0.9504E-10  0.8060E-10  0.6865E-10  0.5814E-10  0.4893E-10  0.4086E-10  0.3477E-10  0.2988E-10  0.2609E-10  0.2334E-10  0.2173E-10  0.2100E-10  0.2223E-10  0.2568E-10
      2.9810      220.0000 -0.6832E-09 -0.9386E-10  0.3151E-09  0.4221E-09  0.3911E-09  0.3161E-09  0.2525E-09  0.2014E-09  0.1571E-09  0.1223E-09  0.9373E-10  0.7653E-10  0.6324E-10  0.5275E-10  0.4430E-10  0.3711E-10  0.3096E-10  0.2569E-10  0.2173E-10  0.1856E-10  0.1610E-10  0.1430E-10  0.1317E-10  0.1254E-10  0.1300E-10  0.1455E-10
      3.1165      230.0000 -0.3933E-09  0.1439E-09  0.4101E-09  0.4179E-09  0.3447E-09  0.2602E-09  0.1982E-09  0.1523E-09  0.1155E-09  0.8806E-10  0.6649E-10  0.5361E-10  0.4385E-10  0.3625E-10  0.3023E-10  0.2518E-10  0.2091E-10  0.1728E-10  0.1457E-10  0.1241E-10  0.1074E-10  0.9504E-11  0.8718E-11  0.8253E-11  0.8480E-11  0.9338E-11
      3.2520      240.0000 -0.1424E-09  0.3001E-09  0.4392E-09  0.3827E-09  0.2917E-09  0.2098E-09  0.1547E-09  0.1159E-09  0.8613E-10  0.6470E-10  0.4829E-10  0.3865E-10  0.3141E-10  0.2584E-10  0.2146E-10  0.1781E-10  0.1474E-10  0.1215E-10  0.1022E-10  0.8690E-11  0.7510E-11  0.6645E-11  0.6100E-11  0.5779E-11  0.5938E-11  0.6507E-11
      3.3875      250.0000  0.6688E-10  0.3956E-09  0.4340E-09  0.3399E-09  0.2443E-09  0.1692E-09  0.1216E-09  0.8935E-10  0.6535E-10  0.4848E-10  0.3580E-10  0.2850E-10  0.2306E-10  0.1891E-10  0.1566E-10  0.1296E-10  0.1070E-10  0.8786E-11  0.7379E-11  0.6267E-11  0.5416E-11  0.4801E-11  0.4426E-11  0.4221E-11  0.4369E-11  0.4809E-11
      3.5230      260.0000  0.2376E-09  0.4499E-09  0.4137E-09  0.2992E-09  0.2054E-09  0.1379E-09  0.9701E-10  0.7010E-10  0.5052E-10  0.3703E-10  0.2704E-10  0.2143E-10  0.1729E-10  0.1414E-10  0.1169E-10  0.9648E-11  0.7938E-11  0.6492E-11  0.5441E-11  0.4616E-11  0.3992E-11  0.3551E-11  0.3300E-11  0.3183E-11  0.3339E-11  0.3718E-11
      3.6585      270.0000  0.3751E-09  0.4781E-09  0.3885E-09  0.2642E-09  0.1747E-09  0.1141E-09  0.7883E-10  0.5613E-10  0.3987E-10  0.2888E-10  0.2083E-10  0.1644E-10  0.1322E-10  0.1079E-10  0.8903E-11  0.7331E-11  0.6010E-11  0.4889E-11  0.4088E-11  0.3465E-11  0.3000E-11  0.2682E-11  0.2520E-11  0.2467E-11  0.2634E-11  0.2981E-11
      3.7940      280.0000  0.4857E-09  0.4907E-09  0.3635E-09  0.2355E-09  0.1510E-09  0.9636E-10  0.6550E-10  0.4602E-10  0.3225E-10  0.2307E-10  0.1643E-10  0.1292E-10  0.1035E-10  0.8430E-11  0.6945E-11  0.5703E-11  0.4656E-11  0.3766E-11  0.3140E-11  0.2658E-11  0.2305E-11  0.2073E-11  0.1972E-11  0.1965E-11  0.2141E-11  0.2466E-11
      3.9295      290.0000  0.5752E-09  0.4949E-09  0.3412E-09  0.2127E-09  0.1331E-09  0.8333E-10  0.5587E-10  0.3881E-10  0.2685E-10  0.1900E-10  0.1336E-10  0.1046E-10  0.8363E-11  0.6792E-11  0.5587E-11  0.4575E-11  0.3719E-11  0.2990E-11  0.2486E-11  0.2101E-11  0.1825E-11  0.1651E-11  0.1592E-11  0.1613E-11  0.1791E-11  0.2098E-11
      4.0650      300.0000  0.6488E-09  0.4951E-09  0.3227E-09  0.1952E-09  0.1199E-09  0.7398E-10  0.4909E-10  0.3378E-10  0.2314E-10  0.1623E-10  0.1130E-10  0.8817E-11  0.7027E-11  0.5695E-11  0.4676E-11  0.3820E-11  0.3094E-11  0.2474E-11  0.2052E-11  0.1732E-11  0.1506E-11  0.1370E-11  0.1334E-11  0.1371E-11  0.1545E-11  0.1832E-11
      4.2005      310.0000  0.7109E-09  0.4943E-09  0.3083E-09  0.1823E-09  0.1105E-09  0.6757E-10  0.4453E-10  0.3045E-10  0.2073E-10  0.1445E-10  0.1001E-10  0.7788E-11  0.6193E-11  0.5010E-11  0.4108E-11  0.3350E-11  0.2708E-11  0.2158E-11  0.1787E-11  0.1507E-11  0.1311E-11  0.1196E-11  0.1171E-11  0.1212E-11  0.1376E-11  0.1640E-11
      4.3360      320.0000  0.7647E-09  0.4945E-09  0.2979E-09  0.1733E-09  0.1042E-09  0.6350E-10  0.4172E-10  0.2844E-10  0.1932E-10  0.1345E-10  0.9313E-11  0.7239E-11  0.5749E-11  0.4646E-11  0.3807E-11  0.3102E-11  0.2507E-11  0.1998E-11  0.1654E-11  0.1394E-11  0.1213E-11  0.1105E-11  0.1081E-11  0.1117E-11  0.1265E-11  0.1502E-11
      4.4715      330.0000  0.8129E-09  0.4968E-09  0.2914E-09  0.1678E-09  0.1006E-09  0.6135E-10  0.4032E-10  0.2749E-10  0.1871E-10  0.1307E-10  0.9089E-11  0.7066E-11  0.5611E-11  0.4533E-11  0.3713E-11  0.3028E-11  0.2451E-11  0.1960E-11  0.1625E-11  0.1370E-11  0.1190E-11  0.1080E-11  0.1048E-11  0.1072E-11  0.1199E-11  0.1408E-11
      4.6070      340.0000  0.8572E-09  0.5022E-09  0.2889E-09  0.1654E-09  0.9922E-10  0.6078E-10  0.4007E-10  0.2739E-10  0.1874E-10  0.1316E-10  0.9234E-11  0.7188E-11  0.5712E-11  0.4617E-11  0.3783E-11  0.3090E-11  0.2509E-11  0.2016E-11  0.1676E-11  0.1415E-11  0.1227E-11  0.1106E-11  0.1060E-11  0.1066E-11  0.1170E-11  0.1348E-11
      4.7425      350.0000  0.8990E-09  0.5112E-09  0.2902E-09  0.1658E-09  0.9978E-10  0.6157E-10  0.4078E-10  0.2799E-10  0.1929E-10  0.1365E-10  0.9672E-11  0.7542E-11  0.6001E-11  0.4854E-11  0.3979E-11  0.3257E-11  0.2655E-11  0.2146E-11  0.1789E-11  0.1513E-11  0.1309E-11  0.1172E-11  0.1108E-11  0.1092E-11  0.1171E-11  0.1316E-11
      4.8780      360.0000  0.9385E-09  0.5243E-09  0.2954E-09  0.1689E-09  0.1021E-09  0.6353E-10  0.4231E-10  0.2918E-10  0.2025E-10  0.1444E-10  0.1034E-10  0.8077E-11  0.6434E-11  0.5210E-11  0.4274E-11  0.3505E-11  0.2868E-11  0.2332E-11  0.1949E-11  0.1650E-11  0.1425E-11  0.1268E-11  0.1182E-11  0.1142E-11  0.1196E-11  0.1309E-11
      5.0136       10.0000  0.9755E-09  0.5421E-09  0.3045E-09  0.1746E-09  0.1062E-09  0.6658E-10  0.4457E-10  0.3087E-10  0.2157E-10  0.1548E-10  0.1118E-10  0.8751E-11  0.6980E-11  0.5655E-11  0.4642E-11  0.3814E-11  0.3130E-11  0.2557E-11  0.2142E-11  0.1815E-11  0.1566E-11  0.1386E-11  0.1277E-11  0.1212E-11  0.1241E-11  0.1325E-11
      5.1491       20.0000  0.1009E-08  0.5648E-09  0.3180E-09  0.1831E-09  0.1119E-09  0.7066E-10  0.4750E-10  0.3302E-10  0.2319E-10  0.1673E-10  0.1217E-10  0.9533E-11  0.7609E-11  0.6169E-11  0.5065E-11  0.4167E-11  0.3427E-11  0.2810E-11  0.2358E-11  0.2000E-11  0.1723E-11  0.1519E-11  0.1386E-11  0.1299E-11  0.1306E-11  0.1363E-11
      5.2846       30.0000  0.1036E-08  0.5927E-09  0.3364E-09  0.1946E-09  0.1195E-09  0.7580E-10  0.5110E-10  0.3560E-10  0.2509E-10  0.1816E-10  0.1326E-10  0.1040E-10  0.8302E-11  0.6732E-11  0.5529E-11  0.4552E-11  0.3749E-11  0.3081E-11  0.2588E-11  0.2195E-11  0.1890E-11  0.1661E-11  0.1507E-11  0.1398E-11  0.1387E-11  0.1423E-11
      5.4201       40.0000  0.1053E-08  0.6260E-09  0.3602E-09  0.2096E-09  0.1292E-09  0.8211E-10  0.5543E-10  0.3864E-10  0.2726E-10  0.1976E-10  0.1445E-10  0.1133E-10  0.9046E-11  0.7334E-11  0.6022E-11  0.4959E-11  0.4086E-11  0.3361E-11  0.2824E-11  0.2396E-11  0.2061E-11  0.1810E-11  0.1637E-11  0.1511E-11  0.1488E-11  0.1509E-11
      5.5556       50.0000  0.1053E-08  0.6642E-09  0.3904E-09  0.2288E-09  0.1413E-09  0.8982E-10  0.6059E-10  0.4220E-10  0.2974E-10  0.2153E-10  0.1574E-10  0.1233E-10  0.9838E-11  0.7972E-11  0.6543E-11  0.5385E-11  0.4436E-11  0.3648E-11  0.3064E-11  0.2599E-11  0.2236E-11  0.1963E-11  0.1774E-11  0.1636E-11  0.1608E-11  0.1624E-11
      5.6911       60.0000  0.1030E-08  0.7062E-09  0.4281E-09  0.2533E-09  0.1566E-09  0.9930E-10  0.6683E-10  0.4643E-10  0.3261E-10  0.2353E-10  0.1714E-10  0.1341E-10  0.1069E-10  0.8653E-11  0.7096E-11  0.5835E-11  0.4801E-11  0.3941E-11  0.3308E-11  0.2804E-11  0.2413E-11  0.2120E-11  0.1922E-11  0.1779E-11  0.1756E-11  0.1776E-11
      5.8266       70.0000  0.9718E-09  0.7494E-09  0.4746E-09  0.2844E-09  0.1762E-09  0.1112E-09  0.7454E-10  0.5158E-10  0.3602E-10  0.2586E-10  0.1871E-10  0.1461E-10  0.1163E-10  0.9402E-11  0.7703E-11  0.6324E-11  0.5192E-11  0.4251E-11  0.3562E-11  0.3018E-11  0.2597E-11  0.2288E-11  0.2085E-11  0.1946E-11  0.1938E-11  0.1977E-11
      5.9621       80.0000  0.8656E-09  0.7885E-09  0.5309E-09  0.3244E-09  0.2015E-09  0.1265E-09  0.8438E-10  0.5808E-10  0.4025E-10  0.2868E-10  0.2057E-10  0.1603E-10  0.1273E-10  0.1028E-10  0.8408E-11  0.6889E-11  0.5639E-11  0.4598E-11  0.3845E-11  0.3254E-11  0.2803E-11  0.2478E-11  0.2278E-11  0.2151E-11  0.2174E-11  0.2245E-11
      6.0976       90.0000  0.6971E-09  0.8138E-09  0.5971E-09  0.3756E-09  0.2348E-09  0.1468E-09  0.9742E-10  0.6666E-10  0.4579E-10  0.3234E-10  0.2294E-10  0.1782E-10  0.1412E-10  0.1138E-10  0.9296E-11  0.7597E-11  0.6195E-11  0.5025E-11  0.4192E-11  0.3543E-11  0.3055E-11  0.2715E-11  0.2523E-11  0.2419E-11  0.2488E-11  0.2609E-11
      6.2331      100.0000  0.4539E-09  0.8089E-09  0.6711E-09  0.4412E-09  0.2796E-09  0.1746E-09  0.1155E-09  0.7858E-10  0.5348E-10  0.3741E-10  0.2623E-10  0.2030E-10  0.1605E-10  0.1290E-10  0.1052E-10  0.8576E-11  0.6964E-11  0.5614E-11  0.4669E-11  0.3941E-11  0.3404E-11  0.3044E-11  0.2864E-11  0.2794E-11  0.2928E-11  0.3118E-11
      6.3686      110.0000  0.1302E-09  0.7477E-09  0.7444E-09  0.5237E-09  0.3404E-09  0.2139E-09  0.1415E-09  0.9600E-10  0.6484E-10  0.4497E-10  0.3117E-10  0.2405E-10  0.1896E-10  0.1521E-10  0.1239E-10  0.1007E-10  0.8140E-11  0.6520E-11  0.5407E-11  0.4557E-11  0.3943E-11  0.3548E-11  0.3382E-11  0.3354E-11  0.3577E-11  0.3853E-11
      6.5041      120.0000 -0.2666E-09  0.5946E-09  0.7963E-09  0.6216E-09  0.4227E-09  0.2708E-09  0.1805E-09  0.1227E-09  0.8263E-10  0.5702E-10  0.3920E-10  0.3019E-10  0.2375E-10  0.1902E-10  0.1547E-10  0.1254E-10  0.1010E-10  0.8049E-11  0.6659E-11  0.5606E-11  0.4858E-11  0.4395E-11  0.4234E-11  0.4253E-11  0.4587E-11  0.4963E-11
      6.6396      130.0000 -0.7093E-09  0.3111E-09  0.7832E-09  0.7207E-09  0.5289E-09  0.3532E-09  0.2406E-09  0.1655E-09  0.1120E-09  0.7742E-10  0.5318E-10  0.4096E-10  0.3220E-10  0.2578E-10  0.2095E-10  0.1697E-10  0.1365E-10  0.1084E-10  0.8963E-11  0.7542E-11  0.6542E-11  0.5935E-11  0.5747E-11  0.5803E-11  0.6271E-11  0.6732E-11
      6.7751      140.0000 -0.1150E-08 -0.1211E-09  0.6321E-09  0.7733E-09  0.6451E-09  0.4655E-09  0.3321E-09  0.2353E-09  0.1625E-09  0.1139E-09  0.7907E-10  0.6121E-10  0.4828E-10  0.3873E-10  0.3153E-10  0.2557E-10  0.2060E-10  0.1639E-10  0.1357E-10  0.1143E-10  0.9914E-11  0.8989E-11  0.8685E-11  0.8722E-11  0.9325E-11  0.9765E-11
      6.9106      150.0000 -0.1526E-08 -0.6612E-09  0.2657E-09  0.6712E-09  0.7010E-09  0.5818E-09  0.4543E-09  0.3432E-09  0.2486E-09  0.1806E-09  0.1293E-09  0.1018E-09  0.8119E-10  0.6569E-10  0.5382E-10  0.4393E-10  0.3563E-10  0.2858E-10  0.2378E-10  0.2010E-10  0.1746E-10  0.1578E-10  0.1511E-10  0.1493E-10  0.1554E-10  0.1547E-10
      7.0461      160.0000 -0.1779E-08 -0.1180E-08 -0.2950E-09  0.2843E-09  0.5191E-09  0.5608E-09  0.5216E-09  0.4500E-09  0.3625E-09  0.2860E-09  0.2203E-09  0.1814E-09  0.1499E-09  0.1247E-09  0.1044E-09  0.8697E-10  0.7192E-10  0.5886E-10  0.4972E-10  0.4252E-10  0.3717E-10  0.3357E-10  0.3175E-10  0.3058E-10  0.3035E-10  0.2729E-10
      7.1816      170.0000 -0.1873E-08 -0.1500E-08 -0.8041E-09 -0.2756E-09  0.1179E-10  0.1715E-09  0.2545E-09  0.2942E-09  0.2974E-09  0.2819E-09  0.2578E-09  0.2415E-09  0.2227E-09  0.2034E-09  0.1848E-09  0.1656E-09  0.1465E-09  0.1279E-09  0.1143E-09  0.1026E-09  0.9338E-10  0.8666E-10  0.8254E-10  0.7787E-10  0.7154E-10  0.5061E-10
      7.3171      180.0000 -0.1805E-08 -0.1507E-08 -0.9335E-09 -0.5089E-09 -0.2838E-09 -0.1575E-09 -0.8399E-10 -0.3411E-10 -0.7056E-12  0.1815E-10  0.2733E-10  0.3680E-10  0.4626E-10  0.5623E-10  0.6688E-10  0.7720E-10  0.8643E-10  0.9402E-10  0.1031E-09  0.1122E-09  0.1224E-09  0.1338E-09  0.1492E-09  0.1661E-09  0.1846E-09  0.2055E-09
      7.4526      190.0000 -0.1605E-08 -0.1238E-08 -0.6538E-09 -0.2438E-09 -0.2494E-10  0.8342E-10  0.1453E-09  0.1871E-09  0.2053E-09  0.2069E-09  0.1906E-09  0.1863E-09  0.1810E-09  0.1746E-09  0.1669E-09  0.1563E-09  0.1434E-09  0.1288E-09  0.1173E-09  0.1075E-09  0.1001E-09  0.9590E-10  0.9670E-10  0.1028E-09  0.1209E-09  0.1607E-09
      7.5881      200.0000 -0.1320E-08 -0.8318E-09 -0.2311E-09  0.1278E-09  0.2804E-09  0.3151E-09  0.3135E-09  0.2979E-09  0.2661E-09  0.2300E-09  0.1900E-09  0.1665E-09  0.1463E-09  0.1287E-09  0.1131E-09  0.9826E-10  0.8443E-10  0.7167E-10  0.6194E-10  0.5400E-10  0.4788E-10  0.4359E-10  0.4151E-10  0.4135E-10  0.4544E-10  0.5541E-10
      7.7236      210.0000 -0.1000E-08 -0.4252E-09  0.1111E-09  0.3480E-09  0.3955E-09  0.3563E-09  0.3073E-09  0.2606E-09  0.2130E-09  0.1718E-09  0.1350E-09  0.1128E-09  0.9504E-10  0.8060E-10  0.6865E-10  0.5814E-10  0.4893E-10  0.4086E-10  0.3477E-10  0.2988E-10  0.2609E-10  0.2334E-10  0.2173E-10  0.2100E-10  0.2223E-10  0.2568E-10
      7.8591      220.0000 -0.6832E-09 -0.9386E-10  0.3151E-09  0.4221E-09  0.3911E-09  0.3161E-09  0.2525E-09  0.2014E-09  0.1571E-09  0.1223E-09  0.9372E-10  0.7653E-10  0.6324E-10  0.5275E-10  0.4430E-10  0.3711E-10  0.3096E-10  0.2569E-10  0.2173E-10  0.1856E-10  0.1610E-10  0.1430E-10  0.1317E-10  0.1254E-10  0.1300E-10  0.1455E-10
      7.9946      230.0000 -0.3933E-09  0.1439E-09  0.4101E-09  0.4179E-09  0.3447E-09  0.2602E-09  0.1982E-09  0.1523E-09  0.1155E-09  0.8806E-10  0.6648E-10  0.5361E-10  0.4385E-10  0.3625E-10  0.3023E-10  0.2518E-10  0.2091E-10  0.1728E-10  0.1457E-10  0.1241E-10  0.1074E-10  0.9504E-11  0.8718E-11  0.8253E-11  0.8480E-11  0.9338E-11
      8.1301      240.0000 -0.1424E-09  0.3001E-09  0.4392E-09  0.3827E-09  0.2917E-09  0.2098E-09  0.1547E-09  0.1159E-09  0.8613E-10  0.6470E-10  0.4829E-10  0.3865E-10  0.3141E-10  0.2584E-10  0.2146E-10  0.1781E-10  0.1474E-10  0.1215E-10  0.1022E-10  0.8690E-11  0.7510E-11  0.6645E-11  0.6100E-11  0.5779E-11  0.5938E-11  0.6507E-11
      8.2656      250.0000  0.6688E-10  0.3956E-09  0.4340E-09  0.3399E-09  0.2443E-09  0.1692E-09  0.1216E-09  0.8934E-10  0.6535E-10  0.4848E-10  0.3580E-10  0.2850E-10  0.2306E-10  0.1891E-10  0.1566E-10  0.1296E-10  0.1070E-10  0.8786E-11  0.7379E-11  0.6267E-11  0.5416E-11  0.4801E-11  0.4426E-11  0.4221E-11  0.4369E-11  0.4809E-11
      8.4011      260.0000  0.2376E-09  0.4499E-09  0.4137E-09  0.2992E-09  0.2054E-09  0.1379E-09  0.9701E-10  0.7010E-10  0.5052E-10  0.3703E-10  0.2704E-10  0.2143E-10  0.1729E-10  0.1414E-10  0.1169E-10  0.9648E-11  0.7938E-11  0.6492E-11  0.5441E-11  0.4616E-11  0.3992E-11  0.3551E-11  0.3300E-11  0.3183E-11  0.3339E-11  0.3718E-11
      8.5366      270.0000  0.3751E-09  0.4781E-09  0.3885E-09  0.2642E-09  0.1747E-09  0.1141E-09  0.7882E-10  0.5613E-10  0.3987E-10  0.2888E-10  0.2083E-10  0.1644E-10  0.1322E-10  0.1079E-10  0.8903E-11  0.7331E-11  0.6010E-11  0.4889E-11  0.4088E-11  0.3465E-11  0.3000E-11  0.2682E-11  0.2520E-11  0.2467E-11  0.2634E-11  0.2981E-11
      8.6721      280.0000  0.4857E-09  0.4907E-09  0.3635E-09  0.2355E-09  0.1510E-09  0.9636E-10  0.6550E-10  0.4602E-10  0.3225E-10  0.2307E-10  0.1643E-10  0.1292E-10  0.1035E-10  0.8430E-11  0.6945E-11  0.5703E-11  0.4656E-11  0.3766E-11  0.3140E-11  0.2658E-11  0.2305E-11  0.2073E-11  0.1972E-11  0.1965E-11  0.2141E-11  0.2466E-11
      8.8076      290.0000  0.5752E-09  0.4949E-09  0.3412E-09  0.2127E-09  0.1331E-09  0.8333E-10  0.5587E-10  0.3880E-10  0.2685E-10  0.1900E-10  0.1336E-10  0.1046E-10  0.8363E-11  0.6792E-11  0.5587E-11  0.4575E-11  0.3719E-11  0.2990E-11  0.2486E-11  0.2101E-11  0.1825E-11  0.1651E-11  0.1592E-11  0.1613E-11  0.1791E-11  0.2098E-11
      8.9431      300.0000  0.6488E-09  0.4951E-09  0.3227E-09  0.1952E-09  0.1199E-09  0.7398E-10  0.4909E-10  0.3378E-10  0.2314E-10  0.1623E-10  0.1130E-10  0.8817E-11  0.7027E-11  0.5695E-11  0.4676E-11  0.3820E-11  0.3094E-11  0.2474E-11  0.2052E-11  0.1732E-11  0.1506E-11  0.1370E-11  0.1334E-11  0.1371E-11  0.1545E-11  0.1832E-11
      9.0786      310.0000  0.7109E-09  0.4943E-09  0.3083E-09  0.1823E-09  0.1105E-09  0.6757E-10  0.4452E-10  0.3044E-10  0.2073E-10  0.1445E-10  0.1001E-10  0.7788E-11  0.6193E-11  0.5010E-11  0.4108E-11  0.3350E-11  0.2708E-11  0.2158E-11  0.1787E-11  0.1507E-11  0.1311E-11  0.1196E-11  0.1171E-11  0.1212E-11  0.1376E-11  0.1640E-11
      9.2141      320.0000  0.7647E-09  0.4945E-09  0.2979E-09  0.1733E-09  0.1042E-09  0.6350E-10  0.4171E-10  0.2844E-10  0.1932E-10  0.1345E-10  0.9313E-11  0.7239E-11  0.5749E-11  0.4646E-11  0.3807E-11  0.3102E-11  0.2507E-11  0.1998E-11  0.1654E-11  0.1394E-11  0.1213E-11  0.1105E-11  0.1081E-11  0.1117E-11  0.1265E-11  0.1502E-11
      9.3496      330.0000  0.8129E-09  0.4968E-09  0.2914E-09  0.1678E-09  0.1006E-09  0.6135E-10  0.4031E-10  0.2749E-10  0.1871E-10  0.1307E-10  0.9088E-11  0.7066E-11  0.5611E-11  0.4533E-11  0.3713E-11  0.3028E-11  0.2451E-11  0.1960E-11  0.1625E-11  0.1370E-11  0.1190E-11  0.1080E-11  0.1048E-11  0.1072E-11  0.1199E-11  0.1408E-11
      9.4851      340.0000  0.8572E-09  0.5022E-09  0.2889E-09  0.1654E-09  0.9921E-10  0.6078E-10  0.4007E-10  0.2739E-10  0.1874E-10  0.1316E-10  0.9234E-11  0.7188E-11  0.5712E-11  0.4617E-11  0.3783E-11  0.3090E-11  0.2509E-11  0.2016E-11  0.1676E-11  0.1415E-11  0.1227E-11  0.1106E-11  0.1060E-11  0.1066E-11  0.1170E-11  0.1348E-11
      9.6206      350.0000  0.8990E-09  0.5112E-09  0.2902E-09  0.1658E-09  0.9978E-10  0.6157E-10  0.4078E-10  0.2799E-10  0.1929E-10  0.1365E-10  0.9672E-11  0.7542E-11  0.6001E-11  0.4854E-11  0.3979E-11  0.3257E-11  0.2655E-11  0.2146E-11  0.1789E-11  0.1513E-11  0.1309E-11  0.1172E-11  0.1108E-11  0.1092E-11  0.1171E-11  0.1316E-11
      9.7561      360.0000  0.9385E-09  0.5243E-09  0.2954E-09  0.1689E-09  0.1021E-09  0.6353E-10  0.4231E-10  0.2918E-10  0.2025E-10  0.1444E-10  0.1034E-10  0.8077E-11  0.6434E-11  0.5210E-11  0.4274E-11  0.3505E-11  0.2868E-11  0.2332E-11  0.1949E-11  0.1650E-11  0.1425E-11  0.1268E-11  0.1182E-11  0.1142E-11  0.1196E-11  0.1309E-11
      9.8916       10.0000  0.9755E-09  0.5421E-09  0.3045E-09  0.1746E-09  0.1062E-09  0.6658E-10  0.4457E-10  0.3087E-10  0.2157E-10  0.1548E-10  0.1118E-10  0.8751E-11  0.6980E-11  0.5655E-11  0.4642E-11  0.3814E-11  0.3130E-11  0.2557E-11  0.2142E-11  0.1815E-11  0.1566E-11  0.1386E-11  0.1277E-11  0.1212E-11  0.1241E-11  0.1325E-11
     10.0271       20.0000  0.1009E-08  0.5648E-09  0.3180E-09  0.1831E-09  0.1119E-09  0.7066E-10  0.4750E-10  0.3302E-10  0.2319E-10  0.1673E-10  0.1217E-10  0.9533E-11  0.7609E-11  0.6169E-11  0.5065E-11  0.4167E-11  0.3427E-11  0.2810E-11  0.2358E-11  0.2000E-11  0.1723E-11  0.1519E-11  0.1386E-11  0.1299E-11  0.1306E-11  0.1363E-11
     10.1626       30.0000  0.1036E-08  0.5927E-09  0.3364E-09  0.1946E-09  0.1195E-09  0.7580E-10  0.5110E-10  0.3560E-10  0.2509E-10  0.1816E-10  0.1326E-10  0.1040E-10  0.8302E-11  0.6732E-11  0.5529E-11  0.4551E-11  0.3749E-11  0.3081E-11  0.2588E-11  0.2195E-11  0.1890E-11  0.1661E-11  0.1507E-11  0.1398E-11  0.1387E-11  0.1423E-11
     10.2981       40.0000  0.1053E-08  0.6260E-09  0.3602E-09  0.2096E-09  0.1292E-09  0.8211E-10  0.5542E-10  0.3864E-10  0.2726E-10  0.1976E-10  0.1445E-10  0.1133E-10  0.9046E-11  0.7334E-11  0.6022E-11  0.4959E-11  0.4086E-11  0.3361E-11  0.2824E-11  0.2396E-11  0.2061E-11  0.1810E-11  0.1637E-11  0.1511E-11  0.1488E-11  0.1509E-11
     10.4336       50.0000  0.1053E-08  0.6642E-09  0.3904E-09  0.2288E-09  0.1413E-09  0.8982E-10  0.6059E-10  0.4220E-10  0.2974E-10  0.2153E-10  0.1574E-10  0.1233E-10  0.9838E-11  0.7972E-11  0.6543E-11  0.5385E-11  0.4436E-11  0.3648E-11  0.3064E-11  0.2599E-11  0.2236E-11  0.1963E-11  0.1774E-11  0.1636E-11  0.1608E-11  0.1624E-11
     10.5691       60.0000  0.1030E-08  0.7062E-09  0.4281E-09  0.2533E-09  0.1566E-09  0.9930E-10  0.6683E-10  0.4643E-10  0.3261E-10  0.2353E-10  0.1713E-10  0.1341E-10  0.1069E-10  0.8652E-11  0.7096E-11  0.5835E-11  0.4801E-11  0.3941E-11  0.3308E-11  0.2804E-11  0.2413E-11  0.2120E-11  0.1922E-11  0.1779E-11  0.1756E-11  0.1776E-11
     10.7046       70.0000  0.9718E-09  0.7494E-09  0.4746E-09  0.2844E-09  0.1762E-09  0.1112E-09  0.7454E-10  0.5158E-10  0.3602E-10  0.2586E-10  0.1871E-10  0.1461E-10  0.1163E-10  0.9402E-11  0.7703E-11  0.6324E-11  0.5192E-11  0.4251E-11  0.3562E-11  0.3018E-11  0.2597E-11  0.2288E-11  0.2085E-11  0.1946E-11  0.1938E-11  0.1977E-11
     10.8401       80.0000  0.8656E-09  0.7885E-09  0.5309E-09  0.3244E-09  0.2014E-09  0.1265E-09  0.8438E-10  0.5807E-10  0.4025E-10  0.2868E-10  0.2057E-10  0.1603E-10  0.1273E-10  0.1028E-10  0.8408E-11  0.6889E-11  0.5639E-11  0.4598E-11  0.3845E-11  0.3254E-11  0.2803E-11  0.2478E-11  0.2278E-11  0.2151E-11  0.2174E-11  0.2245E-11
     10.9756       90.0000  0.6971E-09  0.8138E-09  0.5971E-09  0.3756E-09  0.2348E-09  0.1468E-09  0.9742E-10  0.6666E-10  0.4578E-10  0.3234E-10  0.2294E-10  0.1782E-10  0.1412E-10  0.1138E-10  0.9296E-11  0.7597E-11  0.6195E-11  0.5025E-11  0.4192E-11  0.3543E-11  0.3055E-11  0.2715E-11  0.2523E-11  0.2419E-11  0.2488E-11  0.2609E-11
     11.1111      100.0000  0.4539E-09  0.8089E-09  0.6711E-09  0.4412E-09  0.2796E-09  0.1746E-09  0.1155E-09  0.7857E-10  0.5348E-10  0.3741E-10  0.2623E-10  0.2030E-10  0.1605E-10  0.1290E-10  0.1052E-10  0.8576E-11  0.6964E-11  0.5614E-11  0.4669E-11  0.3941E-11  0.3404E-11  0.3044E-11  0.2864E-11  0.2794E-11  0.2928E-11  0.3118E-11
     11.2466      110.0000  0.1302E-09  0.7477E-09  0.7444E-09  0.5237E-09  0.3404E-09  0.2139E-09  0.1415E-09  0.9599E-10  0.6484E-10  0.4497E-10  0.3117E-10  0.2405E-10  0.1896E-10  0.1521E-10  0.1239E-10  0.1007E-10  0.8140E-11  0.6520E-11  0.5407E-11  0.4557E-11  0.3943E-11  0.3548E-11  0.3382E-11  0.3354E-11  0.3577E-11  0.3853E-11
     11.3821      120.0000 -0.2666E-09  0.5946E-09  0.7963E-09  0.6216E-09  0.4226E-09  0.2708E-09  0.1805E-09  0.1227E-09  0.8263E-10  0.5702E-10  0.3920E-10  0.3019E-10  0.2375E-10  0.1902E-10  0.1547E-10  0.1254E-10  0.1010E-10  0.8049E-11  0.6659E-11  0.5606E-11  0.4858E-11  0.4395E-11  0.4234E-11  0.4253E-11  0.4587E-11  0.4963E-11
     11.5176      130.0000 -0.7093E-09  0.3111E-09  0.7832E-09  0.7207E-09  0.5288E-09  0.3532E-09  0.2406E-09  0.1655E-09  0.1120E-09  0.7742E-10  0.5318E-10  0.4096E-10  0.3220E-10  0.2578E-10  0.2095E-10  0.1697E-10  0.1365E-10  0.1084E-10  0.8963E-11  0.7542E-11  0.6542E-11  0.5935E-11  0.5747E-11  0.5803E-11  0.6271E-11  0.6732E-11
     11.6531      140.0000 -0.1150E-08 -0.1211E-09  0.6321E-09  0.7733E-09  0.6451E-09  0.4655E-09  0.3321E-09  0.2353E-09  0.1625E-09  0.1139E-09  0.7907E-10  0.6121E-10  0.4828E-10  0.3873E-10  0.3153E-10  0.2557E-10  0.2060E-10  0.1639E-10  0.1357E-10  0.1143E-10  0.9914E-11  0.8989E-11  0.8685E-11  0.8722E-11  0.9325E-11  0.9765E-11
     11.7886      150.0000 -0.1526E-08 -0.6612E-09  0.2657E-09  0.6712E-09  0.7010E-09  0.5818E-09  0.4543E-09  0.3431E-09  0.2486E-09  0.1806E-09  0.1293E-09  0.1018E-09  0.8119E-10  0.6569E-10  0.5382E-10  0.4393E-10  0.3563E-10  0.2858E-10  0.2378E-10  0.2010E-10  0.1746E-10  0.1578E-10  0.1511E-10  0.1493E-10  0.1554E-10  0.1547E-10
     11.9241      160.0000 -0.1779E-08 -0.1180E-08 -0.2950E-09  0.2842E-09  0.5191E-09  0.5608E-09  0.5216E-09  0.4500E-09  0.3625E-09  0.2860E-09  0.2203E-09  0.1814E-09  0.1499E-09  0.1247E-09  0.1044E-09  0.8697E-10  0.7192E-10  0.5886E-10  0.4972E-10  0.4252E-10  0.3717E-10  0.3357E-10  0.3175E-10  0.3058E-10  0.3035E-10  0.2729E-10
     12.0596      170.0000 -0.1873E-08 -0.1500E-08 -0.8041E-09 -0.2756E-09  0.1179E-10  0.1715E-09  0.2545E-09  0.2942E-09  0.2974E-09  0.2819E-09  0.2578E-09  0.2415E-09  0.2227E-09  0.2034E-09  0.1848E-09  0.1656E-09  0.1465E-09  0.1279E-09  0.1143E-09  0.1026E-09  0.9338E-10  0.8666E-10  0.8254E-10  0.7787E-10  0.7154E-10  0.5061E-10
     12.1951      180.0000 -0.1805E-08 -0.1507E-08 -0.9335E-09 -0.5089E-09 -0.2838E-09 -0.1575E-09 -0.8398E-10 -0.3411E-10 -0.7056E-12  0.1815E-10  0.2733E-10  0.3680E-10  0.4626E-10  0.5623E-10  0.6688E-10  0.7720E-10  0.8643E-10  0.9402E-10  0.1031E-09  0.1122E-09  0.1224E-09  0.1338E-09  0.1492E-09  0.1661E-09  0.1846E-09  0.2055E-09
     12.3306      190.0000 -0.1605E-08 -0.1238E-08 -0.6538E-09 -0.2438E-09 -0.2493E-10  0.8342E-10  0.1453E-09  0.1871E-09  0.2053E-09  0.2069E-09  0.1906E-09  0.1863E-09  0.1810E-09  0.1746E-09  0.1669E-09  0.1563E-09  0.1434E-09  0.1288E-09  0.1173E-09  0.1075E-09  0.1001E-09  0.9590E-10  0.9670E-10  0.1028E-09  0.1209E-09  0.1607E-09
     12.4661      200.0000 -0.1320E-08 -0.8318E-09 -0.2311E-09  0.1277E-09  0.2804E-09  0.3151E-09  0.3134E-09  0.2979E-09  0.2661E-09  0.2300E-09  0.1900E-09  0.1665E-09  0.1463E-09  0.1287E-09  0.1131E-09  0.9826E-10  0.8443E-10  0.7167E-10  0.6194E-10  0.5400E-10  0.4788E-10  0.4359E-10  0.4151E-10  0.4135E-10  0.4544E-10  0.5541E-10
     12.6016      210.0000 -0.1000E-08 -0.4252E-09  0.1111E-09  0.3480E-09  0.3955E-09  0.3563E-09  0.3073E-09  0.2606E-09  0.2130E-09  0.1718E-09  0.1350E-09  0.1128E-09  0.9504E-10  0.8060E-10  0.6865E-10  0.5814E-10  0.4893E-10  0.4086E-10  0.3477E-10  0.2988E-10  0.2609E-10  0.2334E-10  0.2173E-10  0.2100E-10  0.2223E-10  0.2568E-10
     12.7371      220.0000 -0.6832E-09 -0.9386E-10  0.3151E-09  0.4221E-09  0.3911E-09  0.3161E-09  0.2525E-09  0.2014E-09  0.1571E-09  0.1223E-09  0.9372E-10  0.7653E-10  0.6324E-10  0.5275E-10  0.4430E-10  0.3711E-10  0.3096E-10  0.2569E-10  0.2173E-10  0.1856E-10  0.1610E-10  0.1430E-10  0.1317E-10  0.1254E-10  0.1300E-10  0.1455E-10
     12.8726      230.0000 -0.3933E-09  0.1439E-09  0.4101E-09  0.4179E-09  0.3446E-09  0.2602E-09  0.1982E-09  0.1523E-09  0.1155E-09  0.8806E-10  0.6648E-10  0.5361E-10  0.4385E-10  0.3625E-10  0.3023E-10  0.2518E-10  0.2091E-10  0.1728E-10  0.1457E-10  0.1241E-10  0.1074E-10  0.9504E-11  0.8718E-11  0.8253E-11  0.8480E-11  0.9338E-11
     13.0081      240.0000 -0.1424E-09  0.3001E-09  0.4392E-09  0.3827E-09  0.2917E-09  0.2098E-09  0.1547E-09  0.1158E-09  0.8613E-10  0.6470E-10  0.4829E-10  0.3865E-10  0.3141E-10  0.2584E-10  0.2146E-10  0.1781E-10  0.1474E-10  0.1215E-10  0.1022E-10  0.8690E-11  0.7510E-11  0.6645E-11  0.6100E-11  0.5779E-11  0.5938E-11  0.6507E-11
     13.1436      250.0000  0.6688E-10  0.3956E-09  0.4340E-09  0.3399E-09  0.2443E-09  0.1692E-09  0.1216E-09  0.8934E-10  0.6535E-10  0.4848E-10  0.3580E-10  0.2850E-10  0.2306E-10  0.1891E-10  0.1566E-10  0.1296E-10  0.1070E-10  0.8786E-11  0.7379E-11  0.6267E-11  0.5416E-11  0.4801E-11  0.4426E-11  0.4221E-11  0.4369E-11  0.4809E-11
     13.2791      260.0000  0.2376E-09  0.4499E-09  0.4137E-09  0.2992E-09  0.2054E-09  0.1379E-09  0.9700E-10  0.7010E-10  0.5052E-10  0.3703E-10  0.2704E-10  0.2143E-10  0.1729E-10  0.1414E-10  0.1169E-10  0.9648E-11  0.7938E-11  0.6492E-11  0.5441E-11  0.4616E-11  0.3992E-11  0.3551E-11  0.3300E-11  0.3183E-11  0.3339E-11  0.3718E-11
     13.4146      270.0000  0.3751E-09  0.4781E-09  0.3885E-09  0.2642E-09  0.1747E-09  0.1141E-09  0.7882E-10  0.5613E-10  0.3987E-10  0.2888E-10  0.2083E-10  0.1644E-10  0.1322E-10  0.1079E-10  0.8903E-11  0.7331E-11  0.6010E-11  0.4889E-11  0.4088E-11  0.3465E-11  0.3000E-11  0.2682E-11  0.2520E-11  0.2467E-11  0.2634E-11  0.2981E-11
     13.5501      280.0000  0.4857E-09  0.4907E-09  0.3635E-09  0.2355E-09  0.1510E-09  0.9636E-10  0.6550E-10  0.4602E-10  0.3224E-10  0.2307E-10  0.1643E-10  0.1292E-10  0.1035E-10  0.8430E-11  0.6945E-11  0.5703E-11  0.4656E-11  0.3766E-11  0.3140E-11  0.2658E-11  0.2305E-11  0.2073E-11  0.1972E-11  0.1965E-11  0.2141E-11  0.2466E-11
     13.6856      290.0000  0.5752E-09  0.4949E-09  0.3412E-09  0.2127E-09  0.1331E-09  0.8333E-10  0.5587E-10  0.3880E-10  0.2685E-10  0.1900E-10  0.1336E-10  0.1046E-10  0.8363E-11  0.6792E-11  0.5587E-11  0.4575E-11  0.3719E-11  0.2990E-11  0.2486E-11  0.2101E-11  0.1825E-11  0.1651E-11  0.1592E-11  0.1613E-11  0.1791E-11  0.2098E-11
     13.8211      300.0000  0.6488E-09  0.4951E-09  0.3227E-09  0.1952E-09  0.1199E-09  0.7398E-10  0.4909E-10  0.3378E-10  0.2314E-10  0.1623E-10  0.1130E-10  0.8817E-11  0.7027E-11  0.5695E-11  0.4676E-11  0.3820E-11  0.3094E-11  0.2474E-11  0.2052E-11  0.1732E-11  0.1506E-11  0.1370E-11  0.1334E-11  0.1371E-11  0.1545E-11  0.1832E-11
     13.9566      310.0000  0.7109E-09  0.4943E-09  0.3083E-09  0.1823E-09  0.1105E-09  0.6757E-10  0.4452E-10  0.3044E-10  0.2073E-10  0.1445E-10  0.1001E-10  0.7788E-11  0.6193E-11  0.5010E-11  0.4108E-11  0.3350E-11  0.2708E-11  0.2158E-11  0.1787E-11  0.1507E-11  0.1311E-11  0.1196E-11  0.1171E-11  0.1212E-11  0.1376E-11  0.1640E-11
     14.0921      320.0000  0.7647E-09  0.4945E-09  0.2979E-09  0.1733E-09  0.1042E-09  0.6350E-10  0.4171E-10  0.2844E-10  0.1932E-10  0.1345E-10  0.9313E-11  0.7239E-11  0.5749E-11  0.4646E-11  0.3807E-11  0.3102E-11  0.2507E-11  0.1998E-11  0.1654E-11  0.1394E-11  0.1213E-11  0.1105E-11  0.1081E-11  0.1117E-11  0.1265E-11  0.1502E-11
     14.2276      330.0000  0.8129E-09  0.4968E-09  0.2914E-09  0.1678E-09  0.1006E-09  0.6135E-10  0.4031E-10  0.2749E-10  0.1871E-10  0.1307E-10  0.9088E-11  0.7066E-11  0.5611E-11  0.4533E-11  0.3713E-11  0.3028E-11  0.2451E-11  0.1960E-11  0.1625E-11  0.1370E-11  0.1190E-11  0.1080E-11  0.1048E-11  0.1072E-11  0.1199E-11  0.1408E-11
     14.3631      340.0000  0.8572E-09  0.5022E-09  0.2889E-09  0.1654E-09  0.9921E-10  0.6078E-10  0.4007E-10  0.2739E-10  0.1874E-10  0.1316E-10  0.9234E-11  0.7188E-11  0.5712E-11  0.4617E-11  0.3783E-11  0.3090E-11  0.2509E-11  0.2016E-11  0.1676E-11  0.1415E-11  0.1227E-11  0.1106E-11  0.1060E-11  0.1066E-11  0.1170E-11  0.1348E-11
     14.4986      350.0000  0.8990E-09  0.5112E-09  0.2902E-09  0.1658E-09  0.9978E-10  0.6157E-10  0.4078E-10  0.2799E-10  0.1929E-10  0.1365E-10  0.9671E-11  0.7542E-11  0.6001E-11  0.4854E-11  0.3979E-11  0.3257E-11  0.2655E-11  0.2146E-11  0.1789E-11  0.1513E-11  0.1309E-11  0.1172E-11  0.1108E-11  0.1092E-11  0.1171E-11  0.1316E-11
     14.6341      360.0000  0.9385E-09  0.5243E-09  0.2954E-09  0.1689E-09  0.1021E-09  0.6353E-10  0.4231E-10  0.2918E-10  0.2025E-10  0.1444E-10  0.1034E-10  0.8077E-11  0.6434E-11  0.5209E-11  0.4274E-11  0.3505E-11  0.2868E-11  0.2332E-11  0.1949E-11  0.1650E-11  0.1425E-11  0.1268E-11  0.1182E-11  0.1142E-11  0.1196E-11  0.1309E-11
     14.7696       10.0000  0.9755E-09  0.5421E-09  0.3045E-09  0.1746E-09  0.1062E-09  0.6658E-10  0.4457E-10  0.3087E-10  0.2157E-10  0.1548E-10  0.1118E-10  0.8751E-11  0.6980E-11  0.5655E-11  0.4642E-11  0.3814E-11  0.3130E-11  0.2557E-11  0.2142E-11  0.1815E-11  0.1566E-11  0.1386E-11  0.1277E-11  0.1212E-11  0.1241E-11  0.1325E-11
     14.9051       20.0000  0.1009E-08  0.5648E-09  0.3180E-09  0.1831E-09  0.1119E-09  0.7066E-10  0.4750E-10  0.3302E-10  0.2319E-10  0.1673E-10  0.1217E-10  0.9533E-11  0.7609E-11  0.6168E-11  0.5065E-11  0.4167E-11  0.3427E-11  0.2810E-11  0.2358E-11  0.2000E-11  0.1723E-11  0.1519E-11  0.1386E-11  0.1299E-11  0.1306E-11  0.1363E-11
     15.0407       30.0000  0.1036E-08  0.5927E-09  0.3364E-09  0.1946E-09  0.1195E-09  0.7580E-10  0.5110E-10  0.3560E-10  0.2509E-10  0.1816E-10  0.1326E-10  0.1040E-10  0.8302E-11  0.6732E-11  0.5529E-11  0.4551E-11  0.3749E-11  0.3081E-11  0.2588E-11  0.2195E-11  0.1890E-11  0.1661E-11  0.1507E-11  0.1398E-11  0.1387E-11  0.1423E-11
     15.1762       40.0000  0.1053E-08  0.6260E-09  0.3602E-09  0.2096E-09  0.1291E-09  0.8211E-10  0.5542E-10  0.3864E-10  0.2726E-10  0.1976E-10  0.1445E-10  0.1133E-10  0.9046E-11  0.7334E-11  0.6022E-11  0.4959E-11  0.4086E-11  0.3361E-11  0.2824E-11  0.2396E-11  0.2061E-11  0.1810E-11  0.1637E-11  0.1511E-11  0.1488E-11  0.1509E-11
     15.3117       50.0000  0.1053E-08  0.6642E-09  0.3904E-09  0.2288E-09  0.1413E-09  0.8981E-10  0.6059E-10  0.4220E-10  0.2974E-10  0.2153E-10  0.1574E-10  0.1233E-10  0.9838E-11  0.7972E-11  0.6543E-11  0.5385E-11  0.4436E-11  0.3648E-11  0.3064E-11  0.2599E-11  0.2236E-11  0.1963E-11  0.1774E-11  0.1636E-11  0.1608E-11  0.1624E-11
     15.4472       60.0000  0.1030E-08  0.7062E-09  0.4281E-09  0.2533E-09  0.1566E-09  0.9930E-10  0.6683E-10  0.4643E-10  0.3261E-10  0.2353E-10  0.1713E-10  0.1341E-10  0.1069E-10  0.8652E-11  0.7096E-11  0.5835E-11  0.4801E-11  0.3941E-11  0.3308E-11  0.2804E-11  0.2413E-11  0.2120E-11  0.1922E-11  0.1779E-11  0.1756E-11  0.1776E-11
     15.5827       70.0000  0.9718E-09  0.7494E-09  0.4746E-09  0.2844E-09  0.1761E-09  0.1112E-09  0.7454E-10  0.5158E-10  0.3602E-10  0.2586E-10  0.1871E-10  0.1461E-10  0.1163E-10  0.9402E-11  0.7703E-11  0.6324E-11  0.5192E-11  0.4251E-11  0.3562E-11  0.3018E-11  0.2597E-11  0.2288E-11  0.2085E-11  0.1946E-11  0.1938E-11  0.1977E-11
     15.7182       80.0000  0.8656E-09  0.7885E-09  0.5309E-09  0.3244E-09  0.2014E-09  0.1265E-09  0.8438E-10  0.5807E-10  0.4025E-10  0.2868E-10  0.2057E-10  0.1603E-10  0.1273E-10  0.1028E-10  0.8408E-11  0.6889E-11  0.5639E-11  0.4598E-11  0.3845E-11  0.3254E-11  0.2803E-11  0.2478E-11  0.2278E-11  0.2151E-11  0.2174E-11  0.2245E-11
     15.8537       90.0000  0.6971E-09  0.8138E-09  0.5971E-09  0.3756E-09  0.2348E-09  0.1468E-09  0.9742E-10  0.6665E-10  0.4578E-10  0.3234E-10  0.2294E-10  0.1782E-10  0.1412E-10  0.1138E-10  0.9296E-11  0.7597E-11  0.6195E-11  0.5025E-11  0.4192E-11  0.3543E-11  0.3055E-11  0.2715E-11  0.2523E-11  0.2419E-11  0.2488E-11  0.2609E-11
     15.9892      100.0000  0.4539E-09  0.8089E-09  0.6711E-09  0.4412E-09  0.2796E-09  0.1746E-09  0.1155E-09  0.7857E-10  0.5348E-10  0.3741E-10  0.2623E-10  0.2030E-10  0.1605E-10  0.1290E-10  0.1052E-10  0.8576E-11  0.6964E-11  0.5614E-11  0.4669E-11  0.3941E-11  0.3404E-11  0.3044E-11  0.2864E-11  0.2794E-11  0.2928E-11  0.3118E-11
     16.1247      110.0000  0.1302E-09  0.7477E-09  0.7444E-09  0.5237E-09  0.3404E-09  0.2139E-09  0.1415E-09  0.9599E-10  0.6484E-10  0.4497E-10  0.3117E-10  0.2405E-10  0.1896E-10  0.1521E-10  0.1239E-10  0.1007E-10  0.8140E-11  0.6520E-11  0.5407E-11  0.4557E-11  0.3943E-11  0.3548E-11  0.3382E-11  0.3354E-11  0.3577E-11  0.3853E-11
     16.2602      120.0000 -0.2666E-09  0.5946E-09  0.7963E-09  0.6216E-09  0.4226E-09  0.2708E-09  0.1805E-09  0.1227E-09  0.8263E-10  0.5702E-10  0.3920E-10  0.3019E-10  0.2375E-10  0.1902E-10  0.1547E-10  0.1254E-10  0.1010E-10  0.8049E-11  0.6659E-11  0.5606E-11  0.4858E-11  0.4395E-11  0.4234E-11  0.4253E-11  0.4587E-11  0.4963E-11
     16.3957      130.0000 -0.7093E-09  0.3111E-09  0.7832E-09  0.7207E-09  0.5288E-09  0.3532E-09  0.2406E-09  0.1655E-09  0.1120E-09  0.7742E-10  0.5318E-10  0.4096E-10  0.3220E-10  0.2578E-10  0.2095E-10  0.1697E-10  0.1365E-10  0.1084E-10  0.8963E-11  0.7542E-11  0.6542E-11  0.5935E-11  0.5747E-11  0.5803E-11  0.6271E-11  0.6732E-11
     16.5312      140.0000 -0.1150E-08 -0.1211E-09  0.6321E-09  0.7733E-09  0.6451E-09  0.4655E-09  0.3321E-09  0.2353E-09  0.1625E-09  0.1139E-09  0.7907E-10  0.6121E-10  0.4828E-10  0.3873E-10  0.3153E-10  0.2557E-10  0.2060E-10  0.1639E-10  0.1357E-10  0.1143E-10  0.9914E-11  0.8989E-11  0.8685E-11  0.8722E-11  0.9325E-11  0.9765E-11
     16.6667      150.0000 -0.1526E-08 -0.6612E-09  0.2657E-09  0.6712E-09  0.7010E-09  0.5817E-09  0.4543E-09  0.3431E-09  0.2486E-09  0.1806E-09  0.1293E-09  0.1018E-09  0.8119E-10  0.6569E-10  0.5382E-10  0.4393E-10  0.3563E-10  0.2858E-10  0.2378E-10  0.2010E-10  0.1746E-10  0.1578E-10  0.1511E-10  0.1493E-10  0.1554E-10  0.1547E-10
     16.8022      160.0000 -0.1779E-08 -0.1180E-08 -0.2950E-09  0.2842E-09  0.5191E-09  0.5608E-09  0.5216E-09  0.4500E-09  0.3625E-09  0.2860E-09  0.2203E-09  0.1814E-09  0.1499E-09  0.1247E-09  0.1044E-09  0.8697E-10  0.7192E-10  0.5886E-10  0.4972E-10  0.4252E-10  0.3717E-10  0.3357E-10  0.3175E-10  0.3058E-10  0.3035E-10  0.2729E-10
     16.9377      170.0000 -0.1873E-08 -0.1500E-08 -0.8041E-09 -0.2756E-09  0.1179E-10  0.1715E-09  0.2545E-09  0.2942E-09  0.2974E-09  0.2819E-09  0.2578E-09  0.2415E-09  0.2227E-09  0.2034E-09  0.1848E-09  0.1656E-09  0.1465E-09  0.1279E-09  0.1143E-09  0.1026E-09  0.9338E-10  0.8666E-10  0.8254E-10  0.7787E-10  0.7154E-10  0.5061E-10
     17.0732      180.0000 -0.1805E-08 -0.1507E-08 -0.9335E-09 -0.5089E-09 -0.2838E-09 -0.1575E-09 -0.8398E-10 -0.3411E-10 -0.7056E-12  0.1815E-10  0.2733E-10  0.3680E-10  0.4626E-10  0.5623E-10  0.6688E-10  0.7720E-10  0.8643E-10  0.9402E-10  0.1031E-09  0.1122E-09  0.1224E-09  0.1338E-09  0.1492E-09  0.1661E-09  0.1846E-09  0.2055E-09
     17.2087      190.0000 -0.1605E-08 -0.1238E-08 -0.6538E-09 -0.2438E-09 -0.2493E-10  0.8342E-10  0.1453E-09  0.1871E-09  0.2053E-09  0.2069E-09  0.1906E-09  0.1863E-09  0.1810E-09  0.1746E-09  0.1669E-09  0.1563E-09  0.1434E-09  0.1288E-09  0.1173E-09  0.1075E-09  0.1001E-09  0.9590E-10  0.9670E-10  0.1028E-09  0.1209E-09  0.1607E-09
     17.3442      200.0000 -0.1320E-08 -0.8318E-09 -0.2311E-09  0.1277E-09  0.2804E-09  0.3151E-09  0.3134E-09  0.2979E-09  0.2661E-09  0.2300E-09  0.1900E-09  0.1665E-09  0.1463E-09  0.1287E-09  0.1131E-09  0.9826E-10  0.8443E-10  0.7167E-10  0.6194E-10  0.5400E-10  0.4788E-10  0.4359E-10  0.4151E-10  0.4135E-10  0.4544E-10  0.5541E-10
     17.4797      210.0000 -0.1000E-08 -0.4252E-09  0.1111E-09  0.3480E-09  0.3955E-09  0.3563E-09  0.3072E-09  0.2606E-09  0.2130E-09  0.1718E-09  0.1350E-09  0.1128E-09  0.9504E-10  0.8060E-10  0.6865E-10  0.5814E-10  0.4893E-10  0.4086E-10  0.3477E-10  0.2988E-10  0.2609E-10  0.2334E-10  0.2173E-10  0.2100E-10  0.2223E-10  0.2568E-10
     17.6152      220.0000 -0.6832E-09 -0.9386E-10  0.3151E-09  0.4221E-09  0.3911E-09  0.3161E-09  0.2525E-09  0.2014E-09  0.1571E-09  0.1223E-09  0.9372E-10  0.7653E-10  0.6324E-10  0.5275E-10  0.4430E-10  0.3711E-10  0.3096E-10  0.2569E-10  0.2173E-10  0.1856E-10  0.1610E-10  0.1430E-10  0.1317E-10  0.1254E-10  0.1300E-10  0.1455E-10
     17.7507      230.0000 -0.3933E-09  0.1439E-09  0.4101E-09  0.4179E-09  0.3446E-09  0.2602E-09  0.1982E-09  0.1523E-09  0.1155E-09  0.8805E-10  0.6648E-10  0.5361E-10  0.4385E-10  0.3625E-10  0.3023E-10  0.2518E-10  0.2091E-10  0.1728E-10  0.1457E-10  0.1241E-10  0.1074E-10  0.9504E-11  0.8718E-11  0.8253E-11  0.8480E-11  0.9338E-11
     17.8862      240.0000 -0.1424E-09  0.3001E-09  0.4392E-09  0.3827E-09  0.2917E-09  0.2098E-09  0.1546E-09  0.1158E-09  0.8613E-10  0.6470E-10  0.4829E-10  0.3865E-10  0.3141E-10  0.2584E-10  0.2146E-10  0.1781E-10  0.1474E-10  0.1215E-10  0.1022E-10  0.8690E-11  0.7510E-11  0.6645E-11  0.6100E-11  0.5779E-11  0.5938E-11  0.6507E-11
     18.0217      250.0000  0.6688E-10  0.3956E-09  0.4340E-09  0.3399E-09  0.2443E-09  0.1692E-09  0.1216E-09  0.8934E-10  0.6535E-10  0.4848E-10  0.3580E-10  0.2850E-10  0.2306E-10  0.1891E-10  0.1566E-10  0.1296E-10  0.1070E-10  0.8786E-11  0.7379E-11  0.6267E-11  0.5416E-11  0.4801E-11  0.4426E-11  0.4221E-11  0.4369E-11  0.4809E-11
     18.1572      260.0000  0.2376E-09  0.4499E-09  0.4137E-09  0.2992E-09  0.2054E-09  0.1379E-09  0.9700E-10  0.7010E-10  0.5052E-10  0.3703E-10  0.2704E-10  0.2143E-10  0.1729E-10  0.1414E-10  0.1169E-10  0.9648E-11  0.7938E-11  0.6492E-11  0.5441E-11  0.4616E-11  0.3992E-11  0.3551E-11  0.3300E-11  0.3183E-11  0.3339E-11  0.3718E-11
     18.2927      270.0000  0.3751E-09  0.4781E-09  0.3885E-09  0.2642E-09  0.1747E-09  0.1141E-09  0.7882E-10  0.5613E-10  0.3987E-10  0.2888E-10  0.2083E-10  0.1644E-10  0.1322E-10  0.1079E-10  0.8903E-11  0.7331E-11  0.6010E-11  0.4889E-11  0.4088E-11  0.3465E-11  0.3000E-11  0.2682E-11  0.2520E-11  0.2467E-11  0.2634E-11  0.2981E-11
     18.4282      280.0000  0.4857E-09  0.4907E-09  0.3635E-09  0.2355E-09  0.1510E-09  0.9636E-10  0.6550E-10  0.4602E-10  0.3224E-10  0.2307E-10  0.1643E-10  0.1292E-10  0.1035E-10  0.8430E-11  0.6945E-11  0.5703E-11  0.4656E-11  0.3766E-11  0.3140E-11  0.2658E-11  0.2305E-11  0.2073E-11  0.1972E-11  0.1965E-11  0.2141E-11  0.2466E-11
     18.5637      290.0000  0.5752E-09  0.4949E-09  0.3412E-09  0.2127E-09  0.1331E-09  0.8333E-10  0.5587E-10  0.3880E-10  0.2685E-10  0.1900E-10  0.1336E-10  0.1046E-10  0.8363E-11  0.6792E-11  0.5587E-11  0.4575E-11  0.3719E-11  0.2990E-11  0.2486E-11  0.2101E-11  0.1825E-11  0.1651E-11  0.1592E-11  0.1613E-11  0.1791E-11  0.2098E-11
     18.6992      300.0000  0.6488E-09  0.4951E-09  0.3227E-09  0.1952E-09  0.1199E-09  0.7398E-10  0.4909E-10  0.3378E-10  0.2314E-10  0.1622E-10  0.1130E-10  0.8817E-11  0.7027E-11  0.5695E-11  0.4676E-11  0.3820E-11  0.3094E-11  0.2474E-11  0.2052E-11  0.1732E-11  0.1506E-11  0.1370E-11  0.1334E-11  0.1371E-11  0.1545E-11  0.1832E-11
     18.8347      310.0000  0.7109E-09  0.4943E-09  0.3083E-09  0.1823E-09  0.1105E-09  0.6757E-10  0.4452E-10  0.3044E-10  0.2073E-10  0.1445E-10  0.1001E-10  0.7788E-11  0.6193E-11  0.5010E-11  0.4108E-11  0.3350E-11  0.2708E-11  0.2158E-11  0.1787E-11  0.1507E-11  0.1311E-11  0.1196E-11  0.1171E-11  0.1212E-11  0.1376E-11  0.1640E-11
     18.9702      320.0000  0.7647E-09  0.4945E-09  0.2979E-09  0.1733E-09  0.1042E-09  0.6350E-10  0.4171E-10  0.2844E-10  0.1932E-10  0.1345E-10  0.9312E-11  0.7239E-11  0.5749E-11  0.4646E-11  0.3807E-11  0.3102E-11  0.2507E-11  0.1998E-11  0.1654E-11  0.1394E-11  0.1213E-11  0.1105E-11  0.1081E-11  0.1117E-11  0.1265E-11  0.1502E-11
     19.1057      330.0000  0.8129E-09  0.4968E-09  0.2914E-09  0.1678E-09  0.1006E-09  0.6135E-10  0.4031E-10  0.2749E-10  0.1871E-10  0.1307E-10  0.9088E-11  0.7066E-11  0.5611E-11  0.4533E-11  0.3713E-11  0.3028E-11  0.2451E-11  0.1960E-11  0.1625E-11  0.1370E-11  0.1190E-11  0.1080E-11  0.1048E-11  0.1072E-11  0.1199E-11  0.1408E-11
     19.2412      340.0000  0.8572E-09  0.5022E-09  0.2889E-09  0.1654E-09  0.9921E-10  0.6078E-10  0.4006E-10  0.2739E-10  0.1874E-10  0.1316E-10  0.9234E-11  0.7188E-11  0.5712E-11  0.4617E-11  0.3783E-11  0.3090E-11  0.2509E-11  0.2016E-11  0.1676E-11  0.1415E-11  0.1227E-11  0.1106E-11  0.1060E-11  0.1066E-11  0.1170E-11  0.1348E-11
     19.3767      350.0000  0.8990E-09  0.5112E-09  0.2902E-09  0.1658E-09  0.9978E-10  0.6157E-10  0.4078E-10  0.2799E-10  0.1929E-10  0.1365E-10  0.9671E-11  0.7542E-11  0.6001E-11  0.4854E-11  0.3979E-11  0.3257E-11  0.2655E-11  0.2146E-11  0.1789E-11  0.1513E-11  0.1309E-11  0.1172E-11  0.1108E-11  0.1092E-11  0.1171E-11  0.1316E-11
     19.5122      360.0000  0.9385E-09  0.5243E-09  0.2954E-09  0.1689E-09  0.1021E-09  0.6353E-10  0.4231E-10  0.2918E-10  0.2025E-10  0.1444E-10  0.1034E-10  0.8077E-11  0.6434E-11  0.5209E-11  0.4274E-11  0.3505E-11  0.2868E-11  0.2332E-11  0.1949E-11  0.1650E-11  0.1425E-11  0.1268E-11  0.1182E-11  0.1142E-11  0.1196E-11  0.1309E-11
     19.6477       10.0000  0.9755E-09  0.5421E-09  0.3045E-09  0.1746E-09  0.1062E-09  0.6658E-10  0.4457E-10  0.3087E-10  0.2157E-10  0.1548E-10  0.1118E-10  0.8751E-11  0.6980E-11  0.5655E-11  0.4642E-11  0.3814E-11  0.3130E-11  0.2557E-11  0.2142E-11  0.1815E-11  0.1566E-11  0.1386E-11  0.1277E-11  0.1212E-11  0.1241E-11  0.1325E-11
     19.7832       20.0000  0.1009E-08  0.5648E-09  0.3180E-09  0.1831E-09  0.1119E-09  0.7066E-10  0.4750E-10  0.3302E-10  0.2319E-10  0.1673E-10  0.1217E-10  0.9533E-11  0.7609E-11  0.6168E-11  0.5065E-11  0.4167E-11  0.3427E-11  0.2810E-11  0.2358E-11  0.2000E-11  0.1723E-11  0.1519E-11  0.1386E-11  0.1299E-11  0.1306E-11  0.1363E-11
     19.9187       30.0000  0.1036E-08  0.5927E-09  0.3364E-09  0.1946E-09  0.1195E-09  0.7580E-10  0.5110E-10  0.3560E-10  0.2509E-10  0.1816E-10  0.1326E-10  0.1040E-10  0.8302E-11  0.6732E-11  0.5529E-11  0.4551E-11  0.3749E-11  0.3081E-11  0.2588E-11  0.2195E-11  0.1890E-11  0.1661E-11  0.1507E-11  0.1398E-11  0.1387E-11  0.1423E-11
     20.0542       40.0000  0.1053E-08  0.6260E-09  0.3602E-09  0.2096E-09  0.1291E-09  0.8211E-10  0.5542E-10  0.3864E-10  0.2726E-10  0.1976E-10  0.1445E-10  0.1133E-10  0.9046E-11  0.7334E-11  0.6022E-11  0.4959E-11  0.4086E-11  0.3361E-11  0.2824E-11  0.2396E-11  0.2061E-11  0.1810E-11  0.1637E-11  0.1511E-11  0.1488E-11  0.1509E-11
     20.1897       50.0000  0.1053E-08  0.6642E-09  0.3904E-09  0.2288E-09  0.1413E-09  0.8981E-10  0.6059E-10  0.4220E-10  0.2974E-10  0.2153E-10  0.1573E-10  0.1233E-10  0.9838E-11  0.7972E-11  0.6543E-11  0.5385E-11  0.4436E-11  0.3648E-11  0.3064E-11  0.2599E-11  0.2236E-11  0.1963E-11  0.1774E-11  0.1636E-11  0.1608E-11  0.1624E-11
     20.3252       60.0000  0.1030E-08  0.7062E-09  0.4281E-09  0.2533E-09  0.1566E-09  0.9930E-10  0.6683E-10  0.4643E-10  0.3261E-10  0.2353E-10  0.1713E-10  0.1341E-10  0.1069E-10  0.8652E-11  0.7096E-11  0.5835E-11  0.4801E-11  0.3941E-11  0.3308E-11  0.2804E-11  0.2413E-11  0.2120E-11  0.1922E-11  0.1779E-11  0.1756E-11  0.1776E-11
     20.4607       70.0000  0.9718E-09  0.7494E-09  0.4746E-09  0.2844E-09  0.1761E-09  0.1112E-09  0.7454E-10  0.5157E-10  0.3602E-10  0.2586E-10  0.1871E-10  0.1461E-10  0.1163E-10  0.9402E-11  0.7703E-11  0.6324E-11  0.5192E-11  0.4251E-11  0.3562E-11  0.3018E-11  0.2597E-11  0.2288E-11  0.2085E-11  0.1946E-11  0.1938E-11  0.1977E-11
     20.5962       80.0000  0.8656E-09  0.7885E-09  0.5309E-09  0.3244E-09  0.2014E-09  0.1265E-09  0.8437E-10  0.5807E-10  0.4025E-10  0.2868E-10  0.2057E-10  0.1603E-10  0.1273E-10  0.1028E-10  0.8408E-11  0.6889E-11  0.5639E-11  0.4598E-11  0.3845E-11  0.3254E-11  0.2803E-11  0.2478E-11  0.2278E-11  0.2151E-11  0.2174E-11  0.2245E-11
     20.7317       90.0000  0.6971E-09  0.8138E-09  0.5971E-09  0.3756E-09  0.2348E-09  0.1468E-09  0.9742E-10  0.6665E-10  0.4578E-10  0.3234E-10  0.2294E-10  0.1782E-10  0.1412E-10  0.1138E-10  0.9296E-11  0.7597E-11  0.6195E-11  0.5025E-11  0.4192E-11  0.3543E-11  0.3055E-11  0.2715E-11  0.2523E-11  0.2419E-11  0.2488E-11  0.2609E-11
     20.8672      100.0000  0.4539E-09  0.8089E-09  0.6711E-09  0.4412E-09  0.2796E-09  0.1746E-09  0.1155E-09  0.7857E-10  0.5348E-10  0.3741E-10  0.2623E-10  0.2030E-10  0.1605E-10  0.1290E-10  0.1052E-10  0.8576E-11  0.6964E-11  0.5614E-11  0.4669E-11  0.3941E-11  0.3404E-11  0.3044E-11  0.2864E-11  0.2794E-11  0.2928E-11  0.3118E-11
     21.0027      110.0000  0.1302E-09  0.7477E-09  0.7444E-09  0.5237E-09  0.3404E-09  0.2139E-09  0.1415E-09  0.9599E-10  0.6484E-10  0.4497E-10  0.3117E-10  0.2405E-10  0.1896E-10  0.1521E-10  0.1239E-10  0.1007E-10  0.8140E-11  0.6520E-11  0.5407E-11  0.4557E-11  0.3943E-11  0.3548E-11  0.3382E-11  0.3354E-11  0.3577E-11  0.3853E-11
     21.1382      120.0000 -0.2666E-09  0.5946E-09  0.7963E-09  0.6216E-09  0.4226E-09  0.2708E-09  0.1805E-09  0.1227E-09  0.8263E-10  0.5702E-10  0.3920E-10  0.3019E-10  0.2375E-10  0.1902E-10  0.1547E-10  0.1254E-10  0.1010E-10  0.8049E-11  0.6659E-11  0.5606E-11  0.4858E-11  0.4395E-11  0.4234E-11  0.4253E-11  0.4587E-11  0.4963E-11
     21.2737      130.0000 -0.7093E-09  0.3111E-09  0.7832E-09  0.7207E-09  0.5288E-09  0.3532E-09  0.2406E-09  0.1655E-09  0.1120E-09  0.7742E-10  0.5318E-10  0.4096E-10  0.3220E-10  0.2578E-10  0.2095E-10  0.1697E-10  0.1365E-10  0.1084E-10  0.8963E-11  0.7542E-11  0.6542E-11  0.5935E-11  0.5747E-11  0.5803E-11  0.6271E-11  0.6732E-11
     21.4092      140.0000 -0.1150E-08 -0.1211E-09  0.6321E-09  0.7733E-09  0.6451E-09  0.4655E-09  0.3321E-09  0.2353E-09  0.1625E-09  0.1139E-09  0.7907E-10  0.6121E-10  0.4828E-10  0.3873E-10  0.3153E-10  0.2557E-10  0.2060E-10  0.1639E-10  0.1357E-10  0.1143E-10  0.9914E-11  0.8989E-11  0.8685E-11  0.8722E-11  0.9325E-11  0.9765E-11
     21.5447      150.0000 -0.1526E-08 -0.6612E-09  0.2657E-09  0.6712E-09  0.7010E-09  0.5817E-09  0.4543E-09  0.3431E-09  0.2486E-09  0.1806E-09  0.1293E-09  0.1018E-09  0.8119E-10  0.6569E-10  0.5382E-10  0.4393E-10  0.3563E-10  0.2858E-10  0.2378E-10  0.2010E-10  0.1746E-10  0.1578E-10  0.1511E-10  0.1493E-10  0.1554E-10  0.1547E-10
     21.6802      160.0000 -0.1779E-08 -0.1180E-08 -0.2950E-09  0.2842E-09  0.5191E-09  0.5608E-09  0.5216E-09  0.4500E-09  0.3625E-09  0.2860E-09  0.2203E-09  0.1814E-09  0.1499E-09  0.1247E-09  0.1044E-09  0.8697E-10  0.7192E-10  0.5886E-10  0.4972E-10  0.4252E-10  0.3717E-10  0.3357E-10  0.3175E-10  0.3058E-10  0.3035E-10  0.2729E-10
     21.8157      170.0000 -0.1873E-08 -0.1500E-08 -0.8041E-09 -0.2756E-09  0.1179E-10  0.1715E-09  0.2545E-09  0.2942E-09  0.2974E-09  0.2819E-09  0.2578E-09  0.2415E-09  0.2227E-09  0.2034E-09  0.1848E-09  0.1656E-09  0.1465E-09  0.1279E-09  0.1143E-09  0.1026E-09  0.9338E-10  0.8666E-10  0.8254E-10  0.7787E-10  0.7154E-10  0.5061E-10
     21.9512      180.0000 -0.1805E-08 -0.1507E-08 -0.9335E-09 -0.5089E-09 -0.2838E-09 -0.1575E-09 -0.8398E-10 -0.3411E-10 -0.7056E-12  0.1815E-10  0.2733E-10  0.3680E-10  0.4626E-10  0.5623E-10  0.6688E-10  0.7720E-10  0.8643E-10  0.9402E-10  0.1031E-09  0.1122E-09  0.1224E-09  0.1338E-09  0.1492E-09  0.1661E-09  0.1846E-09  0.2055E-09
     22.0867      190.0000 -0.1605E-08 -0.1238E-08 -0.6538E-09 -0.2438E-09 -0.2493E-10  0.8342E-10  0.1453E-09  0.1871E-09  0.2053E-09  0.2068E-09  0.1906E-09  0.1863E-09  0.1810E-09  0.1746E-09  0.1669E-09  0.1563E-09  0.1434E-09  0.1288E-09  0.1173E-09  0.1075E-09  0.1001E-09  0.9590E-10  0.9670E-10  0.1028E-09  0.1209E-09  0.1607E-09
     22.2222      200.0000 -0.1320E-08 -0.8318E-09 -0.2311E-09  0.1277E-09  0.2804E-09  0.3151E-09  0.3134E-09  0.2979E-09  0.2661E-09  0.2300E-09  0.1900E-09  0.1665E-09  0.1463E-09  0.1287E-09  0.1131E-09  0.9826E-10  0.8443E-10  0.7167E-10  0.6194E-10  0.5400E-10  0.4788E-10  0.4359E-10  0.4151E-10  0.4135E-10  0.4544E-10  0.5541E-10
     22.3577      210.0000 -0.1000E-08 -0.4252E-09  0.1111E-09  0.3480E-09  0.3955E-09  0.3563E-09  0.3072E-09  0.2606E-09  0.2130E-09  0.1718E-09  0.1350E-09  0.1128E-09  0.9504E-10  0.8060E-10  0.6865E-10  0.5814E-10  0.4893E-10  0.4086E-10  0.3477E-10  0.2988E-10  0.2609E-10  0.2334E-10  0.2173E-10  0.2100E-10  0.2223E-10  0.2568E-10
     22.4932      220.0000 -0.6832E-09 -0.9386E-10  0.3151E-09  0.4221E-09  0.3911E-09  0.3161E-09  0.2525E-09  0.2014E-09  0.1571E-09  0.1223E-09  0.9372E-10  0.7653E-10  0.6324E-10  0.5275E-10  0.4430E-10  0.3711E-10  0.3096E-10  0.2569E-10  0.2173E-10  0.1856E-10  0.1610E-10  0.1430E-10  0.1317E-10  0.1254E-10  0.1300E-10  0.1455E-10
     22.6287      230.0000 -0.3933E-09  0.1439E-09  0.4101E-09  0.4179E-09  0.3446E-09  0.2602E-09  0.1982E-09  0.1523E-09  0.1155E-09  0.8805E-10  0.6648E-10  0.5361E-10  0.4385E-10  0.3625E-10  0.3023E-10  0.2518E-10  0.2091E-10  0.1728E-10  0.1457E-10  0.1241E-10  0.1074E-10  0.9504E-11  0.8718E-11  0.8253E-11  0.8480E-11  0.9338E-11
     22.7642      240.0000 -0.1424E-09  0.3001E-09  0.4392E-09  0.3827E-09  0.2917E-09  0.2098E-09  0.1546E-09  0.1158E-09  0.8613E-10  0.6469E-10  0.4829E-10  0.3865E-10  0.3141E-10  0.2584E-10  0.2146E-10  0.1781E-10  0.1474E-10  0.1215E-10  0.1022E-10  0.8690E-11  0.7510E-11  0.6645E-11  0.6100E-11  0.5779E-11  0.5938E-11  0.6507E-11
     22.8997      250.0000  0.6688E-10  0.3956E-09  0.4340E-09  0.3399E-09  0.2443E-09  0.1692E-09  0.1216E-09  0.8934E-10  0.6535E-10  0.4848E-10  0.3580E-10  0.2850E-10  0.2306E-10  0.1891E-10  0.1566E-10  0.1296E-10  0.1070E-10  0.8786E-11  0.7379E-11  0.6267E-11  0.5416E-11  0.4801E-11  0.4426E-11  0.4221E-11  0.4369E-11  0.4809E-11
     23.0352      260.0000  0.2376E-09  0.4499E-09  0.4137E-09  0.2992E-09  0.2054E-09  0.1379E-09  0.9700E-10  0.7010E-10  0.5052E-10  0.3703E-10  0.2704E-10  0.2143E-10  0.1729E-10  0.1414E-10  0.1169E-10  0.9648E-11  0.7938E-11  0.6492E-11  0.5441E-11  0.4616E-11  0.3992E-11  0.3551E-11  0.3300E-11  0.3183E-11  0.3339E-11  0.3718E-11
     23.1707      270.0000  0.3751E-09  0.4781E-09  0.3885E-09  0.2642E-09  0.1747E-09  0.1141E-09  0.7882E-10  0.5613E-10  0.3987E-10  0.2888E-10  0.2083E-10  0.1644E-10  0.1322E-10  0.1079E-10  0.8903E-11  0.7331E-11  0.6010E-11  0.4889E-11  0.4088E-11  0.3465E-11  0.3000E-11  0.2682E-11  0.2520E-11  0.2467E-11  0.2634E-11  0.2981E-11
     23.3062      280.0000  0.4857E-09  0.4907E-09  0.3635E-09  0.2355E-09  0.1510E-09  0.9636E-10  0.6550E-10  0.4602E-10  0.3224E-10  0.2307E-10  0.1643E-10  0.1292E-10  0.1035E-10  0.8430E-11  0.6945E-11  0.5703E-11  0.4656E-11  0.3766E-11  0.3140E-11  0.2658E-11  0.2305E-11  0.2073E-11  0.1972E-11  0.1965E-11  0.2141E-11  0.2466E-11
     23.4417      290.0000  0.5752E-09  0.4949E-09  0.3412E-09  0.2127E-09  0.1331E-09  0.8333E-10  0.5587E-10  0.3880E-10  0.2685E-10  0.1900E-10  0.1336E-10  0.1046E-10  0.8363E-11  0.6792E-11  0.5587E-11  0.4575E-11  0.3719E-11  0.2990E-11  0.2486E-11  0.2101E-11  0.1825E-11  0.1651E-11  0.1592E-11  0.1613E-11  0.1791E-11  0.2098E-11
     23.5772      300.0000  0.6488E-09  0.4951E-09  0.3227E-09  0.1952E-09  0.1199E-09  0.7398E-10  0.4909E-10  0.3378E-10  0.2314E-10  0.1622E-10  0.1130E-10  0.8817E-11  0.7027E-11  0.5695E-11  0.4676E-11  0.3820E-11  0.3094E-11  0.2474E-11  0.2052E-11  0.1732E-11  0.1506E-11  0.1370E-11  0.1334E-11  0.1371E-11  0.1545E-11  0.1832E-11
     23.7127      310.0000  0.7109E-09  0.4943E-09  0.3083E-09  0.1823E-09  0.1105E-09  0.6757E-10  0.4452E-10  0.3044E-10  0.2073E-10  0.1445E-10  0.1001E-10  0.7788E-11  0.6193E-11  0.5010E-11  0.4108E-11  0.3350E-11  0.2708E-11  0.2158E-11  0.1787E-11  0.1507E-11  0.1311E-11  0.1196E-11  0.1171E-11  0.1212E-11  0.1376E-11  0.1640E-11
     23.8482      320.0000  0.7647E-09  0.4945E-09  0.2979E-09  0.1733E-09  0.1042E-09  0.6350E-10  0.4171E-10  0.2844E-10  0.1932E-10  0.1345E-10  0.9312E-11  0.7239E-11  0.5749E-11  0.4646E-11  0.3807E-11  0.3102E-11  0.2507E-11  0.1998E-11  0.1654E-11  0.1394E-11  0.1213E-11  0.1105E-11  0.1081E-11  0.1117E-11  0.1265E-11  0.1502E-11
     23.9837      330.0000  0.8129E-09  0.4968E-09  0.2914E-09  0.1678E-09  0.1006E-09  0.6135E-10  0.4031E-10  0.2749E-10  0.1871E-10  0.1307E-10  0.9088E-11  0.7066E-11  0.5611E-11  0.4533E-11  0.3713E-11  0.3028E-11  0.2451E-11  0.1960E-11  0.1625E-11  0.1370E-11  0.1190E-11  0.1080E-11  0.1048E-11  0.1072E-11  0.1199E-11  0.1408E-11
     24.1192      340.0000  0.8572E-09  0.5022E-09  0.2889E-09  0.1654E-09  0.9921E-10  0.6078E-10  0.4006E-10  0.2739E-10  0.1874E-10  0.1316E-10  0.9234E-11  0.7188E-11  0.5712E-11  0.4617E-11  0.3783E-11  0.3090E-11  0.2509E-11  0.2016E-11  0.1676E-11  0.1415E-11  0.1227E-11  0.1106E-11  0.1060E-11  0.1066E-11  0.1170E-11  0.1348E-11
     24.2547      350.0000  0.8990E-09  0.5112E-09  0.2902E-09  0.1658E-09  0.9978E-10  0.6157E-10  0.4078E-10  0.2799E-10  0.1929E-10  0.1365E-10  0.9671E-11  0.7542E-11  0.6001E-11  0.4854E-11  0.3979E-11  0.3257E-11  0.2655E-11  0.2146E-11  0.1789E-11  0.1513E-11  0.1309E-11  0.1172E-11  0.1108E-11  0.1092E-11  0.1171E-11  0.1316E-11
     24.3902      360.0000  0.9385E-09  0.5243E-09  0.2954E-09  0.1689E-09  0.1021E-09  0.6353E-10  0.4231E-10  0.2918E-10  0.2025E-10  0.1444E-10  0.1034E-10  0.8077E-11  0.6434E-11  0.5209E-11  0.4274E-11  0.3505E-11  0.2868E-11  0.2332E-11  0.1949E-11  0.1650E-11  0.1425E-11  0.1268E-11  0.1182E-11  0.1142E-11  0.1196E-11  0.1309E-11
     24.5257       10.0000  0.9755E-09  0.5421E-09  0.3045E-09  0.1746E-09  0.1062E-09  0.6658E-10  0.4457E-10  0.3087E-10  0.2157E-10  0.1548E-10  0.1118E-10  0.8751E-11  0.6980E-11  0.5655E-11  0.4642E-11  0.3814E-11  0.3130E-11  0.2557E-11  0.2142E-11  0.1815E-11  0.1566E-11  0.1386E-11  0.1277E-11  0.1212E-11  0.1241E-11  0.1325E-11
     24.6612       20.0000  0.1009E-08  0.5648E-09  0.3180E-09  0.1831E-09  0.1119E-09  0.7066E-10  0.4750E-10  0.3302E-10  0.2319E-10  0.1673E-10  0.1217E-10  0.9533E-11  0.7609E-11  0.6168E-11  0.5065E-11  0.4167E-11  0.3427E-11  0.2810E-11  0.2358E-11  0.2000E-11  0.1723E-11  0.1519E-11  0.1386E-11  0.1299E-11  0.1306E-11  0.1363E-11
     24.7967       30.0000  0.1036E-08  0.5927E-09  0.3364E-09  0.1946E-09  0.1195E-09  0.7580E-10  0.5110E-10  0.3560E-10  0.2509E-10  0.1816E-10  0.1326E-10  0.1040E-10  0.8302E-11  0.6732E-11  0.5529E-11  0.4551E-11  0.3749E-11  0.3081E-11  0.2588E-11  0.2195E-11  0.1890E-11  0.1661E-11  0.1507E-11  0.1398E-11  0.1387E-11  0.1423E-11
     24.9322       40.0000  0.1053E-08  0.6260E-09  0.3602E-09  0.2096E-09  0.1291E-09  0.8211E-10  0.5542E-10  0.3864E-10  0.2726E-10  0.1976E-10  0.1445E-10  0.1133E-10  0.9046E-11  0.7334E-11  0.6022E-11  0.4959E-11  0.4086E-11  0.3361E-11  0.2824E-11  0.2396E-11  0.2061E-11  0.1810E-11  0.1637E-11  0.1511E-11  0.1488E-11  0.1509E-11
     25.0678       50.0000  0.1053E-08  0.6642E-09  0.3904E-09  0.2288E-09  0.1413E-09  0.8981E-10  0.6059E-10  0.4220E-10  0.2974E-10  0.2153E-10  0.1573E-10  0.1233E-10  0.9838E-11  0.7972E-11  0.6543E-11  0.5385E-11  0.4436E-11  0.3648E-11  0.3064E-11  0.2599E-11  0.2236E-11  0.1963E-11  0.1774E-11  0.1636E-11  0.1608E-11  0.1624E-11
     25.2033       60.0000  0.1030E-08  0.7062E-09  0.4281E-09  0.2533E-09  0.1566E-09  0.9930E-10  0.6683E-10  0.4643E-10  0.3261E-10  0.2353E-10  0.1713E-10  0.1341E-10  0.1069E-10  0.8652E-11  0.7096E-11  0.5835E-11  0.4801E-11  0.3941E-11  0.3308E-11  0.2804E-11  0.2413E-11  0.2120E-11  0.1922E-11  0.1779E-11  0.1756E-11  0.1776E-11
     25.3388       70.0000  0.9718E-09  0.7494E-09  0.4746E-09  0.2844E-09  0.1761E-09  0.1112E-09  0.7454E-10  0.5157E-10  0.3602E-10  0.2586E-10  0.1871E-10  0.1461E-10  0.1163E-10  0.9402E-11  0.7703E-11  0.6324E-11  0.5192E-11  0.4251E-11  0.3562E-11  0.3018E-11  0.2597E-11  0.2288E-11  0.2085E-11  0.1946E-11  0.1938E-11  0.1977E-11
     25.4743       80.0000  0.8656E-09  0.7885E-09  0.5309E-09  0.3244E-09  0.2014E-09  0.1265E-09  0.8437E-10  0.5807E-10  0.4025E-10  0.2868E-10  0.2057E-10  0.1603E-10  0.1273E-10  0.1028E-10  0.8408E-11  0.6889E-11  0.5639E-11  0.4598E-11  0.3845E-11  0.3254E-11  0.2803E-11  0.2478E-11  0.2278E-11  0.2151E-11  0.2174E-11  0.2245E-11
     25.6098       90.0000  0.6971E-09  0.8138E-09  0.5971E-09  0.3756E-09  0.2348E-09  0.1468E-09  0.9742E-10  0.6665E-10  0.4578E-10  0.3234E-10  0.2294E-10  0.1782E-10  0.1412E-10  0.1138E-10  0.9296E-11  0.7597E-11  0.6195E-11  0.5025E-11  0.4192E-11  0.3543E-11  0.3055E-11  0.2715E-11  0.2523E-11  0.2419E-11  0.2488E-11  0.2609E-11
     25.7453      100.0000  0.4539E-09  0.8089E-09  0.6711E-09  0.4412E-09  0.2796E-09  0.1746E-09  0.1155E-09  0.7857E-10  0.5348E-10  0.3741E-10  0.2623E-10  0.2030E-10  0.1605E-10  0.1290E-10  0.1052E-10  0.8576E-11  0.6964E-11  0.5614E-11  0.4669E-11  0.3941E-11  0.3404E-11  0.3044E-11  0.2864E-11  0.2794E-11  0.2928E-11  0.3118E-11
     25.8808      110.0000  0.1302E-09  0.7477E-09  0.7444E-09  0.5237E-09  0.3404E-09  0.2139E-09  0.1415E-09  0.9599E-10  0.6484E-10  0.4497E-10  0.3117E-10  0.2405E-10  0.1896E-10  0.1521E-10  0.1239E-10  0.1007E-10  0.8140E-11  0.6520E-11  0.5407E-11  0.4557E-11  0.3943E-11  0.3548E-11  0.3382E-11  0.3354E-11  0.3577E-11  0.3853E-11
     26.0163      120.0000 -0.2666E-09  0.5946E-09  0.7963E-09  0.6216E-09  0.4226E-09  0.2708E-09  0.1805E-09  0.1227E-09  0.8263E-10  0.5702E-10  0.3920E-10  0.3019E-10  0.2375E-10  0.1902E-10  0.1547E-10  0.1254E-10  0.1010E-10  0.8049E-11  0.6659E-11  0.5606E-11  0.4858E-11  0.4395E-11  0.4234E-11  0.4253E-11  0.4587E-11  0.4963E-11
     26.1518      130.0000 -0.7093E-09  0.3111E-09  0.7832E-09  0.7207E-09  0.5288E-09  0.3532E-09  0.2406E-09  0.1655E-09  0.1120E-09  0.7742E-10  0.5318E-10  0.4096E-10  0.3220E-10  0.2578E-10  0.2095E-10  0.1697E-10  0.1365E-10  0.1084E-10  0.8963E-11  0.7542E-11  0.6542E-11  0.5935E-11  0.5747E-11  0.5803E-11  0.6271E-11  0.6732E-11
     26.2873      140.0000 -0.1150E-08 -0.1211E-09  0.6321E-09  0.7733E-09  0.6451E-09  0.4655E-09  0.3321E-09  0.2353E-09  0.1625E-09  0.1139E-09  0.7907E-10  0.6121E-10  0.4828E-10  0.3873E-10  0.3153E-10  0.2557E-10  0.2060E-10  0.1639E-10  0.1357E-10  0.1143E-10  0.9914E-11  0.8989E-11  0.8685E-11  0.8722E-11  0.9325E-11  0.9765E-11
     26.4228      150.0000 -0.1526E-08 -0.6612E-09  0.2657E-09  0.6712E-09  0.7010E-09  0.5817E-09  0.4543E-09  0.3431E-09  0.2486E-09  0.1806E-09  0.1293E-09  0.1018E-09  0.8119E-10  0.6569E-10  0.5382E-10  0.4393E-10  0.3563E-10  0.2858E-10  0.2378E-10  0.2010E-10  0.1746E-10  0.1578E-10  0.1511E-10  0.1493E-10  0.1554E-10  0.1547E-10
     26.5583      160.0000 -0.1779E-08 -0.1180E-08 -0.2950E-09  0.2842E-09  0.5191E-09  0.5608E-09  0.5216E-09  0.4500E-09  0.3625E-09  0.2860E-09  0.2203E-09  0.1814E-09  0.1499E-09  0.1247E-09  0.1044E-09  0.8697E-10  0.7192E-10  0.5886E-10  0.4972E-10  0.4252E-10  0.3717E-10  0.3357E-10  0.3175E-10  0.3058E-10  0.3035E-10  0.2729E-10
     26.6938      170.0000 -0.1873E-08 -0.1500E-08 -0.8041E-09 -0.2756E-09  0.1179E-10  0.1715E-09  0.2545E-09  0.2942E-09  0.2974E-09  0.2819E-09  0.2578E-09  0.2415E-09  0.2227E-09  0.2034E-09  0.1848E-09  0.1656E-09  0.1465E-09  0.1279E-09  0.1143E-09  0.1026E-09  0.9338E-10  0.8666E-10  0.8254E-10  0.7787E-10  0.7154E-10  0.5061E-10
     26.8293      180.0000 -0.1805E-08 -0.1507E-08 -0.9335E-09 -0.5089E-09 -0.2838E-09 -0.1575E-09 -0.8398E-10 -0.3411E-10 -0.7056E-12  0.1815E-10  0.2733E-10  0.3680E-10  0.4626E-10  0.5623E-10  0.6688E-10  0.7720E-10  0.8643E-10  0.9402E-10  0.1031E-09  0.1122E-09  0.1224E-09  0.1338E-09  0.1492E-09  0.1661E-09  0.1846E-09  0.2055E-09
     26.9648      190.0000 -0.1605E-08 -0.1238E-08 -0.6538E-09 -0.2438E-09 -0.2493E-10  0.8342E-10  0.1453E-09  0.1871E-09  0.2053E-09  0.2068E-09  0.1906E-09  0.1863E-09  0.1810E-09  0.1746E-09  0.1669E-09  0.1563E-09  0.1434E-09  0.1288E-09  0.1173E-09  0.1075E-09  0.1001E-09  0.9590E-10  0.9670E-10  0.1028E-09  0.1209E-09  0.1607E-09
     27.1003      200.0000 -0.1320E-08 -0.8318E-09 -0.2311E-09  0.1277E-09  0.2804E-09  0.3151E-09  0.3134E-09  0.2979E-09  0.2661E-09  0.2300E-09  0.1900E-09  0.1665E-09  0.1463E-09  0.1287E-09  0.1131E-09  0.9826E-10  0.8443E-10  0.7167E-10  0.6194E-10  0.5400E-10  0.4788E-10  0.4359E-10  0.4151E-10  0.4135E-10  0.4544E-10  0.5541E-10
     27.2358      210.0000 -0.1000E-08 -0.4252E-09  0.1111E-09  0.3480E-09  0.3955E-09  0.3563E-09  0.3072E-09  0.2606E-09  0.2130E-09  0.1718E-09  0.1350E-09  0.1128E-09  0.9504E-10  0.8060E-10  0.6865E-10  0.5814E-10  0.4893E-10  0.4086E-10  0.3477E-10  0.2988E-10  0.2609E-10  0.2334E-10  0.2173E-10  0.2100E-10  0.2223E-10  0.2568E-10
     27.3713      220.0000 -0.6832E-09 -0.9386E-10  0.3151E-09  0.4221E-09  0.3911E-09  0.3161E-09  0.2525E-09  0.2014E-09  0.1571E-09  0.1223E-09  0.9372E-10  0.7653E-10  0.6324E-10  0.5275E-10  0.4430E-10  0.3711E-10  0.3096E-10  0.2569E-10  0.2173E-10  0.1856E-10  0.1610E-10  0.1430E-10  0.1317E-10  0.1254E-10  0.1300E-10  0.1455E-10
     27.5068      230.0000 -0.3933E-09  0.1439E-09  0.4101E-09  0.4179E-09  0.3446E-09  0.2602E-09  0.1982E-09  0.1523E-09  0.1155E-09  0.8805E-10  0.6648E-10  0.5361E-10  0.4385E-10  0.3625E-10  0.3023E-10  0.2518E-10  0.2091E-10  0.1728E-10  0.1457E-10  0.1241E-10  0.1074E-10  0.9504E-11  0.8718E-11  0.8253E-11  0.8480E-11  0.9338E-11
     27.6423      240.0000 -0.1424E-09  0.3001E-09  0.4392E-09  0.3827E-09  0.2917E-09  0.2098E-09  0.1546E-09  0.1158E-09  0.8613E-10  0.6469E-10  0.4829E-10  0.3865E-10  0.3141E-10  0.2584E-10  0.2146E-10  0.1781E-10  0.1474E-10  0.1215E-10  0.1022E-10  0.8690E-11  0.7510E-11  0.6645E-11  0.6100E-11  0.5779E-11  0.5938E-11  0.6507E-11
     27.7778      250.0000  0.6688E-10  0.3956E-09  0.4340E-09  0.3399E-09  0.2443E-09  0.1692E-09  0.1216E-09  0.8934E-10  0.6535E-10  0.4848E-10  0.3580E-10  0.2850E-10  0.2306E-10  0.1891E-10  0.1566E-10  0.1296E-10  0.1070E-10  0.8786E-11  0.7379E-11  0.6267E-11  0.5416E-11  0.4801E-11  0.4426E-11  0.4221E-11  0.4369E-11  0.4809E-11
     27.9133      260.0000  0.2376E-09  0.4499E-09  0.4137E-09  0.2992E-09  0.2054E-09  0.1379E-09  0.9700E-10  0.7010E-10  0.5052E-10  0.3703E-10  0.2704E-10  0.2143E-10  0.1729E-10  0.1414E-10  0.1169E-10  0.9648E-11  0.7938E-11  0.6492E-11  0.5441E-11  0.4616E-11  0.3992E-11  0.3551E-11  0.3300E-11  0.3183E-11  0.3339E-11  0.3718E-11
     28.0488      270.0000  0.3751E-09  0.4781E-09  0.3885E-09  0.2642E-09  0.1747E-09  0.1141E-09  0.7882E-10  0.5613E-10  0.3987E-10  0.2888E-10  0.2083E-10  0.1644E-10  0.1322E-10  0.1079E-10  0.8903E-11  0.7331E-11  0.6010E-11  0.4889E-11  0.4088E-11  0.3465E-11  0.3000E-11  0.2682E-11  0.2520E-11  0.2467E-11  0.2634E-11  0.2981E-11
     28.1843      280.0000  0.4857E-09  0.4907E-09  0.3635E-09  0.2355E-09  0.1510E-09  0.9636E-10  0.6550E-10  0.4602E-10  0.3224E-10  0.2307E-10  0.1643E-10  0.1292E-10  0.1035E-10  0.8430E-11  0.6945E-11  0.5703E-11  0.4656E-11  0.3766E-11  0.3140E-11  0.2658E-11  0.2305E-11  0.2073E-11  0.1972E-11  0.1965E-11  0.2141E-11  0.2466E-11
     28.3198      290.0000  0.5752E-09  0.4949E-09  0.3412E-09  0.2127E-09  0.1331E-09  0.8333E-10  0.5587E-10  0.3880E-10  0.2685E-10  0.1900E-10  0.1336E-10  0.1046E-10  0.8363E-11  0.6792E-11  0.5587E-11  0.4575E-11  0.3719E-11  0.2990E-11  0.2486E-11  0.2101E-11  0.1825E-11  0.1651E-11  0.1592E-11  0.1613E-11  0.1791E-11  0.2098E-11
     28.4553      300.0000  0.6488E-09  0.4951E-09  0.3227E-09  0.1952E-09  0.1199E-09  0.7398E-10  0.4909E-10  0.3378E-10  0.2314E-10  0.1622E-10  0.1130E-10  0.8817E-11  0.7027E-11  0.5695E-11  0.4676E-11  0.3820E-11  0.3094E-11  0.2474E-11  0.2052E-11  0.1732E-11  0.1506E-11  0.1370E-11  0.1334E-11  0.1371E-11  0.1545E-11  0.1832E-11
     28.5908      310.0000  0.7109E-09  0.4943E-09  0.3083E-09  0.1823E-09  0.1105E-09  0.6757E-10  0.4452E-10  0.3044E-10  0.2073E-10  0.1445E-10  0.1001E-10  0.7788E-11  0.6193E-11  0.5010E-11  0.4108E-11  0.3350E-11  0.2708E-11  0.2158E-11  0.1787E-11  0.1507E-11  0.1311E-11  0.1196E-11  0.1171E-11  0.1212E-11  0.1376E-11  0.1640E-11
     28.7263      320.0000  0.7647E-09  0.4945E-09  0.2979E-09  0.1733E-09  0.1042E-09  0.6350E-10  0.4171E-10  0.2844E-10  0.1932E-10  0.1345E-10  0.9312E-11  0.7239E-11  0.5749E-11  0.4646E-11  0.3807E-11  0.3102E-11  0.2507E-11  0.1998E-11  0.1654E-11  0.1394E-11  0.1213E-11  0.1105E-11  0.1081E-11  0.1117E-11  0.1265E-11  0.1502E-11
     28.8618      330.0000  0.8129E-09  0.4968E-09  0.2914E-09  0.1678E-09  0.1006E-09  0.6135E-10  0.4031E-10  0.2749E-10  0.1871E-10  0.1307E-10  0.9088E-11  0.7066E-11  0.5611E-11  0.4533E-11  0.3713E-11  0.3028E-11  0.2451E-11  0.1960E-11  0.1625E-11  0.1370E-11  0.1190E-11  0.1080E-11  0.1048E-11  0.1072E-11  0.1199E-11  0.1408E-11
     28.9973      340.0000  0.8572E-09  0.5022E-09  0.2889E-09  0.1654E-09  0.9921E-10  0.6078E-10  0.4006E-10  0.2739E-10  0.1874E-10  0.1316E-10  0.9234E-11  0.7188E-11  0.5712E-11  0.4617E-11  0.3783E-11  0.3090E-11  0.2509E-11  0.2016E-11  0.1676E-11  0.1415E-11  0.1227E-11  0.1106E-11  0.1060E-11  0.1066E-11  0.1170E-11  0.1348E-11
     29.1328      350.0000  0.8990E-09  0.5112E-09  0.2902E-09  0.1658E-09  0.9978E-10  0.6157E-10  0.4078E-10  0.2799E-10  0.1929E-10  0.1365E-10  0.9671E-11  0.7542E-11  0.6001E-11  0.4854E-11  0.3979E-11  0.3257E-11  0.2655E-11  0.2146E-11  0.1789E-11  0.1513E-11  0.1309E-11  0.1172E-11  0.1108E-11  0.1092E-11  0.1171E-11  0.1316E-11
     29.2683      360.0000  0.9385E-09  0.5243E-09  0.2954E-09  0.1689E-09  0.1021E-09  0.6353E-10  0.4231E-10  0.2918E-10  0.2025E-10  0.1444E-10  0.1034E-10  0.8077E-11  0.6434E-11  0.5209E-11  0.4274E-11  0.3505E-11  0.2868E-11  0.2332E-11  0.1949E-11  0.1650E-11  0.1425E-11  0.1268E-11  0.1182E-11  0.1142E-11  0.1196E-11  0.1309E-11
     29.4038       10.0000  0.9755E-09  0.5421E-09  0.3045E-09  0.1746E-09  0.1062E-09  0.6658E-10  0.4456E-10  0.3087E-10  0.2157E-10  0.1548E-10  0.1118E-10  0.8751E-11  0.6980E-11  0.5655E-11  0.4642E-11  0.3814E-11  0.3130E-11  0.2557E-11  0.2142E-11  0.1815E-11  0.1566E-11  0.1386E-11  0.1277E-11  0.1212E-11  0.1241E-11  0.1325E-11
     29.5393       20.0000  0.1009E-08  0.5648E-09  0.3180E-09  0.1831E-09  0.1119E-09  0.7066E-10  0.4750E-10  0.3302E-10  0.2319E-10  0.1673E-10  0.1217E-10  0.9533E-11  0.7609E-11  0.6168E-11  0.5065E-11  0.4167E-11  0.3427E-11  0.2810E-11  0.2358E-11  0.2000E-11  0.1723E-11  0.1519E-11  0.1386E-11  0.1299E-11  0.1306E-11  0.1363E-11
     29.6748       30.0000  0.1036E-08  0.5927E-09  0.3364E-09  0.1946E-09  0.1195E-09  0.7580E-10  0.5110E-10  0.3560E-10  0.2509E-10  0.1816E-10  0.1326E-10  0.1040E-10  0.8302E-11  0.6732E-11  0.5529E-11  0.4551E-11  0.3749E-11  0.3081E-11  0.2588E-11  0.2195E-11  0.1890E-11  0.1661E-11  0.1507E-11  0.1398E-11  0.1387E-11  0.1423E-11
     29.8103       40.0000  0.1053E-08  0.6260E-09  0.3602E-09  0.2096E-09  0.1291E-09  0.8211E-10  0.5542E-10  0.3864E-10  0.2726E-10  0.1976E-10  0.1445E-10  0.1133E-10  0.9046E-11  0.7334E-11  0.6022E-11  0.4959E-11  0.4086E-11  0.3361E-11  0.2824E-11  0.2396E-11  0.2061E-11  0.1810E-11  0.1637E-11  0.1511E-11  0.1488E-11  0.1509E-11
     29.9458       50.0000  0.1053E-08  0.6642E-09  0.3904E-09  0.2288E-09  0.1413E-09  0.8981E-10  0.6059E-10  0.4220E-10  0.2974E-10  0.2153E-10  0.1573E-10  0.1233E-10  0.9838E-11  0.7972E-11  0.6543E-11  0.5385E-11  0.4436E-11  0.3648E-11  0.3064E-11  0.2599E-11  0.2236E-11  0.1963E-11  0.1774E-11  0.1636E-11  0.1608E-11  0.1624E-11
