Time history of radial distribution for BEM variable: DirChordy[rad] for blade 2
                          rCurvi[m] (curvilinear radial distance)
                                0.7893      2.3680      3.9467      5.5253      7.1040      8.6826     10.2613     11.8400     13.4186     14.9973     16.5759     18.1546     19.7333     21.3119     22.8906     24.4693     26.0479     27.6266     29.2052     30.7839     32.3626     33.9412     35.5199     37.0985     38.2825     39.0719
                          zB[m] (radial coordinate along blade axis)
     time[s]  azimuth[deg]      0.1833      1.7547      3.3293      4.9062      6.4841      8.0626      9.6419     11.2246     12.8080     14.3895     15.9673     17.5458     19.1245     20.7032     22.2816     23.8597     25.4371     27.0138     28.5897     30.1645     31.7383     33.3112     34.8834     36.4556     37.6331     38.4143
      0.0000      240.0000  0.5992E-01  0.6079E-01  0.6164E-01  0.6241E-01  0.6257E-01  0.6015E-01  0.5478E-01  0.4866E-01  0.4358E-01  0.4031E-01  0.3833E-01  0.3552E-01  0.3203E-01  0.2776E-01  0.2263E-01  0.1672E-01  0.1017E-01  0.2945E-02 -0.4946E-02 -0.1340E-01 -0.2222E-01 -0.3072E-01 -0.3858E-01 -0.4466E-01 -0.4622E-01 -0.4518E-01
      0.1355      250.0000  0.6503E-01  0.6602E-01  0.6693E-01  0.6772E-01  0.6787E-01  0.6545E-01  0.6008E-01  0.5390E-01  0.4874E-01  0.4542E-01  0.4344E-01  0.4062E-01  0.3712E-01  0.3283E-01  0.2768E-01  0.2176E-01  0.1520E-01  0.7959E-02  0.6456E-04 -0.8397E-02 -0.1722E-01 -0.2574E-01 -0.3364E-01 -0.3982E-01 -0.4158E-01 -0.4098E-01
      0.2710      260.0000  0.6817E-01  0.6928E-01  0.7025E-01  0.7107E-01  0.7121E-01  0.6878E-01  0.6341E-01  0.5717E-01  0.5193E-01  0.4856E-01  0.4659E-01  0.4376E-01  0.4024E-01  0.3593E-01  0.3076E-01  0.2482E-01  0.1825E-01  0.1100E-01  0.3104E-02 -0.5359E-02 -0.1419E-01 -0.2273E-01 -0.3068E-01 -0.3696E-01 -0.3892E-01 -0.3879E-01
      0.4065      270.0000  0.6924E-01  0.7047E-01  0.7151E-01  0.7235E-01  0.7248E-01  0.7005E-01  0.6468E-01  0.5837E-01  0.5306E-01  0.4964E-01  0.4767E-01  0.4483E-01  0.4130E-01  0.3696E-01  0.3178E-01  0.2582E-01  0.1923E-01  0.1198E-01  0.4080E-02 -0.4384E-02 -0.1322E-01 -0.2177E-01 -0.2977E-01 -0.3616E-01 -0.3833E-01 -0.3867E-01
      0.5420      280.0000  0.6820E-01  0.6956E-01  0.7067E-01  0.7154E-01  0.7165E-01  0.6922E-01  0.6385E-01  0.5748E-01  0.5209E-01  0.4862E-01  0.4665E-01  0.4380E-01  0.4025E-01  0.3589E-01  0.3069E-01  0.2472E-01  0.1812E-01  0.1086E-01  0.2963E-02 -0.5500E-02 -0.1434E-01 -0.2291E-01 -0.3095E-01 -0.3744E-01 -0.3983E-01 -0.4064E-01
      0.6775      290.0000  0.6510E-01  0.6658E-01  0.6775E-01  0.6864E-01  0.6874E-01  0.6632E-01  0.6094E-01  0.5452E-01  0.4905E-01  0.4553E-01  0.4357E-01  0.4071E-01  0.3714E-01  0.3277E-01  0.2755E-01  0.2156E-01  0.1495E-01  0.7688E-02 -0.2124E-03 -0.8674E-02 -0.1751E-01 -0.2610E-01 -0.3419E-01 -0.4078E-01 -0.4336E-01 -0.4463E-01
      0.8130      300.0000  0.6002E-01  0.6161E-01  0.6285E-01  0.6376E-01  0.6385E-01  0.6142E-01  0.5605E-01  0.4957E-01  0.4403E-01  0.4047E-01  0.3851E-01  0.3564E-01  0.3206E-01  0.2767E-01  0.2243E-01  0.1643E-01  0.9813E-02  0.2549E-02 -0.5351E-02 -0.1381E-01 -0.2265E-01 -0.3125E-01 -0.3938E-01 -0.4606E-01 -0.4884E-01 -0.5052E-01
      0.9485      310.0000  0.5313E-01  0.5482E-01  0.5611E-01  0.5704E-01  0.5712E-01  0.5469E-01  0.4932E-01  0.4279E-01  0.3719E-01  0.3358E-01  0.3163E-01  0.2876E-01  0.2516E-01  0.2075E-01  0.1551E-01  0.9491E-02  0.2869E-02 -0.4397E-02 -0.1230E-01 -0.2075E-01 -0.2959E-01 -0.3821E-01 -0.4636E-01 -0.5313E-01 -0.5608E-01 -0.5813E-01
      1.0840      320.0000  0.4462E-01  0.4640E-01  0.4774E-01  0.4869E-01  0.4876E-01  0.4633E-01  0.4096E-01  0.3439E-01  0.2874E-01  0.2509E-01  0.2314E-01  0.2026E-01  0.1666E-01  0.1224E-01  0.6979E-02  0.9545E-03 -0.5673E-02 -0.1294E-01 -0.2084E-01 -0.2929E-01 -0.3813E-01 -0.4675E-01 -0.5494E-01 -0.6177E-01 -0.6487E-01 -0.6724E-01
      1.2195      330.0000  0.3477E-01  0.3662E-01  0.3799E-01  0.3896E-01  0.3902E-01  0.3659E-01  0.3122E-01  0.2462E-01  0.1892E-01  0.1525E-01  0.1331E-01  0.1042E-01  0.6808E-02  0.2378E-02 -0.2890E-02 -0.8922E-02 -0.1555E-01 -0.2282E-01 -0.3072E-01 -0.3916E-01 -0.4800E-01 -0.5663E-01 -0.6484E-01 -0.7173E-01 -0.7495E-01 -0.7757E-01
      1.3550      340.0000  0.2387E-01  0.2577E-01  0.2717E-01  0.2815E-01  0.2821E-01  0.2578E-01  0.2041E-01  0.1378E-01  0.8054E-02  0.4362E-02  0.2417E-02 -0.4701E-03 -0.4091E-02 -0.8528E-02 -0.1380E-01 -0.1984E-01 -0.2647E-01 -0.3374E-01 -0.4163E-01 -0.5008E-01 -0.5892E-01 -0.6755E-01 -0.7578E-01 -0.8271E-01 -0.8601E-01 -0.8881E-01
      1.4905      350.0000  0.1225E-01  0.1418E-01  0.1560E-01  0.1659E-01  0.1664E-01  0.1421E-01  0.8847E-02  0.2199E-02 -0.3546E-02 -0.7251E-02 -0.9195E-02 -0.1208E-01 -0.1571E-01 -0.2015E-01 -0.2543E-01 -0.3147E-01 -0.3810E-01 -0.4537E-01 -0.5326E-01 -0.6171E-01 -0.7055E-01 -0.7918E-01 -0.8742E-01 -0.9437E-01 -0.9772E-01 -0.1006E+00
      1.6260      360.0000  0.2614E-03  0.2211E-02  0.3636E-02  0.4622E-02  0.4675E-02  0.2246E-02 -0.3118E-02 -0.9772E-02 -0.1552E-01 -0.1923E-01 -0.2118E-01 -0.2407E-01 -0.2769E-01 -0.3213E-01 -0.3741E-01 -0.4346E-01 -0.5009E-01 -0.5736E-01 -0.6525E-01 -0.7369E-01 -0.8253E-01 -0.9117E-01 -0.9941E-01 -0.1064E+00 -0.1097E+00 -0.1127E+00
      1.7615       10.0000 -0.1173E-01 -0.9787E-02 -0.8367E-02 -0.7382E-02 -0.7328E-02 -0.9758E-02 -0.1512E-01 -0.2177E-01 -0.2752E-01 -0.3122E-01 -0.3317E-01 -0.3606E-01 -0.3968E-01 -0.4412E-01 -0.4940E-01 -0.5544E-01 -0.6208E-01 -0.6934E-01 -0.7724E-01 -0.8568E-01 -0.9452E-01 -0.1032E+00 -0.1114E+00 -0.1183E+00 -0.1217E+00 -0.1245E+00
      1.8970       20.0000 -0.2336E-01 -0.2145E-01 -0.2004E-01 -0.1906E-01 -0.1901E-01 -0.2144E-01 -0.2680E-01 -0.3344E-01 -0.3917E-01 -0.4286E-01 -0.4480E-01 -0.4769E-01 -0.5131E-01 -0.5575E-01 -0.6102E-01 -0.6706E-01 -0.7369E-01 -0.8096E-01 -0.8885E-01 -0.9730E-01 -0.1061E+00 -0.1148E+00 -0.1230E+00 -0.1299E+00 -0.1332E+00 -0.1359E+00
      2.0325       30.0000 -0.3427E-01 -0.3241E-01 -0.3104E-01 -0.3007E-01 -0.3001E-01 -0.3244E-01 -0.3780E-01 -0.4442E-01 -0.5011E-01 -0.5379E-01 -0.5573E-01 -0.5862E-01 -0.6223E-01 -0.6666E-01 -0.7193E-01 -0.7796E-01 -0.8459E-01 -0.9186E-01 -0.9976E-01 -0.1082E+00 -0.1170E+00 -0.1257E+00 -0.1339E+00 -0.1408E+00 -0.1440E+00 -0.1464E+00
      2.1680       40.0000 -0.4415E-01 -0.4236E-01 -0.4102E-01 -0.4006E-01 -0.3999E-01 -0.4242E-01 -0.4779E-01 -0.5437E-01 -0.6003E-01 -0.6367E-01 -0.6562E-01 -0.6850E-01 -0.7211E-01 -0.7653E-01 -0.8179E-01 -0.8781E-01 -0.9444E-01 -0.1017E+00 -0.1096E+00 -0.1181E+00 -0.1269E+00 -0.1355E+00 -0.1437E+00 -0.1505E+00 -0.1536E+00 -0.1558E+00
      2.3035       50.0000 -0.5268E-01 -0.5098E-01 -0.4968E-01 -0.4874E-01 -0.4867E-01 -0.5110E-01 -0.5647E-01 -0.6301E-01 -0.6861E-01 -0.7222E-01 -0.7417E-01 -0.7705E-01 -0.8064E-01 -0.8505E-01 -0.9030E-01 -0.9631E-01 -0.1029E+00 -0.1102E+00 -0.1181E+00 -0.1266E+00 -0.1354E+00 -0.1440E+00 -0.1522E+00 -0.1589E+00 -0.1618E+00 -0.1637E+00
      2.4390       60.0000 -0.5960E-01 -0.5801E-01 -0.5676E-01 -0.5585E-01 -0.5576E-01 -0.5819E-01 -0.6356E-01 -0.7005E-01 -0.7559E-01 -0.7916E-01 -0.8112E-01 -0.8399E-01 -0.8757E-01 -0.9196E-01 -0.9720E-01 -0.1032E+00 -0.1098E+00 -0.1171E+00 -0.1250E+00 -0.1334E+00 -0.1423E+00 -0.1509E+00 -0.1590E+00 -0.1657E+00 -0.1684E+00 -0.1698E+00
      2.5745       70.0000 -0.6472E-01 -0.6323E-01 -0.6205E-01 -0.6115E-01 -0.6105E-01 -0.6348E-01 -0.6886E-01 -0.7529E-01 -0.8076E-01 -0.8429E-01 -0.8625E-01 -0.8911E-01 -0.9268E-01 -0.9705E-01 -0.1023E+00 -0.1083E+00 -0.1149E+00 -0.1221E+00 -0.1300E+00 -0.1385E+00 -0.1473E+00 -0.1559E+00 -0.1640E+00 -0.1706E+00 -0.1731E+00 -0.1741E+00
      2.7100       80.0000 -0.6785E-01 -0.6649E-01 -0.6537E-01 -0.6450E-01 -0.6439E-01 -0.6681E-01 -0.7219E-01 -0.7857E-01 -0.8396E-01 -0.8744E-01 -0.8941E-01 -0.9226E-01 -0.9581E-01 -0.1002E+00 -0.1054E+00 -0.1113E+00 -0.1179E+00 -0.1252E+00 -0.1331E+00 -0.1416E+00 -0.1504E+00 -0.1590E+00 -0.1670E+00 -0.1735E+00 -0.1758E+00 -0.1763E+00
      2.8455       90.0000 -0.6892E-01 -0.6768E-01 -0.6663E-01 -0.6578E-01 -0.6566E-01 -0.6809E-01 -0.7346E-01 -0.7978E-01 -0.8510E-01 -0.8852E-01 -0.9049E-01 -0.9333E-01 -0.9687E-01 -0.1012E+00 -0.1064E+00 -0.1123E+00 -0.1189E+00 -0.1262E+00 -0.1341E+00 -0.1425E+00 -0.1514E+00 -0.1599E+00 -0.1679E+00 -0.1743E+00 -0.1764E+00 -0.1764E+00
      2.9810      100.0000 -0.6789E-01 -0.6677E-01 -0.6579E-01 -0.6497E-01 -0.6483E-01 -0.6725E-01 -0.7263E-01 -0.7888E-01 -0.8412E-01 -0.8750E-01 -0.8947E-01 -0.9230E-01 -0.9582E-01 -0.1001E+00 -0.1053E+00 -0.1112E+00 -0.1178E+00 -0.1251E+00 -0.1330E+00 -0.1414E+00 -0.1502E+00 -0.1588E+00 -0.1667E+00 -0.1730E+00 -0.1749E+00 -0.1744E+00
      3.1165      110.0000 -0.6479E-01 -0.6379E-01 -0.6287E-01 -0.6207E-01 -0.6192E-01 -0.6435E-01 -0.6972E-01 -0.7591E-01 -0.8108E-01 -0.8440E-01 -0.8638E-01 -0.8919E-01 -0.9269E-01 -0.9699E-01 -0.1021E+00 -0.1081E+00 -0.1146E+00 -0.1219E+00 -0.1298E+00 -0.1382E+00 -0.1470E+00 -0.1556E+00 -0.1634E+00 -0.1696E+00 -0.1713E+00 -0.1704E+00
      3.2520      120.0000 -0.5971E-01 -0.5883E-01 -0.5797E-01 -0.5719E-01 -0.5703E-01 -0.5945E-01 -0.6483E-01 -0.7096E-01 -0.7605E-01 -0.7932E-01 -0.8130E-01 -0.8411E-01 -0.8759E-01 -0.9187E-01 -0.9700E-01 -0.1029E+00 -0.1095E+00 -0.1167E+00 -0.1246E+00 -0.1330E+00 -0.1418E+00 -0.1503E+00 -0.1582E+00 -0.1643E+00 -0.1657E+00 -0.1644E+00
      3.3875      130.0000 -0.5281E-01 -0.5203E-01 -0.5123E-01 -0.5048E-01 -0.5030E-01 -0.5272E-01 -0.5809E-01 -0.6417E-01 -0.6919E-01 -0.7242E-01 -0.7441E-01 -0.7721E-01 -0.8068E-01 -0.8494E-01 -0.9004E-01 -0.9593E-01 -0.1025E+00 -0.1097E+00 -0.1176E+00 -0.1260E+00 -0.1348E+00 -0.1433E+00 -0.1511E+00 -0.1571E+00 -0.1584E+00 -0.1567E+00
      3.5230      140.0000 -0.4431E-01 -0.4362E-01 -0.4286E-01 -0.4213E-01 -0.4195E-01 -0.4436E-01 -0.4973E-01 -0.5576E-01 -0.6073E-01 -0.6392E-01 -0.6590E-01 -0.6869E-01 -0.7215E-01 -0.7639E-01 -0.8148E-01 -0.8736E-01 -0.9388E-01 -0.1011E+00 -0.1090E+00 -0.1174E+00 -0.1262E+00 -0.1347E+00 -0.1425E+00 -0.1484E+00 -0.1495E+00 -0.1475E+00
      3.6585      150.0000 -0.3445E-01 -0.3384E-01 -0.3312E-01 -0.3240E-01 -0.3221E-01 -0.3463E-01 -0.3999E-01 -0.4598E-01 -0.5090E-01 -0.5406E-01 -0.5605E-01 -0.5883E-01 -0.6228E-01 -0.6651E-01 -0.7159E-01 -0.7745E-01 -0.8397E-01 -0.9117E-01 -0.9905E-01 -0.1075E+00 -0.1163E+00 -0.1247E+00 -0.1325E+00 -0.1383E+00 -0.1394E+00 -0.1371E+00
      3.7940      160.0000 -0.2355E-01 -0.2299E-01 -0.2230E-01 -0.2159E-01 -0.2140E-01 -0.2381E-01 -0.2918E-01 -0.3514E-01 -0.4002E-01 -0.4316E-01 -0.4515E-01 -0.4793E-01 -0.5136E-01 -0.5558E-01 -0.6065E-01 -0.6650E-01 -0.7301E-01 -0.8022E-01 -0.8809E-01 -0.9654E-01 -0.1053E+00 -0.1138E+00 -0.1215E+00 -0.1273E+00 -0.1283E+00 -0.1258E+00
      3.9295      170.0000 -0.1193E-01 -0.1140E-01 -0.1073E-01 -0.1003E-01 -0.9835E-02 -0.1225E-01 -0.1761E-01 -0.2355E-01 -0.2841E-01 -0.3154E-01 -0.3353E-01 -0.3630E-01 -0.3973E-01 -0.4395E-01 -0.4901E-01 -0.5486E-01 -0.6136E-01 -0.6856E-01 -0.7644E-01 -0.8488E-01 -0.9367E-01 -0.1021E+00 -0.1098E+00 -0.1156E+00 -0.1165E+00 -0.1140E+00
      4.0650      180.0000  0.5194E-04  0.5699E-03  0.1242E-02  0.2125E-02  0.2130E-02 -0.2846E-03 -0.5643E-02 -0.1158E-01 -0.1643E-01 -0.1955E-01 -0.2154E-01 -0.2432E-01 -0.2774E-01 -0.3196E-01 -0.3702E-01 -0.4286E-01 -0.4937E-01 -0.5657E-01 -0.6444E-01 -0.7288E-01 -0.8167E-01 -0.9010E-01 -0.9781E-01 -0.1036E+00 -0.1045E+00 -0.1019E+00
      4.2005      190.0000  0.1204E-01  0.1257E-01  0.1325E-01  0.1413E-01  0.1413E-01  0.1172E-01  0.6360E-02  0.4199E-03 -0.4440E-02 -0.7565E-02 -0.9554E-02 -0.1233E-01 -0.1576E-01 -0.1997E-01 -0.2504E-01 -0.3089E-01 -0.3739E-01 -0.4459E-01 -0.5246E-01 -0.6091E-01 -0.6969E-01 -0.7813E-01 -0.8585E-01 -0.9161E-01 -0.9256E-01 -0.9007E-01
      4.3360      200.0000  0.2367E-01  0.2423E-01  0.2491E-01  0.2562E-01  0.2581E-01  0.2340E-01  0.1804E-01  0.1208E-01  0.7201E-02  0.4062E-02  0.2074E-02 -0.7051E-03 -0.4140E-02 -0.8361E-02 -0.1343E-01 -0.1928E-01 -0.2579E-01 -0.3300E-01 -0.4087E-01 -0.4932E-01 -0.5811E-01 -0.6655E-01 -0.7428E-01 -0.8008E-01 -0.8108E-01 -0.7875E-01
      4.4715      210.0000  0.3459E-01  0.3520E-01  0.3591E-01  0.3663E-01  0.3682E-01  0.3440E-01  0.2904E-01  0.2305E-01  0.1814E-01  0.1498E-01  0.1299E-01  0.1021E-01  0.6763E-02  0.2532E-02 -0.2547E-02 -0.8410E-02 -0.1493E-01 -0.2214E-01 -0.3001E-01 -0.3846E-01 -0.4726E-01 -0.5571E-01 -0.6346E-01 -0.6931E-01 -0.7041E-01 -0.6831E-01
      4.6070      220.0000  0.4446E-01  0.4514E-01  0.4589E-01  0.4662E-01  0.4681E-01  0.4439E-01  0.3902E-01  0.3300E-01  0.2804E-01  0.2485E-01  0.2286E-01  0.2007E-01  0.1662E-01  0.1237E-01  0.7282E-02  0.1407E-02 -0.5120E-02 -0.1233E-01 -0.2022E-01 -0.2867E-01 -0.3747E-01 -0.4594E-01 -0.5372E-01 -0.5963E-01 -0.6086E-01 -0.5905E-01
      4.7425      230.0000  0.5299E-01  0.5376E-01  0.5456E-01  0.5531E-01  0.5548E-01  0.5306E-01  0.4769E-01  0.4163E-01  0.3661E-01  0.3338E-01  0.3140E-01  0.2860E-01  0.2513E-01  0.2087E-01  0.1576E-01  0.9871E-02  0.3333E-02 -0.3889E-02 -0.1177E-01 -0.2023E-01 -0.2904E-01 -0.3752E-01 -0.4534E-01 -0.5133E-01 -0.5271E-01 -0.5126E-01
      4.8780      240.0000  0.5992E-01  0.6079E-01  0.6164E-01  0.6241E-01  0.6257E-01  0.6015E-01  0.5478E-01  0.4866E-01  0.4358E-01  0.4031E-01  0.3833E-01  0.3552E-01  0.3203E-01  0.2776E-01  0.2263E-01  0.1672E-01  0.1017E-01  0.2945E-02 -0.4946E-02 -0.1340E-01 -0.2222E-01 -0.3072E-01 -0.3858E-01 -0.4466E-01 -0.4622E-01 -0.4518E-01
      5.0136      250.0000  0.6503E-01  0.6602E-01  0.6693E-01  0.6772E-01  0.6787E-01  0.6545E-01  0.6008E-01  0.5390E-01  0.4874E-01  0.4542E-01  0.4344E-01  0.4062E-01  0.3712E-01  0.3283E-01  0.2768E-01  0.2176E-01  0.1520E-01  0.7959E-02  0.6456E-04 -0.8397E-02 -0.1722E-01 -0.2574E-01 -0.3364E-01 -0.3982E-01 -0.4158E-01 -0.4098E-01
      5.1491      260.0000  0.6817E-01  0.6928E-01  0.7025E-01  0.7107E-01  0.7121E-01  0.6878E-01  0.6341E-01  0.5717E-01  0.5193E-01  0.4856E-01  0.4659E-01  0.4376E-01  0.4024E-01  0.3593E-01  0.3076E-01  0.2482E-01  0.1825E-01  0.1100E-01  0.3104E-02 -0.5359E-02 -0.1419E-01 -0.2273E-01 -0.3068E-01 -0.3696E-01 -0.3892E-01 -0.3879E-01
      5.2846      270.0000  0.6924E-01  0.7047E-01  0.7151E-01  0.7235E-01  0.7248E-01  0.7005E-01  0.6468E-01  0.5837E-01  0.5306E-01  0.4964E-01  0.4767E-01  0.4483E-01  0.4130E-01  0.3696E-01  0.3178E-01  0.2582E-01  0.1923E-01  0.1198E-01  0.4080E-02 -0.4384E-02 -0.1322E-01 -0.2177E-01 -0.2977E-01 -0.3616E-01 -0.3833E-01 -0.3867E-01
      5.4201      280.0000  0.6820E-01  0.6956E-01  0.7067E-01  0.7154E-01  0.7165E-01  0.6922E-01  0.6385E-01  0.5748E-01  0.5209E-01  0.4862E-01  0.4665E-01  0.4380E-01  0.4025E-01  0.3589E-01  0.3069E-01  0.2472E-01  0.1812E-01  0.1086E-01  0.2963E-02 -0.5500E-02 -0.1434E-01 -0.2291E-01 -0.3095E-01 -0.3744E-01 -0.3983E-01 -0.4064E-01
      5.5556      290.0000  0.6510E-01  0.6658E-01  0.6775E-01  0.6864E-01  0.6874E-01  0.6632E-01  0.6094E-01  0.5452E-01  0.4905E-01  0.4553E-01  0.4357E-01  0.4071E-01  0.3714E-01  0.3277E-01  0.2755E-01  0.2156E-01  0.1495E-01  0.7688E-02 -0.2124E-03 -0.8674E-02 -0.1751E-01 -0.2610E-01 -0.3419E-01 -0.4078E-01 -0.4336E-01 -0.4463E-01
      5.6911      300.0000  0.6002E-01  0.6161E-01  0.6285E-01  0.6376E-01  0.6385E-01  0.6142E-01  0.5605E-01  0.4957E-01  0.4403E-01  0.4047E-01  0.3851E-01  0.3564E-01  0.3206E-01  0.2767E-01  0.2243E-01  0.1643E-01  0.9813E-02  0.2549E-02 -0.5351E-02 -0.1381E-01 -0.2265E-01 -0.3125E-01 -0.3938E-01 -0.4606E-01 -0.4884E-01 -0.5052E-01
      5.8266      310.0000  0.5313E-01  0.5482E-01  0.5611E-01  0.5704E-01  0.5712E-01  0.5469E-01  0.4932E-01  0.4279E-01  0.3719E-01  0.3358E-01  0.3163E-01  0.2876E-01  0.2516E-01  0.2075E-01  0.1551E-01  0.9491E-02  0.2869E-02 -0.4397E-02 -0.1230E-01 -0.2075E-01 -0.2959E-01 -0.3821E-01 -0.4636E-01 -0.5313E-01 -0.5608E-01 -0.5813E-01
      5.9621      320.0000  0.4462E-01  0.4640E-01  0.4774E-01  0.4869E-01  0.4876E-01  0.4633E-01  0.4096E-01  0.3439E-01  0.2874E-01  0.2509E-01  0.2314E-01  0.2026E-01  0.1666E-01  0.1224E-01  0.6979E-02  0.9545E-03 -0.5673E-02 -0.1294E-01 -0.2084E-01 -0.2929E-01 -0.3813E-01 -0.4675E-01 -0.5494E-01 -0.6177E-01 -0.6487E-01 -0.6724E-01
      6.0976      330.0000  0.3477E-01  0.3662E-01  0.3799E-01  0.3896E-01  0.3902E-01  0.3659E-01  0.3122E-01  0.2462E-01  0.1892E-01  0.1525E-01  0.1331E-01  0.1042E-01  0.6808E-02  0.2378E-02 -0.2890E-02 -0.8922E-02 -0.1555E-01 -0.2282E-01 -0.3072E-01 -0.3916E-01 -0.4800E-01 -0.5663E-01 -0.6484E-01 -0.7173E-01 -0.7495E-01 -0.7757E-01
      6.2331      340.0000  0.2387E-01  0.2577E-01  0.2717E-01  0.2815E-01  0.2821E-01  0.2578E-01  0.2041E-01  0.1378E-01  0.8054E-02  0.4362E-02  0.2417E-02 -0.4701E-03 -0.4091E-02 -0.8528E-02 -0.1380E-01 -0.1984E-01 -0.2647E-01 -0.3374E-01 -0.4163E-01 -0.5008E-01 -0.5892E-01 -0.6755E-01 -0.7578E-01 -0.8271E-01 -0.8601E-01 -0.8881E-01
      6.3686      350.0000  0.1225E-01  0.1418E-01  0.1560E-01  0.1659E-01  0.1664E-01  0.1421E-01  0.8847E-02  0.2199E-02 -0.3546E-02 -0.7251E-02 -0.9195E-02 -0.1208E-01 -0.1571E-01 -0.2015E-01 -0.2543E-01 -0.3147E-01 -0.3810E-01 -0.4537E-01 -0.5326E-01 -0.6171E-01 -0.7055E-01 -0.7918E-01 -0.8742E-01 -0.9437E-01 -0.9772E-01 -0.1006E+00
      6.5041      360.0000  0.2614E-03  0.2211E-02  0.3636E-02  0.4622E-02  0.4675E-02  0.2246E-02 -0.3118E-02 -0.9772E-02 -0.1552E-01 -0.1923E-01 -0.2118E-01 -0.2407E-01 -0.2769E-01 -0.3213E-01 -0.3741E-01 -0.4346E-01 -0.5009E-01 -0.5736E-01 -0.6525E-01 -0.7369E-01 -0.8253E-01 -0.9117E-01 -0.9941E-01 -0.1064E+00 -0.1097E+00 -0.1127E+00
      6.6396       10.0000 -0.1173E-01 -0.9787E-02 -0.8367E-02 -0.7382E-02 -0.7328E-02 -0.9758E-02 -0.1512E-01 -0.2177E-01 -0.2752E-01 -0.3122E-01 -0.3317E-01 -0.3606E-01 -0.3968E-01 -0.4412E-01 -0.4940E-01 -0.5544E-01 -0.6208E-01 -0.6934E-01 -0.7724E-01 -0.8568E-01 -0.9452E-01 -0.1032E+00 -0.1114E+00 -0.1183E+00 -0.1217E+00 -0.1245E+00
      6.7751       20.0000 -0.2336E-01 -0.2145E-01 -0.2004E-01 -0.1906E-01 -0.1901E-01 -0.2144E-01 -0.2680E-01 -0.3344E-01 -0.3917E-01 -0.4286E-01 -0.4480E-01 -0.4769E-01 -0.5131E-01 -0.5575E-01 -0.6102E-01 -0.6706E-01 -0.7369E-01 -0.8096E-01 -0.8885E-01 -0.9730E-01 -0.1061E+00 -0.1148E+00 -0.1230E+00 -0.1299E+00 -0.1332E+00 -0.1359E+00
      6.9106       30.0000 -0.3427E-01 -0.3241E-01 -0.3104E-01 -0.3007E-01 -0.3001E-01 -0.3244E-01 -0.3780E-01 -0.4442E-01 -0.5011E-01 -0.5379E-01 -0.5573E-01 -0.5862E-01 -0.6223E-01 -0.6666E-01 -0.7193E-01 -0.7796E-01 -0.8459E-01 -0.9186E-01 -0.9976E-01 -0.1082E+00 -0.1170E+00 -0.1257E+00 -0.1339E+00 -0.1408E+00 -0.1440E+00 -0.1464E+00
      7.0461       40.0000 -0.4415E-01 -0.4236E-01 -0.4102E-01 -0.4006E-01 -0.3999E-01 -0.4242E-01 -0.4779E-01 -0.5437E-01 -0.6003E-01 -0.6367E-01 -0.6562E-01 -0.6850E-01 -0.7211E-01 -0.7653E-01 -0.8179E-01 -0.8781E-01 -0.9444E-01 -0.1017E+00 -0.1096E+00 -0.1181E+00 -0.1269E+00 -0.1355E+00 -0.1437E+00 -0.1505E+00 -0.1536E+00 -0.1558E+00
      7.1816       50.0000 -0.5268E-01 -0.5098E-01 -0.4968E-01 -0.4874E-01 -0.4867E-01 -0.5110E-01 -0.5647E-01 -0.6301E-01 -0.6861E-01 -0.7222E-01 -0.7417E-01 -0.7705E-01 -0.8064E-01 -0.8505E-01 -0.9030E-01 -0.9631E-01 -0.1029E+00 -0.1102E+00 -0.1181E+00 -0.1266E+00 -0.1354E+00 -0.1440E+00 -0.1522E+00 -0.1589E+00 -0.1618E+00 -0.1637E+00
      7.3171       60.0000 -0.5960E-01 -0.5801E-01 -0.5676E-01 -0.5585E-01 -0.5576E-01 -0.5819E-01 -0.6356E-01 -0.7005E-01 -0.7559E-01 -0.7916E-01 -0.8112E-01 -0.8399E-01 -0.8757E-01 -0.9196E-01 -0.9720E-01 -0.1032E+00 -0.1098E+00 -0.1171E+00 -0.1250E+00 -0.1334E+00 -0.1423E+00 -0.1509E+00 -0.1590E+00 -0.1657E+00 -0.1684E+00 -0.1698E+00
      7.4526       70.0000 -0.6472E-01 -0.6323E-01 -0.6205E-01 -0.6115E-01 -0.6105E-01 -0.6348E-01 -0.6886E-01 -0.7529E-01 -0.8076E-01 -0.8429E-01 -0.8625E-01 -0.8911E-01 -0.9268E-01 -0.9705E-01 -0.1023E+00 -0.1083E+00 -0.1149E+00 -0.1221E+00 -0.1300E+00 -0.1385E+00 -0.1473E+00 -0.1559E+00 -0.1640E+00 -0.1706E+00 -0.1731E+00 -0.1741E+00
      7.5881       80.0000 -0.6785E-01 -0.6649E-01 -0.6537E-01 -0.6450E-01 -0.6439E-01 -0.6681E-01 -0.7219E-01 -0.7857E-01 -0.8396E-01 -0.8744E-01 -0.8941E-01 -0.9226E-01 -0.9581E-01 -0.1002E+00 -0.1054E+00 -0.1113E+00 -0.1179E+00 -0.1252E+00 -0.1331E+00 -0.1416E+00 -0.1504E+00 -0.1590E+00 -0.1670E+00 -0.1735E+00 -0.1758E+00 -0.1763E+00
      7.7236       90.0000 -0.6892E-01 -0.6768E-01 -0.6663E-01 -0.6578E-01 -0.6566E-01 -0.6809E-01 -0.7346E-01 -0.7978E-01 -0.8510E-01 -0.8852E-01 -0.9049E-01 -0.9333E-01 -0.9687E-01 -0.1012E+00 -0.1064E+00 -0.1123E+00 -0.1189E+00 -0.1262E+00 -0.1341E+00 -0.1425E+00 -0.1514E+00 -0.1599E+00 -0.1679E+00 -0.1743E+00 -0.1764E+00 -0.1764E+00
      7.8591      100.0000 -0.6789E-01 -0.6677E-01 -0.6579E-01 -0.6497E-01 -0.6483E-01 -0.6725E-01 -0.7263E-01 -0.7888E-01 -0.8412E-01 -0.8750E-01 -0.8947E-01 -0.9230E-01 -0.9582E-01 -0.1001E+00 -0.1053E+00 -0.1112E+00 -0.1178E+00 -0.1251E+00 -0.1330E+00 -0.1414E+00 -0.1502E+00 -0.1588E+00 -0.1667E+00 -0.1730E+00 -0.1749E+00 -0.1744E+00
      7.9946      110.0000 -0.6479E-01 -0.6379E-01 -0.6287E-01 -0.6207E-01 -0.6192E-01 -0.6435E-01 -0.6972E-01 -0.7591E-01 -0.8108E-01 -0.8440E-01 -0.8638E-01 -0.8919E-01 -0.9269E-01 -0.9699E-01 -0.1021E+00 -0.1081E+00 -0.1146E+00 -0.1219E+00 -0.1298E+00 -0.1382E+00 -0.1470E+00 -0.1556E+00 -0.1634E+00 -0.1696E+00 -0.1713E+00 -0.1704E+00
      8.1301      120.0000 -0.5971E-01 -0.5883E-01 -0.5797E-01 -0.5719E-01 -0.5703E-01 -0.5945E-01 -0.6483E-01 -0.7096E-01 -0.7605E-01 -0.7932E-01 -0.8130E-01 -0.8411E-01 -0.8759E-01 -0.9187E-01 -0.9700E-01 -0.1029E+00 -0.1095E+00 -0.1167E+00 -0.1246E+00 -0.1330E+00 -0.1418E+00 -0.1503E+00 -0.1582E+00 -0.1643E+00 -0.1657E+00 -0.1644E+00
      8.2656      130.0000 -0.5281E-01 -0.5203E-01 -0.5123E-01 -0.5048E-01 -0.5030E-01 -0.5272E-01 -0.5809E-01 -0.6417E-01 -0.6919E-01 -0.7242E-01 -0.7441E-01 -0.7721E-01 -0.8068E-01 -0.8494E-01 -0.9004E-01 -0.9593E-01 -0.1025E+00 -0.1097E+00 -0.1176E+00 -0.1260E+00 -0.1348E+00 -0.1433E+00 -0.1511E+00 -0.1571E+00 -0.1584E+00 -0.1567E+00
      8.4011      140.0000 -0.4431E-01 -0.4362E-01 -0.4286E-01 -0.4213E-01 -0.4195E-01 -0.4436E-01 -0.4973E-01 -0.5576E-01 -0.6073E-01 -0.6392E-01 -0.6590E-01 -0.6869E-01 -0.7215E-01 -0.7639E-01 -0.8148E-01 -0.8736E-01 -0.9388E-01 -0.1011E+00 -0.1090E+00 -0.1174E+00 -0.1262E+00 -0.1347E+00 -0.1425E+00 -0.1484E+00 -0.1495E+00 -0.1475E+00
      8.5366      150.0000 -0.3445E-01 -0.3384E-01 -0.3312E-01 -0.3240E-01 -0.3221E-01 -0.3463E-01 -0.3999E-01 -0.4598E-01 -0.5090E-01 -0.5406E-01 -0.5605E-01 -0.5883E-01 -0.6228E-01 -0.6651E-01 -0.7159E-01 -0.7745E-01 -0.8397E-01 -0.9117E-01 -0.9905E-01 -0.1075E+00 -0.1163E+00 -0.1247E+00 -0.1325E+00 -0.1383E+00 -0.1394E+00 -0.1371E+00
      8.6721      160.0000 -0.2355E-01 -0.2299E-01 -0.2230E-01 -0.2159E-01 -0.2140E-01 -0.2381E-01 -0.2918E-01 -0.3514E-01 -0.4002E-01 -0.4316E-01 -0.4515E-01 -0.4793E-01 -0.5136E-01 -0.5558E-01 -0.6065E-01 -0.6650E-01 -0.7301E-01 -0.8022E-01 -0.8809E-01 -0.9654E-01 -0.1053E+00 -0.1138E+00 -0.1215E+00 -0.1273E+00 -0.1283E+00 -0.1258E+00
      8.8076      170.0000 -0.1193E-01 -0.1140E-01 -0.1073E-01 -0.1003E-01 -0.9835E-02 -0.1225E-01 -0.1761E-01 -0.2355E-01 -0.2841E-01 -0.3154E-01 -0.3353E-01 -0.3630E-01 -0.3973E-01 -0.4395E-01 -0.4901E-01 -0.5486E-01 -0.6136E-01 -0.6856E-01 -0.7644E-01 -0.8488E-01 -0.9367E-01 -0.1021E+00 -0.1098E+00 -0.1156E+00 -0.1165E+00 -0.1140E+00
      8.9431      180.0000  0.5194E-04  0.5699E-03  0.1242E-02  0.2125E-02  0.2130E-02 -0.2846E-03 -0.5643E-02 -0.1158E-01 -0.1643E-01 -0.1955E-01 -0.2154E-01 -0.2432E-01 -0.2774E-01 -0.3196E-01 -0.3702E-01 -0.4286E-01 -0.4937E-01 -0.5657E-01 -0.6444E-01 -0.7288E-01 -0.8167E-01 -0.9010E-01 -0.9781E-01 -0.1036E+00 -0.1045E+00 -0.1019E+00
      9.0786      190.0000  0.1204E-01  0.1257E-01  0.1325E-01  0.1413E-01  0.1413E-01  0.1172E-01  0.6360E-02  0.4199E-03 -0.4440E-02 -0.7565E-02 -0.9554E-02 -0.1233E-01 -0.1576E-01 -0.1997E-01 -0.2504E-01 -0.3089E-01 -0.3739E-01 -0.4459E-01 -0.5246E-01 -0.6091E-01 -0.6969E-01 -0.7813E-01 -0.8585E-01 -0.9161E-01 -0.9256E-01 -0.9007E-01
      9.2141      200.0000  0.2367E-01  0.2423E-01  0.2491E-01  0.2562E-01  0.2581E-01  0.2340E-01  0.1804E-01  0.1208E-01  0.7201E-02  0.4062E-02  0.2074E-02 -0.7051E-03 -0.4140E-02 -0.8361E-02 -0.1343E-01 -0.1928E-01 -0.2579E-01 -0.3300E-01 -0.4087E-01 -0.4932E-01 -0.5811E-01 -0.6655E-01 -0.7428E-01 -0.8008E-01 -0.8108E-01 -0.7875E-01
      9.3496      210.0000  0.3459E-01  0.3520E-01  0.3591E-01  0.3663E-01  0.3682E-01  0.3440E-01  0.2904E-01  0.2305E-01  0.1814E-01  0.1498E-01  0.1299E-01  0.1021E-01  0.6763E-02  0.2532E-02 -0.2547E-02 -0.8410E-02 -0.1493E-01 -0.2214E-01 -0.3001E-01 -0.3846E-01 -0.4726E-01 -0.5571E-01 -0.6346E-01 -0.6931E-01 -0.7041E-01 -0.6831E-01
      9.4851      220.0000  0.4446E-01  0.4514E-01  0.4589E-01  0.4662E-01  0.4681E-01  0.4439E-01  0.3902E-01  0.3300E-01  0.2804E-01  0.2485E-01  0.2286E-01  0.2007E-01  0.1662E-01  0.1237E-01  0.7282E-02  0.1407E-02 -0.5120E-02 -0.1233E-01 -0.2022E-01 -0.2867E-01 -0.3747E-01 -0.4594E-01 -0.5372E-01 -0.5963E-01 -0.6086E-01 -0.5905E-01
      9.6206      230.0000  0.5299E-01  0.5376E-01  0.5456E-01  0.5531E-01  0.5548E-01  0.5306E-01  0.4769E-01  0.4163E-01  0.3661E-01  0.3338E-01  0.3140E-01  0.2860E-01  0.2513E-01  0.2087E-01  0.1576E-01  0.9871E-02  0.3333E-02 -0.3889E-02 -0.1177E-01 -0.2023E-01 -0.2904E-01 -0.3752E-01 -0.4534E-01 -0.5133E-01 -0.5271E-01 -0.5126E-01
      9.7561      240.0000  0.5992E-01  0.6079E-01  0.6164E-01  0.6241E-01  0.6257E-01  0.6015E-01  0.5478E-01  0.4866E-01  0.4358E-01  0.4031E-01  0.3833E-01  0.3552E-01  0.3203E-01  0.2776E-01  0.2263E-01  0.1672E-01  0.1017E-01  0.2945E-02 -0.4946E-02 -0.1340E-01 -0.2222E-01 -0.3072E-01 -0.3858E-01 -0.4466E-01 -0.4622E-01 -0.4518E-01
      9.8916      250.0000  0.6503E-01  0.6602E-01  0.6693E-01  0.6772E-01  0.6787E-01  0.6545E-01  0.6008E-01  0.5390E-01  0.4874E-01  0.4542E-01  0.4344E-01  0.4062E-01  0.3712E-01  0.3283E-01  0.2768E-01  0.2176E-01  0.1520E-01  0.7959E-02  0.6456E-04 -0.8397E-02 -0.1722E-01 -0.2574E-01 -0.3364E-01 -0.3982E-01 -0.4158E-01 -0.4098E-01
     10.0271      260.0000  0.6817E-01  0.6928E-01  0.7025E-01  0.7107E-01  0.7121E-01  0.6878E-01  0.6341E-01  0.5717E-01  0.5193E-01  0.4856E-01  0.4659E-01  0.4376E-01  0.4024E-01  0.3593E-01  0.3076E-01  0.2482E-01  0.1825E-01  0.1100E-01  0.3104E-02 -0.5359E-02 -0.1419E-01 -0.2273E-01 -0.3068E-01 -0.3696E-01 -0.3892E-01 -0.3879E-01
     10.1626      270.0000  0.6924E-01  0.7047E-01  0.7151E-01  0.7235E-01  0.7248E-01  0.7005E-01  0.6468E-01  0.5837E-01  0.5306E-01  0.4964E-01  0.4767E-01  0.4483E-01  0.4130E-01  0.3696E-01  0.3178E-01  0.2582E-01  0.1923E-01  0.1198E-01  0.4080E-02 -0.4384E-02 -0.1322E-01 -0.2177E-01 -0.2977E-01 -0.3616E-01 -0.3833E-01 -0.3867E-01
     10.2981      280.0000  0.6820E-01  0.6956E-01  0.7067E-01  0.7154E-01  0.7165E-01  0.6922E-01  0.6385E-01  0.5748E-01  0.5209E-01  0.4862E-01  0.4665E-01  0.4380E-01  0.4025E-01  0.3589E-01  0.3069E-01  0.2472E-01  0.1812E-01  0.1086E-01  0.2963E-02 -0.5500E-02 -0.1434E-01 -0.2291E-01 -0.3095E-01 -0.3744E-01 -0.3983E-01 -0.4064E-01
     10.4336      290.0000  0.6510E-01  0.6658E-01  0.6775E-01  0.6864E-01  0.6874E-01  0.6632E-01  0.6094E-01  0.5452E-01  0.4905E-01  0.4553E-01  0.4357E-01  0.4071E-01  0.3714E-01  0.3277E-01  0.2755E-01  0.2156E-01  0.1495E-01  0.7688E-02 -0.2124E-03 -0.8674E-02 -0.1751E-01 -0.2610E-01 -0.3419E-01 -0.4078E-01 -0.4336E-01 -0.4463E-01
     10.5691      300.0000  0.6002E-01  0.6161E-01  0.6285E-01  0.6376E-01  0.6385E-01  0.6142E-01  0.5605E-01  0.4957E-01  0.4403E-01  0.4047E-01  0.3851E-01  0.3564E-01  0.3206E-01  0.2767E-01  0.2243E-01  0.1643E-01  0.9813E-02  0.2549E-02 -0.5351E-02 -0.1381E-01 -0.2265E-01 -0.3125E-01 -0.3938E-01 -0.4606E-01 -0.4884E-01 -0.5052E-01
     10.7046      310.0000  0.5313E-01  0.5482E-01  0.5611E-01  0.5704E-01  0.5712E-01  0.5469E-01  0.4932E-01  0.4279E-01  0.3719E-01  0.3358E-01  0.3163E-01  0.2876E-01  0.2516E-01  0.2075E-01  0.1551E-01  0.9491E-02  0.2869E-02 -0.4397E-02 -0.1230E-01 -0.2075E-01 -0.2959E-01 -0.3821E-01 -0.4636E-01 -0.5313E-01 -0.5608E-01 -0.5813E-01
     10.8401      320.0000  0.4462E-01  0.4640E-01  0.4774E-01  0.4869E-01  0.4876E-01  0.4633E-01  0.4096E-01  0.3439E-01  0.2874E-01  0.2509E-01  0.2314E-01  0.2026E-01  0.1666E-01  0.1224E-01  0.6979E-02  0.9545E-03 -0.5673E-02 -0.1294E-01 -0.2084E-01 -0.2929E-01 -0.3813E-01 -0.4675E-01 -0.5494E-01 -0.6177E-01 -0.6487E-01 -0.6724E-01
     10.9756      330.0000  0.3477E-01  0.3662E-01  0.3799E-01  0.3896E-01  0.3902E-01  0.3659E-01  0.3122E-01  0.2462E-01  0.1892E-01  0.1525E-01  0.1331E-01  0.1042E-01  0.6808E-02  0.2378E-02 -0.2890E-02 -0.8922E-02 -0.1555E-01 -0.2282E-01 -0.3072E-01 -0.3916E-01 -0.4800E-01 -0.5663E-01 -0.6484E-01 -0.7173E-01 -0.7495E-01 -0.7757E-01
     11.1111      340.0000  0.2387E-01  0.2577E-01  0.2717E-01  0.2815E-01  0.2821E-01  0.2578E-01  0.2041E-01  0.1378E-01  0.8054E-02  0.4362E-02  0.2417E-02 -0.4701E-03 -0.4091E-02 -0.8528E-02 -0.1380E-01 -0.1984E-01 -0.2647E-01 -0.3374E-01 -0.4163E-01 -0.5008E-01 -0.5892E-01 -0.6755E-01 -0.7578E-01 -0.8271E-01 -0.8601E-01 -0.8881E-01
     11.2466      350.0000  0.1225E-01  0.1418E-01  0.1560E-01  0.1659E-01  0.1664E-01  0.1421E-01  0.8847E-02  0.2199E-02 -0.3546E-02 -0.7251E-02 -0.9195E-02 -0.1208E-01 -0.1571E-01 -0.2015E-01 -0.2543E-01 -0.3147E-01 -0.3810E-01 -0.4537E-01 -0.5326E-01 -0.6171E-01 -0.7055E-01 -0.7918E-01 -0.8742E-01 -0.9437E-01 -0.9772E-01 -0.1006E+00
     11.3821      360.0000  0.2614E-03  0.2211E-02  0.3636E-02  0.4622E-02  0.4675E-02  0.2246E-02 -0.3118E-02 -0.9772E-02 -0.1552E-01 -0.1923E-01 -0.2118E-01 -0.2407E-01 -0.2769E-01 -0.3213E-01 -0.3741E-01 -0.4346E-01 -0.5009E-01 -0.5736E-01 -0.6525E-01 -0.7369E-01 -0.8253E-01 -0.9117E-01 -0.9941E-01 -0.1064E+00 -0.1097E+00 -0.1127E+00
     11.5176       10.0000 -0.1173E-01 -0.9787E-02 -0.8367E-02 -0.7382E-02 -0.7328E-02 -0.9758E-02 -0.1512E-01 -0.2177E-01 -0.2752E-01 -0.3122E-01 -0.3317E-01 -0.3606E-01 -0.3968E-01 -0.4412E-01 -0.4940E-01 -0.5544E-01 -0.6208E-01 -0.6934E-01 -0.7724E-01 -0.8568E-01 -0.9452E-01 -0.1032E+00 -0.1114E+00 -0.1183E+00 -0.1217E+00 -0.1245E+00
     11.6531       20.0000 -0.2336E-01 -0.2145E-01 -0.2004E-01 -0.1906E-01 -0.1901E-01 -0.2144E-01 -0.2680E-01 -0.3344E-01 -0.3917E-01 -0.4286E-01 -0.4480E-01 -0.4769E-01 -0.5131E-01 -0.5575E-01 -0.6102E-01 -0.6706E-01 -0.7369E-01 -0.8096E-01 -0.8885E-01 -0.9730E-01 -0.1061E+00 -0.1148E+00 -0.1230E+00 -0.1299E+00 -0.1332E+00 -0.1359E+00
     11.7886       30.0000 -0.3427E-01 -0.3241E-01 -0.3104E-01 -0.3007E-01 -0.3001E-01 -0.3244E-01 -0.3780E-01 -0.4442E-01 -0.5011E-01 -0.5379E-01 -0.5573E-01 -0.5862E-01 -0.6223E-01 -0.6666E-01 -0.7193E-01 -0.7796E-01 -0.8459E-01 -0.9186E-01 -0.9976E-01 -0.1082E+00 -0.1170E+00 -0.1257E+00 -0.1339E+00 -0.1408E+00 -0.1440E+00 -0.1464E+00
     11.9241       40.0000 -0.4415E-01 -0.4236E-01 -0.4102E-01 -0.4006E-01 -0.3999E-01 -0.4242E-01 -0.4779E-01 -0.5437E-01 -0.6003E-01 -0.6367E-01 -0.6562E-01 -0.6850E-01 -0.7211E-01 -0.7653E-01 -0.8179E-01 -0.8781E-01 -0.9444E-01 -0.1017E+00 -0.1096E+00 -0.1181E+00 -0.1269E+00 -0.1355E+00 -0.1437E+00 -0.1505E+00 -0.1536E+00 -0.1558E+00
     12.0596       50.0000 -0.5268E-01 -0.5098E-01 -0.4968E-01 -0.4874E-01 -0.4867E-01 -0.5110E-01 -0.5647E-01 -0.6301E-01 -0.6861E-01 -0.7222E-01 -0.7417E-01 -0.7705E-01 -0.8064E-01 -0.8505E-01 -0.9030E-01 -0.9631E-01 -0.1029E+00 -0.1102E+00 -0.1181E+00 -0.1266E+00 -0.1354E+00 -0.1440E+00 -0.1522E+00 -0.1589E+00 -0.1618E+00 -0.1637E+00
     12.1951       60.0000 -0.5960E-01 -0.5801E-01 -0.5676E-01 -0.5585E-01 -0.5576E-01 -0.5819E-01 -0.6356E-01 -0.7005E-01 -0.7559E-01 -0.7916E-01 -0.8112E-01 -0.8399E-01 -0.8757E-01 -0.9196E-01 -0.9720E-01 -0.1032E+00 -0.1098E+00 -0.1171E+00 -0.1250E+00 -0.1334E+00 -0.1423E+00 -0.1509E+00 -0.1590E+00 -0.1657E+00 -0.1684E+00 -0.1698E+00
     12.3306       70.0000 -0.6472E-01 -0.6323E-01 -0.6205E-01 -0.6115E-01 -0.6105E-01 -0.6348E-01 -0.6886E-01 -0.7529E-01 -0.8076E-01 -0.8429E-01 -0.8625E-01 -0.8911E-01 -0.9268E-01 -0.9705E-01 -0.1023E+00 -0.1083E+00 -0.1149E+00 -0.1221E+00 -0.1300E+00 -0.1385E+00 -0.1473E+00 -0.1559E+00 -0.1640E+00 -0.1706E+00 -0.1731E+00 -0.1741E+00
     12.4661       80.0000 -0.6785E-01 -0.6649E-01 -0.6537E-01 -0.6450E-01 -0.6439E-01 -0.6681E-01 -0.7219E-01 -0.7857E-01 -0.8396E-01 -0.8744E-01 -0.8941E-01 -0.9226E-01 -0.9581E-01 -0.1002E+00 -0.1054E+00 -0.1113E+00 -0.1179E+00 -0.1252E+00 -0.1331E+00 -0.1416E+00 -0.1504E+00 -0.1590E+00 -0.1670E+00 -0.1735E+00 -0.1758E+00 -0.1763E+00
     12.6016       90.0000 -0.6892E-01 -0.6768E-01 -0.6663E-01 -0.6578E-01 -0.6566E-01 -0.6809E-01 -0.7346E-01 -0.7978E-01 -0.8510E-01 -0.8852E-01 -0.9049E-01 -0.9333E-01 -0.9687E-01 -0.1012E+00 -0.1064E+00 -0.1123E+00 -0.1189E+00 -0.1262E+00 -0.1341E+00 -0.1425E+00 -0.1514E+00 -0.1599E+00 -0.1679E+00 -0.1743E+00 -0.1764E+00 -0.1764E+00
     12.7371      100.0000 -0.6789E-01 -0.6677E-01 -0.6579E-01 -0.6497E-01 -0.6483E-01 -0.6725E-01 -0.7263E-01 -0.7888E-01 -0.8412E-01 -0.8750E-01 -0.8947E-01 -0.9230E-01 -0.9582E-01 -0.1001E+00 -0.1053E+00 -0.1112E+00 -0.1178E+00 -0.1251E+00 -0.1330E+00 -0.1414E+00 -0.1502E+00 -0.1588E+00 -0.1667E+00 -0.1730E+00 -0.1749E+00 -0.1744E+00
     12.8726      110.0000 -0.6479E-01 -0.6379E-01 -0.6287E-01 -0.6207E-01 -0.6192E-01 -0.6435E-01 -0.6972E-01 -0.7591E-01 -0.8108E-01 -0.8440E-01 -0.8638E-01 -0.8919E-01 -0.9269E-01 -0.9699E-01 -0.1021E+00 -0.1081E+00 -0.1146E+00 -0.1219E+00 -0.1298E+00 -0.1382E+00 -0.1470E+00 -0.1556E+00 -0.1634E+00 -0.1696E+00 -0.1713E+00 -0.1704E+00
     13.0081      120.0000 -0.5971E-01 -0.5883E-01 -0.5797E-01 -0.5719E-01 -0.5703E-01 -0.5945E-01 -0.6483E-01 -0.7096E-01 -0.7605E-01 -0.7932E-01 -0.8130E-01 -0.8411E-01 -0.8759E-01 -0.9187E-01 -0.9700E-01 -0.1029E+00 -0.1095E+00 -0.1167E+00 -0.1246E+00 -0.1330E+00 -0.1418E+00 -0.1503E+00 -0.1582E+00 -0.1643E+00 -0.1657E+00 -0.1644E+00
     13.1436      130.0000 -0.5281E-01 -0.5203E-01 -0.5123E-01 -0.5048E-01 -0.5030E-01 -0.5272E-01 -0.5809E-01 -0.6417E-01 -0.6919E-01 -0.7242E-01 -0.7441E-01 -0.7721E-01 -0.8068E-01 -0.8494E-01 -0.9004E-01 -0.9593E-01 -0.1025E+00 -0.1097E+00 -0.1176E+00 -0.1260E+00 -0.1348E+00 -0.1433E+00 -0.1511E+00 -0.1571E+00 -0.1584E+00 -0.1567E+00
     13.2791      140.0000 -0.4431E-01 -0.4362E-01 -0.4286E-01 -0.4213E-01 -0.4195E-01 -0.4436E-01 -0.4973E-01 -0.5576E-01 -0.6073E-01 -0.6392E-01 -0.6590E-01 -0.6869E-01 -0.7215E-01 -0.7639E-01 -0.8148E-01 -0.8736E-01 -0.9388E-01 -0.1011E+00 -0.1090E+00 -0.1174E+00 -0.1262E+00 -0.1347E+00 -0.1425E+00 -0.1484E+00 -0.1495E+00 -0.1475E+00
     13.4146      150.0000 -0.3445E-01 -0.3384E-01 -0.3312E-01 -0.3240E-01 -0.3221E-01 -0.3463E-01 -0.3999E-01 -0.4598E-01 -0.5090E-01 -0.5406E-01 -0.5605E-01 -0.5883E-01 -0.6228E-01 -0.6651E-01 -0.7159E-01 -0.7745E-01 -0.8397E-01 -0.9117E-01 -0.9905E-01 -0.1075E+00 -0.1163E+00 -0.1247E+00 -0.1325E+00 -0.1383E+00 -0.1394E+00 -0.1371E+00
     13.5501      160.0000 -0.2355E-01 -0.2299E-01 -0.2230E-01 -0.2159E-01 -0.2140E-01 -0.2381E-01 -0.2918E-01 -0.3514E-01 -0.4002E-01 -0.4316E-01 -0.4515E-01 -0.4793E-01 -0.5136E-01 -0.5558E-01 -0.6065E-01 -0.6650E-01 -0.7301E-01 -0.8022E-01 -0.8809E-01 -0.9654E-01 -0.1053E+00 -0.1138E+00 -0.1215E+00 -0.1273E+00 -0.1283E+00 -0.1258E+00
     13.6856      170.0000 -0.1193E-01 -0.1140E-01 -0.1073E-01 -0.1003E-01 -0.9835E-02 -0.1225E-01 -0.1761E-01 -0.2355E-01 -0.2841E-01 -0.3154E-01 -0.3353E-01 -0.3630E-01 -0.3973E-01 -0.4395E-01 -0.4901E-01 -0.5486E-01 -0.6136E-01 -0.6856E-01 -0.7644E-01 -0.8488E-01 -0.9367E-01 -0.1021E+00 -0.1098E+00 -0.1156E+00 -0.1165E+00 -0.1140E+00
     13.8211      180.0000  0.5194E-04  0.5699E-03  0.1242E-02  0.2125E-02  0.2130E-02 -0.2846E-03 -0.5643E-02 -0.1158E-01 -0.1643E-01 -0.1955E-01 -0.2154E-01 -0.2432E-01 -0.2774E-01 -0.3196E-01 -0.3702E-01 -0.4286E-01 -0.4937E-01 -0.5657E-01 -0.6444E-01 -0.7288E-01 -0.8167E-01 -0.9010E-01 -0.9781E-01 -0.1036E+00 -0.1045E+00 -0.1019E+00
     13.9566      190.0000  0.1204E-01  0.1257E-01  0.1325E-01  0.1413E-01  0.1413E-01  0.1172E-01  0.6360E-02  0.4199E-03 -0.4440E-02 -0.7565E-02 -0.9554E-02 -0.1233E-01 -0.1576E-01 -0.1997E-01 -0.2504E-01 -0.3089E-01 -0.3739E-01 -0.4459E-01 -0.5246E-01 -0.6091E-01 -0.6969E-01 -0.7813E-01 -0.8585E-01 -0.9161E-01 -0.9256E-01 -0.9007E-01
     14.0921      200.0000  0.2367E-01  0.2423E-01  0.2491E-01  0.2562E-01  0.2581E-01  0.2340E-01  0.1804E-01  0.1208E-01  0.7201E-02  0.4062E-02  0.2074E-02 -0.7051E-03 -0.4140E-02 -0.8361E-02 -0.1343E-01 -0.1928E-01 -0.2579E-01 -0.3300E-01 -0.4087E-01 -0.4932E-01 -0.5811E-01 -0.6655E-01 -0.7428E-01 -0.8008E-01 -0.8108E-01 -0.7875E-01
     14.2276      210.0000  0.3459E-01  0.3520E-01  0.3591E-01  0.3663E-01  0.3682E-01  0.3440E-01  0.2904E-01  0.2305E-01  0.1814E-01  0.1498E-01  0.1299E-01  0.1021E-01  0.6763E-02  0.2532E-02 -0.2547E-02 -0.8410E-02 -0.1493E-01 -0.2214E-01 -0.3001E-01 -0.3846E-01 -0.4726E-01 -0.5571E-01 -0.6346E-01 -0.6931E-01 -0.7041E-01 -0.6831E-01
     14.3631      220.0000  0.4446E-01  0.4514E-01  0.4589E-01  0.4662E-01  0.4681E-01  0.4439E-01  0.3902E-01  0.3300E-01  0.2804E-01  0.2485E-01  0.2286E-01  0.2007E-01  0.1662E-01  0.1237E-01  0.7282E-02  0.1407E-02 -0.5120E-02 -0.1233E-01 -0.2022E-01 -0.2867E-01 -0.3747E-01 -0.4594E-01 -0.5372E-01 -0.5963E-01 -0.6086E-01 -0.5905E-01
     14.4986      230.0000  0.5299E-01  0.5376E-01  0.5456E-01  0.5531E-01  0.5548E-01  0.5306E-01  0.4769E-01  0.4163E-01  0.3661E-01  0.3338E-01  0.3140E-01  0.2860E-01  0.2513E-01  0.2087E-01  0.1576E-01  0.9871E-02  0.3333E-02 -0.3889E-02 -0.1177E-01 -0.2023E-01 -0.2904E-01 -0.3752E-01 -0.4534E-01 -0.5133E-01 -0.5271E-01 -0.5126E-01
     14.6341      240.0000  0.5992E-01  0.6079E-01  0.6164E-01  0.6241E-01  0.6257E-01  0.6015E-01  0.5478E-01  0.4866E-01  0.4358E-01  0.4031E-01  0.3833E-01  0.3552E-01  0.3203E-01  0.2776E-01  0.2263E-01  0.1672E-01  0.1017E-01  0.2945E-02 -0.4946E-02 -0.1340E-01 -0.2222E-01 -0.3072E-01 -0.3858E-01 -0.4466E-01 -0.4622E-01 -0.4518E-01
     14.7696      250.0000  0.6503E-01  0.6602E-01  0.6693E-01  0.6772E-01  0.6787E-01  0.6545E-01  0.6008E-01  0.5390E-01  0.4874E-01  0.4542E-01  0.4344E-01  0.4062E-01  0.3712E-01  0.3283E-01  0.2768E-01  0.2176E-01  0.1520E-01  0.7959E-02  0.6456E-04 -0.8397E-02 -0.1722E-01 -0.2574E-01 -0.3364E-01 -0.3982E-01 -0.4158E-01 -0.4098E-01
     14.9051      260.0000  0.6817E-01  0.6928E-01  0.7025E-01  0.7107E-01  0.7121E-01  0.6878E-01  0.6341E-01  0.5717E-01  0.5193E-01  0.4856E-01  0.4659E-01  0.4376E-01  0.4024E-01  0.3593E-01  0.3076E-01  0.2482E-01  0.1825E-01  0.1100E-01  0.3104E-02 -0.5359E-02 -0.1419E-01 -0.2273E-01 -0.3068E-01 -0.3696E-01 -0.3892E-01 -0.3879E-01
     15.0407      270.0000  0.6924E-01  0.7047E-01  0.7151E-01  0.7235E-01  0.7248E-01  0.7005E-01  0.6468E-01  0.5837E-01  0.5306E-01  0.4964E-01  0.4767E-01  0.4483E-01  0.4130E-01  0.3696E-01  0.3178E-01  0.2582E-01  0.1923E-01  0.1198E-01  0.4080E-02 -0.4384E-02 -0.1322E-01 -0.2177E-01 -0.2977E-01 -0.3616E-01 -0.3833E-01 -0.3867E-01
     15.1762      280.0000  0.6820E-01  0.6956E-01  0.7067E-01  0.7154E-01  0.7165E-01  0.6922E-01  0.6385E-01  0.5748E-01  0.5209E-01  0.4862E-01  0.4665E-01  0.4380E-01  0.4025E-01  0.3589E-01  0.3069E-01  0.2472E-01  0.1812E-01  0.1086E-01  0.2963E-02 -0.5500E-02 -0.1434E-01 -0.2291E-01 -0.3095E-01 -0.3744E-01 -0.3983E-01 -0.4064E-01
     15.3117      290.0000  0.6510E-01  0.6658E-01  0.6775E-01  0.6864E-01  0.6874E-01  0.6632E-01  0.6094E-01  0.5452E-01  0.4905E-01  0.4553E-01  0.4357E-01  0.4071E-01  0.3714E-01  0.3277E-01  0.2755E-01  0.2156E-01  0.1495E-01  0.7688E-02 -0.2124E-03 -0.8674E-02 -0.1751E-01 -0.2610E-01 -0.3419E-01 -0.4078E-01 -0.4336E-01 -0.4463E-01
     15.4472      300.0000  0.6002E-01  0.6161E-01  0.6285E-01  0.6376E-01  0.6385E-01  0.6142E-01  0.5605E-01  0.4957E-01  0.4403E-01  0.4047E-01  0.3851E-01  0.3564E-01  0.3206E-01  0.2767E-01  0.2243E-01  0.1643E-01  0.9813E-02  0.2549E-02 -0.5351E-02 -0.1381E-01 -0.2265E-01 -0.3125E-01 -0.3938E-01 -0.4606E-01 -0.4884E-01 -0.5052E-01
     15.5827      310.0000  0.5313E-01  0.5482E-01  0.5611E-01  0.5704E-01  0.5712E-01  0.5469E-01  0.4932E-01  0.4279E-01  0.3719E-01  0.3358E-01  0.3163E-01  0.2876E-01  0.2516E-01  0.2075E-01  0.1551E-01  0.9491E-02  0.2869E-02 -0.4397E-02 -0.1230E-01 -0.2075E-01 -0.2959E-01 -0.3821E-01 -0.4636E-01 -0.5313E-01 -0.5608E-01 -0.5813E-01
     15.7182      320.0000  0.4462E-01  0.4640E-01  0.4774E-01  0.4869E-01  0.4876E-01  0.4633E-01  0.4096E-01  0.3439E-01  0.2874E-01  0.2509E-01  0.2314E-01  0.2026E-01  0.1666E-01  0.1224E-01  0.6979E-02  0.9545E-03 -0.5673E-02 -0.1294E-01 -0.2084E-01 -0.2929E-01 -0.3813E-01 -0.4675E-01 -0.5494E-01 -0.6177E-01 -0.6487E-01 -0.6724E-01
     15.8537      330.0000  0.3477E-01  0.3662E-01  0.3799E-01  0.3896E-01  0.3902E-01  0.3659E-01  0.3122E-01  0.2462E-01  0.1892E-01  0.1525E-01  0.1331E-01  0.1042E-01  0.6808E-02  0.2378E-02 -0.2890E-02 -0.8922E-02 -0.1555E-01 -0.2282E-01 -0.3072E-01 -0.3916E-01 -0.4800E-01 -0.5663E-01 -0.6484E-01 -0.7173E-01 -0.7495E-01 -0.7757E-01
     15.9892      340.0000  0.2387E-01  0.2577E-01  0.2717E-01  0.2815E-01  0.2821E-01  0.2578E-01  0.2041E-01  0.1378E-01  0.8054E-02  0.4362E-02  0.2417E-02 -0.4701E-03 -0.4091E-02 -0.8528E-02 -0.1380E-01 -0.1984E-01 -0.2647E-01 -0.3374E-01 -0.4163E-01 -0.5008E-01 -0.5892E-01 -0.6755E-01 -0.7578E-01 -0.8271E-01 -0.8601E-01 -0.8881E-01
     16.1247      350.0000  0.1225E-01  0.1418E-01  0.1560E-01  0.1659E-01  0.1664E-01  0.1421E-01  0.8847E-02  0.2199E-02 -0.3546E-02 -0.7251E-02 -0.9195E-02 -0.1208E-01 -0.1571E-01 -0.2015E-01 -0.2543E-01 -0.3147E-01 -0.3810E-01 -0.4537E-01 -0.5326E-01 -0.6171E-01 -0.7055E-01 -0.7918E-01 -0.8742E-01 -0.9437E-01 -0.9772E-01 -0.1006E+00
     16.2602      360.0000  0.2614E-03  0.2211E-02  0.3636E-02  0.4622E-02  0.4675E-02  0.2246E-02 -0.3118E-02 -0.9772E-02 -0.1552E-01 -0.1923E-01 -0.2118E-01 -0.2407E-01 -0.2769E-01 -0.3213E-01 -0.3741E-01 -0.4346E-01 -0.5009E-01 -0.5736E-01 -0.6525E-01 -0.7369E-01 -0.8253E-01 -0.9117E-01 -0.9941E-01 -0.1064E+00 -0.1097E+00 -0.1127E+00
     16.3957       10.0000 -0.1173E-01 -0.9787E-02 -0.8367E-02 -0.7382E-02 -0.7328E-02 -0.9758E-02 -0.1512E-01 -0.2177E-01 -0.2752E-01 -0.3122E-01 -0.3317E-01 -0.3606E-01 -0.3968E-01 -0.4412E-01 -0.4940E-01 -0.5544E-01 -0.6208E-01 -0.6934E-01 -0.7724E-01 -0.8568E-01 -0.9452E-01 -0.1032E+00 -0.1114E+00 -0.1183E+00 -0.1217E+00 -0.1245E+00
     16.5312       20.0000 -0.2336E-01 -0.2145E-01 -0.2004E-01 -0.1906E-01 -0.1901E-01 -0.2144E-01 -0.2680E-01 -0.3344E-01 -0.3917E-01 -0.4286E-01 -0.4480E-01 -0.4769E-01 -0.5131E-01 -0.5575E-01 -0.6102E-01 -0.6706E-01 -0.7369E-01 -0.8096E-01 -0.8885E-01 -0.9730E-01 -0.1061E+00 -0.1148E+00 -0.1230E+00 -0.1299E+00 -0.1332E+00 -0.1359E+00
     16.6667       30.0000 -0.3427E-01 -0.3241E-01 -0.3104E-01 -0.3007E-01 -0.3001E-01 -0.3244E-01 -0.3780E-01 -0.4442E-01 -0.5011E-01 -0.5379E-01 -0.5573E-01 -0.5862E-01 -0.6223E-01 -0.6666E-01 -0.7193E-01 -0.7796E-01 -0.8459E-01 -0.9186E-01 -0.9976E-01 -0.1082E+00 -0.1170E+00 -0.1257E+00 -0.1339E+00 -0.1408E+00 -0.1440E+00 -0.1464E+00
     16.8022       40.0000 -0.4415E-01 -0.4236E-01 -0.4102E-01 -0.4006E-01 -0.3999E-01 -0.4242E-01 -0.4779E-01 -0.5437E-01 -0.6003E-01 -0.6367E-01 -0.6562E-01 -0.6850E-01 -0.7211E-01 -0.7653E-01 -0.8179E-01 -0.8781E-01 -0.9444E-01 -0.1017E+00 -0.1096E+00 -0.1181E+00 -0.1269E+00 -0.1355E+00 -0.1437E+00 -0.1505E+00 -0.1536E+00 -0.1558E+00
     16.9377       50.0000 -0.5268E-01 -0.5098E-01 -0.4968E-01 -0.4874E-01 -0.4867E-01 -0.5110E-01 -0.5647E-01 -0.6301E-01 -0.6861E-01 -0.7222E-01 -0.7417E-01 -0.7705E-01 -0.8064E-01 -0.8505E-01 -0.9030E-01 -0.9631E-01 -0.1029E+00 -0.1102E+00 -0.1181E+00 -0.1266E+00 -0.1354E+00 -0.1440E+00 -0.1522E+00 -0.1589E+00 -0.1618E+00 -0.1637E+00
     17.0732       60.0000 -0.5960E-01 -0.5801E-01 -0.5676E-01 -0.5585E-01 -0.5576E-01 -0.5819E-01 -0.6356E-01 -0.7005E-01 -0.7559E-01 -0.7916E-01 -0.8112E-01 -0.8399E-01 -0.8757E-01 -0.9196E-01 -0.9720E-01 -0.1032E+00 -0.1098E+00 -0.1171E+00 -0.1250E+00 -0.1334E+00 -0.1423E+00 -0.1509E+00 -0.1590E+00 -0.1657E+00 -0.1684E+00 -0.1698E+00
     17.2087       70.0000 -0.6472E-01 -0.6323E-01 -0.6205E-01 -0.6115E-01 -0.6105E-01 -0.6348E-01 -0.6886E-01 -0.7529E-01 -0.8076E-01 -0.8429E-01 -0.8625E-01 -0.8911E-01 -0.9268E-01 -0.9705E-01 -0.1023E+00 -0.1083E+00 -0.1149E+00 -0.1221E+00 -0.1300E+00 -0.1385E+00 -0.1473E+00 -0.1559E+00 -0.1640E+00 -0.1706E+00 -0.1731E+00 -0.1741E+00
     17.3442       80.0000 -0.6785E-01 -0.6649E-01 -0.6537E-01 -0.6450E-01 -0.6439E-01 -0.6681E-01 -0.7219E-01 -0.7857E-01 -0.8396E-01 -0.8744E-01 -0.8941E-01 -0.9226E-01 -0.9581E-01 -0.1002E+00 -0.1054E+00 -0.1113E+00 -0.1179E+00 -0.1252E+00 -0.1331E+00 -0.1416E+00 -0.1504E+00 -0.1590E+00 -0.1670E+00 -0.1735E+00 -0.1758E+00 -0.1763E+00
     17.4797       90.0000 -0.6892E-01 -0.6768E-01 -0.6663E-01 -0.6578E-01 -0.6566E-01 -0.6809E-01 -0.7346E-01 -0.7978E-01 -0.8510E-01 -0.8852E-01 -0.9049E-01 -0.9333E-01 -0.9687E-01 -0.1012E+00 -0.1064E+00 -0.1123E+00 -0.1189E+00 -0.1262E+00 -0.1341E+00 -0.1425E+00 -0.1514E+00 -0.1599E+00 -0.1679E+00 -0.1743E+00 -0.1764E+00 -0.1764E+00
     17.6152      100.0000 -0.6789E-01 -0.6677E-01 -0.6579E-01 -0.6497E-01 -0.6483E-01 -0.6725E-01 -0.7263E-01 -0.7888E-01 -0.8412E-01 -0.8750E-01 -0.8947E-01 -0.9230E-01 -0.9582E-01 -0.1001E+00 -0.1053E+00 -0.1112E+00 -0.1178E+00 -0.1251E+00 -0.1330E+00 -0.1414E+00 -0.1502E+00 -0.1588E+00 -0.1667E+00 -0.1730E+00 -0.1749E+00 -0.1744E+00
     17.7507      110.0000 -0.6479E-01 -0.6379E-01 -0.6287E-01 -0.6207E-01 -0.6192E-01 -0.6435E-01 -0.6972E-01 -0.7591E-01 -0.8108E-01 -0.8440E-01 -0.8638E-01 -0.8919E-01 -0.9269E-01 -0.9699E-01 -0.1021E+00 -0.1081E+00 -0.1146E+00 -0.1219E+00 -0.1298E+00 -0.1382E+00 -0.1470E+00 -0.1556E+00 -0.1634E+00 -0.1696E+00 -0.1713E+00 -0.1704E+00
     17.8862      120.0000 -0.5971E-01 -0.5883E-01 -0.5797E-01 -0.5719E-01 -0.5703E-01 -0.5945E-01 -0.6483E-01 -0.7096E-01 -0.7605E-01 -0.7932E-01 -0.8130E-01 -0.8411E-01 -0.8759E-01 -0.9187E-01 -0.9700E-01 -0.1029E+00 -0.1095E+00 -0.1167E+00 -0.1246E+00 -0.1330E+00 -0.1418E+00 -0.1503E+00 -0.1582E+00 -0.1643E+00 -0.1657E+00 -0.1644E+00
     18.0217      130.0000 -0.5281E-01 -0.5203E-01 -0.5123E-01 -0.5048E-01 -0.5030E-01 -0.5272E-01 -0.5809E-01 -0.6417E-01 -0.6919E-01 -0.7242E-01 -0.7441E-01 -0.7721E-01 -0.8068E-01 -0.8494E-01 -0.9004E-01 -0.9593E-01 -0.1025E+00 -0.1097E+00 -0.1176E+00 -0.1260E+00 -0.1348E+00 -0.1433E+00 -0.1511E+00 -0.1571E+00 -0.1584E+00 -0.1567E+00
     18.1572      140.0000 -0.4431E-01 -0.4362E-01 -0.4286E-01 -0.4213E-01 -0.4195E-01 -0.4436E-01 -0.4973E-01 -0.5576E-01 -0.6073E-01 -0.6392E-01 -0.6590E-01 -0.6869E-01 -0.7215E-01 -0.7639E-01 -0.8148E-01 -0.8736E-01 -0.9388E-01 -0.1011E+00 -0.1090E+00 -0.1174E+00 -0.1262E+00 -0.1347E+00 -0.1425E+00 -0.1484E+00 -0.1495E+00 -0.1475E+00
     18.2927      150.0000 -0.3445E-01 -0.3384E-01 -0.3312E-01 -0.3240E-01 -0.3221E-01 -0.3463E-01 -0.3999E-01 -0.4598E-01 -0.5090E-01 -0.5406E-01 -0.5605E-01 -0.5883E-01 -0.6228E-01 -0.6651E-01 -0.7159E-01 -0.7745E-01 -0.8397E-01 -0.9117E-01 -0.9905E-01 -0.1075E+00 -0.1163E+00 -0.1247E+00 -0.1325E+00 -0.1383E+00 -0.1394E+00 -0.1371E+00
     18.4282      160.0000 -0.2355E-01 -0.2299E-01 -0.2230E-01 -0.2159E-01 -0.2140E-01 -0.2381E-01 -0.2918E-01 -0.3514E-01 -0.4002E-01 -0.4316E-01 -0.4515E-01 -0.4793E-01 -0.5136E-01 -0.5558E-01 -0.6065E-01 -0.6650E-01 -0.7301E-01 -0.8022E-01 -0.8809E-01 -0.9654E-01 -0.1053E+00 -0.1138E+00 -0.1215E+00 -0.1273E+00 -0.1283E+00 -0.1258E+00
     18.5637      170.0000 -0.1193E-01 -0.1140E-01 -0.1073E-01 -0.1003E-01 -0.9835E-02 -0.1225E-01 -0.1761E-01 -0.2355E-01 -0.2841E-01 -0.3154E-01 -0.3353E-01 -0.3630E-01 -0.3973E-01 -0.4395E-01 -0.4901E-01 -0.5486E-01 -0.6136E-01 -0.6856E-01 -0.7644E-01 -0.8488E-01 -0.9367E-01 -0.1021E+00 -0.1098E+00 -0.1156E+00 -0.1165E+00 -0.1140E+00
     18.6992      180.0000  0.5194E-04  0.5699E-03  0.1242E-02  0.2125E-02  0.2130E-02 -0.2846E-03 -0.5643E-02 -0.1158E-01 -0.1643E-01 -0.1955E-01 -0.2154E-01 -0.2432E-01 -0.2774E-01 -0.3196E-01 -0.3702E-01 -0.4286E-01 -0.4937E-01 -0.5657E-01 -0.6444E-01 -0.7288E-01 -0.8167E-01 -0.9010E-01 -0.9781E-01 -0.1036E+00 -0.1045E+00 -0.1019E+00
     18.8347      190.0000  0.1204E-01  0.1257E-01  0.1325E-01  0.1413E-01  0.1413E-01  0.1172E-01  0.6360E-02  0.4199E-03 -0.4440E-02 -0.7565E-02 -0.9554E-02 -0.1233E-01 -0.1576E-01 -0.1997E-01 -0.2504E-01 -0.3089E-01 -0.3739E-01 -0.4459E-01 -0.5246E-01 -0.6091E-01 -0.6969E-01 -0.7813E-01 -0.8585E-01 -0.9161E-01 -0.9256E-01 -0.9007E-01
     18.9702      200.0000  0.2367E-01  0.2423E-01  0.2491E-01  0.2562E-01  0.2581E-01  0.2340E-01  0.1804E-01  0.1208E-01  0.7201E-02  0.4062E-02  0.2074E-02 -0.7051E-03 -0.4140E-02 -0.8361E-02 -0.1343E-01 -0.1928E-01 -0.2579E-01 -0.3300E-01 -0.4087E-01 -0.4932E-01 -0.5811E-01 -0.6655E-01 -0.7428E-01 -0.8008E-01 -0.8108E-01 -0.7875E-01
     19.1057      210.0000  0.3459E-01  0.3520E-01  0.3591E-01  0.3663E-01  0.3682E-01  0.3440E-01  0.2904E-01  0.2305E-01  0.1814E-01  0.1498E-01  0.1299E-01  0.1021E-01  0.6763E-02  0.2532E-02 -0.2547E-02 -0.8410E-02 -0.1493E-01 -0.2214E-01 -0.3001E-01 -0.3846E-01 -0.4726E-01 -0.5571E-01 -0.6346E-01 -0.6931E-01 -0.7041E-01 -0.6831E-01
     19.2412      220.0000  0.4446E-01  0.4514E-01  0.4589E-01  0.4662E-01  0.4681E-01  0.4439E-01  0.3902E-01  0.3300E-01  0.2804E-01  0.2485E-01  0.2286E-01  0.2007E-01  0.1662E-01  0.1237E-01  0.7282E-02  0.1407E-02 -0.5120E-02 -0.1233E-01 -0.2022E-01 -0.2867E-01 -0.3747E-01 -0.4594E-01 -0.5372E-01 -0.5963E-01 -0.6086E-01 -0.5905E-01
     19.3767      230.0000  0.5299E-01  0.5376E-01  0.5456E-01  0.5531E-01  0.5548E-01  0.5306E-01  0.4769E-01  0.4163E-01  0.3661E-01  0.3338E-01  0.3140E-01  0.2860E-01  0.2513E-01  0.2087E-01  0.1576E-01  0.9871E-02  0.3333E-02 -0.3889E-02 -0.1177E-01 -0.2023E-01 -0.2904E-01 -0.3752E-01 -0.4534E-01 -0.5133E-01 -0.5271E-01 -0.5126E-01
     19.5122      240.0000  0.5992E-01  0.6079E-01  0.6164E-01  0.6241E-01  0.6257E-01  0.6015E-01  0.5478E-01  0.4866E-01  0.4358E-01  0.4031E-01  0.3833E-01  0.3552E-01  0.3203E-01  0.2776E-01  0.2263E-01  0.1672E-01  0.1017E-01  0.2945E-02 -0.4946E-02 -0.1340E-01 -0.2222E-01 -0.3072E-01 -0.3858E-01 -0.4466E-01 -0.4622E-01 -0.4518E-01
     19.6477      250.0000  0.6503E-01  0.6602E-01  0.6693E-01  0.6772E-01  0.6787E-01  0.6545E-01  0.6008E-01  0.5390E-01  0.4874E-01  0.4542E-01  0.4344E-01  0.4062E-01  0.3712E-01  0.3283E-01  0.2768E-01  0.2176E-01  0.1520E-01  0.7959E-02  0.6456E-04 -0.8397E-02 -0.1722E-01 -0.2574E-01 -0.3364E-01 -0.3982E-01 -0.4158E-01 -0.4098E-01
     19.7832      260.0000  0.6817E-01  0.6928E-01  0.7025E-01  0.7107E-01  0.7121E-01  0.6878E-01  0.6341E-01  0.5717E-01  0.5193E-01  0.4856E-01  0.4659E-01  0.4376E-01  0.4024E-01  0.3593E-01  0.3076E-01  0.2482E-01  0.1825E-01  0.1100E-01  0.3104E-02 -0.5359E-02 -0.1419E-01 -0.2273E-01 -0.3068E-01 -0.3696E-01 -0.3892E-01 -0.3879E-01
     19.9187      270.0000  0.6924E-01  0.7047E-01  0.7151E-01  0.7235E-01  0.7248E-01  0.7005E-01  0.6468E-01  0.5837E-01  0.5306E-01  0.4964E-01  0.4767E-01  0.4483E-01  0.4130E-01  0.3696E-01  0.3178E-01  0.2582E-01  0.1923E-01  0.1198E-01  0.4080E-02 -0.4384E-02 -0.1322E-01 -0.2177E-01 -0.2977E-01 -0.3616E-01 -0.3833E-01 -0.3867E-01
     20.0542      280.0000  0.6820E-01  0.6956E-01  0.7067E-01  0.7154E-01  0.7165E-01  0.6922E-01  0.6385E-01  0.5748E-01  0.5209E-01  0.4862E-01  0.4665E-01  0.4380E-01  0.4025E-01  0.3589E-01  0.3069E-01  0.2472E-01  0.1812E-01  0.1086E-01  0.2963E-02 -0.5500E-02 -0.1434E-01 -0.2291E-01 -0.3095E-01 -0.3744E-01 -0.3983E-01 -0.4064E-01
     20.1897      290.0000  0.6510E-01  0.6658E-01  0.6775E-01  0.6864E-01  0.6874E-01  0.6632E-01  0.6094E-01  0.5452E-01  0.4905E-01  0.4553E-01  0.4357E-01  0.4071E-01  0.3714E-01  0.3277E-01  0.2755E-01  0.2156E-01  0.1495E-01  0.7688E-02 -0.2124E-03 -0.8674E-02 -0.1751E-01 -0.2610E-01 -0.3419E-01 -0.4078E-01 -0.4336E-01 -0.4463E-01
     20.3252      300.0000  0.6002E-01  0.6161E-01  0.6285E-01  0.6376E-01  0.6385E-01  0.6142E-01  0.5605E-01  0.4957E-01  0.4403E-01  0.4047E-01  0.3851E-01  0.3564E-01  0.3206E-01  0.2767E-01  0.2243E-01  0.1643E-01  0.9813E-02  0.2549E-02 -0.5351E-02 -0.1381E-01 -0.2265E-01 -0.3125E-01 -0.3938E-01 -0.4606E-01 -0.4884E-01 -0.5052E-01
     20.4607      310.0000  0.5313E-01  0.5482E-01  0.5611E-01  0.5704E-01  0.5712E-01  0.5469E-01  0.4932E-01  0.4279E-01  0.3719E-01  0.3358E-01  0.3163E-01  0.2876E-01  0.2516E-01  0.2075E-01  0.1551E-01  0.9491E-02  0.2869E-02 -0.4397E-02 -0.1230E-01 -0.2075E-01 -0.2959E-01 -0.3821E-01 -0.4636E-01 -0.5313E-01 -0.5608E-01 -0.5813E-01
     20.5962      320.0000  0.4462E-01  0.4640E-01  0.4774E-01  0.4869E-01  0.4876E-01  0.4633E-01  0.4096E-01  0.3439E-01  0.2874E-01  0.2509E-01  0.2314E-01  0.2026E-01  0.1666E-01  0.1224E-01  0.6979E-02  0.9545E-03 -0.5673E-02 -0.1294E-01 -0.2084E-01 -0.2929E-01 -0.3813E-01 -0.4675E-01 -0.5494E-01 -0.6177E-01 -0.6487E-01 -0.6724E-01
     20.7317      330.0000  0.3477E-01  0.3662E-01  0.3799E-01  0.3896E-01  0.3902E-01  0.3659E-01  0.3122E-01  0.2462E-01  0.1892E-01  0.1525E-01  0.1331E-01  0.1042E-01  0.6808E-02  0.2378E-02 -0.2890E-02 -0.8922E-02 -0.1555E-01 -0.2282E-01 -0.3072E-01 -0.3916E-01 -0.4800E-01 -0.5663E-01 -0.6484E-01 -0.7173E-01 -0.7495E-01 -0.7757E-01
     20.8672      340.0000  0.2387E-01  0.2577E-01  0.2717E-01  0.2815E-01  0.2821E-01  0.2578E-01  0.2041E-01  0.1378E-01  0.8054E-02  0.4362E-02  0.2417E-02 -0.4701E-03 -0.4091E-02 -0.8528E-02 -0.1380E-01 -0.1984E-01 -0.2647E-01 -0.3374E-01 -0.4163E-01 -0.5008E-01 -0.5892E-01 -0.6755E-01 -0.7578E-01 -0.8271E-01 -0.8601E-01 -0.8881E-01
     21.0027      350.0000  0.1225E-01  0.1418E-01  0.1560E-01  0.1659E-01  0.1664E-01  0.1421E-01  0.8847E-02  0.2199E-02 -0.3546E-02 -0.7251E-02 -0.9195E-02 -0.1208E-01 -0.1571E-01 -0.2015E-01 -0.2543E-01 -0.3147E-01 -0.3810E-01 -0.4537E-01 -0.5326E-01 -0.6171E-01 -0.7055E-01 -0.7918E-01 -0.8742E-01 -0.9437E-01 -0.9772E-01 -0.1006E+00
     21.1382      360.0000  0.2614E-03  0.2211E-02  0.3636E-02  0.4622E-02  0.4675E-02  0.2246E-02 -0.3118E-02 -0.9772E-02 -0.1552E-01 -0.1923E-01 -0.2118E-01 -0.2407E-01 -0.2769E-01 -0.3213E-01 -0.3741E-01 -0.4346E-01 -0.5009E-01 -0.5736E-01 -0.6525E-01 -0.7369E-01 -0.8253E-01 -0.9117E-01 -0.9941E-01 -0.1064E+00 -0.1097E+00 -0.1127E+00
     21.2737       10.0000 -0.1173E-01 -0.9787E-02 -0.8367E-02 -0.7382E-02 -0.7328E-02 -0.9758E-02 -0.1512E-01 -0.2177E-01 -0.2752E-01 -0.3122E-01 -0.3317E-01 -0.3606E-01 -0.3968E-01 -0.4412E-01 -0.4940E-01 -0.5544E-01 -0.6208E-01 -0.6934E-01 -0.7724E-01 -0.8568E-01 -0.9452E-01 -0.1032E+00 -0.1114E+00 -0.1183E+00 -0.1217E+00 -0.1245E+00
     21.4092       20.0000 -0.2336E-01 -0.2145E-01 -0.2004E-01 -0.1906E-01 -0.1901E-01 -0.2144E-01 -0.2680E-01 -0.3344E-01 -0.3917E-01 -0.4286E-01 -0.4480E-01 -0.4769E-01 -0.5131E-01 -0.5575E-01 -0.6102E-01 -0.6706E-01 -0.7369E-01 -0.8096E-01 -0.8885E-01 -0.9730E-01 -0.1061E+00 -0.1148E+00 -0.1230E+00 -0.1299E+00 -0.1332E+00 -0.1359E+00
     21.5447       30.0000 -0.3427E-01 -0.3241E-01 -0.3104E-01 -0.3007E-01 -0.3001E-01 -0.3244E-01 -0.3780E-01 -0.4442E-01 -0.5011E-01 -0.5379E-01 -0.5573E-01 -0.5862E-01 -0.6223E-01 -0.6666E-01 -0.7193E-01 -0.7796E-01 -0.8459E-01 -0.9186E-01 -0.9976E-01 -0.1082E+00 -0.1170E+00 -0.1257E+00 -0.1339E+00 -0.1408E+00 -0.1440E+00 -0.1464E+00
     21.6802       40.0000 -0.4415E-01 -0.4236E-01 -0.4102E-01 -0.4006E-01 -0.3999E-01 -0.4242E-01 -0.4779E-01 -0.5437E-01 -0.6003E-01 -0.6367E-01 -0.6562E-01 -0.6850E-01 -0.7211E-01 -0.7653E-01 -0.8179E-01 -0.8781E-01 -0.9444E-01 -0.1017E+00 -0.1096E+00 -0.1181E+00 -0.1269E+00 -0.1355E+00 -0.1437E+00 -0.1505E+00 -0.1536E+00 -0.1558E+00
     21.8157       50.0000 -0.5268E-01 -0.5098E-01 -0.4968E-01 -0.4874E-01 -0.4867E-01 -0.5110E-01 -0.5647E-01 -0.6301E-01 -0.6861E-01 -0.7222E-01 -0.7417E-01 -0.7705E-01 -0.8064E-01 -0.8505E-01 -0.9030E-01 -0.9631E-01 -0.1029E+00 -0.1102E+00 -0.1181E+00 -0.1266E+00 -0.1354E+00 -0.1440E+00 -0.1522E+00 -0.1589E+00 -0.1618E+00 -0.1637E+00
     21.9512       60.0000 -0.5960E-01 -0.5801E-01 -0.5676E-01 -0.5585E-01 -0.5576E-01 -0.5819E-01 -0.6356E-01 -0.7005E-01 -0.7559E-01 -0.7916E-01 -0.8112E-01 -0.8399E-01 -0.8757E-01 -0.9196E-01 -0.9720E-01 -0.1032E+00 -0.1098E+00 -0.1171E+00 -0.1250E+00 -0.1334E+00 -0.1423E+00 -0.1509E+00 -0.1590E+00 -0.1657E+00 -0.1684E+00 -0.1698E+00
     22.0867       70.0000 -0.6472E-01 -0.6323E-01 -0.6205E-01 -0.6115E-01 -0.6105E-01 -0.6348E-01 -0.6886E-01 -0.7529E-01 -0.8076E-01 -0.8429E-01 -0.8625E-01 -0.8911E-01 -0.9268E-01 -0.9705E-01 -0.1023E+00 -0.1083E+00 -0.1149E+00 -0.1221E+00 -0.1300E+00 -0.1385E+00 -0.1473E+00 -0.1559E+00 -0.1640E+00 -0.1706E+00 -0.1731E+00 -0.1741E+00
     22.2222       80.0000 -0.6785E-01 -0.6649E-01 -0.6537E-01 -0.6450E-01 -0.6439E-01 -0.6681E-01 -0.7219E-01 -0.7857E-01 -0.8396E-01 -0.8744E-01 -0.8941E-01 -0.9226E-01 -0.9581E-01 -0.1002E+00 -0.1054E+00 -0.1113E+00 -0.1179E+00 -0.1252E+00 -0.1331E+00 -0.1416E+00 -0.1504E+00 -0.1590E+00 -0.1670E+00 -0.1735E+00 -0.1758E+00 -0.1763E+00
     22.3577       90.0000 -0.6892E-01 -0.6768E-01 -0.6663E-01 -0.6578E-01 -0.6566E-01 -0.6809E-01 -0.7346E-01 -0.7978E-01 -0.8510E-01 -0.8852E-01 -0.9049E-01 -0.9333E-01 -0.9687E-01 -0.1012E+00 -0.1064E+00 -0.1123E+00 -0.1189E+00 -0.1262E+00 -0.1341E+00 -0.1425E+00 -0.1514E+00 -0.1599E+00 -0.1679E+00 -0.1743E+00 -0.1764E+00 -0.1764E+00
     22.4932      100.0000 -0.6789E-01 -0.6677E-01 -0.6579E-01 -0.6497E-01 -0.6483E-01 -0.6725E-01 -0.7263E-01 -0.7888E-01 -0.8412E-01 -0.8750E-01 -0.8947E-01 -0.9230E-01 -0.9582E-01 -0.1001E+00 -0.1053E+00 -0.1112E+00 -0.1178E+00 -0.1251E+00 -0.1330E+00 -0.1414E+00 -0.1502E+00 -0.1588E+00 -0.1667E+00 -0.1730E+00 -0.1749E+00 -0.1744E+00
     22.6287      110.0000 -0.6479E-01 -0.6379E-01 -0.6287E-01 -0.6207E-01 -0.6192E-01 -0.6435E-01 -0.6972E-01 -0.7591E-01 -0.8108E-01 -0.8440E-01 -0.8638E-01 -0.8919E-01 -0.9269E-01 -0.9699E-01 -0.1021E+00 -0.1081E+00 -0.1146E+00 -0.1219E+00 -0.1298E+00 -0.1382E+00 -0.1470E+00 -0.1556E+00 -0.1634E+00 -0.1696E+00 -0.1713E+00 -0.1704E+00
     22.7642      120.0000 -0.5971E-01 -0.5883E-01 -0.5797E-01 -0.5719E-01 -0.5703E-01 -0.5945E-01 -0.6483E-01 -0.7096E-01 -0.7605E-01 -0.7932E-01 -0.8130E-01 -0.8411E-01 -0.8759E-01 -0.9187E-01 -0.9700E-01 -0.1029E+00 -0.1095E+00 -0.1167E+00 -0.1246E+00 -0.1330E+00 -0.1418E+00 -0.1503E+00 -0.1582E+00 -0.1643E+00 -0.1657E+00 -0.1644E+00
     22.8997      130.0000 -0.5281E-01 -0.5203E-01 -0.5123E-01 -0.5048E-01 -0.5030E-01 -0.5272E-01 -0.5809E-01 -0.6417E-01 -0.6919E-01 -0.7242E-01 -0.7441E-01 -0.7721E-01 -0.8068E-01 -0.8494E-01 -0.9004E-01 -0.9593E-01 -0.1025E+00 -0.1097E+00 -0.1176E+00 -0.1260E+00 -0.1348E+00 -0.1433E+00 -0.1511E+00 -0.1571E+00 -0.1584E+00 -0.1567E+00
     23.0352      140.0000 -0.4431E-01 -0.4362E-01 -0.4286E-01 -0.4213E-01 -0.4195E-01 -0.4436E-01 -0.4973E-01 -0.5576E-01 -0.6073E-01 -0.6392E-01 -0.6590E-01 -0.6869E-01 -0.7215E-01 -0.7639E-01 -0.8148E-01 -0.8736E-01 -0.9388E-01 -0.1011E+00 -0.1090E+00 -0.1174E+00 -0.1262E+00 -0.1347E+00 -0.1425E+00 -0.1484E+00 -0.1495E+00 -0.1475E+00
     23.1707      150.0000 -0.3445E-01 -0.3384E-01 -0.3312E-01 -0.3240E-01 -0.3221E-01 -0.3463E-01 -0.3999E-01 -0.4598E-01 -0.5090E-01 -0.5406E-01 -0.5605E-01 -0.5883E-01 -0.6228E-01 -0.6651E-01 -0.7159E-01 -0.7745E-01 -0.8397E-01 -0.9117E-01 -0.9905E-01 -0.1075E+00 -0.1163E+00 -0.1247E+00 -0.1325E+00 -0.1383E+00 -0.1394E+00 -0.1371E+00
     23.3062      160.0000 -0.2355E-01 -0.2299E-01 -0.2230E-01 -0.2159E-01 -0.2140E-01 -0.2381E-01 -0.2918E-01 -0.3514E-01 -0.4002E-01 -0.4316E-01 -0.4515E-01 -0.4793E-01 -0.5136E-01 -0.5558E-01 -0.6065E-01 -0.6650E-01 -0.7301E-01 -0.8022E-01 -0.8809E-01 -0.9654E-01 -0.1053E+00 -0.1138E+00 -0.1215E+00 -0.1273E+00 -0.1283E+00 -0.1258E+00
     23.4417      170.0000 -0.1193E-01 -0.1140E-01 -0.1073E-01 -0.1003E-01 -0.9835E-02 -0.1225E-01 -0.1761E-01 -0.2355E-01 -0.2841E-01 -0.3154E-01 -0.3353E-01 -0.3630E-01 -0.3973E-01 -0.4395E-01 -0.4901E-01 -0.5486E-01 -0.6136E-01 -0.6856E-01 -0.7644E-01 -0.8488E-01 -0.9367E-01 -0.1021E+00 -0.1098E+00 -0.1156E+00 -0.1165E+00 -0.1140E+00
     23.5772      180.0000  0.5194E-04  0.5699E-03  0.1242E-02  0.2125E-02  0.2130E-02 -0.2846E-03 -0.5643E-02 -0.1158E-01 -0.1643E-01 -0.1955E-01 -0.2154E-01 -0.2432E-01 -0.2774E-01 -0.3196E-01 -0.3702E-01 -0.4286E-01 -0.4937E-01 -0.5657E-01 -0.6444E-01 -0.7288E-01 -0.8167E-01 -0.9010E-01 -0.9781E-01 -0.1036E+00 -0.1045E+00 -0.1019E+00
     23.7127      190.0000  0.1204E-01  0.1257E-01  0.1325E-01  0.1413E-01  0.1413E-01  0.1172E-01  0.6360E-02  0.4199E-03 -0.4440E-02 -0.7565E-02 -0.9554E-02 -0.1233E-01 -0.1576E-01 -0.1997E-01 -0.2504E-01 -0.3089E-01 -0.3739E-01 -0.4459E-01 -0.5246E-01 -0.6091E-01 -0.6969E-01 -0.7813E-01 -0.8585E-01 -0.9161E-01 -0.9256E-01 -0.9007E-01
     23.8482      200.0000  0.2367E-01  0.2423E-01  0.2491E-01  0.2562E-01  0.2581E-01  0.2340E-01  0.1804E-01  0.1208E-01  0.7201E-02  0.4062E-02  0.2074E-02 -0.7051E-03 -0.4140E-02 -0.8361E-02 -0.1343E-01 -0.1928E-01 -0.2579E-01 -0.3300E-01 -0.4087E-01 -0.4932E-01 -0.5811E-01 -0.6655E-01 -0.7428E-01 -0.8008E-01 -0.8108E-01 -0.7875E-01
     23.9837      210.0000  0.3459E-01  0.3520E-01  0.3591E-01  0.3663E-01  0.3682E-01  0.3440E-01  0.2904E-01  0.2305E-01  0.1814E-01  0.1498E-01  0.1299E-01  0.1021E-01  0.6763E-02  0.2532E-02 -0.2547E-02 -0.8410E-02 -0.1493E-01 -0.2214E-01 -0.3001E-01 -0.3846E-01 -0.4726E-01 -0.5571E-01 -0.6346E-01 -0.6931E-01 -0.7041E-01 -0.6831E-01
     24.1192      220.0000  0.4446E-01  0.4514E-01  0.4589E-01  0.4662E-01  0.4681E-01  0.4439E-01  0.3902E-01  0.3300E-01  0.2804E-01  0.2485E-01  0.2286E-01  0.2007E-01  0.1662E-01  0.1237E-01  0.7282E-02  0.1407E-02 -0.5120E-02 -0.1233E-01 -0.2022E-01 -0.2867E-01 -0.3747E-01 -0.4594E-01 -0.5372E-01 -0.5963E-01 -0.6086E-01 -0.5905E-01
     24.2547      230.0000  0.5299E-01  0.5376E-01  0.5456E-01  0.5531E-01  0.5548E-01  0.5306E-01  0.4769E-01  0.4163E-01  0.3661E-01  0.3338E-01  0.3140E-01  0.2860E-01  0.2513E-01  0.2087E-01  0.1576E-01  0.9871E-02  0.3333E-02 -0.3889E-02 -0.1177E-01 -0.2023E-01 -0.2904E-01 -0.3752E-01 -0.4534E-01 -0.5133E-01 -0.5271E-01 -0.5126E-01
     24.3902      240.0000  0.5992E-01  0.6079E-01  0.6164E-01  0.6241E-01  0.6257E-01  0.6015E-01  0.5478E-01  0.4866E-01  0.4358E-01  0.4031E-01  0.3833E-01  0.3552E-01  0.3203E-01  0.2776E-01  0.2263E-01  0.1672E-01  0.1017E-01  0.2945E-02 -0.4946E-02 -0.1340E-01 -0.2222E-01 -0.3072E-01 -0.3858E-01 -0.4466E-01 -0.4622E-01 -0.4518E-01
     24.5257      250.0000  0.6503E-01  0.6602E-01  0.6693E-01  0.6772E-01  0.6787E-01  0.6545E-01  0.6008E-01  0.5390E-01  0.4874E-01  0.4542E-01  0.4344E-01  0.4062E-01  0.3712E-01  0.3283E-01  0.2768E-01  0.2176E-01  0.1520E-01  0.7959E-02  0.6456E-04 -0.8397E-02 -0.1722E-01 -0.2574E-01 -0.3364E-01 -0.3982E-01 -0.4158E-01 -0.4098E-01
     24.6612      260.0000  0.6817E-01  0.6928E-01  0.7025E-01  0.7107E-01  0.7121E-01  0.6878E-01  0.6341E-01  0.5717E-01  0.5193E-01  0.4856E-01  0.4659E-01  0.4376E-01  0.4024E-01  0.3593E-01  0.3076E-01  0.2482E-01  0.1825E-01  0.1100E-01  0.3104E-02 -0.5359E-02 -0.1419E-01 -0.2273E-01 -0.3068E-01 -0.3696E-01 -0.3892E-01 -0.3879E-01
     24.7967      270.0000  0.6924E-01  0.7047E-01  0.7151E-01  0.7235E-01  0.7248E-01  0.7005E-01  0.6468E-01  0.5837E-01  0.5306E-01  0.4964E-01  0.4767E-01  0.4483E-01  0.4130E-01  0.3696E-01  0.3178E-01  0.2582E-01  0.1923E-01  0.1198E-01  0.4080E-02 -0.4384E-02 -0.1322E-01 -0.2177E-01 -0.2977E-01 -0.3616E-01 -0.3833E-01 -0.3867E-01
     24.9322      280.0000  0.6820E-01  0.6956E-01  0.7067E-01  0.7154E-01  0.7165E-01  0.6922E-01  0.6385E-01  0.5748E-01  0.5209E-01  0.4862E-01  0.4665E-01  0.4380E-01  0.4025E-01  0.3589E-01  0.3069E-01  0.2472E-01  0.1812E-01  0.1086E-01  0.2963E-02 -0.5500E-02 -0.1434E-01 -0.2291E-01 -0.3095E-01 -0.3744E-01 -0.3983E-01 -0.4064E-01
     25.0678      290.0000  0.6510E-01  0.6658E-01  0.6775E-01  0.6864E-01  0.6874E-01  0.6632E-01  0.6094E-01  0.5452E-01  0.4905E-01  0.4553E-01  0.4357E-01  0.4071E-01  0.3714E-01  0.3277E-01  0.2755E-01  0.2156E-01  0.1495E-01  0.7688E-02 -0.2124E-03 -0.8674E-02 -0.1751E-01 -0.2610E-01 -0.3419E-01 -0.4078E-01 -0.4336E-01 -0.4463E-01
     25.2033      300.0000  0.6002E-01  0.6161E-01  0.6285E-01  0.6376E-01  0.6385E-01  0.6142E-01  0.5605E-01  0.4957E-01  0.4403E-01  0.4047E-01  0.3851E-01  0.3564E-01  0.3206E-01  0.2767E-01  0.2243E-01  0.1643E-01  0.9813E-02  0.2549E-02 -0.5351E-02 -0.1381E-01 -0.2265E-01 -0.3125E-01 -0.3938E-01 -0.4606E-01 -0.4884E-01 -0.5052E-01
     25.3388      310.0000  0.5313E-01  0.5482E-01  0.5611E-01  0.5704E-01  0.5712E-01  0.5469E-01  0.4932E-01  0.4279E-01  0.3719E-01  0.3358E-01  0.3163E-01  0.2876E-01  0.2516E-01  0.2075E-01  0.1551E-01  0.9491E-02  0.2869E-02 -0.4397E-02 -0.1230E-01 -0.2075E-01 -0.2959E-01 -0.3821E-01 -0.4636E-01 -0.5313E-01 -0.5608E-01 -0.5813E-01
     25.4743      320.0000  0.4462E-01  0.4640E-01  0.4774E-01  0.4869E-01  0.4876E-01  0.4633E-01  0.4096E-01  0.3439E-01  0.2874E-01  0.2509E-01  0.2314E-01  0.2026E-01  0.1666E-01  0.1224E-01  0.6979E-02  0.9545E-03 -0.5673E-02 -0.1294E-01 -0.2084E-01 -0.2929E-01 -0.3813E-01 -0.4675E-01 -0.5494E-01 -0.6177E-01 -0.6487E-01 -0.6724E-01
     25.6098      330.0000  0.3477E-01  0.3662E-01  0.3799E-01  0.3896E-01  0.3902E-01  0.3659E-01  0.3122E-01  0.2462E-01  0.1892E-01  0.1525E-01  0.1331E-01  0.1042E-01  0.6808E-02  0.2378E-02 -0.2890E-02 -0.8922E-02 -0.1555E-01 -0.2282E-01 -0.3072E-01 -0.3916E-01 -0.4800E-01 -0.5663E-01 -0.6484E-01 -0.7173E-01 -0.7495E-01 -0.7757E-01
     25.7453      340.0000  0.2387E-01  0.2577E-01  0.2717E-01  0.2815E-01  0.2821E-01  0.2578E-01  0.2041E-01  0.1378E-01  0.8054E-02  0.4362E-02  0.2417E-02 -0.4701E-03 -0.4091E-02 -0.8528E-02 -0.1380E-01 -0.1984E-01 -0.2647E-01 -0.3374E-01 -0.4163E-01 -0.5008E-01 -0.5892E-01 -0.6755E-01 -0.7578E-01 -0.8271E-01 -0.8601E-01 -0.8881E-01
     25.8808      350.0000  0.1225E-01  0.1418E-01  0.1560E-01  0.1659E-01  0.1664E-01  0.1421E-01  0.8847E-02  0.2199E-02 -0.3546E-02 -0.7251E-02 -0.9195E-02 -0.1208E-01 -0.1571E-01 -0.2015E-01 -0.2543E-01 -0.3147E-01 -0.3810E-01 -0.4537E-01 -0.5326E-01 -0.6171E-01 -0.7055E-01 -0.7918E-01 -0.8742E-01 -0.9437E-01 -0.9772E-01 -0.1006E+00
     26.0163      360.0000  0.2614E-03  0.2211E-02  0.3636E-02  0.4622E-02  0.4675E-02  0.2246E-02 -0.3118E-02 -0.9772E-02 -0.1552E-01 -0.1923E-01 -0.2118E-01 -0.2407E-01 -0.2769E-01 -0.3213E-01 -0.3741E-01 -0.4346E-01 -0.5009E-01 -0.5736E-01 -0.6525E-01 -0.7369E-01 -0.8253E-01 -0.9117E-01 -0.9941E-01 -0.1064E+00 -0.1097E+00 -0.1127E+00
     26.1518       10.0000 -0.1173E-01 -0.9787E-02 -0.8367E-02 -0.7382E-02 -0.7328E-02 -0.9758E-02 -0.1512E-01 -0.2177E-01 -0.2752E-01 -0.3122E-01 -0.3317E-01 -0.3606E-01 -0.3968E-01 -0.4412E-01 -0.4940E-01 -0.5544E-01 -0.6208E-01 -0.6934E-01 -0.7724E-01 -0.8568E-01 -0.9452E-01 -0.1032E+00 -0.1114E+00 -0.1183E+00 -0.1217E+00 -0.1245E+00
     26.2873       20.0000 -0.2336E-01 -0.2145E-01 -0.2004E-01 -0.1906E-01 -0.1901E-01 -0.2144E-01 -0.2680E-01 -0.3344E-01 -0.3917E-01 -0.4286E-01 -0.4480E-01 -0.4769E-01 -0.5131E-01 -0.5575E-01 -0.6102E-01 -0.6706E-01 -0.7369E-01 -0.8096E-01 -0.8885E-01 -0.9730E-01 -0.1061E+00 -0.1148E+00 -0.1230E+00 -0.1299E+00 -0.1332E+00 -0.1359E+00
     26.4228       30.0000 -0.3427E-01 -0.3241E-01 -0.3104E-01 -0.3007E-01 -0.3001E-01 -0.3244E-01 -0.3780E-01 -0.4442E-01 -0.5011E-01 -0.5379E-01 -0.5573E-01 -0.5862E-01 -0.6223E-01 -0.6666E-01 -0.7193E-01 -0.7796E-01 -0.8459E-01 -0.9186E-01 -0.9976E-01 -0.1082E+00 -0.1170E+00 -0.1257E+00 -0.1339E+00 -0.1408E+00 -0.1440E+00 -0.1464E+00
     26.5583       40.0000 -0.4415E-01 -0.4236E-01 -0.4102E-01 -0.4006E-01 -0.3999E-01 -0.4242E-01 -0.4779E-01 -0.5437E-01 -0.6003E-01 -0.6367E-01 -0.6562E-01 -0.6850E-01 -0.7211E-01 -0.7653E-01 -0.8179E-01 -0.8781E-01 -0.9444E-01 -0.1017E+00 -0.1096E+00 -0.1181E+00 -0.1269E+00 -0.1355E+00 -0.1437E+00 -0.1505E+00 -0.1536E+00 -0.1558E+00
     26.6938       50.0000 -0.5268E-01 -0.5098E-01 -0.4968E-01 -0.4874E-01 -0.4867E-01 -0.5110E-01 -0.5647E-01 -0.6301E-01 -0.6861E-01 -0.7222E-01 -0.7417E-01 -0.7705E-01 -0.8064E-01 -0.8505E-01 -0.9030E-01 -0.9631E-01 -0.1029E+00 -0.1102E+00 -0.1181E+00 -0.1266E+00 -0.1354E+00 -0.1440E+00 -0.1522E+00 -0.1589E+00 -0.1618E+00 -0.1637E+00
     26.8293       60.0000 -0.5960E-01 -0.5801E-01 -0.5676E-01 -0.5585E-01 -0.5576E-01 -0.5819E-01 -0.6356E-01 -0.7005E-01 -0.7559E-01 -0.7916E-01 -0.8112E-01 -0.8399E-01 -0.8757E-01 -0.9196E-01 -0.9720E-01 -0.1032E+00 -0.1098E+00 -0.1171E+00 -0.1250E+00 -0.1334E+00 -0.1423E+00 -0.1509E+00 -0.1590E+00 -0.1657E+00 -0.1684E+00 -0.1698E+00
     26.9648       70.0000 -0.6472E-01 -0.6323E-01 -0.6205E-01 -0.6115E-01 -0.6105E-01 -0.6348E-01 -0.6886E-01 -0.7529E-01 -0.8076E-01 -0.8429E-01 -0.8625E-01 -0.8911E-01 -0.9268E-01 -0.9705E-01 -0.1023E+00 -0.1083E+00 -0.1149E+00 -0.1221E+00 -0.1300E+00 -0.1385E+00 -0.1473E+00 -0.1559E+00 -0.1640E+00 -0.1706E+00 -0.1731E+00 -0.1741E+00
     27.1003       80.0000 -0.6785E-01 -0.6649E-01 -0.6537E-01 -0.6450E-01 -0.6439E-01 -0.6681E-01 -0.7219E-01 -0.7857E-01 -0.8396E-01 -0.8744E-01 -0.8941E-01 -0.9226E-01 -0.9581E-01 -0.1002E+00 -0.1054E+00 -0.1113E+00 -0.1179E+00 -0.1252E+00 -0.1331E+00 -0.1416E+00 -0.1504E+00 -0.1590E+00 -0.1670E+00 -0.1735E+00 -0.1758E+00 -0.1763E+00
     27.2358       90.0000 -0.6892E-01 -0.6768E-01 -0.6663E-01 -0.6578E-01 -0.6566E-01 -0.6809E-01 -0.7346E-01 -0.7978E-01 -0.8510E-01 -0.8852E-01 -0.9049E-01 -0.9333E-01 -0.9687E-01 -0.1012E+00 -0.1064E+00 -0.1123E+00 -0.1189E+00 -0.1262E+00 -0.1341E+00 -0.1425E+00 -0.1514E+00 -0.1599E+00 -0.1679E+00 -0.1743E+00 -0.1764E+00 -0.1764E+00
     27.3713      100.0000 -0.6789E-01 -0.6677E-01 -0.6579E-01 -0.6497E-01 -0.6483E-01 -0.6725E-01 -0.7263E-01 -0.7888E-01 -0.8412E-01 -0.8750E-01 -0.8947E-01 -0.9230E-01 -0.9582E-01 -0.1001E+00 -0.1053E+00 -0.1112E+00 -0.1178E+00 -0.1251E+00 -0.1330E+00 -0.1414E+00 -0.1502E+00 -0.1588E+00 -0.1667E+00 -0.1730E+00 -0.1749E+00 -0.1744E+00
     27.5068      110.0000 -0.6479E-01 -0.6379E-01 -0.6287E-01 -0.6207E-01 -0.6192E-01 -0.6435E-01 -0.6972E-01 -0.7591E-01 -0.8108E-01 -0.8440E-01 -0.8638E-01 -0.8919E-01 -0.9269E-01 -0.9699E-01 -0.1021E+00 -0.1081E+00 -0.1146E+00 -0.1219E+00 -0.1298E+00 -0.1382E+00 -0.1470E+00 -0.1556E+00 -0.1634E+00 -0.1696E+00 -0.1713E+00 -0.1704E+00
     27.6423      120.0000 -0.5971E-01 -0.5883E-01 -0.5797E-01 -0.5719E-01 -0.5703E-01 -0.5945E-01 -0.6483E-01 -0.7096E-01 -0.7605E-01 -0.7932E-01 -0.8130E-01 -0.8411E-01 -0.8759E-01 -0.9187E-01 -0.9700E-01 -0.1029E+00 -0.1095E+00 -0.1167E+00 -0.1246E+00 -0.1330E+00 -0.1418E+00 -0.1503E+00 -0.1582E+00 -0.1643E+00 -0.1657E+00 -0.1644E+00
     27.7778      130.0000 -0.5281E-01 -0.5203E-01 -0.5123E-01 -0.5048E-01 -0.5030E-01 -0.5272E-01 -0.5809E-01 -0.6417E-01 -0.6919E-01 -0.7242E-01 -0.7441E-01 -0.7721E-01 -0.8068E-01 -0.8494E-01 -0.9004E-01 -0.9593E-01 -0.1025E+00 -0.1097E+00 -0.1176E+00 -0.1260E+00 -0.1348E+00 -0.1433E+00 -0.1511E+00 -0.1571E+00 -0.1584E+00 -0.1567E+00
     27.9133      140.0000 -0.4431E-01 -0.4362E-01 -0.4286E-01 -0.4213E-01 -0.4195E-01 -0.4436E-01 -0.4973E-01 -0.5576E-01 -0.6073E-01 -0.6392E-01 -0.6590E-01 -0.6869E-01 -0.7215E-01 -0.7639E-01 -0.8148E-01 -0.8736E-01 -0.9388E-01 -0.1011E+00 -0.1090E+00 -0.1174E+00 -0.1262E+00 -0.1347E+00 -0.1425E+00 -0.1484E+00 -0.1495E+00 -0.1475E+00
     28.0488      150.0000 -0.3445E-01 -0.3384E-01 -0.3312E-01 -0.3240E-01 -0.3221E-01 -0.3463E-01 -0.3999E-01 -0.4598E-01 -0.5090E-01 -0.5406E-01 -0.5605E-01 -0.5883E-01 -0.6228E-01 -0.6651E-01 -0.7159E-01 -0.7745E-01 -0.8397E-01 -0.9117E-01 -0.9905E-01 -0.1075E+00 -0.1163E+00 -0.1247E+00 -0.1325E+00 -0.1383E+00 -0.1394E+00 -0.1371E+00
     28.1843      160.0000 -0.2355E-01 -0.2299E-01 -0.2230E-01 -0.2159E-01 -0.2140E-01 -0.2381E-01 -0.2918E-01 -0.3514E-01 -0.4002E-01 -0.4316E-01 -0.4515E-01 -0.4793E-01 -0.5136E-01 -0.5558E-01 -0.6065E-01 -0.6650E-01 -0.7301E-01 -0.8022E-01 -0.8809E-01 -0.9654E-01 -0.1053E+00 -0.1138E+00 -0.1215E+00 -0.1273E+00 -0.1283E+00 -0.1258E+00
     28.3198      170.0000 -0.1193E-01 -0.1140E-01 -0.1073E-01 -0.1003E-01 -0.9835E-02 -0.1225E-01 -0.1761E-01 -0.2355E-01 -0.2841E-01 -0.3154E-01 -0.3353E-01 -0.3630E-01 -0.3973E-01 -0.4395E-01 -0.4901E-01 -0.5486E-01 -0.6136E-01 -0.6856E-01 -0.7644E-01 -0.8488E-01 -0.9367E-01 -0.1021E+00 -0.1098E+00 -0.1156E+00 -0.1165E+00 -0.1140E+00
     28.4553      180.0000  0.5193E-04  0.5699E-03  0.1242E-02  0.2125E-02  0.2130E-02 -0.2846E-03 -0.5643E-02 -0.1158E-01 -0.1643E-01 -0.1955E-01 -0.2154E-01 -0.2432E-01 -0.2774E-01 -0.3196E-01 -0.3702E-01 -0.4286E-01 -0.4937E-01 -0.5657E-01 -0.6444E-01 -0.7288E-01 -0.8167E-01 -0.9010E-01 -0.9781E-01 -0.1036E+00 -0.1045E+00 -0.1019E+00
     28.5908      190.0000  0.1204E-01  0.1257E-01  0.1325E-01  0.1413E-01  0.1413E-01  0.1172E-01  0.6360E-02  0.4199E-03 -0.4440E-02 -0.7565E-02 -0.9554E-02 -0.1233E-01 -0.1576E-01 -0.1997E-01 -0.2504E-01 -0.3089E-01 -0.3739E-01 -0.4459E-01 -0.5246E-01 -0.6091E-01 -0.6969E-01 -0.7813E-01 -0.8585E-01 -0.9161E-01 -0.9256E-01 -0.9007E-01
     28.7263      200.0000  0.2367E-01  0.2423E-01  0.2491E-01  0.2562E-01  0.2581E-01  0.2340E-01  0.1804E-01  0.1208E-01  0.7201E-02  0.4062E-02  0.2074E-02 -0.7051E-03 -0.4140E-02 -0.8361E-02 -0.1343E-01 -0.1928E-01 -0.2579E-01 -0.3300E-01 -0.4087E-01 -0.4932E-01 -0.5811E-01 -0.6655E-01 -0.7428E-01 -0.8008E-01 -0.8108E-01 -0.7875E-01
     28.8618      210.0000  0.3459E-01  0.3520E-01  0.3591E-01  0.3663E-01  0.3682E-01  0.3440E-01  0.2904E-01  0.2305E-01  0.1814E-01  0.1498E-01  0.1299E-01  0.1021E-01  0.6763E-02  0.2532E-02 -0.2547E-02 -0.8410E-02 -0.1493E-01 -0.2214E-01 -0.3001E-01 -0.3846E-01 -0.4726E-01 -0.5571E-01 -0.6346E-01 -0.6931E-01 -0.7041E-01 -0.6831E-01
     28.9973      220.0000  0.4446E-01  0.4514E-01  0.4589E-01  0.4662E-01  0.4681E-01  0.4439E-01  0.3902E-01  0.3300E-01  0.2804E-01  0.2485E-01  0.2286E-01  0.2007E-01  0.1662E-01  0.1237E-01  0.7282E-02  0.1407E-02 -0.5120E-02 -0.1233E-01 -0.2022E-01 -0.2867E-01 -0.3747E-01 -0.4594E-01 -0.5372E-01 -0.5963E-01 -0.6086E-01 -0.5905E-01
     29.1328      230.0000  0.5299E-01  0.5376E-01  0.5456E-01  0.5531E-01  0.5548E-01  0.5306E-01  0.4769E-01  0.4163E-01  0.3661E-01  0.3338E-01  0.3140E-01  0.2860E-01  0.2513E-01  0.2087E-01  0.1576E-01  0.9871E-02  0.3333E-02 -0.3889E-02 -0.1177E-01 -0.2023E-01 -0.2904E-01 -0.3752E-01 -0.4534E-01 -0.5133E-01 -0.5271E-01 -0.5126E-01
     29.2683      240.0000  0.5992E-01  0.6079E-01  0.6164E-01  0.6241E-01  0.6257E-01  0.6015E-01  0.5478E-01  0.4866E-01  0.4358E-01  0.4031E-01  0.3833E-01  0.3552E-01  0.3203E-01  0.2776E-01  0.2263E-01  0.1672E-01  0.1017E-01  0.2945E-02 -0.4946E-02 -0.1340E-01 -0.2222E-01 -0.3072E-01 -0.3858E-01 -0.4466E-01 -0.4622E-01 -0.4518E-01
     29.4038      250.0000  0.6503E-01  0.6602E-01  0.6693E-01  0.6772E-01  0.6787E-01  0.6545E-01  0.6008E-01  0.5390E-01  0.4874E-01  0.4542E-01  0.4344E-01  0.4062E-01  0.3712E-01  0.3283E-01  0.2768E-01  0.2176E-01  0.1520E-01  0.7959E-02  0.6456E-04 -0.8397E-02 -0.1722E-01 -0.2574E-01 -0.3364E-01 -0.3982E-01 -0.4158E-01 -0.4098E-01
     29.5393      260.0000  0.6817E-01  0.6928E-01  0.7025E-01  0.7107E-01  0.7121E-01  0.6878E-01  0.6341E-01  0.5717E-01  0.5193E-01  0.4856E-01  0.4659E-01  0.4376E-01  0.4024E-01  0.3593E-01  0.3076E-01  0.2482E-01  0.1825E-01  0.1100E-01  0.3104E-02 -0.5359E-02 -0.1419E-01 -0.2273E-01 -0.3068E-01 -0.3696E-01 -0.3892E-01 -0.3879E-01
     29.6748      270.0000  0.6924E-01  0.7047E-01  0.7151E-01  0.7235E-01  0.7248E-01  0.7005E-01  0.6468E-01  0.5837E-01  0.5306E-01  0.4964E-01  0.4767E-01  0.4483E-01  0.4130E-01  0.3696E-01  0.3178E-01  0.2582E-01  0.1923E-01  0.1198E-01  0.4080E-02 -0.4384E-02 -0.1322E-01 -0.2177E-01 -0.2977E-01 -0.3616E-01 -0.3833E-01 -0.3867E-01
     29.8103      280.0000  0.6820E-01  0.6956E-01  0.7067E-01  0.7154E-01  0.7165E-01  0.6922E-01  0.6385E-01  0.5748E-01  0.5209E-01  0.4862E-01  0.4665E-01  0.4380E-01  0.4025E-01  0.3589E-01  0.3069E-01  0.2472E-01  0.1812E-01  0.1086E-01  0.2963E-02 -0.5500E-02 -0.1434E-01 -0.2291E-01 -0.3095E-01 -0.3744E-01 -0.3983E-01 -0.4064E-01
     29.9458      290.0000  0.6510E-01  0.6658E-01  0.6775E-01  0.6864E-01  0.6874E-01  0.6632E-01  0.6094E-01  0.5452E-01  0.4905E-01  0.4553E-01  0.4357E-01  0.4071E-01  0.3714E-01  0.3277E-01  0.2755E-01  0.2156E-01  0.1495E-01  0.7688E-02 -0.2124E-03 -0.8674E-02 -0.1751E-01 -0.2610E-01 -0.3419E-01 -0.4078E-01 -0.4336E-01 -0.4463E-01
