Time history of radial distribution for BEM variable: Cn[-] for blade 3
                          rCurvi[m] (curvilinear radial distance)
                                0.7893      2.3679      3.9465      5.5252      7.1038      8.6824     10.2610     11.8396     13.4183     14.9969     16.5755     18.1541     19.7327     21.3114     22.8900     24.4686     26.0472     27.6258     29.2045     30.7831     32.3617     33.9403     35.5189     37.0976     38.2815     39.0708
                          zB[m] (radial coordinate along blade axis)
     time[s]  azimuth[deg]      0.1833      1.7550      3.3298      4.9068      6.4848      8.0632      9.6424     11.2249     12.8084     14.3901     15.9679     17.5464     19.1248     20.7032     22.2813     23.8593     25.4367     27.0133     28.5891     30.1640     31.7379     33.3108     34.8828     36.4546     37.6318     38.4135
      0.0000      120.0000  0.5792E+00  0.5368E+00  0.6272E+00  0.8222E+00  0.9192E+00  0.9545E+00  0.9805E+00  0.9430E+00  0.9249E+00  0.9034E+00  0.8959E+00  0.8821E+00  0.8844E+00  0.8905E+00  0.8898E+00  0.8846E+00  0.8740E+00  0.8556E+00  0.8265E+00  0.8160E+00  0.8185E+00  0.8311E+00  0.8465E+00  0.8566E+00  0.8366E+00  0.5719E+00
      0.1355      130.0000  0.5809E+00  0.5392E+00  0.6286E+00  0.8258E+00  0.9268E+00  0.9576E+00  0.9865E+00  0.9487E+00  0.9301E+00  0.9081E+00  0.8998E+00  0.8856E+00  0.8874E+00  0.8934E+00  0.8927E+00  0.8874E+00  0.8766E+00  0.8576E+00  0.8280E+00  0.8171E+00  0.8193E+00  0.8323E+00  0.8475E+00  0.8575E+00  0.8375E+00  0.5732E+00
      0.2710      140.0000  0.5823E+00  0.5411E+00  0.6325E+00  0.8327E+00  0.9354E+00  0.9651E+00  0.9942E+00  0.9548E+00  0.9354E+00  0.9126E+00  0.9038E+00  0.8890E+00  0.8906E+00  0.8964E+00  0.8956E+00  0.8902E+00  0.8791E+00  0.8595E+00  0.8293E+00  0.8179E+00  0.8198E+00  0.8333E+00  0.8472E+00  0.8538E+00  0.8380E+00  0.5743E+00
      0.4065      150.0000  0.5834E+00  0.5427E+00  0.6363E+00  0.8392E+00  0.9430E+00  0.9722E+00  0.1001E+01  0.9597E+00  0.9399E+00  0.9165E+00  0.9072E+00  0.8922E+00  0.8935E+00  0.8992E+00  0.8983E+00  0.8927E+00  0.8812E+00  0.8611E+00  0.8304E+00  0.8184E+00  0.8198E+00  0.8337E+00  0.8473E+00  0.8539E+00  0.8381E+00  0.5752E+00
      0.5420      160.0000  0.5841E+00  0.5438E+00  0.6390E+00  0.8441E+00  0.9490E+00  0.9773E+00  0.1006E+01  0.9632E+00  0.9431E+00  0.9195E+00  0.9100E+00  0.8948E+00  0.8960E+00  0.9048E+00  0.9005E+00  0.8947E+00  0.8828E+00  0.8625E+00  0.8312E+00  0.8185E+00  0.8194E+00  0.8334E+00  0.8468E+00  0.8532E+00  0.8377E+00  0.5759E+00
      0.6775      170.0000  0.5846E+00  0.5446E+00  0.6404E+00  0.8469E+00  0.9528E+00  0.9801E+00  0.1008E+01  0.9650E+00  0.9450E+00  0.9214E+00  0.9119E+00  0.8967E+00  0.8978E+00  0.9062E+00  0.9022E+00  0.8961E+00  0.8839E+00  0.8634E+00  0.8316E+00  0.8184E+00  0.8186E+00  0.8326E+00  0.8459E+00  0.8526E+00  0.8370E+00  0.5764E+00
      0.8130      180.0000  0.5848E+00  0.5450E+00  0.6404E+00  0.8475E+00  0.9546E+00  0.9807E+00  0.1009E+01  0.9651E+00  0.9455E+00  0.9222E+00  0.9129E+00  0.8978E+00  0.8990E+00  0.9072E+00  0.9033E+00  0.8970E+00  0.8845E+00  0.8638E+00  0.8317E+00  0.8180E+00  0.8177E+00  0.8303E+00  0.8444E+00  0.8510E+00  0.8360E+00  0.5766E+00
      0.9485      190.0000  0.5846E+00  0.5450E+00  0.6390E+00  0.8462E+00  0.9542E+00  0.9792E+00  0.1007E+01  0.9637E+00  0.9446E+00  0.9219E+00  0.9129E+00  0.8980E+00  0.8995E+00  0.9075E+00  0.9037E+00  0.8972E+00  0.8845E+00  0.8637E+00  0.8305E+00  0.8175E+00  0.8166E+00  0.8289E+00  0.8427E+00  0.8493E+00  0.8348E+00  0.5767E+00
      1.0840      200.0000  0.5842E+00  0.5444E+00  0.6344E+00  0.8417E+00  0.9518E+00  0.9758E+00  0.1004E+01  0.9608E+00  0.9453E+00  0.9213E+00  0.9124E+00  0.8974E+00  0.8991E+00  0.9073E+00  0.9035E+00  0.8969E+00  0.8841E+00  0.8633E+00  0.8303E+00  0.8169E+00  0.8156E+00  0.8274E+00  0.8409E+00  0.8474E+00  0.8336E+00  0.5766E+00
      1.2195      210.0000  0.5834E+00  0.5434E+00  0.6311E+00  0.8371E+00  0.9476E+00  0.9708E+00  0.9991E+00  0.9565E+00  0.9416E+00  0.9186E+00  0.9104E+00  0.8960E+00  0.8980E+00  0.9063E+00  0.9027E+00  0.8961E+00  0.8831E+00  0.8626E+00  0.8301E+00  0.8164E+00  0.8146E+00  0.8257E+00  0.8391E+00  0.8457E+00  0.8323E+00  0.5763E+00
      1.3550      220.0000  0.5823E+00  0.5419E+00  0.6272E+00  0.8312E+00  0.9417E+00  0.9645E+00  0.9928E+00  0.9511E+00  0.9369E+00  0.9150E+00  0.9076E+00  0.8937E+00  0.8962E+00  0.9047E+00  0.9013E+00  0.8947E+00  0.8818E+00  0.8616E+00  0.8297E+00  0.8160E+00  0.8139E+00  0.8242E+00  0.8374E+00  0.8441E+00  0.8312E+00  0.5759E+00
      1.4905      230.0000  0.5809E+00  0.5400E+00  0.6228E+00  0.8245E+00  0.9346E+00  0.9572E+00  0.9854E+00  0.9447E+00  0.9311E+00  0.9105E+00  0.9038E+00  0.8907E+00  0.8936E+00  0.9022E+00  0.8993E+00  0.8928E+00  0.8800E+00  0.8614E+00  0.8293E+00  0.8157E+00  0.8134E+00  0.8227E+00  0.8360E+00  0.8428E+00  0.8302E+00  0.5754E+00
      1.6260      240.0000  0.5793E+00  0.5377E+00  0.6182E+00  0.8171E+00  0.9264E+00  0.9493E+00  0.9772E+00  0.9376E+00  0.9248E+00  0.9054E+00  0.8995E+00  0.8870E+00  0.8905E+00  0.8992E+00  0.8968E+00  0.8905E+00  0.8780E+00  0.8603E+00  0.8289E+00  0.8155E+00  0.8131E+00  0.8214E+00  0.8348E+00  0.8417E+00  0.8293E+00  0.5748E+00
      1.7615      250.0000  0.5774E+00  0.5351E+00  0.6136E+00  0.8094E+00  0.9175E+00  0.9411E+00  0.9687E+00  0.9300E+00  0.9182E+00  0.8997E+00  0.8946E+00  0.8828E+00  0.8869E+00  0.8959E+00  0.8940E+00  0.8879E+00  0.8756E+00  0.8591E+00  0.8283E+00  0.8153E+00  0.8130E+00  0.8202E+00  0.8338E+00  0.8409E+00  0.8287E+00  0.5741E+00
      1.8970      260.0000  0.5753E+00  0.5322E+00  0.6091E+00  0.8016E+00  0.9082E+00  0.9329E+00  0.9599E+00  0.9222E+00  0.9113E+00  0.8937E+00  0.8894E+00  0.8783E+00  0.8829E+00  0.8923E+00  0.8907E+00  0.8850E+00  0.8731E+00  0.8576E+00  0.8277E+00  0.8151E+00  0.8129E+00  0.8194E+00  0.8329E+00  0.8399E+00  0.8281E+00  0.5733E+00
      2.0325      270.0000  0.5731E+00  0.5291E+00  0.6049E+00  0.7941E+00  0.8987E+00  0.9249E+00  0.9511E+00  0.9144E+00  0.9044E+00  0.8876E+00  0.8840E+00  0.8735E+00  0.8787E+00  0.8885E+00  0.8873E+00  0.8818E+00  0.8703E+00  0.8560E+00  0.8269E+00  0.8148E+00  0.8128E+00  0.8185E+00  0.8323E+00  0.8395E+00  0.8276E+00  0.5724E+00
      2.1680      280.0000  0.5708E+00  0.5260E+00  0.6012E+00  0.7869E+00  0.8894E+00  0.9175E+00  0.9426E+00  0.9069E+00  0.8976E+00  0.8815E+00  0.8786E+00  0.8687E+00  0.8744E+00  0.8848E+00  0.8837E+00  0.8786E+00  0.8675E+00  0.8542E+00  0.8258E+00  0.8143E+00  0.8125E+00  0.8176E+00  0.8317E+00  0.8392E+00  0.8272E+00  0.5714E+00
      2.3035      290.0000  0.5685E+00  0.5229E+00  0.5979E+00  0.7804E+00  0.8806E+00  0.9109E+00  0.9346E+00  0.8998E+00  0.8912E+00  0.8756E+00  0.8733E+00  0.8639E+00  0.8701E+00  0.8810E+00  0.8801E+00  0.8753E+00  0.8646E+00  0.8522E+00  0.8245E+00  0.8135E+00  0.8120E+00  0.8167E+00  0.8313E+00  0.8394E+00  0.8267E+00  0.5704E+00
      2.4390      300.0000  0.5663E+00  0.5200E+00  0.5952E+00  0.7746E+00  0.8723E+00  0.9053E+00  0.9272E+00  0.8934E+00  0.8853E+00  0.8702E+00  0.8683E+00  0.8594E+00  0.8659E+00  0.8773E+00  0.8765E+00  0.8720E+00  0.8618E+00  0.8499E+00  0.8229E+00  0.8124E+00  0.8112E+00  0.8155E+00  0.8308E+00  0.8390E+00  0.8262E+00  0.5693E+00
      2.5745      310.0000  0.5642E+00  0.5173E+00  0.5931E+00  0.7697E+00  0.8649E+00  0.9009E+00  0.9208E+00  0.8878E+00  0.8800E+00  0.8652E+00  0.8638E+00  0.8553E+00  0.8621E+00  0.8737E+00  0.8731E+00  0.8689E+00  0.8590E+00  0.8464E+00  0.8210E+00  0.8110E+00  0.8101E+00  0.8145E+00  0.8301E+00  0.8385E+00  0.8256E+00  0.5681E+00
      2.7100      320.0000  0.5624E+00  0.5150E+00  0.5916E+00  0.7658E+00  0.8586E+00  0.8978E+00  0.9154E+00  0.8832E+00  0.8759E+00  0.8611E+00  0.8599E+00  0.8516E+00  0.8586E+00  0.8704E+00  0.8700E+00  0.8660E+00  0.8563E+00  0.8439E+00  0.8189E+00  0.8093E+00  0.8088E+00  0.8134E+00  0.8293E+00  0.8379E+00  0.8249E+00  0.5669E+00
      2.8455      330.0000  0.5609E+00  0.5131E+00  0.5908E+00  0.7629E+00  0.8534E+00  0.8961E+00  0.9111E+00  0.8796E+00  0.8725E+00  0.8577E+00  0.8567E+00  0.8485E+00  0.8557E+00  0.8675E+00  0.8672E+00  0.8634E+00  0.8540E+00  0.8415E+00  0.8167E+00  0.8074E+00  0.8072E+00  0.8123E+00  0.8285E+00  0.8372E+00  0.8242E+00  0.5658E+00
      2.9810      340.0000  0.5598E+00  0.5118E+00  0.5908E+00  0.7613E+00  0.8496E+00  0.8959E+00  0.9083E+00  0.8773E+00  0.8701E+00  0.8552E+00  0.8542E+00  0.8462E+00  0.8533E+00  0.8651E+00  0.8649E+00  0.8612E+00  0.8519E+00  0.8391E+00  0.8143E+00  0.8053E+00  0.8054E+00  0.8112E+00  0.8277E+00  0.8366E+00  0.8234E+00  0.5647E+00
      3.1165      350.0000  0.5591E+00  0.5110E+00  0.5935E+00  0.7620E+00  0.8472E+00  0.8971E+00  0.9068E+00  0.8762E+00  0.8658E+00  0.8528E+00  0.8522E+00  0.8445E+00  0.8516E+00  0.8602E+00  0.8631E+00  0.8595E+00  0.8503E+00  0.8370E+00  0.8121E+00  0.8032E+00  0.8037E+00  0.8104E+00  0.8270E+00  0.8360E+00  0.8228E+00  0.5637E+00
      3.2520      360.0000  0.5589E+00  0.5108E+00  0.5949E+00  0.7628E+00  0.8463E+00  0.8997E+00  0.9069E+00  0.8764E+00  0.8659E+00  0.8524E+00  0.8515E+00  0.8436E+00  0.8506E+00  0.8594E+00  0.8619E+00  0.8582E+00  0.8491E+00  0.8351E+00  0.8101E+00  0.8014E+00  0.8022E+00  0.8098E+00  0.8264E+00  0.8355E+00  0.8223E+00  0.5629E+00
      3.3875       10.0000  0.5591E+00  0.5112E+00  0.5972E+00  0.7649E+00  0.8471E+00  0.9036E+00  0.9085E+00  0.8780E+00  0.8671E+00  0.8529E+00  0.8517E+00  0.8435E+00  0.8503E+00  0.8592E+00  0.8613E+00  0.8576E+00  0.8485E+00  0.8336E+00  0.8084E+00  0.7998E+00  0.8010E+00  0.8095E+00  0.8262E+00  0.8354E+00  0.8221E+00  0.5623E+00
      3.5230       20.0000  0.5598E+00  0.5122E+00  0.6004E+00  0.7683E+00  0.8494E+00  0.9088E+00  0.9116E+00  0.8808E+00  0.8692E+00  0.8544E+00  0.8528E+00  0.8442E+00  0.8507E+00  0.8595E+00  0.8613E+00  0.8576E+00  0.8484E+00  0.8327E+00  0.8072E+00  0.7986E+00  0.8002E+00  0.8108E+00  0.8262E+00  0.8351E+00  0.8222E+00  0.5620E+00
      3.6585       30.0000  0.5609E+00  0.5138E+00  0.6044E+00  0.7731E+00  0.8533E+00  0.9152E+00  0.9162E+00  0.8848E+00  0.8724E+00  0.8568E+00  0.8546E+00  0.8457E+00  0.8518E+00  0.8604E+00  0.8620E+00  0.8582E+00  0.8490E+00  0.8323E+00  0.8077E+00  0.7980E+00  0.8000E+00  0.8113E+00  0.8269E+00  0.8359E+00  0.8226E+00  0.5619E+00
      3.7940       40.0000  0.5624E+00  0.5158E+00  0.6091E+00  0.7792E+00  0.8588E+00  0.9226E+00  0.9222E+00  0.8900E+00  0.8766E+00  0.8602E+00  0.8573E+00  0.8478E+00  0.8535E+00  0.8622E+00  0.8633E+00  0.8594E+00  0.8502E+00  0.8326E+00  0.8075E+00  0.7980E+00  0.8005E+00  0.8124E+00  0.8280E+00  0.8371E+00  0.8234E+00  0.5622E+00
      3.9295       50.0000  0.5642E+00  0.5182E+00  0.6145E+00  0.7864E+00  0.8657E+00  0.9309E+00  0.9294E+00  0.8962E+00  0.8817E+00  0.8643E+00  0.8607E+00  0.8506E+00  0.8559E+00  0.8645E+00  0.8652E+00  0.8613E+00  0.8519E+00  0.8336E+00  0.8080E+00  0.7986E+00  0.8015E+00  0.8141E+00  0.8307E+00  0.8428E+00  0.8247E+00  0.5628E+00
      4.0650       60.0000  0.5662E+00  0.5209E+00  0.6204E+00  0.7947E+00  0.8739E+00  0.9399E+00  0.9376E+00  0.9032E+00  0.8876E+00  0.8691E+00  0.8647E+00  0.8540E+00  0.8588E+00  0.8672E+00  0.8677E+00  0.8636E+00  0.8542E+00  0.8352E+00  0.8092E+00  0.7999E+00  0.8031E+00  0.8161E+00  0.8327E+00  0.8445E+00  0.8262E+00  0.5636E+00
      4.2005       70.0000  0.5684E+00  0.5237E+00  0.6267E+00  0.8037E+00  0.8831E+00  0.9494E+00  0.9467E+00  0.9109E+00  0.8941E+00  0.8744E+00  0.8692E+00  0.8579E+00  0.8622E+00  0.8704E+00  0.8706E+00  0.8664E+00  0.8569E+00  0.8373E+00  0.8108E+00  0.8016E+00  0.8051E+00  0.8185E+00  0.8351E+00  0.8466E+00  0.8280E+00  0.5647E+00
      4.3360       80.0000  0.5707E+00  0.5267E+00  0.6332E+00  0.8134E+00  0.8932E+00  0.9590E+00  0.9564E+00  0.9190E+00  0.9012E+00  0.8803E+00  0.8742E+00  0.8621E+00  0.8660E+00  0.8739E+00  0.8739E+00  0.8696E+00  0.8600E+00  0.8398E+00  0.8129E+00  0.8037E+00  0.8074E+00  0.8212E+00  0.8377E+00  0.8489E+00  0.8299E+00  0.5660E+00
      4.4715       90.0000  0.5730E+00  0.5295E+00  0.6396E+00  0.8233E+00  0.9037E+00  0.9686E+00  0.9663E+00  0.9272E+00  0.9084E+00  0.8863E+00  0.8793E+00  0.8666E+00  0.8700E+00  0.8776E+00  0.8774E+00  0.8731E+00  0.8633E+00  0.8426E+00  0.8153E+00  0.8060E+00  0.8099E+00  0.8240E+00  0.8403E+00  0.8513E+00  0.8319E+00  0.5675E+00
      4.6070      100.0000  0.5752E+00  0.5323E+00  0.6457E+00  0.8332E+00  0.9143E+00  0.9778E+00  0.9761E+00  0.9353E+00  0.9155E+00  0.8924E+00  0.8846E+00  0.8713E+00  0.8742E+00  0.8816E+00  0.8812E+00  0.8767E+00  0.8667E+00  0.8458E+00  0.8179E+00  0.8084E+00  0.8123E+00  0.8266E+00  0.8427E+00  0.8535E+00  0.8337E+00  0.5690E+00
      4.7425      110.0000  0.5773E+00  0.5349E+00  0.6514E+00  0.8427E+00  0.9248E+00  0.9864E+00  0.9855E+00  0.9431E+00  0.9220E+00  0.8983E+00  0.8898E+00  0.8759E+00  0.8784E+00  0.8852E+00  0.8850E+00  0.8803E+00  0.8701E+00  0.8490E+00  0.8205E+00  0.8107E+00  0.8145E+00  0.8290E+00  0.8449E+00  0.8553E+00  0.8353E+00  0.5704E+00
      4.8780      120.0000  0.5792E+00  0.5372E+00  0.6563E+00  0.8513E+00  0.9346E+00  0.9941E+00  0.9941E+00  0.9502E+00  0.9283E+00  0.9039E+00  0.8948E+00  0.8805E+00  0.8826E+00  0.8889E+00  0.8887E+00  0.8838E+00  0.8733E+00  0.8520E+00  0.8229E+00  0.8128E+00  0.8163E+00  0.8309E+00  0.8465E+00  0.8568E+00  0.8366E+00  0.5719E+00
      5.0136      130.0000  0.5809E+00  0.5393E+00  0.6604E+00  0.8587E+00  0.9434E+00  0.1000E+01  0.1002E+01  0.9565E+00  0.9339E+00  0.9090E+00  0.8995E+00  0.8847E+00  0.8865E+00  0.8925E+00  0.8922E+00  0.8871E+00  0.8763E+00  0.8547E+00  0.8251E+00  0.8145E+00  0.8177E+00  0.8323E+00  0.8477E+00  0.8577E+00  0.8376E+00  0.5732E+00
      5.1491      140.0000  0.5823E+00  0.5411E+00  0.6633E+00  0.8645E+00  0.9510E+00  0.1005E+01  0.1008E+01  0.9617E+00  0.9387E+00  0.9135E+00  0.9037E+00  0.8886E+00  0.8901E+00  0.8959E+00  0.8953E+00  0.8901E+00  0.8789E+00  0.8570E+00  0.8269E+00  0.8158E+00  0.8185E+00  0.8333E+00  0.8473E+00  0.8539E+00  0.8380E+00  0.5743E+00
      5.2846      150.0000  0.5834E+00  0.5426E+00  0.6649E+00  0.8687E+00  0.9570E+00  0.1008E+01  0.1013E+01  0.9656E+00  0.9426E+00  0.9173E+00  0.9072E+00  0.8919E+00  0.8933E+00  0.8988E+00  0.8981E+00  0.8926E+00  0.8811E+00  0.8590E+00  0.8284E+00  0.8167E+00  0.8188E+00  0.8336E+00  0.8474E+00  0.8539E+00  0.8381E+00  0.5752E+00
      5.4201      160.0000  0.5841E+00  0.5438E+00  0.6651E+00  0.8709E+00  0.9612E+00  0.1010E+01  0.1016E+01  0.9681E+00  0.9453E+00  0.9201E+00  0.9100E+00  0.8946E+00  0.8958E+00  0.9045E+00  0.9004E+00  0.8946E+00  0.8827E+00  0.8605E+00  0.8295E+00  0.8172E+00  0.8186E+00  0.8333E+00  0.8468E+00  0.8533E+00  0.8377E+00  0.5759E+00
      5.5556      170.0000  0.5846E+00  0.5446E+00  0.6640E+00  0.8711E+00  0.9635E+00  0.1009E+01  0.1017E+01  0.9691E+00  0.9467E+00  0.9218E+00  0.9119E+00  0.8966E+00  0.8978E+00  0.9059E+00  0.9021E+00  0.8961E+00  0.8839E+00  0.8615E+00  0.8302E+00  0.8173E+00  0.8180E+00  0.8325E+00  0.8459E+00  0.8526E+00  0.8370E+00  0.5764E+00
      5.6911      180.0000  0.5848E+00  0.5450E+00  0.6614E+00  0.8693E+00  0.9638E+00  0.1006E+01  0.1016E+01  0.9686E+00  0.9469E+00  0.9225E+00  0.9129E+00  0.8977E+00  0.8990E+00  0.9069E+00  0.9032E+00  0.8969E+00  0.8845E+00  0.8621E+00  0.8305E+00  0.8171E+00  0.8172E+00  0.8302E+00  0.8444E+00  0.8511E+00  0.8360E+00  0.5766E+00
      5.8266      190.0000  0.5846E+00  0.5450E+00  0.6576E+00  0.8656E+00  0.9621E+00  0.1002E+01  0.1014E+01  0.9666E+00  0.9458E+00  0.9221E+00  0.9129E+00  0.8980E+00  0.8994E+00  0.9073E+00  0.9037E+00  0.8972E+00  0.8845E+00  0.8624E+00  0.8295E+00  0.8168E+00  0.8162E+00  0.8289E+00  0.8427E+00  0.8493E+00  0.8348E+00  0.5767E+00
      5.9621      200.0000  0.5842E+00  0.5444E+00  0.6503E+00  0.8587E+00  0.9586E+00  0.9958E+00  0.1010E+01  0.9633E+00  0.9463E+00  0.9215E+00  0.9124E+00  0.8974E+00  0.8991E+00  0.9071E+00  0.9035E+00  0.8969E+00  0.8840E+00  0.8624E+00  0.8296E+00  0.8164E+00  0.8153E+00  0.8273E+00  0.8409E+00  0.8475E+00  0.8336E+00  0.5766E+00
      6.0976      210.0000  0.5834E+00  0.5434E+00  0.6448E+00  0.8520E+00  0.9533E+00  0.9883E+00  0.1004E+01  0.9586E+00  0.9424E+00  0.9187E+00  0.9104E+00  0.8960E+00  0.8980E+00  0.9061E+00  0.9027E+00  0.8961E+00  0.8831E+00  0.8620E+00  0.8294E+00  0.8160E+00  0.8144E+00  0.8257E+00  0.8391E+00  0.8457E+00  0.8323E+00  0.5763E+00
      6.2331      220.0000  0.5823E+00  0.5419E+00  0.6388E+00  0.8441E+00  0.9466E+00  0.9798E+00  0.9971E+00  0.9528E+00  0.9375E+00  0.9151E+00  0.9075E+00  0.8937E+00  0.8962E+00  0.9046E+00  0.9013E+00  0.8947E+00  0.8818E+00  0.8612E+00  0.8292E+00  0.8157E+00  0.8137E+00  0.8241E+00  0.8375E+00  0.8442E+00  0.8312E+00  0.5759E+00
      6.3686      230.0000  0.5809E+00  0.5400E+00  0.6325E+00  0.8355E+00  0.9386E+00  0.9706E+00  0.9891E+00  0.9461E+00  0.9316E+00  0.9106E+00  0.9038E+00  0.8907E+00  0.8936E+00  0.9020E+00  0.8993E+00  0.8928E+00  0.8800E+00  0.8613E+00  0.8289E+00  0.8154E+00  0.8133E+00  0.8227E+00  0.8360E+00  0.8428E+00  0.8302E+00  0.5754E+00
      6.5041      240.0000  0.5793E+00  0.5377E+00  0.6262E+00  0.8265E+00  0.9297E+00  0.9609E+00  0.9804E+00  0.9388E+00  0.9252E+00  0.9054E+00  0.8995E+00  0.8870E+00  0.8905E+00  0.8991E+00  0.8968E+00  0.8905E+00  0.8780E+00  0.8602E+00  0.8285E+00  0.8153E+00  0.8130E+00  0.8213E+00  0.8348E+00  0.8417E+00  0.8293E+00  0.5748E+00
      6.6396      250.0000  0.5774E+00  0.5351E+00  0.6200E+00  0.8173E+00  0.9202E+00  0.9511E+00  0.9714E+00  0.9310E+00  0.9185E+00  0.8997E+00  0.8946E+00  0.8828E+00  0.8869E+00  0.8958E+00  0.8940E+00  0.8879E+00  0.8756E+00  0.8590E+00  0.8280E+00  0.8151E+00  0.8129E+00  0.8202E+00  0.8338E+00  0.8409E+00  0.8287E+00  0.5741E+00
      6.7751      260.0000  0.5753E+00  0.5322E+00  0.6143E+00  0.8082E+00  0.9104E+00  0.9415E+00  0.9622E+00  0.9231E+00  0.9115E+00  0.8937E+00  0.8894E+00  0.8783E+00  0.8829E+00  0.8921E+00  0.8907E+00  0.8850E+00  0.8731E+00  0.8576E+00  0.8274E+00  0.8150E+00  0.8128E+00  0.8193E+00  0.8329E+00  0.8399E+00  0.8281E+00  0.5733E+00
      6.9106      270.0000  0.5731E+00  0.5291E+00  0.6091E+00  0.7995E+00  0.9006E+00  0.9324E+00  0.9531E+00  0.9151E+00  0.9046E+00  0.8876E+00  0.8840E+00  0.8735E+00  0.8787E+00  0.8883E+00  0.8873E+00  0.8818E+00  0.8703E+00  0.8560E+00  0.8266E+00  0.8147E+00  0.8127E+00  0.8184E+00  0.8323E+00  0.8395E+00  0.8276E+00  0.5724E+00
      7.0461      280.0000  0.5708E+00  0.5260E+00  0.6045E+00  0.7915E+00  0.8909E+00  0.9240E+00  0.9443E+00  0.9075E+00  0.8977E+00  0.8815E+00  0.8785E+00  0.8687E+00  0.8744E+00  0.8847E+00  0.8837E+00  0.8786E+00  0.8675E+00  0.8542E+00  0.8256E+00  0.8142E+00  0.8125E+00  0.8175E+00  0.8317E+00  0.8392E+00  0.8272E+00  0.5714E+00
      7.1816      290.0000  0.5685E+00  0.5229E+00  0.6006E+00  0.7841E+00  0.8818E+00  0.9166E+00  0.9360E+00  0.9003E+00  0.8913E+00  0.8756E+00  0.8733E+00  0.8639E+00  0.8701E+00  0.8809E+00  0.8801E+00  0.8753E+00  0.8646E+00  0.8522E+00  0.8244E+00  0.8134E+00  0.8120E+00  0.8166E+00  0.8313E+00  0.8394E+00  0.8267E+00  0.5704E+00
      7.3171      300.0000  0.5663E+00  0.5200E+00  0.5974E+00  0.7777E+00  0.8733E+00  0.9102E+00  0.9284E+00  0.8938E+00  0.8853E+00  0.8701E+00  0.8683E+00  0.8594E+00  0.8659E+00  0.8771E+00  0.8765E+00  0.8720E+00  0.8618E+00  0.8499E+00  0.8228E+00  0.8124E+00  0.8112E+00  0.8155E+00  0.8308E+00  0.8390E+00  0.8262E+00  0.5693E+00
      7.4526      310.0000  0.5642E+00  0.5173E+00  0.5949E+00  0.7723E+00  0.8657E+00  0.9053E+00  0.9217E+00  0.8881E+00  0.8801E+00  0.8652E+00  0.8638E+00  0.8552E+00  0.8621E+00  0.8735E+00  0.8731E+00  0.8689E+00  0.8590E+00  0.8464E+00  0.8209E+00  0.8110E+00  0.8101E+00  0.8144E+00  0.8301E+00  0.8385E+00  0.8256E+00  0.5681E+00
      7.5881      320.0000  0.5624E+00  0.5150E+00  0.5930E+00  0.7679E+00  0.8592E+00  0.9017E+00  0.9161E+00  0.8834E+00  0.8759E+00  0.8611E+00  0.8599E+00  0.8516E+00  0.8586E+00  0.8702E+00  0.8700E+00  0.8660E+00  0.8563E+00  0.8439E+00  0.8188E+00  0.8093E+00  0.8087E+00  0.8133E+00  0.8293E+00  0.8379E+00  0.8249E+00  0.5669E+00
      7.7236      330.0000  0.5609E+00  0.5131E+00  0.5920E+00  0.7647E+00  0.8539E+00  0.8996E+00  0.9118E+00  0.8798E+00  0.8725E+00  0.8577E+00  0.8567E+00  0.8485E+00  0.8557E+00  0.8674E+00  0.8672E+00  0.8634E+00  0.8540E+00  0.8415E+00  0.8166E+00  0.8073E+00  0.8071E+00  0.8122E+00  0.8285E+00  0.8372E+00  0.8242E+00  0.5658E+00
      7.8591      340.0000  0.5598E+00  0.5118E+00  0.5918E+00  0.7628E+00  0.8500E+00  0.8990E+00  0.9088E+00  0.8774E+00  0.8700E+00  0.8552E+00  0.8542E+00  0.8461E+00  0.8533E+00  0.8650E+00  0.8649E+00  0.8612E+00  0.8519E+00  0.8392E+00  0.8143E+00  0.8053E+00  0.8054E+00  0.8112E+00  0.8277E+00  0.8366E+00  0.8234E+00  0.5647E+00
      7.9946      350.0000  0.5591E+00  0.5110E+00  0.5944E+00  0.7633E+00  0.8475E+00  0.8999E+00  0.9073E+00  0.8763E+00  0.8658E+00  0.8528E+00  0.8522E+00  0.8445E+00  0.8516E+00  0.8600E+00  0.8631E+00  0.8595E+00  0.8503E+00  0.8371E+00  0.8121E+00  0.8032E+00  0.8037E+00  0.8103E+00  0.8270E+00  0.8360E+00  0.8228E+00  0.5637E+00
      8.1301      360.0000  0.5589E+00  0.5108E+00  0.5957E+00  0.7639E+00  0.8466E+00  0.9022E+00  0.9072E+00  0.8765E+00  0.8659E+00  0.8523E+00  0.8515E+00  0.8436E+00  0.8506E+00  0.8593E+00  0.8619E+00  0.8582E+00  0.8491E+00  0.8352E+00  0.8100E+00  0.8013E+00  0.8022E+00  0.8097E+00  0.8264E+00  0.8355E+00  0.8223E+00  0.5629E+00
      8.2656       10.0000  0.5591E+00  0.5112E+00  0.5979E+00  0.7658E+00  0.8473E+00  0.9059E+00  0.9088E+00  0.8780E+00  0.8670E+00  0.8529E+00  0.8517E+00  0.8435E+00  0.8503E+00  0.8590E+00  0.8613E+00  0.8576E+00  0.8485E+00  0.8337E+00  0.8084E+00  0.7997E+00  0.8010E+00  0.8095E+00  0.8262E+00  0.8354E+00  0.8221E+00  0.5623E+00
      8.4011       20.0000  0.5598E+00  0.5122E+00  0.6010E+00  0.7691E+00  0.8496E+00  0.9109E+00  0.9118E+00  0.8808E+00  0.8692E+00  0.8544E+00  0.8527E+00  0.8442E+00  0.8507E+00  0.8593E+00  0.8613E+00  0.8576E+00  0.8484E+00  0.8327E+00  0.8071E+00  0.7986E+00  0.8002E+00  0.8108E+00  0.8262E+00  0.8352E+00  0.8222E+00  0.5620E+00
      8.5366       30.0000  0.5609E+00  0.5138E+00  0.6049E+00  0.7738E+00  0.8535E+00  0.9171E+00  0.9164E+00  0.8849E+00  0.8724E+00  0.8568E+00  0.8546E+00  0.8456E+00  0.8518E+00  0.8603E+00  0.8620E+00  0.8582E+00  0.8490E+00  0.8324E+00  0.8076E+00  0.7980E+00  0.8000E+00  0.8113E+00  0.8269E+00  0.8359E+00  0.8226E+00  0.5619E+00
      8.6721       40.0000  0.5624E+00  0.5158E+00  0.6096E+00  0.7798E+00  0.8589E+00  0.9244E+00  0.9223E+00  0.8900E+00  0.8766E+00  0.8601E+00  0.8573E+00  0.8478E+00  0.8535E+00  0.8621E+00  0.8633E+00  0.8594E+00  0.8502E+00  0.8327E+00  0.8075E+00  0.7980E+00  0.8004E+00  0.8124E+00  0.8280E+00  0.8371E+00  0.8234E+00  0.5622E+00
      8.8076       50.0000  0.5642E+00  0.5182E+00  0.6149E+00  0.7870E+00  0.8658E+00  0.9325E+00  0.9295E+00  0.8962E+00  0.8817E+00  0.8642E+00  0.8607E+00  0.8506E+00  0.8559E+00  0.8644E+00  0.8652E+00  0.8613E+00  0.8519E+00  0.8336E+00  0.8080E+00  0.7986E+00  0.8015E+00  0.8141E+00  0.8307E+00  0.8428E+00  0.8247E+00  0.5628E+00
      8.9431       60.0000  0.5662E+00  0.5209E+00  0.6208E+00  0.7952E+00  0.8740E+00  0.9414E+00  0.9377E+00  0.9032E+00  0.8875E+00  0.8691E+00  0.8647E+00  0.8540E+00  0.8588E+00  0.8671E+00  0.8677E+00  0.8636E+00  0.8542E+00  0.8352E+00  0.8091E+00  0.7999E+00  0.8031E+00  0.8161E+00  0.8327E+00  0.8445E+00  0.8262E+00  0.5636E+00
      9.0786       70.0000  0.5684E+00  0.5237E+00  0.6271E+00  0.8042E+00  0.8832E+00  0.9507E+00  0.9468E+00  0.9109E+00  0.8940E+00  0.8744E+00  0.8692E+00  0.8579E+00  0.8622E+00  0.8703E+00  0.8706E+00  0.8665E+00  0.8569E+00  0.8373E+00  0.8108E+00  0.8016E+00  0.8051E+00  0.8185E+00  0.8351E+00  0.8466E+00  0.8280E+00  0.5647E+00
      9.2141       80.0000  0.5707E+00  0.5267E+00  0.6335E+00  0.8138E+00  0.8932E+00  0.9603E+00  0.9564E+00  0.9189E+00  0.9012E+00  0.8803E+00  0.8741E+00  0.8621E+00  0.8660E+00  0.8738E+00  0.8739E+00  0.8696E+00  0.8600E+00  0.8398E+00  0.8129E+00  0.8037E+00  0.8074E+00  0.8212E+00  0.8377E+00  0.8489E+00  0.8299E+00  0.5660E+00
      9.3496       90.0000  0.5730E+00  0.5295E+00  0.6399E+00  0.8237E+00  0.9037E+00  0.9697E+00  0.9663E+00  0.9272E+00  0.9084E+00  0.8863E+00  0.8793E+00  0.8666E+00  0.8700E+00  0.8775E+00  0.8774E+00  0.8731E+00  0.8633E+00  0.8427E+00  0.8153E+00  0.8060E+00  0.8099E+00  0.8240E+00  0.8403E+00  0.8513E+00  0.8319E+00  0.5675E+00
      9.4851      100.0000  0.5752E+00  0.5323E+00  0.6460E+00  0.8335E+00  0.9144E+00  0.9789E+00  0.9761E+00  0.9353E+00  0.9155E+00  0.8924E+00  0.8846E+00  0.8713E+00  0.8742E+00  0.8815E+00  0.8812E+00  0.8767E+00  0.8667E+00  0.8458E+00  0.8179E+00  0.8084E+00  0.8123E+00  0.8266E+00  0.8427E+00  0.8535E+00  0.8337E+00  0.5690E+00
      9.6206      110.0000  0.5773E+00  0.5349E+00  0.6517E+00  0.8430E+00  0.9248E+00  0.9874E+00  0.9855E+00  0.9431E+00  0.9220E+00  0.8982E+00  0.8898E+00  0.8759E+00  0.8784E+00  0.8851E+00  0.8850E+00  0.8803E+00  0.8701E+00  0.8490E+00  0.8205E+00  0.8107E+00  0.8145E+00  0.8290E+00  0.8449E+00  0.8553E+00  0.8353E+00  0.5704E+00
      9.7561      120.0000  0.5792E+00  0.5372E+00  0.6566E+00  0.8516E+00  0.9346E+00  0.9950E+00  0.9941E+00  0.9502E+00  0.9282E+00  0.9039E+00  0.8948E+00  0.8805E+00  0.8826E+00  0.8888E+00  0.8887E+00  0.8838E+00  0.8733E+00  0.8520E+00  0.8229E+00  0.8128E+00  0.8163E+00  0.8309E+00  0.8465E+00  0.8568E+00  0.8366E+00  0.5719E+00
      9.8916      130.0000  0.5809E+00  0.5393E+00  0.6606E+00  0.8589E+00  0.9434E+00  0.1001E+01  0.1002E+01  0.9565E+00  0.9338E+00  0.9090E+00  0.8995E+00  0.8847E+00  0.8865E+00  0.8924E+00  0.8922E+00  0.8871E+00  0.8763E+00  0.8547E+00  0.8251E+00  0.8145E+00  0.8176E+00  0.8323E+00  0.8477E+00  0.8577E+00  0.8376E+00  0.5732E+00
     10.0271      140.0000  0.5823E+00  0.5411E+00  0.6635E+00  0.8648E+00  0.9510E+00  0.1006E+01  0.1008E+01  0.9617E+00  0.9387E+00  0.9135E+00  0.9037E+00  0.8886E+00  0.8901E+00  0.8958E+00  0.8953E+00  0.8901E+00  0.8789E+00  0.8571E+00  0.8269E+00  0.8158E+00  0.8185E+00  0.8333E+00  0.8473E+00  0.8539E+00  0.8380E+00  0.5743E+00
     10.1626      150.0000  0.5834E+00  0.5426E+00  0.6651E+00  0.8689E+00  0.9570E+00  0.1009E+01  0.1013E+01  0.9656E+00  0.9425E+00  0.9172E+00  0.9072E+00  0.8919E+00  0.8933E+00  0.8987E+00  0.8981E+00  0.8926E+00  0.8811E+00  0.8590E+00  0.8284E+00  0.8167E+00  0.8187E+00  0.8336E+00  0.8474E+00  0.8539E+00  0.8381E+00  0.5752E+00
     10.2981      160.0000  0.5841E+00  0.5438E+00  0.6653E+00  0.8711E+00  0.9612E+00  0.1010E+01  0.1016E+01  0.9681E+00  0.9452E+00  0.9200E+00  0.9100E+00  0.8946E+00  0.8958E+00  0.9044E+00  0.9004E+00  0.8946E+00  0.8827E+00  0.8605E+00  0.8295E+00  0.8172E+00  0.8186E+00  0.8333E+00  0.8468E+00  0.8533E+00  0.8377E+00  0.5759E+00
     10.4336      170.0000  0.5846E+00  0.5446E+00  0.6641E+00  0.8713E+00  0.9635E+00  0.1010E+01  0.1017E+01  0.9691E+00  0.9467E+00  0.9218E+00  0.9119E+00  0.8966E+00  0.8978E+00  0.9058E+00  0.9021E+00  0.8961E+00  0.8839E+00  0.8616E+00  0.8302E+00  0.8173E+00  0.8180E+00  0.8325E+00  0.8459E+00  0.8526E+00  0.8370E+00  0.5764E+00
     10.5691      180.0000  0.5848E+00  0.5450E+00  0.6616E+00  0.8695E+00  0.9638E+00  0.1007E+01  0.1016E+01  0.9686E+00  0.9468E+00  0.9225E+00  0.9129E+00  0.8977E+00  0.8990E+00  0.9068E+00  0.9032E+00  0.8969E+00  0.8845E+00  0.8622E+00  0.8305E+00  0.8171E+00  0.8172E+00  0.8302E+00  0.8444E+00  0.8511E+00  0.8360E+00  0.5766E+00
     10.7046      190.0000  0.5846E+00  0.5450E+00  0.6577E+00  0.8657E+00  0.9621E+00  0.1002E+01  0.1014E+01  0.9666E+00  0.9457E+00  0.9221E+00  0.9129E+00  0.8980E+00  0.8994E+00  0.9072E+00  0.9037E+00  0.8972E+00  0.8845E+00  0.8624E+00  0.8295E+00  0.8168E+00  0.8162E+00  0.8289E+00  0.8427E+00  0.8493E+00  0.8348E+00  0.5767E+00
     10.8401      200.0000  0.5842E+00  0.5444E+00  0.6504E+00  0.8588E+00  0.9586E+00  0.9962E+00  0.1010E+01  0.9632E+00  0.9462E+00  0.9214E+00  0.9124E+00  0.8974E+00  0.8991E+00  0.9070E+00  0.9035E+00  0.8969E+00  0.8840E+00  0.8625E+00  0.8295E+00  0.8164E+00  0.8153E+00  0.8273E+00  0.8409E+00  0.8475E+00  0.8336E+00  0.5766E+00
     10.9756      210.0000  0.5834E+00  0.5434E+00  0.6449E+00  0.8521E+00  0.9533E+00  0.9887E+00  0.1004E+01  0.9585E+00  0.9423E+00  0.9187E+00  0.9104E+00  0.8960E+00  0.8980E+00  0.9061E+00  0.9027E+00  0.8961E+00  0.8831E+00  0.8621E+00  0.8294E+00  0.8160E+00  0.8144E+00  0.8257E+00  0.8391E+00  0.8457E+00  0.8323E+00  0.5763E+00
     11.1111      220.0000  0.5823E+00  0.5419E+00  0.6389E+00  0.8442E+00  0.9465E+00  0.9801E+00  0.9971E+00  0.9528E+00  0.9375E+00  0.9151E+00  0.9075E+00  0.8937E+00  0.8962E+00  0.9045E+00  0.9013E+00  0.8947E+00  0.8818E+00  0.8613E+00  0.8292E+00  0.8157E+00  0.8137E+00  0.8241E+00  0.8375E+00  0.8442E+00  0.8312E+00  0.5759E+00
     11.2466      230.0000  0.5809E+00  0.5400E+00  0.6326E+00  0.8356E+00  0.9386E+00  0.9708E+00  0.9891E+00  0.9461E+00  0.9315E+00  0.9106E+00  0.9038E+00  0.8907E+00  0.8936E+00  0.9019E+00  0.8993E+00  0.8928E+00  0.8800E+00  0.8613E+00  0.8289E+00  0.8154E+00  0.8133E+00  0.8226E+00  0.8360E+00  0.8428E+00  0.8302E+00  0.5754E+00
     11.3821      240.0000  0.5793E+00  0.5377E+00  0.6262E+00  0.8265E+00  0.9297E+00  0.9611E+00  0.9804E+00  0.9388E+00  0.9251E+00  0.9054E+00  0.8995E+00  0.8870E+00  0.8905E+00  0.8990E+00  0.8968E+00  0.8905E+00  0.8780E+00  0.8603E+00  0.8285E+00  0.8153E+00  0.8130E+00  0.8213E+00  0.8348E+00  0.8417E+00  0.8293E+00  0.5748E+00
     11.5176      250.0000  0.5774E+00  0.5351E+00  0.6201E+00  0.8173E+00  0.9202E+00  0.9513E+00  0.9714E+00  0.9310E+00  0.9184E+00  0.8997E+00  0.8946E+00  0.8828E+00  0.8869E+00  0.8957E+00  0.8940E+00  0.8879E+00  0.8756E+00  0.8590E+00  0.8280E+00  0.8151E+00  0.8129E+00  0.8202E+00  0.8338E+00  0.8409E+00  0.8287E+00  0.5741E+00
     11.6531      260.0000  0.5753E+00  0.5322E+00  0.6144E+00  0.8083E+00  0.9104E+00  0.9417E+00  0.9622E+00  0.9230E+00  0.9115E+00  0.8937E+00  0.8894E+00  0.8783E+00  0.8829E+00  0.8921E+00  0.8907E+00  0.8850E+00  0.8731E+00  0.8576E+00  0.8274E+00  0.8150E+00  0.8128E+00  0.8193E+00  0.8329E+00  0.8399E+00  0.8281E+00  0.5733E+00
     11.7886      270.0000  0.5731E+00  0.5291E+00  0.6092E+00  0.7996E+00  0.9005E+00  0.9326E+00  0.9531E+00  0.9151E+00  0.9045E+00  0.8876E+00  0.8840E+00  0.8735E+00  0.8787E+00  0.8882E+00  0.8873E+00  0.8818E+00  0.8703E+00  0.8560E+00  0.8266E+00  0.8147E+00  0.8127E+00  0.8184E+00  0.8323E+00  0.8395E+00  0.8276E+00  0.5724E+00
     11.9241      280.0000  0.5708E+00  0.5260E+00  0.6046E+00  0.7915E+00  0.8909E+00  0.9242E+00  0.9442E+00  0.9074E+00  0.8977E+00  0.8815E+00  0.8785E+00  0.8687E+00  0.8744E+00  0.8846E+00  0.8837E+00  0.8786E+00  0.8675E+00  0.8542E+00  0.8256E+00  0.8142E+00  0.8125E+00  0.8175E+00  0.8317E+00  0.8392E+00  0.8272E+00  0.5714E+00
     12.0596      290.0000  0.5685E+00  0.5229E+00  0.6007E+00  0.7841E+00  0.8817E+00  0.9167E+00  0.9359E+00  0.9002E+00  0.8912E+00  0.8756E+00  0.8732E+00  0.8639E+00  0.8701E+00  0.8808E+00  0.8801E+00  0.8753E+00  0.8646E+00  0.8522E+00  0.8243E+00  0.8134E+00  0.8120E+00  0.8166E+00  0.8313E+00  0.8394E+00  0.8267E+00  0.5704E+00
     12.1951      300.0000  0.5663E+00  0.5200E+00  0.5974E+00  0.7777E+00  0.8733E+00  0.9104E+00  0.9283E+00  0.8937E+00  0.8853E+00  0.8701E+00  0.8683E+00  0.8594E+00  0.8659E+00  0.8770E+00  0.8765E+00  0.8720E+00  0.8618E+00  0.8500E+00  0.8228E+00  0.8124E+00  0.8112E+00  0.8155E+00  0.8308E+00  0.8390E+00  0.8262E+00  0.5693E+00
     12.3306      310.0000  0.5642E+00  0.5173E+00  0.5949E+00  0.7722E+00  0.8657E+00  0.9054E+00  0.9217E+00  0.8880E+00  0.8800E+00  0.8652E+00  0.8637E+00  0.8552E+00  0.8621E+00  0.8734E+00  0.8731E+00  0.8689E+00  0.8590E+00  0.8464E+00  0.8209E+00  0.8110E+00  0.8101E+00  0.8144E+00  0.8301E+00  0.8385E+00  0.8256E+00  0.5681E+00
     12.4661      320.0000  0.5624E+00  0.5150E+00  0.5930E+00  0.7679E+00  0.8592E+00  0.9018E+00  0.9161E+00  0.8833E+00  0.8759E+00  0.8611E+00  0.8599E+00  0.8516E+00  0.8586E+00  0.8702E+00  0.8700E+00  0.8660E+00  0.8563E+00  0.8440E+00  0.8188E+00  0.8093E+00  0.8087E+00  0.8133E+00  0.8293E+00  0.8379E+00  0.8249E+00  0.5669E+00
     12.6016      330.0000  0.5609E+00  0.5131E+00  0.5920E+00  0.7647E+00  0.8539E+00  0.8997E+00  0.9117E+00  0.8798E+00  0.8725E+00  0.8577E+00  0.8567E+00  0.8485E+00  0.8557E+00  0.8673E+00  0.8672E+00  0.8634E+00  0.8540E+00  0.8415E+00  0.8166E+00  0.8073E+00  0.8071E+00  0.8122E+00  0.8285E+00  0.8372E+00  0.8242E+00  0.5658E+00
     12.7371      340.0000  0.5598E+00  0.5118E+00  0.5918E+00  0.7627E+00  0.8500E+00  0.8991E+00  0.9087E+00  0.8774E+00  0.8700E+00  0.8552E+00  0.8542E+00  0.8461E+00  0.8533E+00  0.8649E+00  0.8649E+00  0.8612E+00  0.8519E+00  0.8392E+00  0.8143E+00  0.8053E+00  0.8054E+00  0.8112E+00  0.8277E+00  0.8366E+00  0.8234E+00  0.5647E+00
     12.8726      350.0000  0.5591E+00  0.5110E+00  0.5944E+00  0.7633E+00  0.8475E+00  0.9000E+00  0.9072E+00  0.8763E+00  0.8657E+00  0.8528E+00  0.8522E+00  0.8445E+00  0.8516E+00  0.8600E+00  0.8631E+00  0.8595E+00  0.8503E+00  0.8371E+00  0.8120E+00  0.8032E+00  0.8037E+00  0.8103E+00  0.8270E+00  0.8360E+00  0.8228E+00  0.5637E+00
     13.0081      360.0000  0.5589E+00  0.5108E+00  0.5957E+00  0.7638E+00  0.8466E+00  0.9023E+00  0.9072E+00  0.8765E+00  0.8659E+00  0.8523E+00  0.8515E+00  0.8436E+00  0.8506E+00  0.8592E+00  0.8619E+00  0.8582E+00  0.8491E+00  0.8352E+00  0.8100E+00  0.8013E+00  0.8022E+00  0.8097E+00  0.8264E+00  0.8355E+00  0.8223E+00  0.5629E+00
     13.1436       10.0000  0.5591E+00  0.5112E+00  0.5979E+00  0.7658E+00  0.8472E+00  0.9060E+00  0.9087E+00  0.8780E+00  0.8670E+00  0.8529E+00  0.8517E+00  0.8435E+00  0.8503E+00  0.8590E+00  0.8613E+00  0.8576E+00  0.8485E+00  0.8337E+00  0.8083E+00  0.7997E+00  0.8010E+00  0.8095E+00  0.8262E+00  0.8354E+00  0.8221E+00  0.5623E+00
     13.2791       20.0000  0.5598E+00  0.5122E+00  0.6010E+00  0.7691E+00  0.8496E+00  0.9110E+00  0.9118E+00  0.8808E+00  0.8691E+00  0.8544E+00  0.8527E+00  0.8442E+00  0.8507E+00  0.8593E+00  0.8613E+00  0.8576E+00  0.8484E+00  0.8327E+00  0.8071E+00  0.7986E+00  0.8002E+00  0.8107E+00  0.8262E+00  0.8352E+00  0.8222E+00  0.5620E+00
     13.4146       30.0000  0.5609E+00  0.5138E+00  0.6049E+00  0.7738E+00  0.8535E+00  0.9172E+00  0.9163E+00  0.8848E+00  0.8723E+00  0.8568E+00  0.8546E+00  0.8456E+00  0.8518E+00  0.8602E+00  0.8620E+00  0.8582E+00  0.8490E+00  0.8324E+00  0.8076E+00  0.7980E+00  0.8000E+00  0.8113E+00  0.8269E+00  0.8359E+00  0.8226E+00  0.5619E+00
     13.5501       40.0000  0.5624E+00  0.5158E+00  0.6096E+00  0.7798E+00  0.8589E+00  0.9244E+00  0.9223E+00  0.8900E+00  0.8765E+00  0.8601E+00  0.8573E+00  0.8478E+00  0.8535E+00  0.8620E+00  0.8633E+00  0.8594E+00  0.8502E+00  0.8327E+00  0.8075E+00  0.7980E+00  0.8004E+00  0.8124E+00  0.8280E+00  0.8371E+00  0.8234E+00  0.5622E+00
     13.6856       50.0000  0.5642E+00  0.5182E+00  0.6149E+00  0.7869E+00  0.8658E+00  0.9326E+00  0.9294E+00  0.8962E+00  0.8816E+00  0.8642E+00  0.8607E+00  0.8506E+00  0.8559E+00  0.8643E+00  0.8652E+00  0.8613E+00  0.8519E+00  0.8336E+00  0.8080E+00  0.7986E+00  0.8015E+00  0.8141E+00  0.8307E+00  0.8428E+00  0.8247E+00  0.5628E+00
     13.8211       60.0000  0.5662E+00  0.5209E+00  0.6208E+00  0.7952E+00  0.8739E+00  0.9414E+00  0.9377E+00  0.9032E+00  0.8875E+00  0.8690E+00  0.8647E+00  0.8540E+00  0.8588E+00  0.8671E+00  0.8677E+00  0.8636E+00  0.8542E+00  0.8352E+00  0.8091E+00  0.7999E+00  0.8031E+00  0.8161E+00  0.8327E+00  0.8445E+00  0.8262E+00  0.5636E+00
     13.9566       70.0000  0.5684E+00  0.5237E+00  0.6271E+00  0.8041E+00  0.8832E+00  0.9508E+00  0.9468E+00  0.9108E+00  0.8939E+00  0.8744E+00  0.8692E+00  0.8579E+00  0.8622E+00  0.8702E+00  0.8706E+00  0.8665E+00  0.8569E+00  0.8373E+00  0.8108E+00  0.8016E+00  0.8051E+00  0.8185E+00  0.8351E+00  0.8466E+00  0.8280E+00  0.5647E+00
     14.0921       80.0000  0.5707E+00  0.5267E+00  0.6335E+00  0.8137E+00  0.8932E+00  0.9603E+00  0.9564E+00  0.9189E+00  0.9011E+00  0.8802E+00  0.8741E+00  0.8621E+00  0.8660E+00  0.8737E+00  0.8739E+00  0.8696E+00  0.8600E+00  0.8398E+00  0.8129E+00  0.8037E+00  0.8074E+00  0.8212E+00  0.8377E+00  0.8489E+00  0.8299E+00  0.5660E+00
     14.2276       90.0000  0.5730E+00  0.5295E+00  0.6399E+00  0.8236E+00  0.9037E+00  0.9698E+00  0.9663E+00  0.9271E+00  0.9083E+00  0.8863E+00  0.8793E+00  0.8666E+00  0.8700E+00  0.8775E+00  0.8774E+00  0.8731E+00  0.8633E+00  0.8427E+00  0.8153E+00  0.8060E+00  0.8099E+00  0.8240E+00  0.8403E+00  0.8513E+00  0.8319E+00  0.5675E+00
     14.3631      100.0000  0.5752E+00  0.5323E+00  0.6460E+00  0.8335E+00  0.9143E+00  0.9789E+00  0.9761E+00  0.9353E+00  0.9154E+00  0.8924E+00  0.8846E+00  0.8713E+00  0.8742E+00  0.8814E+00  0.8812E+00  0.8767E+00  0.8667E+00  0.8458E+00  0.8179E+00  0.8084E+00  0.8123E+00  0.8266E+00  0.8427E+00  0.8535E+00  0.8337E+00  0.5690E+00
     14.4986      110.0000  0.5773E+00  0.5349E+00  0.6517E+00  0.8429E+00  0.9247E+00  0.9874E+00  0.9854E+00  0.9430E+00  0.9219E+00  0.8982E+00  0.8898E+00  0.8759E+00  0.8784E+00  0.8850E+00  0.8850E+00  0.8803E+00  0.8701E+00  0.8491E+00  0.8204E+00  0.8107E+00  0.8145E+00  0.8290E+00  0.8449E+00  0.8553E+00  0.8353E+00  0.5704E+00
     14.6341      120.0000  0.5792E+00  0.5372E+00  0.6566E+00  0.8515E+00  0.9346E+00  0.9950E+00  0.9941E+00  0.9502E+00  0.9281E+00  0.9038E+00  0.8948E+00  0.8805E+00  0.8826E+00  0.8887E+00  0.8887E+00  0.8838E+00  0.8733E+00  0.8520E+00  0.8229E+00  0.8128E+00  0.8163E+00  0.8309E+00  0.8465E+00  0.8568E+00  0.8366E+00  0.5719E+00
     14.7696      130.0000  0.5809E+00  0.5393E+00  0.6606E+00  0.8589E+00  0.9434E+00  0.1001E+01  0.1002E+01  0.9564E+00  0.9338E+00  0.9090E+00  0.8995E+00  0.8847E+00  0.8865E+00  0.8924E+00  0.8922E+00  0.8871E+00  0.8763E+00  0.8547E+00  0.8250E+00  0.8145E+00  0.8176E+00  0.8323E+00  0.8477E+00  0.8577E+00  0.8376E+00  0.5732E+00
     14.9051      140.0000  0.5823E+00  0.5411E+00  0.6635E+00  0.8648E+00  0.9510E+00  0.1006E+01  0.1008E+01  0.9616E+00  0.9386E+00  0.9135E+00  0.9037E+00  0.8886E+00  0.8901E+00  0.8957E+00  0.8953E+00  0.8901E+00  0.8789E+00  0.8571E+00  0.8269E+00  0.8158E+00  0.8185E+00  0.8333E+00  0.8473E+00  0.8539E+00  0.8380E+00  0.5743E+00
     15.0407      150.0000  0.5834E+00  0.5426E+00  0.6651E+00  0.8689E+00  0.9570E+00  0.1009E+01  0.1013E+01  0.9655E+00  0.9425E+00  0.9172E+00  0.9072E+00  0.8919E+00  0.8933E+00  0.8987E+00  0.8981E+00  0.8926E+00  0.8811E+00  0.8590E+00  0.8284E+00  0.8167E+00  0.8187E+00  0.8336E+00  0.8474E+00  0.8539E+00  0.8381E+00  0.5752E+00
     15.1762      160.0000  0.5841E+00  0.5438E+00  0.6653E+00  0.8711E+00  0.9612E+00  0.1010E+01  0.1016E+01  0.9680E+00  0.9452E+00  0.9200E+00  0.9100E+00  0.8946E+00  0.8958E+00  0.9043E+00  0.9004E+00  0.8946E+00  0.8827E+00  0.8605E+00  0.8294E+00  0.8172E+00  0.8186E+00  0.8333E+00  0.8468E+00  0.8533E+00  0.8377E+00  0.5759E+00
     15.3117      170.0000  0.5846E+00  0.5446E+00  0.6641E+00  0.8713E+00  0.9635E+00  0.1010E+01  0.1017E+01  0.9691E+00  0.9466E+00  0.9218E+00  0.9119E+00  0.8966E+00  0.8978E+00  0.9058E+00  0.9021E+00  0.8961E+00  0.8839E+00  0.8616E+00  0.8301E+00  0.8173E+00  0.8180E+00  0.8325E+00  0.8459E+00  0.8526E+00  0.8370E+00  0.5764E+00
     15.4472      180.0000  0.5848E+00  0.5450E+00  0.6616E+00  0.8694E+00  0.9638E+00  0.1007E+01  0.1016E+01  0.9686E+00  0.9468E+00  0.9225E+00  0.9129E+00  0.8977E+00  0.8990E+00  0.9068E+00  0.9032E+00  0.8969E+00  0.8845E+00  0.8622E+00  0.8305E+00  0.8171E+00  0.8172E+00  0.8302E+00  0.8444E+00  0.8511E+00  0.8360E+00  0.5766E+00
     15.5827      190.0000  0.5846E+00  0.5450E+00  0.6577E+00  0.8657E+00  0.9621E+00  0.1002E+01  0.1014E+01  0.9666E+00  0.9457E+00  0.9221E+00  0.9129E+00  0.8980E+00  0.8994E+00  0.9072E+00  0.9037E+00  0.8972E+00  0.8845E+00  0.8625E+00  0.8295E+00  0.8168E+00  0.8162E+00  0.8289E+00  0.8427E+00  0.8493E+00  0.8348E+00  0.5767E+00
     15.7182      200.0000  0.5842E+00  0.5444E+00  0.6504E+00  0.8588E+00  0.9585E+00  0.9962E+00  0.1010E+01  0.9632E+00  0.9462E+00  0.9214E+00  0.9124E+00  0.8974E+00  0.8991E+00  0.9069E+00  0.9035E+00  0.8969E+00  0.8840E+00  0.8625E+00  0.8295E+00  0.8164E+00  0.8152E+00  0.8273E+00  0.8409E+00  0.8475E+00  0.8336E+00  0.5766E+00
     15.8537      210.0000  0.5834E+00  0.5434E+00  0.6449E+00  0.8521E+00  0.9533E+00  0.9887E+00  0.1004E+01  0.9585E+00  0.9423E+00  0.9187E+00  0.9104E+00  0.8960E+00  0.8980E+00  0.9060E+00  0.9027E+00  0.8961E+00  0.8831E+00  0.8621E+00  0.8294E+00  0.8160E+00  0.8144E+00  0.8257E+00  0.8391E+00  0.8457E+00  0.8323E+00  0.5763E+00
     15.9892      220.0000  0.5823E+00  0.5419E+00  0.6389E+00  0.8442E+00  0.9465E+00  0.9801E+00  0.9970E+00  0.9527E+00  0.9374E+00  0.9151E+00  0.9075E+00  0.8937E+00  0.8962E+00  0.9044E+00  0.9013E+00  0.8947E+00  0.8818E+00  0.8613E+00  0.8292E+00  0.8157E+00  0.8137E+00  0.8241E+00  0.8375E+00  0.8442E+00  0.8312E+00  0.5759E+00
     16.1247      230.0000  0.5809E+00  0.5400E+00  0.6326E+00  0.8356E+00  0.9386E+00  0.9708E+00  0.9890E+00  0.9461E+00  0.9315E+00  0.9105E+00  0.9038E+00  0.8907E+00  0.8936E+00  0.9019E+00  0.8993E+00  0.8928E+00  0.8800E+00  0.8614E+00  0.8289E+00  0.8154E+00  0.8133E+00  0.8226E+00  0.8360E+00  0.8428E+00  0.8302E+00  0.5754E+00
     16.2602      240.0000  0.5793E+00  0.5377E+00  0.6262E+00  0.8265E+00  0.9297E+00  0.9611E+00  0.9804E+00  0.9387E+00  0.9251E+00  0.9054E+00  0.8995E+00  0.8870E+00  0.8905E+00  0.8989E+00  0.8968E+00  0.8905E+00  0.8780E+00  0.8603E+00  0.8285E+00  0.8153E+00  0.8130E+00  0.8213E+00  0.8348E+00  0.8417E+00  0.8293E+00  0.5748E+00
     16.3957      250.0000  0.5774E+00  0.5351E+00  0.6201E+00  0.8173E+00  0.9202E+00  0.9513E+00  0.9714E+00  0.9310E+00  0.9184E+00  0.8997E+00  0.8946E+00  0.8828E+00  0.8869E+00  0.8956E+00  0.8940E+00  0.8879E+00  0.8756E+00  0.8590E+00  0.8280E+00  0.8151E+00  0.8129E+00  0.8202E+00  0.8338E+00  0.8409E+00  0.8287E+00  0.5741E+00
     16.5312      260.0000  0.5753E+00  0.5322E+00  0.6144E+00  0.8082E+00  0.9104E+00  0.9417E+00  0.9622E+00  0.9230E+00  0.9114E+00  0.8937E+00  0.8894E+00  0.8783E+00  0.8829E+00  0.8920E+00  0.8907E+00  0.8850E+00  0.8731E+00  0.8576E+00  0.8274E+00  0.8150E+00  0.8128E+00  0.8193E+00  0.8329E+00  0.8399E+00  0.8281E+00  0.5733E+00
     16.6667      270.0000  0.5731E+00  0.5291E+00  0.6092E+00  0.7996E+00  0.9005E+00  0.9326E+00  0.9530E+00  0.9151E+00  0.9045E+00  0.8876E+00  0.8840E+00  0.8735E+00  0.8787E+00  0.8882E+00  0.8873E+00  0.8818E+00  0.8703E+00  0.8560E+00  0.8266E+00  0.8147E+00  0.8127E+00  0.8184E+00  0.8323E+00  0.8395E+00  0.8276E+00  0.5724E+00
     16.8022      280.0000  0.5708E+00  0.5260E+00  0.6046E+00  0.7914E+00  0.8909E+00  0.9242E+00  0.9442E+00  0.9074E+00  0.8977E+00  0.8815E+00  0.8785E+00  0.8687E+00  0.8744E+00  0.8845E+00  0.8837E+00  0.8786E+00  0.8675E+00  0.8542E+00  0.8256E+00  0.8142E+00  0.8125E+00  0.8175E+00  0.8317E+00  0.8392E+00  0.8272E+00  0.5714E+00
     16.9377      290.0000  0.5685E+00  0.5229E+00  0.6006E+00  0.7841E+00  0.8817E+00  0.9167E+00  0.9359E+00  0.9002E+00  0.8912E+00  0.8756E+00  0.8732E+00  0.8639E+00  0.8701E+00  0.8807E+00  0.8801E+00  0.8753E+00  0.8646E+00  0.8522E+00  0.8243E+00  0.8134E+00  0.8120E+00  0.8166E+00  0.8313E+00  0.8394E+00  0.8267E+00  0.5704E+00
     17.0732      300.0000  0.5663E+00  0.5200E+00  0.5974E+00  0.7777E+00  0.8733E+00  0.9104E+00  0.9283E+00  0.8937E+00  0.8852E+00  0.8701E+00  0.8683E+00  0.8594E+00  0.8659E+00  0.8770E+00  0.8765E+00  0.8720E+00  0.8618E+00  0.8500E+00  0.8228E+00  0.8124E+00  0.8112E+00  0.8155E+00  0.8308E+00  0.8390E+00  0.8262E+00  0.5693E+00
     17.2087      310.0000  0.5642E+00  0.5173E+00  0.5949E+00  0.7722E+00  0.8657E+00  0.9054E+00  0.9216E+00  0.8880E+00  0.8800E+00  0.8652E+00  0.8637E+00  0.8552E+00  0.8621E+00  0.8734E+00  0.8731E+00  0.8689E+00  0.8590E+00  0.8464E+00  0.8209E+00  0.8110E+00  0.8101E+00  0.8144E+00  0.8301E+00  0.8385E+00  0.8256E+00  0.5681E+00
     17.3442      320.0000  0.5624E+00  0.5150E+00  0.5930E+00  0.7678E+00  0.8592E+00  0.9018E+00  0.9160E+00  0.8833E+00  0.8758E+00  0.8611E+00  0.8599E+00  0.8516E+00  0.8586E+00  0.8701E+00  0.8700E+00  0.8660E+00  0.8563E+00  0.8440E+00  0.8188E+00  0.8093E+00  0.8087E+00  0.8133E+00  0.8293E+00  0.8379E+00  0.8249E+00  0.5669E+00
     17.4797      330.0000  0.5609E+00  0.5131E+00  0.5920E+00  0.7647E+00  0.8539E+00  0.8997E+00  0.9117E+00  0.8797E+00  0.8724E+00  0.8577E+00  0.8567E+00  0.8485E+00  0.8557E+00  0.8673E+00  0.8672E+00  0.8634E+00  0.8540E+00  0.8415E+00  0.8166E+00  0.8073E+00  0.8071E+00  0.8122E+00  0.8285E+00  0.8372E+00  0.8242E+00  0.5658E+00
     17.6152      340.0000  0.5598E+00  0.5118E+00  0.5918E+00  0.7627E+00  0.8499E+00  0.8991E+00  0.9087E+00  0.8774E+00  0.8700E+00  0.8552E+00  0.8542E+00  0.8461E+00  0.8533E+00  0.8649E+00  0.8649E+00  0.8612E+00  0.8519E+00  0.8392E+00  0.8143E+00  0.8053E+00  0.8054E+00  0.8112E+00  0.8277E+00  0.8366E+00  0.8234E+00  0.5647E+00
     17.7507      350.0000  0.5591E+00  0.5110E+00  0.5944E+00  0.7632E+00  0.8475E+00  0.9000E+00  0.9072E+00  0.8762E+00  0.8657E+00  0.8527E+00  0.8521E+00  0.8445E+00  0.8516E+00  0.8599E+00  0.8631E+00  0.8595E+00  0.8503E+00  0.8371E+00  0.8120E+00  0.8032E+00  0.8037E+00  0.8103E+00  0.8270E+00  0.8360E+00  0.8228E+00  0.5637E+00
     17.8862      360.0000  0.5589E+00  0.5108E+00  0.5957E+00  0.7638E+00  0.8465E+00  0.9023E+00  0.9072E+00  0.8764E+00  0.8658E+00  0.8523E+00  0.8515E+00  0.8436E+00  0.8506E+00  0.8592E+00  0.8619E+00  0.8582E+00  0.8491E+00  0.8352E+00  0.8100E+00  0.8013E+00  0.8022E+00  0.8097E+00  0.8264E+00  0.8355E+00  0.8223E+00  0.5629E+00
     18.0217       10.0000  0.5591E+00  0.5112E+00  0.5978E+00  0.7657E+00  0.8472E+00  0.9060E+00  0.9087E+00  0.8780E+00  0.8669E+00  0.8528E+00  0.8517E+00  0.8435E+00  0.8503E+00  0.8589E+00  0.8613E+00  0.8576E+00  0.8485E+00  0.8337E+00  0.8083E+00  0.7997E+00  0.8010E+00  0.8095E+00  0.8262E+00  0.8354E+00  0.8221E+00  0.5623E+00
     18.1572       20.0000  0.5598E+00  0.5122E+00  0.6010E+00  0.7691E+00  0.8495E+00  0.9110E+00  0.9117E+00  0.8808E+00  0.8691E+00  0.8543E+00  0.8527E+00  0.8442E+00  0.8507E+00  0.8592E+00  0.8613E+00  0.8576E+00  0.8484E+00  0.8328E+00  0.8071E+00  0.7986E+00  0.8002E+00  0.8107E+00  0.8262E+00  0.8352E+00  0.8222E+00  0.5620E+00
     18.2927       30.0000  0.5609E+00  0.5138E+00  0.6049E+00  0.7738E+00  0.8534E+00  0.9172E+00  0.9163E+00  0.8848E+00  0.8723E+00  0.8568E+00  0.8546E+00  0.8456E+00  0.8518E+00  0.8602E+00  0.8620E+00  0.8582E+00  0.8490E+00  0.8324E+00  0.8076E+00  0.7980E+00  0.8000E+00  0.8113E+00  0.8269E+00  0.8359E+00  0.8226E+00  0.5619E+00
     18.4282       40.0000  0.5624E+00  0.5158E+00  0.6096E+00  0.7797E+00  0.8589E+00  0.9244E+00  0.9222E+00  0.8900E+00  0.8765E+00  0.8601E+00  0.8573E+00  0.8478E+00  0.8535E+00  0.8620E+00  0.8633E+00  0.8594E+00  0.8502E+00  0.8327E+00  0.8075E+00  0.7980E+00  0.8004E+00  0.8124E+00  0.8280E+00  0.8371E+00  0.8234E+00  0.5622E+00
     18.5637       50.0000  0.5642E+00  0.5182E+00  0.6149E+00  0.7869E+00  0.8658E+00  0.9326E+00  0.9294E+00  0.8962E+00  0.8816E+00  0.8642E+00  0.8606E+00  0.8506E+00  0.8559E+00  0.8643E+00  0.8652E+00  0.8613E+00  0.8519E+00  0.8337E+00  0.8080E+00  0.7986E+00  0.8015E+00  0.8141E+00  0.8307E+00  0.8428E+00  0.8247E+00  0.5628E+00
     18.6992       60.0000  0.5662E+00  0.5209E+00  0.6208E+00  0.7951E+00  0.8739E+00  0.9414E+00  0.9377E+00  0.9032E+00  0.8875E+00  0.8690E+00  0.8646E+00  0.8540E+00  0.8588E+00  0.8670E+00  0.8677E+00  0.8636E+00  0.8542E+00  0.8352E+00  0.8091E+00  0.7998E+00  0.8031E+00  0.8161E+00  0.8327E+00  0.8445E+00  0.8262E+00  0.5636E+00
     18.8347       70.0000  0.5684E+00  0.5237E+00  0.6271E+00  0.8041E+00  0.8831E+00  0.9508E+00  0.9467E+00  0.9108E+00  0.8939E+00  0.8744E+00  0.8692E+00  0.8579E+00  0.8622E+00  0.8702E+00  0.8706E+00  0.8665E+00  0.8569E+00  0.8373E+00  0.8108E+00  0.8016E+00  0.8051E+00  0.8185E+00  0.8351E+00  0.8466E+00  0.8280E+00  0.5647E+00
     18.9702       80.0000  0.5707E+00  0.5267E+00  0.6335E+00  0.8137E+00  0.8932E+00  0.9603E+00  0.9564E+00  0.9189E+00  0.9011E+00  0.8802E+00  0.8741E+00  0.8621E+00  0.8660E+00  0.8737E+00  0.8739E+00  0.8696E+00  0.8600E+00  0.8398E+00  0.8129E+00  0.8037E+00  0.8074E+00  0.8212E+00  0.8377E+00  0.8489E+00  0.8299E+00  0.5660E+00
     19.1057       90.0000  0.5730E+00  0.5295E+00  0.6399E+00  0.8236E+00  0.9037E+00  0.9698E+00  0.9662E+00  0.9271E+00  0.9083E+00  0.8863E+00  0.8793E+00  0.8666E+00  0.8700E+00  0.8774E+00  0.8774E+00  0.8731E+00  0.8633E+00  0.8427E+00  0.8153E+00  0.8060E+00  0.8099E+00  0.8240E+00  0.8403E+00  0.8513E+00  0.8319E+00  0.5675E+00
     19.2412      100.0000  0.5752E+00  0.5323E+00  0.6460E+00  0.8335E+00  0.9143E+00  0.9789E+00  0.9760E+00  0.9353E+00  0.9154E+00  0.8924E+00  0.8846E+00  0.8713E+00  0.8742E+00  0.8814E+00  0.8812E+00  0.8767E+00  0.8667E+00  0.8458E+00  0.8179E+00  0.8084E+00  0.8123E+00  0.8266E+00  0.8427E+00  0.8535E+00  0.8337E+00  0.5690E+00
     19.3767      110.0000  0.5773E+00  0.5349E+00  0.6517E+00  0.8429E+00  0.9247E+00  0.9874E+00  0.9854E+00  0.9430E+00  0.9219E+00  0.8982E+00  0.8898E+00  0.8759E+00  0.8784E+00  0.8850E+00  0.8850E+00  0.8803E+00  0.8701E+00  0.8491E+00  0.8204E+00  0.8107E+00  0.8145E+00  0.8290E+00  0.8449E+00  0.8553E+00  0.8353E+00  0.5704E+00
     19.5122      120.0000  0.5792E+00  0.5372E+00  0.6566E+00  0.8515E+00  0.9345E+00  0.9950E+00  0.9940E+00  0.9502E+00  0.9281E+00  0.9038E+00  0.8948E+00  0.8805E+00  0.8826E+00  0.8887E+00  0.8887E+00  0.8838E+00  0.8733E+00  0.8520E+00  0.8229E+00  0.8128E+00  0.8163E+00  0.8309E+00  0.8465E+00  0.8568E+00  0.8366E+00  0.5719E+00
     19.6477      130.0000  0.5809E+00  0.5393E+00  0.6606E+00  0.8589E+00  0.9434E+00  0.1001E+01  0.1002E+01  0.9564E+00  0.9338E+00  0.9090E+00  0.8995E+00  0.8847E+00  0.8865E+00  0.8923E+00  0.8922E+00  0.8871E+00  0.8763E+00  0.8547E+00  0.8250E+00  0.8145E+00  0.8176E+00  0.8323E+00  0.8477E+00  0.8577E+00  0.8376E+00  0.5732E+00
     19.7832      140.0000  0.5823E+00  0.5411E+00  0.6635E+00  0.8647E+00  0.9510E+00  0.1006E+01  0.1008E+01  0.9616E+00  0.9386E+00  0.9135E+00  0.9037E+00  0.8886E+00  0.8901E+00  0.8957E+00  0.8953E+00  0.8901E+00  0.8789E+00  0.8571E+00  0.8269E+00  0.8158E+00  0.8185E+00  0.8333E+00  0.8473E+00  0.8539E+00  0.8380E+00  0.5743E+00
     19.9187      150.0000  0.5834E+00  0.5426E+00  0.6651E+00  0.8688E+00  0.9570E+00  0.1009E+01  0.1013E+01  0.9655E+00  0.9424E+00  0.9172E+00  0.9072E+00  0.8919E+00  0.8933E+00  0.8986E+00  0.8981E+00  0.8926E+00  0.8811E+00  0.8590E+00  0.8284E+00  0.8167E+00  0.8187E+00  0.8336E+00  0.8474E+00  0.8539E+00  0.8381E+00  0.5752E+00
     20.0542      160.0000  0.5841E+00  0.5438E+00  0.6653E+00  0.8711E+00  0.9612E+00  0.1010E+01  0.1016E+01  0.9680E+00  0.9451E+00  0.9200E+00  0.9100E+00  0.8946E+00  0.8958E+00  0.9043E+00  0.9004E+00  0.8946E+00  0.8827E+00  0.8605E+00  0.8294E+00  0.8172E+00  0.8186E+00  0.8333E+00  0.8468E+00  0.8533E+00  0.8377E+00  0.5759E+00
     20.1897      170.0000  0.5846E+00  0.5446E+00  0.6641E+00  0.8713E+00  0.9635E+00  0.1010E+01  0.1017E+01  0.9690E+00  0.9466E+00  0.9218E+00  0.9119E+00  0.8966E+00  0.8978E+00  0.9058E+00  0.9021E+00  0.8961E+00  0.8839E+00  0.8616E+00  0.8301E+00  0.8173E+00  0.8180E+00  0.8325E+00  0.8459E+00  0.8526E+00  0.8370E+00  0.5764E+00
     20.3252      180.0000  0.5848E+00  0.5450E+00  0.6616E+00  0.8694E+00  0.9638E+00  0.1007E+01  0.1016E+01  0.9685E+00  0.9468E+00  0.9225E+00  0.9129E+00  0.8977E+00  0.8990E+00  0.9068E+00  0.9032E+00  0.8969E+00  0.8845E+00  0.8622E+00  0.8305E+00  0.8171E+00  0.8172E+00  0.8302E+00  0.8444E+00  0.8511E+00  0.8360E+00  0.5766E+00
     20.4607      190.0000  0.5846E+00  0.5450E+00  0.6577E+00  0.8657E+00  0.9621E+00  0.1002E+01  0.1014E+01  0.9666E+00  0.9457E+00  0.9221E+00  0.9129E+00  0.8980E+00  0.8994E+00  0.9072E+00  0.9037E+00  0.8972E+00  0.8845E+00  0.8625E+00  0.8295E+00  0.8168E+00  0.8162E+00  0.8289E+00  0.8427E+00  0.8493E+00  0.8348E+00  0.5767E+00
     20.5962      200.0000  0.5842E+00  0.5444E+00  0.6504E+00  0.8588E+00  0.9585E+00  0.9962E+00  0.1010E+01  0.9632E+00  0.9462E+00  0.9214E+00  0.9124E+00  0.8974E+00  0.8991E+00  0.9069E+00  0.9035E+00  0.8969E+00  0.8840E+00  0.8625E+00  0.8295E+00  0.8164E+00  0.8152E+00  0.8273E+00  0.8409E+00  0.8475E+00  0.8336E+00  0.5766E+00
     20.7317      210.0000  0.5834E+00  0.5434E+00  0.6449E+00  0.8521E+00  0.9533E+00  0.9887E+00  0.1004E+01  0.9585E+00  0.9422E+00  0.9187E+00  0.9104E+00  0.8960E+00  0.8980E+00  0.9060E+00  0.9027E+00  0.8961E+00  0.8831E+00  0.8621E+00  0.8294E+00  0.8160E+00  0.8144E+00  0.8257E+00  0.8391E+00  0.8457E+00  0.8323E+00  0.5763E+00
     20.8672      220.0000  0.5823E+00  0.5419E+00  0.6389E+00  0.8442E+00  0.9465E+00  0.9801E+00  0.9970E+00  0.9527E+00  0.9374E+00  0.9151E+00  0.9075E+00  0.8937E+00  0.8962E+00  0.9044E+00  0.9013E+00  0.8947E+00  0.8818E+00  0.8613E+00  0.8292E+00  0.8157E+00  0.8137E+00  0.8241E+00  0.8375E+00  0.8442E+00  0.8312E+00  0.5759E+00
     21.0027      230.0000  0.5809E+00  0.5400E+00  0.6326E+00  0.8356E+00  0.9386E+00  0.9708E+00  0.9890E+00  0.9461E+00  0.9315E+00  0.9105E+00  0.9038E+00  0.8907E+00  0.8936E+00  0.9018E+00  0.8993E+00  0.8928E+00  0.8800E+00  0.8614E+00  0.8289E+00  0.8154E+00  0.8133E+00  0.8226E+00  0.8360E+00  0.8428E+00  0.8302E+00  0.5754E+00
     21.1382      240.0000  0.5793E+00  0.5377E+00  0.6262E+00  0.8265E+00  0.9297E+00  0.9611E+00  0.9804E+00  0.9387E+00  0.9251E+00  0.9054E+00  0.8995E+00  0.8870E+00  0.8905E+00  0.8989E+00  0.8968E+00  0.8905E+00  0.8780E+00  0.8603E+00  0.8285E+00  0.8153E+00  0.8130E+00  0.8213E+00  0.8348E+00  0.8417E+00  0.8293E+00  0.5748E+00
     21.2737      250.0000  0.5774E+00  0.5351E+00  0.6201E+00  0.8173E+00  0.9202E+00  0.9513E+00  0.9713E+00  0.9309E+00  0.9184E+00  0.8997E+00  0.8946E+00  0.8828E+00  0.8869E+00  0.8956E+00  0.8940E+00  0.8879E+00  0.8756E+00  0.8590E+00  0.8280E+00  0.8151E+00  0.8129E+00  0.8202E+00  0.8338E+00  0.8409E+00  0.8287E+00  0.5741E+00
     21.4092      260.0000  0.5753E+00  0.5322E+00  0.6144E+00  0.8082E+00  0.9103E+00  0.9417E+00  0.9621E+00  0.9230E+00  0.9114E+00  0.8937E+00  0.8894E+00  0.8783E+00  0.8829E+00  0.8920E+00  0.8907E+00  0.8850E+00  0.8731E+00  0.8576E+00  0.8274E+00  0.8150E+00  0.8128E+00  0.8193E+00  0.8329E+00  0.8399E+00  0.8281E+00  0.5733E+00
     21.5447      270.0000  0.5731E+00  0.5291E+00  0.6092E+00  0.7995E+00  0.9005E+00  0.9326E+00  0.9530E+00  0.9150E+00  0.9045E+00  0.8876E+00  0.8840E+00  0.8735E+00  0.8787E+00  0.8882E+00  0.8873E+00  0.8818E+00  0.8703E+00  0.8560E+00  0.8266E+00  0.8147E+00  0.8127E+00  0.8184E+00  0.8323E+00  0.8395E+00  0.8276E+00  0.5724E+00
     21.6802      280.0000  0.5708E+00  0.5260E+00  0.6046E+00  0.7914E+00  0.8909E+00  0.9242E+00  0.9442E+00  0.9074E+00  0.8976E+00  0.8815E+00  0.8785E+00  0.8687E+00  0.8744E+00  0.8845E+00  0.8837E+00  0.8786E+00  0.8675E+00  0.8542E+00  0.8256E+00  0.8142E+00  0.8125E+00  0.8175E+00  0.8317E+00  0.8392E+00  0.8272E+00  0.5714E+00
     21.8157      290.0000  0.5685E+00  0.5229E+00  0.6006E+00  0.7841E+00  0.8817E+00  0.9167E+00  0.9359E+00  0.9002E+00  0.8912E+00  0.8756E+00  0.8732E+00  0.8639E+00  0.8701E+00  0.8807E+00  0.8801E+00  0.8753E+00  0.8646E+00  0.8522E+00  0.8243E+00  0.8134E+00  0.8120E+00  0.8166E+00  0.8313E+00  0.8394E+00  0.8267E+00  0.5704E+00
     21.9512      300.0000  0.5663E+00  0.5200E+00  0.5974E+00  0.7776E+00  0.8732E+00  0.9104E+00  0.9283E+00  0.8937E+00  0.8852E+00  0.8701E+00  0.8683E+00  0.8594E+00  0.8659E+00  0.8770E+00  0.8765E+00  0.8720E+00  0.8618E+00  0.8500E+00  0.8228E+00  0.8124E+00  0.8112E+00  0.8155E+00  0.8308E+00  0.8390E+00  0.8262E+00  0.5693E+00
     22.0867      310.0000  0.5642E+00  0.5173E+00  0.5949E+00  0.7722E+00  0.8657E+00  0.9054E+00  0.9216E+00  0.8880E+00  0.8800E+00  0.8652E+00  0.8637E+00  0.8552E+00  0.8621E+00  0.8734E+00  0.8731E+00  0.8689E+00  0.8590E+00  0.8464E+00  0.8209E+00  0.8110E+00  0.8101E+00  0.8144E+00  0.8301E+00  0.8385E+00  0.8256E+00  0.5681E+00
     22.2222      320.0000  0.5624E+00  0.5150E+00  0.5930E+00  0.7678E+00  0.8592E+00  0.9018E+00  0.9160E+00  0.8833E+00  0.8758E+00  0.8610E+00  0.8599E+00  0.8516E+00  0.8586E+00  0.8701E+00  0.8700E+00  0.8660E+00  0.8563E+00  0.8440E+00  0.8188E+00  0.8093E+00  0.8087E+00  0.8133E+00  0.8293E+00  0.8379E+00  0.8249E+00  0.5669E+00
     22.3577      330.0000  0.5609E+00  0.5131E+00  0.5920E+00  0.7646E+00  0.8539E+00  0.8997E+00  0.9117E+00  0.8797E+00  0.8724E+00  0.8577E+00  0.8566E+00  0.8485E+00  0.8557E+00  0.8672E+00  0.8672E+00  0.8634E+00  0.8540E+00  0.8415E+00  0.8166E+00  0.8073E+00  0.8071E+00  0.8122E+00  0.8285E+00  0.8372E+00  0.8242E+00  0.5658E+00
     22.4932      340.0000  0.5598E+00  0.5118E+00  0.5917E+00  0.7627E+00  0.8499E+00  0.8991E+00  0.9087E+00  0.8773E+00  0.8699E+00  0.8552E+00  0.8542E+00  0.8461E+00  0.8533E+00  0.8649E+00  0.8649E+00  0.8612E+00  0.8519E+00  0.8392E+00  0.8143E+00  0.8053E+00  0.8054E+00  0.8112E+00  0.8277E+00  0.8366E+00  0.8234E+00  0.5647E+00
     22.6287      350.0000  0.5591E+00  0.5110E+00  0.5944E+00  0.7632E+00  0.8474E+00  0.9000E+00  0.9072E+00  0.8762E+00  0.8657E+00  0.8527E+00  0.8521E+00  0.8445E+00  0.8516E+00  0.8599E+00  0.8631E+00  0.8595E+00  0.8503E+00  0.8371E+00  0.8120E+00  0.8032E+00  0.8037E+00  0.8103E+00  0.8270E+00  0.8360E+00  0.8228E+00  0.5637E+00
     22.7642      360.0000  0.5589E+00  0.5108E+00  0.5957E+00  0.7638E+00  0.8465E+00  0.9023E+00  0.9071E+00  0.8764E+00  0.8658E+00  0.8523E+00  0.8515E+00  0.8436E+00  0.8506E+00  0.8592E+00  0.8619E+00  0.8582E+00  0.8491E+00  0.8352E+00  0.8100E+00  0.8013E+00  0.8022E+00  0.8097E+00  0.8264E+00  0.8355E+00  0.8223E+00  0.5629E+00
     22.8997       10.0000  0.5591E+00  0.5112E+00  0.5978E+00  0.7657E+00  0.8472E+00  0.9060E+00  0.9087E+00  0.8779E+00  0.8669E+00  0.8528E+00  0.8517E+00  0.8435E+00  0.8503E+00  0.8589E+00  0.8613E+00  0.8576E+00  0.8485E+00  0.8337E+00  0.8083E+00  0.7997E+00  0.8010E+00  0.8095E+00  0.8262E+00  0.8354E+00  0.8221E+00  0.5623E+00
     23.0352       20.0000  0.5598E+00  0.5122E+00  0.6009E+00  0.7691E+00  0.8495E+00  0.9110E+00  0.9117E+00  0.8808E+00  0.8691E+00  0.8543E+00  0.8527E+00  0.8442E+00  0.8507E+00  0.8592E+00  0.8613E+00  0.8576E+00  0.8484E+00  0.8328E+00  0.8071E+00  0.7986E+00  0.8002E+00  0.8107E+00  0.8262E+00  0.8352E+00  0.8222E+00  0.5620E+00
     23.1707       30.0000  0.5609E+00  0.5138E+00  0.6049E+00  0.7737E+00  0.8534E+00  0.9172E+00  0.9163E+00  0.8848E+00  0.8723E+00  0.8568E+00  0.8546E+00  0.8456E+00  0.8518E+00  0.8601E+00  0.8620E+00  0.8582E+00  0.8490E+00  0.8324E+00  0.8076E+00  0.7980E+00  0.8000E+00  0.8113E+00  0.8269E+00  0.8359E+00  0.8226E+00  0.5619E+00
     23.3062       40.0000  0.5624E+00  0.5158E+00  0.6096E+00  0.7797E+00  0.8589E+00  0.9244E+00  0.9222E+00  0.8900E+00  0.8765E+00  0.8601E+00  0.8573E+00  0.8478E+00  0.8535E+00  0.8620E+00  0.8633E+00  0.8594E+00  0.8502E+00  0.8327E+00  0.8075E+00  0.7980E+00  0.8004E+00  0.8124E+00  0.8280E+00  0.8371E+00  0.8234E+00  0.5622E+00
     23.4417       50.0000  0.5642E+00  0.5182E+00  0.6149E+00  0.7869E+00  0.8658E+00  0.9326E+00  0.9294E+00  0.8961E+00  0.8816E+00  0.8642E+00  0.8606E+00  0.8506E+00  0.8559E+00  0.8643E+00  0.8652E+00  0.8613E+00  0.8519E+00  0.8337E+00  0.8080E+00  0.7986E+00  0.8015E+00  0.8141E+00  0.8307E+00  0.8428E+00  0.8247E+00  0.5628E+00
     23.5772       60.0000  0.5662E+00  0.5209E+00  0.6208E+00  0.7951E+00  0.8739E+00  0.9414E+00  0.9377E+00  0.9032E+00  0.8875E+00  0.8690E+00  0.8646E+00  0.8540E+00  0.8588E+00  0.8670E+00  0.8677E+00  0.8636E+00  0.8542E+00  0.8353E+00  0.8091E+00  0.7998E+00  0.8031E+00  0.8161E+00  0.8327E+00  0.8445E+00  0.8262E+00  0.5636E+00
     23.7127       70.0000  0.5684E+00  0.5237E+00  0.6271E+00  0.8041E+00  0.8831E+00  0.9508E+00  0.9467E+00  0.9108E+00  0.8939E+00  0.8744E+00  0.8692E+00  0.8579E+00  0.8622E+00  0.8702E+00  0.8706E+00  0.8665E+00  0.8569E+00  0.8373E+00  0.8108E+00  0.8016E+00  0.8051E+00  0.8185E+00  0.8351E+00  0.8466E+00  0.8280E+00  0.5647E+00
     23.8482       80.0000  0.5707E+00  0.5267E+00  0.6335E+00  0.8137E+00  0.8932E+00  0.9603E+00  0.9564E+00  0.9189E+00  0.9011E+00  0.8802E+00  0.8741E+00  0.8621E+00  0.8660E+00  0.8737E+00  0.8739E+00  0.8697E+00  0.8600E+00  0.8398E+00  0.8129E+00  0.8037E+00  0.8074E+00  0.8212E+00  0.8377E+00  0.8489E+00  0.8299E+00  0.5660E+00
     23.9837       90.0000  0.5730E+00  0.5295E+00  0.6399E+00  0.8236E+00  0.9037E+00  0.9698E+00  0.9662E+00  0.9271E+00  0.9083E+00  0.8863E+00  0.8793E+00  0.8666E+00  0.8700E+00  0.8774E+00  0.8774E+00  0.8731E+00  0.8633E+00  0.8427E+00  0.8153E+00  0.8060E+00  0.8099E+00  0.8240E+00  0.8403E+00  0.8513E+00  0.8319E+00  0.5675E+00
     24.1192      100.0000  0.5752E+00  0.5323E+00  0.6460E+00  0.8335E+00  0.9143E+00  0.9789E+00  0.9760E+00  0.9352E+00  0.9154E+00  0.8924E+00  0.8846E+00  0.8713E+00  0.8742E+00  0.8814E+00  0.8812E+00  0.8767E+00  0.8667E+00  0.8458E+00  0.8179E+00  0.8084E+00  0.8123E+00  0.8266E+00  0.8427E+00  0.8535E+00  0.8337E+00  0.5690E+00
     24.2547      110.0000  0.5773E+00  0.5349E+00  0.6517E+00  0.8429E+00  0.9247E+00  0.9874E+00  0.9854E+00  0.9430E+00  0.9219E+00  0.8982E+00  0.8898E+00  0.8759E+00  0.8784E+00  0.8850E+00  0.8850E+00  0.8803E+00  0.8701E+00  0.8491E+00  0.8204E+00  0.8107E+00  0.8145E+00  0.8290E+00  0.8449E+00  0.8553E+00  0.8353E+00  0.5704E+00
     24.3902      120.0000  0.5792E+00  0.5372E+00  0.6566E+00  0.8515E+00  0.9345E+00  0.9950E+00  0.9940E+00  0.9502E+00  0.9281E+00  0.9038E+00  0.8948E+00  0.8805E+00  0.8826E+00  0.8887E+00  0.8887E+00  0.8838E+00  0.8733E+00  0.8520E+00  0.8229E+00  0.8128E+00  0.8163E+00  0.8309E+00  0.8465E+00  0.8568E+00  0.8366E+00  0.5719E+00
     24.5257      130.0000  0.5809E+00  0.5393E+00  0.6606E+00  0.8589E+00  0.9434E+00  0.1001E+01  0.1002E+01  0.9564E+00  0.9338E+00  0.9090E+00  0.8995E+00  0.8847E+00  0.8865E+00  0.8923E+00  0.8922E+00  0.8871E+00  0.8763E+00  0.8548E+00  0.8250E+00  0.8145E+00  0.8176E+00  0.8323E+00  0.8477E+00  0.8577E+00  0.8376E+00  0.5732E+00
     24.6612      140.0000  0.5823E+00  0.5411E+00  0.6635E+00  0.8647E+00  0.9510E+00  0.1006E+01  0.1008E+01  0.9616E+00  0.9386E+00  0.9135E+00  0.9037E+00  0.8886E+00  0.8901E+00  0.8957E+00  0.8953E+00  0.8901E+00  0.8789E+00  0.8571E+00  0.8269E+00  0.8158E+00  0.8185E+00  0.8333E+00  0.8473E+00  0.8539E+00  0.8380E+00  0.5743E+00
     24.7967      150.0000  0.5834E+00  0.5426E+00  0.6651E+00  0.8688E+00  0.9570E+00  0.1009E+01  0.1013E+01  0.9655E+00  0.9424E+00  0.9172E+00  0.9072E+00  0.8919E+00  0.8933E+00  0.8986E+00  0.8981E+00  0.8926E+00  0.8811E+00  0.8591E+00  0.8284E+00  0.8167E+00  0.8187E+00  0.8336E+00  0.8474E+00  0.8539E+00  0.8381E+00  0.5752E+00
     24.9322      160.0000  0.5841E+00  0.5438E+00  0.6653E+00  0.8711E+00  0.9612E+00  0.1010E+01  0.1016E+01  0.9680E+00  0.9451E+00  0.9200E+00  0.9100E+00  0.8946E+00  0.8958E+00  0.9043E+00  0.9004E+00  0.8946E+00  0.8827E+00  0.8605E+00  0.8294E+00  0.8172E+00  0.8186E+00  0.8333E+00  0.8468E+00  0.8533E+00  0.8377E+00  0.5759E+00
     25.0678      170.0000  0.5846E+00  0.5446E+00  0.6641E+00  0.8713E+00  0.9635E+00  0.1010E+01  0.1017E+01  0.9690E+00  0.9466E+00  0.9218E+00  0.9119E+00  0.8966E+00  0.8978E+00  0.9057E+00  0.9021E+00  0.8961E+00  0.8839E+00  0.8616E+00  0.8301E+00  0.8173E+00  0.8180E+00  0.8325E+00  0.8459E+00  0.8526E+00  0.8370E+00  0.5764E+00
     25.2033      180.0000  0.5848E+00  0.5450E+00  0.6616E+00  0.8694E+00  0.9638E+00  0.1007E+01  0.1016E+01  0.9685E+00  0.9468E+00  0.9225E+00  0.9129E+00  0.8977E+00  0.8990E+00  0.9067E+00  0.9032E+00  0.8969E+00  0.8845E+00  0.8622E+00  0.8305E+00  0.8171E+00  0.8172E+00  0.8302E+00  0.8444E+00  0.8511E+00  0.8360E+00  0.5766E+00
     25.3388      190.0000  0.5846E+00  0.5450E+00  0.6577E+00  0.8657E+00  0.9621E+00  0.1002E+01  0.1014E+01  0.9666E+00  0.9457E+00  0.9221E+00  0.9129E+00  0.8980E+00  0.8994E+00  0.9071E+00  0.9037E+00  0.8972E+00  0.8845E+00  0.8625E+00  0.8295E+00  0.8168E+00  0.8162E+00  0.8289E+00  0.8427E+00  0.8493E+00  0.8348E+00  0.5767E+00
     25.4743      200.0000  0.5842E+00  0.5444E+00  0.6504E+00  0.8588E+00  0.9585E+00  0.9962E+00  0.1010E+01  0.9632E+00  0.9462E+00  0.9214E+00  0.9124E+00  0.8974E+00  0.8991E+00  0.9069E+00  0.9035E+00  0.8969E+00  0.8840E+00  0.8625E+00  0.8295E+00  0.8164E+00  0.8152E+00  0.8273E+00  0.8409E+00  0.8475E+00  0.8336E+00  0.5766E+00
     25.6098      210.0000  0.5834E+00  0.5434E+00  0.6449E+00  0.8521E+00  0.9532E+00  0.9887E+00  0.1004E+01  0.9585E+00  0.9422E+00  0.9187E+00  0.9104E+00  0.8960E+00  0.8980E+00  0.9060E+00  0.9027E+00  0.8961E+00  0.8831E+00  0.8621E+00  0.8294E+00  0.8160E+00  0.8144E+00  0.8257E+00  0.8391E+00  0.8457E+00  0.8323E+00  0.5763E+00
     25.7453      220.0000  0.5823E+00  0.5419E+00  0.6389E+00  0.8442E+00  0.9465E+00  0.9801E+00  0.9970E+00  0.9527E+00  0.9374E+00  0.9151E+00  0.9075E+00  0.8937E+00  0.8962E+00  0.9044E+00  0.9013E+00  0.8947E+00  0.8818E+00  0.8613E+00  0.8292E+00  0.8157E+00  0.8137E+00  0.8241E+00  0.8375E+00  0.8442E+00  0.8312E+00  0.5759E+00
     25.8808      230.0000  0.5809E+00  0.5400E+00  0.6326E+00  0.8356E+00  0.9386E+00  0.9708E+00  0.9890E+00  0.9461E+00  0.9315E+00  0.9105E+00  0.9038E+00  0.8907E+00  0.8936E+00  0.9018E+00  0.8993E+00  0.8928E+00  0.8800E+00  0.8614E+00  0.8289E+00  0.8154E+00  0.8133E+00  0.8226E+00  0.8360E+00  0.8428E+00  0.8302E+00  0.5754E+00
     26.0163      240.0000  0.5793E+00  0.5377E+00  0.6262E+00  0.8265E+00  0.9297E+00  0.9611E+00  0.9803E+00  0.9387E+00  0.9251E+00  0.9054E+00  0.8995E+00  0.8870E+00  0.8905E+00  0.8989E+00  0.8969E+00  0.8905E+00  0.8780E+00  0.8603E+00  0.8285E+00  0.8153E+00  0.8130E+00  0.8213E+00  0.8348E+00  0.8417E+00  0.8293E+00  0.5748E+00
     26.1518      250.0000  0.5774E+00  0.5351E+00  0.6201E+00  0.8173E+00  0.9202E+00  0.9513E+00  0.9713E+00  0.9309E+00  0.9184E+00  0.8997E+00  0.8946E+00  0.8828E+00  0.8869E+00  0.8956E+00  0.8940E+00  0.8879E+00  0.8756E+00  0.8590E+00  0.8280E+00  0.8151E+00  0.8129E+00  0.8202E+00  0.8338E+00  0.8409E+00  0.8287E+00  0.5741E+00
     26.2873      260.0000  0.5753E+00  0.5322E+00  0.6144E+00  0.8082E+00  0.9103E+00  0.9417E+00  0.9621E+00  0.9230E+00  0.9114E+00  0.8937E+00  0.8894E+00  0.8783E+00  0.8829E+00  0.8920E+00  0.8907E+00  0.8850E+00  0.8731E+00  0.8576E+00  0.8274E+00  0.8150E+00  0.8128E+00  0.8193E+00  0.8329E+00  0.8399E+00  0.8281E+00  0.5733E+00
     26.4228      270.0000  0.5731E+00  0.5291E+00  0.6092E+00  0.7995E+00  0.9005E+00  0.9326E+00  0.9530E+00  0.9150E+00  0.9044E+00  0.8876E+00  0.8840E+00  0.8735E+00  0.8787E+00  0.8881E+00  0.8873E+00  0.8818E+00  0.8703E+00  0.8560E+00  0.8266E+00  0.8147E+00  0.8127E+00  0.8184E+00  0.8323E+00  0.8395E+00  0.8276E+00  0.5724E+00
     26.5583      280.0000  0.5708E+00  0.5260E+00  0.6046E+00  0.7914E+00  0.8909E+00  0.9242E+00  0.9442E+00  0.9074E+00  0.8976E+00  0.8815E+00  0.8785E+00  0.8687E+00  0.8744E+00  0.8845E+00  0.8837E+00  0.8786E+00  0.8675E+00  0.8542E+00  0.8256E+00  0.8142E+00  0.8125E+00  0.8175E+00  0.8317E+00  0.8392E+00  0.8272E+00  0.5714E+00
     26.6938      290.0000  0.5685E+00  0.5229E+00  0.6006E+00  0.7841E+00  0.8817E+00  0.9167E+00  0.9358E+00  0.9002E+00  0.8912E+00  0.8756E+00  0.8732E+00  0.8639E+00  0.8701E+00  0.8807E+00  0.8801E+00  0.8753E+00  0.8646E+00  0.8522E+00  0.8243E+00  0.8134E+00  0.8120E+00  0.8166E+00  0.8313E+00  0.8394E+00  0.8267E+00  0.5704E+00
     26.8293      300.0000  0.5663E+00  0.5200E+00  0.5974E+00  0.7776E+00  0.8732E+00  0.9104E+00  0.9283E+00  0.8937E+00  0.8852E+00  0.8701E+00  0.8683E+00  0.8594E+00  0.8659E+00  0.8769E+00  0.8765E+00  0.8720E+00  0.8618E+00  0.8500E+00  0.8228E+00  0.8124E+00  0.8112E+00  0.8155E+00  0.8308E+00  0.8390E+00  0.8262E+00  0.5693E+00
     26.9648      310.0000  0.5642E+00  0.5173E+00  0.5949E+00  0.7722E+00  0.8657E+00  0.9054E+00  0.9216E+00  0.8880E+00  0.8800E+00  0.8652E+00  0.8637E+00  0.8552E+00  0.8621E+00  0.8734E+00  0.8731E+00  0.8689E+00  0.8590E+00  0.8464E+00  0.8209E+00  0.8110E+00  0.8101E+00  0.8144E+00  0.8301E+00  0.8385E+00  0.8256E+00  0.5681E+00
     27.1003      320.0000  0.5624E+00  0.5150E+00  0.5930E+00  0.7678E+00  0.8591E+00  0.9018E+00  0.9160E+00  0.8833E+00  0.8758E+00  0.8610E+00  0.8599E+00  0.8516E+00  0.8586E+00  0.8701E+00  0.8700E+00  0.8660E+00  0.8563E+00  0.8440E+00  0.8188E+00  0.8093E+00  0.8087E+00  0.8133E+00  0.8293E+00  0.8379E+00  0.8249E+00  0.5669E+00
     27.2358      330.0000  0.5609E+00  0.5131E+00  0.5920E+00  0.7646E+00  0.8539E+00  0.8997E+00  0.9117E+00  0.8797E+00  0.8724E+00  0.8577E+00  0.8566E+00  0.8485E+00  0.8557E+00  0.8672E+00  0.8672E+00  0.8634E+00  0.8540E+00  0.8415E+00  0.8166E+00  0.8073E+00  0.8071E+00  0.8122E+00  0.8285E+00  0.8372E+00  0.8242E+00  0.5658E+00
     27.3713      340.0000  0.5598E+00  0.5118E+00  0.5917E+00  0.7627E+00  0.8499E+00  0.8991E+00  0.9087E+00  0.8773E+00  0.8699E+00  0.8552E+00  0.8542E+00  0.8461E+00  0.8533E+00  0.8649E+00  0.8649E+00  0.8612E+00  0.8519E+00  0.8392E+00  0.8143E+00  0.8053E+00  0.8054E+00  0.8112E+00  0.8277E+00  0.8366E+00  0.8234E+00  0.5647E+00
     27.5068      350.0000  0.5591E+00  0.5110E+00  0.5944E+00  0.7632E+00  0.8474E+00  0.9000E+00  0.9071E+00  0.8762E+00  0.8657E+00  0.8527E+00  0.8521E+00  0.8445E+00  0.8516E+00  0.8599E+00  0.8631E+00  0.8595E+00  0.8503E+00  0.8371E+00  0.8120E+00  0.8032E+00  0.8037E+00  0.8103E+00  0.8270E+00  0.8360E+00  0.8228E+00  0.5637E+00
     27.6423      360.0000  0.5589E+00  0.5108E+00  0.5957E+00  0.7638E+00  0.8465E+00  0.9023E+00  0.9071E+00  0.8764E+00  0.8658E+00  0.8523E+00  0.8515E+00  0.8436E+00  0.8506E+00  0.8592E+00  0.8619E+00  0.8582E+00  0.8491E+00  0.8352E+00  0.8100E+00  0.8013E+00  0.8022E+00  0.8097E+00  0.8264E+00  0.8355E+00  0.8223E+00  0.5629E+00
     27.7778       10.0000  0.5591E+00  0.5112E+00  0.5978E+00  0.7657E+00  0.8472E+00  0.9060E+00  0.9087E+00  0.8779E+00  0.8669E+00  0.8528E+00  0.8517E+00  0.8435E+00  0.8503E+00  0.8589E+00  0.8613E+00  0.8576E+00  0.8485E+00  0.8337E+00  0.8083E+00  0.7997E+00  0.8010E+00  0.8095E+00  0.8262E+00  0.8354E+00  0.8221E+00  0.5623E+00
     27.9133       20.0000  0.5598E+00  0.5122E+00  0.6009E+00  0.7691E+00  0.8495E+00  0.9110E+00  0.9117E+00  0.8808E+00  0.8691E+00  0.8543E+00  0.8527E+00  0.8442E+00  0.8507E+00  0.8592E+00  0.8613E+00  0.8576E+00  0.8484E+00  0.8328E+00  0.8071E+00  0.7986E+00  0.8002E+00  0.8107E+00  0.8262E+00  0.8352E+00  0.8222E+00  0.5620E+00
     28.0488       30.0000  0.5609E+00  0.5138E+00  0.6049E+00  0.7737E+00  0.8534E+00  0.9172E+00  0.9163E+00  0.8848E+00  0.8723E+00  0.8568E+00  0.8546E+00  0.8456E+00  0.8518E+00  0.8601E+00  0.8620E+00  0.8582E+00  0.8490E+00  0.8324E+00  0.8076E+00  0.7980E+00  0.8000E+00  0.8113E+00  0.8269E+00  0.8359E+00  0.8226E+00  0.5619E+00
     28.1843       40.0000  0.5624E+00  0.5158E+00  0.6096E+00  0.7797E+00  0.8589E+00  0.9244E+00  0.9222E+00  0.8900E+00  0.8765E+00  0.8601E+00  0.8573E+00  0.8478E+00  0.8535E+00  0.8620E+00  0.8633E+00  0.8594E+00  0.8502E+00  0.8327E+00  0.8075E+00  0.7980E+00  0.8004E+00  0.8124E+00  0.8280E+00  0.8371E+00  0.8234E+00  0.5622E+00
     28.3198       50.0000  0.5642E+00  0.5182E+00  0.6149E+00  0.7869E+00  0.8658E+00  0.9326E+00  0.9294E+00  0.8961E+00  0.8816E+00  0.8642E+00  0.8606E+00  0.8506E+00  0.8559E+00  0.8643E+00  0.8652E+00  0.8613E+00  0.8519E+00  0.8337E+00  0.8080E+00  0.7986E+00  0.8015E+00  0.8141E+00  0.8307E+00  0.8428E+00  0.8247E+00  0.5628E+00
     28.4553       60.0000  0.5662E+00  0.5209E+00  0.6208E+00  0.7951E+00  0.8739E+00  0.9414E+00  0.9376E+00  0.9032E+00  0.8874E+00  0.8690E+00  0.8646E+00  0.8540E+00  0.8588E+00  0.8670E+00  0.8677E+00  0.8636E+00  0.8542E+00  0.8353E+00  0.8091E+00  0.7998E+00  0.8031E+00  0.8161E+00  0.8327E+00  0.8445E+00  0.8262E+00  0.5636E+00
     28.5908       70.0000  0.5684E+00  0.5237E+00  0.6271E+00  0.8041E+00  0.8831E+00  0.9508E+00  0.9467E+00  0.9108E+00  0.8939E+00  0.8744E+00  0.8692E+00  0.8579E+00  0.8622E+00  0.8701E+00  0.8706E+00  0.8665E+00  0.8569E+00  0.8373E+00  0.8108E+00  0.8016E+00  0.8051E+00  0.8185E+00  0.8351E+00  0.8466E+00  0.8280E+00  0.5647E+00
     28.7263       80.0000  0.5707E+00  0.5267E+00  0.6335E+00  0.8137E+00  0.8932E+00  0.9603E+00  0.9563E+00  0.9189E+00  0.9011E+00  0.8802E+00  0.8741E+00  0.8621E+00  0.8660E+00  0.8736E+00  0.8739E+00  0.8697E+00  0.8600E+00  0.8398E+00  0.8129E+00  0.8037E+00  0.8074E+00  0.8212E+00  0.8377E+00  0.8489E+00  0.8299E+00  0.5660E+00
     28.8618       90.0000  0.5730E+00  0.5295E+00  0.6399E+00  0.8236E+00  0.9037E+00  0.9698E+00  0.9662E+00  0.9271E+00  0.9083E+00  0.8863E+00  0.8793E+00  0.8666E+00  0.8700E+00  0.8774E+00  0.8774E+00  0.8731E+00  0.8633E+00  0.8427E+00  0.8153E+00  0.8060E+00  0.8099E+00  0.8240E+00  0.8403E+00  0.8513E+00  0.8319E+00  0.5675E+00
     28.9973      100.0000  0.5752E+00  0.5323E+00  0.6460E+00  0.8335E+00  0.9143E+00  0.9789E+00  0.9760E+00  0.9352E+00  0.9154E+00  0.8924E+00  0.8846E+00  0.8713E+00  0.8742E+00  0.8813E+00  0.8812E+00  0.8767E+00  0.8667E+00  0.8458E+00  0.8179E+00  0.8084E+00  0.8123E+00  0.8266E+00  0.8427E+00  0.8535E+00  0.8337E+00  0.5690E+00
     29.1328      110.0000  0.5773E+00  0.5349E+00  0.6517E+00  0.8429E+00  0.9247E+00  0.9874E+00  0.9854E+00  0.9430E+00  0.9219E+00  0.8982E+00  0.8898E+00  0.8759E+00  0.8784E+00  0.8850E+00  0.8850E+00  0.8803E+00  0.8701E+00  0.8491E+00  0.8204E+00  0.8107E+00  0.8145E+00  0.8290E+00  0.8449E+00  0.8553E+00  0.8353E+00  0.5704E+00
     29.2683      120.0000  0.5792E+00  0.5372E+00  0.6566E+00  0.8515E+00  0.9345E+00  0.9950E+00  0.9940E+00  0.9501E+00  0.9281E+00  0.9038E+00  0.8948E+00  0.8805E+00  0.8826E+00  0.8887E+00  0.8887E+00  0.8838E+00  0.8733E+00  0.8520E+00  0.8229E+00  0.8128E+00  0.8163E+00  0.8309E+00  0.8465E+00  0.8568E+00  0.8366E+00  0.5719E+00
     29.4038      130.0000  0.5809E+00  0.5393E+00  0.6606E+00  0.8589E+00  0.9434E+00  0.1001E+01  0.1002E+01  0.9564E+00  0.9337E+00  0.9090E+00  0.8995E+00  0.8847E+00  0.8865E+00  0.8923E+00  0.8922E+00  0.8871E+00  0.8763E+00  0.8548E+00  0.8250E+00  0.8145E+00  0.8176E+00  0.8323E+00  0.8477E+00  0.8577E+00  0.8376E+00  0.5732E+00
     29.5393      140.0000  0.5823E+00  0.5411E+00  0.6635E+00  0.8647E+00  0.9510E+00  0.1006E+01  0.1008E+01  0.9616E+00  0.9386E+00  0.9135E+00  0.9037E+00  0.8886E+00  0.8901E+00  0.8957E+00  0.8953E+00  0.8901E+00  0.8789E+00  0.8571E+00  0.8269E+00  0.8158E+00  0.8185E+00  0.8333E+00  0.8473E+00  0.8539E+00  0.8380E+00  0.5743E+00
     29.6748      150.0000  0.5834E+00  0.5426E+00  0.6651E+00  0.8688E+00  0.9570E+00  0.1009E+01  0.1013E+01  0.9655E+00  0.9424E+00  0.9172E+00  0.9072E+00  0.8919E+00  0.8933E+00  0.8986E+00  0.8981E+00  0.8926E+00  0.8811E+00  0.8591E+00  0.8284E+00  0.8167E+00  0.8187E+00  0.8336E+00  0.8474E+00  0.8539E+00  0.8381E+00  0.5752E+00
     29.8103      160.0000  0.5841E+00  0.5438E+00  0.6653E+00  0.8711E+00  0.9612E+00  0.1010E+01  0.1016E+01  0.9680E+00  0.9451E+00  0.9200E+00  0.9100E+00  0.8946E+00  0.8958E+00  0.9043E+00  0.9004E+00  0.8946E+00  0.8827E+00  0.8605E+00  0.8294E+00  0.8172E+00  0.8186E+00  0.8333E+00  0.8468E+00  0.8533E+00  0.8377E+00  0.5759E+00
     29.9458      170.0000  0.5846E+00  0.5446E+00  0.6641E+00  0.8713E+00  0.9635E+00  0.1010E+01  0.1017E+01  0.9690E+00  0.9466E+00  0.9218E+00  0.9119E+00  0.8966E+00  0.8978E+00  0.9057E+00  0.9021E+00  0.8961E+00  0.8839E+00  0.8616E+00  0.8301E+00  0.8173E+00  0.8180E+00  0.8325E+00  0.8459E+00  0.8526E+00  0.8370E+00  0.5764E+00
