Time history of radial distribution for BEM variable: DirChordx[rad] for blade 3
                          rCurvi[m] (curvilinear radial distance)
                                0.7893      2.3679      3.9465      5.5252      7.1038      8.6824     10.2610     11.8396     13.4183     14.9969     16.5755     18.1541     19.7327     21.3114     22.8900     24.4686     26.0472     27.6258     29.2045     30.7831     32.3617     33.9403     35.5189     37.0976     38.2815     39.0708
                          zB[m] (radial coordinate along blade axis)
     time[s]  azimuth[deg]      0.1833      1.7550      3.3298      4.9068      6.4848      8.0632      9.6424     11.2249     12.8084     14.3901     15.9679     17.5464     19.1248     20.7032     22.2813     23.8593     25.4367     27.0133     28.5891     30.1640     31.7379     33.3108     34.8828     36.4546     37.6318     38.4135
      0.0000      120.0000  0.2094E+01  0.2084E+01  0.2078E+01  0.2077E+01  0.2077E+01  0.2077E+01  0.2078E+01  0.2083E+01  0.2090E+01  0.2094E+01  0.2094E+01  0.2095E+01  0.2097E+01  0.2098E+01  0.2100E+01  0.2102E+01  0.2103E+01  0.2104E+01  0.2104E+01  0.2105E+01  0.2105E+01  0.2107E+01  0.2111E+01  0.2121E+01  0.2139E+01  0.2178E+01
      0.1355      130.0000  0.2269E+01  0.2258E+01  0.2253E+01  0.2252E+01  0.2252E+01  0.2252E+01  0.2253E+01  0.2258E+01  0.2264E+01  0.2269E+01  0.2269E+01  0.2270E+01  0.2272E+01  0.2273E+01  0.2275E+01  0.2277E+01  0.2278E+01  0.2279E+01  0.2280E+01  0.2280E+01  0.2281E+01  0.2283E+01  0.2287E+01  0.2297E+01  0.2315E+01  0.2354E+01
      0.2710      140.0000  0.2443E+01  0.2433E+01  0.2427E+01  0.2426E+01  0.2426E+01  0.2427E+01  0.2427E+01  0.2433E+01  0.2439E+01  0.2444E+01  0.2444E+01  0.2445E+01  0.2446E+01  0.2448E+01  0.2450E+01  0.2452E+01  0.2453E+01  0.2454E+01  0.2455E+01  0.2455E+01  0.2456E+01  0.2458E+01  0.2463E+01  0.2472E+01  0.2491E+01  0.2530E+01
      0.4065      150.0000  0.2618E+01  0.2607E+01  0.2602E+01  0.2601E+01  0.2601E+01  0.2601E+01  0.2602E+01  0.2607E+01  0.2614E+01  0.2618E+01  0.2618E+01  0.2619E+01  0.2621E+01  0.2623E+01  0.2625E+01  0.2627E+01  0.2628E+01  0.2629E+01  0.2630E+01  0.2630E+01  0.2631E+01  0.2633E+01  0.2638E+01  0.2647E+01  0.2666E+01  0.2705E+01
      0.5420      160.0000  0.2792E+01  0.2782E+01  0.2776E+01  0.2775E+01  0.2775E+01  0.2775E+01  0.2776E+01  0.2781E+01  0.2788E+01  0.2793E+01  0.2792E+01  0.2794E+01  0.2795E+01  0.2797E+01  0.2799E+01  0.2801E+01  0.2802E+01  0.2803E+01  0.2804E+01  0.2805E+01  0.2806E+01  0.2808E+01  0.2813E+01  0.2822E+01  0.2840E+01  0.2879E+01
      0.6775      170.0000  0.2966E+01  0.2956E+01  0.2950E+01  0.2949E+01  0.2949E+01  0.2949E+01  0.2950E+01  0.2955E+01  0.2962E+01  0.2967E+01  0.2967E+01  0.2968E+01  0.2969E+01  0.2971E+01  0.2973E+01  0.2975E+01  0.2977E+01  0.2978E+01  0.2979E+01  0.2979E+01  0.2980E+01  0.2982E+01  0.2987E+01  0.2997E+01  0.3015E+01  0.3054E+01
      0.8130      180.0000  0.3140E+01  0.3130E+01  0.3124E+01  0.3123E+01  0.3123E+01  0.3123E+01  0.3124E+01  0.3129E+01  0.3136E+01  0.3141E+01  0.3141E+01  0.3142E+01  0.3143E+01  0.3145E+01  0.3147E+01  0.3149E+01  0.3151E+01  0.3152E+01  0.3153E+01  0.3153E+01  0.3154E+01  0.3156E+01  0.3161E+01  0.3171E+01  0.3189E+01  0.3228E+01
      0.9485      190.0000 -0.2969E+01 -0.2980E+01 -0.2985E+01 -0.2986E+01 -0.2986E+01 -0.2986E+01 -0.2985E+01 -0.2980E+01 -0.2973E+01 -0.2968E+01 -0.2969E+01 -0.2968E+01 -0.2966E+01 -0.2964E+01 -0.2962E+01 -0.2960E+01 -0.2959E+01 -0.2957E+01 -0.2957E+01 -0.2956E+01 -0.2955E+01 -0.2953E+01 -0.2948E+01 -0.2939E+01 -0.2921E+01 -0.2882E+01
      1.0840      200.0000 -0.2795E+01 -0.2805E+01 -0.2811E+01 -0.2812E+01 -0.2812E+01 -0.2812E+01 -0.2811E+01 -0.2806E+01 -0.2799E+01 -0.2794E+01 -0.2795E+01 -0.2794E+01 -0.2792E+01 -0.2790E+01 -0.2788E+01 -0.2786E+01 -0.2785E+01 -0.2784E+01 -0.2783E+01 -0.2782E+01 -0.2781E+01 -0.2779E+01 -0.2775E+01 -0.2765E+01 -0.2747E+01 -0.2708E+01
      1.2195      210.0000 -0.2621E+01 -0.2631E+01 -0.2637E+01 -0.2638E+01 -0.2638E+01 -0.2638E+01 -0.2637E+01 -0.2632E+01 -0.2625E+01 -0.2620E+01 -0.2621E+01 -0.2619E+01 -0.2618E+01 -0.2616E+01 -0.2614E+01 -0.2612E+01 -0.2611E+01 -0.2610E+01 -0.2609E+01 -0.2608E+01 -0.2607E+01 -0.2605E+01 -0.2601E+01 -0.2591E+01 -0.2573E+01 -0.2535E+01
      1.3550      220.0000 -0.2447E+01 -0.2457E+01 -0.2463E+01 -0.2464E+01 -0.2464E+01 -0.2463E+01 -0.2462E+01 -0.2457E+01 -0.2451E+01 -0.2446E+01 -0.2446E+01 -0.2445E+01 -0.2444E+01 -0.2442E+01 -0.2440E+01 -0.2438E+01 -0.2437E+01 -0.2436E+01 -0.2435E+01 -0.2435E+01 -0.2434E+01 -0.2432E+01 -0.2427E+01 -0.2418E+01 -0.2400E+01 -0.2361E+01
      1.4905      230.0000 -0.2272E+01 -0.2282E+01 -0.2288E+01 -0.2289E+01 -0.2289E+01 -0.2289E+01 -0.2288E+01 -0.2283E+01 -0.2276E+01 -0.2272E+01 -0.2272E+01 -0.2271E+01 -0.2269E+01 -0.2268E+01 -0.2266E+01 -0.2264E+01 -0.2263E+01 -0.2262E+01 -0.2261E+01 -0.2261E+01 -0.2260E+01 -0.2258E+01 -0.2254E+01 -0.2244E+01 -0.2226E+01 -0.2188E+01
      1.6260      240.0000 -0.2097E+01 -0.2108E+01 -0.2113E+01 -0.2114E+01 -0.2114E+01 -0.2114E+01 -0.2113E+01 -0.2108E+01 -0.2102E+01 -0.2097E+01 -0.2098E+01 -0.2097E+01 -0.2095E+01 -0.2093E+01 -0.2091E+01 -0.2090E+01 -0.2089E+01 -0.2088E+01 -0.2087E+01 -0.2087E+01 -0.2086E+01 -0.2084E+01 -0.2080E+01 -0.2071E+01 -0.2053E+01 -0.2014E+01
      1.7615      250.0000 -0.1922E+01 -0.1933E+01 -0.1938E+01 -0.1940E+01 -0.1939E+01 -0.1939E+01 -0.1939E+01 -0.1934E+01 -0.1927E+01 -0.1923E+01 -0.1923E+01 -0.1922E+01 -0.1920E+01 -0.1919E+01 -0.1917E+01 -0.1915E+01 -0.1914E+01 -0.1914E+01 -0.1913E+01 -0.1913E+01 -0.1912E+01 -0.1911E+01 -0.1907E+01 -0.1897E+01 -0.1879E+01 -0.1841E+01
      1.8970      260.0000 -0.1747E+01 -0.1758E+01 -0.1763E+01 -0.1765E+01 -0.1764E+01 -0.1764E+01 -0.1764E+01 -0.1759E+01 -0.1753E+01 -0.1748E+01 -0.1748E+01 -0.1747E+01 -0.1746E+01 -0.1744E+01 -0.1742E+01 -0.1741E+01 -0.1740E+01 -0.1739E+01 -0.1739E+01 -0.1739E+01 -0.1738E+01 -0.1737E+01 -0.1733E+01 -0.1724E+01 -0.1706E+01 -0.1667E+01
      2.0325      270.0000 -0.1572E+01 -0.1583E+01 -0.1588E+01 -0.1589E+01 -0.1589E+01 -0.1589E+01 -0.1589E+01 -0.1584E+01 -0.1578E+01 -0.1573E+01 -0.1573E+01 -0.1573E+01 -0.1571E+01 -0.1570E+01 -0.1568E+01 -0.1567E+01 -0.1566E+01 -0.1565E+01 -0.1565E+01 -0.1565E+01 -0.1565E+01 -0.1563E+01 -0.1559E+01 -0.1550E+01 -0.1532E+01 -0.1493E+01
      2.1680      280.0000 -0.1397E+01 -0.1408E+01 -0.1413E+01 -0.1414E+01 -0.1414E+01 -0.1414E+01 -0.1414E+01 -0.1409E+01 -0.1403E+01 -0.1398E+01 -0.1399E+01 -0.1398E+01 -0.1396E+01 -0.1395E+01 -0.1393E+01 -0.1392E+01 -0.1391E+01 -0.1391E+01 -0.1391E+01 -0.1391E+01 -0.1391E+01 -0.1389E+01 -0.1385E+01 -0.1376E+01 -0.1359E+01 -0.1320E+01
      2.3035      290.0000 -0.1222E+01 -0.1233E+01 -0.1238E+01 -0.1239E+01 -0.1239E+01 -0.1239E+01 -0.1239E+01 -0.1234E+01 -0.1228E+01 -0.1224E+01 -0.1224E+01 -0.1223E+01 -0.1222E+01 -0.1220E+01 -0.1219E+01 -0.1218E+01 -0.1217E+01 -0.1217E+01 -0.1217E+01 -0.1217E+01 -0.1217E+01 -0.1215E+01 -0.1212E+01 -0.1203E+01 -0.1185E+01 -0.1146E+01
      2.4390      300.0000 -0.1047E+01 -0.1058E+01 -0.1063E+01 -0.1065E+01 -0.1064E+01 -0.1064E+01 -0.1064E+01 -0.1059E+01 -0.1053E+01 -0.1049E+01 -0.1049E+01 -0.1049E+01 -0.1047E+01 -0.1046E+01 -0.1044E+01 -0.1043E+01 -0.1043E+01 -0.1042E+01 -0.1043E+01 -0.1043E+01 -0.1043E+01 -0.1042E+01 -0.1038E+01 -0.1029E+01 -0.1012E+01 -0.9728E+00
      2.5745      310.0000 -0.8726E+00 -0.8830E+00 -0.8884E+00 -0.8899E+00 -0.8894E+00 -0.8894E+00 -0.8891E+00 -0.8848E+00 -0.8788E+00 -0.8744E+00 -0.8749E+00 -0.8742E+00 -0.8729E+00 -0.8715E+00 -0.8702E+00 -0.8691E+00 -0.8684E+00 -0.8683E+00 -0.8686E+00 -0.8690E+00 -0.8690E+00 -0.8680E+00 -0.8645E+00 -0.8557E+00 -0.8380E+00 -0.7993E+00
      2.7100      320.0000 -0.6981E+00 -0.7084E+00 -0.7138E+00 -0.7153E+00 -0.7148E+00 -0.7148E+00 -0.7146E+00 -0.7103E+00 -0.7044E+00 -0.7001E+00 -0.7005E+00 -0.6999E+00 -0.6987E+00 -0.6973E+00 -0.6960E+00 -0.6949E+00 -0.6944E+00 -0.6943E+00 -0.6947E+00 -0.6952E+00 -0.6953E+00 -0.6944E+00 -0.6909E+00 -0.6822E+00 -0.6645E+00 -0.6258E+00
      2.8455      330.0000 -0.5238E+00 -0.5340E+00 -0.5395E+00 -0.5409E+00 -0.5404E+00 -0.5404E+00 -0.5403E+00 -0.5360E+00 -0.5302E+00 -0.5259E+00 -0.5264E+00 -0.5257E+00 -0.5245E+00 -0.5232E+00 -0.5219E+00 -0.5209E+00 -0.5204E+00 -0.5204E+00 -0.5208E+00 -0.5214E+00 -0.5216E+00 -0.5208E+00 -0.5174E+00 -0.5087E+00 -0.4910E+00 -0.4523E+00
      2.9810      340.0000 -0.3496E+00 -0.3598E+00 -0.3652E+00 -0.3666E+00 -0.3662E+00 -0.3662E+00 -0.3661E+00 -0.3619E+00 -0.3561E+00 -0.3518E+00 -0.3523E+00 -0.3517E+00 -0.3505E+00 -0.3492E+00 -0.3480E+00 -0.3470E+00 -0.3465E+00 -0.3466E+00 -0.3470E+00 -0.3476E+00 -0.3479E+00 -0.3471E+00 -0.3437E+00 -0.3351E+00 -0.3174E+00 -0.2787E+00
      3.1165      350.0000 -0.1755E+00 -0.1858E+00 -0.1912E+00 -0.1926E+00 -0.1921E+00 -0.1922E+00 -0.1920E+00 -0.1879E+00 -0.1821E+00 -0.1778E+00 -0.1783E+00 -0.1777E+00 -0.1765E+00 -0.1752E+00 -0.1740E+00 -0.1731E+00 -0.1726E+00 -0.1727E+00 -0.1732E+00 -0.1738E+00 -0.1741E+00 -0.1733E+00 -0.1700E+00 -0.1614E+00 -0.1437E+00 -0.1049E+00
      3.2520      360.0000 -0.1501E-02 -0.1174E-01 -0.1715E-01 -0.1855E-01 -0.1811E-01 -0.1814E-01 -0.1801E-01 -0.1389E-01 -0.8103E-02 -0.3829E-02 -0.4319E-02 -0.3714E-02 -0.2559E-02 -0.1250E-02 -0.7490E-04  0.8630E-03  0.1297E-02  0.1227E-02  0.7409E-03  0.8414E-04 -0.1988E-03  0.5475E-03  0.3868E-02  0.1247E-01  0.3020E-01  0.6906E-01
      3.3875       10.0000  0.1725E+00  0.1623E+00  0.1568E+00  0.1554E+00  0.1559E+00  0.1559E+00  0.1560E+00  0.1601E+00  0.1659E+00  0.1702E+00  0.1697E+00  0.1703E+00  0.1715E+00  0.1728E+00  0.1740E+00  0.1749E+00  0.1754E+00  0.1753E+00  0.1748E+00  0.1742E+00  0.1739E+00  0.1747E+00  0.1780E+00  0.1866E+00  0.2044E+00  0.2433E+00
      3.5230       20.0000  0.3466E+00  0.3363E+00  0.3309E+00  0.3295E+00  0.3299E+00  0.3299E+00  0.3301E+00  0.3342E+00  0.3400E+00  0.3443E+00  0.3438E+00  0.3445E+00  0.3456E+00  0.3470E+00  0.3482E+00  0.3491E+00  0.3496E+00  0.3496E+00  0.3491E+00  0.3485E+00  0.3483E+00  0.3491E+00  0.3524E+00  0.3611E+00  0.3789E+00  0.4179E+00
      3.6585       30.0000  0.5208E+00  0.5105E+00  0.5051E+00  0.5036E+00  0.5041E+00  0.5041E+00  0.5043E+00  0.5085E+00  0.5143E+00  0.5186E+00  0.5182E+00  0.5188E+00  0.5200E+00  0.5213E+00  0.5226E+00  0.5236E+00  0.5241E+00  0.5241E+00  0.5237E+00  0.5231E+00  0.5229E+00  0.5238E+00  0.5272E+00  0.5359E+00  0.5538E+00  0.5929E+00
      3.7940       40.0000  0.6951E+00  0.6848E+00  0.6794E+00  0.6779E+00  0.6784E+00  0.6784E+00  0.6786E+00  0.6829E+00  0.6888E+00  0.6931E+00  0.6927E+00  0.6933E+00  0.6945E+00  0.6959E+00  0.6972E+00  0.6983E+00  0.6988E+00  0.6989E+00  0.6986E+00  0.6981E+00  0.6979E+00  0.6988E+00  0.7023E+00  0.7111E+00  0.7291E+00  0.7682E+00
      3.9295       50.0000  0.8696E+00  0.8593E+00  0.8539E+00  0.8524E+00  0.8529E+00  0.8529E+00  0.8532E+00  0.8575E+00  0.8635E+00  0.8678E+00  0.8674E+00  0.8681E+00  0.8693E+00  0.8708E+00  0.8721E+00  0.8732E+00  0.8739E+00  0.8740E+00  0.8737E+00  0.8733E+00  0.8733E+00  0.8743E+00  0.8779E+00  0.8867E+00  0.9047E+00  0.9440E+00
      4.0650       60.0000  0.1044E+01  0.1034E+01  0.1029E+01  0.1027E+01  0.1028E+01  0.1028E+01  0.1028E+01  0.1032E+01  0.1038E+01  0.1043E+01  0.1042E+01  0.1043E+01  0.1044E+01  0.1046E+01  0.1047E+01  0.1048E+01  0.1049E+01  0.1049E+01  0.1049E+01  0.1049E+01  0.1049E+01  0.1050E+01  0.1054E+01  0.1063E+01  0.1081E+01  0.1120E+01
      4.2005       70.0000  0.1219E+01  0.1209E+01  0.1203E+01  0.1202E+01  0.1202E+01  0.1202E+01  0.1203E+01  0.1207E+01  0.1213E+01  0.1218E+01  0.1217E+01  0.1218E+01  0.1220E+01  0.1221E+01  0.1223E+01  0.1224E+01  0.1225E+01  0.1225E+01  0.1225E+01  0.1225E+01  0.1225E+01  0.1226E+01  0.1230E+01  0.1239E+01  0.1257E+01  0.1296E+01
      4.3360       80.0000  0.1394E+01  0.1384E+01  0.1378E+01  0.1377E+01  0.1377E+01  0.1377E+01  0.1378E+01  0.1382E+01  0.1389E+01  0.1393E+01  0.1393E+01  0.1394E+01  0.1395E+01  0.1397E+01  0.1398E+01  0.1399E+01  0.1400E+01  0.1401E+01  0.1401E+01  0.1401E+01  0.1401E+01  0.1402E+01  0.1406E+01  0.1415E+01  0.1433E+01  0.1473E+01
      4.4715       90.0000  0.1569E+01  0.1559E+01  0.1553E+01  0.1552E+01  0.1552E+01  0.1552E+01  0.1553E+01  0.1558E+01  0.1564E+01  0.1568E+01  0.1568E+01  0.1569E+01  0.1570E+01  0.1572E+01  0.1574E+01  0.1575E+01  0.1576E+01  0.1577E+01  0.1577E+01  0.1577E+01  0.1577E+01  0.1579E+01  0.1583E+01  0.1592E+01  0.1610E+01  0.1649E+01
      4.6070      100.0000  0.1744E+01  0.1734E+01  0.1728E+01  0.1727E+01  0.1727E+01  0.1728E+01  0.1728E+01  0.1733E+01  0.1739E+01  0.1744E+01  0.1744E+01  0.1744E+01  0.1746E+01  0.1748E+01  0.1749E+01  0.1751E+01  0.1752E+01  0.1752E+01  0.1753E+01  0.1753E+01  0.1753E+01  0.1755E+01  0.1759E+01  0.1768E+01  0.1787E+01  0.1826E+01
      4.7425      110.0000  0.1919E+01  0.1909E+01  0.1903E+01  0.1902E+01  0.1902E+01  0.1903E+01  0.1903E+01  0.1908E+01  0.1914E+01  0.1919E+01  0.1919E+01  0.1920E+01  0.1921E+01  0.1923E+01  0.1925E+01  0.1926E+01  0.1927E+01  0.1928E+01  0.1929E+01  0.1929E+01  0.1929E+01  0.1931E+01  0.1935E+01  0.1945E+01  0.1963E+01  0.2002E+01
      4.8780      120.0000  0.2094E+01  0.2084E+01  0.2078E+01  0.2077E+01  0.2077E+01  0.2077E+01  0.2078E+01  0.2083E+01  0.2090E+01  0.2094E+01  0.2094E+01  0.2095E+01  0.2097E+01  0.2098E+01  0.2100E+01  0.2102E+01  0.2103E+01  0.2104E+01  0.2104E+01  0.2105E+01  0.2105E+01  0.2107E+01  0.2111E+01  0.2121E+01  0.2139E+01  0.2178E+01
      5.0136      130.0000  0.2269E+01  0.2258E+01  0.2253E+01  0.2252E+01  0.2252E+01  0.2252E+01  0.2253E+01  0.2258E+01  0.2264E+01  0.2269E+01  0.2269E+01  0.2270E+01  0.2272E+01  0.2273E+01  0.2275E+01  0.2277E+01  0.2278E+01  0.2279E+01  0.2280E+01  0.2280E+01  0.2281E+01  0.2283E+01  0.2287E+01  0.2297E+01  0.2315E+01  0.2354E+01
      5.1491      140.0000  0.2443E+01  0.2433E+01  0.2427E+01  0.2426E+01  0.2426E+01  0.2427E+01  0.2427E+01  0.2433E+01  0.2439E+01  0.2444E+01  0.2444E+01  0.2445E+01  0.2446E+01  0.2448E+01  0.2450E+01  0.2452E+01  0.2453E+01  0.2454E+01  0.2455E+01  0.2455E+01  0.2456E+01  0.2458E+01  0.2463E+01  0.2472E+01  0.2491E+01  0.2530E+01
      5.2846      150.0000  0.2618E+01  0.2607E+01  0.2602E+01  0.2601E+01  0.2601E+01  0.2601E+01  0.2602E+01  0.2607E+01  0.2614E+01  0.2618E+01  0.2618E+01  0.2619E+01  0.2621E+01  0.2623E+01  0.2625E+01  0.2627E+01  0.2628E+01  0.2629E+01  0.2630E+01  0.2630E+01  0.2631E+01  0.2633E+01  0.2638E+01  0.2647E+01  0.2666E+01  0.2705E+01
      5.4201      160.0000  0.2792E+01  0.2782E+01  0.2776E+01  0.2775E+01  0.2775E+01  0.2775E+01  0.2776E+01  0.2781E+01  0.2788E+01  0.2793E+01  0.2792E+01  0.2794E+01  0.2795E+01  0.2797E+01  0.2799E+01  0.2801E+01  0.2802E+01  0.2803E+01  0.2804E+01  0.2805E+01  0.2806E+01  0.2808E+01  0.2813E+01  0.2822E+01  0.2840E+01  0.2879E+01
      5.5556      170.0000  0.2966E+01  0.2956E+01  0.2950E+01  0.2949E+01  0.2949E+01  0.2949E+01  0.2950E+01  0.2955E+01  0.2962E+01  0.2967E+01  0.2967E+01  0.2968E+01  0.2969E+01  0.2971E+01  0.2973E+01  0.2975E+01  0.2977E+01  0.2978E+01  0.2979E+01  0.2979E+01  0.2980E+01  0.2982E+01  0.2987E+01  0.2997E+01  0.3015E+01  0.3054E+01
      5.6911      180.0000  0.3140E+01  0.3130E+01  0.3124E+01  0.3123E+01  0.3123E+01  0.3123E+01  0.3124E+01  0.3129E+01  0.3136E+01  0.3141E+01  0.3141E+01  0.3142E+01  0.3143E+01  0.3145E+01  0.3147E+01  0.3149E+01  0.3151E+01  0.3152E+01  0.3153E+01  0.3153E+01  0.3154E+01  0.3156E+01  0.3161E+01  0.3171E+01  0.3189E+01  0.3228E+01
      5.8266      190.0000 -0.2969E+01 -0.2980E+01 -0.2985E+01 -0.2986E+01 -0.2986E+01 -0.2986E+01 -0.2985E+01 -0.2980E+01 -0.2973E+01 -0.2968E+01 -0.2969E+01 -0.2968E+01 -0.2966E+01 -0.2964E+01 -0.2962E+01 -0.2960E+01 -0.2959E+01 -0.2957E+01 -0.2957E+01 -0.2956E+01 -0.2955E+01 -0.2953E+01 -0.2948E+01 -0.2939E+01 -0.2921E+01 -0.2882E+01
      5.9621      200.0000 -0.2795E+01 -0.2805E+01 -0.2811E+01 -0.2812E+01 -0.2812E+01 -0.2812E+01 -0.2811E+01 -0.2806E+01 -0.2799E+01 -0.2794E+01 -0.2795E+01 -0.2794E+01 -0.2792E+01 -0.2790E+01 -0.2788E+01 -0.2786E+01 -0.2785E+01 -0.2784E+01 -0.2783E+01 -0.2782E+01 -0.2781E+01 -0.2779E+01 -0.2775E+01 -0.2765E+01 -0.2747E+01 -0.2708E+01
      6.0976      210.0000 -0.2621E+01 -0.2631E+01 -0.2637E+01 -0.2638E+01 -0.2638E+01 -0.2638E+01 -0.2637E+01 -0.2632E+01 -0.2625E+01 -0.2620E+01 -0.2621E+01 -0.2619E+01 -0.2618E+01 -0.2616E+01 -0.2614E+01 -0.2612E+01 -0.2611E+01 -0.2610E+01 -0.2609E+01 -0.2608E+01 -0.2607E+01 -0.2605E+01 -0.2601E+01 -0.2591E+01 -0.2573E+01 -0.2535E+01
      6.2331      220.0000 -0.2447E+01 -0.2457E+01 -0.2463E+01 -0.2464E+01 -0.2464E+01 -0.2463E+01 -0.2462E+01 -0.2457E+01 -0.2451E+01 -0.2446E+01 -0.2446E+01 -0.2445E+01 -0.2444E+01 -0.2442E+01 -0.2440E+01 -0.2438E+01 -0.2437E+01 -0.2436E+01 -0.2435E+01 -0.2435E+01 -0.2434E+01 -0.2432E+01 -0.2427E+01 -0.2418E+01 -0.2400E+01 -0.2361E+01
      6.3686      230.0000 -0.2272E+01 -0.2282E+01 -0.2288E+01 -0.2289E+01 -0.2289E+01 -0.2289E+01 -0.2288E+01 -0.2283E+01 -0.2276E+01 -0.2272E+01 -0.2272E+01 -0.2271E+01 -0.2269E+01 -0.2268E+01 -0.2266E+01 -0.2264E+01 -0.2263E+01 -0.2262E+01 -0.2261E+01 -0.2261E+01 -0.2260E+01 -0.2258E+01 -0.2254E+01 -0.2244E+01 -0.2226E+01 -0.2188E+01
      6.5041      240.0000 -0.2097E+01 -0.2108E+01 -0.2113E+01 -0.2114E+01 -0.2114E+01 -0.2114E+01 -0.2113E+01 -0.2108E+01 -0.2102E+01 -0.2097E+01 -0.2098E+01 -0.2097E+01 -0.2095E+01 -0.2093E+01 -0.2091E+01 -0.2090E+01 -0.2089E+01 -0.2088E+01 -0.2087E+01 -0.2087E+01 -0.2086E+01 -0.2084E+01 -0.2080E+01 -0.2071E+01 -0.2053E+01 -0.2014E+01
      6.6396      250.0000 -0.1922E+01 -0.1933E+01 -0.1938E+01 -0.1940E+01 -0.1939E+01 -0.1939E+01 -0.1939E+01 -0.1934E+01 -0.1927E+01 -0.1923E+01 -0.1923E+01 -0.1922E+01 -0.1920E+01 -0.1919E+01 -0.1917E+01 -0.1915E+01 -0.1914E+01 -0.1914E+01 -0.1913E+01 -0.1913E+01 -0.1912E+01 -0.1911E+01 -0.1907E+01 -0.1897E+01 -0.1879E+01 -0.1841E+01
      6.7751      260.0000 -0.1747E+01 -0.1758E+01 -0.1763E+01 -0.1765E+01 -0.1764E+01 -0.1764E+01 -0.1764E+01 -0.1759E+01 -0.1753E+01 -0.1748E+01 -0.1748E+01 -0.1747E+01 -0.1746E+01 -0.1744E+01 -0.1742E+01 -0.1741E+01 -0.1740E+01 -0.1739E+01 -0.1739E+01 -0.1739E+01 -0.1738E+01 -0.1737E+01 -0.1733E+01 -0.1724E+01 -0.1706E+01 -0.1667E+01
      6.9106      270.0000 -0.1572E+01 -0.1583E+01 -0.1588E+01 -0.1589E+01 -0.1589E+01 -0.1589E+01 -0.1589E+01 -0.1584E+01 -0.1578E+01 -0.1573E+01 -0.1573E+01 -0.1573E+01 -0.1571E+01 -0.1570E+01 -0.1568E+01 -0.1567E+01 -0.1566E+01 -0.1565E+01 -0.1565E+01 -0.1565E+01 -0.1565E+01 -0.1563E+01 -0.1559E+01 -0.1550E+01 -0.1532E+01 -0.1493E+01
      7.0461      280.0000 -0.1397E+01 -0.1408E+01 -0.1413E+01 -0.1414E+01 -0.1414E+01 -0.1414E+01 -0.1414E+01 -0.1409E+01 -0.1403E+01 -0.1398E+01 -0.1399E+01 -0.1398E+01 -0.1396E+01 -0.1395E+01 -0.1393E+01 -0.1392E+01 -0.1391E+01 -0.1391E+01 -0.1391E+01 -0.1391E+01 -0.1391E+01 -0.1389E+01 -0.1385E+01 -0.1376E+01 -0.1359E+01 -0.1320E+01
      7.1816      290.0000 -0.1222E+01 -0.1233E+01 -0.1238E+01 -0.1239E+01 -0.1239E+01 -0.1239E+01 -0.1239E+01 -0.1234E+01 -0.1228E+01 -0.1224E+01 -0.1224E+01 -0.1223E+01 -0.1222E+01 -0.1220E+01 -0.1219E+01 -0.1218E+01 -0.1217E+01 -0.1217E+01 -0.1217E+01 -0.1217E+01 -0.1217E+01 -0.1215E+01 -0.1212E+01 -0.1203E+01 -0.1185E+01 -0.1146E+01
      7.3171      300.0000 -0.1047E+01 -0.1058E+01 -0.1063E+01 -0.1065E+01 -0.1064E+01 -0.1064E+01 -0.1064E+01 -0.1059E+01 -0.1053E+01 -0.1049E+01 -0.1049E+01 -0.1049E+01 -0.1047E+01 -0.1046E+01 -0.1044E+01 -0.1043E+01 -0.1043E+01 -0.1042E+01 -0.1043E+01 -0.1043E+01 -0.1043E+01 -0.1042E+01 -0.1038E+01 -0.1029E+01 -0.1012E+01 -0.9728E+00
      7.4526      310.0000 -0.8726E+00 -0.8830E+00 -0.8884E+00 -0.8899E+00 -0.8894E+00 -0.8894E+00 -0.8891E+00 -0.8848E+00 -0.8788E+00 -0.8744E+00 -0.8749E+00 -0.8742E+00 -0.8729E+00 -0.8715E+00 -0.8702E+00 -0.8691E+00 -0.8684E+00 -0.8683E+00 -0.8686E+00 -0.8690E+00 -0.8690E+00 -0.8680E+00 -0.8645E+00 -0.8557E+00 -0.8380E+00 -0.7993E+00
      7.5881      320.0000 -0.6981E+00 -0.7084E+00 -0.7138E+00 -0.7153E+00 -0.7148E+00 -0.7148E+00 -0.7146E+00 -0.7103E+00 -0.7044E+00 -0.7001E+00 -0.7005E+00 -0.6999E+00 -0.6987E+00 -0.6973E+00 -0.6960E+00 -0.6949E+00 -0.6944E+00 -0.6943E+00 -0.6947E+00 -0.6952E+00 -0.6953E+00 -0.6944E+00 -0.6909E+00 -0.6822E+00 -0.6645E+00 -0.6258E+00
      7.7236      330.0000 -0.5238E+00 -0.5340E+00 -0.5395E+00 -0.5409E+00 -0.5404E+00 -0.5404E+00 -0.5403E+00 -0.5360E+00 -0.5302E+00 -0.5259E+00 -0.5264E+00 -0.5257E+00 -0.5245E+00 -0.5232E+00 -0.5219E+00 -0.5209E+00 -0.5204E+00 -0.5204E+00 -0.5208E+00 -0.5214E+00 -0.5216E+00 -0.5208E+00 -0.5174E+00 -0.5087E+00 -0.4910E+00 -0.4523E+00
      7.8591      340.0000 -0.3496E+00 -0.3598E+00 -0.3652E+00 -0.3666E+00 -0.3662E+00 -0.3662E+00 -0.3661E+00 -0.3619E+00 -0.3561E+00 -0.3518E+00 -0.3523E+00 -0.3517E+00 -0.3505E+00 -0.3492E+00 -0.3480E+00 -0.3470E+00 -0.3465E+00 -0.3466E+00 -0.3470E+00 -0.3476E+00 -0.3479E+00 -0.3471E+00 -0.3437E+00 -0.3351E+00 -0.3174E+00 -0.2787E+00
      7.9946      350.0000 -0.1755E+00 -0.1858E+00 -0.1912E+00 -0.1926E+00 -0.1921E+00 -0.1922E+00 -0.1920E+00 -0.1879E+00 -0.1821E+00 -0.1778E+00 -0.1783E+00 -0.1777E+00 -0.1765E+00 -0.1752E+00 -0.1740E+00 -0.1731E+00 -0.1726E+00 -0.1727E+00 -0.1732E+00 -0.1738E+00 -0.1741E+00 -0.1733E+00 -0.1700E+00 -0.1614E+00 -0.1437E+00 -0.1049E+00
      8.1301      360.0000 -0.1501E-02 -0.1174E-01 -0.1715E-01 -0.1855E-01 -0.1811E-01 -0.1814E-01 -0.1801E-01 -0.1389E-01 -0.8103E-02 -0.3829E-02 -0.4319E-02 -0.3714E-02 -0.2559E-02 -0.1250E-02 -0.7490E-04  0.8630E-03  0.1297E-02  0.1227E-02  0.7409E-03  0.8414E-04 -0.1988E-03  0.5475E-03  0.3868E-02  0.1247E-01  0.3020E-01  0.6906E-01
      8.2656       10.0000  0.1725E+00  0.1623E+00  0.1568E+00  0.1554E+00  0.1559E+00  0.1559E+00  0.1560E+00  0.1601E+00  0.1659E+00  0.1702E+00  0.1697E+00  0.1703E+00  0.1715E+00  0.1728E+00  0.1740E+00  0.1749E+00  0.1754E+00  0.1753E+00  0.1748E+00  0.1742E+00  0.1739E+00  0.1747E+00  0.1780E+00  0.1866E+00  0.2044E+00  0.2433E+00
      8.4011       20.0000  0.3466E+00  0.3363E+00  0.3309E+00  0.3295E+00  0.3299E+00  0.3299E+00  0.3301E+00  0.3342E+00  0.3400E+00  0.3443E+00  0.3438E+00  0.3445E+00  0.3456E+00  0.3470E+00  0.3482E+00  0.3491E+00  0.3496E+00  0.3496E+00  0.3491E+00  0.3485E+00  0.3483E+00  0.3491E+00  0.3524E+00  0.3611E+00  0.3789E+00  0.4179E+00
      8.5366       30.0000  0.5208E+00  0.5105E+00  0.5051E+00  0.5036E+00  0.5041E+00  0.5041E+00  0.5043E+00  0.5085E+00  0.5143E+00  0.5186E+00  0.5182E+00  0.5188E+00  0.5200E+00  0.5213E+00  0.5226E+00  0.5236E+00  0.5241E+00  0.5241E+00  0.5237E+00  0.5231E+00  0.5229E+00  0.5238E+00  0.5272E+00  0.5359E+00  0.5538E+00  0.5929E+00
      8.6721       40.0000  0.6951E+00  0.6848E+00  0.6794E+00  0.6779E+00  0.6784E+00  0.6784E+00  0.6786E+00  0.6829E+00  0.6888E+00  0.6931E+00  0.6927E+00  0.6933E+00  0.6945E+00  0.6959E+00  0.6972E+00  0.6983E+00  0.6988E+00  0.6989E+00  0.6986E+00  0.6981E+00  0.6979E+00  0.6988E+00  0.7023E+00  0.7111E+00  0.7291E+00  0.7682E+00
      8.8076       50.0000  0.8696E+00  0.8593E+00  0.8539E+00  0.8524E+00  0.8529E+00  0.8529E+00  0.8532E+00  0.8575E+00  0.8635E+00  0.8678E+00  0.8674E+00  0.8681E+00  0.8693E+00  0.8708E+00  0.8721E+00  0.8732E+00  0.8739E+00  0.8740E+00  0.8737E+00  0.8733E+00  0.8733E+00  0.8743E+00  0.8779E+00  0.8867E+00  0.9047E+00  0.9440E+00
      8.9431       60.0000  0.1044E+01  0.1034E+01  0.1029E+01  0.1027E+01  0.1028E+01  0.1028E+01  0.1028E+01  0.1032E+01  0.1038E+01  0.1043E+01  0.1042E+01  0.1043E+01  0.1044E+01  0.1046E+01  0.1047E+01  0.1048E+01  0.1049E+01  0.1049E+01  0.1049E+01  0.1049E+01  0.1049E+01  0.1050E+01  0.1054E+01  0.1063E+01  0.1081E+01  0.1120E+01
      9.0786       70.0000  0.1219E+01  0.1209E+01  0.1203E+01  0.1202E+01  0.1202E+01  0.1202E+01  0.1203E+01  0.1207E+01  0.1213E+01  0.1218E+01  0.1217E+01  0.1218E+01  0.1220E+01  0.1221E+01  0.1223E+01  0.1224E+01  0.1225E+01  0.1225E+01  0.1225E+01  0.1225E+01  0.1225E+01  0.1226E+01  0.1230E+01  0.1239E+01  0.1257E+01  0.1296E+01
      9.2141       80.0000  0.1394E+01  0.1384E+01  0.1378E+01  0.1377E+01  0.1377E+01  0.1377E+01  0.1378E+01  0.1382E+01  0.1389E+01  0.1393E+01  0.1393E+01  0.1394E+01  0.1395E+01  0.1397E+01  0.1398E+01  0.1399E+01  0.1400E+01  0.1401E+01  0.1401E+01  0.1401E+01  0.1401E+01  0.1402E+01  0.1406E+01  0.1415E+01  0.1433E+01  0.1473E+01
      9.3496       90.0000  0.1569E+01  0.1559E+01  0.1553E+01  0.1552E+01  0.1552E+01  0.1552E+01  0.1553E+01  0.1558E+01  0.1564E+01  0.1568E+01  0.1568E+01  0.1569E+01  0.1570E+01  0.1572E+01  0.1574E+01  0.1575E+01  0.1576E+01  0.1577E+01  0.1577E+01  0.1577E+01  0.1577E+01  0.1579E+01  0.1583E+01  0.1592E+01  0.1610E+01  0.1649E+01
      9.4851      100.0000  0.1744E+01  0.1734E+01  0.1728E+01  0.1727E+01  0.1727E+01  0.1728E+01  0.1728E+01  0.1733E+01  0.1739E+01  0.1744E+01  0.1744E+01  0.1744E+01  0.1746E+01  0.1748E+01  0.1749E+01  0.1751E+01  0.1752E+01  0.1752E+01  0.1753E+01  0.1753E+01  0.1753E+01  0.1755E+01  0.1759E+01  0.1768E+01  0.1787E+01  0.1826E+01
      9.6206      110.0000  0.1919E+01  0.1909E+01  0.1903E+01  0.1902E+01  0.1902E+01  0.1903E+01  0.1903E+01  0.1908E+01  0.1914E+01  0.1919E+01  0.1919E+01  0.1920E+01  0.1921E+01  0.1923E+01  0.1925E+01  0.1926E+01  0.1927E+01  0.1928E+01  0.1929E+01  0.1929E+01  0.1929E+01  0.1931E+01  0.1935E+01  0.1945E+01  0.1963E+01  0.2002E+01
      9.7561      120.0000  0.2094E+01  0.2084E+01  0.2078E+01  0.2077E+01  0.2077E+01  0.2077E+01  0.2078E+01  0.2083E+01  0.2090E+01  0.2094E+01  0.2094E+01  0.2095E+01  0.2097E+01  0.2098E+01  0.2100E+01  0.2102E+01  0.2103E+01  0.2104E+01  0.2104E+01  0.2105E+01  0.2105E+01  0.2107E+01  0.2111E+01  0.2121E+01  0.2139E+01  0.2178E+01
      9.8916      130.0000  0.2269E+01  0.2258E+01  0.2253E+01  0.2252E+01  0.2252E+01  0.2252E+01  0.2253E+01  0.2258E+01  0.2264E+01  0.2269E+01  0.2269E+01  0.2270E+01  0.2272E+01  0.2273E+01  0.2275E+01  0.2277E+01  0.2278E+01  0.2279E+01  0.2280E+01  0.2280E+01  0.2281E+01  0.2283E+01  0.2287E+01  0.2297E+01  0.2315E+01  0.2354E+01
     10.0271      140.0000  0.2443E+01  0.2433E+01  0.2427E+01  0.2426E+01  0.2426E+01  0.2427E+01  0.2427E+01  0.2433E+01  0.2439E+01  0.2444E+01  0.2444E+01  0.2445E+01  0.2446E+01  0.2448E+01  0.2450E+01  0.2452E+01  0.2453E+01  0.2454E+01  0.2455E+01  0.2455E+01  0.2456E+01  0.2458E+01  0.2463E+01  0.2472E+01  0.2491E+01  0.2530E+01
     10.1626      150.0000  0.2618E+01  0.2607E+01  0.2602E+01  0.2601E+01  0.2601E+01  0.2601E+01  0.2602E+01  0.2607E+01  0.2614E+01  0.2618E+01  0.2618E+01  0.2619E+01  0.2621E+01  0.2623E+01  0.2625E+01  0.2627E+01  0.2628E+01  0.2629E+01  0.2630E+01  0.2630E+01  0.2631E+01  0.2633E+01  0.2638E+01  0.2647E+01  0.2666E+01  0.2705E+01
     10.2981      160.0000  0.2792E+01  0.2782E+01  0.2776E+01  0.2775E+01  0.2775E+01  0.2775E+01  0.2776E+01  0.2781E+01  0.2788E+01  0.2793E+01  0.2792E+01  0.2794E+01  0.2795E+01  0.2797E+01  0.2799E+01  0.2801E+01  0.2802E+01  0.2803E+01  0.2804E+01  0.2805E+01  0.2806E+01  0.2808E+01  0.2813E+01  0.2822E+01  0.2840E+01  0.2879E+01
     10.4336      170.0000  0.2966E+01  0.2956E+01  0.2950E+01  0.2949E+01  0.2949E+01  0.2949E+01  0.2950E+01  0.2955E+01  0.2962E+01  0.2967E+01  0.2967E+01  0.2968E+01  0.2969E+01  0.2971E+01  0.2973E+01  0.2975E+01  0.2977E+01  0.2978E+01  0.2979E+01  0.2979E+01  0.2980E+01  0.2982E+01  0.2987E+01  0.2997E+01  0.3015E+01  0.3054E+01
     10.5691      180.0000  0.3140E+01  0.3130E+01  0.3124E+01  0.3123E+01  0.3123E+01  0.3123E+01  0.3124E+01  0.3129E+01  0.3136E+01  0.3141E+01  0.3141E+01  0.3142E+01  0.3143E+01  0.3145E+01  0.3147E+01  0.3149E+01  0.3151E+01  0.3152E+01  0.3153E+01  0.3153E+01  0.3154E+01  0.3156E+01  0.3161E+01  0.3171E+01  0.3189E+01  0.3228E+01
     10.7046      190.0000 -0.2969E+01 -0.2980E+01 -0.2985E+01 -0.2986E+01 -0.2986E+01 -0.2986E+01 -0.2985E+01 -0.2980E+01 -0.2973E+01 -0.2968E+01 -0.2969E+01 -0.2968E+01 -0.2966E+01 -0.2964E+01 -0.2962E+01 -0.2960E+01 -0.2959E+01 -0.2957E+01 -0.2957E+01 -0.2956E+01 -0.2955E+01 -0.2953E+01 -0.2948E+01 -0.2939E+01 -0.2921E+01 -0.2882E+01
     10.8401      200.0000 -0.2795E+01 -0.2805E+01 -0.2811E+01 -0.2812E+01 -0.2812E+01 -0.2812E+01 -0.2811E+01 -0.2806E+01 -0.2799E+01 -0.2794E+01 -0.2795E+01 -0.2794E+01 -0.2792E+01 -0.2790E+01 -0.2788E+01 -0.2786E+01 -0.2785E+01 -0.2784E+01 -0.2783E+01 -0.2782E+01 -0.2781E+01 -0.2779E+01 -0.2775E+01 -0.2765E+01 -0.2747E+01 -0.2708E+01
     10.9756      210.0000 -0.2621E+01 -0.2631E+01 -0.2637E+01 -0.2638E+01 -0.2638E+01 -0.2638E+01 -0.2637E+01 -0.2632E+01 -0.2625E+01 -0.2620E+01 -0.2621E+01 -0.2619E+01 -0.2618E+01 -0.2616E+01 -0.2614E+01 -0.2612E+01 -0.2611E+01 -0.2610E+01 -0.2609E+01 -0.2608E+01 -0.2607E+01 -0.2605E+01 -0.2601E+01 -0.2591E+01 -0.2573E+01 -0.2535E+01
     11.1111      220.0000 -0.2447E+01 -0.2457E+01 -0.2463E+01 -0.2464E+01 -0.2464E+01 -0.2463E+01 -0.2462E+01 -0.2457E+01 -0.2451E+01 -0.2446E+01 -0.2446E+01 -0.2445E+01 -0.2444E+01 -0.2442E+01 -0.2440E+01 -0.2438E+01 -0.2437E+01 -0.2436E+01 -0.2435E+01 -0.2435E+01 -0.2434E+01 -0.2432E+01 -0.2427E+01 -0.2418E+01 -0.2400E+01 -0.2361E+01
     11.2466      230.0000 -0.2272E+01 -0.2282E+01 -0.2288E+01 -0.2289E+01 -0.2289E+01 -0.2289E+01 -0.2288E+01 -0.2283E+01 -0.2276E+01 -0.2272E+01 -0.2272E+01 -0.2271E+01 -0.2269E+01 -0.2268E+01 -0.2266E+01 -0.2264E+01 -0.2263E+01 -0.2262E+01 -0.2261E+01 -0.2261E+01 -0.2260E+01 -0.2258E+01 -0.2254E+01 -0.2244E+01 -0.2226E+01 -0.2188E+01
     11.3821      240.0000 -0.2097E+01 -0.2108E+01 -0.2113E+01 -0.2114E+01 -0.2114E+01 -0.2114E+01 -0.2113E+01 -0.2108E+01 -0.2102E+01 -0.2097E+01 -0.2098E+01 -0.2097E+01 -0.2095E+01 -0.2093E+01 -0.2091E+01 -0.2090E+01 -0.2089E+01 -0.2088E+01 -0.2087E+01 -0.2087E+01 -0.2086E+01 -0.2084E+01 -0.2080E+01 -0.2071E+01 -0.2053E+01 -0.2014E+01
     11.5176      250.0000 -0.1922E+01 -0.1933E+01 -0.1938E+01 -0.1940E+01 -0.1939E+01 -0.1939E+01 -0.1939E+01 -0.1934E+01 -0.1927E+01 -0.1923E+01 -0.1923E+01 -0.1922E+01 -0.1920E+01 -0.1919E+01 -0.1917E+01 -0.1915E+01 -0.1914E+01 -0.1914E+01 -0.1913E+01 -0.1913E+01 -0.1912E+01 -0.1911E+01 -0.1907E+01 -0.1897E+01 -0.1879E+01 -0.1841E+01
     11.6531      260.0000 -0.1747E+01 -0.1758E+01 -0.1763E+01 -0.1765E+01 -0.1764E+01 -0.1764E+01 -0.1764E+01 -0.1759E+01 -0.1753E+01 -0.1748E+01 -0.1748E+01 -0.1747E+01 -0.1746E+01 -0.1744E+01 -0.1742E+01 -0.1741E+01 -0.1740E+01 -0.1739E+01 -0.1739E+01 -0.1739E+01 -0.1738E+01 -0.1737E+01 -0.1733E+01 -0.1724E+01 -0.1706E+01 -0.1667E+01
     11.7886      270.0000 -0.1572E+01 -0.1583E+01 -0.1588E+01 -0.1589E+01 -0.1589E+01 -0.1589E+01 -0.1589E+01 -0.1584E+01 -0.1578E+01 -0.1573E+01 -0.1573E+01 -0.1573E+01 -0.1571E+01 -0.1570E+01 -0.1568E+01 -0.1567E+01 -0.1566E+01 -0.1565E+01 -0.1565E+01 -0.1565E+01 -0.1565E+01 -0.1563E+01 -0.1559E+01 -0.1550E+01 -0.1532E+01 -0.1493E+01
     11.9241      280.0000 -0.1397E+01 -0.1408E+01 -0.1413E+01 -0.1414E+01 -0.1414E+01 -0.1414E+01 -0.1414E+01 -0.1409E+01 -0.1403E+01 -0.1398E+01 -0.1399E+01 -0.1398E+01 -0.1396E+01 -0.1395E+01 -0.1393E+01 -0.1392E+01 -0.1391E+01 -0.1391E+01 -0.1391E+01 -0.1391E+01 -0.1391E+01 -0.1389E+01 -0.1385E+01 -0.1376E+01 -0.1359E+01 -0.1320E+01
     12.0596      290.0000 -0.1222E+01 -0.1233E+01 -0.1238E+01 -0.1239E+01 -0.1239E+01 -0.1239E+01 -0.1239E+01 -0.1234E+01 -0.1228E+01 -0.1224E+01 -0.1224E+01 -0.1223E+01 -0.1222E+01 -0.1220E+01 -0.1219E+01 -0.1218E+01 -0.1217E+01 -0.1217E+01 -0.1217E+01 -0.1217E+01 -0.1217E+01 -0.1215E+01 -0.1212E+01 -0.1203E+01 -0.1185E+01 -0.1146E+01
     12.1951      300.0000 -0.1047E+01 -0.1058E+01 -0.1063E+01 -0.1065E+01 -0.1064E+01 -0.1064E+01 -0.1064E+01 -0.1059E+01 -0.1053E+01 -0.1049E+01 -0.1049E+01 -0.1049E+01 -0.1047E+01 -0.1046E+01 -0.1044E+01 -0.1043E+01 -0.1043E+01 -0.1042E+01 -0.1043E+01 -0.1043E+01 -0.1043E+01 -0.1042E+01 -0.1038E+01 -0.1029E+01 -0.1012E+01 -0.9728E+00
     12.3306      310.0000 -0.8726E+00 -0.8830E+00 -0.8884E+00 -0.8899E+00 -0.8894E+00 -0.8894E+00 -0.8891E+00 -0.8848E+00 -0.8788E+00 -0.8744E+00 -0.8749E+00 -0.8742E+00 -0.8729E+00 -0.8715E+00 -0.8702E+00 -0.8691E+00 -0.8684E+00 -0.8683E+00 -0.8686E+00 -0.8690E+00 -0.8690E+00 -0.8680E+00 -0.8645E+00 -0.8557E+00 -0.8380E+00 -0.7993E+00
     12.4661      320.0000 -0.6981E+00 -0.7084E+00 -0.7138E+00 -0.7153E+00 -0.7148E+00 -0.7148E+00 -0.7146E+00 -0.7103E+00 -0.7044E+00 -0.7001E+00 -0.7005E+00 -0.6999E+00 -0.6987E+00 -0.6973E+00 -0.6960E+00 -0.6949E+00 -0.6944E+00 -0.6943E+00 -0.6947E+00 -0.6952E+00 -0.6953E+00 -0.6944E+00 -0.6909E+00 -0.6822E+00 -0.6645E+00 -0.6258E+00
     12.6016      330.0000 -0.5238E+00 -0.5340E+00 -0.5395E+00 -0.5409E+00 -0.5404E+00 -0.5404E+00 -0.5403E+00 -0.5360E+00 -0.5302E+00 -0.5259E+00 -0.5264E+00 -0.5257E+00 -0.5245E+00 -0.5232E+00 -0.5219E+00 -0.5209E+00 -0.5204E+00 -0.5204E+00 -0.5208E+00 -0.5214E+00 -0.5216E+00 -0.5208E+00 -0.5174E+00 -0.5087E+00 -0.4910E+00 -0.4523E+00
     12.7371      340.0000 -0.3496E+00 -0.3598E+00 -0.3652E+00 -0.3666E+00 -0.3662E+00 -0.3662E+00 -0.3661E+00 -0.3619E+00 -0.3561E+00 -0.3518E+00 -0.3523E+00 -0.3517E+00 -0.3505E+00 -0.3492E+00 -0.3480E+00 -0.3470E+00 -0.3465E+00 -0.3466E+00 -0.3470E+00 -0.3476E+00 -0.3479E+00 -0.3471E+00 -0.3437E+00 -0.3351E+00 -0.3174E+00 -0.2787E+00
     12.8726      350.0000 -0.1755E+00 -0.1858E+00 -0.1912E+00 -0.1926E+00 -0.1921E+00 -0.1922E+00 -0.1920E+00 -0.1879E+00 -0.1821E+00 -0.1778E+00 -0.1783E+00 -0.1777E+00 -0.1765E+00 -0.1752E+00 -0.1740E+00 -0.1731E+00 -0.1726E+00 -0.1727E+00 -0.1732E+00 -0.1738E+00 -0.1741E+00 -0.1733E+00 -0.1700E+00 -0.1614E+00 -0.1437E+00 -0.1049E+00
     13.0081      360.0000 -0.1501E-02 -0.1174E-01 -0.1715E-01 -0.1855E-01 -0.1811E-01 -0.1814E-01 -0.1801E-01 -0.1389E-01 -0.8103E-02 -0.3829E-02 -0.4319E-02 -0.3714E-02 -0.2559E-02 -0.1250E-02 -0.7490E-04  0.8630E-03  0.1297E-02  0.1227E-02  0.7409E-03  0.8414E-04 -0.1988E-03  0.5475E-03  0.3868E-02  0.1247E-01  0.3020E-01  0.6906E-01
     13.1436       10.0000  0.1725E+00  0.1623E+00  0.1568E+00  0.1554E+00  0.1559E+00  0.1559E+00  0.1560E+00  0.1601E+00  0.1659E+00  0.1702E+00  0.1697E+00  0.1703E+00  0.1715E+00  0.1728E+00  0.1740E+00  0.1749E+00  0.1754E+00  0.1753E+00  0.1748E+00  0.1742E+00  0.1739E+00  0.1747E+00  0.1780E+00  0.1866E+00  0.2044E+00  0.2433E+00
     13.2791       20.0000  0.3466E+00  0.3363E+00  0.3309E+00  0.3295E+00  0.3299E+00  0.3299E+00  0.3301E+00  0.3342E+00  0.3400E+00  0.3443E+00  0.3438E+00  0.3445E+00  0.3456E+00  0.3470E+00  0.3482E+00  0.3491E+00  0.3496E+00  0.3496E+00  0.3491E+00  0.3485E+00  0.3483E+00  0.3491E+00  0.3524E+00  0.3611E+00  0.3789E+00  0.4179E+00
     13.4146       30.0000  0.5208E+00  0.5105E+00  0.5051E+00  0.5036E+00  0.5041E+00  0.5041E+00  0.5043E+00  0.5085E+00  0.5143E+00  0.5186E+00  0.5182E+00  0.5188E+00  0.5200E+00  0.5213E+00  0.5226E+00  0.5236E+00  0.5241E+00  0.5241E+00  0.5237E+00  0.5231E+00  0.5229E+00  0.5238E+00  0.5272E+00  0.5359E+00  0.5538E+00  0.5929E+00
     13.5501       40.0000  0.6951E+00  0.6848E+00  0.6794E+00  0.6779E+00  0.6784E+00  0.6784E+00  0.6786E+00  0.6829E+00  0.6888E+00  0.6931E+00  0.6927E+00  0.6933E+00  0.6945E+00  0.6959E+00  0.6972E+00  0.6983E+00  0.6988E+00  0.6989E+00  0.6986E+00  0.6981E+00  0.6979E+00  0.6988E+00  0.7023E+00  0.7111E+00  0.7291E+00  0.7682E+00
     13.6856       50.0000  0.8696E+00  0.8593E+00  0.8539E+00  0.8524E+00  0.8529E+00  0.8529E+00  0.8532E+00  0.8575E+00  0.8635E+00  0.8678E+00  0.8674E+00  0.8681E+00  0.8693E+00  0.8708E+00  0.8721E+00  0.8732E+00  0.8739E+00  0.8740E+00  0.8737E+00  0.8733E+00  0.8733E+00  0.8743E+00  0.8779E+00  0.8867E+00  0.9047E+00  0.9440E+00
     13.8211       60.0000  0.1044E+01  0.1034E+01  0.1029E+01  0.1027E+01  0.1028E+01  0.1028E+01  0.1028E+01  0.1032E+01  0.1038E+01  0.1043E+01  0.1042E+01  0.1043E+01  0.1044E+01  0.1046E+01  0.1047E+01  0.1048E+01  0.1049E+01  0.1049E+01  0.1049E+01  0.1049E+01  0.1049E+01  0.1050E+01  0.1054E+01  0.1063E+01  0.1081E+01  0.1120E+01
     13.9566       70.0000  0.1219E+01  0.1209E+01  0.1203E+01  0.1202E+01  0.1202E+01  0.1202E+01  0.1203E+01  0.1207E+01  0.1213E+01  0.1218E+01  0.1217E+01  0.1218E+01  0.1220E+01  0.1221E+01  0.1223E+01  0.1224E+01  0.1225E+01  0.1225E+01  0.1225E+01  0.1225E+01  0.1225E+01  0.1226E+01  0.1230E+01  0.1239E+01  0.1257E+01  0.1296E+01
     14.0921       80.0000  0.1394E+01  0.1384E+01  0.1378E+01  0.1377E+01  0.1377E+01  0.1377E+01  0.1378E+01  0.1382E+01  0.1389E+01  0.1393E+01  0.1393E+01  0.1394E+01  0.1395E+01  0.1397E+01  0.1398E+01  0.1399E+01  0.1400E+01  0.1401E+01  0.1401E+01  0.1401E+01  0.1401E+01  0.1402E+01  0.1406E+01  0.1415E+01  0.1433E+01  0.1473E+01
     14.2276       90.0000  0.1569E+01  0.1559E+01  0.1553E+01  0.1552E+01  0.1552E+01  0.1552E+01  0.1553E+01  0.1558E+01  0.1564E+01  0.1568E+01  0.1568E+01  0.1569E+01  0.1570E+01  0.1572E+01  0.1574E+01  0.1575E+01  0.1576E+01  0.1577E+01  0.1577E+01  0.1577E+01  0.1577E+01  0.1579E+01  0.1583E+01  0.1592E+01  0.1610E+01  0.1649E+01
     14.3631      100.0000  0.1744E+01  0.1734E+01  0.1728E+01  0.1727E+01  0.1727E+01  0.1728E+01  0.1728E+01  0.1733E+01  0.1739E+01  0.1744E+01  0.1744E+01  0.1744E+01  0.1746E+01  0.1748E+01  0.1749E+01  0.1751E+01  0.1752E+01  0.1752E+01  0.1753E+01  0.1753E+01  0.1753E+01  0.1755E+01  0.1759E+01  0.1768E+01  0.1787E+01  0.1826E+01
     14.4986      110.0000  0.1919E+01  0.1909E+01  0.1903E+01  0.1902E+01  0.1902E+01  0.1903E+01  0.1903E+01  0.1908E+01  0.1914E+01  0.1919E+01  0.1919E+01  0.1920E+01  0.1921E+01  0.1923E+01  0.1925E+01  0.1926E+01  0.1927E+01  0.1928E+01  0.1929E+01  0.1929E+01  0.1929E+01  0.1931E+01  0.1935E+01  0.1945E+01  0.1963E+01  0.2002E+01
     14.6341      120.0000  0.2094E+01  0.2084E+01  0.2078E+01  0.2077E+01  0.2077E+01  0.2077E+01  0.2078E+01  0.2083E+01  0.2090E+01  0.2094E+01  0.2094E+01  0.2095E+01  0.2097E+01  0.2098E+01  0.2100E+01  0.2102E+01  0.2103E+01  0.2104E+01  0.2104E+01  0.2105E+01  0.2105E+01  0.2107E+01  0.2111E+01  0.2121E+01  0.2139E+01  0.2178E+01
     14.7696      130.0000  0.2269E+01  0.2258E+01  0.2253E+01  0.2252E+01  0.2252E+01  0.2252E+01  0.2253E+01  0.2258E+01  0.2264E+01  0.2269E+01  0.2269E+01  0.2270E+01  0.2272E+01  0.2273E+01  0.2275E+01  0.2277E+01  0.2278E+01  0.2279E+01  0.2280E+01  0.2280E+01  0.2281E+01  0.2283E+01  0.2287E+01  0.2297E+01  0.2315E+01  0.2354E+01
     14.9051      140.0000  0.2443E+01  0.2433E+01  0.2427E+01  0.2426E+01  0.2426E+01  0.2427E+01  0.2427E+01  0.2433E+01  0.2439E+01  0.2444E+01  0.2444E+01  0.2445E+01  0.2446E+01  0.2448E+01  0.2450E+01  0.2452E+01  0.2453E+01  0.2454E+01  0.2455E+01  0.2455E+01  0.2456E+01  0.2458E+01  0.2463E+01  0.2472E+01  0.2491E+01  0.2530E+01
     15.0407      150.0000  0.2618E+01  0.2607E+01  0.2602E+01  0.2601E+01  0.2601E+01  0.2601E+01  0.2602E+01  0.2607E+01  0.2614E+01  0.2618E+01  0.2618E+01  0.2619E+01  0.2621E+01  0.2623E+01  0.2625E+01  0.2627E+01  0.2628E+01  0.2629E+01  0.2630E+01  0.2630E+01  0.2631E+01  0.2633E+01  0.2638E+01  0.2647E+01  0.2666E+01  0.2705E+01
     15.1762      160.0000  0.2792E+01  0.2782E+01  0.2776E+01  0.2775E+01  0.2775E+01  0.2775E+01  0.2776E+01  0.2781E+01  0.2788E+01  0.2793E+01  0.2792E+01  0.2794E+01  0.2795E+01  0.2797E+01  0.2799E+01  0.2801E+01  0.2802E+01  0.2803E+01  0.2804E+01  0.2805E+01  0.2806E+01  0.2808E+01  0.2813E+01  0.2822E+01  0.2840E+01  0.2879E+01
     15.3117      170.0000  0.2966E+01  0.2956E+01  0.2950E+01  0.2949E+01  0.2949E+01  0.2949E+01  0.2950E+01  0.2955E+01  0.2962E+01  0.2967E+01  0.2967E+01  0.2968E+01  0.2969E+01  0.2971E+01  0.2973E+01  0.2975E+01  0.2977E+01  0.2978E+01  0.2979E+01  0.2979E+01  0.2980E+01  0.2982E+01  0.2987E+01  0.2997E+01  0.3015E+01  0.3054E+01
     15.4472      180.0000  0.3140E+01  0.3130E+01  0.3124E+01  0.3123E+01  0.3123E+01  0.3123E+01  0.3124E+01  0.3129E+01  0.3136E+01  0.3141E+01  0.3141E+01  0.3142E+01  0.3143E+01  0.3145E+01  0.3147E+01  0.3149E+01  0.3151E+01  0.3152E+01  0.3153E+01  0.3153E+01  0.3154E+01  0.3156E+01  0.3161E+01  0.3171E+01  0.3189E+01  0.3228E+01
     15.5827      190.0000 -0.2969E+01 -0.2980E+01 -0.2985E+01 -0.2986E+01 -0.2986E+01 -0.2986E+01 -0.2985E+01 -0.2980E+01 -0.2973E+01 -0.2968E+01 -0.2969E+01 -0.2968E+01 -0.2966E+01 -0.2964E+01 -0.2962E+01 -0.2960E+01 -0.2959E+01 -0.2957E+01 -0.2957E+01 -0.2956E+01 -0.2955E+01 -0.2953E+01 -0.2948E+01 -0.2939E+01 -0.2921E+01 -0.2882E+01
     15.7182      200.0000 -0.2795E+01 -0.2805E+01 -0.2811E+01 -0.2812E+01 -0.2812E+01 -0.2812E+01 -0.2811E+01 -0.2806E+01 -0.2799E+01 -0.2794E+01 -0.2795E+01 -0.2794E+01 -0.2792E+01 -0.2790E+01 -0.2788E+01 -0.2786E+01 -0.2785E+01 -0.2784E+01 -0.2783E+01 -0.2782E+01 -0.2781E+01 -0.2779E+01 -0.2775E+01 -0.2765E+01 -0.2747E+01 -0.2708E+01
     15.8537      210.0000 -0.2621E+01 -0.2631E+01 -0.2637E+01 -0.2638E+01 -0.2638E+01 -0.2638E+01 -0.2637E+01 -0.2632E+01 -0.2625E+01 -0.2620E+01 -0.2621E+01 -0.2619E+01 -0.2618E+01 -0.2616E+01 -0.2614E+01 -0.2612E+01 -0.2611E+01 -0.2610E+01 -0.2609E+01 -0.2608E+01 -0.2607E+01 -0.2605E+01 -0.2601E+01 -0.2591E+01 -0.2573E+01 -0.2535E+01
     15.9892      220.0000 -0.2447E+01 -0.2457E+01 -0.2463E+01 -0.2464E+01 -0.2464E+01 -0.2463E+01 -0.2462E+01 -0.2457E+01 -0.2451E+01 -0.2446E+01 -0.2446E+01 -0.2445E+01 -0.2444E+01 -0.2442E+01 -0.2440E+01 -0.2438E+01 -0.2437E+01 -0.2436E+01 -0.2435E+01 -0.2435E+01 -0.2434E+01 -0.2432E+01 -0.2427E+01 -0.2418E+01 -0.2400E+01 -0.2361E+01
     16.1247      230.0000 -0.2272E+01 -0.2282E+01 -0.2288E+01 -0.2289E+01 -0.2289E+01 -0.2289E+01 -0.2288E+01 -0.2283E+01 -0.2276E+01 -0.2272E+01 -0.2272E+01 -0.2271E+01 -0.2269E+01 -0.2268E+01 -0.2266E+01 -0.2264E+01 -0.2263E+01 -0.2262E+01 -0.2261E+01 -0.2261E+01 -0.2260E+01 -0.2258E+01 -0.2254E+01 -0.2244E+01 -0.2226E+01 -0.2188E+01
     16.2602      240.0000 -0.2097E+01 -0.2108E+01 -0.2113E+01 -0.2114E+01 -0.2114E+01 -0.2114E+01 -0.2113E+01 -0.2108E+01 -0.2102E+01 -0.2097E+01 -0.2098E+01 -0.2097E+01 -0.2095E+01 -0.2093E+01 -0.2091E+01 -0.2090E+01 -0.2089E+01 -0.2088E+01 -0.2087E+01 -0.2087E+01 -0.2086E+01 -0.2084E+01 -0.2080E+01 -0.2071E+01 -0.2053E+01 -0.2014E+01
     16.3957      250.0000 -0.1922E+01 -0.1933E+01 -0.1938E+01 -0.1940E+01 -0.1939E+01 -0.1939E+01 -0.1939E+01 -0.1934E+01 -0.1927E+01 -0.1923E+01 -0.1923E+01 -0.1922E+01 -0.1920E+01 -0.1919E+01 -0.1917E+01 -0.1915E+01 -0.1914E+01 -0.1914E+01 -0.1913E+01 -0.1913E+01 -0.1912E+01 -0.1911E+01 -0.1907E+01 -0.1897E+01 -0.1879E+01 -0.1841E+01
     16.5312      260.0000 -0.1747E+01 -0.1758E+01 -0.1763E+01 -0.1765E+01 -0.1764E+01 -0.1764E+01 -0.1764E+01 -0.1759E+01 -0.1753E+01 -0.1748E+01 -0.1748E+01 -0.1747E+01 -0.1746E+01 -0.1744E+01 -0.1742E+01 -0.1741E+01 -0.1740E+01 -0.1739E+01 -0.1739E+01 -0.1739E+01 -0.1738E+01 -0.1737E+01 -0.1733E+01 -0.1724E+01 -0.1706E+01 -0.1667E+01
     16.6667      270.0000 -0.1572E+01 -0.1583E+01 -0.1588E+01 -0.1589E+01 -0.1589E+01 -0.1589E+01 -0.1589E+01 -0.1584E+01 -0.1578E+01 -0.1573E+01 -0.1573E+01 -0.1573E+01 -0.1571E+01 -0.1570E+01 -0.1568E+01 -0.1567E+01 -0.1566E+01 -0.1565E+01 -0.1565E+01 -0.1565E+01 -0.1565E+01 -0.1563E+01 -0.1559E+01 -0.1550E+01 -0.1532E+01 -0.1493E+01
     16.8022      280.0000 -0.1397E+01 -0.1408E+01 -0.1413E+01 -0.1414E+01 -0.1414E+01 -0.1414E+01 -0.1414E+01 -0.1409E+01 -0.1403E+01 -0.1398E+01 -0.1399E+01 -0.1398E+01 -0.1396E+01 -0.1395E+01 -0.1393E+01 -0.1392E+01 -0.1391E+01 -0.1391E+01 -0.1391E+01 -0.1391E+01 -0.1391E+01 -0.1389E+01 -0.1385E+01 -0.1376E+01 -0.1359E+01 -0.1320E+01
     16.9377      290.0000 -0.1222E+01 -0.1233E+01 -0.1238E+01 -0.1239E+01 -0.1239E+01 -0.1239E+01 -0.1239E+01 -0.1234E+01 -0.1228E+01 -0.1224E+01 -0.1224E+01 -0.1223E+01 -0.1222E+01 -0.1220E+01 -0.1219E+01 -0.1218E+01 -0.1217E+01 -0.1217E+01 -0.1217E+01 -0.1217E+01 -0.1217E+01 -0.1215E+01 -0.1212E+01 -0.1203E+01 -0.1185E+01 -0.1146E+01
     17.0732      300.0000 -0.1047E+01 -0.1058E+01 -0.1063E+01 -0.1065E+01 -0.1064E+01 -0.1064E+01 -0.1064E+01 -0.1059E+01 -0.1053E+01 -0.1049E+01 -0.1049E+01 -0.1049E+01 -0.1047E+01 -0.1046E+01 -0.1044E+01 -0.1043E+01 -0.1043E+01 -0.1042E+01 -0.1043E+01 -0.1043E+01 -0.1043E+01 -0.1042E+01 -0.1038E+01 -0.1029E+01 -0.1012E+01 -0.9728E+00
     17.2087      310.0000 -0.8726E+00 -0.8830E+00 -0.8884E+00 -0.8899E+00 -0.8894E+00 -0.8894E+00 -0.8891E+00 -0.8848E+00 -0.8788E+00 -0.8744E+00 -0.8749E+00 -0.8742E+00 -0.8729E+00 -0.8715E+00 -0.8702E+00 -0.8691E+00 -0.8684E+00 -0.8683E+00 -0.8686E+00 -0.8690E+00 -0.8690E+00 -0.8680E+00 -0.8645E+00 -0.8557E+00 -0.8380E+00 -0.7993E+00
     17.3442      320.0000 -0.6981E+00 -0.7084E+00 -0.7138E+00 -0.7153E+00 -0.7148E+00 -0.7148E+00 -0.7146E+00 -0.7103E+00 -0.7044E+00 -0.7001E+00 -0.7005E+00 -0.6999E+00 -0.6987E+00 -0.6973E+00 -0.6960E+00 -0.6949E+00 -0.6944E+00 -0.6943E+00 -0.6947E+00 -0.6952E+00 -0.6953E+00 -0.6944E+00 -0.6909E+00 -0.6822E+00 -0.6645E+00 -0.6258E+00
     17.4797      330.0000 -0.5238E+00 -0.5340E+00 -0.5395E+00 -0.5409E+00 -0.5404E+00 -0.5404E+00 -0.5403E+00 -0.5360E+00 -0.5302E+00 -0.5259E+00 -0.5264E+00 -0.5257E+00 -0.5245E+00 -0.5232E+00 -0.5219E+00 -0.5209E+00 -0.5204E+00 -0.5204E+00 -0.5208E+00 -0.5214E+00 -0.5216E+00 -0.5208E+00 -0.5174E+00 -0.5087E+00 -0.4910E+00 -0.4523E+00
     17.6152      340.0000 -0.3496E+00 -0.3598E+00 -0.3652E+00 -0.3666E+00 -0.3662E+00 -0.3662E+00 -0.3661E+00 -0.3619E+00 -0.3561E+00 -0.3518E+00 -0.3523E+00 -0.3517E+00 -0.3505E+00 -0.3492E+00 -0.3480E+00 -0.3470E+00 -0.3465E+00 -0.3466E+00 -0.3470E+00 -0.3476E+00 -0.3479E+00 -0.3471E+00 -0.3437E+00 -0.3351E+00 -0.3174E+00 -0.2787E+00
     17.7507      350.0000 -0.1755E+00 -0.1858E+00 -0.1912E+00 -0.1926E+00 -0.1921E+00 -0.1922E+00 -0.1920E+00 -0.1879E+00 -0.1821E+00 -0.1778E+00 -0.1783E+00 -0.1777E+00 -0.1765E+00 -0.1752E+00 -0.1740E+00 -0.1731E+00 -0.1726E+00 -0.1727E+00 -0.1732E+00 -0.1738E+00 -0.1741E+00 -0.1733E+00 -0.1700E+00 -0.1614E+00 -0.1437E+00 -0.1049E+00
     17.8862      360.0000 -0.1501E-02 -0.1174E-01 -0.1715E-01 -0.1855E-01 -0.1811E-01 -0.1814E-01 -0.1801E-01 -0.1389E-01 -0.8103E-02 -0.3829E-02 -0.4319E-02 -0.3714E-02 -0.2559E-02 -0.1250E-02 -0.7490E-04  0.8630E-03  0.1297E-02  0.1227E-02  0.7409E-03  0.8414E-04 -0.1988E-03  0.5475E-03  0.3868E-02  0.1247E-01  0.3020E-01  0.6906E-01
     18.0217       10.0000  0.1725E+00  0.1623E+00  0.1568E+00  0.1554E+00  0.1559E+00  0.1559E+00  0.1560E+00  0.1601E+00  0.1659E+00  0.1702E+00  0.1697E+00  0.1703E+00  0.1715E+00  0.1728E+00  0.1740E+00  0.1749E+00  0.1754E+00  0.1753E+00  0.1748E+00  0.1742E+00  0.1739E+00  0.1747E+00  0.1780E+00  0.1866E+00  0.2044E+00  0.2433E+00
     18.1572       20.0000  0.3466E+00  0.3363E+00  0.3309E+00  0.3295E+00  0.3299E+00  0.3299E+00  0.3301E+00  0.3342E+00  0.3400E+00  0.3443E+00  0.3438E+00  0.3445E+00  0.3456E+00  0.3470E+00  0.3482E+00  0.3491E+00  0.3496E+00  0.3496E+00  0.3491E+00  0.3485E+00  0.3483E+00  0.3491E+00  0.3524E+00  0.3611E+00  0.3789E+00  0.4179E+00
     18.2927       30.0000  0.5208E+00  0.5105E+00  0.5051E+00  0.5036E+00  0.5041E+00  0.5041E+00  0.5043E+00  0.5085E+00  0.5143E+00  0.5186E+00  0.5182E+00  0.5188E+00  0.5200E+00  0.5213E+00  0.5226E+00  0.5236E+00  0.5241E+00  0.5241E+00  0.5237E+00  0.5231E+00  0.5229E+00  0.5238E+00  0.5272E+00  0.5359E+00  0.5538E+00  0.5929E+00
     18.4282       40.0000  0.6951E+00  0.6848E+00  0.6794E+00  0.6779E+00  0.6784E+00  0.6784E+00  0.6786E+00  0.6829E+00  0.6888E+00  0.6931E+00  0.6927E+00  0.6933E+00  0.6945E+00  0.6959E+00  0.6972E+00  0.6983E+00  0.6988E+00  0.6989E+00  0.6986E+00  0.6981E+00  0.6979E+00  0.6988E+00  0.7023E+00  0.7111E+00  0.7291E+00  0.7682E+00
     18.5637       50.0000  0.8696E+00  0.8593E+00  0.8539E+00  0.8524E+00  0.8529E+00  0.8529E+00  0.8532E+00  0.8575E+00  0.8635E+00  0.8678E+00  0.8674E+00  0.8681E+00  0.8693E+00  0.8708E+00  0.8721E+00  0.8732E+00  0.8739E+00  0.8740E+00  0.8737E+00  0.8733E+00  0.8733E+00  0.8743E+00  0.8779E+00  0.8867E+00  0.9047E+00  0.9440E+00
     18.6992       60.0000  0.1044E+01  0.1034E+01  0.1029E+01  0.1027E+01  0.1028E+01  0.1028E+01  0.1028E+01  0.1032E+01  0.1038E+01  0.1043E+01  0.1042E+01  0.1043E+01  0.1044E+01  0.1046E+01  0.1047E+01  0.1048E+01  0.1049E+01  0.1049E+01  0.1049E+01  0.1049E+01  0.1049E+01  0.1050E+01  0.1054E+01  0.1063E+01  0.1081E+01  0.1120E+01
     18.8347       70.0000  0.1219E+01  0.1209E+01  0.1203E+01  0.1202E+01  0.1202E+01  0.1202E+01  0.1203E+01  0.1207E+01  0.1213E+01  0.1218E+01  0.1217E+01  0.1218E+01  0.1220E+01  0.1221E+01  0.1223E+01  0.1224E+01  0.1225E+01  0.1225E+01  0.1225E+01  0.1225E+01  0.1225E+01  0.1226E+01  0.1230E+01  0.1239E+01  0.1257E+01  0.1296E+01
     18.9702       80.0000  0.1394E+01  0.1384E+01  0.1378E+01  0.1377E+01  0.1377E+01  0.1377E+01  0.1378E+01  0.1382E+01  0.1389E+01  0.1393E+01  0.1393E+01  0.1394E+01  0.1395E+01  0.1397E+01  0.1398E+01  0.1399E+01  0.1400E+01  0.1401E+01  0.1401E+01  0.1401E+01  0.1401E+01  0.1402E+01  0.1406E+01  0.1415E+01  0.1433E+01  0.1473E+01
     19.1057       90.0000  0.1569E+01  0.1559E+01  0.1553E+01  0.1552E+01  0.1552E+01  0.1552E+01  0.1553E+01  0.1558E+01  0.1564E+01  0.1568E+01  0.1568E+01  0.1569E+01  0.1570E+01  0.1572E+01  0.1574E+01  0.1575E+01  0.1576E+01  0.1577E+01  0.1577E+01  0.1577E+01  0.1577E+01  0.1579E+01  0.1583E+01  0.1592E+01  0.1610E+01  0.1649E+01
     19.2412      100.0000  0.1744E+01  0.1734E+01  0.1728E+01  0.1727E+01  0.1727E+01  0.1728E+01  0.1728E+01  0.1733E+01  0.1739E+01  0.1744E+01  0.1744E+01  0.1744E+01  0.1746E+01  0.1748E+01  0.1749E+01  0.1751E+01  0.1752E+01  0.1752E+01  0.1753E+01  0.1753E+01  0.1753E+01  0.1755E+01  0.1759E+01  0.1768E+01  0.1787E+01  0.1826E+01
     19.3767      110.0000  0.1919E+01  0.1909E+01  0.1903E+01  0.1902E+01  0.1902E+01  0.1903E+01  0.1903E+01  0.1908E+01  0.1914E+01  0.1919E+01  0.1919E+01  0.1920E+01  0.1921E+01  0.1923E+01  0.1925E+01  0.1926E+01  0.1927E+01  0.1928E+01  0.1929E+01  0.1929E+01  0.1929E+01  0.1931E+01  0.1935E+01  0.1945E+01  0.1963E+01  0.2002E+01
     19.5122      120.0000  0.2094E+01  0.2084E+01  0.2078E+01  0.2077E+01  0.2077E+01  0.2077E+01  0.2078E+01  0.2083E+01  0.2090E+01  0.2094E+01  0.2094E+01  0.2095E+01  0.2097E+01  0.2098E+01  0.2100E+01  0.2102E+01  0.2103E+01  0.2104E+01  0.2104E+01  0.2105E+01  0.2105E+01  0.2107E+01  0.2111E+01  0.2121E+01  0.2139E+01  0.2178E+01
     19.6477      130.0000  0.2269E+01  0.2258E+01  0.2253E+01  0.2252E+01  0.2252E+01  0.2252E+01  0.2253E+01  0.2258E+01  0.2264E+01  0.2269E+01  0.2269E+01  0.2270E+01  0.2272E+01  0.2273E+01  0.2275E+01  0.2277E+01  0.2278E+01  0.2279E+01  0.2280E+01  0.2280E+01  0.2281E+01  0.2283E+01  0.2287E+01  0.2297E+01  0.2315E+01  0.2354E+01
     19.7832      140.0000  0.2443E+01  0.2433E+01  0.2427E+01  0.2426E+01  0.2426E+01  0.2427E+01  0.2427E+01  0.2433E+01  0.2439E+01  0.2444E+01  0.2444E+01  0.2445E+01  0.2446E+01  0.2448E+01  0.2450E+01  0.2452E+01  0.2453E+01  0.2454E+01  0.2455E+01  0.2455E+01  0.2456E+01  0.2458E+01  0.2463E+01  0.2472E+01  0.2491E+01  0.2530E+01
     19.9187      150.0000  0.2618E+01  0.2607E+01  0.2602E+01  0.2601E+01  0.2601E+01  0.2601E+01  0.2602E+01  0.2607E+01  0.2614E+01  0.2618E+01  0.2618E+01  0.2619E+01  0.2621E+01  0.2623E+01  0.2625E+01  0.2627E+01  0.2628E+01  0.2629E+01  0.2630E+01  0.2630E+01  0.2631E+01  0.2633E+01  0.2638E+01  0.2647E+01  0.2666E+01  0.2705E+01
     20.0542      160.0000  0.2792E+01  0.2782E+01  0.2776E+01  0.2775E+01  0.2775E+01  0.2775E+01  0.2776E+01  0.2781E+01  0.2788E+01  0.2793E+01  0.2792E+01  0.2794E+01  0.2795E+01  0.2797E+01  0.2799E+01  0.2801E+01  0.2802E+01  0.2803E+01  0.2804E+01  0.2805E+01  0.2806E+01  0.2808E+01  0.2813E+01  0.2822E+01  0.2840E+01  0.2879E+01
     20.1897      170.0000  0.2966E+01  0.2956E+01  0.2950E+01  0.2949E+01  0.2949E+01  0.2949E+01  0.2950E+01  0.2955E+01  0.2962E+01  0.2967E+01  0.2967E+01  0.2968E+01  0.2969E+01  0.2971E+01  0.2973E+01  0.2975E+01  0.2977E+01  0.2978E+01  0.2979E+01  0.2979E+01  0.2980E+01  0.2982E+01  0.2987E+01  0.2997E+01  0.3015E+01  0.3054E+01
     20.3252      180.0000  0.3140E+01  0.3130E+01  0.3124E+01  0.3123E+01  0.3123E+01  0.3123E+01  0.3124E+01  0.3129E+01  0.3136E+01  0.3141E+01  0.3141E+01  0.3142E+01  0.3143E+01  0.3145E+01  0.3147E+01  0.3149E+01  0.3151E+01  0.3152E+01  0.3153E+01  0.3153E+01  0.3154E+01  0.3156E+01  0.3161E+01  0.3171E+01  0.3189E+01  0.3228E+01
     20.4607      190.0000 -0.2969E+01 -0.2980E+01 -0.2985E+01 -0.2986E+01 -0.2986E+01 -0.2986E+01 -0.2985E+01 -0.2980E+01 -0.2973E+01 -0.2968E+01 -0.2969E+01 -0.2968E+01 -0.2966E+01 -0.2964E+01 -0.2962E+01 -0.2960E+01 -0.2959E+01 -0.2957E+01 -0.2957E+01 -0.2956E+01 -0.2955E+01 -0.2953E+01 -0.2948E+01 -0.2939E+01 -0.2921E+01 -0.2882E+01
     20.5962      200.0000 -0.2795E+01 -0.2805E+01 -0.2811E+01 -0.2812E+01 -0.2812E+01 -0.2812E+01 -0.2811E+01 -0.2806E+01 -0.2799E+01 -0.2794E+01 -0.2795E+01 -0.2794E+01 -0.2792E+01 -0.2790E+01 -0.2788E+01 -0.2786E+01 -0.2785E+01 -0.2784E+01 -0.2783E+01 -0.2782E+01 -0.2781E+01 -0.2779E+01 -0.2775E+01 -0.2765E+01 -0.2747E+01 -0.2708E+01
     20.7317      210.0000 -0.2621E+01 -0.2631E+01 -0.2637E+01 -0.2638E+01 -0.2638E+01 -0.2638E+01 -0.2637E+01 -0.2632E+01 -0.2625E+01 -0.2620E+01 -0.2621E+01 -0.2619E+01 -0.2618E+01 -0.2616E+01 -0.2614E+01 -0.2612E+01 -0.2611E+01 -0.2610E+01 -0.2609E+01 -0.2608E+01 -0.2607E+01 -0.2605E+01 -0.2601E+01 -0.2591E+01 -0.2573E+01 -0.2535E+01
     20.8672      220.0000 -0.2447E+01 -0.2457E+01 -0.2463E+01 -0.2464E+01 -0.2464E+01 -0.2463E+01 -0.2462E+01 -0.2457E+01 -0.2451E+01 -0.2446E+01 -0.2446E+01 -0.2445E+01 -0.2444E+01 -0.2442E+01 -0.2440E+01 -0.2438E+01 -0.2437E+01 -0.2436E+01 -0.2435E+01 -0.2435E+01 -0.2434E+01 -0.2432E+01 -0.2427E+01 -0.2418E+01 -0.2400E+01 -0.2361E+01
     21.0027      230.0000 -0.2272E+01 -0.2282E+01 -0.2288E+01 -0.2289E+01 -0.2289E+01 -0.2289E+01 -0.2288E+01 -0.2283E+01 -0.2276E+01 -0.2272E+01 -0.2272E+01 -0.2271E+01 -0.2269E+01 -0.2268E+01 -0.2266E+01 -0.2264E+01 -0.2263E+01 -0.2262E+01 -0.2261E+01 -0.2261E+01 -0.2260E+01 -0.2258E+01 -0.2254E+01 -0.2244E+01 -0.2226E+01 -0.2188E+01
     21.1382      240.0000 -0.2097E+01 -0.2108E+01 -0.2113E+01 -0.2114E+01 -0.2114E+01 -0.2114E+01 -0.2113E+01 -0.2108E+01 -0.2102E+01 -0.2097E+01 -0.2098E+01 -0.2097E+01 -0.2095E+01 -0.2093E+01 -0.2091E+01 -0.2090E+01 -0.2089E+01 -0.2088E+01 -0.2087E+01 -0.2087E+01 -0.2086E+01 -0.2084E+01 -0.2080E+01 -0.2071E+01 -0.2053E+01 -0.2014E+01
     21.2737      250.0000 -0.1922E+01 -0.1933E+01 -0.1938E+01 -0.1940E+01 -0.1939E+01 -0.1939E+01 -0.1939E+01 -0.1934E+01 -0.1927E+01 -0.1923E+01 -0.1923E+01 -0.1922E+01 -0.1920E+01 -0.1919E+01 -0.1917E+01 -0.1915E+01 -0.1914E+01 -0.1914E+01 -0.1913E+01 -0.1913E+01 -0.1912E+01 -0.1911E+01 -0.1907E+01 -0.1897E+01 -0.1879E+01 -0.1841E+01
     21.4092      260.0000 -0.1747E+01 -0.1758E+01 -0.1763E+01 -0.1765E+01 -0.1764E+01 -0.1764E+01 -0.1764E+01 -0.1759E+01 -0.1753E+01 -0.1748E+01 -0.1748E+01 -0.1747E+01 -0.1746E+01 -0.1744E+01 -0.1742E+01 -0.1741E+01 -0.1740E+01 -0.1739E+01 -0.1739E+01 -0.1739E+01 -0.1738E+01 -0.1737E+01 -0.1733E+01 -0.1724E+01 -0.1706E+01 -0.1667E+01
     21.5447      270.0000 -0.1572E+01 -0.1583E+01 -0.1588E+01 -0.1589E+01 -0.1589E+01 -0.1589E+01 -0.1589E+01 -0.1584E+01 -0.1578E+01 -0.1573E+01 -0.1573E+01 -0.1573E+01 -0.1571E+01 -0.1570E+01 -0.1568E+01 -0.1567E+01 -0.1566E+01 -0.1565E+01 -0.1565E+01 -0.1565E+01 -0.1565E+01 -0.1563E+01 -0.1559E+01 -0.1550E+01 -0.1532E+01 -0.1493E+01
     21.6802      280.0000 -0.1397E+01 -0.1408E+01 -0.1413E+01 -0.1414E+01 -0.1414E+01 -0.1414E+01 -0.1414E+01 -0.1409E+01 -0.1403E+01 -0.1398E+01 -0.1399E+01 -0.1398E+01 -0.1396E+01 -0.1395E+01 -0.1393E+01 -0.1392E+01 -0.1391E+01 -0.1391E+01 -0.1391E+01 -0.1391E+01 -0.1391E+01 -0.1389E+01 -0.1385E+01 -0.1376E+01 -0.1359E+01 -0.1320E+01
     21.8157      290.0000 -0.1222E+01 -0.1233E+01 -0.1238E+01 -0.1239E+01 -0.1239E+01 -0.1239E+01 -0.1239E+01 -0.1234E+01 -0.1228E+01 -0.1224E+01 -0.1224E+01 -0.1223E+01 -0.1222E+01 -0.1220E+01 -0.1219E+01 -0.1218E+01 -0.1217E+01 -0.1217E+01 -0.1217E+01 -0.1217E+01 -0.1217E+01 -0.1215E+01 -0.1212E+01 -0.1203E+01 -0.1185E+01 -0.1146E+01
     21.9512      300.0000 -0.1047E+01 -0.1058E+01 -0.1063E+01 -0.1065E+01 -0.1064E+01 -0.1064E+01 -0.1064E+01 -0.1059E+01 -0.1053E+01 -0.1049E+01 -0.1049E+01 -0.1049E+01 -0.1047E+01 -0.1046E+01 -0.1044E+01 -0.1043E+01 -0.1043E+01 -0.1042E+01 -0.1043E+01 -0.1043E+01 -0.1043E+01 -0.1042E+01 -0.1038E+01 -0.1029E+01 -0.1012E+01 -0.9728E+00
     22.0867      310.0000 -0.8726E+00 -0.8830E+00 -0.8884E+00 -0.8899E+00 -0.8894E+00 -0.8894E+00 -0.8891E+00 -0.8848E+00 -0.8788E+00 -0.8744E+00 -0.8749E+00 -0.8742E+00 -0.8729E+00 -0.8715E+00 -0.8702E+00 -0.8691E+00 -0.8684E+00 -0.8683E+00 -0.8686E+00 -0.8690E+00 -0.8690E+00 -0.8680E+00 -0.8645E+00 -0.8557E+00 -0.8380E+00 -0.7993E+00
     22.2222      320.0000 -0.6981E+00 -0.7084E+00 -0.7138E+00 -0.7153E+00 -0.7148E+00 -0.7148E+00 -0.7146E+00 -0.7103E+00 -0.7044E+00 -0.7001E+00 -0.7005E+00 -0.6999E+00 -0.6987E+00 -0.6973E+00 -0.6960E+00 -0.6949E+00 -0.6944E+00 -0.6943E+00 -0.6947E+00 -0.6952E+00 -0.6953E+00 -0.6944E+00 -0.6909E+00 -0.6822E+00 -0.6645E+00 -0.6258E+00
     22.3577      330.0000 -0.5238E+00 -0.5340E+00 -0.5395E+00 -0.5409E+00 -0.5404E+00 -0.5404E+00 -0.5403E+00 -0.5360E+00 -0.5302E+00 -0.5259E+00 -0.5264E+00 -0.5257E+00 -0.5245E+00 -0.5232E+00 -0.5219E+00 -0.5209E+00 -0.5204E+00 -0.5204E+00 -0.5208E+00 -0.5214E+00 -0.5216E+00 -0.5208E+00 -0.5174E+00 -0.5087E+00 -0.4910E+00 -0.4523E+00
     22.4932      340.0000 -0.3496E+00 -0.3598E+00 -0.3652E+00 -0.3666E+00 -0.3662E+00 -0.3662E+00 -0.3661E+00 -0.3619E+00 -0.3561E+00 -0.3518E+00 -0.3523E+00 -0.3517E+00 -0.3505E+00 -0.3492E+00 -0.3480E+00 -0.3470E+00 -0.3465E+00 -0.3466E+00 -0.3470E+00 -0.3476E+00 -0.3479E+00 -0.3471E+00 -0.3437E+00 -0.3351E+00 -0.3174E+00 -0.2787E+00
     22.6287      350.0000 -0.1755E+00 -0.1858E+00 -0.1912E+00 -0.1926E+00 -0.1921E+00 -0.1922E+00 -0.1920E+00 -0.1879E+00 -0.1821E+00 -0.1778E+00 -0.1783E+00 -0.1777E+00 -0.1765E+00 -0.1752E+00 -0.1740E+00 -0.1731E+00 -0.1726E+00 -0.1727E+00 -0.1732E+00 -0.1738E+00 -0.1741E+00 -0.1733E+00 -0.1700E+00 -0.1614E+00 -0.1437E+00 -0.1049E+00
     22.7642      360.0000 -0.1501E-02 -0.1174E-01 -0.1715E-01 -0.1855E-01 -0.1811E-01 -0.1814E-01 -0.1801E-01 -0.1389E-01 -0.8103E-02 -0.3829E-02 -0.4319E-02 -0.3714E-02 -0.2559E-02 -0.1250E-02 -0.7490E-04  0.8630E-03  0.1297E-02  0.1227E-02  0.7409E-03  0.8413E-04 -0.1988E-03  0.5475E-03  0.3868E-02  0.1247E-01  0.3020E-01  0.6906E-01
     22.8997       10.0000  0.1725E+00  0.1623E+00  0.1568E+00  0.1554E+00  0.1559E+00  0.1559E+00  0.1560E+00  0.1601E+00  0.1659E+00  0.1702E+00  0.1697E+00  0.1703E+00  0.1715E+00  0.1728E+00  0.1740E+00  0.1749E+00  0.1754E+00  0.1753E+00  0.1748E+00  0.1742E+00  0.1739E+00  0.1747E+00  0.1780E+00  0.1866E+00  0.2044E+00  0.2433E+00
     23.0352       20.0000  0.3466E+00  0.3363E+00  0.3309E+00  0.3295E+00  0.3299E+00  0.3299E+00  0.3301E+00  0.3342E+00  0.3400E+00  0.3443E+00  0.3438E+00  0.3445E+00  0.3456E+00  0.3470E+00  0.3482E+00  0.3491E+00  0.3496E+00  0.3496E+00  0.3491E+00  0.3485E+00  0.3483E+00  0.3491E+00  0.3524E+00  0.3611E+00  0.3789E+00  0.4179E+00
     23.1707       30.0000  0.5208E+00  0.5105E+00  0.5051E+00  0.5036E+00  0.5041E+00  0.5041E+00  0.5043E+00  0.5085E+00  0.5143E+00  0.5186E+00  0.5182E+00  0.5188E+00  0.5200E+00  0.5213E+00  0.5226E+00  0.5236E+00  0.5241E+00  0.5241E+00  0.5237E+00  0.5231E+00  0.5229E+00  0.5238E+00  0.5272E+00  0.5359E+00  0.5538E+00  0.5929E+00
     23.3062       40.0000  0.6951E+00  0.6848E+00  0.6794E+00  0.6779E+00  0.6784E+00  0.6784E+00  0.6786E+00  0.6829E+00  0.6888E+00  0.6931E+00  0.6927E+00  0.6933E+00  0.6945E+00  0.6959E+00  0.6972E+00  0.6983E+00  0.6988E+00  0.6989E+00  0.6986E+00  0.6981E+00  0.6979E+00  0.6988E+00  0.7023E+00  0.7111E+00  0.7291E+00  0.7682E+00
     23.4417       50.0000  0.8696E+00  0.8593E+00  0.8539E+00  0.8524E+00  0.8529E+00  0.8529E+00  0.8532E+00  0.8575E+00  0.8635E+00  0.8678E+00  0.8674E+00  0.8681E+00  0.8693E+00  0.8708E+00  0.8721E+00  0.8732E+00  0.8739E+00  0.8740E+00  0.8737E+00  0.8733E+00  0.8733E+00  0.8743E+00  0.8779E+00  0.8867E+00  0.9047E+00  0.9440E+00
     23.5772       60.0000  0.1044E+01  0.1034E+01  0.1029E+01  0.1027E+01  0.1028E+01  0.1028E+01  0.1028E+01  0.1032E+01  0.1038E+01  0.1043E+01  0.1042E+01  0.1043E+01  0.1044E+01  0.1046E+01  0.1047E+01  0.1048E+01  0.1049E+01  0.1049E+01  0.1049E+01  0.1049E+01  0.1049E+01  0.1050E+01  0.1054E+01  0.1063E+01  0.1081E+01  0.1120E+01
     23.7127       70.0000  0.1219E+01  0.1209E+01  0.1203E+01  0.1202E+01  0.1202E+01  0.1202E+01  0.1203E+01  0.1207E+01  0.1213E+01  0.1218E+01  0.1217E+01  0.1218E+01  0.1220E+01  0.1221E+01  0.1223E+01  0.1224E+01  0.1225E+01  0.1225E+01  0.1225E+01  0.1225E+01  0.1225E+01  0.1226E+01  0.1230E+01  0.1239E+01  0.1257E+01  0.1296E+01
     23.8482       80.0000  0.1394E+01  0.1384E+01  0.1378E+01  0.1377E+01  0.1377E+01  0.1377E+01  0.1378E+01  0.1382E+01  0.1389E+01  0.1393E+01  0.1393E+01  0.1394E+01  0.1395E+01  0.1397E+01  0.1398E+01  0.1399E+01  0.1400E+01  0.1401E+01  0.1401E+01  0.1401E+01  0.1401E+01  0.1402E+01  0.1406E+01  0.1415E+01  0.1433E+01  0.1473E+01
     23.9837       90.0000  0.1569E+01  0.1559E+01  0.1553E+01  0.1552E+01  0.1552E+01  0.1552E+01  0.1553E+01  0.1558E+01  0.1564E+01  0.1568E+01  0.1568E+01  0.1569E+01  0.1570E+01  0.1572E+01  0.1574E+01  0.1575E+01  0.1576E+01  0.1577E+01  0.1577E+01  0.1577E+01  0.1577E+01  0.1579E+01  0.1583E+01  0.1592E+01  0.1610E+01  0.1649E+01
     24.1192      100.0000  0.1744E+01  0.1734E+01  0.1728E+01  0.1727E+01  0.1727E+01  0.1728E+01  0.1728E+01  0.1733E+01  0.1739E+01  0.1744E+01  0.1744E+01  0.1744E+01  0.1746E+01  0.1748E+01  0.1749E+01  0.1751E+01  0.1752E+01  0.1752E+01  0.1753E+01  0.1753E+01  0.1753E+01  0.1755E+01  0.1759E+01  0.1768E+01  0.1787E+01  0.1826E+01
     24.2547      110.0000  0.1919E+01  0.1909E+01  0.1903E+01  0.1902E+01  0.1902E+01  0.1903E+01  0.1903E+01  0.1908E+01  0.1914E+01  0.1919E+01  0.1919E+01  0.1920E+01  0.1921E+01  0.1923E+01  0.1925E+01  0.1926E+01  0.1927E+01  0.1928E+01  0.1929E+01  0.1929E+01  0.1929E+01  0.1931E+01  0.1935E+01  0.1945E+01  0.1963E+01  0.2002E+01
     24.3902      120.0000  0.2094E+01  0.2084E+01  0.2078E+01  0.2077E+01  0.2077E+01  0.2077E+01  0.2078E+01  0.2083E+01  0.2090E+01  0.2094E+01  0.2094E+01  0.2095E+01  0.2097E+01  0.2098E+01  0.2100E+01  0.2102E+01  0.2103E+01  0.2104E+01  0.2104E+01  0.2105E+01  0.2105E+01  0.2107E+01  0.2111E+01  0.2121E+01  0.2139E+01  0.2178E+01
     24.5257      130.0000  0.2269E+01  0.2258E+01  0.2253E+01  0.2252E+01  0.2252E+01  0.2252E+01  0.2253E+01  0.2258E+01  0.2264E+01  0.2269E+01  0.2269E+01  0.2270E+01  0.2272E+01  0.2273E+01  0.2275E+01  0.2277E+01  0.2278E+01  0.2279E+01  0.2280E+01  0.2280E+01  0.2281E+01  0.2283E+01  0.2287E+01  0.2297E+01  0.2315E+01  0.2354E+01
     24.6612      140.0000  0.2443E+01  0.2433E+01  0.2427E+01  0.2426E+01  0.2426E+01  0.2427E+01  0.2427E+01  0.2433E+01  0.2439E+01  0.2444E+01  0.2444E+01  0.2445E+01  0.2446E+01  0.2448E+01  0.2450E+01  0.2452E+01  0.2453E+01  0.2454E+01  0.2455E+01  0.2455E+01  0.2456E+01  0.2458E+01  0.2463E+01  0.2472E+01  0.2491E+01  0.2530E+01
     24.7967      150.0000  0.2618E+01  0.2607E+01  0.2602E+01  0.2601E+01  0.2601E+01  0.2601E+01  0.2602E+01  0.2607E+01  0.2614E+01  0.2618E+01  0.2618E+01  0.2619E+01  0.2621E+01  0.2623E+01  0.2625E+01  0.2627E+01  0.2628E+01  0.2629E+01  0.2630E+01  0.2630E+01  0.2631E+01  0.2633E+01  0.2638E+01  0.2647E+01  0.2666E+01  0.2705E+01
     24.9322      160.0000  0.2792E+01  0.2782E+01  0.2776E+01  0.2775E+01  0.2775E+01  0.2775E+01  0.2776E+01  0.2781E+01  0.2788E+01  0.2793E+01  0.2792E+01  0.2794E+01  0.2795E+01  0.2797E+01  0.2799E+01  0.2801E+01  0.2802E+01  0.2803E+01  0.2804E+01  0.2805E+01  0.2806E+01  0.2808E+01  0.2813E+01  0.2822E+01  0.2840E+01  0.2879E+01
     25.0678      170.0000  0.2966E+01  0.2956E+01  0.2950E+01  0.2949E+01  0.2949E+01  0.2949E+01  0.2950E+01  0.2955E+01  0.2962E+01  0.2967E+01  0.2967E+01  0.2968E+01  0.2969E+01  0.2971E+01  0.2973E+01  0.2975E+01  0.2977E+01  0.2978E+01  0.2979E+01  0.2979E+01  0.2980E+01  0.2982E+01  0.2987E+01  0.2997E+01  0.3015E+01  0.3054E+01
     25.2033      180.0000  0.3140E+01  0.3130E+01  0.3124E+01  0.3123E+01  0.3123E+01  0.3123E+01  0.3124E+01  0.3129E+01  0.3136E+01  0.3141E+01  0.3141E+01  0.3142E+01  0.3143E+01  0.3145E+01  0.3147E+01  0.3149E+01  0.3151E+01  0.3152E+01  0.3153E+01  0.3153E+01  0.3154E+01  0.3156E+01  0.3161E+01  0.3171E+01  0.3189E+01  0.3228E+01
     25.3388      190.0000 -0.2969E+01 -0.2980E+01 -0.2985E+01 -0.2986E+01 -0.2986E+01 -0.2986E+01 -0.2985E+01 -0.2980E+01 -0.2973E+01 -0.2968E+01 -0.2969E+01 -0.2968E+01 -0.2966E+01 -0.2964E+01 -0.2962E+01 -0.2960E+01 -0.2959E+01 -0.2957E+01 -0.2957E+01 -0.2956E+01 -0.2955E+01 -0.2953E+01 -0.2948E+01 -0.2939E+01 -0.2921E+01 -0.2882E+01
     25.4743      200.0000 -0.2795E+01 -0.2805E+01 -0.2811E+01 -0.2812E+01 -0.2812E+01 -0.2812E+01 -0.2811E+01 -0.2806E+01 -0.2799E+01 -0.2794E+01 -0.2795E+01 -0.2794E+01 -0.2792E+01 -0.2790E+01 -0.2788E+01 -0.2786E+01 -0.2785E+01 -0.2784E+01 -0.2783E+01 -0.2782E+01 -0.2781E+01 -0.2779E+01 -0.2775E+01 -0.2765E+01 -0.2747E+01 -0.2708E+01
     25.6098      210.0000 -0.2621E+01 -0.2631E+01 -0.2637E+01 -0.2638E+01 -0.2638E+01 -0.2638E+01 -0.2637E+01 -0.2632E+01 -0.2625E+01 -0.2620E+01 -0.2621E+01 -0.2619E+01 -0.2618E+01 -0.2616E+01 -0.2614E+01 -0.2612E+01 -0.2611E+01 -0.2610E+01 -0.2609E+01 -0.2608E+01 -0.2607E+01 -0.2605E+01 -0.2601E+01 -0.2591E+01 -0.2573E+01 -0.2535E+01
     25.7453      220.0000 -0.2447E+01 -0.2457E+01 -0.2463E+01 -0.2464E+01 -0.2464E+01 -0.2463E+01 -0.2462E+01 -0.2457E+01 -0.2451E+01 -0.2446E+01 -0.2446E+01 -0.2445E+01 -0.2444E+01 -0.2442E+01 -0.2440E+01 -0.2438E+01 -0.2437E+01 -0.2436E+01 -0.2435E+01 -0.2435E+01 -0.2434E+01 -0.2432E+01 -0.2427E+01 -0.2418E+01 -0.2400E+01 -0.2361E+01
     25.8808      230.0000 -0.2272E+01 -0.2282E+01 -0.2288E+01 -0.2289E+01 -0.2289E+01 -0.2289E+01 -0.2288E+01 -0.2283E+01 -0.2276E+01 -0.2272E+01 -0.2272E+01 -0.2271E+01 -0.2269E+01 -0.2268E+01 -0.2266E+01 -0.2264E+01 -0.2263E+01 -0.2262E+01 -0.2261E+01 -0.2261E+01 -0.2260E+01 -0.2258E+01 -0.2254E+01 -0.2244E+01 -0.2226E+01 -0.2188E+01
     26.0163      240.0000 -0.2097E+01 -0.2108E+01 -0.2113E+01 -0.2114E+01 -0.2114E+01 -0.2114E+01 -0.2113E+01 -0.2108E+01 -0.2102E+01 -0.2097E+01 -0.2098E+01 -0.2097E+01 -0.2095E+01 -0.2093E+01 -0.2091E+01 -0.2090E+01 -0.2089E+01 -0.2088E+01 -0.2087E+01 -0.2087E+01 -0.2086E+01 -0.2084E+01 -0.2080E+01 -0.2071E+01 -0.2053E+01 -0.2014E+01
     26.1518      250.0000 -0.1922E+01 -0.1933E+01 -0.1938E+01 -0.1940E+01 -0.1939E+01 -0.1939E+01 -0.1939E+01 -0.1934E+01 -0.1927E+01 -0.1923E+01 -0.1923E+01 -0.1922E+01 -0.1920E+01 -0.1919E+01 -0.1917E+01 -0.1915E+01 -0.1914E+01 -0.1914E+01 -0.1913E+01 -0.1913E+01 -0.1912E+01 -0.1911E+01 -0.1907E+01 -0.1897E+01 -0.1879E+01 -0.1841E+01
     26.2873      260.0000 -0.1747E+01 -0.1758E+01 -0.1763E+01 -0.1765E+01 -0.1764E+01 -0.1764E+01 -0.1764E+01 -0.1759E+01 -0.1753E+01 -0.1748E+01 -0.1748E+01 -0.1747E+01 -0.1746E+01 -0.1744E+01 -0.1742E+01 -0.1741E+01 -0.1740E+01 -0.1739E+01 -0.1739E+01 -0.1739E+01 -0.1738E+01 -0.1737E+01 -0.1733E+01 -0.1724E+01 -0.1706E+01 -0.1667E+01
     26.4228      270.0000 -0.1572E+01 -0.1583E+01 -0.1588E+01 -0.1589E+01 -0.1589E+01 -0.1589E+01 -0.1589E+01 -0.1584E+01 -0.1578E+01 -0.1573E+01 -0.1573E+01 -0.1573E+01 -0.1571E+01 -0.1570E+01 -0.1568E+01 -0.1567E+01 -0.1566E+01 -0.1565E+01 -0.1565E+01 -0.1565E+01 -0.1565E+01 -0.1563E+01 -0.1559E+01 -0.1550E+01 -0.1532E+01 -0.1493E+01
     26.5583      280.0000 -0.1397E+01 -0.1408E+01 -0.1413E+01 -0.1414E+01 -0.1414E+01 -0.1414E+01 -0.1414E+01 -0.1409E+01 -0.1403E+01 -0.1398E+01 -0.1399E+01 -0.1398E+01 -0.1396E+01 -0.1395E+01 -0.1393E+01 -0.1392E+01 -0.1391E+01 -0.1391E+01 -0.1391E+01 -0.1391E+01 -0.1391E+01 -0.1389E+01 -0.1385E+01 -0.1376E+01 -0.1359E+01 -0.1320E+01
     26.6938      290.0000 -0.1222E+01 -0.1233E+01 -0.1238E+01 -0.1239E+01 -0.1239E+01 -0.1239E+01 -0.1239E+01 -0.1234E+01 -0.1228E+01 -0.1224E+01 -0.1224E+01 -0.1223E+01 -0.1222E+01 -0.1220E+01 -0.1219E+01 -0.1218E+01 -0.1217E+01 -0.1217E+01 -0.1217E+01 -0.1217E+01 -0.1217E+01 -0.1215E+01 -0.1212E+01 -0.1203E+01 -0.1185E+01 -0.1146E+01
     26.8293      300.0000 -0.1047E+01 -0.1058E+01 -0.1063E+01 -0.1065E+01 -0.1064E+01 -0.1064E+01 -0.1064E+01 -0.1059E+01 -0.1053E+01 -0.1049E+01 -0.1049E+01 -0.1049E+01 -0.1047E+01 -0.1046E+01 -0.1044E+01 -0.1043E+01 -0.1043E+01 -0.1042E+01 -0.1043E+01 -0.1043E+01 -0.1043E+01 -0.1042E+01 -0.1038E+01 -0.1029E+01 -0.1012E+01 -0.9728E+00
     26.9648      310.0000 -0.8726E+00 -0.8830E+00 -0.8884E+00 -0.8899E+00 -0.8894E+00 -0.8894E+00 -0.8891E+00 -0.8848E+00 -0.8788E+00 -0.8744E+00 -0.8749E+00 -0.8742E+00 -0.8729E+00 -0.8715E+00 -0.8702E+00 -0.8691E+00 -0.8684E+00 -0.8683E+00 -0.8686E+00 -0.8690E+00 -0.8690E+00 -0.8680E+00 -0.8645E+00 -0.8557E+00 -0.8380E+00 -0.7993E+00
     27.1003      320.0000 -0.6981E+00 -0.7084E+00 -0.7138E+00 -0.7153E+00 -0.7148E+00 -0.7148E+00 -0.7146E+00 -0.7103E+00 -0.7044E+00 -0.7001E+00 -0.7005E+00 -0.6999E+00 -0.6987E+00 -0.6973E+00 -0.6960E+00 -0.6949E+00 -0.6944E+00 -0.6943E+00 -0.6947E+00 -0.6952E+00 -0.6953E+00 -0.6944E+00 -0.6909E+00 -0.6822E+00 -0.6645E+00 -0.6258E+00
     27.2358      330.0000 -0.5238E+00 -0.5340E+00 -0.5395E+00 -0.5409E+00 -0.5404E+00 -0.5404E+00 -0.5403E+00 -0.5360E+00 -0.5302E+00 -0.5259E+00 -0.5264E+00 -0.5257E+00 -0.5245E+00 -0.5232E+00 -0.5219E+00 -0.5209E+00 -0.5204E+00 -0.5204E+00 -0.5208E+00 -0.5214E+00 -0.5216E+00 -0.5208E+00 -0.5174E+00 -0.5087E+00 -0.4910E+00 -0.4523E+00
     27.3713      340.0000 -0.3496E+00 -0.3598E+00 -0.3652E+00 -0.3666E+00 -0.3662E+00 -0.3662E+00 -0.3661E+00 -0.3619E+00 -0.3561E+00 -0.3518E+00 -0.3523E+00 -0.3517E+00 -0.3505E+00 -0.3492E+00 -0.3480E+00 -0.3470E+00 -0.3465E+00 -0.3466E+00 -0.3470E+00 -0.3476E+00 -0.3479E+00 -0.3471E+00 -0.3437E+00 -0.3351E+00 -0.3174E+00 -0.2787E+00
     27.5068      350.0000 -0.1755E+00 -0.1858E+00 -0.1912E+00 -0.1926E+00 -0.1921E+00 -0.1922E+00 -0.1920E+00 -0.1879E+00 -0.1821E+00 -0.1778E+00 -0.1783E+00 -0.1777E+00 -0.1765E+00 -0.1752E+00 -0.1740E+00 -0.1731E+00 -0.1726E+00 -0.1727E+00 -0.1732E+00 -0.1738E+00 -0.1741E+00 -0.1733E+00 -0.1700E+00 -0.1614E+00 -0.1437E+00 -0.1049E+00
     27.6423      360.0000 -0.1501E-02 -0.1174E-01 -0.1715E-01 -0.1855E-01 -0.1811E-01 -0.1814E-01 -0.1801E-01 -0.1389E-01 -0.8103E-02 -0.3829E-02 -0.4319E-02 -0.3714E-02 -0.2559E-02 -0.1250E-02 -0.7490E-04  0.8630E-03  0.1297E-02  0.1227E-02  0.7409E-03  0.8413E-04 -0.1988E-03  0.5475E-03  0.3868E-02  0.1247E-01  0.3020E-01  0.6906E-01
     27.7778       10.0000  0.1725E+00  0.1623E+00  0.1568E+00  0.1554E+00  0.1559E+00  0.1559E+00  0.1560E+00  0.1601E+00  0.1659E+00  0.1702E+00  0.1697E+00  0.1703E+00  0.1715E+00  0.1728E+00  0.1740E+00  0.1749E+00  0.1754E+00  0.1753E+00  0.1748E+00  0.1742E+00  0.1739E+00  0.1747E+00  0.1780E+00  0.1866E+00  0.2044E+00  0.2433E+00
     27.9133       20.0000  0.3466E+00  0.3363E+00  0.3309E+00  0.3295E+00  0.3299E+00  0.3299E+00  0.3301E+00  0.3342E+00  0.3400E+00  0.3443E+00  0.3438E+00  0.3445E+00  0.3456E+00  0.3470E+00  0.3482E+00  0.3491E+00  0.3496E+00  0.3496E+00  0.3491E+00  0.3485E+00  0.3483E+00  0.3491E+00  0.3524E+00  0.3611E+00  0.3789E+00  0.4179E+00
     28.0488       30.0000  0.5208E+00  0.5105E+00  0.5051E+00  0.5036E+00  0.5041E+00  0.5041E+00  0.5043E+00  0.5085E+00  0.5143E+00  0.5186E+00  0.5182E+00  0.5188E+00  0.5200E+00  0.5213E+00  0.5226E+00  0.5236E+00  0.5241E+00  0.5241E+00  0.5237E+00  0.5231E+00  0.5229E+00  0.5238E+00  0.5272E+00  0.5359E+00  0.5538E+00  0.5929E+00
     28.1843       40.0000  0.6951E+00  0.6848E+00  0.6794E+00  0.6779E+00  0.6784E+00  0.6784E+00  0.6786E+00  0.6829E+00  0.6888E+00  0.6931E+00  0.6927E+00  0.6933E+00  0.6945E+00  0.6959E+00  0.6972E+00  0.6983E+00  0.6988E+00  0.6989E+00  0.6986E+00  0.6981E+00  0.6979E+00  0.6988E+00  0.7023E+00  0.7111E+00  0.7291E+00  0.7682E+00
     28.3198       50.0000  0.8696E+00  0.8593E+00  0.8539E+00  0.8524E+00  0.8529E+00  0.8529E+00  0.8532E+00  0.8575E+00  0.8635E+00  0.8678E+00  0.8674E+00  0.8681E+00  0.8693E+00  0.8708E+00  0.8721E+00  0.8732E+00  0.8739E+00  0.8740E+00  0.8737E+00  0.8733E+00  0.8733E+00  0.8743E+00  0.8779E+00  0.8867E+00  0.9047E+00  0.9440E+00
     28.4553       60.0000  0.1044E+01  0.1034E+01  0.1029E+01  0.1027E+01  0.1028E+01  0.1028E+01  0.1028E+01  0.1032E+01  0.1038E+01  0.1043E+01  0.1042E+01  0.1043E+01  0.1044E+01  0.1046E+01  0.1047E+01  0.1048E+01  0.1049E+01  0.1049E+01  0.1049E+01  0.1049E+01  0.1049E+01  0.1050E+01  0.1054E+01  0.1063E+01  0.1081E+01  0.1120E+01
     28.5908       70.0000  0.1219E+01  0.1209E+01  0.1203E+01  0.1202E+01  0.1202E+01  0.1202E+01  0.1203E+01  0.1207E+01  0.1213E+01  0.1218E+01  0.1217E+01  0.1218E+01  0.1220E+01  0.1221E+01  0.1223E+01  0.1224E+01  0.1225E+01  0.1225E+01  0.1225E+01  0.1225E+01  0.1225E+01  0.1226E+01  0.1230E+01  0.1239E+01  0.1257E+01  0.1296E+01
     28.7263       80.0000  0.1394E+01  0.1384E+01  0.1378E+01  0.1377E+01  0.1377E+01  0.1377E+01  0.1378E+01  0.1382E+01  0.1389E+01  0.1393E+01  0.1393E+01  0.1394E+01  0.1395E+01  0.1397E+01  0.1398E+01  0.1399E+01  0.1400E+01  0.1401E+01  0.1401E+01  0.1401E+01  0.1401E+01  0.1402E+01  0.1406E+01  0.1415E+01  0.1433E+01  0.1473E+01
     28.8618       90.0000  0.1569E+01  0.1559E+01  0.1553E+01  0.1552E+01  0.1552E+01  0.1552E+01  0.1553E+01  0.1558E+01  0.1564E+01  0.1568E+01  0.1568E+01  0.1569E+01  0.1570E+01  0.1572E+01  0.1574E+01  0.1575E+01  0.1576E+01  0.1577E+01  0.1577E+01  0.1577E+01  0.1577E+01  0.1579E+01  0.1583E+01  0.1592E+01  0.1610E+01  0.1649E+01
     28.9973      100.0000  0.1744E+01  0.1734E+01  0.1728E+01  0.1727E+01  0.1727E+01  0.1728E+01  0.1728E+01  0.1733E+01  0.1739E+01  0.1744E+01  0.1744E+01  0.1744E+01  0.1746E+01  0.1748E+01  0.1749E+01  0.1751E+01  0.1752E+01  0.1752E+01  0.1753E+01  0.1753E+01  0.1753E+01  0.1755E+01  0.1759E+01  0.1768E+01  0.1787E+01  0.1826E+01
     29.1328      110.0000  0.1919E+01  0.1909E+01  0.1903E+01  0.1902E+01  0.1902E+01  0.1903E+01  0.1903E+01  0.1908E+01  0.1914E+01  0.1919E+01  0.1919E+01  0.1920E+01  0.1921E+01  0.1923E+01  0.1925E+01  0.1926E+01  0.1927E+01  0.1928E+01  0.1929E+01  0.1929E+01  0.1929E+01  0.1931E+01  0.1935E+01  0.1945E+01  0.1963E+01  0.2002E+01
     29.2683      120.0000  0.2094E+01  0.2084E+01  0.2078E+01  0.2077E+01  0.2077E+01  0.2077E+01  0.2078E+01  0.2083E+01  0.2090E+01  0.2094E+01  0.2094E+01  0.2095E+01  0.2097E+01  0.2098E+01  0.2100E+01  0.2102E+01  0.2103E+01  0.2104E+01  0.2104E+01  0.2105E+01  0.2105E+01  0.2107E+01  0.2111E+01  0.2121E+01  0.2139E+01  0.2178E+01
     29.4038      130.0000  0.2269E+01  0.2258E+01  0.2253E+01  0.2252E+01  0.2252E+01  0.2252E+01  0.2253E+01  0.2258E+01  0.2264E+01  0.2269E+01  0.2269E+01  0.2270E+01  0.2272E+01  0.2273E+01  0.2275E+01  0.2277E+01  0.2278E+01  0.2279E+01  0.2280E+01  0.2280E+01  0.2281E+01  0.2283E+01  0.2287E+01  0.2297E+01  0.2315E+01  0.2354E+01
     29.5393      140.0000  0.2443E+01  0.2433E+01  0.2427E+01  0.2426E+01  0.2426E+01  0.2427E+01  0.2427E+01  0.2433E+01  0.2439E+01  0.2444E+01  0.2444E+01  0.2445E+01  0.2446E+01  0.2448E+01  0.2450E+01  0.2452E+01  0.2453E+01  0.2454E+01  0.2455E+01  0.2455E+01  0.2456E+01  0.2458E+01  0.2463E+01  0.2472E+01  0.2491E+01  0.2530E+01
     29.6748      150.0000  0.2618E+01  0.2607E+01  0.2602E+01  0.2601E+01  0.2601E+01  0.2601E+01  0.2602E+01  0.2607E+01  0.2614E+01  0.2618E+01  0.2618E+01  0.2619E+01  0.2621E+01  0.2623E+01  0.2625E+01  0.2627E+01  0.2628E+01  0.2629E+01  0.2630E+01  0.2630E+01  0.2631E+01  0.2633E+01  0.2638E+01  0.2647E+01  0.2666E+01  0.2705E+01
     29.8103      160.0000  0.2792E+01  0.2782E+01  0.2776E+01  0.2775E+01  0.2775E+01  0.2775E+01  0.2776E+01  0.2781E+01  0.2788E+01  0.2793E+01  0.2792E+01  0.2794E+01  0.2795E+01  0.2797E+01  0.2799E+01  0.2801E+01  0.2802E+01  0.2803E+01  0.2804E+01  0.2805E+01  0.2806E+01  0.2808E+01  0.2813E+01  0.2822E+01  0.2840E+01  0.2879E+01
     29.9458      170.0000  0.2966E+01  0.2956E+01  0.2950E+01  0.2949E+01  0.2949E+01  0.2949E+01  0.2950E+01  0.2955E+01  0.2962E+01  0.2967E+01  0.2967E+01  0.2968E+01  0.2969E+01  0.2971E+01  0.2973E+01  0.2975E+01  0.2977E+01  0.2978E+01  0.2979E+01  0.2979E+01  0.2980E+01  0.2982E+01  0.2987E+01  0.2997E+01  0.3015E+01  0.3054E+01
