Time history of radial distribution for BEM variable: WindC14z[m/s] for blade 3
                          rCurvi[m] (curvilinear radial distance)
                                0.7893      2.3680      3.9467      5.5253      7.1040      8.6826     10.2613     11.8400     13.4186     14.9973     16.5759     18.1546     19.7333     21.3119     22.8906     24.4693     26.0479     27.6266     29.2052     30.7839     32.3626     33.9412     35.5199     37.0985     38.2825     39.0719
                          zB[m] (radial coordinate along blade axis)
     time[s]  azimuth[deg]      0.1833      1.7547      3.3293      4.9062      6.4841      8.0626      9.6419     11.2246     12.8080     14.3895     15.9673     17.5458     19.1245     20.7032     22.2816     23.8597     25.4371     27.0138     28.5897     30.1645     31.7383     33.3112     34.8834     36.4556     37.6331     38.4143
      0.0000      120.0000 -0.3049E+00 -0.3004E+00 -0.2960E+00 -0.2920E+00 -0.2912E+00 -0.3036E+00 -0.3310E+00 -0.3622E+00 -0.3882E+00 -0.4048E+00 -0.4149E+00 -0.4292E+00 -0.4470E+00 -0.4687E+00 -0.4948E+00 -0.5248E+00 -0.5581E+00 -0.5948E+00 -0.6348E+00 -0.6777E+00 -0.7223E+00 -0.7652E+00 -0.8049E+00 -0.8354E+00 -0.8430E+00 -0.8362E+00
      0.1355      130.0000 -0.2697E+00 -0.2657E+00 -0.2616E+00 -0.2578E+00 -0.2569E+00 -0.2692E+00 -0.2966E+00 -0.3276E+00 -0.3532E+00 -0.3697E+00 -0.3798E+00 -0.3941E+00 -0.4117E+00 -0.4334E+00 -0.4594E+00 -0.4894E+00 -0.5226E+00 -0.5593E+00 -0.5993E+00 -0.6422E+00 -0.6868E+00 -0.7297E+00 -0.7692E+00 -0.7994E+00 -0.8060E+00 -0.7974E+00
      0.2710      140.0000 -0.2263E+00 -0.2228E+00 -0.2189E+00 -0.2152E+00 -0.2142E+00 -0.2266E+00 -0.2540E+00 -0.2847E+00 -0.3101E+00 -0.3263E+00 -0.3365E+00 -0.3507E+00 -0.3683E+00 -0.3899E+00 -0.4159E+00 -0.4458E+00 -0.4790E+00 -0.5156E+00 -0.5557E+00 -0.5986E+00 -0.6432E+00 -0.6861E+00 -0.7254E+00 -0.7553E+00 -0.7612E+00 -0.7509E+00
      0.4065      150.0000 -0.1760E+00 -0.1728E+00 -0.1692E+00 -0.1655E+00 -0.1645E+00 -0.1769E+00 -0.2043E+00 -0.2348E+00 -0.2599E+00 -0.2761E+00 -0.2862E+00 -0.3004E+00 -0.3180E+00 -0.3395E+00 -0.3654E+00 -0.3953E+00 -0.4285E+00 -0.4652E+00 -0.5052E+00 -0.5482E+00 -0.5928E+00 -0.6357E+00 -0.6749E+00 -0.7045E+00 -0.7098E+00 -0.6983E+00
      0.5420      160.0000 -0.1203E+00 -0.1174E+00 -0.1139E+00 -0.1103E+00 -0.1093E+00 -0.1217E+00 -0.1490E+00 -0.1795E+00 -0.2044E+00 -0.2204E+00 -0.2306E+00 -0.2448E+00 -0.2623E+00 -0.2838E+00 -0.3097E+00 -0.3395E+00 -0.3727E+00 -0.4094E+00 -0.4495E+00 -0.4924E+00 -0.5371E+00 -0.5800E+00 -0.6192E+00 -0.6485E+00 -0.6535E+00 -0.6410E+00
      0.6775      170.0000 -0.6097E-01 -0.5826E-01 -0.5483E-01 -0.5122E-01 -0.5025E-01 -0.6258E-01 -0.8996E-01 -0.1203E+00 -0.1451E+00 -0.1611E+00 -0.1713E+00 -0.1854E+00 -0.2029E+00 -0.2245E+00 -0.2503E+00 -0.2801E+00 -0.3133E+00 -0.3500E+00 -0.3901E+00 -0.4331E+00 -0.4779E+00 -0.5207E+00 -0.5599E+00 -0.5892E+00 -0.5939E+00 -0.5810E+00
      0.8130      180.0000  0.2653E-03  0.2912E-02  0.6345E-02  0.1085E-01  0.1088E-01 -0.1454E-02 -0.2883E-01 -0.5916E-01 -0.8395E-01 -0.9989E-01 -0.1100E+00 -0.1242E+00 -0.1417E+00 -0.1632E+00 -0.1891E+00 -0.2189E+00 -0.2521E+00 -0.2889E+00 -0.3290E+00 -0.3720E+00 -0.4168E+00 -0.4597E+00 -0.4989E+00 -0.5282E+00 -0.5328E+00 -0.5198E+00
      0.9485      190.0000  0.6151E-01  0.6421E-01  0.6767E-01  0.7218E-01  0.7221E-01  0.5987E-01  0.3249E-01  0.2145E-02 -0.2269E-01 -0.3865E-01 -0.4881E-01 -0.6299E-01 -0.8051E-01 -0.1020E+00 -0.1279E+00 -0.1578E+00 -0.1910E+00 -0.2277E+00 -0.2679E+00 -0.3110E+00 -0.3558E+00 -0.3988E+00 -0.4381E+00 -0.4674E+00 -0.4722E+00 -0.4596E+00
      1.0840      200.0000  0.1209E+00  0.1238E+00  0.1273E+00  0.1309E+00  0.1319E+00  0.1195E+00  0.9215E-01  0.6172E-01  0.3679E-01  0.2076E-01  0.1060E-01 -0.3603E-02 -0.2115E-01 -0.4272E-01 -0.6862E-01 -0.9852E-01 -0.1318E+00 -0.1686E+00 -0.2088E+00 -0.2519E+00 -0.2967E+00 -0.3398E+00 -0.3792E+00 -0.4087E+00 -0.4138E+00 -0.4019E+00
      1.2195      210.0000  0.1767E+00  0.1798E+00  0.1834E+00  0.1871E+00  0.1881E+00  0.1757E+00  0.1483E+00  0.1178E+00  0.9266E-01  0.7652E-01  0.6637E-01  0.5214E-01  0.3455E-01  0.1294E-01 -0.1302E-01 -0.4297E-01 -0.7627E-01 -0.1131E+00 -0.1533E+00 -0.1965E+00 -0.2414E+00 -0.2845E+00 -0.3240E+00 -0.3538E+00 -0.3594E+00 -0.3487E+00
      1.3550      220.0000  0.2271E+00  0.2306E+00  0.2344E+00  0.2381E+00  0.2390E+00  0.2267E+00  0.1993E+00  0.1686E+00  0.1432E+00  0.1269E+00  0.1168E+00  0.1025E+00  0.8490E-01  0.6322E-01  0.3720E-01  0.7189E-02 -0.2616E-01 -0.6302E-01 -0.1033E+00 -0.1464E+00 -0.1914E+00 -0.2346E+00 -0.2743E+00 -0.3045E+00 -0.3107E+00 -0.3015E+00
      1.4905      230.0000  0.2706E+00  0.2745E+00  0.2786E+00  0.2824E+00  0.2833E+00  0.2710E+00  0.2436E+00  0.2126E+00  0.1870E+00  0.1705E+00  0.1604E+00  0.1461E+00  0.1284E+00  0.1066E+00  0.8052E-01  0.5043E-01  0.1703E-01 -0.1987E-01 -0.6016E-01 -0.1033E+00 -0.1483E+00 -0.1917E+00 -0.2316E+00 -0.2621E+00 -0.2692E+00 -0.2618E+00
      1.6260      240.0000  0.3059E+00  0.3104E+00  0.3147E+00  0.3187E+00  0.3195E+00  0.3071E+00  0.2798E+00  0.2485E+00  0.2226E+00  0.2059E+00  0.1958E+00  0.1814E+00  0.1636E+00  0.1418E+00  0.1156E+00  0.8544E-01  0.5198E-01  0.1504E-01 -0.2527E-01 -0.6848E-01 -0.1135E+00 -0.1569E+00 -0.1971E+00 -0.2281E+00 -0.2361E+00 -0.2307E+00
      1.7615      250.0000  0.3320E+00  0.3370E+00  0.3417E+00  0.3457E+00  0.3465E+00  0.3341E+00  0.3068E+00  0.2752E+00  0.2489E+00  0.2320E+00  0.2219E+00  0.2075E+00  0.1896E+00  0.1677E+00  0.1414E+00  0.1112E+00  0.7763E-01  0.4066E-01  0.3298E-03 -0.4290E-01 -0.8797E-01 -0.1315E+00 -0.1719E+00 -0.2034E+00 -0.2124E+00 -0.2093E+00
      1.8970      260.0000  0.3480E+00  0.3537E+00  0.3586E+00  0.3628E+00  0.3635E+00  0.3511E+00  0.3237E+00  0.2919E+00  0.2652E+00  0.2480E+00  0.2379E+00  0.2235E+00  0.2056E+00  0.1835E+00  0.1571E+00  0.1268E+00  0.9321E-01  0.5621E-01  0.1586E-01 -0.2738E-01 -0.7248E-01 -0.1161E+00 -0.1567E+00 -0.1888E+00 -0.1988E+00 -0.1981E+00
      2.0325      270.0000  0.3535E+00  0.3597E+00  0.3651E+00  0.3693E+00  0.3700E+00  0.3576E+00  0.3302E+00  0.2981E+00  0.2710E+00  0.2535E+00  0.2435E+00  0.2290E+00  0.2109E+00  0.1888E+00  0.1623E+00  0.1319E+00  0.9825E-01  0.6120E-01  0.2085E-01 -0.2240E-01 -0.6753E-01 -0.1112E+00 -0.1521E+00 -0.1847E+00 -0.1958E+00 -0.1975E+00
      2.1680      280.0000  0.3482E+00  0.3551E+00  0.3608E+00  0.3652E+00  0.3658E+00  0.3534E+00  0.3260E+00  0.2935E+00  0.2660E+00  0.2483E+00  0.2383E+00  0.2237E+00  0.2056E+00  0.1833E+00  0.1568E+00  0.1263E+00  0.9257E-01  0.5550E-01  0.1514E-01 -0.2810E-01 -0.7325E-01 -0.1170E+00 -0.1581E+00 -0.1913E+00 -0.2034E+00 -0.2076E+00
      2.3035      290.0000  0.3324E+00  0.3399E+00  0.3459E+00  0.3504E+00  0.3509E+00  0.3386E+00  0.3112E+00  0.2784E+00  0.2505E+00  0.2325E+00  0.2225E+00  0.2079E+00  0.1897E+00  0.1674E+00  0.1407E+00  0.1101E+00  0.7637E-01  0.3928E-01 -0.1085E-02 -0.4432E-01 -0.8947E-01 -0.1333E+00 -0.1746E+00 -0.2083E+00 -0.2214E+00 -0.2279E+00
      2.4390      300.0000  0.3065E+00  0.3146E+00  0.3209E+00  0.3255E+00  0.3260E+00  0.3136E+00  0.2862E+00  0.2531E+00  0.2249E+00  0.2067E+00  0.1967E+00  0.1821E+00  0.1638E+00  0.1413E+00  0.1146E+00  0.8393E-01  0.5013E-01  0.1302E-01 -0.2734E-01 -0.7055E-01 -0.1157E+00 -0.1597E+00 -0.2011E+00 -0.2352E+00 -0.2494E+00 -0.2580E+00
      2.5745      310.0000  0.2713E+00  0.2799E+00  0.2865E+00  0.2913E+00  0.2917E+00  0.2793E+00  0.2519E+00  0.2185E+00  0.1900E+00  0.1716E+00  0.1616E+00  0.1469E+00  0.1285E+00  0.1060E+00  0.7922E-01  0.4849E-01  0.1466E-01 -0.2247E-01 -0.6282E-01 -0.1060E+00 -0.1512E+00 -0.1952E+00 -0.2368E+00 -0.2713E+00 -0.2863E+00 -0.2968E+00
      2.7100      320.0000  0.2279E+00  0.2370E+00  0.2438E+00  0.2487E+00  0.2490E+00  0.2366E+00  0.2092E+00  0.1757E+00  0.1468E+00  0.1282E+00  0.1182E+00  0.1035E+00  0.8510E-01  0.6252E-01  0.3565E-01  0.4877E-02 -0.2899E-01 -0.6611E-01 -0.1064E+00 -0.1496E+00 -0.1948E+00 -0.2388E+00 -0.2805E+00 -0.3154E+00 -0.3312E+00 -0.3433E+00
      2.8455      330.0000  0.1776E+00  0.1871E+00  0.1941E+00  0.1990E+00  0.1993E+00  0.1869E+00  0.1595E+00  0.1258E+00  0.9668E-01  0.7793E-01  0.6798E-01  0.5325E-01  0.3478E-01  0.1215E-01 -0.1477E-01 -0.4558E-01 -0.7946E-01 -0.1166E+00 -0.1569E+00 -0.2000E+00 -0.2452E+00 -0.2892E+00 -0.3311E+00 -0.3662E+00 -0.3825E+00 -0.3959E+00
      2.9810      340.0000  0.1219E+00  0.1317E+00  0.1388E+00  0.1438E+00  0.1441E+00  0.1317E+00  0.1043E+00  0.7040E-01  0.4115E-01  0.2228E-01  0.1235E-01 -0.2402E-02 -0.2090E-01 -0.4357E-01 -0.7052E-01 -0.1014E+00 -0.1352E+00 -0.1724E+00 -0.2126E+00 -0.2558E+00 -0.3008E+00 -0.3449E+00 -0.3868E+00 -0.4221E+00 -0.4389E+00 -0.4532E+00
      3.1165      350.0000  0.6257E-01  0.7247E-01  0.7971E-01  0.8474E-01  0.8502E-01  0.7260E-01  0.4520E-01  0.1124E-01 -0.1812E-01 -0.3705E-01 -0.4698E-01 -0.6173E-01 -0.8025E-01 -0.1029E+00 -0.1299E+00 -0.1607E+00 -0.1946E+00 -0.2317E+00 -0.2720E+00 -0.3151E+00 -0.3601E+00 -0.4041E+00 -0.4461E+00 -0.4814E+00 -0.4985E+00 -0.5132E+00
      3.2520      360.0000  0.1336E-02  0.1130E-01  0.1858E-01  0.2362E-01  0.2389E-01  0.1147E-01 -0.1593E-01 -0.4992E-01 -0.7931E-01 -0.9826E-01 -0.1082E+00 -0.1229E+00 -0.1415E+00 -0.1642E+00 -0.1911E+00 -0.2219E+00 -0.2558E+00 -0.2929E+00 -0.3331E+00 -0.3762E+00 -0.4212E+00 -0.4652E+00 -0.5071E+00 -0.5424E+00 -0.5595E+00 -0.5744E+00
      3.3875       10.0000 -0.5991E-01 -0.5000E-01 -0.4275E-01 -0.3772E-01 -0.3744E-01 -0.4985E-01 -0.7726E-01 -0.1112E+00 -0.1406E+00 -0.1595E+00 -0.1694E+00 -0.1842E+00 -0.2027E+00 -0.2254E+00 -0.2523E+00 -0.2831E+00 -0.3170E+00 -0.3540E+00 -0.3942E+00 -0.4372E+00 -0.4822E+00 -0.5261E+00 -0.5679E+00 -0.6032E+00 -0.6202E+00 -0.6347E+00
      3.5230       20.0000 -0.1193E+00 -0.1096E+00 -0.1024E+00 -0.9739E-01 -0.9710E-01 -0.1095E+00 -0.1369E+00 -0.1708E+00 -0.2000E+00 -0.2189E+00 -0.2288E+00 -0.2436E+00 -0.2620E+00 -0.2847E+00 -0.3116E+00 -0.3424E+00 -0.3762E+00 -0.4132E+00 -0.4534E+00 -0.4963E+00 -0.5413E+00 -0.5851E+00 -0.6268E+00 -0.6619E+00 -0.6786E+00 -0.6923E+00
      3.6585       30.0000 -0.1751E+00 -0.1656E+00 -0.1586E+00 -0.1536E+00 -0.1533E+00 -0.1657E+00 -0.1931E+00 -0.2268E+00 -0.2559E+00 -0.2747E+00 -0.2846E+00 -0.2993E+00 -0.3177E+00 -0.3403E+00 -0.3672E+00 -0.3979E+00 -0.4317E+00 -0.4687E+00 -0.5088E+00 -0.5517E+00 -0.5966E+00 -0.6404E+00 -0.6820E+00 -0.7168E+00 -0.7329E+00 -0.7455E+00
      3.7940       40.0000 -0.2255E+00 -0.2164E+00 -0.2095E+00 -0.2046E+00 -0.2043E+00 -0.2167E+00 -0.2441E+00 -0.2777E+00 -0.3065E+00 -0.3251E+00 -0.3350E+00 -0.3497E+00 -0.3681E+00 -0.3906E+00 -0.4174E+00 -0.4481E+00 -0.4818E+00 -0.5187E+00 -0.5589E+00 -0.6018E+00 -0.6466E+00 -0.6903E+00 -0.7317E+00 -0.7662E+00 -0.7816E+00 -0.7927E+00
      3.9295       50.0000 -0.2690E+00 -0.2603E+00 -0.2537E+00 -0.2489E+00 -0.2485E+00 -0.2609E+00 -0.2883E+00 -0.3217E+00 -0.3503E+00 -0.3687E+00 -0.3786E+00 -0.3932E+00 -0.4116E+00 -0.4340E+00 -0.4607E+00 -0.4913E+00 -0.5250E+00 -0.5619E+00 -0.6020E+00 -0.6449E+00 -0.6896E+00 -0.7332E+00 -0.7744E+00 -0.8085E+00 -0.8232E+00 -0.8324E+00
      4.0650       60.0000 -0.3043E+00 -0.2962E+00 -0.2899E+00 -0.2852E+00 -0.2847E+00 -0.2971E+00 -0.3245E+00 -0.3576E+00 -0.3858E+00 -0.4040E+00 -0.4140E+00 -0.4286E+00 -0.4468E+00 -0.4692E+00 -0.4958E+00 -0.5263E+00 -0.5599E+00 -0.5968E+00 -0.6369E+00 -0.6797E+00 -0.7245E+00 -0.7679E+00 -0.8089E+00 -0.8426E+00 -0.8562E+00 -0.8635E+00
      4.2005       70.0000 -0.3304E+00 -0.3228E+00 -0.3168E+00 -0.3122E+00 -0.3117E+00 -0.3241E+00 -0.3515E+00 -0.3843E+00 -0.4122E+00 -0.4301E+00 -0.4401E+00 -0.4547E+00 -0.4728E+00 -0.4951E+00 -0.5216E+00 -0.5520E+00 -0.5856E+00 -0.6224E+00 -0.6625E+00 -0.7053E+00 -0.7500E+00 -0.7934E+00 -0.8341E+00 -0.8673E+00 -0.8800E+00 -0.8849E+00
      4.3360       80.0000 -0.3464E+00 -0.3394E+00 -0.3337E+00 -0.3293E+00 -0.3287E+00 -0.3411E+00 -0.3685E+00 -0.4010E+00 -0.4285E+00 -0.4462E+00 -0.4562E+00 -0.4707E+00 -0.4887E+00 -0.5109E+00 -0.5373E+00 -0.5677E+00 -0.6012E+00 -0.6380E+00 -0.6780E+00 -0.7208E+00 -0.7655E+00 -0.8088E+00 -0.8493E+00 -0.8819E+00 -0.8936E+00 -0.8961E+00
      4.4715       90.0000 -0.3519E+00 -0.3455E+00 -0.3402E+00 -0.3359E+00 -0.3352E+00 -0.3476E+00 -0.3750E+00 -0.4072E+00 -0.4342E+00 -0.4517E+00 -0.4617E+00 -0.4761E+00 -0.4941E+00 -0.5162E+00 -0.5425E+00 -0.5728E+00 -0.6062E+00 -0.6430E+00 -0.6830E+00 -0.7258E+00 -0.7705E+00 -0.8136E+00 -0.8539E+00 -0.8860E+00 -0.8966E+00 -0.8967E+00
      4.6070      100.0000 -0.3466E+00 -0.3409E+00 -0.3359E+00 -0.3317E+00 -0.3310E+00 -0.3434E+00 -0.3707E+00 -0.4026E+00 -0.4293E+00 -0.4465E+00 -0.4565E+00 -0.4709E+00 -0.4888E+00 -0.5107E+00 -0.5370E+00 -0.5672E+00 -0.6005E+00 -0.6373E+00 -0.6773E+00 -0.7201E+00 -0.7647E+00 -0.8078E+00 -0.8479E+00 -0.8794E+00 -0.8889E+00 -0.8866E+00
      4.7425      110.0000 -0.3308E+00 -0.3257E+00 -0.3210E+00 -0.3169E+00 -0.3162E+00 -0.3285E+00 -0.3559E+00 -0.3875E+00 -0.4138E+00 -0.4307E+00 -0.4408E+00 -0.4551E+00 -0.4729E+00 -0.4948E+00 -0.5209E+00 -0.5510E+00 -0.5843E+00 -0.6210E+00 -0.6610E+00 -0.7039E+00 -0.7485E+00 -0.7915E+00 -0.8314E+00 -0.8624E+00 -0.8709E+00 -0.8663E+00
      4.8780      120.0000 -0.3049E+00 -0.3004E+00 -0.2960E+00 -0.2920E+00 -0.2912E+00 -0.3036E+00 -0.3310E+00 -0.3622E+00 -0.3882E+00 -0.4048E+00 -0.4149E+00 -0.4292E+00 -0.4470E+00 -0.4687E+00 -0.4948E+00 -0.5248E+00 -0.5581E+00 -0.5948E+00 -0.6348E+00 -0.6777E+00 -0.7223E+00 -0.7652E+00 -0.8049E+00 -0.8354E+00 -0.8430E+00 -0.8362E+00
      5.0136      130.0000 -0.2697E+00 -0.2657E+00 -0.2616E+00 -0.2578E+00 -0.2569E+00 -0.2692E+00 -0.2966E+00 -0.3276E+00 -0.3532E+00 -0.3697E+00 -0.3798E+00 -0.3941E+00 -0.4117E+00 -0.4334E+00 -0.4594E+00 -0.4894E+00 -0.5226E+00 -0.5593E+00 -0.5993E+00 -0.6422E+00 -0.6868E+00 -0.7297E+00 -0.7692E+00 -0.7994E+00 -0.8060E+00 -0.7974E+00
      5.1491      140.0000 -0.2263E+00 -0.2228E+00 -0.2189E+00 -0.2152E+00 -0.2142E+00 -0.2266E+00 -0.2540E+00 -0.2847E+00 -0.3101E+00 -0.3263E+00 -0.3365E+00 -0.3507E+00 -0.3683E+00 -0.3899E+00 -0.4159E+00 -0.4458E+00 -0.4790E+00 -0.5156E+00 -0.5557E+00 -0.5986E+00 -0.6432E+00 -0.6861E+00 -0.7254E+00 -0.7553E+00 -0.7612E+00 -0.7509E+00
      5.2846      150.0000 -0.1760E+00 -0.1728E+00 -0.1692E+00 -0.1655E+00 -0.1645E+00 -0.1769E+00 -0.2043E+00 -0.2348E+00 -0.2599E+00 -0.2761E+00 -0.2862E+00 -0.3004E+00 -0.3180E+00 -0.3395E+00 -0.3654E+00 -0.3953E+00 -0.4285E+00 -0.4652E+00 -0.5052E+00 -0.5482E+00 -0.5928E+00 -0.6357E+00 -0.6749E+00 -0.7045E+00 -0.7098E+00 -0.6983E+00
      5.4201      160.0000 -0.1203E+00 -0.1174E+00 -0.1139E+00 -0.1103E+00 -0.1093E+00 -0.1217E+00 -0.1490E+00 -0.1795E+00 -0.2044E+00 -0.2204E+00 -0.2306E+00 -0.2448E+00 -0.2623E+00 -0.2838E+00 -0.3097E+00 -0.3395E+00 -0.3727E+00 -0.4094E+00 -0.4495E+00 -0.4924E+00 -0.5371E+00 -0.5800E+00 -0.6192E+00 -0.6485E+00 -0.6535E+00 -0.6410E+00
      5.5556      170.0000 -0.6097E-01 -0.5826E-01 -0.5483E-01 -0.5122E-01 -0.5025E-01 -0.6258E-01 -0.8996E-01 -0.1203E+00 -0.1451E+00 -0.1611E+00 -0.1713E+00 -0.1854E+00 -0.2029E+00 -0.2245E+00 -0.2503E+00 -0.2801E+00 -0.3133E+00 -0.3500E+00 -0.3901E+00 -0.4331E+00 -0.4779E+00 -0.5207E+00 -0.5599E+00 -0.5892E+00 -0.5939E+00 -0.5810E+00
      5.6911      180.0000  0.2653E-03  0.2912E-02  0.6345E-02  0.1085E-01  0.1088E-01 -0.1454E-02 -0.2883E-01 -0.5916E-01 -0.8395E-01 -0.9989E-01 -0.1100E+00 -0.1242E+00 -0.1417E+00 -0.1632E+00 -0.1891E+00 -0.2189E+00 -0.2521E+00 -0.2889E+00 -0.3290E+00 -0.3720E+00 -0.4168E+00 -0.4597E+00 -0.4989E+00 -0.5282E+00 -0.5328E+00 -0.5198E+00
      5.8266      190.0000  0.6151E-01  0.6421E-01  0.6767E-01  0.7218E-01  0.7221E-01  0.5987E-01  0.3249E-01  0.2145E-02 -0.2269E-01 -0.3865E-01 -0.4881E-01 -0.6299E-01 -0.8051E-01 -0.1020E+00 -0.1279E+00 -0.1578E+00 -0.1910E+00 -0.2277E+00 -0.2679E+00 -0.3110E+00 -0.3558E+00 -0.3988E+00 -0.4381E+00 -0.4674E+00 -0.4722E+00 -0.4596E+00
      5.9621      200.0000  0.1209E+00  0.1238E+00  0.1273E+00  0.1309E+00  0.1319E+00  0.1195E+00  0.9215E-01  0.6172E-01  0.3679E-01  0.2076E-01  0.1060E-01 -0.3603E-02 -0.2115E-01 -0.4272E-01 -0.6862E-01 -0.9852E-01 -0.1318E+00 -0.1686E+00 -0.2088E+00 -0.2519E+00 -0.2967E+00 -0.3398E+00 -0.3792E+00 -0.4087E+00 -0.4138E+00 -0.4019E+00
      6.0976      210.0000  0.1767E+00  0.1798E+00  0.1834E+00  0.1871E+00  0.1881E+00  0.1757E+00  0.1483E+00  0.1178E+00  0.9266E-01  0.7652E-01  0.6637E-01  0.5214E-01  0.3455E-01  0.1294E-01 -0.1302E-01 -0.4297E-01 -0.7627E-01 -0.1131E+00 -0.1533E+00 -0.1965E+00 -0.2414E+00 -0.2845E+00 -0.3240E+00 -0.3538E+00 -0.3594E+00 -0.3487E+00
      6.2331      220.0000  0.2271E+00  0.2306E+00  0.2344E+00  0.2381E+00  0.2390E+00  0.2267E+00  0.1993E+00  0.1686E+00  0.1432E+00  0.1269E+00  0.1168E+00  0.1025E+00  0.8490E-01  0.6322E-01  0.3720E-01  0.7189E-02 -0.2616E-01 -0.6302E-01 -0.1033E+00 -0.1464E+00 -0.1914E+00 -0.2346E+00 -0.2743E+00 -0.3045E+00 -0.3107E+00 -0.3015E+00
      6.3686      230.0000  0.2706E+00  0.2745E+00  0.2786E+00  0.2824E+00  0.2833E+00  0.2710E+00  0.2436E+00  0.2126E+00  0.1870E+00  0.1705E+00  0.1604E+00  0.1461E+00  0.1284E+00  0.1066E+00  0.8052E-01  0.5043E-01  0.1703E-01 -0.1987E-01 -0.6016E-01 -0.1033E+00 -0.1483E+00 -0.1917E+00 -0.2316E+00 -0.2621E+00 -0.2692E+00 -0.2618E+00
      6.5041      240.0000  0.3059E+00  0.3104E+00  0.3147E+00  0.3187E+00  0.3195E+00  0.3071E+00  0.2798E+00  0.2485E+00  0.2226E+00  0.2059E+00  0.1958E+00  0.1814E+00  0.1636E+00  0.1418E+00  0.1156E+00  0.8544E-01  0.5198E-01  0.1504E-01 -0.2527E-01 -0.6848E-01 -0.1135E+00 -0.1569E+00 -0.1971E+00 -0.2281E+00 -0.2361E+00 -0.2307E+00
      6.6396      250.0000  0.3320E+00  0.3370E+00  0.3417E+00  0.3457E+00  0.3465E+00  0.3341E+00  0.3068E+00  0.2752E+00  0.2489E+00  0.2320E+00  0.2219E+00  0.2075E+00  0.1896E+00  0.1677E+00  0.1414E+00  0.1112E+00  0.7763E-01  0.4066E-01  0.3298E-03 -0.4290E-01 -0.8797E-01 -0.1315E+00 -0.1719E+00 -0.2034E+00 -0.2124E+00 -0.2093E+00
      6.7751      260.0000  0.3480E+00  0.3537E+00  0.3586E+00  0.3628E+00  0.3635E+00  0.3511E+00  0.3237E+00  0.2919E+00  0.2652E+00  0.2480E+00  0.2379E+00  0.2235E+00  0.2056E+00  0.1835E+00  0.1571E+00  0.1268E+00  0.9321E-01  0.5621E-01  0.1586E-01 -0.2738E-01 -0.7248E-01 -0.1161E+00 -0.1567E+00 -0.1888E+00 -0.1988E+00 -0.1981E+00
      6.9106      270.0000  0.3535E+00  0.3597E+00  0.3651E+00  0.3693E+00  0.3700E+00  0.3576E+00  0.3302E+00  0.2981E+00  0.2710E+00  0.2535E+00  0.2435E+00  0.2290E+00  0.2109E+00  0.1888E+00  0.1623E+00  0.1319E+00  0.9825E-01  0.6120E-01  0.2085E-01 -0.2240E-01 -0.6753E-01 -0.1112E+00 -0.1521E+00 -0.1847E+00 -0.1958E+00 -0.1975E+00
      7.0461      280.0000  0.3482E+00  0.3551E+00  0.3608E+00  0.3652E+00  0.3658E+00  0.3534E+00  0.3260E+00  0.2935E+00  0.2660E+00  0.2483E+00  0.2383E+00  0.2237E+00  0.2056E+00  0.1833E+00  0.1568E+00  0.1263E+00  0.9257E-01  0.5550E-01  0.1514E-01 -0.2810E-01 -0.7325E-01 -0.1170E+00 -0.1581E+00 -0.1913E+00 -0.2034E+00 -0.2076E+00
      7.1816      290.0000  0.3324E+00  0.3399E+00  0.3459E+00  0.3504E+00  0.3509E+00  0.3386E+00  0.3112E+00  0.2784E+00  0.2505E+00  0.2325E+00  0.2225E+00  0.2079E+00  0.1897E+00  0.1674E+00  0.1407E+00  0.1101E+00  0.7637E-01  0.3928E-01 -0.1085E-02 -0.4432E-01 -0.8947E-01 -0.1333E+00 -0.1746E+00 -0.2083E+00 -0.2214E+00 -0.2279E+00
      7.3171      300.0000  0.3065E+00  0.3146E+00  0.3209E+00  0.3255E+00  0.3260E+00  0.3136E+00  0.2862E+00  0.2531E+00  0.2249E+00  0.2067E+00  0.1967E+00  0.1821E+00  0.1638E+00  0.1413E+00  0.1146E+00  0.8393E-01  0.5013E-01  0.1302E-01 -0.2734E-01 -0.7055E-01 -0.1157E+00 -0.1597E+00 -0.2011E+00 -0.2352E+00 -0.2494E+00 -0.2580E+00
      7.4526      310.0000  0.2713E+00  0.2799E+00  0.2865E+00  0.2913E+00  0.2917E+00  0.2793E+00  0.2519E+00  0.2185E+00  0.1900E+00  0.1716E+00  0.1616E+00  0.1469E+00  0.1285E+00  0.1060E+00  0.7922E-01  0.4849E-01  0.1466E-01 -0.2247E-01 -0.6282E-01 -0.1060E+00 -0.1512E+00 -0.1952E+00 -0.2368E+00 -0.2713E+00 -0.2863E+00 -0.2968E+00
      7.5881      320.0000  0.2279E+00  0.2370E+00  0.2438E+00  0.2487E+00  0.2490E+00  0.2366E+00  0.2092E+00  0.1757E+00  0.1468E+00  0.1282E+00  0.1182E+00  0.1035E+00  0.8510E-01  0.6252E-01  0.3565E-01  0.4877E-02 -0.2899E-01 -0.6611E-01 -0.1064E+00 -0.1496E+00 -0.1948E+00 -0.2388E+00 -0.2805E+00 -0.3154E+00 -0.3312E+00 -0.3433E+00
      7.7236      330.0000  0.1776E+00  0.1871E+00  0.1941E+00  0.1990E+00  0.1993E+00  0.1869E+00  0.1595E+00  0.1258E+00  0.9668E-01  0.7793E-01  0.6798E-01  0.5325E-01  0.3478E-01  0.1215E-01 -0.1477E-01 -0.4558E-01 -0.7946E-01 -0.1166E+00 -0.1569E+00 -0.2000E+00 -0.2452E+00 -0.2892E+00 -0.3311E+00 -0.3662E+00 -0.3825E+00 -0.3959E+00
      7.8591      340.0000  0.1219E+00  0.1317E+00  0.1388E+00  0.1438E+00  0.1441E+00  0.1317E+00  0.1043E+00  0.7040E-01  0.4115E-01  0.2228E-01  0.1235E-01 -0.2402E-02 -0.2090E-01 -0.4357E-01 -0.7052E-01 -0.1014E+00 -0.1352E+00 -0.1724E+00 -0.2126E+00 -0.2558E+00 -0.3008E+00 -0.3449E+00 -0.3868E+00 -0.4221E+00 -0.4389E+00 -0.4532E+00
      7.9946      350.0000  0.6257E-01  0.7247E-01  0.7971E-01  0.8474E-01  0.8502E-01  0.7260E-01  0.4520E-01  0.1124E-01 -0.1812E-01 -0.3705E-01 -0.4698E-01 -0.6173E-01 -0.8025E-01 -0.1029E+00 -0.1299E+00 -0.1607E+00 -0.1946E+00 -0.2317E+00 -0.2720E+00 -0.3151E+00 -0.3601E+00 -0.4041E+00 -0.4461E+00 -0.4814E+00 -0.4985E+00 -0.5132E+00
      8.1301      360.0000  0.1336E-02  0.1130E-01  0.1858E-01  0.2362E-01  0.2389E-01  0.1147E-01 -0.1593E-01 -0.4992E-01 -0.7931E-01 -0.9826E-01 -0.1082E+00 -0.1229E+00 -0.1415E+00 -0.1642E+00 -0.1911E+00 -0.2219E+00 -0.2558E+00 -0.2929E+00 -0.3331E+00 -0.3762E+00 -0.4212E+00 -0.4652E+00 -0.5071E+00 -0.5424E+00 -0.5595E+00 -0.5744E+00
      8.2656       10.0000 -0.5991E-01 -0.5000E-01 -0.4275E-01 -0.3772E-01 -0.3744E-01 -0.4985E-01 -0.7726E-01 -0.1112E+00 -0.1406E+00 -0.1595E+00 -0.1694E+00 -0.1842E+00 -0.2027E+00 -0.2254E+00 -0.2523E+00 -0.2831E+00 -0.3170E+00 -0.3540E+00 -0.3942E+00 -0.4372E+00 -0.4822E+00 -0.5261E+00 -0.5679E+00 -0.6032E+00 -0.6202E+00 -0.6347E+00
      8.4011       20.0000 -0.1193E+00 -0.1096E+00 -0.1024E+00 -0.9739E-01 -0.9710E-01 -0.1095E+00 -0.1369E+00 -0.1708E+00 -0.2000E+00 -0.2189E+00 -0.2288E+00 -0.2436E+00 -0.2620E+00 -0.2847E+00 -0.3116E+00 -0.3424E+00 -0.3762E+00 -0.4132E+00 -0.4534E+00 -0.4963E+00 -0.5413E+00 -0.5851E+00 -0.6268E+00 -0.6619E+00 -0.6786E+00 -0.6923E+00
      8.5366       30.0000 -0.1751E+00 -0.1656E+00 -0.1586E+00 -0.1536E+00 -0.1533E+00 -0.1657E+00 -0.1931E+00 -0.2268E+00 -0.2559E+00 -0.2747E+00 -0.2846E+00 -0.2993E+00 -0.3177E+00 -0.3403E+00 -0.3672E+00 -0.3979E+00 -0.4317E+00 -0.4687E+00 -0.5088E+00 -0.5517E+00 -0.5966E+00 -0.6404E+00 -0.6820E+00 -0.7168E+00 -0.7329E+00 -0.7455E+00
      8.6721       40.0000 -0.2255E+00 -0.2164E+00 -0.2095E+00 -0.2046E+00 -0.2043E+00 -0.2167E+00 -0.2441E+00 -0.2777E+00 -0.3065E+00 -0.3251E+00 -0.3350E+00 -0.3497E+00 -0.3681E+00 -0.3906E+00 -0.4174E+00 -0.4481E+00 -0.4818E+00 -0.5187E+00 -0.5589E+00 -0.6018E+00 -0.6466E+00 -0.6903E+00 -0.7317E+00 -0.7662E+00 -0.7816E+00 -0.7927E+00
      8.8076       50.0000 -0.2690E+00 -0.2603E+00 -0.2537E+00 -0.2489E+00 -0.2485E+00 -0.2609E+00 -0.2883E+00 -0.3217E+00 -0.3503E+00 -0.3687E+00 -0.3786E+00 -0.3932E+00 -0.4116E+00 -0.4340E+00 -0.4607E+00 -0.4913E+00 -0.5250E+00 -0.5619E+00 -0.6020E+00 -0.6449E+00 -0.6896E+00 -0.7332E+00 -0.7744E+00 -0.8085E+00 -0.8232E+00 -0.8324E+00
      8.9431       60.0000 -0.3043E+00 -0.2962E+00 -0.2899E+00 -0.2852E+00 -0.2847E+00 -0.2971E+00 -0.3245E+00 -0.3576E+00 -0.3858E+00 -0.4040E+00 -0.4140E+00 -0.4286E+00 -0.4468E+00 -0.4692E+00 -0.4958E+00 -0.5263E+00 -0.5599E+00 -0.5968E+00 -0.6369E+00 -0.6797E+00 -0.7245E+00 -0.7679E+00 -0.8089E+00 -0.8426E+00 -0.8562E+00 -0.8635E+00
      9.0786       70.0000 -0.3304E+00 -0.3228E+00 -0.3168E+00 -0.3122E+00 -0.3117E+00 -0.3241E+00 -0.3515E+00 -0.3843E+00 -0.4122E+00 -0.4301E+00 -0.4401E+00 -0.4547E+00 -0.4728E+00 -0.4951E+00 -0.5216E+00 -0.5520E+00 -0.5856E+00 -0.6224E+00 -0.6625E+00 -0.7053E+00 -0.7500E+00 -0.7934E+00 -0.8341E+00 -0.8673E+00 -0.8800E+00 -0.8849E+00
      9.2141       80.0000 -0.3464E+00 -0.3394E+00 -0.3337E+00 -0.3293E+00 -0.3287E+00 -0.3411E+00 -0.3685E+00 -0.4010E+00 -0.4285E+00 -0.4462E+00 -0.4562E+00 -0.4707E+00 -0.4887E+00 -0.5109E+00 -0.5373E+00 -0.5677E+00 -0.6012E+00 -0.6380E+00 -0.6780E+00 -0.7208E+00 -0.7655E+00 -0.8088E+00 -0.8493E+00 -0.8819E+00 -0.8936E+00 -0.8961E+00
      9.3496       90.0000 -0.3519E+00 -0.3455E+00 -0.3402E+00 -0.3359E+00 -0.3352E+00 -0.3476E+00 -0.3750E+00 -0.4072E+00 -0.4342E+00 -0.4517E+00 -0.4617E+00 -0.4761E+00 -0.4941E+00 -0.5162E+00 -0.5425E+00 -0.5728E+00 -0.6062E+00 -0.6430E+00 -0.6830E+00 -0.7258E+00 -0.7705E+00 -0.8136E+00 -0.8539E+00 -0.8860E+00 -0.8966E+00 -0.8967E+00
      9.4851      100.0000 -0.3466E+00 -0.3409E+00 -0.3359E+00 -0.3317E+00 -0.3310E+00 -0.3434E+00 -0.3707E+00 -0.4026E+00 -0.4293E+00 -0.4465E+00 -0.4565E+00 -0.4709E+00 -0.4888E+00 -0.5107E+00 -0.5370E+00 -0.5672E+00 -0.6005E+00 -0.6373E+00 -0.6773E+00 -0.7201E+00 -0.7647E+00 -0.8078E+00 -0.8479E+00 -0.8794E+00 -0.8889E+00 -0.8866E+00
      9.6206      110.0000 -0.3308E+00 -0.3257E+00 -0.3210E+00 -0.3169E+00 -0.3162E+00 -0.3285E+00 -0.3559E+00 -0.3875E+00 -0.4138E+00 -0.4307E+00 -0.4408E+00 -0.4551E+00 -0.4729E+00 -0.4948E+00 -0.5209E+00 -0.5510E+00 -0.5843E+00 -0.6210E+00 -0.6610E+00 -0.7039E+00 -0.7485E+00 -0.7915E+00 -0.8314E+00 -0.8624E+00 -0.8709E+00 -0.8663E+00
      9.7561      120.0000 -0.3049E+00 -0.3004E+00 -0.2960E+00 -0.2920E+00 -0.2912E+00 -0.3036E+00 -0.3310E+00 -0.3622E+00 -0.3882E+00 -0.4048E+00 -0.4149E+00 -0.4292E+00 -0.4470E+00 -0.4687E+00 -0.4948E+00 -0.5248E+00 -0.5581E+00 -0.5948E+00 -0.6348E+00 -0.6777E+00 -0.7223E+00 -0.7652E+00 -0.8049E+00 -0.8354E+00 -0.8430E+00 -0.8362E+00
      9.8916      130.0000 -0.2697E+00 -0.2657E+00 -0.2616E+00 -0.2578E+00 -0.2569E+00 -0.2692E+00 -0.2966E+00 -0.3276E+00 -0.3532E+00 -0.3697E+00 -0.3798E+00 -0.3941E+00 -0.4117E+00 -0.4334E+00 -0.4594E+00 -0.4894E+00 -0.5226E+00 -0.5593E+00 -0.5993E+00 -0.6422E+00 -0.6868E+00 -0.7297E+00 -0.7692E+00 -0.7994E+00 -0.8060E+00 -0.7974E+00
     10.0271      140.0000 -0.2263E+00 -0.2228E+00 -0.2189E+00 -0.2152E+00 -0.2142E+00 -0.2266E+00 -0.2540E+00 -0.2847E+00 -0.3101E+00 -0.3263E+00 -0.3365E+00 -0.3507E+00 -0.3683E+00 -0.3899E+00 -0.4159E+00 -0.4458E+00 -0.4790E+00 -0.5156E+00 -0.5557E+00 -0.5986E+00 -0.6432E+00 -0.6861E+00 -0.7254E+00 -0.7553E+00 -0.7612E+00 -0.7509E+00
     10.1626      150.0000 -0.1760E+00 -0.1728E+00 -0.1692E+00 -0.1655E+00 -0.1645E+00 -0.1769E+00 -0.2043E+00 -0.2348E+00 -0.2599E+00 -0.2761E+00 -0.2862E+00 -0.3004E+00 -0.3180E+00 -0.3395E+00 -0.3654E+00 -0.3953E+00 -0.4285E+00 -0.4652E+00 -0.5052E+00 -0.5482E+00 -0.5928E+00 -0.6357E+00 -0.6749E+00 -0.7045E+00 -0.7098E+00 -0.6983E+00
     10.2981      160.0000 -0.1203E+00 -0.1174E+00 -0.1139E+00 -0.1103E+00 -0.1093E+00 -0.1217E+00 -0.1490E+00 -0.1795E+00 -0.2044E+00 -0.2204E+00 -0.2306E+00 -0.2448E+00 -0.2623E+00 -0.2838E+00 -0.3097E+00 -0.3395E+00 -0.3727E+00 -0.4094E+00 -0.4495E+00 -0.4924E+00 -0.5371E+00 -0.5800E+00 -0.6192E+00 -0.6485E+00 -0.6535E+00 -0.6410E+00
     10.4336      170.0000 -0.6097E-01 -0.5826E-01 -0.5483E-01 -0.5122E-01 -0.5025E-01 -0.6258E-01 -0.8996E-01 -0.1203E+00 -0.1451E+00 -0.1611E+00 -0.1713E+00 -0.1854E+00 -0.2029E+00 -0.2245E+00 -0.2503E+00 -0.2801E+00 -0.3133E+00 -0.3500E+00 -0.3901E+00 -0.4331E+00 -0.4779E+00 -0.5207E+00 -0.5599E+00 -0.5892E+00 -0.5939E+00 -0.5810E+00
     10.5691      180.0000  0.2653E-03  0.2912E-02  0.6345E-02  0.1085E-01  0.1088E-01 -0.1454E-02 -0.2883E-01 -0.5916E-01 -0.8395E-01 -0.9989E-01 -0.1100E+00 -0.1242E+00 -0.1417E+00 -0.1632E+00 -0.1891E+00 -0.2189E+00 -0.2521E+00 -0.2889E+00 -0.3290E+00 -0.3720E+00 -0.4168E+00 -0.4597E+00 -0.4989E+00 -0.5282E+00 -0.5328E+00 -0.5198E+00
     10.7046      190.0000  0.6151E-01  0.6421E-01  0.6767E-01  0.7218E-01  0.7221E-01  0.5987E-01  0.3249E-01  0.2145E-02 -0.2269E-01 -0.3865E-01 -0.4881E-01 -0.6299E-01 -0.8051E-01 -0.1020E+00 -0.1279E+00 -0.1578E+00 -0.1910E+00 -0.2277E+00 -0.2679E+00 -0.3110E+00 -0.3558E+00 -0.3988E+00 -0.4381E+00 -0.4674E+00 -0.4722E+00 -0.4596E+00
     10.8401      200.0000  0.1209E+00  0.1238E+00  0.1273E+00  0.1309E+00  0.1319E+00  0.1195E+00  0.9215E-01  0.6172E-01  0.3679E-01  0.2076E-01  0.1060E-01 -0.3603E-02 -0.2115E-01 -0.4272E-01 -0.6862E-01 -0.9852E-01 -0.1318E+00 -0.1686E+00 -0.2088E+00 -0.2519E+00 -0.2967E+00 -0.3398E+00 -0.3792E+00 -0.4087E+00 -0.4138E+00 -0.4019E+00
     10.9756      210.0000  0.1767E+00  0.1798E+00  0.1834E+00  0.1871E+00  0.1881E+00  0.1757E+00  0.1483E+00  0.1178E+00  0.9266E-01  0.7652E-01  0.6637E-01  0.5214E-01  0.3455E-01  0.1294E-01 -0.1302E-01 -0.4297E-01 -0.7627E-01 -0.1131E+00 -0.1533E+00 -0.1965E+00 -0.2414E+00 -0.2845E+00 -0.3240E+00 -0.3538E+00 -0.3594E+00 -0.3487E+00
     11.1111      220.0000  0.2271E+00  0.2306E+00  0.2344E+00  0.2381E+00  0.2390E+00  0.2267E+00  0.1993E+00  0.1686E+00  0.1432E+00  0.1269E+00  0.1168E+00  0.1025E+00  0.8490E-01  0.6322E-01  0.3720E-01  0.7189E-02 -0.2616E-01 -0.6302E-01 -0.1033E+00 -0.1464E+00 -0.1914E+00 -0.2346E+00 -0.2743E+00 -0.3045E+00 -0.3107E+00 -0.3015E+00
     11.2466      230.0000  0.2706E+00  0.2745E+00  0.2786E+00  0.2824E+00  0.2833E+00  0.2710E+00  0.2436E+00  0.2126E+00  0.1870E+00  0.1705E+00  0.1604E+00  0.1461E+00  0.1284E+00  0.1066E+00  0.8052E-01  0.5043E-01  0.1703E-01 -0.1987E-01 -0.6016E-01 -0.1033E+00 -0.1483E+00 -0.1917E+00 -0.2316E+00 -0.2621E+00 -0.2692E+00 -0.2618E+00
     11.3821      240.0000  0.3059E+00  0.3104E+00  0.3147E+00  0.3187E+00  0.3195E+00  0.3071E+00  0.2798E+00  0.2485E+00  0.2226E+00  0.2059E+00  0.1958E+00  0.1814E+00  0.1636E+00  0.1418E+00  0.1156E+00  0.8544E-01  0.5198E-01  0.1504E-01 -0.2527E-01 -0.6848E-01 -0.1135E+00 -0.1569E+00 -0.1971E+00 -0.2281E+00 -0.2361E+00 -0.2307E+00
     11.5176      250.0000  0.3320E+00  0.3370E+00  0.3417E+00  0.3457E+00  0.3465E+00  0.3341E+00  0.3068E+00  0.2752E+00  0.2489E+00  0.2320E+00  0.2219E+00  0.2075E+00  0.1896E+00  0.1677E+00  0.1414E+00  0.1112E+00  0.7763E-01  0.4066E-01  0.3298E-03 -0.4290E-01 -0.8797E-01 -0.1315E+00 -0.1719E+00 -0.2034E+00 -0.2124E+00 -0.2093E+00
     11.6531      260.0000  0.3480E+00  0.3537E+00  0.3586E+00  0.3628E+00  0.3635E+00  0.3511E+00  0.3237E+00  0.2919E+00  0.2652E+00  0.2480E+00  0.2379E+00  0.2235E+00  0.2056E+00  0.1835E+00  0.1571E+00  0.1268E+00  0.9321E-01  0.5621E-01  0.1586E-01 -0.2738E-01 -0.7248E-01 -0.1161E+00 -0.1567E+00 -0.1888E+00 -0.1988E+00 -0.1981E+00
     11.7886      270.0000  0.3535E+00  0.3597E+00  0.3651E+00  0.3693E+00  0.3700E+00  0.3576E+00  0.3302E+00  0.2981E+00  0.2710E+00  0.2535E+00  0.2435E+00  0.2290E+00  0.2109E+00  0.1888E+00  0.1623E+00  0.1319E+00  0.9825E-01  0.6120E-01  0.2085E-01 -0.2240E-01 -0.6753E-01 -0.1112E+00 -0.1521E+00 -0.1847E+00 -0.1958E+00 -0.1975E+00
     11.9241      280.0000  0.3482E+00  0.3551E+00  0.3608E+00  0.3652E+00  0.3658E+00  0.3534E+00  0.3260E+00  0.2935E+00  0.2660E+00  0.2483E+00  0.2383E+00  0.2237E+00  0.2056E+00  0.1833E+00  0.1568E+00  0.1263E+00  0.9257E-01  0.5550E-01  0.1514E-01 -0.2810E-01 -0.7325E-01 -0.1170E+00 -0.1581E+00 -0.1913E+00 -0.2034E+00 -0.2076E+00
     12.0596      290.0000  0.3324E+00  0.3399E+00  0.3459E+00  0.3504E+00  0.3509E+00  0.3386E+00  0.3112E+00  0.2784E+00  0.2505E+00  0.2325E+00  0.2225E+00  0.2079E+00  0.1897E+00  0.1674E+00  0.1407E+00  0.1101E+00  0.7637E-01  0.3928E-01 -0.1085E-02 -0.4432E-01 -0.8947E-01 -0.1333E+00 -0.1746E+00 -0.2083E+00 -0.2214E+00 -0.2279E+00
     12.1951      300.0000  0.3065E+00  0.3146E+00  0.3209E+00  0.3255E+00  0.3260E+00  0.3136E+00  0.2862E+00  0.2531E+00  0.2249E+00  0.2067E+00  0.1967E+00  0.1821E+00  0.1638E+00  0.1413E+00  0.1146E+00  0.8393E-01  0.5013E-01  0.1302E-01 -0.2734E-01 -0.7055E-01 -0.1157E+00 -0.1597E+00 -0.2011E+00 -0.2352E+00 -0.2494E+00 -0.2580E+00
     12.3306      310.0000  0.2713E+00  0.2799E+00  0.2865E+00  0.2913E+00  0.2917E+00  0.2793E+00  0.2519E+00  0.2185E+00  0.1900E+00  0.1716E+00  0.1616E+00  0.1469E+00  0.1285E+00  0.1060E+00  0.7922E-01  0.4849E-01  0.1466E-01 -0.2247E-01 -0.6282E-01 -0.1060E+00 -0.1512E+00 -0.1952E+00 -0.2368E+00 -0.2713E+00 -0.2863E+00 -0.2968E+00
     12.4661      320.0000  0.2279E+00  0.2370E+00  0.2438E+00  0.2487E+00  0.2490E+00  0.2366E+00  0.2092E+00  0.1757E+00  0.1468E+00  0.1282E+00  0.1182E+00  0.1035E+00  0.8510E-01  0.6252E-01  0.3565E-01  0.4877E-02 -0.2899E-01 -0.6611E-01 -0.1064E+00 -0.1496E+00 -0.1948E+00 -0.2388E+00 -0.2805E+00 -0.3154E+00 -0.3312E+00 -0.3433E+00
     12.6016      330.0000  0.1776E+00  0.1871E+00  0.1941E+00  0.1990E+00  0.1993E+00  0.1869E+00  0.1595E+00  0.1258E+00  0.9668E-01  0.7793E-01  0.6798E-01  0.5325E-01  0.3478E-01  0.1215E-01 -0.1477E-01 -0.4558E-01 -0.7946E-01 -0.1166E+00 -0.1569E+00 -0.2000E+00 -0.2452E+00 -0.2892E+00 -0.3311E+00 -0.3662E+00 -0.3825E+00 -0.3959E+00
     12.7371      340.0000  0.1219E+00  0.1317E+00  0.1388E+00  0.1438E+00  0.1441E+00  0.1317E+00  0.1043E+00  0.7040E-01  0.4115E-01  0.2228E-01  0.1235E-01 -0.2402E-02 -0.2090E-01 -0.4357E-01 -0.7052E-01 -0.1014E+00 -0.1352E+00 -0.1724E+00 -0.2126E+00 -0.2558E+00 -0.3008E+00 -0.3449E+00 -0.3868E+00 -0.4221E+00 -0.4389E+00 -0.4532E+00
     12.8726      350.0000  0.6257E-01  0.7247E-01  0.7971E-01  0.8474E-01  0.8502E-01  0.7260E-01  0.4520E-01  0.1124E-01 -0.1812E-01 -0.3705E-01 -0.4698E-01 -0.6173E-01 -0.8025E-01 -0.1029E+00 -0.1299E+00 -0.1607E+00 -0.1946E+00 -0.2317E+00 -0.2720E+00 -0.3151E+00 -0.3601E+00 -0.4041E+00 -0.4461E+00 -0.4814E+00 -0.4985E+00 -0.5132E+00
     13.0081      360.0000  0.1336E-02  0.1130E-01  0.1858E-01  0.2362E-01  0.2389E-01  0.1147E-01 -0.1593E-01 -0.4992E-01 -0.7931E-01 -0.9826E-01 -0.1082E+00 -0.1229E+00 -0.1415E+00 -0.1642E+00 -0.1911E+00 -0.2219E+00 -0.2558E+00 -0.2929E+00 -0.3331E+00 -0.3762E+00 -0.4212E+00 -0.4652E+00 -0.5071E+00 -0.5424E+00 -0.5595E+00 -0.5744E+00
     13.1436       10.0000 -0.5991E-01 -0.5000E-01 -0.4275E-01 -0.3772E-01 -0.3744E-01 -0.4985E-01 -0.7726E-01 -0.1112E+00 -0.1406E+00 -0.1595E+00 -0.1694E+00 -0.1842E+00 -0.2027E+00 -0.2254E+00 -0.2523E+00 -0.2831E+00 -0.3170E+00 -0.3540E+00 -0.3942E+00 -0.4372E+00 -0.4822E+00 -0.5261E+00 -0.5679E+00 -0.6032E+00 -0.6202E+00 -0.6347E+00
     13.2791       20.0000 -0.1193E+00 -0.1096E+00 -0.1024E+00 -0.9739E-01 -0.9710E-01 -0.1095E+00 -0.1369E+00 -0.1708E+00 -0.2000E+00 -0.2189E+00 -0.2288E+00 -0.2436E+00 -0.2620E+00 -0.2847E+00 -0.3116E+00 -0.3424E+00 -0.3762E+00 -0.4132E+00 -0.4534E+00 -0.4963E+00 -0.5413E+00 -0.5851E+00 -0.6268E+00 -0.6619E+00 -0.6786E+00 -0.6923E+00
     13.4146       30.0000 -0.1751E+00 -0.1656E+00 -0.1586E+00 -0.1536E+00 -0.1533E+00 -0.1657E+00 -0.1931E+00 -0.2268E+00 -0.2559E+00 -0.2747E+00 -0.2846E+00 -0.2993E+00 -0.3177E+00 -0.3403E+00 -0.3672E+00 -0.3979E+00 -0.4317E+00 -0.4687E+00 -0.5088E+00 -0.5517E+00 -0.5966E+00 -0.6404E+00 -0.6820E+00 -0.7168E+00 -0.7329E+00 -0.7455E+00
     13.5501       40.0000 -0.2255E+00 -0.2164E+00 -0.2095E+00 -0.2046E+00 -0.2043E+00 -0.2167E+00 -0.2441E+00 -0.2777E+00 -0.3065E+00 -0.3251E+00 -0.3350E+00 -0.3497E+00 -0.3681E+00 -0.3906E+00 -0.4174E+00 -0.4481E+00 -0.4818E+00 -0.5187E+00 -0.5589E+00 -0.6018E+00 -0.6466E+00 -0.6903E+00 -0.7317E+00 -0.7662E+00 -0.7816E+00 -0.7927E+00
     13.6856       50.0000 -0.2690E+00 -0.2603E+00 -0.2537E+00 -0.2489E+00 -0.2485E+00 -0.2609E+00 -0.2883E+00 -0.3217E+00 -0.3503E+00 -0.3687E+00 -0.3786E+00 -0.3932E+00 -0.4116E+00 -0.4340E+00 -0.4607E+00 -0.4913E+00 -0.5250E+00 -0.5619E+00 -0.6020E+00 -0.6449E+00 -0.6896E+00 -0.7332E+00 -0.7744E+00 -0.8085E+00 -0.8232E+00 -0.8324E+00
     13.8211       60.0000 -0.3043E+00 -0.2962E+00 -0.2899E+00 -0.2852E+00 -0.2847E+00 -0.2971E+00 -0.3245E+00 -0.3576E+00 -0.3858E+00 -0.4040E+00 -0.4140E+00 -0.4286E+00 -0.4468E+00 -0.4692E+00 -0.4958E+00 -0.5263E+00 -0.5599E+00 -0.5968E+00 -0.6369E+00 -0.6797E+00 -0.7245E+00 -0.7679E+00 -0.8089E+00 -0.8426E+00 -0.8562E+00 -0.8635E+00
     13.9566       70.0000 -0.3304E+00 -0.3228E+00 -0.3168E+00 -0.3122E+00 -0.3117E+00 -0.3241E+00 -0.3515E+00 -0.3843E+00 -0.4122E+00 -0.4301E+00 -0.4401E+00 -0.4547E+00 -0.4728E+00 -0.4951E+00 -0.5216E+00 -0.5520E+00 -0.5856E+00 -0.6224E+00 -0.6625E+00 -0.7053E+00 -0.7500E+00 -0.7934E+00 -0.8341E+00 -0.8673E+00 -0.8800E+00 -0.8849E+00
     14.0921       80.0000 -0.3464E+00 -0.3394E+00 -0.3337E+00 -0.3293E+00 -0.3287E+00 -0.3411E+00 -0.3685E+00 -0.4010E+00 -0.4285E+00 -0.4462E+00 -0.4562E+00 -0.4707E+00 -0.4887E+00 -0.5109E+00 -0.5373E+00 -0.5677E+00 -0.6012E+00 -0.6380E+00 -0.6780E+00 -0.7208E+00 -0.7655E+00 -0.8088E+00 -0.8493E+00 -0.8819E+00 -0.8936E+00 -0.8961E+00
     14.2276       90.0000 -0.3519E+00 -0.3455E+00 -0.3402E+00 -0.3359E+00 -0.3352E+00 -0.3476E+00 -0.3750E+00 -0.4072E+00 -0.4342E+00 -0.4517E+00 -0.4617E+00 -0.4761E+00 -0.4941E+00 -0.5162E+00 -0.5425E+00 -0.5728E+00 -0.6062E+00 -0.6430E+00 -0.6830E+00 -0.7258E+00 -0.7705E+00 -0.8136E+00 -0.8539E+00 -0.8860E+00 -0.8966E+00 -0.8967E+00
     14.3631      100.0000 -0.3466E+00 -0.3409E+00 -0.3359E+00 -0.3317E+00 -0.3310E+00 -0.3434E+00 -0.3707E+00 -0.4026E+00 -0.4293E+00 -0.4465E+00 -0.4565E+00 -0.4709E+00 -0.4888E+00 -0.5107E+00 -0.5370E+00 -0.5672E+00 -0.6005E+00 -0.6373E+00 -0.6773E+00 -0.7201E+00 -0.7647E+00 -0.8078E+00 -0.8479E+00 -0.8794E+00 -0.8889E+00 -0.8866E+00
     14.4986      110.0000 -0.3308E+00 -0.3257E+00 -0.3210E+00 -0.3169E+00 -0.3162E+00 -0.3285E+00 -0.3559E+00 -0.3875E+00 -0.4138E+00 -0.4307E+00 -0.4408E+00 -0.4551E+00 -0.4729E+00 -0.4948E+00 -0.5209E+00 -0.5510E+00 -0.5843E+00 -0.6210E+00 -0.6610E+00 -0.7039E+00 -0.7485E+00 -0.7915E+00 -0.8314E+00 -0.8624E+00 -0.8709E+00 -0.8663E+00
     14.6341      120.0000 -0.3049E+00 -0.3004E+00 -0.2960E+00 -0.2920E+00 -0.2912E+00 -0.3036E+00 -0.3310E+00 -0.3622E+00 -0.3882E+00 -0.4048E+00 -0.4149E+00 -0.4292E+00 -0.4470E+00 -0.4687E+00 -0.4948E+00 -0.5248E+00 -0.5581E+00 -0.5948E+00 -0.6348E+00 -0.6777E+00 -0.7223E+00 -0.7652E+00 -0.8049E+00 -0.8354E+00 -0.8430E+00 -0.8362E+00
     14.7696      130.0000 -0.2697E+00 -0.2657E+00 -0.2616E+00 -0.2578E+00 -0.2569E+00 -0.2692E+00 -0.2966E+00 -0.3276E+00 -0.3532E+00 -0.3697E+00 -0.3798E+00 -0.3941E+00 -0.4117E+00 -0.4334E+00 -0.4594E+00 -0.4894E+00 -0.5226E+00 -0.5593E+00 -0.5993E+00 -0.6422E+00 -0.6868E+00 -0.7297E+00 -0.7692E+00 -0.7994E+00 -0.8060E+00 -0.7974E+00
     14.9051      140.0000 -0.2263E+00 -0.2228E+00 -0.2189E+00 -0.2152E+00 -0.2142E+00 -0.2266E+00 -0.2540E+00 -0.2847E+00 -0.3101E+00 -0.3263E+00 -0.3365E+00 -0.3507E+00 -0.3683E+00 -0.3899E+00 -0.4159E+00 -0.4458E+00 -0.4790E+00 -0.5156E+00 -0.5557E+00 -0.5986E+00 -0.6432E+00 -0.6861E+00 -0.7254E+00 -0.7553E+00 -0.7612E+00 -0.7509E+00
     15.0407      150.0000 -0.1760E+00 -0.1728E+00 -0.1692E+00 -0.1655E+00 -0.1645E+00 -0.1769E+00 -0.2043E+00 -0.2348E+00 -0.2599E+00 -0.2761E+00 -0.2862E+00 -0.3004E+00 -0.3180E+00 -0.3395E+00 -0.3654E+00 -0.3953E+00 -0.4285E+00 -0.4652E+00 -0.5052E+00 -0.5482E+00 -0.5928E+00 -0.6357E+00 -0.6749E+00 -0.7045E+00 -0.7098E+00 -0.6983E+00
     15.1762      160.0000 -0.1203E+00 -0.1174E+00 -0.1139E+00 -0.1103E+00 -0.1093E+00 -0.1217E+00 -0.1490E+00 -0.1795E+00 -0.2044E+00 -0.2204E+00 -0.2306E+00 -0.2448E+00 -0.2623E+00 -0.2838E+00 -0.3097E+00 -0.3395E+00 -0.3727E+00 -0.4094E+00 -0.4495E+00 -0.4924E+00 -0.5371E+00 -0.5800E+00 -0.6192E+00 -0.6485E+00 -0.6535E+00 -0.6410E+00
     15.3117      170.0000 -0.6097E-01 -0.5826E-01 -0.5483E-01 -0.5122E-01 -0.5025E-01 -0.6258E-01 -0.8996E-01 -0.1203E+00 -0.1451E+00 -0.1611E+00 -0.1713E+00 -0.1854E+00 -0.2029E+00 -0.2245E+00 -0.2503E+00 -0.2801E+00 -0.3133E+00 -0.3500E+00 -0.3901E+00 -0.4331E+00 -0.4779E+00 -0.5207E+00 -0.5599E+00 -0.5892E+00 -0.5939E+00 -0.5810E+00
     15.4472      180.0000  0.2653E-03  0.2912E-02  0.6345E-02  0.1085E-01  0.1088E-01 -0.1454E-02 -0.2883E-01 -0.5916E-01 -0.8395E-01 -0.9989E-01 -0.1100E+00 -0.1242E+00 -0.1417E+00 -0.1632E+00 -0.1891E+00 -0.2189E+00 -0.2521E+00 -0.2889E+00 -0.3290E+00 -0.3720E+00 -0.4168E+00 -0.4597E+00 -0.4989E+00 -0.5282E+00 -0.5328E+00 -0.5198E+00
     15.5827      190.0000  0.6151E-01  0.6421E-01  0.6767E-01  0.7218E-01  0.7221E-01  0.5987E-01  0.3249E-01  0.2145E-02 -0.2269E-01 -0.3865E-01 -0.4881E-01 -0.6299E-01 -0.8051E-01 -0.1020E+00 -0.1279E+00 -0.1578E+00 -0.1910E+00 -0.2277E+00 -0.2679E+00 -0.3110E+00 -0.3558E+00 -0.3988E+00 -0.4381E+00 -0.4674E+00 -0.4722E+00 -0.4596E+00
     15.7182      200.0000  0.1209E+00  0.1238E+00  0.1273E+00  0.1309E+00  0.1319E+00  0.1195E+00  0.9215E-01  0.6172E-01  0.3679E-01  0.2076E-01  0.1060E-01 -0.3603E-02 -0.2115E-01 -0.4272E-01 -0.6862E-01 -0.9852E-01 -0.1318E+00 -0.1686E+00 -0.2088E+00 -0.2519E+00 -0.2967E+00 -0.3398E+00 -0.3792E+00 -0.4087E+00 -0.4138E+00 -0.4019E+00
     15.8537      210.0000  0.1767E+00  0.1798E+00  0.1834E+00  0.1871E+00  0.1881E+00  0.1757E+00  0.1483E+00  0.1178E+00  0.9266E-01  0.7652E-01  0.6637E-01  0.5214E-01  0.3455E-01  0.1294E-01 -0.1302E-01 -0.4297E-01 -0.7627E-01 -0.1131E+00 -0.1533E+00 -0.1965E+00 -0.2414E+00 -0.2845E+00 -0.3240E+00 -0.3538E+00 -0.3594E+00 -0.3487E+00
     15.9892      220.0000  0.2271E+00  0.2306E+00  0.2344E+00  0.2381E+00  0.2390E+00  0.2267E+00  0.1993E+00  0.1686E+00  0.1432E+00  0.1269E+00  0.1168E+00  0.1025E+00  0.8490E-01  0.6322E-01  0.3720E-01  0.7189E-02 -0.2616E-01 -0.6302E-01 -0.1033E+00 -0.1464E+00 -0.1914E+00 -0.2346E+00 -0.2743E+00 -0.3045E+00 -0.3107E+00 -0.3015E+00
     16.1247      230.0000  0.2706E+00  0.2745E+00  0.2786E+00  0.2824E+00  0.2833E+00  0.2710E+00  0.2436E+00  0.2126E+00  0.1870E+00  0.1705E+00  0.1604E+00  0.1461E+00  0.1284E+00  0.1066E+00  0.8052E-01  0.5043E-01  0.1703E-01 -0.1987E-01 -0.6016E-01 -0.1033E+00 -0.1483E+00 -0.1917E+00 -0.2316E+00 -0.2621E+00 -0.2692E+00 -0.2618E+00
     16.2602      240.0000  0.3059E+00  0.3104E+00  0.3147E+00  0.3187E+00  0.3195E+00  0.3071E+00  0.2798E+00  0.2485E+00  0.2226E+00  0.2059E+00  0.1958E+00  0.1814E+00  0.1636E+00  0.1418E+00  0.1156E+00  0.8544E-01  0.5198E-01  0.1504E-01 -0.2527E-01 -0.6848E-01 -0.1135E+00 -0.1569E+00 -0.1971E+00 -0.2281E+00 -0.2361E+00 -0.2307E+00
     16.3957      250.0000  0.3320E+00  0.3370E+00  0.3417E+00  0.3457E+00  0.3465E+00  0.3341E+00  0.3068E+00  0.2752E+00  0.2489E+00  0.2320E+00  0.2219E+00  0.2075E+00  0.1896E+00  0.1677E+00  0.1414E+00  0.1112E+00  0.7763E-01  0.4066E-01  0.3298E-03 -0.4290E-01 -0.8797E-01 -0.1315E+00 -0.1719E+00 -0.2034E+00 -0.2124E+00 -0.2093E+00
     16.5312      260.0000  0.3480E+00  0.3537E+00  0.3586E+00  0.3628E+00  0.3635E+00  0.3511E+00  0.3237E+00  0.2919E+00  0.2652E+00  0.2480E+00  0.2379E+00  0.2235E+00  0.2056E+00  0.1835E+00  0.1571E+00  0.1268E+00  0.9321E-01  0.5621E-01  0.1586E-01 -0.2738E-01 -0.7248E-01 -0.1161E+00 -0.1567E+00 -0.1888E+00 -0.1988E+00 -0.1981E+00
     16.6667      270.0000  0.3535E+00  0.3597E+00  0.3651E+00  0.3693E+00  0.3700E+00  0.3576E+00  0.3302E+00  0.2981E+00  0.2710E+00  0.2535E+00  0.2435E+00  0.2290E+00  0.2109E+00  0.1888E+00  0.1623E+00  0.1319E+00  0.9825E-01  0.6120E-01  0.2085E-01 -0.2240E-01 -0.6753E-01 -0.1112E+00 -0.1521E+00 -0.1847E+00 -0.1958E+00 -0.1975E+00
     16.8022      280.0000  0.3482E+00  0.3551E+00  0.3608E+00  0.3652E+00  0.3658E+00  0.3534E+00  0.3260E+00  0.2935E+00  0.2660E+00  0.2483E+00  0.2383E+00  0.2237E+00  0.2056E+00  0.1833E+00  0.1568E+00  0.1263E+00  0.9257E-01  0.5550E-01  0.1514E-01 -0.2810E-01 -0.7325E-01 -0.1170E+00 -0.1581E+00 -0.1913E+00 -0.2034E+00 -0.2076E+00
     16.9377      290.0000  0.3324E+00  0.3399E+00  0.3459E+00  0.3504E+00  0.3509E+00  0.3386E+00  0.3112E+00  0.2784E+00  0.2505E+00  0.2325E+00  0.2225E+00  0.2079E+00  0.1897E+00  0.1674E+00  0.1407E+00  0.1101E+00  0.7637E-01  0.3928E-01 -0.1085E-02 -0.4432E-01 -0.8947E-01 -0.1333E+00 -0.1746E+00 -0.2083E+00 -0.2214E+00 -0.2279E+00
     17.0732      300.0000  0.3065E+00  0.3146E+00  0.3209E+00  0.3255E+00  0.3260E+00  0.3136E+00  0.2862E+00  0.2531E+00  0.2249E+00  0.2067E+00  0.1967E+00  0.1821E+00  0.1638E+00  0.1413E+00  0.1146E+00  0.8393E-01  0.5013E-01  0.1302E-01 -0.2734E-01 -0.7055E-01 -0.1157E+00 -0.1597E+00 -0.2011E+00 -0.2352E+00 -0.2494E+00 -0.2580E+00
     17.2087      310.0000  0.2713E+00  0.2799E+00  0.2865E+00  0.2913E+00  0.2917E+00  0.2793E+00  0.2519E+00  0.2185E+00  0.1900E+00  0.1716E+00  0.1616E+00  0.1469E+00  0.1285E+00  0.1060E+00  0.7922E-01  0.4849E-01  0.1466E-01 -0.2247E-01 -0.6282E-01 -0.1060E+00 -0.1512E+00 -0.1952E+00 -0.2368E+00 -0.2713E+00 -0.2863E+00 -0.2968E+00
     17.3442      320.0000  0.2279E+00  0.2370E+00  0.2438E+00  0.2487E+00  0.2490E+00  0.2366E+00  0.2092E+00  0.1757E+00  0.1468E+00  0.1282E+00  0.1182E+00  0.1035E+00  0.8510E-01  0.6252E-01  0.3565E-01  0.4877E-02 -0.2899E-01 -0.6611E-01 -0.1064E+00 -0.1496E+00 -0.1948E+00 -0.2388E+00 -0.2805E+00 -0.3154E+00 -0.3312E+00 -0.3433E+00
     17.4797      330.0000  0.1776E+00  0.1871E+00  0.1941E+00  0.1990E+00  0.1993E+00  0.1869E+00  0.1595E+00  0.1258E+00  0.9668E-01  0.7793E-01  0.6798E-01  0.5325E-01  0.3478E-01  0.1215E-01 -0.1477E-01 -0.4558E-01 -0.7946E-01 -0.1166E+00 -0.1569E+00 -0.2000E+00 -0.2452E+00 -0.2892E+00 -0.3311E+00 -0.3662E+00 -0.3825E+00 -0.3959E+00
     17.6152      340.0000  0.1219E+00  0.1317E+00  0.1388E+00  0.1438E+00  0.1441E+00  0.1317E+00  0.1043E+00  0.7040E-01  0.4115E-01  0.2228E-01  0.1235E-01 -0.2402E-02 -0.2090E-01 -0.4357E-01 -0.7052E-01 -0.1014E+00 -0.1352E+00 -0.1724E+00 -0.2126E+00 -0.2558E+00 -0.3008E+00 -0.3449E+00 -0.3868E+00 -0.4221E+00 -0.4389E+00 -0.4532E+00
     17.7507      350.0000  0.6257E-01  0.7247E-01  0.7971E-01  0.8474E-01  0.8502E-01  0.7260E-01  0.4520E-01  0.1124E-01 -0.1812E-01 -0.3705E-01 -0.4698E-01 -0.6173E-01 -0.8025E-01 -0.1029E+00 -0.1299E+00 -0.1607E+00 -0.1946E+00 -0.2317E+00 -0.2720E+00 -0.3151E+00 -0.3601E+00 -0.4041E+00 -0.4461E+00 -0.4814E+00 -0.4985E+00 -0.5132E+00
     17.8862      360.0000  0.1336E-02  0.1130E-01  0.1858E-01  0.2362E-01  0.2389E-01  0.1147E-01 -0.1593E-01 -0.4992E-01 -0.7931E-01 -0.9826E-01 -0.1082E+00 -0.1229E+00 -0.1415E+00 -0.1642E+00 -0.1911E+00 -0.2219E+00 -0.2558E+00 -0.2929E+00 -0.3331E+00 -0.3762E+00 -0.4212E+00 -0.4652E+00 -0.5071E+00 -0.5424E+00 -0.5595E+00 -0.5744E+00
     18.0217       10.0000 -0.5991E-01 -0.5000E-01 -0.4275E-01 -0.3772E-01 -0.3744E-01 -0.4985E-01 -0.7726E-01 -0.1112E+00 -0.1406E+00 -0.1595E+00 -0.1694E+00 -0.1842E+00 -0.2027E+00 -0.2254E+00 -0.2523E+00 -0.2831E+00 -0.3170E+00 -0.3540E+00 -0.3942E+00 -0.4372E+00 -0.4822E+00 -0.5261E+00 -0.5679E+00 -0.6032E+00 -0.6202E+00 -0.6347E+00
     18.1572       20.0000 -0.1193E+00 -0.1096E+00 -0.1024E+00 -0.9739E-01 -0.9710E-01 -0.1095E+00 -0.1369E+00 -0.1708E+00 -0.2000E+00 -0.2189E+00 -0.2288E+00 -0.2436E+00 -0.2620E+00 -0.2847E+00 -0.3116E+00 -0.3424E+00 -0.3762E+00 -0.4132E+00 -0.4534E+00 -0.4963E+00 -0.5413E+00 -0.5851E+00 -0.6268E+00 -0.6619E+00 -0.6786E+00 -0.6923E+00
     18.2927       30.0000 -0.1751E+00 -0.1656E+00 -0.1586E+00 -0.1536E+00 -0.1533E+00 -0.1657E+00 -0.1931E+00 -0.2268E+00 -0.2559E+00 -0.2747E+00 -0.2846E+00 -0.2993E+00 -0.3177E+00 -0.3403E+00 -0.3672E+00 -0.3979E+00 -0.4317E+00 -0.4687E+00 -0.5088E+00 -0.5517E+00 -0.5966E+00 -0.6404E+00 -0.6820E+00 -0.7168E+00 -0.7329E+00 -0.7455E+00
     18.4282       40.0000 -0.2255E+00 -0.2164E+00 -0.2095E+00 -0.2046E+00 -0.2043E+00 -0.2167E+00 -0.2441E+00 -0.2777E+00 -0.3065E+00 -0.3251E+00 -0.3350E+00 -0.3497E+00 -0.3681E+00 -0.3906E+00 -0.4174E+00 -0.4481E+00 -0.4818E+00 -0.5187E+00 -0.5589E+00 -0.6018E+00 -0.6466E+00 -0.6903E+00 -0.7317E+00 -0.7662E+00 -0.7816E+00 -0.7927E+00
     18.5637       50.0000 -0.2690E+00 -0.2603E+00 -0.2537E+00 -0.2489E+00 -0.2485E+00 -0.2609E+00 -0.2883E+00 -0.3217E+00 -0.3503E+00 -0.3687E+00 -0.3786E+00 -0.3932E+00 -0.4116E+00 -0.4340E+00 -0.4607E+00 -0.4913E+00 -0.5250E+00 -0.5619E+00 -0.6020E+00 -0.6449E+00 -0.6896E+00 -0.7332E+00 -0.7744E+00 -0.8085E+00 -0.8232E+00 -0.8324E+00
     18.6992       60.0000 -0.3043E+00 -0.2962E+00 -0.2899E+00 -0.2852E+00 -0.2847E+00 -0.2971E+00 -0.3245E+00 -0.3576E+00 -0.3858E+00 -0.4040E+00 -0.4140E+00 -0.4286E+00 -0.4468E+00 -0.4692E+00 -0.4958E+00 -0.5263E+00 -0.5599E+00 -0.5968E+00 -0.6369E+00 -0.6797E+00 -0.7245E+00 -0.7679E+00 -0.8089E+00 -0.8426E+00 -0.8562E+00 -0.8635E+00
     18.8347       70.0000 -0.3304E+00 -0.3228E+00 -0.3168E+00 -0.3122E+00 -0.3117E+00 -0.3241E+00 -0.3515E+00 -0.3843E+00 -0.4122E+00 -0.4301E+00 -0.4401E+00 -0.4547E+00 -0.4728E+00 -0.4951E+00 -0.5216E+00 -0.5520E+00 -0.5856E+00 -0.6224E+00 -0.6625E+00 -0.7053E+00 -0.7500E+00 -0.7934E+00 -0.8341E+00 -0.8673E+00 -0.8800E+00 -0.8849E+00
     18.9702       80.0000 -0.3464E+00 -0.3394E+00 -0.3337E+00 -0.3293E+00 -0.3287E+00 -0.3411E+00 -0.3685E+00 -0.4010E+00 -0.4285E+00 -0.4462E+00 -0.4562E+00 -0.4707E+00 -0.4887E+00 -0.5109E+00 -0.5373E+00 -0.5677E+00 -0.6012E+00 -0.6380E+00 -0.6780E+00 -0.7208E+00 -0.7655E+00 -0.8088E+00 -0.8493E+00 -0.8819E+00 -0.8936E+00 -0.8961E+00
     19.1057       90.0000 -0.3519E+00 -0.3455E+00 -0.3402E+00 -0.3359E+00 -0.3352E+00 -0.3476E+00 -0.3750E+00 -0.4072E+00 -0.4342E+00 -0.4517E+00 -0.4617E+00 -0.4761E+00 -0.4941E+00 -0.5162E+00 -0.5425E+00 -0.5728E+00 -0.6062E+00 -0.6430E+00 -0.6830E+00 -0.7258E+00 -0.7705E+00 -0.8136E+00 -0.8539E+00 -0.8860E+00 -0.8966E+00 -0.8967E+00
     19.2412      100.0000 -0.3466E+00 -0.3409E+00 -0.3359E+00 -0.3317E+00 -0.3310E+00 -0.3434E+00 -0.3707E+00 -0.4026E+00 -0.4293E+00 -0.4465E+00 -0.4565E+00 -0.4709E+00 -0.4888E+00 -0.5107E+00 -0.5370E+00 -0.5672E+00 -0.6005E+00 -0.6373E+00 -0.6773E+00 -0.7201E+00 -0.7647E+00 -0.8078E+00 -0.8479E+00 -0.8794E+00 -0.8889E+00 -0.8866E+00
     19.3767      110.0000 -0.3308E+00 -0.3257E+00 -0.3210E+00 -0.3169E+00 -0.3162E+00 -0.3285E+00 -0.3559E+00 -0.3875E+00 -0.4138E+00 -0.4307E+00 -0.4408E+00 -0.4551E+00 -0.4729E+00 -0.4948E+00 -0.5209E+00 -0.5510E+00 -0.5843E+00 -0.6210E+00 -0.6610E+00 -0.7039E+00 -0.7485E+00 -0.7915E+00 -0.8314E+00 -0.8624E+00 -0.8709E+00 -0.8663E+00
     19.5122      120.0000 -0.3049E+00 -0.3004E+00 -0.2960E+00 -0.2920E+00 -0.2912E+00 -0.3036E+00 -0.3310E+00 -0.3622E+00 -0.3882E+00 -0.4048E+00 -0.4149E+00 -0.4292E+00 -0.4470E+00 -0.4687E+00 -0.4948E+00 -0.5248E+00 -0.5581E+00 -0.5948E+00 -0.6348E+00 -0.6777E+00 -0.7223E+00 -0.7652E+00 -0.8049E+00 -0.8354E+00 -0.8430E+00 -0.8362E+00
     19.6477      130.0000 -0.2697E+00 -0.2657E+00 -0.2616E+00 -0.2578E+00 -0.2569E+00 -0.2692E+00 -0.2966E+00 -0.3276E+00 -0.3532E+00 -0.3697E+00 -0.3798E+00 -0.3941E+00 -0.4117E+00 -0.4334E+00 -0.4594E+00 -0.4894E+00 -0.5226E+00 -0.5593E+00 -0.5993E+00 -0.6422E+00 -0.6868E+00 -0.7297E+00 -0.7692E+00 -0.7994E+00 -0.8060E+00 -0.7974E+00
     19.7832      140.0000 -0.2263E+00 -0.2228E+00 -0.2189E+00 -0.2152E+00 -0.2142E+00 -0.2266E+00 -0.2540E+00 -0.2847E+00 -0.3101E+00 -0.3263E+00 -0.3365E+00 -0.3507E+00 -0.3683E+00 -0.3899E+00 -0.4159E+00 -0.4458E+00 -0.4790E+00 -0.5156E+00 -0.5557E+00 -0.5986E+00 -0.6432E+00 -0.6861E+00 -0.7254E+00 -0.7553E+00 -0.7612E+00 -0.7509E+00
     19.9187      150.0000 -0.1760E+00 -0.1728E+00 -0.1692E+00 -0.1655E+00 -0.1645E+00 -0.1769E+00 -0.2043E+00 -0.2348E+00 -0.2599E+00 -0.2761E+00 -0.2862E+00 -0.3004E+00 -0.3180E+00 -0.3395E+00 -0.3654E+00 -0.3953E+00 -0.4285E+00 -0.4652E+00 -0.5052E+00 -0.5482E+00 -0.5928E+00 -0.6357E+00 -0.6749E+00 -0.7045E+00 -0.7098E+00 -0.6983E+00
     20.0542      160.0000 -0.1203E+00 -0.1174E+00 -0.1139E+00 -0.1103E+00 -0.1093E+00 -0.1217E+00 -0.1490E+00 -0.1795E+00 -0.2044E+00 -0.2204E+00 -0.2306E+00 -0.2448E+00 -0.2623E+00 -0.2838E+00 -0.3097E+00 -0.3395E+00 -0.3727E+00 -0.4094E+00 -0.4495E+00 -0.4924E+00 -0.5371E+00 -0.5800E+00 -0.6192E+00 -0.6485E+00 -0.6535E+00 -0.6410E+00
     20.1897      170.0000 -0.6097E-01 -0.5826E-01 -0.5483E-01 -0.5122E-01 -0.5025E-01 -0.6258E-01 -0.8996E-01 -0.1203E+00 -0.1451E+00 -0.1611E+00 -0.1713E+00 -0.1854E+00 -0.2029E+00 -0.2245E+00 -0.2503E+00 -0.2801E+00 -0.3133E+00 -0.3500E+00 -0.3901E+00 -0.4331E+00 -0.4779E+00 -0.5207E+00 -0.5599E+00 -0.5892E+00 -0.5939E+00 -0.5810E+00
     20.3252      180.0000  0.2653E-03  0.2912E-02  0.6345E-02  0.1085E-01  0.1088E-01 -0.1454E-02 -0.2883E-01 -0.5916E-01 -0.8395E-01 -0.9989E-01 -0.1100E+00 -0.1242E+00 -0.1417E+00 -0.1632E+00 -0.1891E+00 -0.2189E+00 -0.2521E+00 -0.2889E+00 -0.3290E+00 -0.3720E+00 -0.4168E+00 -0.4597E+00 -0.4989E+00 -0.5282E+00 -0.5328E+00 -0.5198E+00
     20.4607      190.0000  0.6151E-01  0.6421E-01  0.6767E-01  0.7218E-01  0.7221E-01  0.5987E-01  0.3249E-01  0.2145E-02 -0.2269E-01 -0.3865E-01 -0.4881E-01 -0.6299E-01 -0.8051E-01 -0.1020E+00 -0.1279E+00 -0.1578E+00 -0.1910E+00 -0.2277E+00 -0.2679E+00 -0.3110E+00 -0.3558E+00 -0.3988E+00 -0.4381E+00 -0.4674E+00 -0.4722E+00 -0.4596E+00
     20.5962      200.0000  0.1209E+00  0.1238E+00  0.1273E+00  0.1309E+00  0.1319E+00  0.1195E+00  0.9215E-01  0.6172E-01  0.3679E-01  0.2076E-01  0.1060E-01 -0.3603E-02 -0.2115E-01 -0.4272E-01 -0.6862E-01 -0.9852E-01 -0.1318E+00 -0.1686E+00 -0.2088E+00 -0.2519E+00 -0.2967E+00 -0.3398E+00 -0.3792E+00 -0.4087E+00 -0.4138E+00 -0.4019E+00
     20.7317      210.0000  0.1767E+00  0.1798E+00  0.1834E+00  0.1871E+00  0.1881E+00  0.1757E+00  0.1483E+00  0.1178E+00  0.9266E-01  0.7652E-01  0.6637E-01  0.5214E-01  0.3455E-01  0.1294E-01 -0.1302E-01 -0.4297E-01 -0.7627E-01 -0.1131E+00 -0.1533E+00 -0.1965E+00 -0.2414E+00 -0.2845E+00 -0.3240E+00 -0.3538E+00 -0.3594E+00 -0.3487E+00
     20.8672      220.0000  0.2271E+00  0.2306E+00  0.2344E+00  0.2381E+00  0.2390E+00  0.2267E+00  0.1993E+00  0.1686E+00  0.1432E+00  0.1269E+00  0.1168E+00  0.1025E+00  0.8490E-01  0.6322E-01  0.3720E-01  0.7189E-02 -0.2616E-01 -0.6302E-01 -0.1033E+00 -0.1464E+00 -0.1914E+00 -0.2346E+00 -0.2743E+00 -0.3045E+00 -0.3107E+00 -0.3015E+00
     21.0027      230.0000  0.2706E+00  0.2745E+00  0.2786E+00  0.2824E+00  0.2833E+00  0.2710E+00  0.2436E+00  0.2126E+00  0.1870E+00  0.1705E+00  0.1604E+00  0.1461E+00  0.1284E+00  0.1066E+00  0.8052E-01  0.5043E-01  0.1703E-01 -0.1987E-01 -0.6016E-01 -0.1033E+00 -0.1483E+00 -0.1917E+00 -0.2316E+00 -0.2621E+00 -0.2692E+00 -0.2618E+00
     21.1382      240.0000  0.3059E+00  0.3104E+00  0.3147E+00  0.3187E+00  0.3195E+00  0.3071E+00  0.2798E+00  0.2485E+00  0.2226E+00  0.2059E+00  0.1958E+00  0.1814E+00  0.1636E+00  0.1418E+00  0.1156E+00  0.8544E-01  0.5198E-01  0.1504E-01 -0.2527E-01 -0.6848E-01 -0.1135E+00 -0.1569E+00 -0.1971E+00 -0.2281E+00 -0.2361E+00 -0.2307E+00
     21.2737      250.0000  0.3320E+00  0.3370E+00  0.3417E+00  0.3457E+00  0.3465E+00  0.3341E+00  0.3068E+00  0.2752E+00  0.2489E+00  0.2320E+00  0.2219E+00  0.2075E+00  0.1896E+00  0.1677E+00  0.1414E+00  0.1112E+00  0.7763E-01  0.4066E-01  0.3298E-03 -0.4290E-01 -0.8797E-01 -0.1315E+00 -0.1719E+00 -0.2034E+00 -0.2124E+00 -0.2093E+00
     21.4092      260.0000  0.3480E+00  0.3537E+00  0.3586E+00  0.3628E+00  0.3635E+00  0.3511E+00  0.3237E+00  0.2919E+00  0.2652E+00  0.2480E+00  0.2379E+00  0.2235E+00  0.2056E+00  0.1835E+00  0.1571E+00  0.1268E+00  0.9321E-01  0.5621E-01  0.1586E-01 -0.2738E-01 -0.7248E-01 -0.1161E+00 -0.1567E+00 -0.1888E+00 -0.1988E+00 -0.1981E+00
     21.5447      270.0000  0.3535E+00  0.3597E+00  0.3651E+00  0.3693E+00  0.3700E+00  0.3576E+00  0.3302E+00  0.2981E+00  0.2710E+00  0.2535E+00  0.2435E+00  0.2290E+00  0.2109E+00  0.1888E+00  0.1623E+00  0.1319E+00  0.9825E-01  0.6120E-01  0.2085E-01 -0.2240E-01 -0.6753E-01 -0.1112E+00 -0.1521E+00 -0.1847E+00 -0.1958E+00 -0.1975E+00
     21.6802      280.0000  0.3482E+00  0.3551E+00  0.3608E+00  0.3652E+00  0.3658E+00  0.3534E+00  0.3260E+00  0.2935E+00  0.2660E+00  0.2483E+00  0.2383E+00  0.2237E+00  0.2056E+00  0.1833E+00  0.1568E+00  0.1263E+00  0.9257E-01  0.5550E-01  0.1514E-01 -0.2810E-01 -0.7325E-01 -0.1170E+00 -0.1581E+00 -0.1913E+00 -0.2034E+00 -0.2076E+00
     21.8157      290.0000  0.3324E+00  0.3399E+00  0.3459E+00  0.3504E+00  0.3509E+00  0.3386E+00  0.3112E+00  0.2784E+00  0.2505E+00  0.2325E+00  0.2225E+00  0.2079E+00  0.1897E+00  0.1674E+00  0.1407E+00  0.1101E+00  0.7637E-01  0.3928E-01 -0.1085E-02 -0.4432E-01 -0.8947E-01 -0.1333E+00 -0.1746E+00 -0.2083E+00 -0.2214E+00 -0.2279E+00
     21.9512      300.0000  0.3065E+00  0.3146E+00  0.3209E+00  0.3255E+00  0.3260E+00  0.3136E+00  0.2862E+00  0.2531E+00  0.2249E+00  0.2067E+00  0.1967E+00  0.1821E+00  0.1638E+00  0.1413E+00  0.1146E+00  0.8393E-01  0.5013E-01  0.1302E-01 -0.2734E-01 -0.7055E-01 -0.1157E+00 -0.1597E+00 -0.2011E+00 -0.2352E+00 -0.2494E+00 -0.2580E+00
     22.0867      310.0000  0.2713E+00  0.2799E+00  0.2865E+00  0.2913E+00  0.2917E+00  0.2793E+00  0.2519E+00  0.2185E+00  0.1900E+00  0.1716E+00  0.1616E+00  0.1469E+00  0.1285E+00  0.1060E+00  0.7922E-01  0.4849E-01  0.1466E-01 -0.2247E-01 -0.6282E-01 -0.1060E+00 -0.1512E+00 -0.1952E+00 -0.2368E+00 -0.2713E+00 -0.2863E+00 -0.2968E+00
     22.2222      320.0000  0.2279E+00  0.2370E+00  0.2438E+00  0.2487E+00  0.2490E+00  0.2366E+00  0.2092E+00  0.1757E+00  0.1468E+00  0.1282E+00  0.1182E+00  0.1035E+00  0.8510E-01  0.6252E-01  0.3565E-01  0.4877E-02 -0.2899E-01 -0.6611E-01 -0.1064E+00 -0.1496E+00 -0.1948E+00 -0.2388E+00 -0.2805E+00 -0.3154E+00 -0.3312E+00 -0.3433E+00
     22.3577      330.0000  0.1776E+00  0.1871E+00  0.1941E+00  0.1990E+00  0.1993E+00  0.1869E+00  0.1595E+00  0.1258E+00  0.9668E-01  0.7793E-01  0.6798E-01  0.5325E-01  0.3478E-01  0.1215E-01 -0.1477E-01 -0.4558E-01 -0.7946E-01 -0.1166E+00 -0.1569E+00 -0.2000E+00 -0.2452E+00 -0.2892E+00 -0.3311E+00 -0.3662E+00 -0.3825E+00 -0.3959E+00
     22.4932      340.0000  0.1219E+00  0.1317E+00  0.1388E+00  0.1438E+00  0.1441E+00  0.1317E+00  0.1043E+00  0.7040E-01  0.4115E-01  0.2228E-01  0.1235E-01 -0.2402E-02 -0.2090E-01 -0.4357E-01 -0.7052E-01 -0.1014E+00 -0.1352E+00 -0.1724E+00 -0.2126E+00 -0.2558E+00 -0.3008E+00 -0.3449E+00 -0.3868E+00 -0.4221E+00 -0.4389E+00 -0.4532E+00
     22.6287      350.0000  0.6257E-01  0.7247E-01  0.7971E-01  0.8474E-01  0.8502E-01  0.7260E-01  0.4520E-01  0.1124E-01 -0.1812E-01 -0.3705E-01 -0.4698E-01 -0.6173E-01 -0.8025E-01 -0.1029E+00 -0.1299E+00 -0.1607E+00 -0.1946E+00 -0.2317E+00 -0.2720E+00 -0.3151E+00 -0.3601E+00 -0.4041E+00 -0.4461E+00 -0.4814E+00 -0.4985E+00 -0.5132E+00
     22.7642      360.0000  0.1336E-02  0.1130E-01  0.1858E-01  0.2362E-01  0.2389E-01  0.1147E-01 -0.1593E-01 -0.4992E-01 -0.7931E-01 -0.9826E-01 -0.1082E+00 -0.1229E+00 -0.1415E+00 -0.1642E+00 -0.1911E+00 -0.2219E+00 -0.2558E+00 -0.2929E+00 -0.3331E+00 -0.3762E+00 -0.4212E+00 -0.4652E+00 -0.5071E+00 -0.5424E+00 -0.5595E+00 -0.5744E+00
     22.8997       10.0000 -0.5991E-01 -0.5000E-01 -0.4275E-01 -0.3772E-01 -0.3744E-01 -0.4985E-01 -0.7726E-01 -0.1112E+00 -0.1406E+00 -0.1595E+00 -0.1694E+00 -0.1842E+00 -0.2027E+00 -0.2254E+00 -0.2523E+00 -0.2831E+00 -0.3170E+00 -0.3540E+00 -0.3942E+00 -0.4372E+00 -0.4822E+00 -0.5261E+00 -0.5679E+00 -0.6032E+00 -0.6202E+00 -0.6347E+00
     23.0352       20.0000 -0.1193E+00 -0.1096E+00 -0.1024E+00 -0.9739E-01 -0.9710E-01 -0.1095E+00 -0.1369E+00 -0.1708E+00 -0.2000E+00 -0.2189E+00 -0.2288E+00 -0.2436E+00 -0.2620E+00 -0.2847E+00 -0.3116E+00 -0.3424E+00 -0.3762E+00 -0.4132E+00 -0.4534E+00 -0.4963E+00 -0.5413E+00 -0.5851E+00 -0.6268E+00 -0.6619E+00 -0.6786E+00 -0.6923E+00
     23.1707       30.0000 -0.1751E+00 -0.1656E+00 -0.1586E+00 -0.1536E+00 -0.1533E+00 -0.1657E+00 -0.1931E+00 -0.2268E+00 -0.2559E+00 -0.2747E+00 -0.2846E+00 -0.2993E+00 -0.3177E+00 -0.3403E+00 -0.3672E+00 -0.3979E+00 -0.4317E+00 -0.4687E+00 -0.5088E+00 -0.5517E+00 -0.5966E+00 -0.6404E+00 -0.6820E+00 -0.7168E+00 -0.7329E+00 -0.7455E+00
     23.3062       40.0000 -0.2255E+00 -0.2164E+00 -0.2095E+00 -0.2046E+00 -0.2043E+00 -0.2167E+00 -0.2441E+00 -0.2777E+00 -0.3065E+00 -0.3251E+00 -0.3350E+00 -0.3497E+00 -0.3681E+00 -0.3906E+00 -0.4174E+00 -0.4481E+00 -0.4818E+00 -0.5187E+00 -0.5589E+00 -0.6018E+00 -0.6466E+00 -0.6903E+00 -0.7317E+00 -0.7662E+00 -0.7816E+00 -0.7927E+00
     23.4417       50.0000 -0.2690E+00 -0.2603E+00 -0.2537E+00 -0.2489E+00 -0.2485E+00 -0.2609E+00 -0.2883E+00 -0.3217E+00 -0.3503E+00 -0.3687E+00 -0.3786E+00 -0.3932E+00 -0.4116E+00 -0.4340E+00 -0.4607E+00 -0.4913E+00 -0.5250E+00 -0.5619E+00 -0.6020E+00 -0.6449E+00 -0.6896E+00 -0.7332E+00 -0.7744E+00 -0.8085E+00 -0.8232E+00 -0.8324E+00
     23.5772       60.0000 -0.3043E+00 -0.2962E+00 -0.2899E+00 -0.2852E+00 -0.2847E+00 -0.2971E+00 -0.3245E+00 -0.3576E+00 -0.3858E+00 -0.4040E+00 -0.4140E+00 -0.4286E+00 -0.4468E+00 -0.4692E+00 -0.4958E+00 -0.5263E+00 -0.5599E+00 -0.5968E+00 -0.6369E+00 -0.6797E+00 -0.7245E+00 -0.7679E+00 -0.8089E+00 -0.8426E+00 -0.8562E+00 -0.8635E+00
     23.7127       70.0000 -0.3304E+00 -0.3228E+00 -0.3168E+00 -0.3122E+00 -0.3117E+00 -0.3241E+00 -0.3515E+00 -0.3843E+00 -0.4122E+00 -0.4301E+00 -0.4401E+00 -0.4547E+00 -0.4728E+00 -0.4951E+00 -0.5216E+00 -0.5520E+00 -0.5856E+00 -0.6224E+00 -0.6625E+00 -0.7053E+00 -0.7500E+00 -0.7934E+00 -0.8341E+00 -0.8673E+00 -0.8800E+00 -0.8849E+00
     23.8482       80.0000 -0.3464E+00 -0.3394E+00 -0.3337E+00 -0.3293E+00 -0.3287E+00 -0.3411E+00 -0.3685E+00 -0.4010E+00 -0.4285E+00 -0.4462E+00 -0.4562E+00 -0.4707E+00 -0.4887E+00 -0.5109E+00 -0.5373E+00 -0.5677E+00 -0.6012E+00 -0.6380E+00 -0.6780E+00 -0.7208E+00 -0.7655E+00 -0.8088E+00 -0.8493E+00 -0.8819E+00 -0.8936E+00 -0.8961E+00
     23.9837       90.0000 -0.3519E+00 -0.3455E+00 -0.3402E+00 -0.3359E+00 -0.3352E+00 -0.3476E+00 -0.3750E+00 -0.4072E+00 -0.4342E+00 -0.4517E+00 -0.4617E+00 -0.4761E+00 -0.4941E+00 -0.5162E+00 -0.5425E+00 -0.5728E+00 -0.6062E+00 -0.6430E+00 -0.6830E+00 -0.7258E+00 -0.7705E+00 -0.8136E+00 -0.8539E+00 -0.8860E+00 -0.8966E+00 -0.8967E+00
     24.1192      100.0000 -0.3466E+00 -0.3409E+00 -0.3359E+00 -0.3317E+00 -0.3310E+00 -0.3434E+00 -0.3707E+00 -0.4026E+00 -0.4293E+00 -0.4465E+00 -0.4565E+00 -0.4709E+00 -0.4888E+00 -0.5107E+00 -0.5370E+00 -0.5672E+00 -0.6005E+00 -0.6373E+00 -0.6773E+00 -0.7201E+00 -0.7647E+00 -0.8078E+00 -0.8479E+00 -0.8794E+00 -0.8889E+00 -0.8866E+00
     24.2547      110.0000 -0.3308E+00 -0.3257E+00 -0.3210E+00 -0.3169E+00 -0.3162E+00 -0.3285E+00 -0.3559E+00 -0.3875E+00 -0.4138E+00 -0.4307E+00 -0.4408E+00 -0.4551E+00 -0.4729E+00 -0.4948E+00 -0.5209E+00 -0.5510E+00 -0.5843E+00 -0.6210E+00 -0.6610E+00 -0.7039E+00 -0.7485E+00 -0.7915E+00 -0.8314E+00 -0.8624E+00 -0.8709E+00 -0.8663E+00
     24.3902      120.0000 -0.3049E+00 -0.3004E+00 -0.2960E+00 -0.2920E+00 -0.2912E+00 -0.3036E+00 -0.3310E+00 -0.3622E+00 -0.3882E+00 -0.4048E+00 -0.4149E+00 -0.4292E+00 -0.4470E+00 -0.4687E+00 -0.4948E+00 -0.5248E+00 -0.5581E+00 -0.5948E+00 -0.6348E+00 -0.6777E+00 -0.7223E+00 -0.7652E+00 -0.8049E+00 -0.8354E+00 -0.8430E+00 -0.8362E+00
     24.5257      130.0000 -0.2697E+00 -0.2657E+00 -0.2616E+00 -0.2578E+00 -0.2569E+00 -0.2692E+00 -0.2966E+00 -0.3276E+00 -0.3532E+00 -0.3697E+00 -0.3798E+00 -0.3941E+00 -0.4117E+00 -0.4334E+00 -0.4594E+00 -0.4894E+00 -0.5226E+00 -0.5593E+00 -0.5993E+00 -0.6422E+00 -0.6868E+00 -0.7297E+00 -0.7692E+00 -0.7994E+00 -0.8060E+00 -0.7974E+00
     24.6612      140.0000 -0.2263E+00 -0.2228E+00 -0.2189E+00 -0.2152E+00 -0.2142E+00 -0.2266E+00 -0.2540E+00 -0.2847E+00 -0.3101E+00 -0.3263E+00 -0.3365E+00 -0.3507E+00 -0.3683E+00 -0.3899E+00 -0.4159E+00 -0.4458E+00 -0.4790E+00 -0.5156E+00 -0.5557E+00 -0.5986E+00 -0.6432E+00 -0.6861E+00 -0.7254E+00 -0.7553E+00 -0.7612E+00 -0.7509E+00
     24.7967      150.0000 -0.1760E+00 -0.1728E+00 -0.1692E+00 -0.1655E+00 -0.1645E+00 -0.1769E+00 -0.2043E+00 -0.2348E+00 -0.2599E+00 -0.2761E+00 -0.2862E+00 -0.3004E+00 -0.3180E+00 -0.3395E+00 -0.3654E+00 -0.3953E+00 -0.4285E+00 -0.4652E+00 -0.5052E+00 -0.5482E+00 -0.5928E+00 -0.6357E+00 -0.6749E+00 -0.7045E+00 -0.7098E+00 -0.6983E+00
     24.9322      160.0000 -0.1203E+00 -0.1174E+00 -0.1139E+00 -0.1103E+00 -0.1093E+00 -0.1217E+00 -0.1490E+00 -0.1795E+00 -0.2044E+00 -0.2204E+00 -0.2306E+00 -0.2448E+00 -0.2623E+00 -0.2838E+00 -0.3097E+00 -0.3395E+00 -0.3727E+00 -0.4094E+00 -0.4495E+00 -0.4924E+00 -0.5371E+00 -0.5800E+00 -0.6192E+00 -0.6485E+00 -0.6535E+00 -0.6410E+00
     25.0678      170.0000 -0.6097E-01 -0.5826E-01 -0.5483E-01 -0.5122E-01 -0.5025E-01 -0.6258E-01 -0.8996E-01 -0.1203E+00 -0.1451E+00 -0.1611E+00 -0.1713E+00 -0.1854E+00 -0.2029E+00 -0.2245E+00 -0.2503E+00 -0.2801E+00 -0.3133E+00 -0.3500E+00 -0.3901E+00 -0.4331E+00 -0.4779E+00 -0.5207E+00 -0.5599E+00 -0.5892E+00 -0.5939E+00 -0.5810E+00
     25.2033      180.0000  0.2653E-03  0.2912E-02  0.6345E-02  0.1085E-01  0.1088E-01 -0.1454E-02 -0.2883E-01 -0.5916E-01 -0.8395E-01 -0.9989E-01 -0.1100E+00 -0.1242E+00 -0.1417E+00 -0.1632E+00 -0.1891E+00 -0.2189E+00 -0.2521E+00 -0.2889E+00 -0.3290E+00 -0.3720E+00 -0.4168E+00 -0.4597E+00 -0.4989E+00 -0.5282E+00 -0.5328E+00 -0.5198E+00
     25.3388      190.0000  0.6151E-01  0.6421E-01  0.6767E-01  0.7218E-01  0.7221E-01  0.5987E-01  0.3249E-01  0.2145E-02 -0.2269E-01 -0.3865E-01 -0.4881E-01 -0.6299E-01 -0.8051E-01 -0.1020E+00 -0.1279E+00 -0.1578E+00 -0.1910E+00 -0.2277E+00 -0.2679E+00 -0.3110E+00 -0.3558E+00 -0.3988E+00 -0.4381E+00 -0.4674E+00 -0.4722E+00 -0.4596E+00
     25.4743      200.0000  0.1209E+00  0.1238E+00  0.1273E+00  0.1309E+00  0.1319E+00  0.1195E+00  0.9215E-01  0.6172E-01  0.3679E-01  0.2076E-01  0.1060E-01 -0.3603E-02 -0.2115E-01 -0.4272E-01 -0.6862E-01 -0.9852E-01 -0.1318E+00 -0.1686E+00 -0.2088E+00 -0.2519E+00 -0.2967E+00 -0.3398E+00 -0.3792E+00 -0.4087E+00 -0.4138E+00 -0.4019E+00
     25.6098      210.0000  0.1767E+00  0.1798E+00  0.1834E+00  0.1871E+00  0.1881E+00  0.1757E+00  0.1483E+00  0.1178E+00  0.9266E-01  0.7652E-01  0.6637E-01  0.5214E-01  0.3455E-01  0.1294E-01 -0.1302E-01 -0.4297E-01 -0.7627E-01 -0.1131E+00 -0.1533E+00 -0.1965E+00 -0.2414E+00 -0.2845E+00 -0.3240E+00 -0.3538E+00 -0.3594E+00 -0.3487E+00
     25.7453      220.0000  0.2271E+00  0.2306E+00  0.2344E+00  0.2381E+00  0.2390E+00  0.2267E+00  0.1993E+00  0.1686E+00  0.1432E+00  0.1269E+00  0.1168E+00  0.1025E+00  0.8490E-01  0.6322E-01  0.3720E-01  0.7189E-02 -0.2616E-01 -0.6302E-01 -0.1033E+00 -0.1464E+00 -0.1914E+00 -0.2346E+00 -0.2743E+00 -0.3045E+00 -0.3107E+00 -0.3015E+00
     25.8808      230.0000  0.2706E+00  0.2745E+00  0.2786E+00  0.2824E+00  0.2833E+00  0.2710E+00  0.2436E+00  0.2126E+00  0.1870E+00  0.1705E+00  0.1604E+00  0.1461E+00  0.1284E+00  0.1066E+00  0.8052E-01  0.5043E-01  0.1703E-01 -0.1987E-01 -0.6016E-01 -0.1033E+00 -0.1483E+00 -0.1917E+00 -0.2316E+00 -0.2621E+00 -0.2692E+00 -0.2618E+00
     26.0163      240.0000  0.3059E+00  0.3104E+00  0.3147E+00  0.3187E+00  0.3195E+00  0.3071E+00  0.2798E+00  0.2485E+00  0.2226E+00  0.2059E+00  0.1958E+00  0.1814E+00  0.1636E+00  0.1418E+00  0.1156E+00  0.8544E-01  0.5198E-01  0.1504E-01 -0.2527E-01 -0.6848E-01 -0.1135E+00 -0.1569E+00 -0.1971E+00 -0.2281E+00 -0.2361E+00 -0.2307E+00
     26.1518      250.0000  0.3320E+00  0.3370E+00  0.3417E+00  0.3457E+00  0.3465E+00  0.3341E+00  0.3068E+00  0.2752E+00  0.2489E+00  0.2320E+00  0.2219E+00  0.2075E+00  0.1896E+00  0.1677E+00  0.1414E+00  0.1112E+00  0.7763E-01  0.4066E-01  0.3298E-03 -0.4290E-01 -0.8797E-01 -0.1315E+00 -0.1719E+00 -0.2034E+00 -0.2124E+00 -0.2093E+00
     26.2873      260.0000  0.3480E+00  0.3537E+00  0.3586E+00  0.3628E+00  0.3635E+00  0.3511E+00  0.3237E+00  0.2919E+00  0.2652E+00  0.2480E+00  0.2379E+00  0.2235E+00  0.2056E+00  0.1835E+00  0.1571E+00  0.1268E+00  0.9321E-01  0.5621E-01  0.1586E-01 -0.2738E-01 -0.7248E-01 -0.1161E+00 -0.1567E+00 -0.1888E+00 -0.1988E+00 -0.1981E+00
     26.4228      270.0000  0.3535E+00  0.3597E+00  0.3651E+00  0.3693E+00  0.3700E+00  0.3576E+00  0.3302E+00  0.2981E+00  0.2710E+00  0.2535E+00  0.2435E+00  0.2290E+00  0.2109E+00  0.1888E+00  0.1623E+00  0.1319E+00  0.9825E-01  0.6120E-01  0.2085E-01 -0.2240E-01 -0.6753E-01 -0.1112E+00 -0.1521E+00 -0.1847E+00 -0.1958E+00 -0.1975E+00
     26.5583      280.0000  0.3482E+00  0.3551E+00  0.3608E+00  0.3652E+00  0.3658E+00  0.3534E+00  0.3260E+00  0.2935E+00  0.2660E+00  0.2483E+00  0.2383E+00  0.2237E+00  0.2056E+00  0.1833E+00  0.1568E+00  0.1263E+00  0.9257E-01  0.5550E-01  0.1514E-01 -0.2810E-01 -0.7325E-01 -0.1170E+00 -0.1581E+00 -0.1913E+00 -0.2034E+00 -0.2076E+00
     26.6938      290.0000  0.3324E+00  0.3399E+00  0.3459E+00  0.3504E+00  0.3509E+00  0.3386E+00  0.3112E+00  0.2784E+00  0.2505E+00  0.2325E+00  0.2225E+00  0.2079E+00  0.1897E+00  0.1674E+00  0.1407E+00  0.1101E+00  0.7637E-01  0.3928E-01 -0.1085E-02 -0.4432E-01 -0.8947E-01 -0.1333E+00 -0.1746E+00 -0.2083E+00 -0.2214E+00 -0.2279E+00
     26.8293      300.0000  0.3065E+00  0.3146E+00  0.3209E+00  0.3255E+00  0.3260E+00  0.3136E+00  0.2862E+00  0.2531E+00  0.2249E+00  0.2067E+00  0.1967E+00  0.1821E+00  0.1638E+00  0.1413E+00  0.1146E+00  0.8393E-01  0.5013E-01  0.1302E-01 -0.2734E-01 -0.7055E-01 -0.1157E+00 -0.1597E+00 -0.2011E+00 -0.2352E+00 -0.2494E+00 -0.2580E+00
     26.9648      310.0000  0.2713E+00  0.2799E+00  0.2865E+00  0.2913E+00  0.2917E+00  0.2793E+00  0.2519E+00  0.2185E+00  0.1900E+00  0.1716E+00  0.1616E+00  0.1469E+00  0.1285E+00  0.1060E+00  0.7922E-01  0.4849E-01  0.1466E-01 -0.2247E-01 -0.6282E-01 -0.1060E+00 -0.1512E+00 -0.1952E+00 -0.2368E+00 -0.2713E+00 -0.2863E+00 -0.2968E+00
     27.1003      320.0000  0.2279E+00  0.2370E+00  0.2438E+00  0.2487E+00  0.2490E+00  0.2366E+00  0.2092E+00  0.1757E+00  0.1468E+00  0.1282E+00  0.1182E+00  0.1035E+00  0.8510E-01  0.6252E-01  0.3565E-01  0.4877E-02 -0.2899E-01 -0.6611E-01 -0.1064E+00 -0.1496E+00 -0.1948E+00 -0.2388E+00 -0.2805E+00 -0.3154E+00 -0.3312E+00 -0.3433E+00
     27.2358      330.0000  0.1776E+00  0.1871E+00  0.1941E+00  0.1990E+00  0.1993E+00  0.1869E+00  0.1595E+00  0.1258E+00  0.9668E-01  0.7793E-01  0.6798E-01  0.5325E-01  0.3478E-01  0.1215E-01 -0.1477E-01 -0.4558E-01 -0.7946E-01 -0.1166E+00 -0.1569E+00 -0.2000E+00 -0.2452E+00 -0.2892E+00 -0.3311E+00 -0.3662E+00 -0.3825E+00 -0.3959E+00
     27.3713      340.0000  0.1219E+00  0.1317E+00  0.1388E+00  0.1438E+00  0.1441E+00  0.1317E+00  0.1043E+00  0.7040E-01  0.4115E-01  0.2228E-01  0.1235E-01 -0.2402E-02 -0.2090E-01 -0.4357E-01 -0.7052E-01 -0.1014E+00 -0.1352E+00 -0.1724E+00 -0.2126E+00 -0.2558E+00 -0.3008E+00 -0.3449E+00 -0.3868E+00 -0.4221E+00 -0.4389E+00 -0.4532E+00
     27.5068      350.0000  0.6257E-01  0.7247E-01  0.7971E-01  0.8474E-01  0.8502E-01  0.7260E-01  0.4520E-01  0.1124E-01 -0.1812E-01 -0.3705E-01 -0.4698E-01 -0.6173E-01 -0.8025E-01 -0.1029E+00 -0.1299E+00 -0.1607E+00 -0.1946E+00 -0.2317E+00 -0.2720E+00 -0.3151E+00 -0.3601E+00 -0.4041E+00 -0.4461E+00 -0.4814E+00 -0.4985E+00 -0.5132E+00
     27.6423      360.0000  0.1336E-02  0.1130E-01  0.1858E-01  0.2362E-01  0.2389E-01  0.1147E-01 -0.1593E-01 -0.4992E-01 -0.7931E-01 -0.9826E-01 -0.1082E+00 -0.1229E+00 -0.1415E+00 -0.1642E+00 -0.1911E+00 -0.2219E+00 -0.2558E+00 -0.2929E+00 -0.3331E+00 -0.3762E+00 -0.4212E+00 -0.4652E+00 -0.5071E+00 -0.5424E+00 -0.5595E+00 -0.5744E+00
     27.7778       10.0000 -0.5991E-01 -0.5000E-01 -0.4275E-01 -0.3772E-01 -0.3744E-01 -0.4985E-01 -0.7726E-01 -0.1112E+00 -0.1406E+00 -0.1595E+00 -0.1694E+00 -0.1842E+00 -0.2027E+00 -0.2254E+00 -0.2523E+00 -0.2831E+00 -0.3170E+00 -0.3540E+00 -0.3942E+00 -0.4372E+00 -0.4822E+00 -0.5261E+00 -0.5679E+00 -0.6032E+00 -0.6202E+00 -0.6347E+00
     27.9133       20.0000 -0.1193E+00 -0.1096E+00 -0.1024E+00 -0.9739E-01 -0.9710E-01 -0.1095E+00 -0.1369E+00 -0.1708E+00 -0.2000E+00 -0.2189E+00 -0.2288E+00 -0.2436E+00 -0.2620E+00 -0.2847E+00 -0.3116E+00 -0.3424E+00 -0.3762E+00 -0.4132E+00 -0.4534E+00 -0.4963E+00 -0.5413E+00 -0.5851E+00 -0.6268E+00 -0.6619E+00 -0.6786E+00 -0.6923E+00
     28.0488       30.0000 -0.1751E+00 -0.1656E+00 -0.1586E+00 -0.1536E+00 -0.1533E+00 -0.1657E+00 -0.1931E+00 -0.2268E+00 -0.2559E+00 -0.2747E+00 -0.2846E+00 -0.2993E+00 -0.3177E+00 -0.3403E+00 -0.3672E+00 -0.3979E+00 -0.4317E+00 -0.4687E+00 -0.5088E+00 -0.5517E+00 -0.5966E+00 -0.6404E+00 -0.6820E+00 -0.7168E+00 -0.7329E+00 -0.7455E+00
     28.1843       40.0000 -0.2255E+00 -0.2164E+00 -0.2095E+00 -0.2046E+00 -0.2043E+00 -0.2167E+00 -0.2441E+00 -0.2777E+00 -0.3065E+00 -0.3251E+00 -0.3350E+00 -0.3497E+00 -0.3681E+00 -0.3906E+00 -0.4174E+00 -0.4481E+00 -0.4818E+00 -0.5187E+00 -0.5589E+00 -0.6018E+00 -0.6466E+00 -0.6903E+00 -0.7317E+00 -0.7662E+00 -0.7816E+00 -0.7927E+00
     28.3198       50.0000 -0.2690E+00 -0.2603E+00 -0.2537E+00 -0.2489E+00 -0.2485E+00 -0.2609E+00 -0.2883E+00 -0.3217E+00 -0.3503E+00 -0.3687E+00 -0.3786E+00 -0.3932E+00 -0.4116E+00 -0.4340E+00 -0.4607E+00 -0.4913E+00 -0.5250E+00 -0.5619E+00 -0.6020E+00 -0.6449E+00 -0.6896E+00 -0.7332E+00 -0.7744E+00 -0.8085E+00 -0.8232E+00 -0.8324E+00
     28.4553       60.0000 -0.3043E+00 -0.2962E+00 -0.2899E+00 -0.2852E+00 -0.2847E+00 -0.2971E+00 -0.3245E+00 -0.3576E+00 -0.3858E+00 -0.4040E+00 -0.4140E+00 -0.4286E+00 -0.4468E+00 -0.4692E+00 -0.4958E+00 -0.5263E+00 -0.5599E+00 -0.5968E+00 -0.6369E+00 -0.6797E+00 -0.7245E+00 -0.7679E+00 -0.8089E+00 -0.8426E+00 -0.8562E+00 -0.8635E+00
     28.5908       70.0000 -0.3304E+00 -0.3228E+00 -0.3168E+00 -0.3122E+00 -0.3117E+00 -0.3241E+00 -0.3515E+00 -0.3843E+00 -0.4122E+00 -0.4301E+00 -0.4401E+00 -0.4547E+00 -0.4728E+00 -0.4951E+00 -0.5216E+00 -0.5520E+00 -0.5856E+00 -0.6224E+00 -0.6625E+00 -0.7053E+00 -0.7500E+00 -0.7934E+00 -0.8341E+00 -0.8673E+00 -0.8800E+00 -0.8849E+00
     28.7263       80.0000 -0.3464E+00 -0.3394E+00 -0.3337E+00 -0.3293E+00 -0.3287E+00 -0.3411E+00 -0.3685E+00 -0.4010E+00 -0.4285E+00 -0.4462E+00 -0.4562E+00 -0.4707E+00 -0.4887E+00 -0.5109E+00 -0.5373E+00 -0.5677E+00 -0.6012E+00 -0.6380E+00 -0.6780E+00 -0.7208E+00 -0.7655E+00 -0.8088E+00 -0.8493E+00 -0.8819E+00 -0.8936E+00 -0.8961E+00
     28.8618       90.0000 -0.3519E+00 -0.3455E+00 -0.3402E+00 -0.3359E+00 -0.3352E+00 -0.3476E+00 -0.3750E+00 -0.4072E+00 -0.4342E+00 -0.4517E+00 -0.4617E+00 -0.4761E+00 -0.4941E+00 -0.5162E+00 -0.5425E+00 -0.5728E+00 -0.6062E+00 -0.6430E+00 -0.6830E+00 -0.7258E+00 -0.7705E+00 -0.8136E+00 -0.8539E+00 -0.8860E+00 -0.8966E+00 -0.8967E+00
     28.9973      100.0000 -0.3466E+00 -0.3409E+00 -0.3359E+00 -0.3317E+00 -0.3310E+00 -0.3434E+00 -0.3707E+00 -0.4026E+00 -0.4293E+00 -0.4465E+00 -0.4565E+00 -0.4709E+00 -0.4888E+00 -0.5107E+00 -0.5370E+00 -0.5672E+00 -0.6005E+00 -0.6373E+00 -0.6773E+00 -0.7201E+00 -0.7647E+00 -0.8078E+00 -0.8479E+00 -0.8794E+00 -0.8889E+00 -0.8866E+00
     29.1328      110.0000 -0.3308E+00 -0.3257E+00 -0.3210E+00 -0.3169E+00 -0.3162E+00 -0.3285E+00 -0.3559E+00 -0.3875E+00 -0.4138E+00 -0.4307E+00 -0.4408E+00 -0.4551E+00 -0.4729E+00 -0.4948E+00 -0.5209E+00 -0.5510E+00 -0.5843E+00 -0.6210E+00 -0.6610E+00 -0.7039E+00 -0.7485E+00 -0.7915E+00 -0.8314E+00 -0.8624E+00 -0.8709E+00 -0.8663E+00
     29.2683      120.0000 -0.3049E+00 -0.3004E+00 -0.2960E+00 -0.2920E+00 -0.2912E+00 -0.3036E+00 -0.3310E+00 -0.3622E+00 -0.3882E+00 -0.4048E+00 -0.4149E+00 -0.4292E+00 -0.4470E+00 -0.4687E+00 -0.4948E+00 -0.5248E+00 -0.5581E+00 -0.5948E+00 -0.6348E+00 -0.6777E+00 -0.7223E+00 -0.7652E+00 -0.8049E+00 -0.8354E+00 -0.8430E+00 -0.8362E+00
     29.4038      130.0000 -0.2697E+00 -0.2657E+00 -0.2616E+00 -0.2578E+00 -0.2569E+00 -0.2692E+00 -0.2966E+00 -0.3276E+00 -0.3532E+00 -0.3697E+00 -0.3798E+00 -0.3941E+00 -0.4117E+00 -0.4334E+00 -0.4594E+00 -0.4894E+00 -0.5226E+00 -0.5593E+00 -0.5993E+00 -0.6422E+00 -0.6868E+00 -0.7297E+00 -0.7692E+00 -0.7994E+00 -0.8060E+00 -0.7974E+00
     29.5393      140.0000 -0.2263E+00 -0.2228E+00 -0.2189E+00 -0.2152E+00 -0.2142E+00 -0.2266E+00 -0.2540E+00 -0.2847E+00 -0.3101E+00 -0.3263E+00 -0.3365E+00 -0.3507E+00 -0.3683E+00 -0.3899E+00 -0.4159E+00 -0.4458E+00 -0.4790E+00 -0.5156E+00 -0.5557E+00 -0.5986E+00 -0.6432E+00 -0.6861E+00 -0.7254E+00 -0.7553E+00 -0.7612E+00 -0.7509E+00
     29.6748      150.0000 -0.1760E+00 -0.1728E+00 -0.1692E+00 -0.1655E+00 -0.1645E+00 -0.1769E+00 -0.2043E+00 -0.2348E+00 -0.2599E+00 -0.2761E+00 -0.2862E+00 -0.3004E+00 -0.3180E+00 -0.3395E+00 -0.3654E+00 -0.3953E+00 -0.4285E+00 -0.4652E+00 -0.5052E+00 -0.5482E+00 -0.5928E+00 -0.6357E+00 -0.6749E+00 -0.7045E+00 -0.7098E+00 -0.6983E+00
     29.8103      160.0000 -0.1203E+00 -0.1174E+00 -0.1139E+00 -0.1103E+00 -0.1093E+00 -0.1217E+00 -0.1490E+00 -0.1795E+00 -0.2044E+00 -0.2204E+00 -0.2306E+00 -0.2448E+00 -0.2623E+00 -0.2838E+00 -0.3097E+00 -0.3395E+00 -0.3727E+00 -0.4094E+00 -0.4495E+00 -0.4924E+00 -0.5371E+00 -0.5800E+00 -0.6192E+00 -0.6485E+00 -0.6535E+00 -0.6410E+00
     29.9458      170.0000 -0.6097E-01 -0.5826E-01 -0.5483E-01 -0.5122E-01 -0.5025E-01 -0.6258E-01 -0.8996E-01 -0.1203E+00 -0.1451E+00 -0.1611E+00 -0.1713E+00 -0.1854E+00 -0.2029E+00 -0.2245E+00 -0.2503E+00 -0.2801E+00 -0.3133E+00 -0.3500E+00 -0.3901E+00 -0.4331E+00 -0.4779E+00 -0.5207E+00 -0.5599E+00 -0.5892E+00 -0.5939E+00 -0.5810E+00
