   2.2944499055330390e+00   3.0635557597268281e+00   2.0780424815536467e+00   1.2371657677344565e+00   4.7460414702979037e-01   7.1043108520731479e-02
   2.2944499055330390e+00   3.0635557597268281e+00   2.0780424815536467e+00   1.2371657677344565e+00   4.7460414702979037e-01   7.1043108520731479e-02
   2.2944499055330390e+00   3.0635557597268281e+00   2.0780424815536467e+00   1.2371657677344565e+00   4.7460414702979037e-01   7.1043108520731479e-02
   2.2944499055330390e+00   3.0635557597268281e+00   2.0780424815536467e+00   1.2371657677344565e+00   4.7460414702979037e-01   7.1043108520731479e-02
   2.2944499055330390e+00   3.0635557597268281e+00   2.0780424815536467e+00   1.2371657677344565e+00   4.7460414702979037e-01   7.1043108520731479e-02
   2.2944499055330390e+00   3.0635557597268281e+00   2.0780424815536467e+00   1.2371657677344565e+00   4.7460414702979037e-01   7.1043108520731479e-02
   2.2944499055330390e+00   3.0635557597268281e+00   2.0780424815536467e+00   1.2371657677344565e+00   4.7460414702979037e-01   7.1043108520731479e-02
   2.2944499055330390e+00   3.0635557597268281e+00   2.0780424815536467e+00   1.2371657677344565e+00   4.7460414702979037e-01   7.1043108520731479e-02
   2.2944499055330390e+00   3.0635557597268281e+00   2.0780424815536467e+00   1.2371657677344565e+00   4.7460414702979037e-01   7.1043108520731479e-02
   2.2944499055330390e+00   3.0635557597268281e+00   2.0780424815536467e+00   1.2371657677344565e+00   4.7460414702979037e-01   7.1043108520731479e-02
   2.2944499055330390e+00   3.0635557597268281e+00   2.0780424815536467e+00   1.2371657677344565e+00   4.7460414702979037e-01   7.1043108520731479e-02
   2.2944434980337256e+00   3.0635557597268281e+00   2.0780833107353178e+00   1.2371657677344565e+00   4.7460414702979037e-01   7.1043108520731479e-02
   2.2944434980337256e+00   3.0635557597268281e+00   2.0780424815536467e+00   1.2371657677344565e+00   4.7460414702979037e-01   7.1124498663172275e-02
   2.2944434980337256e+00   3.0635557597268281e+00   2.0780238849044768e+00   1.2371657677344565e+00   4.7460414702979037e-01   7.1043108520731479e-02
   2.2944434980337256e+00   3.0635557597268281e+00   2.0780424815536467e+00   1.2371657677344565e+00   4.7460414702979037e-01   7.1043108520731479e-02
   2.2944499055330390e+00   3.0635557597268281e+00   2.0780424815536467e+00   1.2371657677344565e+00   4.7460414702979037e-01   7.1043108520731479e-02
   2.2944499055330390e+00   3.0635557597268281e+00   2.0780424815536467e+00   1.2371657677344565e+00   4.7460414702979037e-01   7.1043108520731479e-02
   2.2944499055330390e+00   3.0635557597268281e+00   2.0780424815536467e+00   1.2371657677344565e+00   4.7460414702979037e-01   7.1043108520731479e-02
   2.2944434980337256e+00   3.0635584568370042e+00   2.0780424815536467e+00   1.2372878380469565e+00   4.7460414702979037e-01   7.1043108520731479e-02
   2.2944434980337256e+00   3.0635557597268281e+00   2.0780424815536467e+00   1.2371657677344565e+00   4.7460414702979037e-01   7.1043108520731479e-02
   2.2944434980337256e+00   3.0636238580334840e+00   2.0780424815536467e+00   1.2371657677344565e+00   4.7460414702979037e-01   7.1043108520731479e-02
   2.2944434980337256e+00   3.0635557597268281e+00   2.0780424815536467e+00   1.2371657677344565e+00   4.7460414702979037e-01   7.1043108520731479e-02
   2.2944434980337256e+00   3.0636243199694810e+00   2.0781645518661467e+00   1.2372351773432975e+00   4.7460414702979037e-01   7.1148146805986912e-02
   2.2944434980337256e+00   3.0635557597268281e+00   2.0780424815536467e+00   1.2371657677344565e+00   4.7460414702979037e-01   7.1043108520731479e-02
   2.2944499055330390e+00   3.0635557597268281e+00   2.0780424815536467e+00   1.2371657677344565e+00   4.7460414702979037e-01   7.1043108520731479e-02
   2.2944434980337256e+00   3.0634433453667818e+00   2.0780424815536467e+00   1.2371657677344565e+00   4.7460414702979037e-01   7.1043108520731479e-02
   2.2944434980337256e+00   3.0635557597268281e+00   2.0781645518661467e+00   1.2371657677344565e+00   4.7460414702979037e-01   7.1043108520731479e-02
   2.2946254114095801e+00   3.0635557597268281e+00   2.0780424815536467e+00   1.2371657677344565e+00   4.7460414702979037e-01   7.1043108520731479e-02
   2.2944434980337256e+00   3.0635557597268281e+00   2.0780424815536467e+00   1.2371657677344565e+00   4.7460414702979037e-01   7.1043108520731479e-02
   2.2945575217191809e+00   3.0635557597268281e+00   2.0780424815536467e+00   1.2372049875907187e+00   4.7460414702979037e-01   7.1140636620745212e-02
   2.2944434980337256e+00   3.0635557597268281e+00   2.0780424815536467e+00   1.2371657677344565e+00   4.7460414702979037e-01   7.1043108520731479e-02
   2.2944499055330390e+00   3.0635557597268281e+00   2.0780424815536467e+00   1.2371657677344565e+00   4.7460414702979037e-01   7.1043108520731479e-02
   2.2944434980337256e+00   3.0635557597268281e+00   2.0780424815536467e+00   1.2371657677344565e+00   4.7460414702979037e-01   7.1162377414927036e-02
   2.2944434980337256e+00   3.0635557597268281e+00   2.0780424815536467e+00   1.2371657677344565e+00   4.7460414702979037e-01   7.1043108520731479e-02
   2.2944434980337256e+00   3.0635557597268281e+00   2.0780238849044768e+00   1.2371657677344565e+00   4.7460414702979037e-01   7.1043108520731479e-02
   2.2944434980337256e+00   3.0635557597268281e+00   2.0780424815536467e+00   1.2371657677344565e+00   4.7460414702979037e-01   7.1043108520731479e-02
   2.2944434980337256e+00   3.0635557597268281e+00   2.0780238849044768e+00   1.2371657677344565e+00   4.7460414702979037e-01   7.1043108520731479e-02
   2.2944434980337256e+00   3.0635557597268281e+00   2.0780385923505751e+00   1.2371657677344565e+00   4.7460414702979037e-01   7.1043108520731479e-02
   2.2944499055330390e+00   3.0635557597268281e+00   2.0780424815536467e+00   1.2371657677344565e+00   4.7460414702979037e-01   7.1043108520731479e-02
   2.2944434980337256e+00   3.0635557597268281e+00   2.0780424815536467e+00   1.2371657677344565e+00   4.7460414702979037e-01   7.1043108520731479e-02
   2.2944434980337256e+00   3.0635557597268281e+00   2.0780424815536467e+00   1.2371657677344565e+00   4.7460414702979037e-01   7.1043108520731479e-02
   2.2944434980337256e+00   3.0635557597268281e+00   2.0780424815536467e+00   1.2371657677344565e+00   4.7460414702979037e-01   7.1043108520731479e-02
   2.2944434980337256e+00   3.0635557597268281e+00   2.0780424815536467e+00   1.2371657677344565e+00   4.7460414702979037e-01   7.1043108520731479e-02
   2.2944499055330390e+00   3.0636450623858629e+00   2.0780424815536467e+00   1.2371657677344565e+00   4.7448207671729037e-01   7.1116586146578342e-02
   2.2945295075361365e+00   3.0635557597268281e+00   2.0780424815536467e+00   1.2371657677344565e+00   4.7463512654391238e-01   7.1287010727152378e-02
   2.2944499055330390e+00   3.0635557597268281e+00   2.0780424815536467e+00   1.2371657677344565e+00   4.7460414702979037e-01   7.1149741230234653e-02
   2.2944499055330390e+00   3.0635557597268281e+00   2.0780424815536467e+00   1.2371657677344565e+00   4.7460414702979037e-01   7.1043108520731479e-02
   2.2944434980337256e+00   3.0635557597268281e+00   2.0780853521944014e+00   1.2371657677344565e+00   4.7460414702979037e-01   7.1043108520731479e-02
   2.2944434980337256e+00   3.0635557597268281e+00   2.0780447018266646e+00   1.2371657677344565e+00   4.7460414702979037e-01   7.1043108520731479e-02
   2.2945396850292319e+00   3.0635557597268281e+00   2.0780902546764342e+00   1.2371657677344565e+00   4.7460414702979037e-01   7.1043108520731479e-02
   2.2944434980337256e+00   3.0635557597268281e+00   2.0780424815536467e+00   1.2371657677344565e+00   4.7460414702979037e-01   7.1043108520731479e-02
   2.2944434980337256e+00   3.0634336894143281e+00   2.0780424815536467e+00   1.2371657677344565e+00   4.7448744113532015e-01   7.1043108520731479e-02
   2.2944434980337256e+00   3.0635557597268281e+00   2.0780424815536467e+00   1.2371657677344565e+00   4.7460414702979037e-01   7.1043108520731479e-02
   2.2944434980337256e+00   3.0635557597268281e+00   2.0780238849044768e+00   1.2371657677344565e+00   4.7460414702979037e-01   7.1043108520731479e-02
   2.2944499055330390e+00   3.0636238580334840e+00   2.0780238849044768e+00   1.2371657677344565e+00   4.7460414702979037e-01   7.1043108520731479e-02
   2.2944499055330390e+00   3.0635557597268281e+00   2.0780424815536467e+00   1.2371657677344565e+00   4.7460414702979037e-01   7.1043108520731479e-02
   2.2944434980337256e+00   3.0637999003518281e+00   2.0780424815536467e+00   1.2371657677344565e+00   4.7460414702979037e-01   7.1043108520731479e-02
   2.2944434980337256e+00   3.0635557597268281e+00   2.0780424815536467e+00   1.2371709384373908e+00   4.7460414702979037e-01   7.1043108520731479e-02
   2.2944434980337256e+00   3.0635557597268281e+00   2.0780424815536467e+00   1.2371657677344565e+00   4.7460414702979037e-01   7.1043108520731479e-02
   2.2944499055330390e+00   3.0635557597268281e+00   2.0780424815536467e+00   1.2371657677344565e+00   4.7460414702979037e-01   7.1043108520731479e-02
   2.2944434980337256e+00   3.0635557597268281e+00   2.0780424815536467e+00   1.2371657677344565e+00   4.7460414702979037e-01   7.1043108520731479e-02
   2.2944499055330390e+00   3.0635557597268281e+00   2.0780424815536467e+00   1.2371657677344565e+00   4.7460414702979037e-01   7.1043108520731479e-02
   2.2944434980337256e+00   3.0635557597268281e+00   2.0780238849044768e+00   1.2371657677344565e+00   4.7460414702979037e-01   7.1043108520731479e-02
   2.2944499055330390e+00   3.0635557597268281e+00   2.0780424815536467e+00   1.2371657677344565e+00   4.7460414702979037e-01   7.1043108520731479e-02
   2.2944434980337256e+00   3.0635557597268281e+00   2.0780238849044768e+00   1.2371657677344565e+00   4.7460414702979037e-01   7.1043108520731479e-02
   2.2944434980337256e+00   3.0635557597268281e+00   2.0780424815536467e+00   1.2371657677344565e+00   4.7460414702979037e-01   7.1043108520731479e-02
   2.2945093313638800e+00   3.0636682187903581e+00   2.0780238849044768e+00   1.2371657677344565e+00   4.7461095686045596e-01   7.1043108520731479e-02
   2.2944499055330390e+00   3.0635557597268281e+00   2.0780424815536467e+00   1.2371657677344565e+00   4.7460414702979037e-01   7.1043108520731479e-02
   2.2944499055330390e+00   3.0635557597268281e+00   2.0780424815536467e+00   1.2371657677344565e+00   4.7460414702979037e-01   7.1043108520731479e-02
   2.2944434980337256e+00   3.0636778300393281e+00   2.0780424815536467e+00   1.2372852899483924e+00   4.7460414702979037e-01   7.1080123005136997e-02
   2.2944434980337256e+00   3.0635557597268281e+00   2.0780424815536467e+00   1.2371657677344565e+00   4.7460414702979037e-01   7.1043108520731479e-02
   2.2945419500057334e+00   3.0635880654442964e+00   2.0780424815536467e+00   1.2371657677344565e+00   4.7460414702979037e-01   7.1278114733919651e-02
   2.2944499055330390e+00   3.0638384198535142e+00   2.0780424815536467e+00   1.2371657677344565e+00   4.7460414702979037e-01   7.1043108520731479e-02
   2.2944434980337256e+00   3.0635557597268281e+00   2.0780424815536467e+00   1.2371657677344565e+00   4.7460414702979037e-01   7.1043108520731479e-02
   2.2944434980337256e+00   3.0635557597268281e+00   2.0780424815536467e+00   1.2371657677344565e+00   4.7460414702979037e-01   7.1228478965982944e-02
   2.2944724360887641e+00   3.0635557597268281e+00   2.0780424815536467e+00   1.2373861857108359e+00   4.7460414702979037e-01   7.1131859836802036e-02
   2.2944434980337256e+00   3.0635557597268281e+00   2.0780424815536467e+00   1.2371657677344565e+00   4.7460414702979037e-01   7.1043108520731479e-02
   2.2944434980337256e+00   3.0635557597268281e+00   2.0780424815536467e+00   1.2371657677344565e+00   4.7460414702979037e-01   7.1043108520731479e-02
   2.2945154855434531e+00   3.0635714059460817e+00   2.0780424815536467e+00   1.2371657677344565e+00   4.7460414702979037e-01   7.1043108520731479e-02
   2.2944499055330390e+00   3.0635557597268281e+00   2.0780424815536467e+00   1.2371657677344565e+00   4.7460414702979037e-01   7.1043108520731479e-02
   2.2945124159042471e+00   3.0637122815240083e+00   2.0780424815536467e+00   1.2371657677344565e+00   4.7460414702979037e-01   7.1043108520731479e-02
   2.2944434980337256e+00   3.0635557597268281e+00   2.0780474287391630e+00   1.2371657677344565e+00   4.7468602891055056e-01   7.1101580677256138e-02
   2.2944499055330390e+00   3.0633116191018281e+00   2.0780424815536467e+00   1.2371657677344565e+00   4.7460414702979037e-01   7.1043108520731479e-02
   2.2944434980337256e+00   3.0635557597268281e+00   2.0780424815536467e+00   1.2371657677344565e+00   4.7460414702979037e-01   7.1151171741709263e-02
   2.2945719758455390e+00   3.0635557597268281e+00   2.0781232756496397e+00   1.2371657677344565e+00   4.7460414702979037e-01   7.1111445245966465e-02
   2.2944499055330390e+00   3.0635557597268281e+00   2.0780424815536467e+00   1.2371657677344565e+00   4.7460414702979037e-01   7.1043108520731479e-02
   2.2944499055330390e+00   3.0635557597268281e+00   2.0780424815536467e+00   1.2371657677344565e+00   4.7460414702979037e-01   7.1043108520731479e-02
   2.2944434980337256e+00   3.0635557597268281e+00   2.0780424815536467e+00   1.2371657677344565e+00   4.7460414702979037e-01   7.1043108520731479e-02
   2.2944434980337256e+00   3.0635557597268281e+00   2.0781459552169768e+00   1.2371657677344565e+00   4.7460414702979037e-01   7.1043108520731479e-02
   2.2945820639316672e+00   3.0636734192956148e+00   2.0781240207076994e+00   1.2373056598357444e+00   4.7460414702979037e-01   7.1043108520731479e-02
   2.2944434980337256e+00   3.0635557597268281e+00   2.0780238849044768e+00   1.2371657677344565e+00   4.7468020255652377e-01   7.1043108520731479e-02
   2.2944499055330390e+00   3.0634336894143281e+00   2.0780474585414854e+00   1.2371657677344565e+00   4.7467267747012087e-01   7.1161662159189731e-02
   2.2944434980337256e+00   3.0635557597268281e+00   2.0780424815536467e+00   1.2371657677344565e+00   4.7460414702979037e-01   7.1043108520731479e-02
   2.2944434980337256e+00   3.0635557597268281e+00   2.0780424815536467e+00   1.2371657677344565e+00   4.7460414702979037e-01   7.1043108520731479e-02
   2.2944434980337256e+00   3.0635557597268281e+00   2.0780424815536467e+00   1.2371657677344565e+00   4.7460414702979037e-01   7.1043108520731479e-02
   2.2944434980337256e+00   3.0635557597268281e+00   2.0780424815536467e+00   1.2371657677344565e+00   4.7460414702979037e-01   7.1043108520731479e-02
   2.2944434980337256e+00   3.0635557597268281e+00   2.0780238849044768e+00   1.2371657677344565e+00   4.7460414702979037e-01   7.1043108520731479e-02
   2.2944434980337256e+00   3.0635557597268281e+00   2.0780424815536467e+00   1.2371657677344565e+00   4.7460414702979037e-01   7.1043108520731479e-02
   2.2944434980337256e+00   3.0635557597268281e+00   2.0780424815536467e+00   1.2371657677344565e+00   4.7460414702979037e-01   7.1043108520731479e-02
   2.2946314314787024e+00   3.0635557597268281e+00   2.0780424815536467e+00   1.2371657677344565e+00   4.7460414702979037e-01   7.1043108520731479e-02
   2.2944434980337256e+00   3.0635557597268281e+00   2.0780424815536467e+00   1.2371657677344565e+00   4.7460414702979037e-01   7.1043108520731479e-02
   2.2944434980337256e+00   3.0635557597268281e+00   2.0780424815536467e+00   1.2371657677344565e+00   4.7460414702979037e-01   7.1043108520731479e-02
   2.2944499055330390e+00   3.0635557597268281e+00   2.0780424815536467e+00   1.2371657677344565e+00   4.7460414702979037e-01   7.1043108520731479e-02
   2.2944434980337256e+00   3.0635557597268281e+00   2.0780424815536467e+00   1.2371657677344565e+00   4.7460414702979037e-01   7.1043108520731479e-02
   2.2944434980337256e+00   3.0636523341525255e+00   2.0780424815536467e+00   1.2371657677344565e+00   4.7448207671729037e-01   7.1043108520731479e-02
   2.2944434980337256e+00   3.0635557597268281e+00   2.0780424815536467e+00   1.2371657677344565e+00   4.7460414702979037e-01   7.1043108520731479e-02
   2.2944434980337256e+00   3.0635557597268281e+00   2.0780424815536467e+00   1.2370436974219565e+00   4.7469523782816836e-01   7.1043108520731479e-02
   2.2944434980337256e+00   3.0635557597268281e+00   2.0780424815536467e+00   1.2371657677344565e+00   4.7460414702979037e-01   7.1043108520731479e-02
   2.2944434980337256e+00   3.0636025642741380e+00   2.0780238849044768e+00   1.2371657677344565e+00   4.7479857738104769e-01   7.1043838677629978e-02
   2.2944434980337256e+00   3.0635557597268281e+00   2.0780424815536467e+00   1.2371657677344565e+00   4.7460414702979037e-01   7.1043108520731479e-02
   2.2944499055330390e+00   3.0635557597268281e+00   2.0780424815536467e+00   1.2371657677344565e+00   4.7460414702979037e-01   7.1043108520731479e-02
   2.2944394449178809e+00   3.0635557597268281e+00   2.0780424815536467e+00   1.2371657677344565e+00   4.7460414702979037e-01   7.1043108520731479e-02
   2.2944499055330390e+00   3.0635595446217714e+00   2.0781115484357802e+00   1.2372878380469565e+00   4.7460414702979037e-01   7.1043108520731479e-02
   2.2944499055330390e+00   3.0635557597268281e+00   2.0780424815536467e+00   1.2371657677344565e+00   4.7460414702979037e-01   7.1043108520731479e-02
   2.2944434980337256e+00   3.0635557597268281e+00   2.0780424815536467e+00   1.2371657677344565e+00   4.7469230229941317e-01   7.1165178833231479e-02
   2.2944434980337256e+00   3.0635557597268281e+00   2.0780424815536467e+00   1.2371657677344565e+00   4.7460414702979037e-01   7.1043108520731479e-02
   2.2944434980337256e+00   3.0635557597268281e+00   2.0781459552169768e+00   1.2371657677344565e+00   4.7460414702979037e-01   7.1043108520731479e-02
   2.2944499055330390e+00   3.0635557597268281e+00   2.0780598116041151e+00   1.2371657677344565e+00   4.7461460764494845e-01   7.0921038208231479e-02
   2.2944434980337256e+00   3.0635557597268281e+00   2.0780424815536467e+00   1.2371657677344565e+00   4.7460414702979037e-01   7.1043108520731479e-02
   2.2944434980337256e+00   3.0635557597268281e+00   2.0780424815536467e+00   1.2371657677344565e+00   4.7460414702979037e-01   7.1043108520731479e-02
   2.2943278352205390e+00   3.0635557597268281e+00   2.0780424815536467e+00   1.2371657677344565e+00   4.7461037571516940e-01   7.1043108520731479e-02
   2.2944434980337256e+00   3.0635557597268281e+00   2.0780424815536467e+00   1.2371657677344565e+00   4.7460414702979037e-01   7.1043108520731479e-02
   2.2944434980337256e+00   3.0635557597268281e+00   2.0780424815536467e+00   1.2371657677344565e+00   4.7460414702979037e-01   7.1043108520731479e-02
   2.2944434980337256e+00   3.0635557597268281e+00   2.0781073165060011e+00   1.2372044064454322e+00   4.7465253110018679e-01   7.1043108520731479e-02
   2.2944499055330390e+00   3.0636483257401643e+00   2.0780424815536467e+00   1.2372413464240317e+00   4.7460414702979037e-01   7.1124230442270786e-02
   2.2944434980337256e+00   3.0636565511811433e+00   2.0780238849044768e+00   1.2371657677344565e+00   4.7460414702979037e-01   7.1240608511194736e-02
   2.2944434980337256e+00   3.0637999003518281e+00   2.0780238849044768e+00   1.2371657677344565e+00   4.7460414702979037e-01   7.1043108520731479e-02
   2.2944499055330390e+00   3.0635557597268281e+00   2.0780424815536467e+00   1.2371657677344565e+00   4.7460414702979037e-01   7.1043108520731479e-02
   2.2944534669105643e+00   3.0635557597268281e+00   2.0780424815536467e+00   1.2371657677344565e+00   4.7460414702979037e-01   7.1120877681002170e-02
   2.2944434980337256e+00   3.0635557597268281e+00   2.0781051856399504e+00   1.2370436974219565e+00   4.7460414702979037e-01   7.1043108520731479e-02
   2.2945031026785010e+00   3.0633245086062608e+00   2.0780424815536467e+00   1.2373563237838034e+00   4.7460414702979037e-01   7.1043108520731479e-02
   2.2944434980337256e+00   3.0635557597268281e+00   2.0780424815536467e+00   1.2371657677344565e+00   4.7460414702979037e-01   7.1043108520731479e-02
   2.2944434980337256e+00   3.0635557597268281e+00   2.0780447018266646e+00   1.2372416742495780e+00   4.7467844421950289e-01   7.1043108520731479e-02
   2.2944434980337256e+00   3.0635557597268281e+00   2.0780424815536467e+00   1.2371657677344565e+00   4.7460414702979037e-01   7.1043108520731479e-02
   2.2944434980337256e+00   3.0635557597268281e+00   2.0780424815536467e+00   1.2371657677344565e+00   4.7460414702979037e-01   7.1043108520731479e-02
   2.2944434980337256e+00   3.0635557597268281e+00   2.0780424815536467e+00   1.2371657677344565e+00   4.7460414702979037e-01   7.1043108520731479e-02
   2.2944499055330390e+00   3.0635557597268281e+00   2.0780424815536467e+00   1.2372550554923301e+00   4.7460414702979037e-01   7.1043108520731479e-02
   2.2944499055330390e+00   3.0635557597268281e+00   2.0780424815536467e+00   1.2371709384373908e+00   4.7460414702979037e-01   7.1043108520731479e-02
   2.2944434980337256e+00   3.0635557597268281e+00   2.0781459552169768e+00   1.2371657677344565e+00   4.7460414702979037e-01   7.1043108520731479e-02
   2.2944434980337256e+00   3.0635557597268281e+00   2.0780238849044768e+00   1.2371657677344565e+00   4.7460414702979037e-01   7.1043108520731479e-02
   2.2944434980337256e+00   3.0635557597268281e+00   2.0774415922285048e+00   1.2371657677344565e+00   4.7460414702979037e-01   7.0921038208231479e-02
   2.2944499055330390e+00   3.0635557597268281e+00   2.0780424815536467e+00   1.2371657677344565e+00   4.7460414702979037e-01   7.1043108520731479e-02
   2.2944434980337256e+00   3.0635557597268281e+00   2.0780424815536467e+00   1.2371657677344565e+00   4.7460414702979037e-01   7.1043108520731479e-02
   2.2944434980337256e+00   3.0635557597268281e+00   2.0780424815536467e+00   1.2371657677344565e+00   4.7460414702979037e-01   7.1043108520731479e-02
   2.2944434980337256e+00   3.0635557597268281e+00   2.0780513626457182e+00   1.2371657677344565e+00   4.7460414702979037e-01   7.1043108520731479e-02
   2.2944434980337256e+00   3.0635557597268281e+00   2.0780238849044768e+00   1.2372483052663092e+00   4.7482879693594882e-01   7.1043108520731479e-02
   2.2944499055330390e+00   3.0635557597268281e+00   2.0780238849044768e+00   1.2371657677344565e+00   4.7460414702979037e-01   7.1043108520731479e-02
   2.2944499055330390e+00   3.0635557597268281e+00   2.0780238849044768e+00   1.2371657677344565e+00   4.7460414702979037e-01   7.1043108520731479e-02
   2.2944495479051703e+00   3.0635557597268281e+00   2.0780424815536467e+00   1.2371955700568442e+00   4.7460414702979037e-01   7.1165178833231479e-02
   2.2944499055330390e+00   3.0635557597268281e+00   2.0780424815536467e+00   1.2371657677344565e+00   4.7460414702979037e-01   7.1043108520731479e-02
   2.2944434980337256e+00   3.0635557597268281e+00   2.0780424815536467e+00   1.2371657677344565e+00   4.7460414702979037e-01   7.1043108520731479e-02
   2.2946821550314063e+00   3.0635557597268281e+00   2.0780424815536467e+00   1.2373677082709555e+00   4.7477592761603304e-01   7.1043108520731479e-02
   2.2945582965795630e+00   3.0636778300393281e+00   2.0780984205127684e+00   1.2371657677344565e+00   4.7471879656401583e-01   7.1089704451784641e-02
   2.2945419500057334e+00   3.0635557597268281e+00   2.0780424815536467e+00   1.2371657677344565e+00   4.7460414702979037e-01   7.1043108520731479e-02
   2.2944499055330390e+00   3.0635557597268281e+00   2.0780424815536467e+00   1.2371657677344565e+00   4.7460414702979037e-01   7.1043108520731479e-02
   2.2944499055330390e+00   3.0635557597268281e+00   2.0780424815536467e+00   1.2371657677344565e+00   4.7460414702979037e-01   7.1043108520731479e-02
   2.2944434980337256e+00   3.0637170498955903e+00   2.0777797442794768e+00   1.2371657677344565e+00   4.7464211518851229e-01   7.1043108520731479e-02
   2.2945269743387335e+00   3.0635610645402132e+00   2.0781434369207350e+00   1.2371657677344565e+00   4.7460414702979037e-01   7.1152527747377903e-02
   2.2944434980337256e+00   3.0635557597268281e+00   2.0780424815536467e+00   1.2371657677344565e+00   4.7460414702979037e-01   7.1043108520731479e-02
   2.2944499055330390e+00   3.0635557597268281e+00   2.0780424815536467e+00   1.2371657677344565e+00   4.7460414702979037e-01   7.1043108520731479e-02
   2.2944434980337256e+00   3.0635557597268281e+00   2.0780424815536467e+00   1.2371657677344565e+00   4.7460414702979037e-01   7.1043108520731479e-02
   2.2944434980337256e+00   3.0635557597268281e+00   2.0780424815536467e+00   1.2372878380469565e+00   4.7460414702979037e-01   7.1043108520731479e-02
   2.2944499055330390e+00   3.0635557597268281e+00   2.0780424815536467e+00   1.2372757979087119e+00   4.7460414702979037e-01   7.1043108520731479e-02
   2.2944434980337256e+00   3.0635557597268281e+00   2.0780424815536467e+00   1.2371657677344565e+00   4.7460414702979037e-01   7.1043108520731479e-02
   2.2944434980337256e+00   3.0635557597268281e+00   2.0780424815536467e+00   1.2371657677344565e+00   4.7460414702979037e-01   7.1043108520731479e-02
   2.2944499055330390e+00   3.0635557597268281e+00   2.0780424815536467e+00   1.2371657677344565e+00   4.7460414702979037e-01   7.1043108520731479e-02
   2.2944434980337256e+00   3.0635557597268281e+00   2.0780424815536467e+00   1.2372469492606406e+00   4.7448744113532015e-01   7.1061124024614841e-02
   2.2944499055330390e+00   3.0635557597268281e+00   2.0780424815536467e+00   1.2371657677344565e+00   4.7460414702979037e-01   7.1043108520731479e-02
   2.2944434980337256e+00   3.0635557597268281e+00   2.0780238849044768e+00   1.2371657677344565e+00   4.7460414702979037e-01   7.1043108520731479e-02
   2.2944434980337256e+00   3.0635557597268281e+00   2.0780424815536467e+00   1.2371657677344565e+00   4.7460414702979037e-01   7.1043108520731479e-02
   2.2944434980337256e+00   3.0635557597268281e+00   2.0780424815536467e+00   1.2371657677344565e+00   4.7460414702979037e-01   7.1043108520731479e-02
   2.2944499055330390e+00   3.0636409198630510e+00   2.0780424815536467e+00   1.2371657677344565e+00   4.7460414702979037e-01   7.1043108520731479e-02
   2.2944434980337256e+00   3.0635557597268281e+00   2.0780424815536467e+00   1.2371657677344565e+00   4.7460414702979037e-01   7.1043108520731479e-02
   2.2944434980337256e+00   3.0635557597268281e+00   2.0781603348375288e+00   1.2372878380469565e+00   4.7460414702979037e-01   7.1043108520731479e-02
   2.2944434980337256e+00   3.0635557597268281e+00   2.0780525249362913e+00   1.2370436974219565e+00   4.7461305792418429e-01   7.1043108520731479e-02
   2.2944499055330390e+00   3.0635557597268281e+00   2.0780424815536467e+00   1.2371657677344565e+00   4.7460414702979037e-01   7.1043108520731479e-02
   2.2944434980337256e+00   3.0635557597268281e+00   2.0780424815536467e+00   1.2371657677344565e+00   4.7460414702979037e-01   7.1043108520731479e-02
   2.2944499055330390e+00   3.0636392956364809e+00   2.0780424815536467e+00   1.2371657677344565e+00   4.7460414702979037e-01   7.1531389770731479e-02
   2.2944897512380713e+00   3.0636342292416749e+00   2.0779204112411467e+00   1.2372394390753989e+00   4.7461013729659030e-01   7.1140368399843723e-02
   2.2943214277212256e+00   3.0635557597268281e+00   2.0781369698167769e+00   1.2372483052663092e+00   4.7460414702979037e-01   7.1043108520731479e-02
   2.2945814082805747e+00   3.0635557597268281e+00   2.0783741068960158e+00   1.2373793311766867e+00   4.7471046681490847e-01   7.1043108520731479e-02
   2.2946388522569769e+00   3.0636171078074632e+00   2.0780953955770460e+00   1.2371657677344565e+00   4.7436000640479037e-01   7.1220000205263645e-02
   2.2944434980337256e+00   3.0635557597268281e+00   2.0781645518661467e+00   1.2371657677344565e+00   4.7460414702979037e-01   7.1043108520731479e-02
   2.2945655683462256e+00   3.0636753117430864e+00   2.0781191927314726e+00   1.2371657677344565e+00   4.7462645406809756e-01   7.1112741646990330e-02
   2.2945567617599600e+00   3.0636371647704301e+00   2.0781645518661467e+00   1.2371755875996833e+00   4.7462967271891543e-01   7.1043108520731479e-02
   2.2943214277212256e+00   3.0636390870202241e+00   2.0780583661914793e+00   1.2373534478596930e+00   4.7473514313784548e-01   7.1143140015825779e-02
   2.2944434980337256e+00   3.0636167799819169e+00   2.0780424815536467e+00   1.2372878380469565e+00   4.7484828765479037e-01   7.1124170837626011e-02
   2.2945536474172705e+00   3.0635557597268281e+00   2.0780725968004194e+00   1.2370436974219565e+00   4.7461796040621707e-01   7.1146895108446628e-02
   2.2944615582410925e+00   3.0636778300393281e+00   2.0781084489942518e+00   1.2371935733012442e+00   4.7460414702979037e-01   7.1043108520731479e-02
   2.2945731828395957e+00   3.0635755633700548e+00   2.0781667721391646e+00   1.2372878380469565e+00   4.7484551603880831e-01   7.1091418085321934e-02
   2.2944559554044837e+00   3.0634336894143281e+00   2.0780424815536467e+00   1.2372033633641486e+00   4.7437057132807681e-01   7.1043108520731479e-02
   2.2945033112947577e+00   3.0635557597268281e+00   2.0780424815536467e+00   1.2370436974219565e+00   4.7468602891055056e-01   7.1212266502604038e-02
   2.2944434980337256e+00   3.0637490575898347e+00   2.0781011772275892e+00   1.2372878380469565e+00   4.7469444806662509e-01   7.0849080500826389e-02
   2.2944434980337256e+00   3.0635557597268281e+00   2.0781189096094099e+00   1.2371657677344565e+00   4.7472621734229037e-01   7.1043108520731479e-02
   2.2945294777338141e+00   3.0635557597268281e+00   2.0780424815536467e+00   1.2371775545529609e+00   4.7448207671729037e-01   7.1147148428186924e-02
   2.2944484452192420e+00   3.0636005526173768e+00   2.0781459552169768e+00   1.2372878380469565e+00   4.7472106154051730e-01   7.1287249145731479e-02
   2.2944538990442389e+00   3.0634164636719881e+00   2.0781215471149412e+00   1.2373085655621772e+00   4.7448207671729037e-01   7.1074192342981846e-02
   2.2944507548992270e+00   3.0636778300393281e+00   2.0780640584350554e+00   1.2371657677344565e+00   4.7460414702979037e-01   7.1151588974222690e-02
   2.2944556871835822e+00   3.0635939216006456e+00   2.0780833107353178e+00   1.2372174002579932e+00   4.7480118508425662e-01   7.1287249145731479e-02
   2.2943278352205390e+00   3.0635853683341203e+00   2.0780424815536467e+00   1.2372342385701423e+00   4.7460414702979037e-01   7.1059425292238743e-02
   2.2944434980337256e+00   3.0635573243487535e+00   2.0781460446239439e+00   1.2372064479045157e+00   4.7460414702979037e-01   7.1126242099031955e-02
   2.2945655683462256e+00   3.0635845338690935e+00   2.0780447018266646e+00   1.2371742762974982e+00   4.7470307583895632e-01   7.1122025070414097e-02
   2.2945584008876914e+00   3.0637634223092256e+00   2.0781055432678190e+00   1.2372385152034049e+00   4.7464178736296603e-01   7.0798967895731479e-02
   2.2944434980337256e+00   3.0637482529271303e+00   2.0780424815536467e+00   1.2372878380469565e+00   4.7448207671729037e-01   7.1043108520731479e-02
   2.2944646427814597e+00   3.0636392211306749e+00   2.0780736994863478e+00   1.2370436974219565e+00   4.7460414702979037e-01   7.1104411897882969e-02
   2.2944472382251853e+00   3.0636778300393281e+00   2.0781252128005949e+00   1.2372421808890586e+00   4.7468039627161929e-01   7.1043108520731479e-02
   2.2945210585777396e+00   3.0636068707097230e+00   2.0781063926340071e+00   1.2371657677344565e+00   4.7472621734229037e-01   7.1099569020494968e-02
   2.2945613513176077e+00   3.0636778300393281e+00   2.0780462217451063e+00   1.2371657677344565e+00   4.7465831275073000e-01   7.1043108520731479e-02
   2.2944722870771521e+00   3.0635557597268281e+00   2.0781161677957503e+00   1.2371657677344565e+00   4.7463645274725863e-01   7.0921038208231479e-02
   2.2944523940269583e+00   3.0635685300219713e+00   2.0781600964189497e+00   1.2370436974219565e+00   4.7460414702979037e-01   7.1043108520731479e-02
   2.2944499055330390e+00   3.0635557597268281e+00   2.0779018145919768e+00   1.2372672893456702e+00   4.7467564280119845e-01   7.1043108520731479e-02
   2.2944718251411551e+00   3.0634336894143281e+00   2.0780424815536467e+00   1.2370436974219565e+00   4.7460414702979037e-01   7.1043108520731479e-02
   2.2945239941064948e+00   3.0636443769324480e+00   2.0781427216649977e+00   1.2370436974219565e+00   4.7468757863131472e-01   7.1123917517885715e-02
   2.2944434980337256e+00   3.0635557597268281e+00   2.0780424815536467e+00   1.2371414639405494e+00   4.7460414702979037e-01   7.1165178833231479e-02
   2.2944570282880896e+00   3.0635557597268281e+00   2.0780424815536467e+00   1.2371657677344565e+00   4.7460414702979037e-01   7.0921038208231479e-02
   2.2944744775478476e+00   3.0635557597268281e+00   2.0778139573455778e+00   1.2372638918809180e+00   4.7460414702979037e-01   7.1173836407885105e-02
   2.2944499055330390e+00   3.0635557597268281e+00   2.0780945313096968e+00   1.2371657677344565e+00   4.7448207671729037e-01   7.1125064907297642e-02
   2.2945655683462256e+00   3.0635557597268281e+00   2.0780424815536467e+00   1.2371657677344565e+00   4.7460414702979037e-01   7.1043108520731479e-02
   2.2944839993898505e+00   3.0635557597268281e+00   2.0781624359012572e+00   1.2372100390843634e+00   4.7460414702979037e-01   7.0921038208231479e-02
   2.2944434980337256e+00   3.0634336894143281e+00   2.0780238849044768e+00   1.2371777929715400e+00   4.7460414702979037e-01   7.1061124024614841e-02
