   2.2944394449178809e+00   3.0635557597268281e+00   2.0780238849044768e+00   1.2371900864295249e+00   4.7460414702979037e-01   7.0938949403986484e-02
   2.2944394449178809e+00   3.0635557597268281e+00   2.0780238849044768e+00   1.2371900864295249e+00   4.7460414702979037e-01   7.0938949403986484e-02
   2.2944394449178809e+00   3.0635557597268281e+00   2.0780238849044768e+00   1.2371900864295249e+00   4.7460414702979037e-01   7.0938949403986484e-02
   2.2944394449178809e+00   3.0635557597268281e+00   2.0780238849044768e+00   1.2371900864295249e+00   4.7460414702979037e-01   7.0938949403986484e-02
   2.2944394449178809e+00   3.0635557597268281e+00   2.0780238849044768e+00   1.2371900864295249e+00   4.7460414702979037e-01   7.0938949403986484e-02
   2.2944394449178809e+00   3.0635557597268281e+00   2.0780238849044768e+00   1.2371900864295249e+00   4.7460414702979037e-01   7.0938949403986484e-02
   2.2944394449178809e+00   3.0635557597268281e+00   2.0780238849044768e+00   1.2371900864295249e+00   4.7460414702979037e-01   7.0938949403986484e-02
   2.2944394449178809e+00   3.0635557597268281e+00   2.0780238849044768e+00   1.2371900864295249e+00   4.7460414702979037e-01   7.0938949403986484e-02
   2.2944394449178809e+00   3.0635557597268281e+00   2.0780238849044768e+00   1.2371900864295249e+00   4.7460414702979037e-01   7.0938949403986484e-02
   2.2944394449178809e+00   3.0635557597268281e+00   2.0780238849044768e+00   1.2371900864295249e+00   4.7460414702979037e-01   7.0938949403986484e-02
   2.2944712737981909e+00   3.0635557597268281e+00   2.0780238849044768e+00   1.2371900864295249e+00   4.7460414702979037e-01   7.0938949403986484e-02
   2.2944712737981909e+00   3.0635557597268281e+00   2.0780606609703032e+00   1.2372019179515128e+00   4.7460414702979037e-01   7.0938949403986484e-02
   2.2967549661581153e+00   3.0635557597268281e+00   2.0780238849044768e+00   1.2372019179515128e+00   4.7460414702979037e-01   7.0938949403986484e-02
   2.2992943624441260e+00   3.0635557597268281e+00   2.0858363849044768e+00   1.2370798476390128e+00   4.7460414702979037e-01   7.0938949403986484e-02
   2.2944712737981909e+00   3.0635557597268281e+00   2.0780238849044768e+00   1.2372019179515128e+00   4.7460414702979037e-01   7.0938949403986484e-02
   2.2944966653768653e+00   3.0635557597268281e+00   2.0780238849044768e+00   1.2372019179515128e+00   4.7460414702979037e-01   7.0938949403986484e-02
   2.2944394449178809e+00   3.0635557597268281e+00   2.0780238849044768e+00   1.2372019179515128e+00   4.7460414702979037e-01   7.0938949403986484e-02
   2.2943745950643653e+00   3.0635557597268281e+00   2.0780238849044768e+00   1.2371900864295249e+00   4.7460414702979037e-01   7.1427230653986484e-02
   2.2944394449178809e+00   3.0635557597268281e+00   2.0780238849044768e+00   1.2371900864295249e+00   4.7460414702979037e-01   7.0938949403986484e-02
   2.2944394449178809e+00   3.0645323222268281e+00   2.0780238849044768e+00   1.2372019179515128e+00   4.8192836577979037e-01   7.6798324403986484e-02
   2.2944394449178809e+00   3.0635557597268281e+00   2.0623988849044768e+00   1.2518503554515128e+00   4.7460414702979037e-01   7.1183090028986484e-02
   2.2944394449178809e+00   3.0635557597268281e+00   2.0780238849044768e+00   1.2371900864295249e+00   4.7460414702979037e-01   7.8751449403986484e-02
   2.2944966653768653e+00   3.0635557597268281e+00   2.0821742755294768e+00   1.2372019179515128e+00   4.7460414702979037e-01   8.4366683778986484e-02
   2.2944394449178809e+00   3.0635557597268281e+00   2.0780238849044768e+00   1.2372019179515128e+00   4.7460414702979037e-01   7.1183090028986484e-02
   2.2943745950643653e+00   3.0635557597268281e+00   2.0780238849044768e+00   1.2372019179515128e+00   4.7460414702979037e-01   7.0938949403986484e-02
   2.2944712737981909e+00   3.0635557597268281e+00   2.0780238849044768e+00   1.2372019179515128e+00   4.7460414702979037e-01   7.0938949403986484e-02
   2.3068257669393653e+00   3.0635557597268281e+00   2.0780238849044768e+00   1.2372019179515128e+00   4.7460414702979037e-01   7.1183090028986484e-02
   2.2944394449178809e+00   3.0635557597268281e+00   2.0780238849044768e+00   1.2371900864295249e+00   4.7460414702979037e-01   7.0938949403986484e-02
   2.2944394449178809e+00   3.0635557597268281e+00   2.0780238849044768e+00   1.2371900864295249e+00   4.7460414702979037e-01   7.0938949403986484e-02
   2.2944394449178809e+00   3.0635557597268281e+00   2.0780238849044768e+00   1.2372019179515128e+00   4.7460414702979037e-01   7.1183090028986484e-02
   2.2944394449178809e+00   3.0641050761330781e+00   2.0780238849044768e+00   1.2215650864295249e+00   4.7460414702979037e-01   7.0938949403986484e-02
   2.2944966653768653e+00   3.0635557597268281e+00   2.0780238849044768e+00   1.2372019179515128e+00   4.7460414702979037e-01   7.0938949403986484e-02
   2.2985012630407446e+00   3.0635557597268281e+00   2.0702113849044768e+00   1.2371900864295249e+00   4.8113490874854037e-01   7.1552042780146152e-02
   2.2944394449178809e+00   3.0635557597268281e+00   2.0780238849044768e+00   1.2372019179515128e+00   4.7460414702979037e-01   7.0938949403986484e-02
   2.2944394449178809e+00   3.0635557597268281e+00   2.0780238849044768e+00   1.2372019179515128e+00   4.7460414702979037e-01   7.0938949403986484e-02
   2.2944966653768653e+00   3.0635557597268281e+00   2.0780238849044768e+00   1.2371900864295249e+00   4.7460414702979037e-01   7.1183090028986484e-02
   2.2944712737981909e+00   3.0635557597268281e+00   2.0829066974044768e+00   1.2450144179515128e+00   4.8778774077979037e-01   5.6168441591486484e-02
   2.2944966653768653e+00   3.0635557597268281e+00   2.0780238849044768e+00   1.2372019179515128e+00   4.7460414702979037e-01   7.0938949403986484e-02
   2.2788144449178809e+00   3.0760069316018281e+00   2.0833949786544768e+00   1.2447702773265128e+00   4.8681117827979037e-01   7.0938949403986484e-02
   2.2944394449178809e+00   3.0659971659768281e+00   2.0847377520919768e+00   1.2372019179515128e+00   4.6679164702979037e-01   7.0938949403986484e-02
   2.2944394449178809e+00   3.0635557597268281e+00   2.0780238849044768e+00   1.2372019179515128e+00   4.7460414702979037e-01   7.0938949403986484e-02
   2.3061581949178809e+00   3.0672178691018281e+00   2.0811977130294768e+00   1.2402915843180899e+00   4.7460414702979037e-01   7.1183090028986484e-02
   2.2944394449178809e+00   3.0635557597268281e+00   2.0780238849044768e+00   1.2371900864295249e+00   4.7460414702979037e-01   7.0938949403986484e-02
   2.2943880657140845e+00   3.0635557597268281e+00   2.0780238849044768e+00   1.2372019179515128e+00   4.7460414702979037e-01   7.0938949403986484e-02
   2.2944394449178809e+00   3.0635557597268281e+00   2.0780238849044768e+00   1.2372019179515128e+00   4.7460414702979037e-01   7.0938949403986484e-02
   2.2944394449178809e+00   3.0635557597268281e+00   2.0780238849044768e+00   1.2371900864295249e+00   4.7460414702979037e-01   7.0938949403986484e-02
   2.2944966653768653e+00   3.0635557597268281e+00   2.0780238849044768e+00   1.2391432114295249e+00   4.7460414702979037e-01   5.5558090028986484e-02
   2.2944712737981909e+00   3.0635557597268281e+00   2.0780238849044768e+00   1.2372019179515128e+00   4.7460414702979037e-01   7.0938949403986484e-02
   2.2944394449178809e+00   3.0635557597268281e+00   2.0780238849044768e+00   1.2372019179515128e+00   4.7460414702979037e-01   7.0938949403986484e-02
   2.2944394449178809e+00   3.0635557597268281e+00   2.0873012286544768e+00   1.2372019179515128e+00   4.7460414702979037e-01   7.1183090028986484e-02
   2.2993540862981909e+00   3.0635557597268281e+00   2.0780606609703032e+00   1.2372019179515128e+00   4.7460414702979037e-01   7.0938949403986484e-02
   2.2944966653768653e+00   3.0635557597268281e+00   2.0780238849044768e+00   1.2371900864295249e+00   4.7460414702979037e-01   7.0938949403986484e-02
   2.2943745950643653e+00   3.0635557597268281e+00   2.0780238849044768e+00   1.2372019179515128e+00   4.7460414702979037e-01   7.1183090028986484e-02
   2.2944394449178809e+00   3.0635557597268281e+00   2.0702113849044768e+00   1.2371900864295249e+00   4.7460414702979037e-01   7.0938949403986484e-02
   2.2944394449178809e+00   3.0635557597268281e+00   2.0780238849044768e+00   1.2372019179515128e+00   4.7460414702979037e-01   7.0938949403986484e-02
   2.2944966653768653e+00   3.0791807597268281e+00   2.0780238849044768e+00   1.2372019179515128e+00   4.7460414702979037e-01   8.6563949403986484e-02
   2.3007871011678809e+00   3.0479307597268281e+00   2.0794887286544768e+00   1.2372019179515128e+00   4.7887660796729037e-01   7.8751449403986484e-02
   2.2944712737981909e+00   3.0635557597268281e+00   2.0780238849044768e+00   1.2379152663401847e+00   4.7460414702979037e-01   7.8751449403986484e-02
   2.2944394449178809e+00   3.0635557597268281e+00   2.0780238849044768e+00   1.2371900864295249e+00   4.7460414702979037e-01   7.0938949403986484e-02
   2.2944394449178809e+00   3.0635557597268281e+00   2.0780238849044768e+00   1.2372019179515128e+00   4.7460414702979037e-01   7.1427230653986484e-02
   2.2944966653768653e+00   3.0635557597268281e+00   2.0780238849044768e+00   1.2371900864295249e+00   4.7460414702979037e-01   7.0938949403986484e-02
   2.3100644449178809e+00   3.0635557597268281e+00   2.0861173015953032e+00   1.2372019179515128e+00   4.7997524077979037e-01   7.0938949403986484e-02
   2.2943745950643653e+00   3.0635557597268281e+00   2.0780238849044768e+00   1.2469675429515128e+00   4.7460414702979037e-01   7.1183090028986484e-02
   2.2943880657140845e+00   3.0635557597268281e+00   2.0780238849044768e+00   1.2372019179515128e+00   4.7460414702979037e-01   7.0938949403986484e-02
   2.2944394449178809e+00   3.0635557597268281e+00   2.0780238849044768e+00   1.2372019179515128e+00   4.7460414702979037e-01   7.0938949403986484e-02
   2.2978993753378028e+00   3.0635557597268281e+00   2.0780238849044768e+00   1.2371900864295249e+00   4.7460414702979037e-01   7.1183090028986484e-02
   2.2944394449178809e+00   3.0635557597268281e+00   2.0780238849044768e+00   1.2372019179515128e+00   4.7460414702979037e-01   7.0938949403986484e-02
   2.2944394449178809e+00   3.0635557597268281e+00   2.0780238849044768e+00   1.2372019179515128e+00   4.7460414702979037e-01   7.1183090028986484e-02
   2.2944966653768653e+00   3.0635557597268281e+00   2.0840053302169768e+00   1.2371900864295249e+00   4.7460414702979037e-01   7.0938949403986484e-02
   2.2943880657140845e+00   3.0653868144143281e+00   2.0780238849044768e+00   1.2372019179515128e+00   4.7460414702979037e-01   7.0938949403986484e-02
   2.3017636636678809e+00   3.0677061503518281e+00   2.0780238849044768e+00   1.2215769179515128e+00   4.7460414702979037e-01   7.0938949403986484e-02
   2.2944394449178809e+00   3.0635557597268281e+00   2.0780238849044768e+00   1.2414133437327628e+00   4.8314906890479037e-01   7.1183090028986484e-02
   2.2944394449178809e+00   3.0702696269143281e+00   2.0780238849044768e+00   1.2432936020545249e+00   4.7460414702979037e-01   7.0938949403986484e-02
   2.2943745950643653e+00   3.0658750956643281e+00   2.0780238849044768e+00   1.2440378554515128e+00   4.7460414702979037e-01   7.1183090028986484e-02
   2.2944394449178809e+00   3.0635557597268281e+00   2.0780238849044768e+00   1.2464792617015128e+00   4.7460414702979037e-01   8.1192855653986484e-02
   2.2944394449178809e+00   3.0635557597268281e+00   2.0780238849044768e+00   1.2371900864295249e+00   4.7460414702979037e-01   7.0938949403986484e-02
   2.2944394449178809e+00   3.0635557597268281e+00   2.0780238849044768e+00   1.2372019179515128e+00   4.7460414702979037e-01   7.0938949403986484e-02
   2.2944712737981909e+00   3.0635557597268281e+00   2.0780238849044768e+00   1.2372019179515128e+00   4.7460414702979037e-01   7.0938949403986484e-02
   2.2944394449178809e+00   3.0635557597268281e+00   2.0780238849044768e+00   1.2372019179515128e+00   4.7460414702979037e-01   7.1183090028986484e-02
   2.2788716653768653e+00   3.0635557597268281e+00   2.0919766765953032e+00   1.2215650864295249e+00   4.7460414702979037e-01   7.0938949403986484e-02
   2.2943745950643653e+00   3.0635557597268281e+00   2.0780606609703032e+00   1.2372019179515128e+00   4.7460414702979037e-01   7.0938949403986484e-02
   2.3025533060018653e+00   3.0635557597268281e+00   2.0780238849044768e+00   1.2372019179515128e+00   4.7460414702979037e-01   7.1183090028986484e-02
   2.2944712737981909e+00   3.0635557597268281e+00   2.0780238849044768e+00   1.2526438124827628e+00   4.7460414702979037e-01   7.8934554872736484e-02
   2.2944966653768653e+00   3.0635557597268281e+00   2.0849818927169768e+00   1.2372019179515128e+00   4.7728969390479037e-01   7.0938949403986484e-02
   2.2978993753378028e+00   3.0635557597268281e+00   2.0780238849044768e+00   1.2371900864295249e+00   4.7460414702979037e-01   7.0938949403986484e-02
   2.2943745950643653e+00   3.0635557597268281e+00   2.0780238849044768e+00   1.2372019179515128e+00   4.7460414702979037e-01   7.0938949403986484e-02
   2.2944712737981909e+00   3.0635557597268281e+00   2.0780238849044768e+00   1.2371900864295249e+00   4.7460414702979037e-01   7.0938949403986484e-02
   2.2944394449178809e+00   3.0635557597268281e+00   2.0780238849044768e+00   1.2215769179515128e+00   4.7460414702979037e-01   8.5099105653986484e-02
   2.2944394449178809e+00   3.0635557597268281e+00   2.0780238849044768e+00   1.2372019179515128e+00   4.7460414702979037e-01   7.0938949403986484e-02
   2.2944712737981909e+00   3.0635557597268281e+00   2.0873012286544768e+00   1.2372019179515128e+00   4.7460414702979037e-01   7.0938949403986484e-02
   2.2944966653768653e+00   3.0635557597268281e+00   2.0780238849044768e+00   1.2372019179515128e+00   4.7460414702979037e-01   7.0938949403986484e-02
   2.2944394449178809e+00   3.0635557597268281e+00   2.0780238849044768e+00   1.2371900864295249e+00   4.7460414702979037e-01   7.0938949403986484e-02
   2.2944394449178809e+00   3.0635557597268281e+00   2.0780238849044768e+00   1.2372019179515128e+00   4.7460414702979037e-01   7.0938949403986484e-02
   2.3001118997518653e+00   3.0635557597268281e+00   2.0780238849044768e+00   1.2372019179515128e+00   4.7460414702979037e-01   7.0938949403986484e-02
   2.2944394449178809e+00   3.0635557597268281e+00   2.0780238849044768e+00   1.2372019179515128e+00   4.7460414702979037e-01   7.0938949403986484e-02
   2.2944966653768653e+00   3.0635557597268281e+00   2.0780238849044768e+00   1.2293894179515128e+00   4.7460414702979037e-01   7.4967269716486484e-02
   2.2944394449178809e+00   3.0635557597268281e+00   2.0780238849044768e+00   1.2372019179515128e+00   4.7460414702979037e-01   7.0938949403986484e-02
   2.2944394449178809e+00   3.0479307597268281e+00   2.0816859942794768e+00   1.2372019179515128e+00   4.8974086577979037e-01   7.0938949403986484e-02
   2.2944712737981909e+00   3.0661802714455781e+00   2.0780606609703032e+00   1.2371177561930899e+00   4.7460414702979037e-01   7.0938949403986484e-02
   2.2944394449178809e+00   3.0557432597268281e+00   2.0780238849044768e+00   1.2371900864295249e+00   4.7460414702979037e-01   7.0938949403986484e-02
   2.2944394449178809e+00   3.0635557597268281e+00   2.0780238849044768e+00   1.2372019179515128e+00   4.7460414702979037e-01   7.0938949403986484e-02
   2.2944394449178809e+00   3.0635557597268281e+00   2.0623988849044768e+00   1.2372019179515128e+00   4.7460414702979037e-01   7.1183090028986484e-02
   2.2944394449178809e+00   3.0635557597268281e+00   2.0780238849044768e+00   1.2372019179515128e+00   4.7460414702979037e-01   7.0938949403986484e-02
   2.2944394449178809e+00   3.0635557597268281e+00   2.0780238849044768e+00   1.2371900864295249e+00   4.7460414702979037e-01   7.0938949403986484e-02
   2.2944394449178809e+00   3.0635557597268281e+00   2.0780238849044768e+00   1.2371900864295249e+00   4.7460414702979037e-01   9.3094711122736484e-02
   2.2964497903768653e+00   3.0635557597268281e+00   2.0780238849044768e+00   1.2371900864295249e+00   4.7460414702979037e-01   7.1183090028986484e-02
   2.2944712737981909e+00   3.0635557597268281e+00   2.0780238849044768e+00   1.2372019179515128e+00   4.7460414702979037e-01   7.0938949403986484e-02
   2.2944394449178809e+00   3.0635557597268281e+00   2.0623988849044768e+00   1.2372019179515128e+00   4.7460414702979037e-01   7.1427230653986484e-02
   2.2944394449178809e+00   3.0635557597268281e+00   2.0780238849044768e+00   1.2371900864295249e+00   4.7460414702979037e-01   7.0938949403986484e-02
   2.2944394449178809e+00   3.0635557597268281e+00   2.0936488849044768e+00   1.2371900864295249e+00   4.8021938140479037e-01   7.0938949403986484e-02
   2.2944966653768653e+00   3.0635557597268281e+00   2.0780238849044768e+00   1.2371900864295249e+00   4.7460414702979037e-01   7.1183090028986484e-02
   2.2944394449178809e+00   3.0635557597268281e+00   2.0780238849044768e+00   1.2372019179515128e+00   4.7460414702979037e-01   7.0938949403986484e-02
   2.2944394449178809e+00   3.0635557597268281e+00   2.0780238849044768e+00   1.2372019179515128e+00   4.7460414702979037e-01   7.0938949403986484e-02
   2.2944394449178809e+00   3.0635557597268281e+00   2.0780238849044768e+00   1.2372019179515128e+00   4.9022914702979037e-01   8.5831527528986484e-02
   2.2944394449178809e+00   3.0635557597268281e+00   2.0858363849044768e+00   1.2372019179515128e+00   4.8052908713904330e-01   7.0938949403986484e-02
   2.2944394449178809e+00   3.0635557597268281e+00   2.0780238849044768e+00   1.2372019179515128e+00   4.7460414702979037e-01   7.0938949403986484e-02
   2.2944712737981909e+00   3.0479307597268281e+00   2.0780238849044768e+00   1.2372019179515128e+00   4.7460414702979037e-01   7.1183090028986484e-02
   2.2944394449178809e+00   3.0557432597268281e+00   2.0780238849044768e+00   1.2372019179515128e+00   4.7460414702979037e-01   7.0938949403986484e-02
   2.2944394449178809e+00   3.0635557597268281e+00   2.0780238849044768e+00   1.2371900864295249e+00   4.7460414702979037e-01   7.0938949403986484e-02
   2.2944394449178809e+00   3.0635557597268281e+00   2.0780238849044768e+00   1.2372019179515128e+00   4.7460414702979037e-01   7.0938949403986484e-02
   2.2944394449178809e+00   3.0635557597268281e+00   2.0780238849044768e+00   1.2372019179515128e+00   4.7460414702979037e-01   7.0938949403986484e-02
   2.2944966653768653e+00   3.0635557597268281e+00   2.0912074786544768e+00   1.2371177561930899e+00   4.7686244781104037e-01   7.1183090028986484e-02
   2.2944394449178809e+00   3.0635557597268281e+00   2.0780238849044768e+00   1.2372019179515128e+00   4.7460414702979037e-01   7.1183090028986484e-02
   2.2944394449178809e+00   3.0635557597268281e+00   2.0780238849044768e+00   1.2371900864295249e+00   4.7460414702979037e-01   7.0938949403986484e-02
   2.2944394449178809e+00   3.0635557597268281e+00   2.0780238849044768e+00   1.2372019179515128e+00   4.7460414702979037e-01   7.0938949403986484e-02
   2.2944712737981909e+00   3.0635557597268281e+00   2.0780238849044768e+00   1.2371900864295249e+00   4.7460414702979037e-01   7.0938949403986484e-02
   2.2944394449178809e+00   3.0635557597268281e+00   2.0780238849044768e+00   1.2371900864295249e+00   4.7460414702979037e-01   7.0938949403986484e-02
   2.2944394449178809e+00   3.0635557597268281e+00   2.0780238849044768e+00   1.2371900864295249e+00   4.7460414702979037e-01   7.0938949403986484e-02
   2.2990743020956153e+00   3.0635557597268281e+00   2.0859536868453947e+00   1.2427940257243399e+00   4.7460414702979037e-01   7.5150375185236484e-02
   2.3084126810018653e+00   3.0635557597268281e+00   2.0780238849044768e+00   1.2423170395545249e+00   4.7460414702979037e-01   7.0938949403986484e-02
   2.2944394449178809e+00   3.0635557597268281e+00   2.0780238849044768e+00   1.2372019179515128e+00   4.7460414702979037e-01   7.1183090028986484e-02
   2.2944394449178809e+00   3.0635557597268281e+00   2.0780238849044768e+00   1.2372019179515128e+00   4.7460414702979037e-01   7.0938949403986484e-02
   2.2944394449178809e+00   3.0635557597268281e+00   2.0780238849044768e+00   1.2371900864295249e+00   4.7460414702979037e-01   7.0938949403986484e-02
   2.2945898870412940e+00   3.0635557597268281e+00   2.0780238849044768e+00   1.2372019179515128e+00   4.7460414702979037e-01   7.0938949403986484e-02
   2.2944394449178809e+00   3.0652037089455781e+00   2.0841884356857268e+00   1.2416574843577628e+00   4.7565700347510287e-01   7.0938949403986484e-02
   2.2944712737981909e+00   3.0635557597268281e+00   2.0794276934982268e+00   1.2372019179515128e+00   4.7460414702979037e-01   7.0938949403986484e-02
   2.2944394449178809e+00   3.0635557597268281e+00   2.0780238849044768e+00   1.2373087294749503e+00   4.7460414702979037e-01   7.1183090028986484e-02
   2.2944394449178809e+00   3.0635557597268281e+00   2.0780238849044768e+00   1.2372019179515128e+00   4.7460414702979037e-01   5.5313949403986484e-02
   2.2944966653768653e+00   3.0635557597268281e+00   2.0780238849044768e+00   1.2371900864295249e+00   4.7460414702979037e-01   7.0938949403986484e-02
   2.2944394449178809e+00   3.0635557597268281e+00   2.0780238849044768e+00   1.2371900864295249e+00   4.7460414702979037e-01   7.1183090028986484e-02
   2.2944394449178809e+00   3.0659971659768281e+00   2.0780238849044768e+00   1.2455026992015128e+00   4.5897914702979037e-01   7.0938949403986484e-02
   2.2944394449178809e+00   3.0635557597268281e+00   2.0780238849044768e+00   1.2371900864295249e+00   4.7460414702979037e-01   7.0938949403986484e-02
   2.2944394449178809e+00   3.0635557597268281e+00   2.0882777911544768e+00   1.2214548476390128e+00   4.7460414702979037e-01   7.1183090028986484e-02
   2.2944394449178809e+00   3.0635557597268281e+00   2.0780238849044768e+00   1.2371900864295249e+00   4.7460414702979037e-01   8.7052230653986484e-02
   2.3018953899328345e+00   3.0750303691018281e+00   2.0845546466232268e+00   1.2215769179515128e+00   4.8009731109229037e-01   7.0938949403986484e-02
   2.2944966653768653e+00   3.0635557597268281e+00   2.0780238849044768e+00   1.2371900864295249e+00   4.7460414702979037e-01   7.0938949403986484e-02
   2.2944966653768653e+00   3.0635557597268281e+00   2.0780238849044768e+00   1.2371900864295249e+00   4.7460414702979037e-01   7.0938949403986484e-02
   2.2944394449178809e+00   3.0635557597268281e+00   2.0780238849044768e+00   1.2372019179515128e+00   4.7460414702979037e-01   7.1183090028986484e-02
   2.2944966653768653e+00   3.0635557597268281e+00   2.0780238849044768e+00   1.2372019179515128e+00   4.7460414702979037e-01   7.1610336122736484e-02
   2.2944966653768653e+00   3.0635557597268281e+00   2.0780238849044768e+00   1.2372019179515128e+00   4.7460414702979037e-01   7.0938949403986484e-02
   2.2944966653768653e+00   3.0635557597268281e+00   2.0780238849044768e+00   1.2372019179515128e+00   4.7460414702979037e-01   7.0938949403986484e-02
   2.2944712737981909e+00   3.0635557597268281e+00   2.0780238849044768e+00   1.2372019179515128e+00   4.7460414702979037e-01   5.5313949403986484e-02
   2.2944394449178809e+00   3.0635557597268281e+00   2.0780238849044768e+00   1.2372019179515128e+00   4.7460414702979037e-01   7.0938949403986484e-02
   2.2944394449178809e+00   3.0635557597268281e+00   2.0780238849044768e+00   1.2371900864295249e+00   4.7460414702979037e-01   7.0938949403986484e-02
   2.2944966653768653e+00   3.0635557597268281e+00   2.0780238849044768e+00   1.2371900864295249e+00   4.7460414702979037e-01   7.0938949403986484e-02
   2.2944394449178809e+00   3.0635557597268281e+00   2.0780238849044768e+00   1.2371900864295249e+00   4.7460414702979037e-01   7.0938949403986484e-02
   2.2944394449178809e+00   3.0635557597268281e+00   2.0780238849044768e+00   1.2372019179515128e+00   4.7460414702979037e-01   7.0938949403986484e-02
   2.2944394449178809e+00   3.0635557597268281e+00   2.0780238849044768e+00   1.2372019179515128e+00   4.7460414702979037e-01   7.0938949403986484e-02
   2.2944394449178809e+00   3.0635557597268281e+00   2.0780238849044768e+00   1.2372019179515128e+00   4.7460414702979037e-01   7.0938949403986484e-02
   2.2944394449178809e+00   3.0635557597268281e+00   2.0780238849044768e+00   1.2372019179515128e+00   4.7460414702979037e-01   7.0938949403986484e-02
   2.2788716653768653e+00   3.0635557597268281e+00   2.0780238849044768e+00   1.2371900864295249e+00   4.7460414702979037e-01   7.4845199403986484e-02
   2.2944966653768653e+00   3.0635557597268281e+00   2.0780238849044768e+00   1.2371900864295249e+00   4.7460414702979037e-01   8.4122543153986484e-02
   2.2944394449178809e+00   3.0635557597268281e+00   2.0780238849044768e+00   1.2372019179515128e+00   4.7460414702979037e-01   8.6563949403986484e-02
   2.2944712737981909e+00   3.0635557597268281e+00   2.0780238849044768e+00   1.2372019179515128e+00   4.7460414702979037e-01   7.0938949403986484e-02
   2.2944712737981909e+00   3.0635557597268281e+00   2.0873012286544768e+00   1.2372019179515128e+00   4.7460414702979037e-01   7.0938949403986484e-02
   2.2964497903768653e+00   3.0674620097268281e+00   2.0780238849044768e+00   1.2372019179515128e+00   4.8223354156104037e-01   7.0938949403986484e-02
   2.2944394449178809e+00   3.0557432597268281e+00   2.0799770099044768e+00   1.2372019179515128e+00   4.7460414702979037e-01   7.7530746278986484e-02
   2.2944394449178809e+00   3.0635557597268281e+00   2.0780238849044768e+00   1.2372019179515128e+00   4.7460414702979037e-01   7.0938949403986484e-02
   2.2944394449178809e+00   3.0635557597268281e+00   2.0780238849044768e+00   1.2371900864295249e+00   4.7460414702979037e-01   7.1183090028986484e-02
   2.2944712737981909e+00   3.0635557597268281e+00   2.0780238849044768e+00   1.2372019179515128e+00   4.7460414702979037e-01   7.1183090028986484e-02
   2.2944394449178809e+00   3.0635557597268281e+00   2.0780238849044768e+00   1.2372019179515128e+00   4.7460414702979037e-01   7.0938949403986484e-02
   2.2943880657140845e+00   3.0635557597268281e+00   2.0780238849044768e+00   1.2372019179515128e+00   4.7418143088904330e-01   7.0938949403986484e-02
   2.2944394449178809e+00   3.0635557597268281e+00   2.0780238849044768e+00   1.2371900864295249e+00   4.7460414702979037e-01   7.0938949403986484e-02
   2.2944712737981909e+00   3.0635557597268281e+00   2.0780238849044768e+00   1.2372019179515128e+00   4.7460414702979037e-01   7.1183090028986484e-02
   2.2944394449178809e+00   3.0635557597268281e+00   2.0780238849044768e+00   1.2371900864295249e+00   4.7460414702979037e-01   7.0938949403986484e-02
   2.2944394449178809e+00   3.0635557597268281e+00   2.0780238849044768e+00   1.2372019179515128e+00   4.7460414702979037e-01   7.0938949403986484e-02
   2.2944712737981909e+00   3.0635557597268281e+00   2.0780238849044768e+00   1.2372019179515128e+00   4.7460414702979037e-01   7.1183090028986484e-02
   2.2944394449178809e+00   3.0635557597268281e+00   2.0780238849044768e+00   1.2371900864295249e+00   4.7460414702979037e-01   7.0938949403986484e-02
   2.2944966653768653e+00   3.0648374980080781e+00   2.0908412677169768e+00   1.2425730117015128e+00   4.7460414702979037e-01   7.8751449403986484e-02
   2.2974873880331153e+00   3.0635557597268281e+00   2.0780238849044768e+00   1.2293894179515128e+00   4.7460414702979037e-01   7.0938949403986484e-02
   2.2980405191366309e+00   3.0635557597268281e+00   2.0789394122482268e+00   1.2372019179515128e+00   4.8101283843604037e-01   7.8751449403986484e-02
   2.3003560403768653e+00   3.0672178691018281e+00   2.0858363849044768e+00   1.2371900864295249e+00   4.7661830718604037e-01   7.7835922060236484e-02
   2.3021006683294409e+00   3.0656919901955781e+00   2.0858363849044768e+00   1.2388380356482749e+00   4.7613002593604037e-01   7.7103500185236484e-02
   2.2965108255331153e+00   3.0918760722268281e+00   2.0847987872482268e+00   1.2372019179515128e+00   4.7997524077979037e-01   7.1488265810236484e-02
   2.2795583108846778e+00   3.0635557597268281e+00   2.0780238849044768e+00   1.2450144179515128e+00   4.7460414702979037e-01   7.0938949403986484e-02
   2.3001157144491309e+00   3.0713682597268281e+00   2.0790004474044768e+00   1.2395212538890128e+00   4.7771693999854037e-01   7.4173812685236484e-02
   2.2866269449178809e+00   3.0635557597268281e+00   2.0841274005294768e+00   1.2372019179515128e+00   4.7460414702979037e-01   7.0938949403986484e-02
   2.3015805581991309e+00   3.0651426737893281e+00   2.0858363849044768e+00   1.2391550429515128e+00   4.7460414702979037e-01   7.2403793153986484e-02
   2.2985249856893653e+00   3.0678892558205781e+00   2.0858363849044768e+00   1.2372019179515128e+00   4.7680141265479037e-01   7.5150375185236484e-02
   2.2944394449178809e+00   3.0557432597268281e+00   2.0780238849044768e+00   1.2372019179515128e+00   4.7460414702979037e-01   7.0938949403986484e-02
   2.2944394449178809e+00   3.0696592753518281e+00   2.0702113849044768e+00   1.2372019179515128e+00   4.7460414702979037e-01   7.0938949403986484e-02
   2.2944394449178809e+00   3.0713682597268281e+00   2.0780238849044768e+00   1.2428663559607749e+00   4.7613455588904330e-01   7.6432113466486484e-02
   2.2985860208456153e+00   3.0701475566018281e+00   2.0796107989669768e+00   1.2372019179515128e+00   4.8241664702979037e-01   7.4234847841486484e-02
   2.2919980386678809e+00   3.0772276347268281e+00   2.0939540606857268e+00   1.2377512343577628e+00   4.7558070952979037e-01   6.0868148622736484e-02
   2.3069478372518653e+00   3.0725889628518281e+00   2.0976772052169768e+00   1.2257273085765128e+00   4.7661830718604037e-01   6.3370590028986484e-02
   2.2944394449178809e+00   3.0635557597268281e+00   2.0780238849044768e+00   1.2371900864295249e+00   4.8241664702979037e-01   7.0938949403986484e-02
   2.2944966653768653e+00   3.0694761698830781e+00   2.0858363849044768e+00   1.2410471327952628e+00   4.7460414702979037e-01   7.1183090028986484e-02
   2.2974263528768653e+00   3.0645323222268281e+00   2.0780238849044768e+00   1.2396314926795249e+00   4.7887660796729037e-01   6.3126449403986484e-02
   2.2974912027303809e+00   3.0643492167580781e+00   2.0702113849044768e+00   1.2372019179515128e+00   4.8156215484229037e-01   7.3685531435236484e-02
   2.2943880657140845e+00   3.0635557597268281e+00   2.0702113849044768e+00   1.2372019179515128e+00   4.7460414702979037e-01   7.0938949403986484e-02
   2.2962801555578345e+00   3.0635557597268281e+00   2.0702113849044768e+00   1.2372019179515128e+00   4.8241664702979037e-01   7.1427230653986484e-02
   2.2981722454015845e+00   3.0635557597268281e+00   2.0786342364669768e+00   1.2446482070140128e+00   4.6679164702979037e-01   7.1183090028986484e-02
   2.2944394449178809e+00   3.0707579081643281e+00   2.0702113849044768e+00   1.2403944321326499e+00   4.7912074859229037e-01   7.1183090028986484e-02
   2.2986508706991309e+00   3.0708799784768281e+00   2.0781459552169768e+00   1.2434885390452628e+00   4.8211147124854037e-01   6.3370590028986484e-02
   2.2943745950643653e+00   3.0668516581643281e+00   2.0780238849044768e+00   1.2442701645545249e+00   4.8241664702979037e-01   7.1427230653986484e-02
   2.2866587737981909e+00   3.0635557597268281e+00   2.0780238849044768e+00   1.2448805161170249e+00   4.7460414702979037e-01   7.0938949403986484e-02
   2.2944966653768653e+00   3.0635557597268281e+00   2.0815639239669768e+00   1.2372019179515128e+00   4.7637416656104037e-01   7.8751449403986484e-02
   2.2964536050741309e+00   3.0635557597268281e+00   2.0858363849044768e+00   1.2372019179515128e+00   4.7460414702979037e-01   7.0938949403986484e-02
   2.2971249917928809e+00   3.0669126933205781e+00   2.0837611895919768e+00   1.2411081679515128e+00   4.8241664702979037e-01   7.8202132997736484e-02
   2.2996592620794409e+00   3.0635557597268281e+00   2.0780238849044768e+00   1.2450025864295249e+00   4.8162318999854037e-01   7.1183090028986484e-02
   2.2979184488241309e+00   3.0665464823830781e+00   2.0828456622482268e+00   1.2293894179515128e+00   4.8211147124854037e-01   5.5313949403986484e-02
   2.2996884683553809e+00   3.0656919901955781e+00   2.0815639239669768e+00   1.2293894179515128e+00   4.8223354156104037e-01   7.5943832216486484e-02
   2.2944394449178809e+00   3.0635557597268281e+00   2.0702113849044768e+00   1.2372019179515128e+00   4.7661830718604037e-01   7.0938949403986484e-02
   2.2992612222616309e+00   3.0635557597268281e+00   2.0780238849044768e+00   1.2450144179515128e+00   4.7680141265479037e-01   7.0938949403986484e-02
   2.2944394449178809e+00   3.0557432597268281e+00   2.0780238849044768e+00   1.2371900864295249e+00   4.7460414702979037e-01   7.0938949403986484e-02
   2.2997495035116309e+00   3.0635557597268281e+00   2.0836391192794768e+00   1.2371900864295249e+00   4.8241664702979037e-01   7.0938949403986484e-02
   2.2980367044393653e+00   3.0635557597268281e+00   2.0924281817794768e+00   1.2392771132640128e+00   4.7460414702979037e-01   6.3126449403986484e-02
   2.2943745950643653e+00   3.0635557597268281e+00   2.0856900555015532e+00   1.2371900864295249e+00   4.8241664702979037e-01   7.1183090028986484e-02
   2.2944394449178809e+00   3.0635557597268281e+00   2.0858363849044768e+00   1.2372019179515128e+00   4.7460414702979037e-01   7.1183090028986484e-02
   2.2866841653768653e+00   3.0638609355080781e+00   2.0836391192794768e+00   1.2372019179515128e+00   4.8021938140479037e-01   7.1183090028986484e-02
