   2.2935067514364356e+00   3.0645323222268281e+00   2.0769223910690275e+00   1.2370798476390128e+00   4.7558070952979037e-01   7.1427230653986484e-02
   2.2929879526083106e+00   3.0645323222268281e+00   2.0769223910690275e+00   1.2370798476390128e+00   4.7558070952979037e-01   7.1427230653986484e-02
   2.2929879526083106e+00   3.0645323222268281e+00   2.0769223910690275e+00   1.2370798476390128e+00   4.7558070952979037e-01   7.1427230653986484e-02
   2.2929879526083106e+00   3.0645323222268281e+00   2.0769223910690275e+00   1.2370798476390128e+00   4.7558070952979037e-01   7.1427230653986484e-02
   2.2929879526083106e+00   3.0645323222268281e+00   2.0769223910690275e+00   1.2370798476390128e+00   4.7558070952979037e-01   7.1427230653986484e-02
   2.2929879526083106e+00   3.0645323222268281e+00   2.0769223910690275e+00   1.2370798476390128e+00   4.7558070952979037e-01   7.1427230653986484e-02
   2.2929879526083106e+00   3.0645323222268281e+00   2.0769223910690275e+00   1.2370798476390128e+00   4.7558070952979037e-01   7.1427230653986484e-02
   2.2929879526083106e+00   3.0645323222268281e+00   2.0769223910690275e+00   1.2370798476390128e+00   4.7558070952979037e-01   7.1427230653986484e-02
   2.2929879526083106e+00   3.0645323222268281e+00   2.0769223910690275e+00   1.2370798476390128e+00   4.7558070952979037e-01   7.1427230653986484e-02
   2.2929879526083106e+00   3.0645323222268281e+00   2.0769223910690275e+00   1.2370798476390128e+00   4.7558070952979037e-01   7.1427230653986484e-02
   2.2929879526083106e+00   3.0645323222268281e+00   2.0769223910690275e+00   1.2370798476390128e+00   4.7558070952979037e-01   7.1427230653986484e-02
   2.2935067514364356e+00   3.0645323222268281e+00   2.0808286410690275e+00   1.2346994765452628e+00   4.7558070952979037e-01   8.9272306539864843e-03
   2.2942086557333106e+00   3.0645323222268281e+00   2.0769223910690275e+00   1.2346994765452628e+00   4.7558070952979037e-01   7.1427230653986484e-02
   2.2929879526083106e+00   3.0645323222268281e+00   2.0769223910690275e+00   1.2370798476390128e+00   4.7558070952979037e-01   7.1427230653986484e-02
   2.2935067514364356e+00   3.0645323222268281e+00   2.0769223910690275e+00   1.2346994765452628e+00   4.7558070952979037e-01   7.1427230653986484e-02
   2.2929879526083106e+00   3.0645323222268281e+00   2.0769223910690275e+00   1.2370798476390128e+00   4.7558070952979037e-01   7.1427230653986484e-02
   2.2935067514364356e+00   3.0645323222268281e+00   2.0769223910690275e+00   1.2386057265452628e+00   4.7558070952979037e-01   7.1427230653986484e-02
   2.2929879526083106e+00   3.0645323222268281e+00   2.0769223910690275e+00   1.2370798476390128e+00   4.7558070952979037e-01   7.1427230653986484e-02
   2.3064156869833106e+00   3.0645323222268281e+00   2.0769223910690275e+00   1.2698557265452628e+00   4.8095180327979037e-01   1.2495506268523648e-01
   2.2310067514364356e+00   3.0840635722268281e+00   2.0769223910690275e+00   1.2370798476390128e+00   5.3026820952979037e-01   9.8770980653986484e-02
   2.2929879526083106e+00   3.0645323222268281e+00   2.0769223910690275e+00   1.2346994765452628e+00   4.7558070952979037e-01   7.1427230653986484e-02
   2.2935067514364356e+00   3.0645323222268281e+00   2.0769223910690275e+00   1.2346994765452628e+00   4.7558070952979037e-01   7.4173812685236484e-02
   2.2929879526083106e+00   3.0645323222268281e+00   2.0769223910690275e+00   1.2346994765452628e+00   5.0683070952979037e-01   7.1427230653986484e-02
   2.2942086557333106e+00   3.0645323222268281e+00   2.0769223910690275e+00   1.2425119765452628e+00   4.7558070952979037e-01   7.8019027528986484e-02
   2.2929879526083106e+00   3.0645323222268281e+00   2.0769223910690275e+00   1.2386057265452628e+00   4.7558070952979037e-01   7.1427230653986484e-02
   2.2935067514364356e+00   3.0645323222268281e+00   2.0769223910690275e+00   1.2386057265452628e+00   4.7558070952979037e-01   7.4173812685236484e-02
   2.2942086557333106e+00   3.0645323222268281e+00   2.0769223910690275e+00   1.2370798476390128e+00   4.7558070952979037e-01   7.1427230653986484e-02
   2.2935067514364356e+00   3.0645323222268281e+00   2.0808286410690275e+00   1.2346994765452628e+00   4.9511195952979037e-01   7.1427230653986484e-02
   2.2929879526083106e+00   3.0645323222268281e+00   2.0769223910690275e+00   1.2346994765452628e+00   4.7558070952979037e-01   7.1427230653986484e-02
   2.2929879526083106e+00   3.0645323222268281e+00   2.0769223910690275e+00   1.2346994765452628e+00   4.9120570952979037e-01   7.1427230653986484e-02
   2.2935067514364356e+00   3.0645323222268281e+00   2.0769223910690275e+00   1.2346994765452628e+00   4.7558070952979037e-01   7.1427230653986484e-02
   2.2929879526083106e+00   3.0645323222268281e+00   2.0769223910690275e+00   1.2346994765452628e+00   4.7558070952979037e-01   7.6157455263361484e-02
   2.2929879526083106e+00   3.0645323222268281e+00   2.0769223910690275e+00   1.2346994765452628e+00   4.7558070952979037e-01   7.1427230653986484e-02
   2.2935067514364356e+00   3.0645323222268281e+00   2.0769223910690275e+00   1.2370798476390128e+00   4.7558070952979037e-01   7.1427230653986484e-02
   2.2942086557333106e+00   3.0645323222268281e+00   2.0769223910690275e+00   1.2346994765452628e+00   4.7558070952979037e-01   7.1427230653986484e-02
   2.2935067514364356e+00   3.0645323222268281e+00   2.0769223910690275e+00   1.2386057265452628e+00   4.7558070952979037e-01   7.1427230653986484e-02
   2.2929879526083106e+00   3.0645323222268281e+00   2.0769223910690275e+00   1.2386057265452628e+00   4.7558070952979037e-01   8.1436996278986484e-02
   2.2929879526083106e+00   3.0645323222268281e+00   2.0769223910690275e+00   1.2346994765452628e+00   4.7558070952979037e-01   7.1427230653986484e-02
   2.2929879526083106e+00   3.0645323222268281e+00   2.0769223910690275e+00   1.2346994765452628e+00   4.7558070952979037e-01   7.1427230653986484e-02
   2.2929879526083106e+00   3.0645323222268281e+00   2.0769223910690275e+00   1.2346994765452628e+00   4.7558070952979037e-01   8.8028793153986484e-02
   2.2935067514364356e+00   3.0645323222268281e+00   2.0769223910690275e+00   1.2386057265452628e+00   4.7558070952979037e-01   7.1427230653986484e-02
   2.3047067026083106e+00   3.0918760722268281e+00   2.0788755160690275e+00   1.3011057265452628e+00   5.3417445952979037e-01   7.5333480653986484e-02
   2.2935067514364356e+00   3.0645323222268281e+00   2.0808286410690275e+00   1.2346994765452628e+00   4.7558070952979037e-01   7.1427230653986484e-02
   2.2935067514364356e+00   3.0645323222268281e+00   2.0769223910690275e+00   1.2346994765452628e+00   4.7558070952979037e-01   7.1427230653986484e-02
   2.2935067514364356e+00   3.0645323222268281e+00   2.0769223910690275e+00   1.2386057265452628e+00   4.7558070952979037e-01   7.1427230653986484e-02
   2.2942086557333106e+00   3.0645323222268281e+00   2.0769223910690275e+00   1.2346994765452628e+00   4.7558070952979037e-01   7.1427230653986484e-02
   2.2929879526083106e+00   3.0645323222268281e+00   2.0769223910690275e+00   1.2370798476390128e+00   4.7558070952979037e-01   7.1427230653986484e-02
   2.2929879526083106e+00   3.0645323222268281e+00   2.0769223910690275e+00   1.2346994765452628e+00   4.7558070952979037e-01   7.1427230653986484e-02
   2.2773629526083106e+00   3.0645323222268281e+00   2.0769223910690275e+00   1.2386057265452628e+00   4.7558070952979037e-01   7.9972152528986484e-02
   2.2929879526083106e+00   3.0645323222268281e+00   2.0769223910690275e+00   1.2346994765452628e+00   4.7558070952979037e-01   7.1427230653986484e-02
   2.2929879526083106e+00   3.0645323222268281e+00   2.0769223910690275e+00   1.2386057265452628e+00   4.7558070952979037e-01   7.1427230653986484e-02
   2.2935067514364356e+00   3.0745420878518281e+00   2.0769223910690275e+00   1.2346994765452628e+00   4.7558070952979037e-01   8.7052230653986484e-02
   2.3488961557333106e+00   3.1075010722268281e+00   2.0144223910690275e+00   1.2932932265452628e+00   5.0683070952979037e-01   9.0958480653986484e-02
   2.2935067514364356e+00   3.0645323222268281e+00   2.0769223910690275e+00   1.2386057265452628e+00   4.7558070952979037e-01   7.1427230653986484e-02
   2.2935067514364356e+00   3.0645323222268281e+00   2.0769223910690275e+00   1.2346994765452628e+00   4.7558070952979037e-01   7.1427230653986484e-02
   2.2929879526083106e+00   3.1070127909768281e+00   2.1120786410690275e+00   1.2386057265452628e+00   4.7558070952979037e-01   1.2025535565398648e-01
   2.2935067514364356e+00   3.0645323222268281e+00   2.0769223910690275e+00   1.2386057265452628e+00   4.7558070952979037e-01   7.1427230653986484e-02
   2.2935067514364356e+00   3.0645323222268281e+00   2.0769223910690275e+00   1.2346994765452628e+00   4.7814418609229037e-01   8.9272306539864843e-03
   2.2935067514364356e+00   3.0645323222268281e+00   2.0769223910690275e+00   1.2386057265452628e+00   4.7558070952979037e-01   7.1427230653986484e-02
   2.2929879526083106e+00   3.0645323222268281e+00   2.0769223910690275e+00   1.2346994765452628e+00   4.9120570952979037e-01   7.1427230653986484e-02
   2.2929879526083106e+00   3.0645323222268281e+00   2.0769223910690275e+00   1.2370798476390128e+00   4.7558070952979037e-01   7.1427230653986484e-02
   2.2935067514364356e+00   3.0645323222268281e+00   2.0769223910690275e+00   1.2346994765452628e+00   4.7558070952979037e-01   7.1427230653986484e-02
   2.2929879526083106e+00   3.0645323222268281e+00   2.0808286410690275e+00   1.2386057265452628e+00   4.7558070952979037e-01   8.3145980653986484e-02
   2.2617379526083106e+00   3.0645323222268281e+00   2.0808286410690275e+00   1.2386057265452628e+00   4.7558070952979037e-01   7.1427230653986484e-02
   2.2929879526083106e+00   3.0645323222268281e+00   2.0769223910690275e+00   1.2370798476390128e+00   4.7558070952979037e-01   7.1427230653986484e-02
   2.2929879526083106e+00   3.0645323222268281e+00   2.0769223910690275e+00   1.2370798476390128e+00   4.7558070952979037e-01   9.8770980653986484e-02
   2.2942086557333106e+00   3.0645323222268281e+00   2.0808286410690275e+00   1.2034494765452628e+00   4.7558070952979037e-01   7.4173812685236484e-02
   2.2935067514364356e+00   3.0645323222268281e+00   2.0769223910690275e+00   1.2346994765452628e+00   4.7558070952979037e-01   7.1427230653986484e-02
   2.3515817026083106e+00   3.0918760722268281e+00   2.1042661410690275e+00   1.2386057265452628e+00   5.3808070952979037e-01   8.3145980653986484e-02
   2.2935067514364356e+00   3.0645323222268281e+00   2.0769223910690275e+00   1.2346994765452628e+00   4.7558070952979037e-01   7.1427230653986484e-02
   2.2935067514364356e+00   3.0645323222268281e+00   2.0808286410690275e+00   1.2346994765452628e+00   4.7558070952979037e-01   7.1427230653986484e-02
   2.3013192514364356e+00   3.0840635722268281e+00   2.1081723910690275e+00   1.2971994765452628e+00   5.1464320952979037e-01   7.1427230653986484e-02
   2.2929879526083106e+00   3.0645323222268281e+00   2.0769223910690275e+00   1.2542307265452628e+00   4.1894008452979037e-01   9.6817855653986484e-02
   2.2935067514364356e+00   3.0645323222268281e+00   2.0769223910690275e+00   1.2370798476390128e+00   4.7558070952979037e-01   7.1427230653986484e-02
   2.2929879526083106e+00   3.0645323222268281e+00   2.0769223910690275e+00   1.2388498671702628e+00   4.7558070952979037e-01   7.1427230653986484e-02
   2.2942086557333106e+00   3.0645323222268281e+00   2.0769223910690275e+00   1.2346994765452628e+00   4.7558070952979037e-01   7.1427230653986484e-02
   2.2935067514364356e+00   3.0645323222268281e+00   2.0769223910690275e+00   1.2386057265452628e+00   4.7558070952979037e-01   7.1427230653986484e-02
   2.2935067514364356e+00   3.0645323222268281e+00   2.0769223910690275e+00   1.2346994765452628e+00   4.7558070952979037e-01   7.1427230653986484e-02
   2.2935067514364356e+00   3.0645323222268281e+00   2.0769223910690275e+00   1.2386057265452628e+00   4.7558070952979037e-01   7.1427230653986484e-02
   2.2942086557333106e+00   3.0645323222268281e+00   2.1277036410690275e+00   1.2346994765452628e+00   4.7558070952979037e-01   7.1427230653986484e-02
   2.2935067514364356e+00   3.0645323222268281e+00   2.0808286410690275e+00   1.2346994765452628e+00   4.7558070952979037e-01   7.1427230653986484e-02
   2.2942086557333106e+00   3.0645323222268281e+00   2.0769223910690275e+00   1.2346994765452628e+00   4.7558070952979037e-01   7.1427230653986484e-02
   2.2929879526083106e+00   3.0645323222268281e+00   2.0769223910690275e+00   1.2370798476390128e+00   4.7558070952979037e-01   7.1427230653986484e-02
   2.2929879526083106e+00   3.0645323222268281e+00   2.0769223910690275e+00   1.2346994765452628e+00   4.7558070952979037e-01   7.1427230653986484e-02
   2.3012887338583106e+00   3.0645323222268281e+00   2.0808286410690275e+00   1.2346994765452628e+00   4.7558070952979037e-01   7.1427230653986484e-02
   2.3521005014364356e+00   3.0645323222268281e+00   2.0769223910690275e+00   1.2370798476390128e+00   4.7558070952979037e-01   7.1427230653986484e-02
   2.2304879526083106e+00   3.0645323222268281e+00   2.0769223910690275e+00   1.2370798476390128e+00   4.7558070952979037e-01   7.4173812685236484e-02
   2.2929879526083106e+00   3.0645323222268281e+00   2.0769223910690275e+00   1.2386057265452628e+00   4.7558070952979037e-01   7.1427230653986484e-02
   2.2929879526083106e+00   3.0645323222268281e+00   2.0769223910690275e+00   1.2346994765452628e+00   4.7558070952979037e-01   7.1427230653986484e-02
   2.2935067514364356e+00   3.0840635722268281e+00   2.0837583285690275e+00   1.2346994765452628e+00   4.7558070952979037e-01   7.1427230653986484e-02
   2.2929879526083106e+00   3.0645323222268281e+00   2.0769223910690275e+00   1.2386057265452628e+00   4.7558070952979037e-01   7.1427230653986484e-02
   2.2929879526083106e+00   3.0020323222268281e+00   2.0883970004440275e+00   1.2386057265452628e+00   5.1464320952979037e-01   7.1427230653986484e-02
   2.2929879526083106e+00   3.0645323222268281e+00   2.0769223910690275e+00   1.2659494765452628e+00   4.7558070952979037e-01   7.1427230653986484e-02
   2.2929879526083106e+00   3.0645323222268281e+00   2.0769223910690275e+00   1.2346994765452628e+00   4.7558070952979037e-01   7.1427230653986484e-02
   2.2773629526083106e+00   3.0645323222268281e+00   2.0808286410690275e+00   1.2346994765452628e+00   4.7558070952979037e-01   7.1427230653986484e-02
   2.2929879526083106e+00   3.0645323222268281e+00   2.0769223910690275e+00   1.2386057265452628e+00   4.7558070952979037e-01   7.1427230653986484e-02
   2.2935067514364356e+00   3.0645323222268281e+00   2.0769223910690275e+00   1.2553903945140128e+00   4.7558070952979037e-01   7.1427230653986484e-02
   2.2929879526083106e+00   3.0645323222268281e+00   2.0822324496627775e+00   1.2346994765452628e+00   4.7558070952979037e-01   7.1427230653986484e-02
   2.2929879526083106e+00   3.0645323222268281e+00   2.0769223910690275e+00   1.2425119765452628e+00   4.7918178374854037e-01   7.1427230653986484e-02
   2.2935067514364356e+00   3.0645323222268281e+00   2.0769223910690275e+00   1.2370798476390128e+00   4.7558070952979037e-01   7.1427230653986484e-02
   2.2929879526083106e+00   3.0645323222268281e+00   2.0769223910690275e+00   1.2386057265452628e+00   4.7558070952979037e-01   7.1427230653986484e-02
   2.3286324838583106e+00   3.0645323222268281e+00   2.0769223910690275e+00   1.2386057265452628e+00   4.9120570952979037e-01   7.1427230653986484e-02
   2.2935067514364356e+00   3.0645323222268281e+00   2.0769223910690275e+00   1.2370798476390128e+00   4.7558070952979037e-01   7.1427230653986484e-02
   2.2935067514364356e+00   3.0645323222268281e+00   2.0769223910690275e+00   1.2346994765452628e+00   4.7558070952979037e-01   7.1427230653986484e-02
   2.2929879526083106e+00   3.0645323222268281e+00   2.0769223910690275e+00   1.2268869765452628e+00   4.7558070952979037e-01   7.1427230653986484e-02
   2.2929879526083106e+00   3.0645323222268281e+00   2.0769223910690275e+00   1.2370798476390128e+00   4.7558070952979037e-01   7.1427230653986484e-02
   2.2929879526083106e+00   3.0645323222268281e+00   2.0769223910690275e+00   1.2386057265452628e+00   4.7558070952979037e-01   7.1427230653986484e-02
   2.2929879526083106e+00   3.0645323222268281e+00   2.0769223910690275e+00   1.2386057265452628e+00   4.7558070952979037e-01   7.1427230653986484e-02
   2.2929879526083106e+00   3.0645323222268281e+00   2.1032895785690275e+00   1.2386057265452628e+00   4.7558070952979037e-01   7.1427230653986484e-02
   2.2929879526083106e+00   3.0645323222268281e+00   2.0769223910690275e+00   1.2346994765452628e+00   4.7558070952979037e-01   7.1427230653986484e-02
   2.2929879526083106e+00   3.0645323222268281e+00   2.0769223910690275e+00   1.2346994765452628e+00   4.7558070952979037e-01   7.1427230653986484e-02
   2.2929879526083106e+00   3.0020323222268281e+00   2.0769223910690275e+00   1.2346994765452628e+00   4.7558070952979037e-01   7.2403793153986484e-02
   2.2929879526083106e+00   3.0332823222268281e+00   2.0852231723190275e+00   1.2370798476390128e+00   4.7558070952979037e-01   7.1427230653986484e-02
   2.2935067514364356e+00   3.0645323222268281e+00   2.0769223910690275e+00   1.2346994765452628e+00   4.7558070952979037e-01   7.4845199403986484e-02
   2.2942086557333106e+00   3.0645323222268281e+00   2.0769223910690275e+00   1.2346994765452628e+00   4.7558070952979037e-01   7.1427230653986484e-02
   2.2942086557333106e+00   3.0645323222268281e+00   2.0808286410690275e+00   1.2386057265452628e+00   4.7558070952979037e-01   7.1427230653986484e-02
   2.2935067514364356e+00   3.0645323222268281e+00   2.0769223910690275e+00   1.2370798476390128e+00   4.7558070952979037e-01   7.1427230653986484e-02
   2.2929879526083106e+00   3.0645323222268281e+00   2.0769223910690275e+00   1.2346994765452628e+00   4.7558070952979037e-01   7.4173812685236484e-02
   2.2942086557333106e+00   3.0645323222268281e+00   2.0769223910690275e+00   1.2370798476390128e+00   4.7558070952979037e-01   7.1427230653986484e-02
   2.2929879526083106e+00   3.0645323222268281e+00   2.0769223910690275e+00   1.2386057265452628e+00   4.7558070952979037e-01   7.1427230653986484e-02
   2.2935067514364356e+00   3.0645323222268281e+00   2.0934629184127775e+00   1.2346994765452628e+00   4.7558070952979037e-01   7.1427230653986484e-02
   2.2929879526083106e+00   3.0645323222268281e+00   2.0808286410690275e+00   1.2386057265452628e+00   4.7814418609229037e-01   7.1427230653986484e-02
   2.2942086557333106e+00   3.0645323222268281e+00   2.0769223910690275e+00   1.2346994765452628e+00   4.7558070952979037e-01   7.1427230653986484e-02
   2.2935067514364356e+00   3.0645323222268281e+00   2.0769223910690275e+00   1.2346994765452628e+00   4.7558070952979037e-01   7.1427230653986484e-02
   2.2942086557333106e+00   3.0645323222268281e+00   2.0925473910690275e+00   1.2386057265452628e+00   5.1464320952979037e-01   7.1427230653986484e-02
   2.2935067514364356e+00   3.0645323222268281e+00   2.0769223910690275e+00   1.2370798476390128e+00   4.7558070952979037e-01   7.3807601747736484e-02
   2.2929879526083106e+00   3.0616026347268281e+00   2.0930356723190275e+00   1.2346994765452628e+00   4.7558070952979037e-01   7.1427230653986484e-02
   2.3086129526083106e+00   3.0645323222268281e+00   2.1003598910690275e+00   1.2386057265452628e+00   4.7558070952979037e-01   9.3705062685236484e-02
   2.2935067514364356e+00   3.0020323222268281e+00   2.0769223910690275e+00   1.2370798476390128e+00   4.7558070952979037e-01   7.1427230653986484e-02
   2.2929879526083106e+00   3.0645323222268281e+00   2.0945005160690275e+00   1.2346994765452628e+00   4.7558070952979037e-01   8.9829330263361484e-02
   2.3064156869833106e+00   3.0645323222268281e+00   2.0769223910690275e+00   1.2346994765452628e+00   4.8217250640479037e-01   7.1427230653986484e-02
   2.2935067514364356e+00   3.0713682597268281e+00   2.0769223910690275e+00   1.2268869765452628e+00   4.7558070952979037e-01   7.1427230653986484e-02
   2.2935067514364356e+00   3.0645323222268281e+00   2.0769223910690275e+00   1.2386057265452628e+00   4.7558070952979037e-01   7.4173812685236484e-02
   2.2935067514364356e+00   3.0645323222268281e+00   2.0769223910690275e+00   1.2610666640452628e+00   4.7558070952979037e-01   7.1427230653986484e-02
   2.2929879526083106e+00   3.0645323222268281e+00   2.0808286410690275e+00   1.2386057265452628e+00   4.7558070952979037e-01   7.1427230653986484e-02
   2.2929879526083106e+00   3.0645323222268281e+00   2.0769223910690275e+00   1.2370798476390128e+00   4.7558070952979037e-01   7.1427230653986484e-02
   2.2929879526083106e+00   3.0645323222268281e+00   2.0769223910690275e+00   1.2346994765452628e+00   4.7558070952979037e-01   7.1427230653986484e-02
   2.2942086557333106e+00   3.0645323222268281e+00   2.0769223910690275e+00   1.2386057265452628e+00   4.7558070952979037e-01   7.1427230653986484e-02
   2.2929879526083106e+00   3.0645323222268281e+00   2.0769223910690275e+00   1.2386057265452628e+00   4.7558070952979037e-01   7.1427230653986484e-02
   2.2929879526083106e+00   3.0645323222268281e+00   2.0769223910690275e+00   1.2346994765452628e+00   4.7558070952979037e-01   7.1427230653986484e-02
   2.3130380014364356e+00   3.0645323222268281e+00   2.0769223910690275e+00   1.2346994765452628e+00   4.7558070952979037e-01   7.1427230653986484e-02
   2.2929879526083106e+00   3.0645323222268281e+00   2.1081723910690275e+00   1.2346994765452628e+00   4.7558070952979037e-01   7.1427230653986484e-02
   2.2929879526083106e+00   3.0645323222268281e+00   2.0769223910690275e+00   1.2346994765452628e+00   4.7558070952979037e-01   7.1427230653986484e-02
   2.2935067514364356e+00   3.0664854472268281e+00   2.0769223910690275e+00   1.2346994765452628e+00   4.6776820952979037e-01   7.4845199403986484e-02
   2.2929879526083106e+00   3.0801573222268281e+00   2.0935239535690275e+00   1.2366526015452628e+00   4.7558070952979037e-01   4.0177230653986484e-02
   2.2935067514364356e+00   3.0645323222268281e+00   2.0769223910690275e+00   1.2386057265452628e+00   4.7558070952979037e-01   7.1427230653986484e-02
   2.2935067514364356e+00   3.0601377909768281e+00   2.0769223910690275e+00   1.2368967421702628e+00   4.7558070952979037e-01   8.7052230653986484e-02
   2.2929879526083106e+00   3.0645323222268281e+00   2.0769223910690275e+00   1.2370798476390128e+00   4.7558070952979037e-01   7.1427230653986484e-02
   2.2935067514364356e+00   3.0645323222268281e+00   2.0769223910690275e+00   1.2370798476390128e+00   4.7558070952979037e-01   7.1427230653986484e-02
   2.3130380014364356e+00   3.0796690409768281e+00   2.0183286410690275e+00   1.2737619765452628e+00   4.7558070952979037e-01   7.1427230653986484e-02
   2.2942086557333106e+00   3.0645323222268281e+00   2.0769223910690275e+00   1.2346994765452628e+00   4.7558070952979037e-01   7.1427230653986484e-02
   2.2929879526083106e+00   3.0645323222268281e+00   2.0769223910690275e+00   1.2370798476390128e+00   4.7558070952979037e-01   7.1427230653986484e-02
   2.2935067514364356e+00   3.0645323222268281e+00   2.0808286410690275e+00   1.1761057265452628e+00   5.1464320952979037e-01   7.1427230653986484e-02
   2.2942086557333106e+00   3.0645323222268281e+00   2.0769223910690275e+00   1.2346994765452628e+00   4.7558070952979037e-01   7.1427230653986484e-02
   2.2929879526083106e+00   3.0702085917580781e+00   2.0808286410690275e+00   1.2386057265452628e+00   4.7631313140479037e-01   7.1427230653986484e-02
   2.2942086557333106e+00   3.0645323222268281e+00   2.0769223910690275e+00   1.2754709609202628e+00   4.7558070952979037e-01   9.8770980653986484e-02
   2.2935067514364356e+00   3.0645323222268281e+00   2.0769223910690275e+00   1.2386057265452628e+00   4.7558070952979037e-01   7.1427230653986484e-02
   2.2929879526083106e+00   3.0645323222268281e+00   2.0769223910690275e+00   1.2346994765452628e+00   4.7558070952979037e-01   7.1427230653986484e-02
   2.2935067514364356e+00   3.0840635722268281e+00   2.0769223910690275e+00   1.2346994765452628e+00   4.7558070952979037e-01   7.1427230653986484e-02
   2.2929879526083106e+00   3.0645323222268281e+00   2.0769223910690275e+00   1.2370798476390128e+00   4.7558070952979037e-01   7.1427230653986484e-02
   2.2942086557333106e+00   3.0645323222268281e+00   2.0769223910690275e+00   1.2346994765452628e+00   4.7558070952979037e-01   7.1427230653986484e-02
   2.2929879526083106e+00   3.0645323222268281e+00   2.0808286410690275e+00   1.2346994765452628e+00   4.7558070952979037e-01   7.1427230653986484e-02
   2.2935067514364356e+00   3.0645323222268281e+00   2.0769223910690275e+00   1.2386057265452628e+00   4.7558070952979037e-01   7.1427230653986484e-02
   2.3306161264364356e+00   3.0645323222268281e+00   2.1237973910690275e+00   1.2464182265452628e+00   4.7558070952979037e-01   4.0177230653986484e-02
   2.2935067514364356e+00   3.0645323222268281e+00   2.0769223910690275e+00   1.2368967421702628e+00   4.7558070952979037e-01   8.7052230653986484e-02
   2.2935067514364356e+00   3.0645323222268281e+00   2.0769223910690275e+00   1.2386057265452628e+00   4.7558070952979037e-01   7.1427230653986484e-02
   2.2942086557333106e+00   3.0645323222268281e+00   2.0769223910690275e+00   1.2386057265452628e+00   4.7558070952979037e-01   8.0216293153986484e-02
   2.2929879526083106e+00   3.0645323222268281e+00   2.0808286410690275e+00   1.2386057265452628e+00   4.7558070952979037e-01   7.1427230653986484e-02
   2.2935067514364356e+00   3.0645323222268281e+00   2.0769223910690275e+00   1.2386057265452628e+00   4.7558070952979037e-01   7.1427230653986484e-02
   2.2929879526083106e+00   3.0645323222268281e+00   2.0769223910690275e+00   1.2346994765452628e+00   4.7558070952979037e-01   7.4173812685236484e-02
   2.3293649057333106e+00   3.0645323222268281e+00   2.0769223910690275e+00   1.2386057265452628e+00   4.7558070952979037e-01   7.1427230653986484e-02
   2.2929879526083106e+00   3.0645323222268281e+00   2.0769223910690275e+00   1.2370798476390128e+00   4.7558070952979037e-01   7.4173812685236484e-02
   2.3528024057333106e+00   3.0645323222268281e+00   2.1355161410690275e+00   1.2386057265452628e+00   4.7558070952979037e-01   7.1427230653986484e-02
   2.2942086557333106e+00   3.0645323222268281e+00   2.0769223910690275e+00   1.2346994765452628e+00   4.7558070952979037e-01   7.1427230653986484e-02
   2.2935067514364356e+00   3.0645323222268281e+00   2.0769223910690275e+00   1.2386057265452628e+00   4.7558070952979037e-01   7.1427230653986484e-02
   2.2929879526083106e+00   3.0645323222268281e+00   2.0769223910690275e+00   1.2370798476390128e+00   4.7558070952979037e-01   7.1427230653986484e-02
   2.2942086557333106e+00   3.0645323222268281e+00   2.0769223910690275e+00   1.2346994765452628e+00   4.7558070952979037e-01   7.1427230653986484e-02
   2.2929879526083106e+00   3.0645323222268281e+00   2.0769223910690275e+00   1.2346994765452628e+00   4.7558070952979037e-01   7.1427230653986484e-02
   2.3242379526083106e+00   3.0645323222268281e+00   2.1433286410690275e+00   1.1136057265452628e+00   5.5370570952979037e-01   1.3392723065398648e-01
   2.4185067514364356e+00   3.0957823222268281e+00   2.1706723910690275e+00   1.3596994765452628e+00   6.0058070952979037e-01   1.1830223065398648e-01
   2.4179879526083106e+00   3.0645323222268281e+00   2.1081723910690275e+00   1.3464548476390128e+00   5.3808070952979037e-01   7.1427230653986484e-02
   2.4179879526083106e+00   3.1114073222268281e+00   2.0495786410690275e+00   1.3167307265452628e+00   6.0058070952979037e-01   7.1427230653986484e-02
   2.2942086557333106e+00   3.0645323222268281e+00   2.0769223910690275e+00   1.2815744765452628e+00   3.5058070952979037e-01   7.1427230653986484e-02
   2.1685067514364356e+00   3.0645323222268281e+00   2.0769223910690275e+00   1.3636057265452628e+00   4.7558070952979037e-01   1.1830223065398648e-01
   2.2942086557333106e+00   3.1895323222268281e+00   1.9519223910690275e+00   1.2346994765452628e+00   4.7558070952979037e-01   8.7052230653986484e-02
   2.1679879526083106e+00   3.1270323222268281e+00   2.0769223910690275e+00   1.3440744765452628e+00   4.7558070952979037e-01   1.9917381268523648e-01
   2.2929879526083106e+00   3.1895323222268281e+00   2.1394223910690275e+00   1.3638498671702628e+00   5.3808070952979037e-01   1.9642723065398648e-01
   2.4375192026083106e+00   3.0645323222268281e+00   2.1081723910690275e+00   1.3284494765452628e+00   4.7558070952979037e-01   1.1830223065398648e-01
   2.3398629526083106e+00   3.1270323222268281e+00   2.1706723910690275e+00   1.0940744765452628e+00   5.3808070952979037e-01   1.9642723065398648e-01
   2.2935067514364356e+00   3.0645323222268281e+00   2.0769223910690275e+00   1.3636057265452628e+00   4.7558070952979037e-01   7.1427230653986484e-02
   2.2929879526083106e+00   2.9395323222268281e+00   2.0769223910690275e+00   1.2346994765452628e+00   4.7558070952979037e-01   7.1427230653986484e-02
   2.2929879526083106e+00   2.9395323222268281e+00   2.1862973910690275e+00   1.3308298476390128e+00   4.7558070952979037e-01   1.3392723065398648e-01
   2.3554879526083106e+00   3.0836363261330781e+00   2.1862973910690275e+00   1.1096994765452628e+00   5.5370570952979037e-01   1.1830223065398648e-01
   2.3188973764364356e+00   3.0713682597268281e+00   2.0837583285690275e+00   1.2386057265452628e+00   3.5058070952979037e-01   7.1427230653986484e-02
   2.2929879526083106e+00   3.0645323222268281e+00   2.2019223910690275e+00   1.2370798476390128e+00   4.7558070952979037e-01   1.6517723065398648e-01
   2.4179879526083106e+00   3.0645323222268281e+00   2.0769223910690275e+00   1.2370798476390128e+00   4.7558070952979037e-01   1.9642723065398648e-01
   2.3242379526083106e+00   3.0645323222268281e+00   2.0769223910690275e+00   1.2370798476390128e+00   4.7558070952979037e-01   1.9642723065398648e-01
   2.2929879526083106e+00   3.1895323222268281e+00   2.0769223910690275e+00   1.2346994765452628e+00   4.7558070952979037e-01   7.1427230653986484e-02
   2.2929879526083106e+00   3.0645323222268281e+00   2.0769223910690275e+00   1.2370798476390128e+00   3.5058070952979037e-01   8.9272306539864843e-03
   2.3403817514364356e+00   3.1704893534768281e+00   2.1775083285690275e+00   1.2346994765452628e+00   3.3495570952979037e-01   1.9642723065398648e-01
   2.3554879526083106e+00   3.0801573222268281e+00   2.1663388949752775e+00   1.1096994765452628e+00   4.7558070952979037e-01   1.0267723065398648e-01
   2.2935067514364356e+00   3.1895323222268281e+00   2.0769223910690275e+00   1.3440744765452628e+00   4.7558070952979037e-01   7.1427230653986484e-02
   2.2929879526083106e+00   3.1895323222268281e+00   2.0769223910690275e+00   1.2346994765452628e+00   6.0058070952979037e-01   1.3667381268523648e-01
   2.3723336557333106e+00   3.0645323222268281e+00   2.1862973910690275e+00   1.2815744765452628e+00   6.0058070952979037e-01   1.8354881268523648e-01
   2.1679879526083106e+00   3.1739073222268281e+00   2.1394223910690275e+00   1.2346994765452628e+00   5.5370570952979037e-01   7.1427230653986484e-02
   2.4028817514364356e+00   3.0645323222268281e+00   2.0769223910690275e+00   1.2386057265452628e+00   4.7558070952979037e-01  -5.3572769346013516e-02
   2.2935067514364356e+00   3.1739073222268281e+00   2.0769223910690275e+00   1.3636057265452628e+00   4.7558070952979037e-01   7.1427230653986484e-02
   2.3091317514364356e+00   3.1270323222268281e+00   2.0808286410690275e+00   1.2659494765452628e+00   6.0058070952979037e-01   7.1427230653986484e-02
   2.4179879526083106e+00   3.1426573222268281e+00   2.1706723910690275e+00   1.2527048476390128e+00   5.6933070952979037e-01   1.6517723065398648e-01
   2.2935067514364356e+00   3.1895323222268281e+00   2.1706723910690275e+00   1.2854807265452628e+00   4.7558070952979037e-01   7.1427230653986484e-02
   2.2929879526083106e+00   2.9395323222268281e+00   2.0769223910690275e+00   1.2370798476390128e+00   4.7558070952979037e-01   7.1427230653986484e-02
   2.1731454233114356e+00   3.0645323222268281e+00   2.0769223910690275e+00   1.2332346327952628e+00   4.7558070952979037e-01   6.2394027528986484e-02
   2.3086129526083106e+00   3.1895323222268281e+00   2.0769223910690275e+00   1.2839548476390128e+00   4.9120570952979037e-01   7.1427230653986484e-02
   2.4185067514364356e+00   3.1114073222268281e+00   2.0769223910690275e+00   1.2346994765452628e+00   5.6933070952979037e-01   7.4173812685236484e-02
   2.2942086557333106e+00   3.1895323222268281e+00   2.0769223910690275e+00   1.2346994765452628e+00   4.7558070952979037e-01   7.1427230653986484e-02
   2.2942086557333106e+00   3.0645323222268281e+00   2.1862973910690275e+00   1.1096994765452628e+00   4.7558070952979037e-01   1.8080223065398648e-01
   2.4023629526083106e+00   3.1582823222268281e+00   2.2019223910690275e+00   1.2995798476390128e+00   6.0058070952979037e-01   1.1830223065398648e-01
   2.3940926889364356e+00   3.0645323222268281e+00   2.1862973910690275e+00   1.2971994765452628e+00   4.7558070952979037e-01  -5.3572769346013516e-02
   2.2929879526083106e+00   3.1582823222268281e+00   2.2019223910690275e+00   1.2683298476390128e+00   4.7558070952979037e-01   1.9642723065398648e-01
   2.4179879526083106e+00   3.1114073222268281e+00   2.2019223910690275e+00   1.3636057265452628e+00   3.5058070952979037e-01   1.4955223065398648e-01
