   2.2944394449178809e+00   3.0635557597268281e+00   2.0780238849044768e+00   1.2371900864295249e+00   4.7460414702979037e-01   7.1043108520731479e-02
   2.2944434980337256e+00   3.0635557597268281e+00   2.0780238849044768e+00   1.2371900864295249e+00   4.7460414702979037e-01   7.1061019716486484e-02
   2.2944434980337256e+00   3.0635557597268281e+00   2.0780238849044768e+00   1.2371900864295249e+00   4.7460414702979037e-01   7.1061019716486484e-02
   2.2944434980337256e+00   3.0635557597268281e+00   2.0780238849044768e+00   1.2371900864295249e+00   4.7460414702979037e-01   7.1061019716486484e-02
   2.2944434980337256e+00   3.0635557597268281e+00   2.0780238849044768e+00   1.2371900864295249e+00   4.7460414702979037e-01   7.1061019716486484e-02
   2.2944434980337256e+00   3.0635557597268281e+00   2.0780238849044768e+00   1.2371900864295249e+00   4.7460414702979037e-01   7.1061019716486484e-02
   2.2944394449178809e+00   3.0635557597268281e+00   2.0780238849044768e+00   1.2371900864295249e+00   4.7460414702979037e-01   7.1061019716486484e-02
   2.2944394449178809e+00   3.0635557597268281e+00   2.0780238849044768e+00   1.2371900864295249e+00   4.7460414702979037e-01   7.1061019716486484e-02
   2.2944394449178809e+00   3.0635557597268281e+00   2.0780238849044768e+00   1.2371900864295249e+00   4.7460414702979037e-01   7.1061019716486484e-02
   2.2944394449178809e+00   3.0635557597268281e+00   2.0780238849044768e+00   1.2371900864295249e+00   4.7460414702979037e-01   7.1061019716486484e-02
   2.2944394449178809e+00   3.0635557597268281e+00   2.0780238849044768e+00   1.2371900864295249e+00   4.7460414702979037e-01   7.1061019716486484e-02
   2.2944394449178809e+00   3.0635557597268281e+00   2.0780238849044768e+00   1.2371900864295249e+00   4.7460414702979037e-01   7.1061019716486484e-02
   2.2944434980337256e+00   3.0635557597268281e+00   2.0780238849044768e+00   1.2371900864295249e+00   4.7460414702979037e-01   7.1061019716486484e-02
   2.2944394449178809e+00   3.0635557597268281e+00   2.0780238849044768e+00   1.2371900864295249e+00   4.7460414702979037e-01   7.1016062913164646e-02
   2.2944434980337256e+00   3.0663938944924531e+00   2.0780238849044768e+00   1.2371900864295249e+00   4.7460414702979037e-01   7.1061019716486484e-02
   2.2944394449178809e+00   3.0635557597268281e+00   2.0780238849044768e+00   1.2371900864295249e+00   4.7460414702979037e-01   7.1061019716486484e-02
   2.2944394449178809e+00   3.0635557597268281e+00   2.0780238849044768e+00   1.2371900864295249e+00   4.7460414702979037e-01   7.0938949403986484e-02
   2.2944394449178809e+00   3.0635557597268281e+00   2.0780238849044768e+00   1.2371900864295249e+00   4.7460414702979037e-01   7.0938949403986484e-02
   2.2944434980337256e+00   3.0635557597268281e+00   2.0780238849044768e+00   1.2371900864295249e+00   4.7460414702979037e-01   7.1016062913164646e-02
   2.2944434980337256e+00   3.0635557597268281e+00   2.0780238849044768e+00   1.2371900864295249e+00   4.7460414702979037e-01   7.1061019716486484e-02
   2.2944394449178809e+00   3.0635557597268281e+00   2.0780291897178618e+00   1.2373222299269919e+00   4.7460414702979037e-01   7.0938949403986484e-02
   2.2944394449178809e+00   3.0635557597268281e+00   2.0780238849044768e+00   1.2371900864295249e+00   4.7460414702979037e-01   7.1061019716486484e-02
   2.2946693996374243e+00   3.0636468952286897e+00   2.0780238849044768e+00   1.2372784801177268e+00   4.7460414702979037e-01   7.0938949403986484e-02
   2.2947269777242774e+00   3.0635557597268281e+00   2.0780238849044768e+00   1.2371900864295249e+00   4.7502686317053744e-01   7.0938949403986484e-02
   2.2944434980337256e+00   3.0635557597268281e+00   2.0780238849044768e+00   1.2371900864295249e+00   4.7460414702979037e-01   7.1061019716486484e-02
   2.2944394449178809e+00   3.0635557597268281e+00   2.0780238849044768e+00   1.2371900864295249e+00   4.7460414702979037e-01   7.0999567327723057e-02
   2.2944394449178809e+00   3.0635557597268281e+00   2.0780238849044768e+00   1.2371900864295249e+00   4.7460414702979037e-01   7.1043108520731479e-02
   2.2944394449178809e+00   3.0635557597268281e+00   2.0780238849044768e+00   1.2371900864295249e+00   4.7460414702979037e-01   7.1061019716486484e-02
   2.2944394449178809e+00   3.0635557597268281e+00   2.0780238849044768e+00   1.2371900864295249e+00   4.7460414702979037e-01   7.0999567327723057e-02
   2.2944434980337256e+00   3.0635557597268281e+00   2.0780238849044768e+00   1.2372748442343955e+00   4.7460414702979037e-01   7.0938949403986484e-02
   2.2944434980337256e+00   3.0635557597268281e+00   2.0780238849044768e+00   1.2371900864295249e+00   4.7460414702979037e-01   7.0982729015574009e-02
   2.2944394449178809e+00   3.0635557597268281e+00   2.0780238849044768e+00   1.2371900864295249e+00   4.7460414702979037e-01   7.0999567327723057e-02
   2.2944434980337256e+00   3.0635557597268281e+00   2.0780238849044768e+00   1.2371900864295249e+00   4.7460414702979037e-01   7.0938949403986484e-02
   2.2944394449178809e+00   3.0635557597268281e+00   2.0780238849044768e+00   1.2371900864295249e+00   4.7460414702979037e-01   7.0694808778986484e-02
   2.2946391204778784e+00   3.0637999003518281e+00   2.0780758005500761e+00   1.2371900864295249e+00   4.7460414702979037e-01   7.1195189771875889e-02
   2.2944394449178809e+00   3.0635557597268281e+00   2.0780238849044768e+00   1.2372009791783576e+00   4.7460414702979037e-01   7.0999567327723057e-02
   2.2944394449178809e+00   3.0635557597268281e+00   2.0780238849044768e+00   1.2371900864295249e+00   4.7460414702979037e-01   7.1016062913164646e-02
   2.2944394449178809e+00   3.0635557597268281e+00   2.0780238849044768e+00   1.2371900864295249e+00   4.7460414702979037e-01   7.1061019716486484e-02
   2.2944394449178809e+00   3.0635557597268281e+00   2.0780238849044768e+00   1.2371900864295249e+00   4.7460414702979037e-01   7.1061019716486484e-02
   2.2944434980337256e+00   3.0635557597268281e+00   2.0780238849044768e+00   1.2371900864295249e+00   4.7460414702979037e-01   7.1061019716486484e-02
   2.2944434980337256e+00   3.0635557597268281e+00   2.0780238849044768e+00   1.2371900864295249e+00   4.7460414702979037e-01   7.0938949403986484e-02
   2.2944394449178809e+00   3.0635557597268281e+00   2.0780238849044768e+00   1.2371900864295249e+00   4.7460414702979037e-01   7.1016062913164646e-02
   2.2944394449178809e+00   3.0635557597268281e+00   2.0780238849044768e+00   1.2371900864295249e+00   4.7460414702979037e-01   7.1061019716486484e-02
   2.2944434980337256e+00   3.0635557597268281e+00   2.0780238849044768e+00   1.2371900864295249e+00   4.7460414702979037e-01   7.1061019716486484e-02
   2.2944394449178809e+00   3.0635557597268281e+00   2.0780547005058256e+00   1.2371900864295249e+00   4.7460414702979037e-01   7.1061019716486484e-02
   2.2944394449178809e+00   3.0635557597268281e+00   2.0780238849044768e+00   1.2371900864295249e+00   4.7460414702979037e-01   7.1061019716486484e-02
   2.2944434980337256e+00   3.0637631838906465e+00   2.0780238849044768e+00   1.2371900864295249e+00   4.7460414702979037e-01   7.1061019716486484e-02
   2.2944394449178809e+00   3.0635557597268281e+00   2.0780238849044768e+00   1.2371900864295249e+00   4.7460414702979037e-01   7.0999567327723057e-02
   2.2944394449178809e+00   3.0635557597268281e+00   2.0780238849044768e+00   1.2371900864295249e+00   4.7460414702979037e-01   7.1061019716486484e-02
   2.2944434980337256e+00   3.0635557597268281e+00   2.0780238849044768e+00   1.2367018051795249e+00   4.7460414702979037e-01   7.1031694231256992e-02
   2.2944394449178809e+00   3.0635557597268281e+00   2.0780238849044768e+00   1.2371900864295249e+00   4.7466330463972994e-01   7.1061019716486484e-02
   2.2944434980337256e+00   3.0635557597268281e+00   2.0780238849044768e+00   1.2374726869515662e+00   4.7460456426230380e-01   7.0938949403986484e-02
   2.2944394449178809e+00   3.0635557597268281e+00   2.0780238849044768e+00   1.2371900864295249e+00   4.7460414702979037e-01   7.1061019716486484e-02
   2.2944434980337256e+00   3.0635557597268281e+00   2.0780238849044768e+00   1.2371900864295249e+00   4.7460414702979037e-01   7.1061019716486484e-02
   2.2944434980337256e+00   3.0635557597268281e+00   2.0780238849044768e+00   1.2371900864295249e+00   4.7460414702979037e-01   7.1016062913164646e-02
   2.2944434980337256e+00   3.0639732306588350e+00   2.0780238849044768e+00   1.2371900864295249e+00   4.7460414702979037e-01   7.1016062913164646e-02
   2.2944394449178809e+00   3.0635557597268281e+00   2.0780238849044768e+00   1.2371900864295249e+00   4.7460414702979037e-01   7.1061019716486484e-02
   2.2944434980337256e+00   3.0635557597268281e+00   2.0780238849044768e+00   1.2371900864295249e+00   4.7460414702979037e-01   7.1061019716486484e-02
   2.2944394449178809e+00   3.0635557597268281e+00   2.0780238849044768e+00   1.2373541780165915e+00   4.7473897273627230e-01   7.1043108520731479e-02
   2.2944434980337256e+00   3.0635557597268281e+00   2.0780238849044768e+00   1.2371900864295249e+00   4.7460414702979037e-01   7.0938949403986484e-02
   2.2944394449178809e+00   3.0635557597268281e+00   2.0780238849044768e+00   1.2371900864295249e+00   4.7460414702979037e-01   7.1016062913164646e-02
   2.2944394449178809e+00   3.0635557597268281e+00   2.0780238849044768e+00   1.2371900864295249e+00   4.7460414702979037e-01   7.0938949403986484e-02
   2.2944394449178809e+00   3.0635557597268281e+00   2.0780238849044768e+00   1.2371900864295249e+00   4.7460414702979037e-01   7.1243707952723057e-02
   2.2944434980337256e+00   3.0635557597268281e+00   2.0780238849044768e+00   1.2371900864295249e+00   4.7460414702979037e-01   7.0999567327723057e-02
   2.2944434980337256e+00   3.0635557597268281e+00   2.0780238849044768e+00   1.2371900864295249e+00   4.7460414702979037e-01   7.0938949403986484e-02
   2.2944394449178809e+00   3.0635557597268281e+00   2.0780238849044768e+00   1.2371900864295249e+00   4.7460414702979037e-01   7.0938949403986484e-02
   2.2944394449178809e+00   3.0635557597268281e+00   2.0780238849044768e+00   1.2371900864295249e+00   4.7460414702979037e-01   7.1061019716486484e-02
   2.2945768336240882e+00   3.0635557597268281e+00   2.0780238849044768e+00   1.2374342270545249e+00   4.7481860454169222e-01   7.0988242445215732e-02
   2.2944394449178809e+00   3.0635557597268281e+00   2.0780238849044768e+00   1.2371900864295249e+00   4.7460414702979037e-01   7.0999567327723057e-02
   2.2944434980337256e+00   3.0635557597268281e+00   2.0780238849044768e+00   1.2371900864295249e+00   4.7460414702979037e-01   7.0938949403986484e-02
   2.2944394449178809e+00   3.0635898386824785e+00   2.0780238849044768e+00   1.2371900864295249e+00   4.7460414702979037e-01   7.1061019716486484e-02
   2.2944394449178809e+00   3.0635557597268281e+00   2.0780238849044768e+00   1.2371900864295249e+00   4.7460414702979037e-01   7.0938949403986484e-02
   2.2944394449178809e+00   3.0635557597268281e+00   2.0780238849044768e+00   1.2371900864295249e+00   4.7460414702979037e-01   7.0999567327723057e-02
   2.2946604589407080e+00   3.0635557597268281e+00   2.0780238849044768e+00   1.2371900864295249e+00   4.7460414702979037e-01   7.0938949403986484e-02
   2.2944434980337256e+00   3.0635557597268281e+00   2.0780238849044768e+00   1.2371900864295249e+00   4.7478218610373446e-01   7.1183090028986484e-02
   2.2944394449178809e+00   3.0635557597268281e+00   2.0780238849044768e+00   1.2371900864295249e+00   4.7460414702979037e-01   7.1061019716486484e-02
   2.2944394449178809e+00   3.0635557597268281e+00   2.0780238849044768e+00   1.2371900864295249e+00   4.7460414702979037e-01   7.1061019716486484e-02
   2.2944434980337256e+00   3.0637916153062044e+00   2.0782680255294768e+00   1.2371900864295249e+00   4.7480018670645663e-01   7.0938949403986484e-02
   2.2944394449178809e+00   3.0635557597268281e+00   2.0780238849044768e+00   1.2371900864295249e+00   4.7460414702979037e-01   7.1061019716486484e-02
   2.2944394449178809e+00   3.0635557597268281e+00   2.0780238849044768e+00   1.2371900864295249e+00   4.7460414702979037e-01   7.1061019716486484e-02
   2.2944434980337256e+00   3.0635557597268281e+00   2.0780238849044768e+00   1.2374057360343222e+00   4.7460414702979037e-01   7.1183090028986484e-02
   2.2944394449178809e+00   3.0635557597268281e+00   2.0780238849044768e+00   1.2371900864295249e+00   4.7460414702979037e-01   7.0938949403986484e-02
   2.2944434980337256e+00   3.0635784094918428e+00   2.0784303885818449e+00   1.2371900864295249e+00   4.7460414702979037e-01   7.0953373728022129e-02
   2.2944808701459998e+00   3.0635557597268281e+00   2.0780238849044768e+00   1.2371900864295249e+00   4.7460414702979037e-01   7.0973281679377109e-02
   2.2944394449178809e+00   3.0635557597268281e+00   2.0780238849044768e+00   1.2371900864295249e+00   4.7460414702979037e-01   7.1061019716486484e-02
   2.2944394449178809e+00   3.0635557597268281e+00   2.0780238849044768e+00   1.2371900864295249e+00   4.7460414702979037e-01   7.0999567327723057e-02
   2.2944394449178809e+00   3.0635557597268281e+00   2.0780238849044768e+00   1.2371900864295249e+00   4.7460414702979037e-01   7.0938949403986484e-02
   2.2944394449178809e+00   3.0635557597268281e+00   2.0780238849044768e+00   1.2371900864295249e+00   4.7460414702979037e-01   7.1016062913164646e-02
   2.2944394449178809e+00   3.0635557597268281e+00   2.0780238849044768e+00   1.2371900864295249e+00   4.7460414702979037e-01   7.0938949403986484e-02
   2.2944394449178809e+00   3.0635557597268281e+00   2.0780238849044768e+00   1.2371900864295249e+00   4.7460414702979037e-01   7.1061019716486484e-02
   2.2944434980337256e+00   3.0635557597268281e+00   2.0780238849044768e+00   1.2371900864295249e+00   4.7460414702979037e-01   7.1061019716486484e-02
   2.2944434980337256e+00   3.0635557597268281e+00   2.0780238849044768e+00   1.2371900864295249e+00   4.7460414702979037e-01   7.1088795480951816e-02
   2.2944394449178809e+00   3.0637451832879243e+00   2.0782680255294768e+00   1.2371900864295249e+00   4.7461010749426791e-01   7.1119134245142490e-02
   2.2945349315588111e+00   3.0635557597268281e+00   2.0780238849044768e+00   1.2372678108863120e+00   4.7460414702979037e-01   7.1259383974298984e-02
   2.2944394449178809e+00   3.0635557597268281e+00   2.0780238849044768e+00   1.2371900864295249e+00   4.7460414702979037e-01   7.1061019716486484e-02
   2.2944394449178809e+00   3.0635557597268281e+00   2.0780238849044768e+00   1.2371900864295249e+00   4.7460414702979037e-01   7.1016062913164646e-02
   2.2944394449178809e+00   3.0635557597268281e+00   2.0780238849044768e+00   1.2371900864295249e+00   4.7460414702979037e-01   7.0938949403986484e-02
   2.2944434980337256e+00   3.0635557597268281e+00   2.0780238849044768e+00   1.2371900864295249e+00   4.7460414702979037e-01   7.0999567327723057e-02
   2.2944394449178809e+00   3.0635557597268281e+00   2.0780238849044768e+00   1.2374093123130088e+00   4.7460414702979037e-01   7.0938949403986484e-02
   2.2944394449178809e+00   3.0637999003518281e+00   2.0780547005058256e+00   1.2369459458045249e+00   4.7460414702979037e-01   7.1061019716486484e-02
   2.2945298055593604e+00   3.0635557597268281e+00   2.0780238849044768e+00   1.2371900864295249e+00   4.7477908666220614e-01   7.1305160341486484e-02
   2.2944434980337256e+00   3.0635557597268281e+00   2.0780238849044768e+00   1.2371900864295249e+00   4.7460414702979037e-01   7.0999567327723057e-02
   2.2944394449178809e+00   3.0635557597268281e+00   2.0780238849044768e+00   1.2371900864295249e+00   4.7460414702979037e-01   7.0938949403986484e-02
   2.2944394449178809e+00   3.0635557597268281e+00   2.0780238849044768e+00   1.2371900864295249e+00   4.7460414702979037e-01   7.1061019716486484e-02
   2.2944394449178809e+00   3.0635557597268281e+00   2.0780238849044768e+00   1.2371900864295249e+00   4.7460414702979037e-01   7.0999567327723057e-02
   2.2944434980337256e+00   3.0635691111672578e+00   2.0780238849044768e+00   1.2376783676795249e+00   4.7460414702979037e-01   7.0938949403986484e-02
   2.2944394449178809e+00   3.0635557597268281e+00   2.0780238849044768e+00   1.2371900864295249e+00   4.7460414702979037e-01   7.0953373728022129e-02
   2.2944434980337256e+00   3.0635557597268281e+00   2.0780238849044768e+00   1.2375037856749778e+00   4.7460414702979037e-01   7.0953373728022129e-02
   2.2944394449178809e+00   3.0635557597268281e+00   2.0780238849044768e+00   1.2371900864295249e+00   4.7460414702979037e-01   7.0953373728022129e-02
   2.2944434980337256e+00   3.0635557597268281e+00   2.0780238849044768e+00   1.2371900864295249e+00   4.7460414702979037e-01   7.0938949403986484e-02
   2.2947754810039633e+00   3.0635557597268281e+00   2.0780238849044768e+00   1.2371900864295249e+00   4.7460414702979037e-01   7.0999567327723057e-02
   2.2944394449178809e+00   3.0635557597268281e+00   2.0780238849044768e+00   1.2371900864295249e+00   4.7460414702979037e-01   7.1061019716486484e-02
   2.2944434980337256e+00   3.0635557597268281e+00   2.0780238849044768e+00   1.2372315712622886e+00   4.7460414702979037e-01   7.1043108520731479e-02
   2.2944394449178809e+00   3.0635557597268281e+00   2.0780238849044768e+00   1.2371657677344565e+00   4.7460414702979037e-01   7.1016062913164646e-02
   2.2944394449178809e+00   3.0635557597268281e+00   2.0780238849044768e+00   1.2371900864295249e+00   4.7466330463972994e-01   7.0694808778986484e-02
   2.2944394449178809e+00   3.0635557597268281e+00   2.0780238849044768e+00   1.2371900864295249e+00   4.7460414702979037e-01   7.1061019716486484e-02
   2.2944434980337256e+00   3.0635557597268281e+00   2.0780238849044768e+00   1.2371900864295249e+00   4.7460414702979037e-01   7.0999567327723057e-02
   2.2944434980337256e+00   3.0635557597268281e+00   2.0780238849044768e+00   1.2371900864295249e+00   4.7460414702979037e-01   7.1061019716486484e-02
   2.2944434980337256e+00   3.0635557597268281e+00   2.0780238849044768e+00   1.2371900864295249e+00   4.7460414702979037e-01   7.0938949403986484e-02
   2.2944394449178809e+00   3.0635557597268281e+00   2.0780238849044768e+00   1.2371900864295249e+00   4.7460414702979037e-01   7.1061019716486484e-02
   2.2948433259908789e+00   3.0637782042611299e+00   2.0784871322036711e+00   1.2367018051795249e+00   4.7460414702979037e-01   7.0694808778986484e-02
   2.2944434980337256e+00   3.0637999003518281e+00   2.0780238849044768e+00   1.2371900864295249e+00   4.7460414702979037e-01   7.0938949403986484e-02
   2.2944434980337256e+00   3.0635557597268281e+00   2.0780238849044768e+00   1.2371900864295249e+00   4.7460414702979037e-01   7.0999567327723057e-02
   2.2944434980337256e+00   3.0635557597268281e+00   2.0780238849044768e+00   1.2371900864295249e+00   4.7460414702979037e-01   7.0938949403986484e-02
   2.2939552167837256e+00   3.0635557597268281e+00   2.0780238849044768e+00   1.2371900864295249e+00   4.7460414702979037e-01   7.1270589647516758e-02
   2.2944434980337256e+00   3.0635557597268281e+00   2.0780238849044768e+00   1.2371900864295249e+00   4.7460414702979037e-01   7.1043108520731479e-02
   2.2944434980337256e+00   3.0635557597268281e+00   2.0782680255294768e+00   1.2371900864295249e+00   4.7460414702979037e-01   7.0938949403986484e-02
   2.2944394449178809e+00   3.0635557597268281e+00   2.0780365210891691e+00   1.2371900864295249e+00   4.7460414702979037e-01   7.0938949403986484e-02
   2.2944434980337256e+00   3.0635557597268281e+00   2.0780238849044768e+00   1.2371900864295249e+00   4.7460414702979037e-01   7.0938949403986484e-02
   2.2944394449178809e+00   3.0635557597268281e+00   2.0780238849044768e+00   1.2371900864295249e+00   4.7460414702979037e-01   7.1061019716486484e-02
   2.2944434980337256e+00   3.0635557597268281e+00   2.0780238849044768e+00   1.2371900864295249e+00   4.7460414702979037e-01   7.0938949403986484e-02
   2.2944434980337256e+00   3.0635557597268281e+00   2.0780238849044768e+00   1.2371900864295249e+00   4.7460414702979037e-01   7.1061019716486484e-02
   2.2949041227285498e+00   3.0635557597268281e+00   2.0780238849044768e+00   1.2371900864295249e+00   4.7460414702979037e-01   7.0938949403986484e-02
   2.2944434980337256e+00   3.0637999003518281e+00   2.0780238849044768e+00   1.2371900864295249e+00   4.7460414702979037e-01   7.1152259526476413e-02
   2.2949634889547461e+00   3.0635557597268281e+00   2.0780932051063505e+00   1.2368992157630210e+00   4.7472174699393221e-01   7.0938949403986484e-02
   2.2944394449178809e+00   3.0635557597268281e+00   2.0780238849044768e+00   1.2371900864295249e+00   4.7460414702979037e-01   7.0938949403986484e-02
   2.2946814993803137e+00   3.0633116191018281e+00   2.0780238849044768e+00   1.2373152561835532e+00   4.7460414702979037e-01   7.1252231416925937e-02
   2.2944434980337256e+00   3.0635557597268281e+00   2.0780238849044768e+00   1.2371900864295249e+00   4.7460414702979037e-01   7.0999567327723057e-02
   2.2944394449178809e+00   3.0635557597268281e+00   2.0780238849044768e+00   1.2371900864295249e+00   4.7460414702979037e-01   7.0999567327723057e-02
   2.2944394449178809e+00   3.0635557597268281e+00   2.0780238849044768e+00   1.2371900864295249e+00   4.7460414702979037e-01   7.0999567327723057e-02
   2.2946499685232276e+00   3.0635557597268281e+00   2.0780238849044768e+00   1.2372512407950644e+00   4.7484828765479037e-01   7.0938949403986484e-02
   2.2944434980337256e+00   3.0635978406060396e+00   2.0780238849044768e+00   1.2373982258490805e+00   4.7476406629172274e-01   7.0938949403986484e-02
   2.2944434980337256e+00   3.0635557597268281e+00   2.0782890063644377e+00   1.2371900864295249e+00   4.7460414702979037e-01   7.0938949403986484e-02
   2.2944394449178809e+00   3.0635557597268281e+00   2.0780238849044768e+00   1.2371900864295249e+00   4.7460414702979037e-01   7.1061019716486484e-02
   2.2944434980337256e+00   3.0635557597268281e+00   2.0780238849044768e+00   1.2371900864295249e+00   4.7460414702979037e-01   7.1061019716486484e-02
   2.2944394449178809e+00   3.0635557597268281e+00   2.0780238849044768e+00   1.2371900864295249e+00   4.7460414702979037e-01   7.0999567327723057e-02
   2.2944394449178809e+00   3.0635557597268281e+00   2.0780238849044768e+00   1.2371900864295249e+00   4.7460414702979037e-01   7.0938949403986484e-02
   2.2944394449178809e+00   3.0635557597268281e+00   2.0780547005058256e+00   1.2371900864295249e+00   4.7460414702979037e-01   7.0999567327723057e-02
   2.2944434980337256e+00   3.0635733430970369e+00   2.0780238849044768e+00   1.2371900864295249e+00   4.7474761540976473e-01   7.1061019716486484e-02
   2.2944394449178809e+00   3.0635557597268281e+00   2.0782019835830656e+00   1.2371900864295249e+00   4.7460414702979037e-01   7.0999567327723057e-02
   2.2944434980337256e+00   3.0635557597268281e+00   2.0780238849044768e+00   1.2371900864295249e+00   4.7460414702979037e-01   7.1016062913164646e-02
   2.2944394449178809e+00   3.0635557597268281e+00   2.0780238849044768e+00   1.2371900864295249e+00   4.7460414702979037e-01   7.0938949403986484e-02
   2.2944394449178809e+00   3.0635557597268281e+00   2.0780238849044768e+00   1.2371900864295249e+00   4.7448207671729037e-01   7.0999567327723057e-02
   2.2944394449178809e+00   3.0635557597268281e+00   2.0780238849044768e+00   1.2371900864295249e+00   4.7460414702979037e-01   7.0999567327723057e-02
   2.2944394449178809e+00   3.0635557597268281e+00   2.0780238849044768e+00   1.2371900864295249e+00   4.7460414702979037e-01   7.0938949403986484e-02
   2.2944394449178809e+00   3.0635557597268281e+00   2.0780238849044768e+00   1.2371900864295249e+00   4.7460414702979037e-01   7.0938949403986484e-02
   2.2945180634443396e+00   3.0635557597268281e+00   2.0782327991844145e+00   1.2371900864295249e+00   4.7460533912268588e-01   7.1061019716486484e-02
   2.2944434980337256e+00   3.0635557597268281e+00   2.0781742674232451e+00   1.2371900864295249e+00   4.7460414702979037e-01   7.0938949403986484e-02
   2.2944394449178809e+00   3.0635557597268281e+00   2.0780238849044768e+00   1.2371900864295249e+00   4.7460414702979037e-01   7.0938949403986484e-02
   2.2944434980337256e+00   3.0635557597268281e+00   2.0780238849044768e+00   1.2371900864295249e+00   4.7460414702979037e-01   7.1061019716486484e-02
   2.2941953042928809e+00   3.0635557597268281e+00   2.0780238849044768e+00   1.2371900864295249e+00   4.7509242827979037e-01   7.0999567327723057e-02
   2.2944434980337256e+00   3.0635557597268281e+00   2.0780238849044768e+00   1.2371900864295249e+00   4.7466166551199862e-01   7.0999567327723057e-02
   2.2944434980337256e+00   3.0635557597268281e+00   2.0780238849044768e+00   1.2371900864295249e+00   4.7463575239268252e-01   7.0999567327723057e-02
   2.2944394449178809e+00   3.0635557597268281e+00   2.0780238849044768e+00   1.2371900864295249e+00   4.7460414702979037e-01   7.0938949403986484e-02
   2.2944394449178809e+00   3.0635557597268281e+00   2.0780238849044768e+00   1.2371900864295249e+00   4.7460414702979037e-01   7.0938949403986484e-02
   2.2944434980337256e+00   3.0635557597268281e+00   2.0780238849044768e+00   1.2371900864295249e+00   4.7460414702979037e-01   7.1061019716486484e-02
   2.2944434980337256e+00   3.0635557597268281e+00   2.0780238849044768e+00   1.2371900864295249e+00   4.7460414702979037e-01   7.0999567327723057e-02
   2.2944434980337256e+00   3.0635557597268281e+00   2.0775853139282194e+00   1.2371900864295249e+00   4.7480346496191927e-01   7.1061019716486484e-02
   2.2944394449178809e+00   3.0636347954858003e+00   2.0780238849044768e+00   1.2371900864295249e+00   4.7460414702979037e-01   7.1061019716486484e-02
   2.2944394449178809e+00   3.0636439746010957e+00   2.0777797442794768e+00   1.2372272201232200e+00   4.7481872375098177e-01   7.1061019716486484e-02
   2.2944394449178809e+00   3.0635557597268281e+00   2.0780238849044768e+00   1.2371900864295249e+00   4.7460414702979037e-01   7.1061019716486484e-02
   2.2944434980337256e+00   3.0635557597268281e+00   2.0780238849044768e+00   1.2371900864295249e+00   4.7460414702979037e-01   7.1016062913164646e-02
   2.2944394449178809e+00   3.0635557597268281e+00   2.0780238849044768e+00   1.2371900864295249e+00   4.7460414702979037e-01   7.1043108520731479e-02
   2.2944394449178809e+00   3.0635557597268281e+00   2.0780238849044768e+00   1.2371900864295249e+00   4.7460414702979037e-01   7.0999567327723057e-02
   2.2944434980337256e+00   3.0635557597268281e+00   2.0780238849044768e+00   1.2371900864295249e+00   4.7460414702979037e-01   7.0999567327723057e-02
   2.2944434980337256e+00   3.0635557597268281e+00   2.0782636147857634e+00   1.2371900864295249e+00   4.7460414702979037e-01   7.1061019716486484e-02
   2.2944434980337256e+00   3.0635557597268281e+00   2.0780238849044768e+00   1.2371900864295249e+00   4.7460414702979037e-01   7.1174745378717930e-02
   2.2949850658361548e+00   3.0637286131966768e+00   2.0780238849044768e+00   1.2370506115607505e+00   4.7460414702979037e-01   7.1061019716486484e-02
   2.2945491174642676e+00   3.0635557597268281e+00   2.0780770522476164e+00   1.2373321839026694e+00   4.7411586577979037e-01   7.1043108520731479e-02
   2.2946604589407080e+00   3.0640440409768281e+00   2.0780658465743986e+00   1.2371900864295249e+00   4.7460414702979037e-01   7.0938949403986484e-02
   2.2944394449178809e+00   3.0635557597268281e+00   2.0780238849044768e+00   1.2376783676795249e+00   4.7460414702979037e-01   7.1252231416925937e-02
   2.2939511636678809e+00   3.0635557597268281e+00   2.0783977252365080e+00   1.2371900864295249e+00   4.7460414702979037e-01   7.1110372362360508e-02
   2.2947315076772803e+00   3.0638480609048067e+00   2.0781175834060637e+00   1.2374370880774741e+00   4.7460414702979037e-01   7.1487848577723057e-02
   2.2945329050008887e+00   3.0636330073464570e+00   2.0785121661544768e+00   1.2371900864295249e+00   4.7484709556189486e-01   7.1015541372522861e-02
   2.2944647172872656e+00   3.0635557597268281e+00   2.0783455115676848e+00   1.2373803444556479e+00   4.7460414702979037e-01   7.1549300966486484e-02
   2.2948092321340674e+00   3.0635557597268281e+00   2.0780238849044768e+00   1.2376783676795249e+00   4.7460414702979037e-01   7.0938949403986484e-02
   2.2947160700742835e+00   3.0635669654000459e+00   2.0779137355209318e+00   1.2372315712622886e+00   4.7411586577979037e-01   7.1274568257555515e-02
   2.2947095731680029e+00   3.0632275169480501e+00   2.0781500083328215e+00   1.2372667082003836e+00   4.7482182319251010e-01   7.0816879091486484e-02
   2.2949761251394385e+00   3.0635557597268281e+00   2.0783235770584074e+00   1.2372129746131186e+00   4.8203136260596224e-01   7.1153764543756992e-02
   2.2939511636678809e+00   3.0636556571114717e+00   2.0783750754714934e+00   1.2376449890784507e+00   4.7476102645483920e-01   7.1516876039728672e-02
   2.2944394449178809e+00   3.0636922394622026e+00   2.0780238849044768e+00   1.2367202379159217e+00   4.7460414702979037e-01   7.0938949403986484e-02
   2.2944434980337256e+00   3.0640440409768281e+00   2.0783455115676848e+00   1.2372232266120200e+00   4.7499181563940951e-01   7.1049337206110508e-02
   2.2949317792837256e+00   3.0640140002358613e+00   2.0784218055129973e+00   1.2374094315222983e+00   4.7411586577979037e-01   7.1187858400568516e-02
   2.2944394449178809e+00   3.0635557597268281e+00   2.0775356036544768e+00   1.2371900864295249e+00   4.7464515502539584e-01   7.1061019716486484e-02
   2.2947379449789160e+00   3.0641436999428926e+00   2.0782820326209990e+00   1.2367018051795249e+00   4.7495176131812045e-01   7.1651820955500156e-02
   2.2944434980337256e+00   3.0635557597268281e+00   2.0781759959579436e+00   1.2376783676795249e+00   4.7480465705481478e-01   7.0938949403986484e-02
   2.2941953042928809e+00   3.0635557597268281e+00   2.0775356036544768e+00   1.2371900864295249e+00   4.7523214156714388e-01   7.1428050217852146e-02
   2.2944394449178809e+00   3.0630674784768281e+00   2.0780238849044768e+00   1.2371900864295249e+00   4.7460414702979037e-01   7.1061019716486484e-02
   2.2943048576299780e+00   3.0635557597268281e+00   2.0785714727760283e+00   1.2371900864295249e+00   4.7454859550085970e-01   7.1673636255487949e-02
   2.2946386436407202e+00   3.0635557597268281e+00   2.0780238849044768e+00   1.2376783676795249e+00   4.7460414702979037e-01   7.1078483877405674e-02
   2.2944394449178809e+00   3.0636461203683076e+00   2.0785121661544768e+00   1.2374695130042319e+00   4.7495247657385775e-01   7.1175192413553745e-02
   2.2949917415563696e+00   3.0639051621545015e+00   2.0782563430191008e+00   1.2377578802756553e+00   4.7460414702979037e-01   7.1474556741938144e-02
   2.2944394449178809e+00   3.0638580744851289e+00   2.0785121661544768e+00   1.2375096269301658e+00   4.7481872375098177e-01   7.1419839678034336e-02
   2.2947143415395850e+00   3.0639658396828828e+00   2.0781669360519377e+00   1.2373567410163169e+00   4.7460414702979037e-01   7.0511286077723057e-02
   2.2945349315588111e+00   3.0635559981454072e+00   2.0780238849044768e+00   1.2377398796729331e+00   4.7509242827979037e-01   7.1509246645197422e-02
   2.2949143747274512e+00   3.0640397494424043e+00   2.0780238849044768e+00   1.2381847687415366e+00   4.7460414702979037e-01   7.1290139971003086e-02
   2.2945391038839453e+00   3.0635557597268281e+00   2.0784626346946684e+00   1.2376783676795249e+00   4.7477223212805697e-01   7.1442489443048984e-02
   2.2950906852666968e+00   3.0637097781289278e+00   2.0781082850814787e+00   1.2373102493933921e+00   4.7484405572501132e-01   7.1615760145411045e-02
   2.2944394449178809e+00   3.0639479582894502e+00   2.0780238849044768e+00   1.2371900864295249e+00   4.7509242827979037e-01   7.1061019716486484e-02
   2.2948685983602637e+00   3.0636327093232332e+00   2.0786798340202299e+00   1.2375069447211509e+00   4.7509242827979037e-01   7.1565334615931064e-02
   2.2947343687002295e+00   3.0635557597268281e+00   2.0775356036544768e+00   1.2375026531867270e+00   4.7503234679785677e-01   7.1476583299860508e-02
   2.2944434980337256e+00   3.0640440409768281e+00   2.0780338984847990e+00   1.2371900864295249e+00   4.7460414702979037e-01   7.0938949403986484e-02
   2.2944394449178809e+00   3.0635877078164278e+00   2.0780238849044768e+00   1.2371900864295249e+00   4.7460414702979037e-01   7.0572738466486484e-02
   2.2945827344839209e+00   3.0635557597268281e+00   2.0780658465743986e+00   1.2371900864295249e+00   4.7473170096960970e-01   7.1549300966486484e-02
   2.2944394449178809e+00   3.0630674784768281e+00   2.0782394152999846e+00   1.2371900864295249e+00   4.7460414702979037e-01   7.0938949403986484e-02
   2.2944656709615820e+00   3.0637643759835420e+00   2.0782258254409758e+00   1.2372575588874106e+00   4.7411586577979037e-01   7.1199779329523594e-02
   2.2944394449178809e+00   3.0640426104653535e+00   2.0781118613601652e+00   1.2371900864295249e+00   4.7463132674780795e-01   7.1427230653986484e-02
   2.2945336202566260e+00   3.0635557597268281e+00   2.0780238849044768e+00   1.2373152561835532e+00   4.7509242827979037e-01   7.0450668153986484e-02
   2.2949277261678809e+00   3.0636725848305879e+00   2.0780238849044768e+00   1.2371900864295249e+00   4.7460414702979037e-01   7.1153526125177891e-02
   2.2947002748434180e+00   3.0633259242165742e+00   2.0775356036544768e+00   1.2372349091223960e+00   4.7486616904822299e-01   7.1120445547327549e-02
