   2.2944712737981909e+00   3.0635557597268281e+00   2.0780606609703032e+00   1.2371177561930899e+00   4.7460414702979037e-01   7.0938949403986484e-02
   2.2944394449178809e+00   3.0635557597268281e+00   2.0780238849044768e+00   1.2372019179515128e+00   4.7460414702979037e-01   7.1183090028986484e-02
   2.2943880657140845e+00   3.0635557597268281e+00   2.0780238849044768e+00   1.2372019179515128e+00   4.7460414702979037e-01   7.0938949403986484e-02
   2.2943880657140845e+00   3.0635557597268281e+00   2.0780238849044768e+00   1.2372019179515128e+00   4.7460414702979037e-01   7.0938949403986484e-02
   2.2944966653768653e+00   3.0635557597268281e+00   2.0780238849044768e+00   1.2371900864295249e+00   4.7460414702979037e-01   7.1183090028986484e-02
   2.2944966653768653e+00   3.0635557597268281e+00   2.0780238849044768e+00   1.2371900864295249e+00   4.7460414702979037e-01   7.1183090028986484e-02
   2.2944966653768653e+00   3.0635557597268281e+00   2.0780238849044768e+00   1.2371900864295249e+00   4.7460414702979037e-01   7.1183090028986484e-02
   2.2944966653768653e+00   3.0635557597268281e+00   2.0780238849044768e+00   1.2371900864295249e+00   4.7460414702979037e-01   7.1183090028986484e-02
   2.2944966653768653e+00   3.0635557597268281e+00   2.0780238849044768e+00   1.2371900864295249e+00   4.7460414702979037e-01   7.1183090028986484e-02
   2.2944966653768653e+00   3.0635557597268281e+00   2.0780238849044768e+00   1.2371900864295249e+00   4.7460414702979037e-01   7.1183090028986484e-02
   2.2944966653768653e+00   3.0635557597268281e+00   2.0780238849044768e+00   1.2371900864295249e+00   4.7460414702979037e-01   7.1183090028986484e-02
   2.2943745950643653e+00   3.0635557597268281e+00   2.0780238849044768e+00   1.2372019179515128e+00   4.7460414702979037e-01   7.1183090028986484e-02
   2.2943745950643653e+00   3.0635557597268281e+00   2.0741176349044768e+00   1.2372019179515128e+00   4.7460414702979037e-01   7.1469326434359104e-02
   2.2943745950643653e+00   3.0635557597268281e+00   2.0780238849044768e+00   1.2372019179515128e+00   4.7069789702979037e-01   7.1564559755548984e-02
   2.2944966653768653e+00   3.0635557597268281e+00   2.0780238849044768e+00   1.2372019179515128e+00   4.7418143088904330e-01   7.1183090028986484e-02
   2.2943745950643653e+00   3.0635557597268281e+00   2.0780238849044768e+00   1.2372019179515128e+00   4.7460414702979037e-01   7.1183090028986484e-02
   2.2943745950643653e+00   3.0635557597268281e+00   2.0780238849044768e+00   1.2371900864295249e+00   4.7460414702979037e-01   7.1183090028986484e-02
   2.2943745950643653e+00   3.0635557597268281e+00   2.0780238849044768e+00   1.2370798476390128e+00   4.7460414702979037e-01   7.1427230653986484e-02
   2.2951833108846778e+00   3.0635557597268281e+00   2.0780238849044768e+00   1.2372019179515128e+00   4.7069789702979037e-01   7.1427230653986484e-02
   2.2943745950643653e+00   3.0635557597268281e+00   2.0780238849044768e+00   1.2370798476390128e+00   4.7460414702979037e-01   7.1183090028986484e-02
   2.2943745950643653e+00   3.0616026347268281e+00   2.0780238849044768e+00   1.2371038683108573e+00   4.7460414702979037e-01   7.1183090028986484e-02
   2.2943745950643653e+00   3.0635557597268281e+00   2.0780238849044768e+00   1.2372019179515128e+00   4.7461976344672152e-01   7.1427230653986484e-02
   2.2957135538045996e+00   3.0643034403908906e+00   2.0780238849044768e+00   1.2391550429515128e+00   4.7465117509451815e-01   7.1183090028986484e-02
   2.2944966653768653e+00   3.0635557597268281e+00   2.0780238849044768e+00   1.2372019179515128e+00   4.7460414702979037e-01   7.1183090028986484e-02
   2.2944966653768653e+00   3.0635557597268281e+00   2.0780238849044768e+00   1.2370798476390128e+00   4.7467883164969393e-01   7.1427230653986484e-02
   2.2978993753378028e+00   3.0635557597268281e+00   2.0780238849044768e+00   1.2372019179515128e+00   4.7461940581885287e-01   7.5089340028986484e-02
   2.2959920267049903e+00   3.0642767375100313e+00   2.0788860064865080e+00   1.2372019179515128e+00   4.7460414702979037e-01   6.9229965028986484e-02
   2.2943745950643653e+00   3.0635557597268281e+00   2.0780238849044768e+00   1.2372019179515128e+00   4.7460414702979037e-01   7.1183090028986484e-02
   2.2943745950643653e+00   3.0635557597268281e+00   2.0780238849044768e+00   1.2383550890139823e+00   4.7513820464697787e-01   6.7276840028986484e-02
   2.2943745950643653e+00   3.0635557597268281e+00   2.0780606609703032e+00   1.2371177561930899e+00   4.7466404969778964e-01   7.0938949403986484e-02
   2.2944966653768653e+00   3.0641622965920625e+00   2.0780238849044768e+00   1.2386515029124503e+00   4.7460414702979037e-01   7.1183090028986484e-02
   2.2943745950643653e+00   3.0635557597268281e+00   2.0780238849044768e+00   1.2372019179515128e+00   4.7460414702979037e-01   7.0938949403986484e-02
   2.2982808450643653e+00   3.0635557597268281e+00   2.0780238849044768e+00   1.2373087294749503e+00   4.7460414702979037e-01   7.2312240419611484e-02
   2.2978688577596778e+00   3.0596495097268281e+00   2.0803584796310393e+00   1.2372019179515128e+00   4.7741176421729037e-01   7.1183090028986484e-02
   2.2943745950643653e+00   3.0635557597268281e+00   2.0780238849044768e+00   1.2371900864295249e+00   4.7460414702979037e-01   7.0938949403986484e-02
   2.2944966653768653e+00   3.0635557597268281e+00   2.0780238849044768e+00   1.2371038683108573e+00   4.7466971213904330e-01   7.1711187181696445e-02
   2.2943745950643653e+00   3.0635557597268281e+00   2.0780238849044768e+00   1.2372019179515128e+00   4.7460414702979037e-01   7.0938949403986484e-02
   2.2943745950643653e+00   3.0635557597268281e+00   2.0780238849044768e+00   1.2372019179515128e+00   4.7460414702979037e-01   7.1183090028986484e-02
   2.2943880657140845e+00   3.0635557597268281e+00   2.0780238849044768e+00   1.2372019179515128e+00   4.7460414702979037e-01   7.1427230653986484e-02
   2.2944394449178809e+00   3.0635557597268281e+00   2.0780238849044768e+00   1.2371900864295249e+00   4.7460414702979037e-01   7.1183090028986484e-02
   2.2943745950643653e+00   3.0635557597268281e+00   2.0780238849044768e+00   1.2370798476390128e+00   4.7460414702979037e-01   7.0938949403986484e-02
   2.2943745950643653e+00   3.0635557597268281e+00   2.0780238849044768e+00   1.2370798476390128e+00   4.7460414702979037e-01   7.1183090028986484e-02
   2.2904683450643653e+00   3.0635557597268281e+00   2.0780238849044768e+00   1.2372019179515128e+00   4.7460414702979037e-01   7.0938949403986484e-02
   2.2944966653768653e+00   3.0635557597268281e+00   2.0760707599044768e+00   1.2371900864295249e+00   4.7460414702979037e-01   7.2922591982111484e-02
   2.2948609689657324e+00   3.0635557597268281e+00   2.0780606609703032e+00   1.2372019179515128e+00   4.7460414702979037e-01   7.0938949403986484e-02
   2.2943745950643653e+00   3.0635557597268281e+00   2.0780238849044768e+00   1.2372019179515128e+00   4.7460414702979037e-01   7.1427230653986484e-02
   2.2944119075719946e+00   3.0635557597268281e+00   2.0780238849044768e+00   1.2370798476390128e+00   4.7460414702979037e-01   7.1552042780146152e-02
   2.2944966653768653e+00   3.0635557597268281e+00   2.0780238849044768e+00   1.2371900864295249e+00   4.7460414702979037e-01   7.1183090028986484e-02
   2.2944966653768653e+00   3.0635557597268281e+00   2.0780238849044768e+00   1.2372019179515128e+00   4.7460414702979037e-01   7.1183090028986484e-02
   2.2943745950643653e+00   3.0635557597268281e+00   2.0780238849044768e+00   1.2372019179515128e+00   4.7460414702979037e-01   7.0938949403986484e-02
   2.2943745950643653e+00   3.0635557597268281e+00   2.0780238849044768e+00   1.2371714003733878e+00   4.7466404969778964e-01   7.1183090028986484e-02
   2.2943745950643653e+00   3.0635557597268281e+00   2.0799770099044768e+00   1.2370798476390128e+00   4.7482969100562045e-01   7.1427230653986484e-02
   2.2943745950643653e+00   3.0635557597268281e+00   2.0780238849044768e+00   1.2372019179515128e+00   4.7460414702979037e-01   7.1427230653986484e-02
   2.2944966653768653e+00   3.0635557597268281e+00   2.0780238849044768e+00   1.2411081679515128e+00   4.7460414702979037e-01   7.3487167177423984e-02
   2.2943745950643653e+00   3.0635557597268281e+00   2.0780238849044768e+00   1.2372019179515128e+00   4.7460414702979037e-01   7.1427230653986484e-02
   2.2943745950643653e+00   3.0635557597268281e+00   2.0780238849044768e+00   1.2372019179515128e+00   4.7460414702979037e-01   7.1183090028986484e-02
   2.2944966653768653e+00   3.0635557597268281e+00   2.0780238849044768e+00   1.2372019179515128e+00   4.7460414702979037e-01   7.1183090028986484e-02
   2.2945898870412940e+00   3.0635557597268281e+00   2.0780238849044768e+00   1.2372019179515128e+00   4.7460414702979037e-01   7.1183090028986484e-02
   2.2944394449178809e+00   3.0635557597268281e+00   2.0780238849044768e+00   1.2372019179515128e+00   4.7460414702979037e-01   7.1429018793329746e-02
   2.2979604104940528e+00   3.0673094218362031e+00   2.0780238849044768e+00   1.2372019179515128e+00   4.7460414702979037e-01   7.3258285341486484e-02
   2.2943745950643653e+00   3.0635557597268281e+00   2.0780238849044768e+00   1.2372019179515128e+00   4.7460414702979037e-01   7.0938949403986484e-02
   2.2943745950643653e+00   3.0635557597268281e+00   2.0804242831588713e+00   1.2419178374461417e+00   4.7460414702979037e-01   7.5434570131525547e-02
   2.2943745950643653e+00   3.0635557597268281e+00   2.0780238849044768e+00   1.2372019179515128e+00   4.7460414702979037e-01   7.1183090028986484e-02
   2.2976552347128028e+00   3.0635557597268281e+00   2.0780238849044768e+00   1.2372019179515128e+00   4.7460414702979037e-01   7.1183090028986484e-02
   2.2982808450643653e+00   3.0635557597268281e+00   2.0780238849044768e+00   1.2370798476390128e+00   4.7660304839697787e-01   7.4967269716486484e-02
   2.2944966653768653e+00   3.0635557597268281e+00   2.0780238849044768e+00   1.2371900864295249e+00   4.7565700347510287e-01   7.1183090028986484e-02
   2.2944966653768653e+00   3.0635557597268281e+00   2.0780238849044768e+00   1.2371900864295249e+00   4.7460414702979037e-01   7.1183090028986484e-02
   2.2943745950643653e+00   3.0635557597268281e+00   2.0780238849044768e+00   1.2372019179515128e+00   4.7460414702979037e-01   7.0938949403986484e-02
   2.2944966653768653e+00   3.0635557597268281e+00   2.0780238849044768e+00   1.2372019179515128e+00   4.7460414702979037e-01   7.1183090028986484e-02
   2.2943745950643653e+00   3.0635557597268281e+00   2.0780238849044768e+00   1.2372019179515128e+00   4.7460414702979037e-01   7.1552042780146152e-02
   2.2943745950643653e+00   3.0635557597268281e+00   2.0780238849044768e+00   1.2370798476390128e+00   4.7461976344672152e-01   7.1427230653986484e-02
   2.2943745950643653e+00   3.0641050761330781e+00   2.0780238849044768e+00   1.2408487685374503e+00   4.7460414702979037e-01   7.0938949403986484e-02
   2.2943745950643653e+00   3.0635557597268281e+00   2.0780238849044768e+00   1.2371900864295249e+00   4.7069789702979037e-01   7.5074081239923984e-02
   2.2944712737981909e+00   3.0635557597268281e+00   2.0780238849044768e+00   1.2371177561930899e+00   4.7460414702979037e-01   7.1183090028986484e-02
   2.2943745950643653e+00   3.0635557597268281e+00   2.0780238849044768e+00   1.2372019179515128e+00   4.7460414702979037e-01   7.3136215028986484e-02
   2.2943745950643653e+00   3.0635557597268281e+00   2.0781411868453947e+00   1.2371900864295249e+00   4.7460414702979037e-01   7.1183090028986484e-02
   2.2943745950643653e+00   3.0635557597268281e+00   2.0780238849044768e+00   1.2372019179515128e+00   4.7460414702979037e-01   7.1183090028986484e-02
   2.2944966653768653e+00   3.0635557597268281e+00   2.0780362826705900e+00   1.2371900864295249e+00   4.7460414702979037e-01   7.1183090028986484e-02
   2.2958794931356543e+00   3.0635557597268281e+00   2.0760707599044768e+00   1.2372019179515128e+00   4.7460414702979037e-01   7.1427230653986484e-02
   2.2944394449178809e+00   3.0635557597268281e+00   2.0780238849044768e+00   1.2372019179515128e+00   4.7460414702979037e-01   7.0938949403986484e-02
   2.2943745950643653e+00   3.0636153047669588e+00   2.0780238849044768e+00   1.2380478270701651e+00   4.7461976344672152e-01   7.1183090028986484e-02
   2.2933980325643653e+00   3.0635557597268281e+00   2.0780238849044768e+00   1.2371900864295249e+00   4.7460414702979037e-01   7.1183090028986484e-02
   2.2944712737981909e+00   3.0635557597268281e+00   2.0812587481857268e+00   1.2372019179515128e+00   4.7069789702979037e-01   7.0938949403986484e-02
   2.2944966653768653e+00   3.0635557597268281e+00   2.0780238849044768e+00   1.2371900864295249e+00   4.7460414702979037e-01   7.1183090028986484e-02
   2.2943745950643653e+00   3.0635557597268281e+00   2.0780238849044768e+00   1.2372019179515128e+00   4.7074492509451815e-01   7.5119857607111484e-02
   2.2943745950643653e+00   3.0635557597268281e+00   2.0790004474044768e+00   1.2372019179515128e+00   4.7460414702979037e-01   7.1427230653986484e-02
   2.2944966653768653e+00   3.0635557597268281e+00   2.0780238849044768e+00   1.2371900864295249e+00   4.7460414702979037e-01   7.1183090028986484e-02
   2.2949010232870215e+00   3.0636015360940156e+00   2.0780238849044768e+00   1.2372019179515128e+00   4.7460414702979037e-01   7.0938949403986484e-02
   2.2943745950643653e+00   3.0635557597268281e+00   2.0780606609703032e+00   1.2371177561930899e+00   4.7460414702979037e-01   7.0938949403986484e-02
   2.2943745950643653e+00   3.0635557597268281e+00   2.0780238849044768e+00   1.2372019179515128e+00   4.7460414702979037e-01   7.2027866659388096e-02
   2.2945898870412940e+00   3.0635557597268281e+00   2.0780238849044768e+00   1.2372019179515128e+00   4.7460414702979037e-01   7.1183090028986484e-02
   2.2944712737981909e+00   3.0635557597268281e+00   2.0780606609703032e+00   1.2372019179515128e+00   4.7460414702979037e-01   7.1183090028986484e-02
   2.2943745950643653e+00   3.0635557597268281e+00   2.0780238849044768e+00   1.2371900864295249e+00   4.7460414702979037e-01   7.1183090028986484e-02
   2.2943745950643653e+00   3.0645780985940156e+00   2.0780238849044768e+00   1.2375223525218253e+00   4.7851039702979037e-01   7.0938949403986484e-02
   2.2943745950643653e+00   3.0635557597268281e+00   2.0780238849044768e+00   1.2371900864295249e+00   4.7460414702979037e-01   7.1183090028986484e-02
   2.2943880657140845e+00   3.0635557597268281e+00   2.0783951771379439e+00   1.2372019179515128e+00   4.7460414702979037e-01   7.1183090028986484e-02
   2.2943745950643653e+00   3.0635989134896455e+00   2.0780238849044768e+00   1.2372019179515128e+00   4.7460414702979037e-01   7.1183090028986484e-02
   2.2944966653768653e+00   3.0650206034768281e+00   2.0780238849044768e+00   1.2372019179515128e+00   4.7460414702979037e-01   7.3151473818048984e-02
   2.2944712737981909e+00   3.0635557597268281e+00   2.0780238849044768e+00   1.2371177561930899e+00   4.7655727202979037e-01   7.1183090028986484e-02
   2.2943745950643653e+00   3.0635557597268281e+00   2.0780238849044768e+00   1.2372970469645743e+00   4.7460414702979037e-01   7.1183090028986484e-02
   2.2943745950643653e+00   3.0635557597268281e+00   2.0780238849044768e+00   1.2379152663401847e+00   4.7460414702979037e-01   7.1183090028986484e-02
   2.2943835357610816e+00   3.0635557597268281e+00   2.0780238849044768e+00   1.2372019179515128e+00   4.7460414702979037e-01   7.1427230653986484e-02
   2.2943745950643653e+00   3.0635557597268281e+00   2.0780238849044768e+00   1.2372019179515128e+00   4.7460414702979037e-01   7.1183090028986484e-02
   2.2946454385702246e+00   3.0635557597268281e+00   2.0782680255294768e+00   1.2372019179515128e+00   4.7460414702979037e-01   7.0938949403986484e-02
   2.2905904153768653e+00   3.0635557597268281e+00   2.0780238849044768e+00   1.2386854477576499e+00   4.7648097808447787e-01   7.1183090028986484e-02
   2.2944966653768653e+00   3.0635557597268281e+00   2.0780238849044768e+00   1.2371900864295249e+00   4.7460414702979037e-01   7.1183090028986484e-02
   2.2944966653768653e+00   3.0635557597268281e+00   2.0780238849044768e+00   1.2372019179515128e+00   4.7460414702979037e-01   7.1183090028986484e-02
   2.2944966653768653e+00   3.0635557597268281e+00   2.0780238849044768e+00   1.2371900864295249e+00   4.7461976344672152e-01   7.1183090028986484e-02
   2.2943745950643653e+00   3.0635557597268281e+00   2.0780238849044768e+00   1.2372019179515128e+00   4.7460414702979037e-01   7.1183090028986484e-02
   2.2943745950643653e+00   3.0638611739266572e+00   2.0780238849044768e+00   1.2372019179515128e+00   4.7460414702979037e-01   7.1427230653986484e-02
   2.2943745950643653e+00   3.0635557597268281e+00   2.0780238849044768e+00   1.2372019179515128e+00   4.7461976344672152e-01   7.1427230653986484e-02
   2.2943745950643653e+00   3.0635557597268281e+00   2.0780238849044768e+00   1.2372019179515128e+00   4.7460414702979037e-01   7.1183090028986484e-02
   2.2943745950643653e+00   3.0635557597268281e+00   2.0786685687423674e+00   1.2372019179515128e+00   4.7531272704688021e-01   7.3720698175653965e-02
   2.2944966653768653e+00   3.0635557597268281e+00   2.0780238849044768e+00   1.2371900864295249e+00   4.7460414702979037e-01   7.1183090028986484e-02
   2.2943745950643653e+00   3.0635557597268281e+00   2.0780238849044768e+00   1.2372019179515128e+00   4.7460414702979037e-01   7.1427230653986484e-02
   2.2943745950643653e+00   3.0635557597268281e+00   2.0780238849044768e+00   1.2372019179515128e+00   4.7460414702979037e-01   7.1183090028986484e-02
   2.2943745950643653e+00   3.0635557597268281e+00   2.0780238849044768e+00   1.2371177561930899e+00   4.7460414702979037e-01   7.0938949403986484e-02
   2.2953206399862403e+00   3.0654745524514375e+00   2.0780238849044768e+00   1.2371900864295249e+00   4.7460414702979037e-01   7.1183090028986484e-02
   2.2944966653768653e+00   3.0635557597268281e+00   2.0780238849044768e+00   1.2372019179515128e+00   4.7460414702979037e-01   7.1183090028986484e-02
   2.2943745950643653e+00   3.0635557597268281e+00   2.0780238849044768e+00   1.2370798476390128e+00   4.7460414702979037e-01   7.1427230653986484e-02
   2.2943745950643653e+00   3.0645323222268281e+00   2.0780238849044768e+00   1.2372019179515128e+00   4.7465117509451815e-01   7.1183090028986484e-02
   2.2944966653768653e+00   3.0635557597268281e+00   2.0780238849044768e+00   1.2370798476390128e+00   4.7460414702979037e-01   7.1427230653986484e-02
   2.2943745950643653e+00   3.0656004374612031e+00   2.0780238849044768e+00   1.2372019179515128e+00   4.7851039702979037e-01   7.3989753542170078e-02
   2.2944966653768653e+00   3.0635557597268281e+00   2.0780238849044768e+00   1.2371900864295249e+00   4.7460414702979037e-01   7.1183090028986484e-02
   2.2944966653768653e+00   3.0635557597268281e+00   2.0780238849044768e+00   1.2371900864295249e+00   4.7460414702979037e-01   7.0938949403986484e-02
   2.2943745950643653e+00   3.0635557597268281e+00   2.0780238849044768e+00   1.2372019179515128e+00   4.7460414702979037e-01   7.0938949403986484e-02
   2.2944966653768653e+00   3.0635557597268281e+00   2.0780362826705900e+00   1.2371900864295249e+00   4.7460414702979037e-01   7.1183090028986484e-02
   2.2943745950643653e+00   3.0635557597268281e+00   2.0780238849044768e+00   1.2372019179515128e+00   4.7466404969778964e-01   7.0938949403986484e-02
   2.2944966653768653e+00   3.0635557597268281e+00   2.0780238849044768e+00   1.2370798476390128e+00   4.7460414702979037e-01   7.1183090028986484e-02
   2.2943880657140845e+00   3.0635557597268281e+00   2.0780238849044768e+00   1.2372019179515128e+00   4.7460414702979037e-01   7.0938949403986484e-02
   2.2944712737981909e+00   3.0635557597268281e+00   2.0780606609703032e+00   1.2371177561930899e+00   4.7460414702979037e-01   7.1183090028986484e-02
   2.2943880657140845e+00   3.0635557597268281e+00   2.0818080645919768e+00   1.2372019179515128e+00   4.7460414702979037e-01   7.0938949403986484e-02
   2.2943745950643653e+00   3.0635557597268281e+00   2.0780238849044768e+00   1.2374544032267814e+00   4.7460414702979037e-01   7.1429018793329746e-02
   2.2943745950643653e+00   3.0635557597268281e+00   2.0780238849044768e+00   1.2372019179515128e+00   4.7460414702979037e-01   7.1499709902033359e-02
   2.2944966653768653e+00   3.0635557597268281e+00   2.0780238849044768e+00   1.2371900864295249e+00   4.7461976344672152e-01   7.1183090028986484e-02
   2.2944394449178809e+00   3.0635557597268281e+00   2.0780238849044768e+00   1.2372019179515128e+00   4.7474564845648715e-01   7.1183090028986484e-02
   2.2944966653768653e+00   3.0635557597268281e+00   2.0780238849044768e+00   1.2372019179515128e+00   4.7460414702979037e-01   7.1183090028986484e-02
   2.2943880657140845e+00   3.0635557597268281e+00   2.0780238849044768e+00   1.2372019179515128e+00   4.7460414702979037e-01   7.1183090028986484e-02
   2.2943745950643653e+00   3.0635557597268281e+00   2.0780238849044768e+00   1.2372019179515128e+00   4.7460414702979037e-01   7.1183090028986484e-02
   2.2943745950643653e+00   3.0635557597268281e+00   2.0780238849044768e+00   1.2411081679515128e+00   4.7587062652197787e-01   7.1183090028986484e-02
   2.2911893228475684e+00   3.0635557597268281e+00   2.0780238849044768e+00   1.2382442839793448e+00   4.7535182769385287e-01   7.1427230653986484e-02
   2.2943745950643653e+00   3.0635557597268281e+00   2.0780238849044768e+00   1.2370798476390128e+00   4.7460414702979037e-01   7.1183090028986484e-02
   2.2945321897451514e+00   3.0635557597268281e+00   2.0780238849044768e+00   1.2372019179515128e+00   4.7460414702979037e-01   7.1427230653986484e-02
   2.2944966653768653e+00   3.0635557597268281e+00   2.0780238849044768e+00   1.2372019179515128e+00   4.7460414702979037e-01   7.0938949403986484e-02
   2.2955771634761923e+00   3.0664091532815156e+00   2.0781459552169768e+00   1.2372019179515128e+00   4.7745754058447787e-01   7.1183090028986484e-02
   2.2944966653768653e+00   3.0635557597268281e+00   2.0780238849044768e+00   1.2371177561930899e+00   4.7460414702979037e-01   7.0938949403986484e-02
   2.2944966653768653e+00   3.0635557597268281e+00   2.0780238849044768e+00   1.2372019179515128e+00   4.7460414702979037e-01   7.1183090028986484e-02
   2.2943745950643653e+00   3.0644865458596406e+00   2.0780238849044768e+00   1.2370798476390128e+00   4.7611476714697787e-01   7.1183090028986484e-02
   2.2943745950643653e+00   3.0635557597268281e+00   2.0780238849044768e+00   1.2372019179515128e+00   4.7460414702979037e-01   6.7520980653986484e-02
   2.2943745950643653e+00   3.0635557597268281e+00   2.0780238849044768e+00   1.2372019179515128e+00   4.7460414702979037e-01   7.1183090028986484e-02
   2.2943745950643653e+00   3.0635557597268281e+00   2.0780238849044768e+00   1.2372019179515128e+00   4.7460414702979037e-01   7.1183090028986484e-02
   2.2943745950643653e+00   3.0635557597268281e+00   2.0780238849044768e+00   1.2372019179515128e+00   4.7460414702979037e-01   7.1427230653986484e-02
   2.2944966653768653e+00   3.0635557597268281e+00   2.0780238849044768e+00   1.2372019179515128e+00   4.7460414702979037e-01   7.1183090028986484e-02
   2.2944966653768653e+00   3.0635557597268281e+00   2.0780238849044768e+00   1.2372019179515128e+00   4.7460414702979037e-01   7.1183090028986484e-02
   2.2943745950643653e+00   3.0635557597268281e+00   2.0780606609703032e+00   1.2372019179515128e+00   4.7460414702979037e-01   7.0938949403986484e-02
   2.2944966653768653e+00   3.0635557597268281e+00   2.0780238849044768e+00   1.2371900864295249e+00   4.7460414702979037e-01   7.1427230653986484e-02
   2.2943745950643653e+00   3.0635557597268281e+00   2.0780238849044768e+00   1.2371900864295249e+00   4.7460414702979037e-01   7.1183090028986484e-02
   2.2944966653768653e+00   3.0635557597268281e+00   2.0780238849044768e+00   1.2371900864295249e+00   4.7460414702979037e-01   7.1183090028986484e-02
   2.2944394449178809e+00   3.0635557597268281e+00   2.0780238849044768e+00   1.2371900864295249e+00   4.7418143088904330e-01   7.1183090028986484e-02
   2.2984029153768653e+00   3.0642424052346406e+00   2.0780238849044768e+00   1.2383768447093253e+00   4.7466971213904330e-01   7.1183090028986484e-02
   2.2943745950643653e+00   3.0635557597268281e+00   2.0780238849044768e+00   1.2372019179515128e+00   4.7460414702979037e-01   7.1183090028986484e-02
   2.2963277200643653e+00   3.0635557597268281e+00   2.0780238849044768e+00   1.2372019179515128e+00   4.7460414702979037e-01   7.0938949403986484e-02
   2.2943745950643653e+00   3.0635557597268281e+00   2.0780238849044768e+00   1.2372019179515128e+00   4.7460414702979037e-01   7.1183090028986484e-02
   2.2944966653768653e+00   3.0635557597268281e+00   2.0780238849044768e+00   1.2372019179515128e+00   4.7460414702979037e-01   7.1183090028986484e-02
   2.2944966653768653e+00   3.0642118876565156e+00   2.0780238849044768e+00   1.2372019179515128e+00   4.7460414702979037e-01   7.1183090028986484e-02
   2.2943745950643653e+00   3.0635557597268281e+00   2.0780238849044768e+00   1.2382318862132315e+00   4.7460414702979037e-01   7.0938949403986484e-02
   2.2944966653768653e+00   3.0635557597268281e+00   2.0780238849044768e+00   1.2372019179515128e+00   4.7465019161787936e-01   7.1427230653986484e-02
   2.2944394449178809e+00   3.0635557597268281e+00   2.0780238849044768e+00   1.2372019179515128e+00   4.7460414702979037e-01   7.1183090028986484e-02
   2.2943745950643653e+00   3.0635557597268281e+00   2.0780238849044768e+00   1.2372019179515128e+00   4.7460414702979037e-01   7.1183090028986484e-02
   2.2946556905691260e+00   3.0635557597268281e+00   2.0780238849044768e+00   1.2372970469645743e+00   4.7461976344672152e-01   7.1427230653986484e-02
   2.2953091958944434e+00   3.0635557597268281e+00   2.0780238849044768e+00   1.2372019179515128e+00   4.7508837516394564e-01   7.1759109316095859e-02
   2.2944394449178809e+00   3.0635557597268281e+00   2.0780238849044768e+00   1.2372019179515128e+00   4.7460414702979037e-01   7.0938949403986484e-02
   2.2943745950643653e+00   3.0635557597268281e+00   2.0780238849044768e+00   1.2372019179515128e+00   4.7460414702979037e-01   7.0938949403986484e-02
   2.2943745950643653e+00   3.0635557597268281e+00   2.0780238849044768e+00   1.2372019179515128e+00   4.7460414702979037e-01   7.0938949403986484e-02
   2.2943745950643653e+00   3.0635557597268281e+00   2.0780238849044768e+00   1.2370798476390128e+00   4.7367461259451815e-01   7.2271232424006016e-02
   2.2944966653768653e+00   3.0635557597268281e+00   2.0780238849044768e+00   1.2372019179515128e+00   4.7460414702979037e-01   7.1183090028986484e-02
   2.2944712737981909e+00   3.0635557597268281e+00   2.0780238849044768e+00   1.2372019179515128e+00   4.7460414702979037e-01   7.0938949403986484e-02
   2.2944712737981909e+00   3.0635557597268281e+00   2.0780238849044768e+00   1.2372019179515128e+00   4.7460414702979037e-01   7.1183090028986484e-02
   2.2866841653768653e+00   3.0702085917580781e+00   2.0808315020919768e+00   1.2389719374827628e+00   4.7796108062354037e-01   7.2037582216486484e-02
   2.3012105325643653e+00   3.0713682597268281e+00   2.0858363849044768e+00   1.2420728989295249e+00   4.8046352202979037e-01   7.3441390810236484e-02
   2.3021870950643653e+00   3.0711851542580781e+00   2.0780849200607268e+00   1.2373239882640128e+00   4.7844936187354037e-01   7.6249007997736484e-02
   2.2968905071203345e+00   3.0636778300393281e+00   2.0826015216232268e+00   1.2450144179515128e+00   4.7912074859229037e-01   7.7591781435236484e-02
   2.2943745950643653e+00   3.0635557597268281e+00   2.0780238849044768e+00   1.2372019179515128e+00   4.6679164702979037e-01   7.1183090028986484e-02
   2.2946797708456153e+00   3.0635557597268281e+00   2.0780238849044768e+00   1.2372019179515128e+00   4.6679164702979037e-01   7.3929672060236484e-02
   2.2943745950643653e+00   3.0635557597268281e+00   2.0780238849044768e+00   1.2372019179515128e+00   4.7461976344672152e-01   7.8995590028986484e-02
   2.2943880657140845e+00   3.0685606425393281e+00   2.0832729083419768e+00   1.2450144179515128e+00   4.7478725249854037e-01   7.0938949403986484e-02
   2.3008443216268653e+00   3.0713682597268281e+00   2.0780238849044768e+00   1.2372019179515128e+00   4.7461976344672152e-01   7.7591781435236484e-02
   2.2943745950643653e+00   3.0694761698830781e+00   2.0858363849044768e+00   1.2399484999827628e+00   4.7887660796729037e-01   7.0938949403986484e-02
   2.3023091653768653e+00   3.0661802714455781e+00   2.0780238849044768e+00   1.2440260239295249e+00   4.7460414702979037e-01   7.1183090028986484e-02
   2.3020650247518653e+00   3.0650816386330781e+00   2.0780238849044768e+00   1.2448923476390128e+00   4.7460414702979037e-01   7.0938949403986484e-02
   2.2943745950643653e+00   3.0635557597268281e+00   2.0858363849044768e+00   1.2293894179515128e+00   4.7460414702979037e-01   7.1427230653986484e-02
   2.3002950052206153e+00   3.0635557597268281e+00   2.0818690997482268e+00   1.2293894179515128e+00   4.7460414702979037e-01   7.1608667192682773e-02
   2.2944966653768653e+00   3.0635557597268281e+00   2.0780238849044768e+00   1.2293894179515128e+00   4.7460414702979037e-01   7.1183090028986484e-02
   2.2960225442831153e+00   3.0690489237893281e+00   2.0818690997482268e+00   1.2372511215857749e+00   4.7460414702979037e-01   7.8995590028986484e-02
   2.2943745950643653e+00   3.0635557597268281e+00   2.0794276934982268e+00   1.2372019179515128e+00   4.7680141265479037e-01   6.3126449403986484e-02
   2.2982808450643653e+00   3.0713682597268281e+00   2.0780238849044768e+00   1.2372019179515128e+00   4.7460414702979037e-01   7.1183090028986484e-02
   2.2943745950643653e+00   3.0635989134896455e+00   2.0702113849044768e+00   1.2372019179515128e+00   4.8107387359229037e-01   7.2831039247736484e-02
   2.2971211770956153e+00   3.0557432597268281e+00   2.0780238849044768e+00   1.2370798476390128e+00   4.7460414702979037e-01   7.0938949403986484e-02
   2.3014546731893653e+00   3.0713682597268281e+00   2.0843715411544768e+00   1.2386667617015128e+00   4.8241664702979037e-01   7.4356918153986484e-02
   2.2872639993612403e+00   3.0665312235940156e+00   2.0852017742515532e+00   1.2332115061930899e+00   4.7460414702979037e-01   7.4631576357111484e-02
   2.3000508645956153e+00   3.0693540995705781e+00   2.0858363849044768e+00   1.2438547499827628e+00   4.7765590484229037e-01   7.4417953310236484e-02
   2.2988301614706153e+00   3.0700254862893281e+00   2.0780238849044768e+00   1.2293894179515128e+00   4.7796108062354037e-01   7.1183090028986484e-02
   2.2944966653768653e+00   3.0685606425393281e+00   2.0840053302169768e+00   1.2372019179515128e+00   4.6680726344672152e-01   7.2037582216486484e-02
   2.2972432474081153e+00   3.0713682597268281e+00   2.0818080645919768e+00   1.2396433242015128e+00   4.7911961610403964e-01   7.5945620355829746e-02
   2.2954121927206153e+00   3.0665464823830781e+00   2.0818690997482268e+00   1.2293894179515128e+00   4.7918178374854037e-01   7.1183090028986484e-02
   2.2974873880331153e+00   3.0713682597268281e+00   2.0781459552169768e+00   1.2370798476390128e+00   4.7460414702979037e-01   7.4295882997736484e-02
   2.2964497903768653e+00   3.0642881816018281e+00   2.0790004474044768e+00   1.2293894179515128e+00   4.7460414702979037e-01   7.8568343935236484e-02
   2.2943745950643653e+00   3.0635557597268281e+00   2.0702113849044768e+00   1.2372019179515128e+00   4.7460414702979037e-01   7.5272445497736484e-02
   2.2865620950643653e+00   3.0641661112893281e+00   2.0849332553268400e+00   1.2444040663890128e+00   4.7482969100562045e-01   7.6493148622736484e-02
   2.3007357219640845e+00   3.0648374980080781e+00   2.0838222247482268e+00   1.2293894179515128e+00   4.7460414702979037e-01   7.6004867372736484e-02
   2.2872334817831153e+00   3.0713797038186250e+00   2.0815067035079924e+00   1.2447092421702628e+00   4.7658778960791537e-01   7.2651748476252109e-02
   2.2949239114706153e+00   3.0686827128518281e+00   2.0858363849044768e+00   1.2447702773265128e+00   4.7460414702979037e-01   7.3014144716486484e-02
   2.2944966653768653e+00   3.0635557597268281e+00   2.0858363849044768e+00   1.2371900864295249e+00   4.7460414702979037e-01   7.1183090028986484e-02
   2.3052541116659278e+00   3.0642424052346406e+00   2.0846156817794768e+00   1.2407114394358878e+00   4.8436977202979037e-01   8.1070785341486484e-02
   2.2950459817831153e+00   3.0640440409768281e+00   2.0841274005294768e+00   1.2472727187327628e+00   4.7696925933447787e-01   7.5577621278986484e-02
   2.2943745950643653e+00   3.0596495097268281e+00   2.0808315020919768e+00   1.2303964980296378e+00   4.7782375152197787e-01   7.1900253114923984e-02
   2.2956563333456153e+00   3.0643492167580781e+00   2.0702113849044768e+00   1.2401197739295249e+00   4.8113490874854037e-01   7.1183090028986484e-02
   2.2944966653768653e+00   3.0713682597268281e+00   2.0780238849044768e+00   1.2372019179515128e+00   4.7460414702979037e-01   7.5394515810236484e-02
   2.2944966653768653e+00   3.0635557597268281e+00   2.0780238849044768e+00   1.2372019179515128e+00   4.7460414702979037e-01   6.3370590028986484e-02
   2.2943745950643653e+00   3.0635557597268281e+00   2.0780238849044768e+00   1.2372019179515128e+00   4.7460414702979037e-01   7.9312209902033359e-02
