   2.2942086557333106e+00   3.0645323222268281e+00   2.0769223910690275e+00   1.2370798476390128e+00   4.7558070952979037e-01   7.1427230653986484e-02
   2.2942086557333106e+00   3.0645323222268281e+00   2.0769223910690275e+00   1.2370798476390128e+00   4.7558070952979037e-01   7.1427230653986484e-02
   2.2942086557333106e+00   3.0645323222268281e+00   2.0769223910690275e+00   1.2370798476390128e+00   4.7558070952979037e-01   7.1427230653986484e-02
   2.2942086557333106e+00   3.0645323222268281e+00   2.0769223910690275e+00   1.2370798476390128e+00   4.7558070952979037e-01   7.1427230653986484e-02
   2.2942086557333106e+00   3.0645323222268281e+00   2.0769223910690275e+00   1.2370798476390128e+00   4.7558070952979037e-01   7.1427230653986484e-02
   2.2942086557333106e+00   3.0645323222268281e+00   2.0769223910690275e+00   1.2370798476390128e+00   4.7558070952979037e-01   7.1427230653986484e-02
   2.2942086557333106e+00   3.0645323222268281e+00   2.0769223910690275e+00   1.2370798476390128e+00   4.7558070952979037e-01   7.1427230653986484e-02
   2.2942086557333106e+00   3.0645323222268281e+00   2.0769223910690275e+00   1.2370798476390128e+00   4.7558070952979037e-01   7.1427230653986484e-02
   2.2942086557333106e+00   3.0645323222268281e+00   2.0769223910690275e+00   1.2370798476390128e+00   4.7558070952979037e-01   7.1427230653986484e-02
   2.2942086557333106e+00   3.0645323222268281e+00   2.0769223910690275e+00   1.2370798476390128e+00   4.7558070952979037e-01   7.1427230653986484e-02
   2.2942086557333106e+00   3.0645323222268281e+00   2.0769223910690275e+00   1.2370798476390128e+00   4.7558070952979037e-01   7.1427230653986484e-02
   2.3008004526083106e+00   3.0645323222268281e+00   2.1081723910690275e+00   1.3011057265452628e+00   4.7558070952979037e-01   7.1427230653986484e-02
   2.2942086557333106e+00   3.0645323222268281e+00   2.0776548129440275e+00   1.2370798476390128e+00   4.6776820952979037e-01   7.1427230653986484e-02
   2.2942086557333106e+00   3.0645323222268281e+00   2.0769223910690275e+00   1.2370798476390128e+00   4.7558070952979037e-01   7.1427230653986484e-02
   2.2942086557333106e+00   3.0645323222268281e+00   2.0925473910690275e+00   1.2370798476390128e+00   4.7558070952979037e-01   7.1427230653986484e-02
   2.2942086557333106e+00   3.0645323222268281e+00   2.0769223910690275e+00   1.2292673476390128e+00   4.7558070952979037e-01   7.2770004091486484e-02
   2.2929879526083106e+00   3.0645323222268281e+00   2.0769223910690275e+00   1.2370798476390128e+00   5.5370570952979037e-01   7.1427230653986484e-02
   2.3011666635458106e+00   3.0645323222268281e+00   2.0847348910690275e+00   1.2370798476390128e+00   4.7558070952979037e-01   7.4845199403986484e-02
   2.2942086557333106e+00   3.0645323222268281e+00   2.0769223910690275e+00   1.2370798476390128e+00   4.7558070952979037e-01   7.1427230653986484e-02
   2.2942086557333106e+00   3.0645323222268281e+00   2.0769223910690275e+00   1.2370798476390128e+00   4.7558070952979037e-01   7.1427230653986484e-02
   2.2942086557333106e+00   3.0645323222268281e+00   2.0769223910690275e+00   1.2386057265452628e+00   4.7558070952979037e-01   7.1427230653986484e-02
   2.2942086557333106e+00   3.0645323222268281e+00   2.0769223910690275e+00   1.2370798476390128e+00   4.7558070952979037e-01   7.1427230653986484e-02
   2.2942086557333106e+00   3.0645323222268281e+00   2.0769223910690275e+00   1.2386057265452628e+00   4.7558070952979037e-01   7.1427230653986484e-02
   2.2942086557333106e+00   3.0645323222268281e+00   2.0769223910690275e+00   1.2370798476390128e+00   4.7558070952979037e-01   7.1427230653986484e-02
   2.2942086557333106e+00   3.0661802714455781e+00   2.0769223910690275e+00   1.2448923476390128e+00   4.7558070952979037e-01   7.1427230653986484e-02
   2.2942086557333106e+00   3.0567198222268281e+00   2.0769223910690275e+00   1.2370798476390128e+00   4.7558070952979037e-01   7.1427230653986484e-02
   2.3020211557333106e+00   3.0645323222268281e+00   2.0769223910690275e+00   1.2370798476390128e+00   4.7558070952979037e-01   7.1427230653986484e-02
   2.3004952768270606e+00   3.0645323222268281e+00   2.0769223910690275e+00   1.2370798476390128e+00   4.6776820952979037e-01   7.8934554872736484e-02
   2.2942086557333106e+00   3.0567198222268281e+00   2.0144223910690275e+00   1.2370798476390128e+00   4.7558070952979037e-01   7.1427230653986484e-02
   2.3567086557333106e+00   3.0645323222268281e+00   2.0769223910690275e+00   1.2370798476390128e+00   4.7558070952979037e-01   7.1427230653986484e-02
   2.2942086557333106e+00   3.0645323222268281e+00   2.0769223910690275e+00   1.2370798476390128e+00   4.7558070952979037e-01   7.1427230653986484e-02
   2.2942086557333106e+00   3.0645323222268281e+00   2.0769223910690275e+00   1.2370798476390128e+00   4.7558070952979037e-01   7.1427230653986484e-02
   2.2942086557333106e+00   3.0645323222268281e+00   2.0769223910690275e+00   1.2370798476390128e+00   4.7558070952979037e-01   7.1427230653986484e-02
   2.2942086557333106e+00   3.0645323222268281e+00   2.0769223910690275e+00   1.2370798476390128e+00   4.7558070952979037e-01   7.1427230653986484e-02
   2.2942086557333106e+00   3.0645323222268281e+00   2.0769223910690275e+00   1.2370798476390128e+00   4.7558070952979037e-01   7.1427230653986484e-02
   2.2942086557333106e+00   3.0645323222268281e+00   2.0769223910690275e+00   1.2370798476390128e+00   4.7558070952979037e-01   7.1427230653986484e-02
   2.2942086557333106e+00   3.0645323222268281e+00   2.0769223910690275e+00   1.2370798476390128e+00   4.8241664702979037e-01   7.1427230653986484e-02
   2.2935067514364356e+00   3.0645323222268281e+00   2.0769223910690275e+00   1.2370798476390128e+00   4.8339320952979037e-01   7.2464828310236484e-02
   2.3101083139364356e+00   3.0674620097268281e+00   2.0769223910690275e+00   1.4221994765452628e+00   4.7558070952979037e-01   9.4315414247736484e-02
   2.2942086557333106e+00   3.0645323222268281e+00   2.0785093051315275e+00   1.2292673476390128e+00   4.7558070952979037e-01   7.1427230653986484e-02
   2.2942086557333106e+00   3.0645323222268281e+00   2.0769223910690275e+00   1.2370798476390128e+00   4.7558070952979037e-01   7.1427230653986484e-02
   2.3322945932333106e+00   3.0645323222268281e+00   2.0769223910690275e+00   1.2370798476390128e+00   4.7558070952979037e-01   7.1427230653986484e-02
   2.2942086557333106e+00   3.0645323222268281e+00   2.0769223910690275e+00   1.2370798476390128e+00   4.7558070952979037e-01   7.1427230653986484e-02
   2.2942086557333106e+00   3.0645323222268281e+00   2.0769223910690275e+00   1.2346994765452628e+00   4.7558070952979037e-01   7.1427230653986484e-02
   2.2942086557333106e+00   3.0645323222268281e+00   2.1042661410690275e+00   1.2370798476390128e+00   4.7558070952979037e-01   7.1427230653986484e-02
   2.2942086557333106e+00   3.0645323222268281e+00   2.0769223910690275e+00   1.2370798476390128e+00   4.7558070952979037e-01   7.1427230653986484e-02
   2.2942086557333106e+00   3.0645323222268281e+00   2.0769223910690275e+00   1.2370798476390128e+00   4.7558070952979037e-01   7.1427230653986484e-02
   2.2935067514364356e+00   3.1035948222268281e+00   2.0861997348190275e+00   1.2370798476390128e+00   4.7558070952979037e-01   5.5802230653986484e-02
   2.2942086557333106e+00   3.0645323222268281e+00   2.0769223910690275e+00   1.2370798476390128e+00   4.7558070952979037e-01   7.1427230653986484e-02
   2.2929879526083106e+00   3.0645323222268281e+00   2.0769223910690275e+00   1.2370798476390128e+00   4.7558070952979037e-01   7.1427230653986484e-02
   2.2942086557333106e+00   3.0645323222268281e+00   2.0769223910690275e+00   1.2370798476390128e+00   4.7558070952979037e-01   7.1427230653986484e-02
   2.2942086557333106e+00   3.0645323222268281e+00   2.0769223910690275e+00   1.2370798476390128e+00   4.7558070952979037e-01   7.1427230653986484e-02
   2.2942086557333106e+00   3.0645323222268281e+00   2.0769223910690275e+00   1.2370798476390128e+00   4.7558070952979037e-01   7.1427230653986484e-02
   2.2942086557333106e+00   3.0645323222268281e+00   2.0769223910690275e+00   1.2370798476390128e+00   4.7558070952979037e-01   7.1427230653986484e-02
   2.2942086557333106e+00   3.0645323222268281e+00   2.0769223910690275e+00   1.2370798476390128e+00   4.7558070952979037e-01   7.1427230653986484e-02
   2.2942086557333106e+00   3.0645323222268281e+00   2.0769223910690275e+00   1.2370798476390128e+00   4.7558070952979037e-01   7.1427230653986484e-02
   2.2942086557333106e+00   3.0645323222268281e+00   2.0769223910690275e+00   1.2370798476390128e+00   4.7558070952979037e-01   7.1427230653986484e-02
   2.2942086557333106e+00   3.0645323222268281e+00   2.0769223910690275e+00   1.2409860976390128e+00   4.7558070952979037e-01   7.1427230653986484e-02
   2.2942086557333106e+00   3.0645323222268281e+00   2.0769223910690275e+00   1.2370798476390128e+00   4.7558070952979037e-01   7.1427230653986484e-02
   2.2942086557333106e+00   3.1006651347268281e+00   2.0769223910690275e+00   1.2370798476390128e+00   5.0719692046729037e-01   1.0597312909148648e-01
   2.2942086557333106e+00   3.0645323222268281e+00   2.0769223910690275e+00   1.2490427382640128e+00   4.9120570952979037e-01   7.1427230653986484e-02
   2.2942086557333106e+00   3.0645323222268281e+00   2.0769223910690275e+00   1.2370798476390128e+00   4.7558070952979037e-01   7.1427230653986484e-02
   2.2863961557333106e+00   3.0645323222268281e+00   2.0769223910690275e+00   1.2370798476390128e+00   4.7558070952979037e-01   7.1427230653986484e-02
   2.2942086557333106e+00   3.0645323222268281e+00   2.0769223910690275e+00   1.2292673476390128e+00   4.7558070952979037e-01   7.1427230653986484e-02
   2.2942086557333106e+00   3.0645323222268281e+00   2.0769223910690275e+00   1.2370798476390128e+00   4.7558070952979037e-01   7.1427230653986484e-02
   2.2942086557333106e+00   3.0645323222268281e+00   2.0769223910690275e+00   1.2370798476390128e+00   4.7558070952979037e-01   7.1427230653986484e-02
   2.2942086557333106e+00   3.0332823222268281e+00   2.0769223910690275e+00   1.2370798476390128e+00   4.7558070952979037e-01   7.1427230653986484e-02
   2.2942086557333106e+00   3.0645323222268281e+00   2.0769223910690275e+00   1.2370798476390128e+00   4.7991420562354037e-01   7.6249007997736484e-02
   2.2942086557333106e+00   3.0645323222268281e+00   2.0769223910690275e+00   1.2214548476390128e+00   4.7558070952979037e-01   7.1427230653986484e-02
   2.2942086557333106e+00   3.0645323222268281e+00   2.0769223910690275e+00   1.2370798476390128e+00   4.7558070952979037e-01   7.1427230653986484e-02
   2.2942086557333106e+00   3.0645323222268281e+00   2.0769223910690275e+00   1.2370798476390128e+00   4.7558070952979037e-01   7.1427230653986484e-02
   2.2942086557333106e+00   3.0645323222268281e+00   2.0769223910690275e+00   1.2370798476390128e+00   4.7558070952979037e-01   7.1427230653986484e-02
   2.2942086557333106e+00   3.0645323222268281e+00   2.0769223910690275e+00   1.2370798476390128e+00   4.7558070952979037e-01   7.1427230653986484e-02
   2.2942086557333106e+00   3.0645323222268281e+00   2.0769223910690275e+00   1.2370798476390128e+00   4.7558070952979037e-01   7.1427230653986484e-02
   2.2942086557333106e+00   3.0645323222268281e+00   2.0769223910690275e+00   1.2370798476390128e+00   4.7558070952979037e-01   7.1427230653986484e-02
   2.2942086557333106e+00   3.0645323222268281e+00   2.0769223910690275e+00   1.2370798476390128e+00   4.7558070952979037e-01   7.1427230653986484e-02
   2.2942086557333106e+00   3.0645323222268281e+00   2.0776548129440275e+00   1.2370798476390128e+00   4.6776820952979037e-01   7.1427230653986484e-02
   2.2942086557333106e+00   3.0645323222268281e+00   2.0769223910690275e+00   1.2370798476390128e+00   4.7558070952979037e-01   7.1427230653986484e-02
   2.2942086557333106e+00   3.0645323222268281e+00   2.0769223910690275e+00   1.2386057265452628e+00   4.7558070952979037e-01   7.1427230653986484e-02
   2.2942086557333106e+00   3.0645323222268281e+00   2.0769223910690275e+00   1.2370798476390128e+00   4.7558070952979037e-01   7.1427230653986484e-02
   2.2942086557333106e+00   3.0645323222268281e+00   2.0769223910690275e+00   1.2370798476390128e+00   4.7558070952979037e-01   7.1427230653986484e-02
   2.2942086557333106e+00   3.0645323222268281e+00   2.0769223910690275e+00   1.2370798476390128e+00   4.7558070952979037e-01   7.1427230653986484e-02
   2.2942086557333106e+00   3.0645323222268281e+00   2.0769223910690275e+00   1.2370798476390128e+00   4.7558070952979037e-01   7.1427230653986484e-02
   2.2942086557333106e+00   3.0645323222268281e+00   2.0769223910690275e+00   1.2454416640452628e+00   4.8485805327979037e-01   7.1427230653986484e-02
   2.2942086557333106e+00   3.0645323222268281e+00   2.0769223910690275e+00   1.2370798476390128e+00   4.7558070952979037e-01   7.1427230653986484e-02
   2.2942086557333106e+00   3.0645323222268281e+00   2.0769223910690275e+00   1.2370798476390128e+00   4.7558070952979037e-01   7.1427230653986484e-02
   2.2942086557333106e+00   3.0645323222268281e+00   2.0769223910690275e+00   1.2370798476390128e+00   4.7558070952979037e-01   7.1427230653986484e-02
   2.2942086557333106e+00   3.0645323222268281e+00   2.0769223910690275e+00   1.2370798476390128e+00   4.7558070952979037e-01   7.1427230653986484e-02
   2.2942086557333106e+00   3.0645323222268281e+00   2.0769223910690275e+00   1.2370798476390128e+00   4.7558070952979037e-01   7.1427230653986484e-02
   2.3020211557333106e+00   3.0645323222268281e+00   2.0769223910690275e+00   1.2514841445140128e+00   4.7558070952979037e-01   7.1427230653986484e-02
   2.2965890268270606e+00   3.0645323222268281e+00   2.0769223910690275e+00   1.2370798476390128e+00   4.7558070952979037e-01   7.1427230653986484e-02
   2.2942086557333106e+00   3.0645323222268281e+00   2.0769223910690275e+00   1.2370798476390128e+00   4.7558070952979037e-01   7.1427230653986484e-02
   2.2942086557333106e+00   3.0645323222268281e+00   2.0769223910690275e+00   1.2370798476390128e+00   4.7558070952979037e-01   7.1427230653986484e-02
   2.2942086557333106e+00   3.0645323222268281e+00   2.0769223910690275e+00   1.2370798476390128e+00   4.7558070952979037e-01   7.1427230653986484e-02
   2.2942086557333106e+00   3.0645323222268281e+00   2.0769223910690275e+00   1.2370798476390128e+00   4.8559047515479037e-01   7.1427230653986484e-02
   2.2942086557333106e+00   3.0645323222268281e+00   2.0769223910690275e+00   1.2370798476390128e+00   4.7558070952979037e-01   7.1427230653986484e-02
   2.2942086557333106e+00   3.3145323222268281e+00   2.0833921176315275e+00   1.2448923476390128e+00   4.7558070952979037e-01   7.1427230653986484e-02
   2.2942086557333106e+00   3.0645323222268281e+00   2.0769223910690275e+00   1.2370798476390128e+00   4.7558070952979037e-01   7.1427230653986484e-02
   2.2942086557333106e+00   3.0645323222268281e+00   2.0769223910690275e+00   1.2370798476390128e+00   4.7558070952979037e-01   5.5802230653986484e-02
   2.2942086557333106e+00   3.0645323222268281e+00   2.0769223910690275e+00   1.2754709609202628e+00   4.8144008452979037e-01   7.1427230653986484e-02
   2.2942086557333106e+00   3.0645323222268281e+00   2.0793027621627775e+00   1.2370798476390128e+00   4.7558070952979037e-01   9.2362289247736484e-02
   2.2942086557333106e+00   3.0645323222268281e+00   2.0769223910690275e+00   1.2370798476390128e+00   4.7558070952979037e-01   7.1427230653986484e-02
   2.2942086557333106e+00   3.0645323222268281e+00   2.0769223910690275e+00   1.2370798476390128e+00   4.7558070952979037e-01   7.1427230653986484e-02
   2.2942086557333106e+00   3.0645323222268281e+00   2.0769223910690275e+00   1.2370798476390128e+00   4.7558070952979037e-01   7.1427230653986484e-02
   2.2942086557333106e+00   3.0645323222268281e+00   2.0769223910690275e+00   1.2370798476390128e+00   4.7558070952979037e-01   7.1427230653986484e-02
   2.2942086557333106e+00   3.0801573222268281e+00   2.0769223910690275e+00   1.2370798476390128e+00   4.7558070952979037e-01   7.1427230653986484e-02
   2.2942086557333106e+00   3.0645323222268281e+00   2.0769223910690275e+00   1.2370798476390128e+00   4.7558070952979037e-01   7.1427230653986484e-02
   2.2942086557333106e+00   3.0645323222268281e+00   2.0769223910690275e+00   1.2370798476390128e+00   4.7558070952979037e-01   7.1427230653986484e-02
   2.2942086557333106e+00   3.0645323222268281e+00   2.0769223910690275e+00   1.2370798476390128e+00   4.7558070952979037e-01   7.1427230653986484e-02
   2.2942086557333106e+00   3.0645323222268281e+00   2.0769223910690275e+00   1.2370798476390128e+00   4.7558070952979037e-01   7.1427230653986484e-02
   2.2942086557333106e+00   3.0645323222268281e+00   2.0819272738815275e+00   1.2398264296702628e+00   4.8339320952979037e-01   7.2098617372736484e-02
   2.2942086557333106e+00   3.0645323222268281e+00   2.0769223910690275e+00   1.2370798476390128e+00   4.7558070952979037e-01   7.1427230653986484e-02
   2.2942086557333106e+00   3.0645323222268281e+00   2.0769223910690275e+00   1.2370798476390128e+00   4.7558070952979037e-01   7.1427230653986484e-02
   2.2942086557333106e+00   3.0645323222268281e+00   2.0769223910690275e+00   1.2370798476390128e+00   4.7558070952979037e-01   7.1427230653986484e-02
   2.2942086557333106e+00   3.0645323222268281e+00   2.0769223910690275e+00   1.2370798476390128e+00   4.7558070952979037e-01   7.1427230653986484e-02
   2.2942086557333106e+00   3.0645323222268281e+00   2.0769223910690275e+00   1.1902048476390128e+00   4.7558070952979037e-01   9.2911605653986484e-02
   2.2942086557333106e+00   3.0645323222268281e+00   2.0769223910690275e+00   1.2370798476390128e+00   4.7558070952979037e-01   7.1427230653986484e-02
   2.2942086557333106e+00   3.0645323222268281e+00   2.0769223910690275e+00   1.2370798476390128e+00   4.7558070952979037e-01   7.1427230653986484e-02
   2.2942086557333106e+00   3.0742979472268281e+00   2.0769223910690275e+00   1.2370798476390128e+00   4.8266078765479037e-01   7.1427230653986484e-02
   2.3020211557333106e+00   3.0645323222268281e+00   2.0769223910690275e+00   1.2370798476390128e+00   4.7558070952979037e-01   7.1427230653986484e-02
   2.2942086557333106e+00   3.0645323222268281e+00   2.0769223910690275e+00   1.2370798476390128e+00   4.7558070952979037e-01   7.1427230653986484e-02
   2.2942086557333106e+00   3.0645323222268281e+00   2.0769223910690275e+00   1.2370798476390128e+00   4.7558070952979037e-01   7.1427230653986484e-02
   2.2942086557333106e+00   3.0645323222268281e+00   2.0769223910690275e+00   1.2370798476390128e+00   4.7558070952979037e-01   7.1427230653986484e-02
   2.2942086557333106e+00   3.0719175761330781e+00   2.0769223910690275e+00   1.2370798476390128e+00   4.7558070952979037e-01   7.1427230653986484e-02
   2.2942086557333106e+00   3.0645323222268281e+00   2.0769223910690275e+00   1.2370798476390128e+00   4.7558070952979037e-01   7.1427230653986484e-02
   2.2942086557333106e+00   3.0645323222268281e+00   2.0769223910690275e+00   1.2370798476390128e+00   4.7558070952979037e-01   7.1427230653986484e-02
   2.2942086557333106e+00   3.0645323222268281e+00   2.0769223910690275e+00   1.2527048476390128e+00   4.7558070952979037e-01   7.1427230653986484e-02
   2.2942086557333106e+00   3.0645323222268281e+00   2.0769223910690275e+00   1.2370798476390128e+00   4.7558070952979037e-01   7.1427230653986484e-02
   2.2942086557333106e+00   3.0645323222268281e+00   2.0769223910690275e+00   1.2370798476390128e+00   4.7558070952979037e-01   7.1427230653986484e-02
   2.2942086557333106e+00   3.0645323222268281e+00   2.0769223910690275e+00   1.2370798476390128e+00   4.7558070952979037e-01   7.1427230653986484e-02
   2.2942086557333106e+00   3.0957823222268281e+00   2.0769223910690275e+00   1.2370798476390128e+00   4.7558070952979037e-01   7.1427230653986484e-02
   2.2942086557333106e+00   3.0645323222268281e+00   2.0769223910690275e+00   1.2370798476390128e+00   4.7558070952979037e-01   7.1427230653986484e-02
   2.2942086557333106e+00   3.0645323222268281e+00   2.0769223910690275e+00   1.2370798476390128e+00   4.7558070952979037e-01   7.1427230653986484e-02
   2.2942086557333106e+00   3.0645323222268281e+00   2.0769223910690275e+00   1.2370798476390128e+00   4.7558070952979037e-01   7.1427230653986484e-02
   2.2942086557333106e+00   3.0666075175393281e+00   2.0774106723190275e+00   1.2370798476390128e+00   4.7558070952979037e-01   6.3614730653986484e-02
   2.3073922494833106e+00   3.0703916972268281e+00   2.0915708285690275e+00   1.2214548476390128e+00   4.7558070952979037e-01   7.1427230653986484e-02
   2.2942086557333106e+00   3.0645323222268281e+00   2.0769223910690275e+00   1.2419626601390128e+00   4.7558070952979037e-01   7.1427230653986484e-02
   2.2942086557333106e+00   3.0645323222268281e+00   2.0769223910690275e+00   1.2370798476390128e+00   4.7558070952979037e-01   7.1427230653986484e-02
   2.2942086557333106e+00   3.0645323222268281e+00   2.0769223910690275e+00   1.2370798476390128e+00   4.7558070952979037e-01   7.1427230653986484e-02
   2.2942086557333106e+00   3.0645323222268281e+00   2.0769223910690275e+00   1.2386057265452628e+00   4.7558070952979037e-01   7.1427230653986484e-02
   2.2942086557333106e+00   3.0645323222268281e+00   2.0769223910690275e+00   1.2370798476390128e+00   4.7558070952979037e-01   7.1427230653986484e-02
   2.2942086557333106e+00   3.0645323222268281e+00   2.0769223910690275e+00   1.2370798476390128e+00   4.7558070952979037e-01   7.1427230653986484e-02
   2.2942086557333106e+00   3.0645323222268281e+00   2.0769223910690275e+00   1.2370798476390128e+00   4.7558070952979037e-01   7.1427230653986484e-02
   2.2951852182333106e+00   3.0645323222268281e+00   2.0769223910690275e+00   1.2412302382640128e+00   4.8632289702979037e-01   7.1427230653986484e-02
   2.2942086557333106e+00   3.0645323222268281e+00   2.0769223910690275e+00   1.2370798476390128e+00   4.7558070952979037e-01   7.1427230653986484e-02
   2.2942086557333106e+00   3.0703916972268281e+00   2.0769223910690275e+00   1.2370798476390128e+00   4.8998500640479037e-01   7.1427230653986484e-02
   2.2942086557333106e+00   3.0645323222268281e+00   2.0769223910690275e+00   1.2370798476390128e+00   4.7558070952979037e-01   7.1427230653986484e-02
   2.2942086557333106e+00   3.0645323222268281e+00   2.0769223910690275e+00   1.2370798476390128e+00   4.7558070952979037e-01   7.1427230653986484e-02
   2.2942086557333106e+00   3.0645323222268281e+00   2.0769223910690275e+00   1.2370798476390128e+00   4.7558070952979037e-01   7.1427230653986484e-02
   2.2942086557333106e+00   3.0645323222268281e+00   2.0769223910690275e+00   1.2370798476390128e+00   4.7558070952979037e-01   7.1427230653986484e-02
   2.2942086557333106e+00   3.0645323222268281e+00   2.0769223910690275e+00   1.2370798476390128e+00   4.7558070952979037e-01   7.1427230653986484e-02
   2.2942086557333106e+00   3.0645323222268281e+00   2.0769223910690275e+00   1.2370798476390128e+00   4.7558070952979037e-01   7.5333480653986484e-02
   2.2942086557333106e+00   3.0645323222268281e+00   2.0769223910690275e+00   1.2346994765452628e+00   4.7558070952979037e-01   7.1427230653986484e-02
   2.2942086557333106e+00   3.0645323222268281e+00   2.0769223910690275e+00   1.2370798476390128e+00   4.7558070952979037e-01   7.1427230653986484e-02
   2.2942086557333106e+00   3.0645323222268281e+00   2.0769223910690275e+00   1.2370798476390128e+00   4.7558070952979037e-01   7.1427230653986484e-02
   2.2942086557333106e+00   3.0645323222268281e+00   2.0769223910690275e+00   1.2370798476390128e+00   4.7558070952979037e-01   7.1427230653986484e-02
   2.3004952768270606e+00   3.0645323222268281e+00   2.0769223910690275e+00   1.2370798476390128e+00   4.7558070952979037e-01   7.1427230653986484e-02
   2.2863961557333106e+00   3.0567198222268281e+00   2.0769223910690275e+00   1.2415354140452628e+00   4.8082973296729037e-01   7.3197250185236484e-02
   2.2942086557333106e+00   3.0645323222268281e+00   2.0769223910690275e+00   1.2370798476390128e+00   4.7558070952979037e-01   7.1427230653986484e-02
   2.3049508432333106e+00   3.0645323222268281e+00   2.0769223910690275e+00   1.3323557265452628e+00   4.7558070952979037e-01   7.1427230653986484e-02
   2.3198739389364356e+00   3.0791807597268281e+00   2.0769223910690275e+00   1.2370798476390128e+00   4.7558070952979037e-01   7.1427230653986484e-02
   2.2942086557333106e+00   3.0645323222268281e+00   2.0769223910690275e+00   1.2370798476390128e+00   4.7558070952979037e-01   7.1427230653986484e-02
   2.2942086557333106e+00   3.0645323222268281e+00   2.0769223910690275e+00   1.2370798476390128e+00   4.7558070952979037e-01   7.1427230653986484e-02
   2.2942086557333106e+00   3.0645323222268281e+00   2.0769223910690275e+00   1.2644235976390128e+00   4.7558070952979037e-01   7.5333480653986484e-02
   2.2942086557333106e+00   3.0645323222268281e+00   2.0769223910690275e+00   1.2370798476390128e+00   4.7558070952979037e-01   7.1427230653986484e-02
   2.2942086557333106e+00   3.0645323222268281e+00   2.0769223910690275e+00   1.2370798476390128e+00   4.7558070952979037e-01   7.1427230653986484e-02
   2.2942086557333106e+00   3.0645323222268281e+00   2.0769223910690275e+00   1.2497751601390128e+00   4.7558070952979037e-01   7.1427230653986484e-02
   2.2942086557333106e+00   3.0645323222268281e+00   2.0769223910690275e+00   1.2370798476390128e+00   4.7558070952979037e-01   7.1427230653986484e-02
   2.2785836557333106e+00   3.0645323222268281e+00   2.0769223910690275e+00   1.2370798476390128e+00   4.7558070952979037e-01   7.1427230653986484e-02
   2.2942086557333106e+00   3.0645323222268281e+00   2.0769223910690275e+00   1.2370798476390128e+00   4.7558070952979037e-01   7.1427230653986484e-02
   2.2942086557333106e+00   3.0645323222268281e+00   2.0769223910690275e+00   1.2370798476390128e+00   4.7558070952979037e-01   7.1427230653986484e-02
   2.4179879526083106e+00   3.0645323222268281e+00   2.0836362582565275e+00   1.2370798476390128e+00   4.7558070952979037e-01   7.9239730653986484e-02
   2.2929879526083106e+00   3.0645323222268281e+00   2.1042661410690275e+00   1.2370798476390128e+00   4.7558070952979037e-01   7.1427230653986484e-02
   2.3020211557333106e+00   3.0645323222268281e+00   2.0769223910690275e+00   1.2370798476390128e+00   4.9804164702979037e-01   7.1427230653986484e-02
   2.3020211557333106e+00   3.0567198222268281e+00   2.0841245395065275e+00   1.2370798476390128e+00   4.7558070952979037e-01   7.1427230653986484e-02
   2.2942086557333106e+00   3.0645323222268281e+00   2.0769223910690275e+00   1.2370798476390128e+00   4.7558070952979037e-01   7.9239730653986484e-02
   2.2942086557333106e+00   3.0645323222268281e+00   2.0769223910690275e+00   1.2370798476390128e+00   4.7558070952979037e-01   7.1427230653986484e-02
   2.2942086557333106e+00   3.0645323222268281e+00   2.0769223910690275e+00   1.2370798476390128e+00   4.7558070952979037e-01   7.4845199403986484e-02
   2.2942086557333106e+00   3.0655699198830781e+00   2.0794400912643400e+00   1.2404672988108878e+00   4.7733547027197787e-01   7.5333480653986484e-02
   2.2958871225301856e+00   3.0665769999612031e+00   2.0696134311080900e+00   1.2385446913890128e+00   4.7167445952979037e-01   7.4784164247736484e-02
   2.2975045541708106e+00   3.0645323222268281e+00   2.0730161410690275e+00   1.2375376113108878e+00   4.7558070952979037e-01   7.2251205263361484e-02
   2.2942086557333106e+00   3.0645323222268281e+00   2.0808286410690275e+00   1.2405283339671378e+00   4.7558070952979037e-01   8.1192855653986484e-02
   2.2942086557333106e+00   3.0683927958596406e+00   2.0769223910690275e+00   1.2331735976390128e+00   4.7558070952979037e-01   7.4616317568048984e-02
   2.2961007455770606e+00   3.0645323222268281e+00   2.0800351840377775e+00   1.2331735976390128e+00   4.7928859527197787e-01   7.2403793153986484e-02
   2.2942086557333106e+00   3.0684385722268281e+00   2.0800657016159025e+00   1.2374002822093253e+00   4.7558070952979037e-01   7.1427230653986484e-02
   2.2981149057333106e+00   3.0645323222268281e+00   2.0769223910690275e+00   1.2370798476390128e+00   4.7701503570166537e-01   7.1427230653986484e-02
   2.3086587289754981e+00   3.0664701884377656e+00   2.0808133822799650e+00   1.2398874648265128e+00   4.7884609038916537e-01   6.7520980653986484e-02
   2.2942086557333106e+00   3.0684385722268281e+00   2.0803403598190275e+00   1.2404367812327628e+00   4.7666408355322787e-01   7.3670272646173984e-02
   2.2998238901083106e+00   3.0645323222268281e+00   2.0639371615768400e+00   1.2370798476390128e+00   4.7948695952979037e-01   7.1427230653986484e-02
   2.2980233529989356e+00   3.0684385722268281e+00   2.0769223910690275e+00   1.2386515029124503e+00   4.7558070952979037e-01   7.1854476747736484e-02
   2.2981149057333106e+00   3.0649595683205781e+00   2.0780515414596525e+00   1.2372019179515128e+00   4.7558070952979037e-01   7.1991805849298984e-02
   2.2959634164754981e+00   3.0647001689065156e+00   2.0769223910690275e+00   1.2370798476390128e+00   4.7167445952979037e-01   7.2739486513361484e-02
   2.2961922983114356e+00   3.0668669169533906e+00   2.0808286410690275e+00   1.2384531386546378e+00   4.7701503570166537e-01   7.5165633974298984e-02
   2.2942086557333106e+00   3.0684385722268281e+00   2.0769223910690275e+00   1.2370798476390128e+00   4.7748805816260287e-01   7.1427230653986484e-02
   2.2942086557333106e+00   3.0645323222268281e+00   2.0730161410690275e+00   1.2370798476390128e+00   4.7558070952979037e-01   7.2358016786798984e-02
   2.2942086557333106e+00   3.0684385722268281e+00   2.0769223910690275e+00   1.2382852919749503e+00   4.7558070952979037e-01   7.1427230653986484e-02
   2.2903024057333106e+00   3.0755644267190156e+00   2.0769223910690275e+00   1.2406351454905753e+00   4.9120570952979037e-01   7.1427230653986484e-02
   2.2952615121786231e+00   3.0606260722268281e+00   2.0769223910690275e+00   1.2481272109202628e+00   4.8641444976416537e-01   7.2525863466486484e-02
   2.2953988412801856e+00   3.0684385722268281e+00   2.0770902377487150e+00   1.2396891005687003e+00   4.7873927886572787e-01   7.1427230653986484e-02
   2.2981149057333106e+00   3.0645323222268281e+00   2.0769223910690275e+00   1.2370798476390128e+00   4.7558070952979037e-01   7.1427230653986484e-02
   2.2942086557333106e+00   3.0645323222268281e+00   2.0769223910690275e+00   1.2331735976390128e+00   4.7558070952979037e-01   7.1427230653986484e-02
   2.2942086557333106e+00   3.0645323222268281e+00   2.0808286410690275e+00   1.2370798476390128e+00   4.7558070952979037e-01   7.1427230653986484e-02
   2.2946969369833106e+00   3.0650511210549531e+00   2.0808286410690275e+00   1.2370798476390128e+00   4.7558070952979037e-01   7.1427230653986484e-02
   2.2879067758504981e+00   3.0662107890237031e+00   2.0769223910690275e+00   1.2390329726390128e+00   4.7802211577979037e-01   7.5241927919611484e-02
   2.2966500619833106e+00   3.0671110575783906e+00   2.0800046664596525e+00   1.2392923720530753e+00   4.7913600738135287e-01   6.7520980653986484e-02
   2.2977334360067481e+00   3.0670957987893281e+00   2.0794706088424650e+00   1.2388040908030753e+00   4.7835780913916537e-01   6.7520980653986484e-02
   2.2960702279989356e+00   3.0663938944924531e+00   2.0785550814987150e+00   1.2331735976390128e+00   4.7558070952979037e-01   7.5104598818048984e-02
   2.2903024057333106e+00   3.0645323222268281e+00   2.0769223910690275e+00   1.2370798476390128e+00   4.7558070952979037e-01   7.1427230653986484e-02
   2.2942086557333106e+00   3.0655088847268281e+00   2.0808286410690275e+00   1.2377970107249503e+00   4.7558070952979037e-01   7.1427230653986484e-02
   2.3105355600301856e+00   3.0752592509377656e+00   2.2052182895065275e+00   1.3323557265452628e+00   4.8046352202979037e-01   7.2831039247736484e-02
   2.2903024057333106e+00   3.0723448222268281e+00   2.0806455356002775e+00   1.2472879775218253e+00   4.7558070952979037e-01   7.7957992372736484e-02
   2.2960244516317481e+00   3.0675688212502656e+00   2.0774259311080900e+00   1.2331735976390128e+00   4.7768642242041537e-01   7.1747665224298984e-02
   2.2960549692098731e+00   3.0668974345315156e+00   2.0804013949752775e+00   1.2331735976390128e+00   4.7747279937354037e-01   7.1427230653986484e-02
   2.2940865854208106e+00   3.0657988017190156e+00   2.0775480014205900e+00   1.2392465956858878e+00   4.7167445952979037e-01   7.1427230653986484e-02
   2.2785836557333106e+00   3.0645323222268281e+00   2.1159848910690275e+00   1.2370798476390128e+00   4.9047328765479037e-01   9.0958480653986484e-02
   2.2971841196004981e+00   3.0659513896096406e+00   2.0826596957565275e+00   1.2414591200999503e+00   4.8339320952979037e-01   7.5394515810236484e-02
   2.2954751352254981e+00   3.0661650126565156e+00   2.0782193881393400e+00   1.2457315810374503e+00   4.7613002593604037e-01   8.8272933778986484e-02
   2.2981149057333106e+00   3.0659056132424531e+00   2.0801267367721525e+00   1.2400705702952628e+00   4.7947170074072787e-01   7.3365096864923984e-02
   2.2942086557333106e+00   3.0681639140237031e+00   2.0800504428268400e+00   1.2370798476390128e+00   4.7768642242041537e-01   7.5333480653986484e-02
   2.2980386117879981e+00   3.0672941630471406e+00   2.0794553500534025e+00   1.2331735976390128e+00   4.7629787261572787e-01   7.2876815614923984e-02
