   2.2929879526083106e+00   3.0650206034768281e+00   2.0808286410690275e+00   1.2337229140452628e+00   4.7558070952979037e-01   7.1427230653986484e-02
   2.2929879526083106e+00   3.0645323222268281e+00   2.0808286410690275e+00   1.2337229140452628e+00   4.7558070952979037e-01   7.5333480653986484e-02
   2.2929879526083106e+00   3.0645323222268281e+00   2.0808286410690275e+00   1.2337229140452628e+00   4.7558070952979037e-01   7.5333480653986484e-02
   2.2929879526083106e+00   3.0645323222268281e+00   2.0808286410690275e+00   1.2337229140452628e+00   4.7558070952979037e-01   7.5333480653986484e-02
   2.2929879526083106e+00   3.0645323222268281e+00   2.0808286410690275e+00   1.2337229140452628e+00   4.7558070952979037e-01   7.5333480653986484e-02
   2.2929879526083106e+00   3.0645323222268281e+00   2.0808286410690275e+00   1.2337229140452628e+00   4.7558070952979037e-01   7.5333480653986484e-02
   2.2929879526083106e+00   3.0645323222268281e+00   2.0808286410690275e+00   1.2337229140452628e+00   4.7558070952979037e-01   7.5333480653986484e-02
   2.2929879526083106e+00   3.0645323222268281e+00   2.0808286410690275e+00   1.2337229140452628e+00   4.7558070952979037e-01   7.5333480653986484e-02
   2.2929879526083106e+00   3.0645323222268281e+00   2.0808286410690275e+00   1.2337229140452628e+00   4.7558070952979037e-01   7.5333480653986484e-02
   2.2929879526083106e+00   3.0645323222268281e+00   2.0808286410690275e+00   1.2337229140452628e+00   4.7558070952979037e-01   7.5333480653986484e-02
   2.2929879526083106e+00   3.0645323222268281e+00   2.0808286410690275e+00   1.2393381484202628e+00   4.7558070952979037e-01   7.5333480653986484e-02
   2.2929879526083106e+00   3.0645323222268281e+00   2.0808286410690275e+00   1.2337229140452628e+00   4.7558070952979037e-01   3.2364730653986484e-02
   2.2929879526083106e+00   3.0594053691018281e+00   2.0808286410690275e+00   1.2337229140452628e+00   4.7558070952979037e-01   6.3614730653986484e-02
   2.2929879526083106e+00   3.0645323222268281e+00   2.0808286410690275e+00   1.2337229140452628e+00   4.8339320952979037e-01   7.5333480653986484e-02
   2.2929879526083106e+00   3.1021299784768281e+00   2.2058286410690275e+00   1.3596994765452628e+00   4.7558070952979037e-01   7.9239730653986484e-02
   2.2929879526083106e+00   3.0645323222268281e+00   2.0808286410690275e+00   1.2337229140452628e+00   4.7558070952979037e-01   7.6798324403986484e-02
   2.2929879526083106e+00   3.0645323222268281e+00   2.0808286410690275e+00   1.2337229140452628e+00   4.7558070952979037e-01   7.5333480653986484e-02
   2.2929879526083106e+00   3.0645323222268281e+00   2.0808286410690275e+00   1.2337229140452628e+00   4.7558070952979037e-01   7.5333480653986484e-02
   2.2929879526083106e+00   3.0681944316018281e+00   2.0808286410690275e+00   1.2337229140452628e+00   4.7558070952979037e-01   7.5333480653986484e-02
   2.2929879526083106e+00   3.0669737284768281e+00   2.0808286410690275e+00   1.2434885390452628e+00   4.7558070952979037e-01   6.3614730653986484e-02
   2.2929879526083106e+00   3.0552549784768281e+00   2.0808286410690275e+00   1.2337229140452628e+00   4.7558070952979037e-01   7.1427230653986484e-02
   2.2929879526083106e+00   3.0645323222268281e+00   2.0808286410690275e+00   1.2393381484202628e+00   4.7558070952979037e-01   7.6798324403986484e-02
   2.2929879526083106e+00   3.0669737284768281e+00   2.0808286410690275e+00   1.2337229140452628e+00   4.7558070952979037e-01   7.6798324403986484e-02
   2.2929879526083106e+00   3.0681944316018281e+00   2.0808286410690275e+00   1.2337229140452628e+00   4.7558070952979037e-01   7.5333480653986484e-02
   2.2929879526083106e+00   3.0645323222268281e+00   2.0808286410690275e+00   1.2337229140452628e+00   4.7558070952979037e-01   7.5333480653986484e-02
   2.2929879526083106e+00   3.0552549784768281e+00   2.0808286410690275e+00   1.2434885390452628e+00   4.7558070952979037e-01   7.6798324403986484e-02
   2.2929879526083106e+00   3.0552549784768281e+00   2.0808286410690275e+00   1.2337229140452628e+00   4.7387172515479037e-01   8.9005355653986484e-02
   2.2929879526083106e+00   3.0645323222268281e+00   2.0808286410690275e+00   1.2337229140452628e+00   4.7558070952979037e-01   7.5333480653986484e-02
   2.2929879526083106e+00   3.0552549784768281e+00   2.0808286410690275e+00   1.2393381484202628e+00   4.7558070952979037e-01   7.5333480653986484e-02
   2.2929879526083106e+00   3.0650206034768281e+00   2.0808286410690275e+00   1.2393381484202628e+00   4.7558070952979037e-01   7.5333480653986484e-02
   2.2929879526083106e+00   3.0552549784768281e+00   2.0808286410690275e+00   1.2337229140452628e+00   4.7558070952979037e-01   6.3614730653986484e-02
   2.2929879526083106e+00   3.0669737284768281e+00   2.0808286410690275e+00   1.2393381484202628e+00   4.7558070952979037e-01   7.5333480653986484e-02
   2.2929879526083106e+00   2.8181944316018281e+00   2.0808286410690275e+00   1.3587229140452628e+00   4.7558070952979037e-01   1.2611473065398648e-01
   2.3554879526083106e+00   3.0669737284768281e+00   2.0808286410690275e+00   1.2346994765452628e+00   4.7558070952979037e-01   6.3614730653986484e-02
   2.2929879526083106e+00   3.0650206034768281e+00   2.0808286410690275e+00   1.2337229140452628e+00   4.7167445952979037e-01   7.1427230653986484e-02
   2.2929879526083106e+00   3.0681944316018281e+00   2.1003598910690275e+00   1.2415354140452628e+00   4.8729945952979037e-01   6.3614730653986484e-02
   2.2929879526083106e+00   3.0669737284768281e+00   2.3308286410690275e+00   1.2393381484202628e+00   4.7558070952979037e-01   2.0033348065398648e-01
   2.2929879526083106e+00   3.0669737284768281e+00   2.0808286410690275e+00   1.2337229140452628e+00   4.7558070952979037e-01   6.3614730653986484e-02
   2.2929879526083106e+00   3.0669737284768281e+00   2.0808286410690275e+00   1.2434885390452628e+00   4.9511195952979037e-01   9.8770980653986484e-02
   2.3554879526083106e+00   3.0669737284768281e+00   2.2683286410690275e+00   1.2337229140452628e+00   4.7558070952979037e-01   7.5333480653986484e-02
   2.2929879526083106e+00   3.0669737284768281e+00   2.0808286410690275e+00   1.2337229140452628e+00   4.7558070952979037e-01   7.5333480653986484e-02
   2.2929879526083106e+00   3.0681944316018281e+00   2.0808286410690275e+00   1.2434885390452628e+00   4.7558070952979037e-01   6.3614730653986484e-02
   2.3554879526083106e+00   3.0552549784768281e+00   2.0808286410690275e+00   1.2346994765452628e+00   4.7167445952979037e-01   8.9005355653986484e-02
   2.3554879526083106e+00   3.0552549784768281e+00   2.1902036410690275e+00   1.2337229140452628e+00   4.7558070952979037e-01   7.1427230653986484e-02
   2.2929879526083106e+00   3.0669737284768281e+00   2.0808286410690275e+00   1.2337229140452628e+00   4.7558070952979037e-01   6.3614730653986484e-02
   2.0429879526083106e+00   3.2559385722268281e+00   2.0808286410690275e+00   1.2346994765452628e+00   4.7558070952979037e-01   7.6798324403986484e-02
   2.4179879526083106e+00   3.1333799784768281e+00   2.0808286410690275e+00   1.2337229140452628e+00   4.7558070952979037e-01   7.5333480653986484e-02
   2.2929879526083106e+00   3.0669737284768281e+00   2.0808286410690275e+00   1.2337229140452628e+00   4.7558070952979037e-01   7.5333480653986484e-02
   2.2929879526083106e+00   3.0669737284768281e+00   2.0808286410690275e+00   1.2337229140452628e+00   4.7558070952979037e-01   7.1427230653986484e-02
   2.2929879526083106e+00   3.0552549784768281e+00   2.0808286410690275e+00   1.2337229140452628e+00   4.7558070952979037e-01   7.6798324403986484e-02
   2.2929879526083106e+00   3.0684385722268281e+00   2.0808286410690275e+00   1.2337229140452628e+00   4.7558070952979037e-01   7.6798324403986484e-02
   2.2929879526083106e+00   3.0681944316018281e+00   2.3620786410690275e+00   1.2766916640452628e+00   7.2558070952979037e-01   9.8770980653986484e-02
   2.2929879526083106e+00   3.0645323222268281e+00   2.0808286410690275e+00   1.2393381484202628e+00   4.7558070952979037e-01   7.5333480653986484e-02
   2.2929879526083106e+00   3.0552549784768281e+00   2.0808286410690275e+00   1.2337229140452628e+00   4.9706508452979037e-01   7.5333480653986484e-02
   2.2929879526083106e+00   3.0594053691018281e+00   2.0808286410690275e+00   1.2393381484202628e+00   4.7558070952979037e-01   7.3380355653986484e-02
   2.2929879526083106e+00   3.0645323222268281e+00   2.0808286410690275e+00   1.2337229140452628e+00   4.7558070952979037e-01   7.6798324403986484e-02
   2.2929879526083106e+00   3.0669737284768281e+00   2.0808286410690275e+00   1.2337229140452628e+00   4.7558070952979037e-01   7.6798324403986484e-02
   2.2929879526083106e+00   3.0645323222268281e+00   2.0808286410690275e+00   1.2393381484202628e+00   4.7558070952979037e-01   7.5333480653986484e-02
   2.3086129526083106e+00   3.0056944316018281e+00   2.1237973910690275e+00   1.2434885390452628e+00   4.7558070952979037e-01   6.3614730653986484e-02
   2.2929879526083106e+00   3.0645323222268281e+00   2.2683286410690275e+00   1.2337229140452628e+00   4.7558070952979037e-01   6.3614730653986484e-02
   2.2929879526083106e+00   3.0840635722268281e+00   2.0808286410690275e+00   1.2337229140452628e+00   4.7558070952979037e-01   7.6798324403986484e-02
   2.2929879526083106e+00   3.0650206034768281e+00   2.0808286410690275e+00   1.2337229140452628e+00   4.7558070952979037e-01   7.5333480653986484e-02
   2.2929879526083106e+00   3.0669737284768281e+00   1.9558286410690275e+00   1.3274729140452628e+00   4.7558070952979037e-01   6.3614730653986484e-02
   2.5429879526083106e+00   3.0650206034768281e+00   2.0808286410690275e+00   1.2337229140452628e+00   4.7558070952979037e-01   6.3614730653986484e-02
   2.2929879526083106e+00   3.0669737284768281e+00   2.0808286410690275e+00   1.2337229140452628e+00   4.7558070952979037e-01   6.7520980653986484e-02
   2.3086129526083106e+00   3.0777159159768281e+00   2.0808286410690275e+00   1.2393381484202628e+00   4.7558070952979037e-01   7.5333480653986484e-02
   2.2929879526083106e+00   3.0645323222268281e+00   2.0808286410690275e+00   1.2337229140452628e+00   4.7558070952979037e-01   6.3614730653986484e-02
   2.2929879526083106e+00   3.0650206034768281e+00   2.0808286410690275e+00   1.2337229140452628e+00   4.7558070952979037e-01   7.1427230653986484e-02
   2.2929879526083106e+00   3.0645323222268281e+00   2.0808286410690275e+00   1.2337229140452628e+00   4.7558070952979037e-01   6.3614730653986484e-02
   2.2929879526083106e+00   3.0645323222268281e+00   2.0808286410690275e+00   1.2337229140452628e+00   4.7558070952979037e-01   6.3614730653986484e-02
   2.2929879526083106e+00   3.0681944316018281e+00   2.0808286410690275e+00   1.2337229140452628e+00   4.8339320952979037e-01   7.5333480653986484e-02
   2.2929879526083106e+00   3.0650206034768281e+00   2.0808286410690275e+00   1.2337229140452628e+00   4.7558070952979037e-01   7.1427230653986484e-02
   2.2929879526083106e+00   3.0552549784768281e+00   2.0857114535690275e+00   1.2337229140452628e+00   4.7558070952979037e-01   6.3614730653986484e-02
   2.2929879526083106e+00   3.0645323222268281e+00   2.0808286410690275e+00   1.2337229140452628e+00   4.7558070952979037e-01   7.5333480653986484e-02
   2.2929879526083106e+00   3.0669737284768281e+00   2.0808286410690275e+00   1.2337229140452628e+00   4.7558070952979037e-01   7.3380355653986484e-02
   2.5742379526083106e+00   3.0552549784768281e+00   2.0808286410690275e+00   1.2337229140452628e+00   4.7558070952979037e-01   7.6798324403986484e-02
   2.2929879526083106e+00   3.0684385722268281e+00   2.0808286410690275e+00   1.2337229140452628e+00   4.7558070952979037e-01   7.5333480653986484e-02
   2.2929879526083106e+00   3.0669737284768281e+00   2.0808286410690275e+00   1.2337229140452628e+00   4.7558070952979037e-01   6.3614730653986484e-02
   2.2929879526083106e+00   3.0552549784768281e+00   1.9558286410690275e+00   1.2337229140452628e+00   4.7558070952979037e-01   1.2611473065398648e-01
   2.3711129526083106e+00   3.0645323222268281e+00   2.1433286410690275e+00   1.3274729140452628e+00   3.5839320952979037e-01   7.5333480653986484e-02
   2.2929879526083106e+00   3.0645323222268281e+00   2.0808286410690275e+00   1.2434885390452628e+00   4.7167445952979037e-01   3.2679832440398648e-01
   2.3203317026083106e+00   3.0650206034768281e+00   2.0808286410690275e+00   1.2337229140452628e+00   4.7558070952979037e-01   7.1427230653986484e-02
   2.2929879526083106e+00   3.0681944316018281e+00   2.0808286410690275e+00   1.2337229140452628e+00   4.7558070952979037e-01   6.3614730653986484e-02
   2.2929879526083106e+00   3.0669737284768281e+00   2.0808286410690275e+00   1.2393381484202628e+00   4.7558070952979037e-01   7.5333480653986484e-02
   2.2929879526083106e+00   3.0681944316018281e+00   2.0808286410690275e+00   1.2337229140452628e+00   4.7558070952979037e-01   7.5333480653986484e-02
   2.2929879526083106e+00   3.0669737284768281e+00   2.0808286410690275e+00   1.2337229140452628e+00   4.8339320952979037e-01   6.3614730653986484e-02
   2.2929879526083106e+00   3.0669737284768281e+00   2.0808286410690275e+00   1.2337229140452628e+00   4.7558070952979037e-01   7.5333480653986484e-02
   2.2929879526083106e+00   3.2544737284768281e+00   2.0808286410690275e+00   1.3587229140452628e+00   6.0058070952979037e-01   7.1427230653986484e-02
   2.2929879526083106e+00   3.0684385722268281e+00   2.0808286410690275e+00   1.2434885390452628e+00   4.7558070952979037e-01   1.3929832440398648e-01
   2.2929879526083106e+00   3.0669737284768281e+00   2.0808286410690275e+00   1.2337229140452628e+00   6.0058070952979037e-01   1.4955223065398648e-01
   2.2929879526083106e+00   3.0645323222268281e+00   2.0808286410690275e+00   1.2337229140452628e+00   4.7558070952979037e-01   7.5333480653986484e-02
   2.2929879526083106e+00   3.1931944316018281e+00   2.1902036410690275e+00   1.2337229140452628e+00   6.0839320952979037e-01   7.5333480653986484e-02
   2.2929879526083106e+00   3.0552549784768281e+00   2.0808286410690275e+00   1.4837229140452628e+00   4.7558070952979037e-01   7.5333480653986484e-02
   2.3086129526083106e+00   3.0552549784768281e+00   2.0808286410690275e+00   1.1087229140452628e+00   4.7558070952979037e-01   7.6798324403986484e-02
   2.2929879526083106e+00   3.0681944316018281e+00   2.0808286410690275e+00   1.2337229140452628e+00   4.7558070952979037e-01   6.3614730653986484e-02
   2.1679879526083106e+00   3.1177549784768281e+00   2.1433286410690275e+00   1.2337229140452628e+00   4.8339320952979037e-01   7.9239730653986484e-02
   2.2929879526083106e+00   3.0645323222268281e+00   2.0808286410690275e+00   1.2337229140452628e+00   4.7558070952979037e-01   7.5333480653986484e-02
   2.2929879526083106e+00   3.0681944316018281e+00   2.0808286410690275e+00   1.2337229140452628e+00   4.7558070952979037e-01   6.3614730653986484e-02
   2.2929879526083106e+00   3.3145323222268281e+00   2.0808286410690275e+00   1.2393381484202628e+00   7.2558070952979037e-01   2.6283348065398648e-01
   2.2929879526083106e+00   3.0645323222268281e+00   2.0808286410690275e+00   1.2434885390452628e+00   4.7558070952979037e-01   7.5333480653986484e-02
   2.2929879526083106e+00   3.0669737284768281e+00   2.0808286410690275e+00   1.2337229140452628e+00   4.7558070952979037e-01   7.1427230653986484e-02
   2.3086129526083106e+00   3.0552549784768281e+00   2.0808286410690275e+00   1.2337229140452628e+00   4.7558070952979037e-01   6.3614730653986484e-02
   2.4179879526083106e+00   3.0669737284768281e+00   2.0808286410690275e+00   1.2337229140452628e+00   4.7558070952979037e-01   3.2679832440398648e-01
   2.2929879526083106e+00   3.0645323222268281e+00   2.0808286410690275e+00   1.2337229140452628e+00   4.7558070952979037e-01   7.5333480653986484e-02
   2.2929879526083106e+00   3.0679502909768281e+00   2.0808286410690275e+00   1.2337229140452628e+00   4.7558070952979037e-01   7.1427230653986484e-02
   2.2929879526083106e+00   3.0645323222268281e+00   2.0808286410690275e+00   1.2337229140452628e+00   4.7558070952979037e-01   7.5333480653986484e-02
   2.2929879526083106e+00   3.0645323222268281e+00   2.0808286410690275e+00   1.2337229140452628e+00   4.7558070952979037e-01   7.5333480653986484e-02
   2.3086129526083106e+00   3.0552549784768281e+00   2.0808286410690275e+00   1.2337229140452628e+00   4.8339320952979037e-01   6.3614730653986484e-02
   2.2929879526083106e+00   3.0645323222268281e+00   2.0808286410690275e+00   1.2649729140452628e+00   4.7558070952979037e-01   7.5333480653986484e-02
   2.2929879526083106e+00   3.0645323222268281e+00   2.0808286410690275e+00   1.2337229140452628e+00   4.7558070952979037e-01   7.5333480653986484e-02
   2.3086129526083106e+00   3.0669737284768281e+00   2.0808286410690275e+00   1.2393381484202628e+00   4.8339320952979037e-01   6.3614730653986484e-02
   2.2929879526083106e+00   3.0552549784768281e+00   2.0808286410690275e+00   1.2337229140452628e+00   4.7558070952979037e-01   7.5333480653986484e-02
   2.2929879526083106e+00   3.0552549784768281e+00   2.0808286410690275e+00   1.2337229140452628e+00   4.1308070952979037e-01   6.3614730653986484e-02
   2.2929879526083106e+00   3.0645323222268281e+00   2.0808286410690275e+00   1.2337229140452628e+00   4.7558070952979037e-01   7.1427230653986484e-02
   2.2929879526083106e+00   3.0552549784768281e+00   2.1355161410690275e+00   1.2337229140452628e+00   4.7558070952979037e-01   7.5333480653986484e-02
   2.2929879526083106e+00   3.0681944316018281e+00   2.0808286410690275e+00   1.2337229140452628e+00   4.7558070952979037e-01   6.3614730653986484e-02
   2.3711129526083106e+00   3.0645323222268281e+00   2.0808286410690275e+00   1.2337229140452628e+00   4.7558070952979037e-01   7.5333480653986484e-02
   2.2929879526083106e+00   3.0681944316018281e+00   2.1003598910690275e+00   1.2337229140452628e+00   5.0683070952979037e-01   6.7520980653986484e-02
   2.3086129526083106e+00   3.0669737284768281e+00   2.0808286410690275e+00   1.2337229140452628e+00   4.7558070952979037e-01   7.1427230653986484e-02
   2.2929879526083106e+00   3.0681944316018281e+00   2.0808286410690275e+00   1.2337229140452628e+00   4.7558070952979037e-01   7.5333480653986484e-02
   2.2929879526083106e+00   3.0594053691018281e+00   2.0808286410690275e+00   1.2337229140452628e+00   4.7558070952979037e-01   7.5333480653986484e-02
   2.2929879526083106e+00   3.0645323222268281e+00   2.0808286410690275e+00   1.2393381484202628e+00   4.7558070952979037e-01   6.3614730653986484e-02
   2.3086129526083106e+00   3.1265440409768281e+00   2.0808286410690275e+00   1.2962229140452628e+00   4.7558070952979037e-01   6.3614730653986484e-02
   2.5508004526083106e+00   3.0669737284768281e+00   2.0808286410690275e+00   1.2337229140452628e+00   5.0683070952979037e-01   7.5333480653986484e-02
   2.2929879526083106e+00   3.0684385722268281e+00   2.0183286410690275e+00   1.2337229140452628e+00   4.7558070952979037e-01   6.3614730653986484e-02
   2.2929879526083106e+00   3.0552549784768281e+00   2.0808286410690275e+00   1.2337229140452628e+00   4.7558070952979037e-01   6.3614730653986484e-02
   2.3086129526083106e+00   3.0681944316018281e+00   2.0808286410690275e+00   1.2337229140452628e+00   4.7558070952979037e-01   6.3614730653986484e-02
   2.2929879526083106e+00   3.0645323222268281e+00   2.0808286410690275e+00   1.2337229140452628e+00   4.7558070952979037e-01   7.5333480653986484e-02
   2.3086129526083106e+00   3.0645323222268281e+00   2.0808286410690275e+00   1.2337229140452628e+00   4.7558070952979037e-01   7.5333480653986484e-02
   2.2929879526083106e+00   3.0669737284768281e+00   2.0808286410690275e+00   1.2395822890452628e+00   4.7558070952979037e-01   6.3614730653986484e-02
   2.2929879526083106e+00   3.0681944316018281e+00   2.0808286410690275e+00   1.2337229140452628e+00   3.5058070952979037e-01   7.1427230653986484e-02
   2.2929879526083106e+00   3.0681944316018281e+00   2.0808286410690275e+00   1.2337229140452628e+00   4.7558070952979037e-01   6.3614730653986484e-02
   2.2929879526083106e+00   3.0645323222268281e+00   2.0808286410690275e+00   1.2393381484202628e+00   4.7558070952979037e-01   7.5333480653986484e-02
   2.2929879526083106e+00   3.1304502909768281e+00   2.1433286410690275e+00   1.2337229140452628e+00   4.7558070952979037e-01   6.3614730653986484e-02
   2.2929879526083106e+00   3.0681944316018281e+00   2.0808286410690275e+00   1.2337229140452628e+00   4.7558070952979037e-01   7.5333480653986484e-02
   2.3086129526083106e+00   3.0645323222268281e+00   2.0808286410690275e+00   1.2393381484202628e+00   4.7558070952979037e-01   7.5333480653986484e-02
   2.3086129526083106e+00   3.0552549784768281e+00   2.0808286410690275e+00   1.2337229140452628e+00   4.7558070952979037e-01   1.2611473065398648e-01
   2.2929879526083106e+00   3.0650206034768281e+00   2.0808286410690275e+00   1.2337229140452628e+00   4.7558070952979037e-01   7.5333480653986484e-02
   2.2929879526083106e+00   3.0669737284768281e+00   2.0808286410690275e+00   1.2393381484202628e+00   4.7558070952979037e-01   7.5333480653986484e-02
   2.2929879526083106e+00   3.0669737284768281e+00   2.0808286410690275e+00   1.2393381484202628e+00   4.7558070952979037e-01   7.5333480653986484e-02
   2.2929879526083106e+00   3.0650206034768281e+00   2.0808286410690275e+00   1.2337229140452628e+00   4.7558070952979037e-01   7.1427230653986484e-02
   2.2929879526083106e+00   3.0669737284768281e+00   2.0808286410690275e+00   1.2393381484202628e+00   4.7558070952979037e-01   7.6798324403986484e-02
   2.2929879526083106e+00   3.0645323222268281e+00   2.0808286410690275e+00   1.2337229140452628e+00   4.7558070952979037e-01   7.5333480653986484e-02
   2.2929879526083106e+00   3.0645323222268281e+00   2.0808286410690275e+00   1.2337229140452628e+00   4.7558070952979037e-01   7.1427230653986484e-02
   2.2929879526083106e+00   3.0645323222268281e+00   2.0808286410690275e+00   1.2337229140452628e+00   4.7558070952979037e-01   7.6798324403986484e-02
   2.2929879526083106e+00   3.0669737284768281e+00   2.0808286410690275e+00   1.2337229140452628e+00   4.7387172515479037e-01   6.3614730653986484e-02
   2.2929879526083106e+00   3.0650206034768281e+00   2.0808286410690275e+00   1.2346994765452628e+00   4.7558070952979037e-01   7.6798324403986484e-02
   2.2929879526083106e+00   3.0650206034768281e+00   2.0808286410690275e+00   1.2337229140452628e+00   4.7558070952979037e-01   7.6798324403986484e-02
   2.2929879526083106e+00   3.0645323222268281e+00   2.0808286410690275e+00   1.2434885390452628e+00   4.7558070952979037e-01   7.5333480653986484e-02
   2.2929879526083106e+00   3.0645323222268281e+00   2.0808286410690275e+00   1.2337229140452628e+00   4.7558070952979037e-01   7.6798324403986484e-02
   2.3711129526083106e+00   3.0645323222268281e+00   2.0808286410690275e+00   1.2337229140452628e+00   4.7558070952979037e-01   1.0023582440398648e-01
   2.2929879526083106e+00   3.0681944316018281e+00   2.0808286410690275e+00   1.2337229140452628e+00   4.7558070952979037e-01   6.3614730653986484e-02
   2.0429879526083106e+00   3.0645323222268281e+00   2.3308286410690275e+00   1.3587229140452628e+00   6.6308070952979037e-01   7.5333480653986484e-02
   2.5429879526083106e+00   3.1895323222268281e+00   2.2683286410690275e+00   1.2393381484202628e+00   4.7558070952979037e-01   1.2611473065398648e-01
   2.2929879526083106e+00   3.1177549784768281e+00   2.0808286410690275e+00   1.2337229140452628e+00   4.7558070952979037e-01   7.1427230653986484e-02
   2.3086129526083106e+00   3.1177549784768281e+00   2.0808286410690275e+00   1.2337229140452628e+00   4.7558070952979037e-01   6.3614730653986484e-02
   2.2929879526083106e+00   3.0669737284768281e+00   2.0808286410690275e+00   1.2337229140452628e+00   7.2558070952979037e-01   6.3614730653986484e-02
   2.2929879526083106e+00   3.0552549784768281e+00   2.0915708285690275e+00   1.2337229140452628e+00   4.7558070952979037e-01   6.3614730653986484e-02
   2.2929879526083106e+00   3.0645323222268281e+00   2.0808286410690275e+00   1.2337229140452628e+00   4.7558070952979037e-01   7.5333480653986484e-02
   2.2929879526083106e+00   3.0552549784768281e+00   2.0808286410690275e+00   1.2337229140452628e+00   4.7558070952979037e-01   7.5333480653986484e-02
   2.2929879526083106e+00   3.0681944316018281e+00   2.0808286410690275e+00   1.2434885390452628e+00   4.7558070952979037e-01   6.3614730653986484e-02
   2.2929879526083106e+00   3.0645323222268281e+00   2.0808286410690275e+00   1.2346994765452628e+00   4.7558070952979037e-01   7.3380355653986484e-02
   2.5429879526083106e+00   3.0681944316018281e+00   2.0808286410690275e+00   1.2337229140452628e+00   4.7558070952979037e-01   6.3614730653986484e-02
   2.2929879526083106e+00   3.0669737284768281e+00   2.0808286410690275e+00   1.2337229140452628e+00   4.7558070952979037e-01   7.5333480653986484e-02
   2.2929879526083106e+00   3.0645323222268281e+00   2.0808286410690275e+00   1.2337229140452628e+00   4.7558070952979037e-01   3.2533348065398648e-01
   2.2929879526083106e+00   3.0681944316018281e+00   2.0808286410690275e+00   1.2337229140452628e+00   4.7558070952979037e-01   7.1427230653986484e-02
   2.2929879526083106e+00   3.0645323222268281e+00   2.0808286410690275e+00   1.2393381484202628e+00   4.7558070952979037e-01   7.5333480653986484e-02
   2.4804879526083106e+00   3.1309385722268281e+00   2.3308286410690275e+00   9.8372291404526280e-01   4.7558070952979037e-01   6.3614730653986484e-02
   2.3086129526083106e+00   3.0669737284768281e+00   2.0808286410690275e+00   1.2337229140452628e+00   4.7558070952979037e-01   7.8263168153986484e-02
   2.2929879526083106e+00   3.0645323222268281e+00   2.0808286410690275e+00   1.2337229140452628e+00   4.7558070952979037e-01   7.5333480653986484e-02
   2.2929879526083106e+00   3.0669737284768281e+00   2.0808286410690275e+00   1.2337229140452628e+00   4.8339320952979037e-01   7.3380355653986484e-02
   2.2929879526083106e+00   3.0681944316018281e+00   2.0808286410690275e+00   1.2337229140452628e+00   4.7558070952979037e-01   7.5333480653986484e-02
   2.2929879526083106e+00   3.0681944316018281e+00   2.0808286410690275e+00   1.2337229140452628e+00   4.7558070952979037e-01   7.5333480653986484e-02
   2.2929879526083106e+00   3.0669737284768281e+00   2.0808286410690275e+00   1.2337229140452628e+00   4.7558070952979037e-01   6.3614730653986484e-02
   2.2929879526083106e+00   3.0552549784768281e+00   2.0808286410690275e+00   1.2434885390452628e+00   4.7558070952979037e-01   7.9239730653986484e-02
   2.2929879526083106e+00   3.0645323222268281e+00   2.0808286410690275e+00   1.2415354140452628e+00   4.7558070952979037e-01   7.5333480653986484e-02
   2.2929879526083106e+00   3.2556944316018281e+00   2.0808286410690275e+00   1.2962229140452628e+00   4.7558070952979037e-01   1.2611473065398648e-01
   2.6992379526083106e+00   3.0669737284768281e+00   2.0808286410690275e+00   1.3587229140452628e+00   5.9667445952979037e-01  -1.8638526934601352e-01
   2.2929879526083106e+00   3.5684385722268281e+00   2.3308286410690275e+00   1.7337229140452628e+00  -2.4419290470209631e-02   5.6361473065398648e-01
   2.3086129526083106e+00   3.5681944316018281e+00   2.0808286410690275e+00   1.2337229140452628e+00   4.7558070952979037e-01   5.7826316815398648e-01
   2.7929879526083106e+00   3.3094053691018281e+00   2.5808286410690275e+00   1.4837229140452628e+00   4.7558070952979037e-01   3.2533348065398648e-01
   2.2929879526083106e+00   3.0650206034768281e+00   2.5808286410690275e+00   1.7337229140452628e+00   4.7558070952979037e-01   3.2142723065398648e-01
   2.3086129526083106e+00   3.0669737284768281e+00   2.0808286410690275e+00   7.3372291404526280e-01   4.7558070952979037e-01   6.3614730653986484e-02
   2.2929879526083106e+00   3.0645323222268281e+00   2.0808286410690275e+00   1.2393381484202628e+00   4.7558070952979037e-01   5.6361473065398648e-01
   2.2929879526083106e+00   3.5594053691018281e+00   2.0808286410690275e+00   1.2337229140452628e+00  -2.4419290470209631e-02   7.5333480653986484e-02
   2.2929879526083106e+00   3.0645323222268281e+00   2.5808286410690275e+00   1.7337229140452628e+00   4.7558070952979037e-01   7.5333480653986484e-02
   2.2929879526083106e+00   3.0669737284768281e+00   1.5808286410690275e+00   1.2337229140452628e+00   4.7558070952979037e-01   7.1427230653986484e-02
   2.5468942026083106e+00   3.3181944316018281e+00   2.6433286410690275e+00   1.7337229140452628e+00   1.1513619595297904e+00   3.1361473065398648e-01
   2.2929879526083106e+00   3.5552549784768281e+00   2.3308286410690275e+00   1.2346994765452628e+00   7.2167445952979037e-01   5.8900535565398648e-01
   2.2929879526083106e+00   3.0650206034768281e+00   2.3308286410690275e+00   1.4837229140452628e+00   7.2558070952979037e-01   5.7679832440398648e-01
   2.2929879526083106e+00   3.0650206034768281e+00   2.0808286410690275e+00   1.2337229140452628e+00  -2.4419290470209631e-02   3.2142723065398648e-01
   2.2929879526083106e+00   3.5669737284768281e+00   2.3308286410690275e+00   1.7395822890452628e+00   4.7558070952979037e-01   5.6361473065398648e-01
   2.9179879526083106e+00   3.3181944316018281e+00   2.0964536410690275e+00   1.8274729140452628e+00   1.1083932095297904e+00   6.3614730653986484e-02
   2.7929879526083106e+00   3.0669737284768281e+00   2.7058286410690275e+00   1.2337229140452628e+00   6.0058070952979037e-01   1.2611473065398648e-01
   2.2929879526083106e+00   3.5669737284768281e+00   2.0808286410690275e+00   1.2337229140452628e+00   4.7558070952979037e-01   6.3614730653986484e-02
   2.2929879526083106e+00   3.5679502909768281e+00   2.3308286410690275e+00   1.2337229140452628e+00   4.7558070952979037e-01   5.6361473065398648e-01
   2.2929879526083106e+00   3.3145323222268281e+00   2.0808286410690275e+00   1.2393381484202628e+00   4.7558070952979037e-01   5.7533348065398648e-01
   2.2929879526083106e+00   3.0681944316018281e+00   2.5808286410690275e+00   1.2434885390452628e+00   4.7558070952979037e-01   6.3614730653986484e-02
   2.7929879526083106e+00   3.0645323222268281e+00   1.5808286410690275e+00   1.7337229140452628e+00   7.2558070952979037e-01   3.2533348065398648e-01
   2.7304879526083106e+00   3.6177549784768281e+00   2.0808286410690275e+00   1.2337229140452628e+00   5.9667445952979037e-01   8.1361473065398648e-01
   2.2929879526083106e+00   3.3184385722268281e+00   2.5808286410690275e+00   1.4837229140452628e+00   7.2558070952979037e-01  -4.2466651934601352e-01
   2.4961129526083106e+00   3.3770323222268281e+00   1.5808286410690275e+00   1.4837229140452628e+00   7.2558070952979037e-01   3.1361473065398648e-01
   2.3086129526083106e+00   2.5681944316018281e+00   2.0808286410690275e+00   1.2337229140452628e+00   4.7167445952979037e-01   5.6361473065398648e-01
   1.7929879526083106e+00   3.0669737284768281e+00   2.0808286410690275e+00   1.2393381484202628e+00   4.7558070952979037e-01   7.1427230653986484e-02
   1.7929879526083106e+00   3.0645323222268281e+00   2.3308286410690275e+00   1.2393381484202628e+00   4.7558070952979037e-01   5.7533348065398648e-01
   2.2929879526083106e+00   3.3169737284768281e+00   2.3308286410690275e+00   1.7337229140452628e+00   4.7558070952979037e-01   5.7142723065398648e-01
   2.3171578744833106e+00   2.5681944316018281e+00   2.0808286410690275e+00   1.4837229140452628e+00   4.7558070952979037e-01   7.6798324403986484e-02
   2.7929879526083106e+00   3.0681944316018281e+00   2.3308286410690275e+00   1.4837229140452628e+00   4.7558070952979037e-01  -4.3638526934601352e-01
   2.2929879526083106e+00   3.0650206034768281e+00   2.5808286410690275e+00   1.4837229140452628e+00   9.7558070952979037e-01  -4.2466651934601352e-01
   2.7929879526083106e+00   3.3181944316018281e+00   2.5808286410690275e+00   1.2434885390452628e+00   4.4262172515479037e-01   6.3614730653986484e-02
   2.2929879526083106e+00   3.3169737284768281e+00   2.3308286410690275e+00   1.2337229140452628e+00   4.7558070952979037e-01   5.7533348065398648e-01
   2.2929879526083106e+00   3.5669737284768281e+00   2.3308286410690275e+00   1.2393381484202628e+00   9.7558070952979037e-01   7.5333480653986484e-02
   2.2929879526083106e+00   3.0669737284768281e+00   2.5808286410690275e+00   1.2337229140452628e+00   4.7558070952979037e-01   7.5333480653986484e-02
   2.8398629526083106e+00   3.3169737284768281e+00   2.0808286410690275e+00   7.3372291404526280e-01   4.7558070952979037e-01   7.5333480653986484e-02
   2.7929879526083106e+00   3.5594053691018281e+00   2.0808286410690275e+00   7.3372291404526280e-01   7.2558070952979037e-01   3.2923973065398648e-01
   2.2929879526083106e+00   3.3145323222268281e+00   2.0808286410690275e+00   1.2393381484202628e+00   9.7558070952979037e-01   6.3614730653986484e-02
   2.5429879526083106e+00   3.3614073222268281e+00   1.5847348910690275e+00   1.8643381484202628e+00   5.0683070952979037e-01   3.1361473065398648e-01
   2.2929879526083106e+00   3.0681944316018281e+00   2.5808286410690275e+00   1.2337229140452628e+00  -2.7441929047020963e-01   6.3614730653986484e-02
   2.2929879526083106e+00   3.0645323222268281e+00   2.0808286410690275e+00   7.3372291404526280e-01   4.7558070952979037e-01   7.5333480653986484e-02
   2.8086129526083106e+00   3.0552549784768281e+00   2.3308286410690275e+00   1.3587229140452628e+00   4.7558070952979037e-01   3.1361473065398648e-01
