   4.3717950331236077e-01
   4.4346681619831652e-01
   4.4346681619831652e-01
   4.6046979452101805e-01
   5.0140207281916882e-01
   5.4106104401576371e-01
   5.5650141972242972e-01
   5.8794562056946631e-01
   5.9426306661726991e-01
   5.9671349733540413e-01
   5.9671349733540413e-01
   1.5628856685125405e+00
   8.3753615121686442e-01
   3.7006264293152413e-01
   2.0282333300121529e+00
   8.1996615433447662e-01
   4.2521523977144760e-01
   1.0055729159702738e+00
   1.8235630030242727e+00
   4.4346681619831652e-01
   6.3120743118836919e-01
   1.0520754895751627e+00
   1.8015674993794271e+00
   5.3422191645162243e-01
   1.7108253416474721e+00
   3.9566105951572428e-01
   1.2716252733724656e+00
   1.1934742231489359e+00
   9.9898729486489979e-01
   8.1249616620288156e-01
   1.2389888003497564e+00
   6.4840432358901035e-01
   1.1168929473314362e+00
   6.4047724814489726e-01
   6.3991240188338894e-01
   1.3730954390640888e+00
   9.1813639765932820e-01
   8.7778331536604848e-01
   9.5349810033613724e-01
   1.0016522145632150e+00
   1.6439305411979210e+00
   2.1797962300755782e+00
   1.1428422569099097e+00
   1.5869675441164026e+00
   6.4047724814489726e-01
   5.9731919541342537e-01
   1.4478077108692518e+00
   6.5236280696351379e-01
   1.1727674066726284e+00
   6.4047724814489726e-01
   1.3462752074701960e+00
   1.2261429561640129e+00
   8.1789358222119179e-01
   4.1611574362575476e-01
   4.6954661899720079e-01
   7.9924838893841521e-01
   8.5411510284717285e-01
   7.4295695875839052e-01
   1.6726677295523706e+00
   1.4104625591826625e+00
   1.2052613329774089e+00
   1.6259528974261628e+00
   1.0657384518093878e+00
   2.2834348988722857e+00
   8.6116485479459337e-01
   1.9865736316858935e+00
   6.7164538868068002e-01
   8.7098282178684061e-01
   1.0283230673443733e+00
   1.0915803291470760e+00
   5.2203430774855275e-01
   2.0845275187304955e+00
   1.0014919639121063e+00
   6.2449454610828159e-01
   4.4964033740485487e-01
   6.3991240188338894e-01
   6.2422606164471084e-01
   7.4344812030940721e-01
   7.3276433222645554e-01
   4.9232536788007292e-01
   6.8495388359579212e-01
   1.8990796266305670e+00
   1.1665733946330765e+00
   1.4646441274604647e+00
   1.2322838128316203e+00
   6.4047724814489726e-01
   1.2873800095681782e+00
   1.1948722682123425e+00
   5.9671349733540413e-01
   5.9671349733540413e-01
   7.0784224593420864e-01
   1.4515347343614773e+00
   7.2063462012540636e-01
   1.2405603342441087e+00
   1.6018253509650777e+00
   6.3991240188338894e-01
   6.8554742278302683e-01
   5.8560371122573096e-01
   5.8714454407679972e-01
   1.1351030981282744e+00
   8.7296744193894704e-01
   5.8794562056946631e-01
   4.6539081644285951e-01
   4.3717950331236077e-01
   1.6350108491581983e+00
   6.8697431549539301e-01
   1.0558584400449806e+00
   1.8832106766530963e+00
   8.8087333248917010e-01
   1.4373915857066297e+00
   1.5203783033860587e+00
   1.0957517133642769e+00
   2.0446151212062249e+00
   5.0918276228975101e-01
   8.5297244977615183e-01
   1.1279669146251001e+00
   6.4077479854854946e-01
   1.0579401984517824e+00
   5.0918276228975101e-01
   7.8391726148561391e-01
   8.7599719168530954e-01
   7.9613328500135805e-01
   1.1856077746342750e+00
   3.7006264293152413e-01
   6.9252216903293240e-01
   6.3991240188338894e-01
   9.1126300877449806e-01
   7.3158297599390620e-01
   1.3901090022769687e+00
   5.4984214966274214e-01
   6.9252216903293240e-01
   1.0378647410871429e+00
   9.6747345339127278e-01
   5.8733025585246534e-01
   1.1047373601056607e+00
   1.0146232915479567e+00
   4.2348274334688307e-01
   6.5220455205755357e-01
   1.4162310618466547e+00
   1.0542636904718723e+00
   7.6694700212765099e-01
   7.1630073293593721e-01
   2.6026017727221489e+00
   6.3991240188338894e-01
   7.3906520390063102e-01
   6.8954021792105180e-01
   2.1730859471444854e+00
   7.6092830021777258e-01
   1.2854414309011164e+00
   6.7924230117653661e-01
   7.6306942472750683e-01
   3.0849247148115949e-01
   1.0271585100752489e+00
   6.6849839672617783e-01
   8.7156377414574460e-01
   1.3255884759563477e+00
   1.0962722056261724e+00
   2.8149471063740803e+00
   4.6046979452101805e-01
   9.6422179981963363e-01
   1.5467980088806423e+00
   3.0849247148115949e-01
   1.2399761972806671e+00
   1.7885511727272176e+00
   4.3717950331236077e-01
   1.3057603943407108e+00
   1.2159772219745968e+00
   9.0684730759981225e-01
   8.2080595722022776e-01
   2.5576592413948545e+00
   7.5025544289870782e-01
   6.4047724814489726e-01
   7.5490234953121971e-01
   1.9024612948517801e+00
   9.4025931979725830e-01
   1.3270346073021142e+00
   4.2165665258951668e-01
   6.4047724814489726e-01
   9.9271463787849545e-01
   1.2687302029580434e+00
   5.4013051997970163e-01
   1.3696891295900369e+00
   1.4720629539068224e+00
   8.2023605104004238e-01
   1.1266125847900876e+00
   1.5079149150519029e+00
   7.1617972895025339e-01
   1.7127820086004217e+00
   1.2571992956010392e+00
   6.6894022970577793e-01
   8.1192357472838661e-01
   9.4069961766074228e-01
   5.7565421133066808e-01
   4.5210656272289218e-01
   1.3391182860510233e+00
   1.0137603817131053e+00
   1.3339343896915785e+00
   2.3968419121383637e+00
   2.1047423967961012e+00
   1.1017547657458318e+00
   7.7740240244026215e-01
   7.5298871576902693e-01
   7.1005663214007630e-01
   8.2549623965560937e-01
   1.2723837168338221e+00
   1.5566889382015439e+00
   8.3126915305481097e-01
   1.0928931221153422e+00
   3.0838745397567360e+00
   2.1122268674602234e+00
   5.1519528570877271e-01
   5.9377437868608840e-01
   2.2313000651366970e+00
   1.6583708947362203e+00
   1.5824648538262296e+00
   1.0645833500017259e+00
   8.5040121042138817e-01
   7.3977765118842709e-01
   6.5060744710548801e-01
   8.6165842975452644e-01
