   5.3235072717611139e-02
   5.3235072717611139e-02
   5.3235072717611139e-02
   5.3235072717611139e-02
   5.3235072717611139e-02
   5.3235072717611139e-02
   5.3235072717611139e-02
   5.3235072717611139e-02
   5.3235072717611139e-02
   5.3235072717611139e-02
   5.3235072717611139e-02
   5.3496805461950930e-02
   5.3826579184072285e-02
   5.3244494925468080e-02
   5.3496805461950930e-02
   5.4040356320958695e-02
   5.3459125135180544e-02
   5.7061045961964610e-02
   5.3235072717611139e-02
   5.5484636381332254e-02
   5.3235072717611139e-02
   5.7456369126316881e-02
   5.3235072717611139e-02
   5.3235072717611139e-02
   5.6129328607298433e-02
   5.3244494925468080e-02
   5.3244494925468080e-02
   5.3235072717611139e-02
   5.3317899601074886e-02
   5.3235072717611139e-02
   5.3235072717611139e-02
   5.7395475434350834e-02
   5.3908066020663996e-02
   5.4294827372382795e-02
   5.3235072717611139e-02
   5.6892595116476687e-02
   5.3235072717611139e-02
   5.3235072717611139e-02
   5.4470921272021605e-02
   5.3235072717611139e-02
   5.3244494925468080e-02
   5.3459125135180544e-02
   5.7622301864061760e-02
   5.4172244085584319e-02
   5.3235072717611139e-02
   5.4369359891406253e-02
   5.3244494925468080e-02
   5.3235072717611139e-02
   5.4141371320712749e-02
   5.3235072717611139e-02
   5.3826579184072285e-02
   5.9917779413042611e-02
   8.6157341226869105e-02
   5.5184262351686539e-02
   5.3410667197719981e-02
   5.3235072717611139e-02
   5.4608986664138139e-02
   5.4294827372382795e-02
   5.3235072717611139e-02
   2.4070146290353775e-01
   5.3244494925468080e-02
   5.3235072717611139e-02
   5.3235072717611139e-02
   5.5339447882262846e-02
   5.3235072717611139e-02
   5.3235072717611139e-02
   5.3235072717611139e-02
   6.4427222035709525e-02
   5.3235072717611139e-02
   5.3244494925468080e-02
   5.3244494925468080e-02
   5.8440639505818043e-02
   5.3235072717611139e-02
   5.3235072717611139e-02
   5.3235072717611139e-02
   5.3235072717611139e-02
   5.3235072717611139e-02
   5.3235072717611139e-02
   5.3235072717611139e-02
   6.8226491415689039e-02
   5.4639514136275373e-02
   5.3235072717611139e-02
   6.1877890899145693e-02
   5.3534213087900413e-02
   6.0875394013700505e-02
   5.3235072717611139e-02
   5.3235072717611139e-02
   5.3235072717611139e-02
   5.3235072717611139e-02
   7.1344385637677268e-02
   5.3235072717611139e-02
   5.3235072717611139e-02
   9.3394778842054785e-02
   5.7456369126316881e-02
   5.3235072717611139e-02
   5.3235072717611139e-02
   5.3235072717611139e-02
   5.3313701974002842e-02
   5.3882810111130906e-02
   5.3235072717611139e-02
   5.3235072717611139e-02
   5.3656393606106349e-02
   5.4294827372382795e-02
   5.3244494925468080e-02
   5.3244494925468080e-02
   5.3244494925468080e-02
   5.3235072717611139e-02
   5.4100206913384193e-02
   5.3235072717611139e-02
   6.1303927192549366e-02
   5.3235072717611139e-02
   9.1689399128484228e-02
   5.3235072717611139e-02
   5.3235072717611139e-02
   5.3244494925468080e-02
   5.4479846226171531e-02
   6.1248987682748134e-02
   5.3235072717611139e-02
   5.3252372156556288e-02
   5.3235072717611139e-02
   5.3317899601074886e-02
   5.3235072717611139e-02
   5.5603993563473744e-02
   5.3244494925468080e-02
   5.3235072717611139e-02
   5.3459125135180544e-02
   5.3235072717611139e-02
   5.3235072717611139e-02
   5.4351315384552061e-02
   5.3235072717611139e-02
   5.3244494925468080e-02
   5.3244494925468080e-02
   5.3235072717611139e-02
   5.3235072717611139e-02
   5.3235072717611139e-02
   5.3235072717611139e-02
   6.3066687425302567e-02
   5.3235072717611139e-02
   5.3235072717611139e-02
   5.3235072717611139e-02
   5.6129328607298433e-02
   5.3321958603361023e-02
   5.3235072717611139e-02
   5.3244494925468080e-02
   5.3244494925468080e-02
   5.4678151209627955e-02
   5.4678151209627955e-02
   5.3235072717611139e-02
   5.3235072717611139e-02
   5.3235072717611139e-02
   5.3575567050421484e-02
   8.1704759452031539e-02
   1.0274631098281178e-01
   5.3235072717611139e-02
   6.1438548477360501e-02
   5.3244494925468080e-02
   1.7869853403562572e-01
   5.3459125135180544e-02
   5.3235072717611139e-02
   5.3235072717611139e-02
   5.3235072717611139e-02
   5.3244494925468080e-02
   5.3235072717611139e-02
   5.7691740794895655e-02
   5.3235072717611139e-02
   5.3235072717611139e-02
   6.5820653150415118e-02
   5.3244494925468080e-02
   9.9760640147746660e-02
   5.3235072717611139e-02
   5.3244494925468080e-02
   5.3366276648311999e-02
   5.3235072717611139e-02
   6.9952915214237285e-02
   5.3244494925468080e-02
   5.3235072717611139e-02
   6.1203563195459908e-02
   5.3645201501242898e-02
   6.6081368245680422e-02
   5.3612369134193913e-02
   5.3182935089218210e-02
   5.4407293487885061e-02
   6.0197388632912380e-02
   5.3434623553517524e-02
   5.4952355826493139e-02
   5.6284206634743664e-02
   1.5549832854146417e-01
   5.3678408277954996e-02
   5.4221231239278377e-02
   5.7670702515531219e-02
   5.3147905798860084e-02
   5.3737532066645700e-02
   5.5991361403128589e-02
   5.3902538597255009e-02
   5.3908174291038398e-02
   5.3462367759648008e-02
   5.3651166939875386e-02
   5.3484122434269921e-02
   5.3914122147044351e-02
   5.3711052244342486e-02
   5.4191695880269987e-02
   5.3943907661947108e-02
   5.4327836985325562e-02
   5.4030275102461951e-02
   5.3680686685865342e-02
   5.3686045912095803e-02
   5.4398308828517095e-02
   5.3434623553517524e-02
   5.3601491327621806e-02
   5.4326868763175766e-02
   5.3700475210222573e-02
   5.8657650989483875e-02
   5.3974730217495527e-02
   5.8571971074973313e-02
   6.8527331937363406e-02
   5.3678565212799768e-02
   5.5369168633979039e-02
   5.4309469058194657e-02
   5.3741898841443626e-02
   6.1029252740618926e-02
