   5.2986795885038004e-02
   5.2986797023967282e-02
   5.2986797132431110e-02
   5.2986797132431110e-02
   5.2986798170374785e-02
   5.2986798170374785e-02
   5.2986798170374785e-02
   5.2986798170374785e-02
   5.2986798170374785e-02
   5.2986798170374785e-02
   5.2986798170374785e-02
   5.2986801305948190e-02
   5.3018346933655917e-02
   5.3000605148809735e-02
   5.2986949807994670e-02
   5.2986801305948190e-02
   5.2986800796899575e-02
   5.2986870050709220e-02
   5.3000893797088798e-02
   5.2986813571899098e-02
   5.2995329130709819e-02
   5.2986854347652178e-02
   5.2994831301516596e-02
   5.2986798679423415e-02
   5.2986867964631305e-02
   5.3002935505638858e-02
   5.2993717628580225e-02
   5.2986801305948190e-02
   5.2995862964398989e-02
   5.2986804220568631e-02
   5.2990312546758296e-02
   5.2986798560290545e-02
   5.2998889541762344e-02
   5.3031839205683738e-02
   5.2986797720518890e-02
   5.2986987489941642e-02
   5.2986798560290545e-02
   5.2986801305948190e-02
   5.2986852943238488e-02
   5.2986796514918631e-02
   5.2986807414703428e-02
   5.2986813571899098e-02
   5.2999122158172901e-02
   5.2996184578731627e-02
   5.2986926615937686e-02
   5.2986854371096417e-02
   5.2986915101470126e-02
   5.2986798170374785e-02
   5.2986798679423415e-02
   5.2986798560290545e-02
   5.2986804308230932e-02
   5.2994472082444309e-02
   5.2986854371096417e-02
   5.3008325821916134e-02
   5.2986854371096417e-02
   5.2986801305948190e-02
   5.2986798679423415e-02
   5.2986812286279591e-02
   5.2986850663414693e-02
   5.3039161774012328e-02
   5.2986798560290545e-02
   5.3042589144762869e-02
   5.2986801305948190e-02
   5.2994790971615677e-02
   5.3007230392574045e-02
   5.2987794463919637e-02
   5.2986798170374785e-02
   5.2986798560290545e-02
   5.2986798679423415e-02
   5.2986900938875550e-02
   5.2986869345536390e-02
   5.3004713380023209e-02
   5.3009263947411227e-02
   5.2986801619535048e-02
   5.2988635057222323e-02
   5.2986825985820357e-02
   5.2986801305948190e-02
   5.2986798035002503e-02
   5.2996559222511612e-02
   5.2986794278309414e-02
   5.2987783974919538e-02
   5.2987656414576312e-02
   5.3023449917526964e-02
   5.2986798170374785e-02
   5.3009073781914731e-02
   5.2988802477136741e-02
   5.2986798170374785e-02
   5.2986972727202548e-02
   5.2986800155168629e-02
   5.2987199124861398e-02
   5.2986812286279591e-02
   5.2986799178884728e-02
   5.2986800796899575e-02
   5.3003351212020336e-02
   5.2986800796899575e-02
   5.2987076893023323e-02
   5.2986803559742751e-02
   5.2993486611470561e-02
   5.2990155746780697e-02
   5.2986818643728686e-02
   5.2987505244672738e-02
   5.2986853391896842e-02
   5.2986801305948190e-02
   5.2986937021287796e-02
   5.3005479294677624e-02
   5.2986798170374785e-02
   5.2986798679423415e-02
   5.2986798592910916e-02
   5.2986801305948190e-02
   5.2987048136214979e-02
   5.2986854347652178e-02
   5.2986801305948190e-02
   5.2990812641193569e-02
   5.2986798170374785e-02
   5.2986854371096417e-02
   5.2986801305948190e-02
   5.2986800511458730e-02
   5.2996778339577402e-02
   5.2986798679423415e-02
   5.2986870050709220e-02
   5.2988878983048875e-02
   5.2986867424187852e-02
   5.3011822251773817e-02
   5.2986798170374785e-02
   5.2986795093993941e-02
   5.2986798560290545e-02
   5.2986798035002503e-02
   5.2986804748017258e-02
   5.2986810945374933e-02
   5.2986797132431110e-02
   5.2986801032055497e-02
   5.3016201062841689e-02
   5.2986945557595352e-02
   5.2986879812091943e-02
   5.2986798592910916e-02
   5.2986817246226281e-02
   5.2986798679423415e-02
   5.2986799878088825e-02
   5.2986801305948190e-02
   5.3010089105990178e-02
   5.2997326031007784e-02
   5.2986813571899098e-02
   5.2986855335331068e-02
   5.2986795933765637e-02
   5.3015662026671705e-02
   5.2986797884933920e-02
   5.2986798679423415e-02
   5.2990709598397627e-02
   5.2992041340939239e-02
   5.2986801305948190e-02
   5.2986801305948190e-02
   5.2986854371096417e-02
   5.2986798679423415e-02
   5.2986798679423415e-02
   5.2986800654236374e-02
   5.2986851566456224e-02
   5.2986800796899575e-02
   5.2986798170374785e-02
   5.2986949432701859e-02
   5.3003711194153348e-02
   5.2986801305948190e-02
   5.2989538506457920e-02
   5.2986801305948190e-02
   5.2986798679423415e-02
   5.2987783096482326e-02
   5.2988268053910603e-02
   5.2986852918131183e-02
   5.2986797023967282e-02
   5.2986801305948190e-02
   5.2986898281205459e-02
   5.2987756761261023e-02
   5.2986794278309414e-02
   5.2986798560290545e-02
   5.2986798560290545e-02
   5.2988381041922869e-02
   5.2986798679423415e-02
   5.2986794570457109e-02
   5.2986797316114956e-02
   5.3139614115832505e-02
   5.3436369841061371e-02
   5.3226735547962471e-02
   5.3178174728932451e-02
   5.3041022498761484e-02
   5.3047596813181642e-02
   5.3013455708930769e-02
   5.3218573013018237e-02
   5.3207525854644160e-02
   5.3253964015922597e-02
   5.3122639187102062e-02
   5.3120746371621723e-02
   5.3142935261148862e-02
   5.3097657243067302e-02
   5.3065924355364100e-02
   5.3129754139188537e-02
   5.3023376522152152e-02
   5.3154925254326545e-02
   5.3156453877129715e-02
   5.3112548126201781e-02
   5.3364658835932707e-02
   5.3159214875584337e-02
   5.3359964767035181e-02
   5.3203308085941363e-02
   5.3193483743561726e-02
   5.3225701480915773e-02
   5.3108338010733086e-02
   5.3151420821928239e-02
   5.3098804762338060e-02
   5.3119836997313319e-02
   5.3251613314235655e-02
   5.3156471600917202e-02
   5.3255470083822656e-02
   5.3307882525327220e-02
   5.3112035394064699e-02
   5.3316645606249449e-02
   5.3258893695364858e-02
   5.3072144909762774e-02
   5.3157958922868238e-02
   5.3130393684966845e-02
   5.3011643518891767e-02
   5.3015640228258748e-02
