   2.0968120151622069e-01
   2.2624920485634811e-01
   2.2656265315175136e-01
   2.3553783458240277e-01
   2.3627074448623300e-01
   2.3627074448623300e-01
   2.3627074448623300e-01
   2.3627074448623300e-01
   2.3627074448623300e-01
   2.3627074448623300e-01
   2.3627074448623300e-01
   2.4862961039885789e-01
   2.4193738662099160e-01
   4.2952522270066956e-01
   3.3841666963287831e-01
   2.4426622160659589e-01
   2.7283250877901127e-01
   2.8357270915503507e-01
   2.6561730988704102e-01
   4.6416924061953535e-01
   4.4448470119898853e-01
   2.4426622160659589e-01
   4.2262574526977625e-01
   2.5136155508179359e-01
   4.6670044649319159e-01
   2.8357270915503507e-01
   3.0849247148115949e-01
   2.3553783458240277e-01
   2.6561730988704102e-01
   2.5191086278102337e-01
   4.7533141066296969e-01
   2.0968120151622069e-01
   2.5191086278102337e-01
   8.7557239193173841e-01
   2.9395130931297148e-01
   2.9170483963223093e-01
   2.9334795556989152e-01
   5.6310644377905605e-01
   1.2628345769162093e+00
   2.3627074448623300e-01
   2.4193738662099160e-01
   2.6519127059984665e-01
   2.8357270915503507e-01
   3.8967463354590376e-01
   2.8155718653681522e-01
   9.2023247689308263e-01
   3.0476177078173344e-01
   2.8632902480432004e-01
   3.6347899695116337e-01
   5.6922094295618308e-01
   2.4193738662099160e-01
   2.7788755039803914e-01
   1.2054776039505744e+00
   2.5956566530291042e-01
   2.9106330773930778e-01
   8.2584569500222216e-01
   4.7063084939501154e-01
   7.1074895914947489e-01
   2.1612373754557498e-01
   2.1612373754557498e-01
   2.5898781607962745e-01
   2.3553783458240277e-01
   7.7344659206384925e-01
   4.1845212517023000e-01
   4.1066609357892181e-01
   2.8155718653681522e-01
   2.3627074448623300e-01
   5.0867476605275219e-01
   5.6230764777074227e-01
   2.7335282412387069e-01
   2.8155718653681522e-01
   2.8516190474422959e-01
   6.2571638792914486e-01
   5.2907885352796180e-01
   2.9770814984596383e-01
   2.3627074448623300e-01
   5.5439870744813746e-01
   2.9019351701729529e-01
   7.0783375603181764e-01
   4.7707316332413863e-01
   7.7948385034930756e-01
   2.4426622160659589e-01
   4.9722442497995695e-01
   2.4700415008654741e-01
   4.9877642189556892e-01
   2.1217205488667507e-01
   2.6487707973135005e-01
   3.3841666963287831e-01
   3.2411642218256498e-01
   2.3627074448623300e-01
   2.9170483963223093e-01
   2.8212925660327193e-01
   2.2983563528289230e-01
   9.7882854108752904e-01
   2.9334795556989152e-01
   2.6562599169922069e-01
   3.3841666963287831e-01
   3.1700304494323550e-01
   2.6487707973135005e-01
   4.0981873635079491e-01
   9.5777390675322815e-01
   3.1011288116152980e-01
   6.8365874695541218e-01
   2.6487707973135005e-01
   5.4865967130229643e-01
   2.3627074448623300e-01
   4.3802372094858694e-01
   2.8155718653681522e-01
   4.0236945336713775e-01
   4.7228019447219916e-01
   4.0265168436814502e-01
   5.4114400550368991e-01
   6.4928407762363405e-01
   3.0849247148115949e-01
   2.6562599169922069e-01
   2.5431061933483939e-01
   6.6112279666979423e-01
   2.5652510048751043e-01
   3.0211733711125249e-01
   3.7538900804350306e-01
   2.1612373754557498e-01
   3.9962314448114677e-01
   5.4114400550368991e-01
   2.5431061933483939e-01
   3.6005982158021888e-01
   8.6332992276000831e-01
   4.5141240819573797e-01
   2.5601751373834125e-01
   2.3627074448623300e-01
   3.8087017694656322e-01
   6.4456032146865505e-01
   2.3844998863070341e-01
   2.8357270915503507e-01
   7.7107809568272068e-01
   2.9376309798415967e-01
   4.5625287449850654e-01
   2.8600259673837614e-01
   2.8155718653681522e-01
   2.8756153542308466e-01
   2.5431061933483939e-01
   2.6736234308296708e-01
   2.5431061933483939e-01
   2.3627074448623300e-01
   8.5028906470297361e-01
   2.2624920485634811e-01
   2.4426622160659589e-01
   6.8013508898724717e-01
   2.9477480165506842e-01
   2.6564296454920971e-01
   2.9984164798863927e-01
   6.5211508863776613e-01
   2.5191086278102337e-01
   7.5977848494527189e-01
   5.3926578943155534e-01
   4.9877642189556892e-01
   3.7863059513192021e-01
   2.8155718653681522e-01
   2.9705323218537927e-01
   6.5529664503676477e-01
   2.8155718653681522e-01
   2.3627074448623300e-01
   2.6487707973135005e-01
   6.2430379491017118e-01
   5.9896493852701838e-01
   8.0344813711994179e-01
   6.4329383687997943e-01
   4.3763418377624691e-01
   2.8792424413668749e-01
   2.4193738662099160e-01
   2.8632902480432004e-01
   2.4286807545703543e-01
   3.0704260242843195e-01
   2.9433414516782469e-01
   2.3627074448623300e-01
   2.7283250877901127e-01
   2.7069829851395399e-01
   2.5431061933483939e-01
   2.6487707973135005e-01
   5.8420128434721907e-01
   6.7270096593345430e-01
   5.1901231246139445e-01
   5.8820428824032300e-01
   4.9578428158835097e-01
   4.5903251620624108e-01
   6.4812732918113181e-01
   4.1977497282295850e-01
   7.4547301891108875e-01
   8.8217359846126309e-01
   7.2874019005761859e-01
   8.2974217881959400e-01
   1.0709078603016260e+00
   9.0271875399286849e-01
   4.5794567063661301e-01
   3.6057358959734992e-01
   7.0681999729335121e-01
   1.2140108248341908e+00
   7.6628802942026342e-01
   8.9417230189273822e-01
   8.3223537771059741e-01
   5.1436987361551623e-01
   1.0826972643849209e+00
   4.4349948264792927e-01
   6.1583208027929304e-01
   8.4763611569429975e-01
   4.5674225463629065e-01
   1.2081169341324727e+00
   5.3776832465441959e-01
   8.1762523124901498e-01
   7.3037440876313819e-01
   6.6032681408527472e-01
   8.0082067748968855e-01
   5.3239631008206356e-01
   3.6057358959734992e-01
   7.3968868006689248e-01
   5.8675193591548613e-01
   8.0515249553141655e-01
   6.1328103243990384e-01
   7.0185099636012127e-01
   4.7429001050036546e-01
   2.8188829066650500e-01
