   5.3010018985663515e-02
   5.3010018985663515e-02
   5.3010018985663515e-02
   5.3010018985663515e-02
   5.3010018985663515e-02
   5.3010018985663515e-02
   5.3010018985663515e-02
   5.3010018985663515e-02
   5.3010018985663515e-02
   5.3010018985663515e-02
   5.3010018985663515e-02
   5.3013095143753970e-02
   5.0810262019321484e-01
   5.3020636707315515e-02
   5.3015249311236537e-02
   5.3010018985663515e-02
   5.3010018985663515e-02
   5.2102918612842153e-01
   5.3012585518463030e-02
   5.3024035760889557e-02
   5.9328643534848520e-02
   6.0038518636878216e-02
   5.3015661527634095e-02
   5.3050389670144311e-02
   5.3012585518463030e-02
   5.3061428321569029e-02
   4.8663032348508672e-01
   1.8942763676996047e-01
   5.3018372964759225e-02
   5.3018031716894551e-02
   5.3010018985663515e-02
   5.3012585518463030e-02
   1.8987841012327308e-01
   5.3018405707436995e-02
   1.2900948754470343e-01
   1.2644752733065259e-01
   5.3010018985663515e-02
   5.3012585518463030e-02
   5.0814199982157449e-01
   5.3010018985663515e-02
   5.3015249311236537e-02
   5.3024035760889557e-02
   5.3012585518463030e-02
   5.8337234604129407e-01
   4.4683499308293589e-01
   5.3015249311236537e-02
   5.3013095143753970e-02
   5.3015661527634095e-02
   5.3073472124180385e-02
   5.3135611036734365e-02
   5.3061428321569029e-02
   4.8562411191376370e-01
   5.3018372964759225e-02
   7.2078311655604765e-01
   1.2910098145663526e-01
   5.3015249311236537e-02
   5.3018372964759225e-02
   3.6193975784945170e-01
   1.5068731619578418e-01
   1.3266138886801856e-01
   5.3018031716894551e-02
   5.3015249311236537e-02
   5.3010018985663515e-02
   5.3012585518463030e-02
   5.3025687591462235e-02
   5.3010018985663515e-02
   5.3010018985663515e-02
   5.4305965062846115e-02
   5.3012585518463030e-02
   5.3015249311236537e-02
   5.3012585518463030e-02
   5.3020636707315515e-02
   2.1248182090214610e-01
   5.3015249311236537e-02
   2.1637205793867167e-01
   5.3035977016288746e-02
   3.4741219914100596e-01
   5.3018372964759225e-02
   4.5743839408223907e-01
   5.3015661527634095e-02
   5.3010018985663515e-02
   1.8338718455000269e-01
   5.3018372964759225e-02
   1.8410064548585206e-01
   5.3010018985663515e-02
   5.3032025254590852e-02
   6.7999398660444754e-01
   6.2938998151573422e-01
   5.3018372964759225e-02
   6.2785659118387482e-01
   6.4742005713671794e-02
   5.3010018985663515e-02
   5.3015249311236537e-02
   5.3010018985663515e-02
   3.5785366041964756e-01
   5.3085724434665707e-02
   5.3010018985663515e-02
   5.3015249311236537e-02
   6.2762958981035033e-01
   2.2058227132301861e-01
   5.3012585518463030e-02
   5.3012585518463030e-02
   5.3013095143753970e-02
   6.0586867954623425e-01
   5.3164963147372978e-02
   5.3018031716894551e-02
   5.3018372964759225e-02
   5.3010018985663515e-02
   5.3010018985663515e-02
   5.7422239612849334e-02
   5.3015249311236537e-02
   5.3042925377371847e-02
   5.3010018985663515e-02
   5.3010018985663515e-02
   2.9518579095124831e-01
   5.3015249311236537e-02
   5.3010018985663515e-02
   5.3010018985663515e-02
   5.3065430587419242e-02
   5.3010018985663515e-02
   5.3013095143753970e-02
   5.3012585518463030e-02
   5.4854571652451201e-01
   5.3028484316081370e-02
   8.9027861982679674e-02
   5.3015249311236537e-02
   5.3171558571661275e-02
   5.3019107306103916e-02
   5.3015249311236537e-02
   5.3012585518463030e-02
   6.3348699870089964e-01
   5.3012585518463030e-02
   5.3015249311236537e-02
   5.3012585518463030e-02
   5.3010018985663515e-02
   2.9535419293648163e-01
   5.3010018985663515e-02
   5.3018031716894551e-02
   5.3067714336892585e-02
   2.5911842887520214e-01
   1.3266138886801856e-01
   5.3018372964759225e-02
   5.3018372964759225e-02
   1.1196445027179249e+00
   5.3018372964759225e-02
   5.3010018985663515e-02
   5.3010018985663515e-02
   5.3021448638174880e-02
   5.3027191634084453e-02
   5.3010018985663515e-02
   6.2852143228363833e-01
   5.3042386899435641e-02
   5.3036299492038523e-02
   5.3010018985663515e-02
   5.3010018985663515e-02
   5.3018372964759225e-02
   5.3010018985663515e-02
   3.5592234504934850e-01
   5.3012585518463030e-02
   2.9704356717353697e-01
   4.6696929370148854e-01
   5.3018031716894551e-02
   4.9302475734816853e-01
   5.3012585518463030e-02
   4.8681347167443384e-01
   5.3012585518463030e-02
   2.1427993541564488e-01
   5.3012585518463030e-02
   4.8562383174792795e-01
   1.8344560169148963e-01
   7.6989441431004890e-02
   5.3010018985663515e-02
   5.3012585518463030e-02
   5.3015249311236537e-02
   6.6109547881267855e-02
   5.3024035760889557e-02
   5.3018031716894551e-02
   5.3015661527634095e-02
   2.5083326803395117e-01
   2.7361326950734438e-01
   4.2305892948974133e-01
   2.1637205793867167e-01
   1.8376602840695971e-01
   2.4874682277065788e-01
   3.3388822121363360e-01
   1.8413647815638232e-01
   5.3079878950984560e-01
   1.7703167616408172e-01
   5.6100847791673092e-01
   2.4521007318021920e-01
   1.5235842059737348e-01
   2.2634987699809866e-01
   3.7465357604069760e-01
   3.9609587574420652e-01
   2.5162825896799790e-01
   1.5335765229953852e-01
   3.6006843447271175e-01
   1.7964613400190516e-01
   3.5539357724497378e-01
   3.7365300980973037e-01
   1.8370754731555203e-01
   1.8883436453368571e-01
   2.6838397061946145e-01
   1.8331997917518014e-01
   5.1244140056982967e-01
   1.1721059029002491e-01
   2.6712360329086238e-01
   2.7579218774304576e-01
   2.4031181241819688e-01
   2.7862518646056500e-01
   6.2862027502390527e-01
   4.2326715348778815e-01
   3.5309812324784629e-01
   3.5861068585727146e-01
   4.1896228017123754e-01
   4.6216339292458325e-01
   1.1244302083213240e+00
   2.6157188546114685e-01
   3.4429680903405885e-01
   4.2509535375167462e-01
