   5.2991878048286485e-02
   5.2991878048286485e-02
   5.2991972770985087e-02
   5.2991972770985087e-02
   5.2991972770985087e-02
   5.2991972770985087e-02
   5.2991972770985087e-02
   5.2991972770985087e-02
   5.2991972770985087e-02
   5.2992535385427635e-02
   5.2992535385427635e-02
   6.5810894358940511e-02
   7.6560675764485775e-02
   5.2993517242483863e-02
   8.0323358366080233e-02
   5.3007686913185331e-02
   5.8995572223606040e-02
   8.2193342600928435e-02
   5.2993517242483863e-02
   5.2991878048286485e-02
   5.2991972770985087e-02
   5.3704103556807894e-02
   5.3001678863657489e-02
   5.2992535385427635e-02
   5.2992535385427635e-02
   7.1309469043443277e-02
   5.5560333760359515e-02
   6.4405398188670249e-02
   7.0535305198922704e-02
   5.2993517242483863e-02
   5.3001584158305304e-02
   5.3002241375070661e-02
   5.2991972770985087e-02
   5.3010426923024677e-02
   5.3001678863657489e-02
   5.2991972770985087e-02
   5.2991878048286485e-02
   5.3001678863657489e-02
   5.2991972770985087e-02
   5.2992535385427635e-02
   6.2910690784748688e-02
   5.2992535385427635e-02
   6.3848232569976474e-02
   6.0904364388939251e-02
   5.2991972770985087e-02
   6.6209219886594978e-02
   5.2992535385427635e-02
   8.7680273805703479e-02
   5.2992535385427635e-02
   5.9139777947689397e-02
   5.5033510777560531e-02
   5.3002241375070661e-02
   5.2992535385427635e-02
   5.3002241375070661e-02
   5.2991878048286485e-02
   5.2991972770985087e-02
   5.2994079840529451e-02
   5.3009296859809839e-02
   5.5622704604903844e-02
   5.3013951014288511e-02
   5.2992535385427635e-02
   5.3126392769071905e-02
   5.3132575013034339e-02
   5.3012918211540722e-02
   5.2991878048286485e-02
   5.2991972770985087e-02
   5.3001584158305304e-02
   5.2994079840529451e-02
   6.3848232569976474e-02
   5.2991972770985087e-02
   5.2991972770985087e-02
   5.3001678863657489e-02
   5.3098652912019324e-02
   5.9978788725597705e-02
   5.2993517242483863e-02
   5.2993422522545922e-02
   5.2991972770985087e-02
   7.0211436988893136e-02
   5.2992535385427635e-02
   5.4651025571904786e-02
   5.2991972770985087e-02
   5.4179998739122714e-02
   5.2994079840529451e-02
   5.3006653988385305e-02
   5.3237663727873065e-02
   8.5394217814107429e-02
   5.2992535385427635e-02
   5.4594609116900152e-02
   5.2991878048286485e-02
   5.4505666190741743e-02
   5.3001584158305304e-02
   5.2992535385427635e-02
   5.3009296859809839e-02
   5.3002241375070661e-02
   8.6133067007875416e-02
   5.2997577600957607e-02
   5.2993517242483863e-02
   5.2994079840529451e-02
   5.3001678863657489e-02
   5.2994079840529451e-02
   5.3461694920597699e-02
   5.3313229606806116e-02
   6.9046444024489020e-02
   5.2992535385427635e-02
   5.2996760991079639e-02
   5.6064402612099745e-02
   5.2991878048286485e-02
   5.5295475330430832e-02
   5.3050708230884272e-02
   5.2992535385427635e-02
   5.2991878048286485e-02
   5.3006964755561305e-02
   5.3524452524003625e-02
   5.4812052687222765e-02
   5.3001584158305304e-02
   7.9877708949814455e-02
   5.2992535385427635e-02
   6.6745440134137357e-02
   5.2991878048286485e-02
   5.3001678863657489e-02
   5.2992535385427635e-02
   5.2991972770985087e-02
   5.2992535385427635e-02
   5.3908804341467761e-02
   5.3687371739406048e-02
   8.0221647754764439e-02
   5.6323554402949713e-02
   5.4347213943202140e-02
   5.7887048926184355e-02
   5.3001584158305304e-02
   5.2992535385427635e-02
   5.2993517242483863e-02
   5.2993517242483863e-02
   5.2991878048286485e-02
   5.2993517242483863e-02
   5.2993422522545922e-02
   5.3007686913185331e-02
   6.0427212408509574e-02
   6.0100714651642004e-02
   5.3231586281355020e-02
   6.3333315867449849e-02
   5.2994079840529451e-02
   8.1973542717024089e-02
   5.2992535385427635e-02
   5.4030159884777586e-02
   5.3231586281355020e-02
   5.3002254213843594e-02
   5.2994079840529451e-02
   5.2991972770985087e-02
   5.3048679564189842e-02
   5.2993517242483863e-02
   5.2994079840529451e-02
   5.2994079840529451e-02
   5.3001678863657489e-02
   8.0735693482923351e-02
   5.2992535385427635e-02
   5.7572138308878057e-02
   5.2991972770985087e-02
   5.2991972770985087e-02
   6.6510312241214703e-02
   5.3001678863657489e-02
   5.3001678863657489e-02
   5.2992535385427635e-02
   5.6036511336541119e-02
   5.2993517242483863e-02
   5.3528830307959199e-02
   5.3002241375070661e-02
   5.2991972770985087e-02
   5.3006055863335400e-02
   5.2992535385427635e-02
   5.2991878048286485e-02
   5.2991972770985087e-02
   5.5456719027206995e-02
   5.4167646646020556e-02
   5.2992535385427635e-02
   5.2991878048286485e-02
   5.4638962339557305e-02
   5.3001678863657489e-02
   9.5445604169676651e-02
   1.0061637403649999e-01
   1.7940530547903524e-01
   9.0337434545003120e-02
   9.0094551550973637e-02
   1.1772303971681955e-01
   1.4217143725489464e-01
   1.0973956670886775e-01
   1.8635813083440247e-01
   1.3613963350071501e-01
   2.2173572641540440e-01
   1.5182558107160618e-01
   1.0659556832937409e-01
   1.7127250407916036e-01
   1.2212921390678777e-01
   1.2387965607437934e-01
   1.3829887639315153e-01
   1.3236524132923302e-01
   9.3327312821993511e-02
   1.6672624029982616e-01
   1.5024107152992980e-01
   1.5970469317454150e-01
   1.5642075175682260e-01
   1.0434434003285943e-01
   2.2798234685132210e-01
   1.2441910675511456e-01
   1.9728044382091445e-01
   8.1754274515110692e-02
   1.2777417495090501e-01
   1.5083687169596682e-01
   1.3248096219428040e-01
   1.3548133095714618e-01
   1.3866100696301087e-01
   1.4041738765493114e-01
   1.2115755915922598e-01
   1.5929649933735010e-01
   1.0048058177989842e-01
   1.4674414207633740e-01
   7.9723959770821043e-02
   1.9022629488697518e-01
   1.3142718477294710e-01
   1.5116421969218494e-01
