   5.3244494925468080e-02
   5.3244494925468080e-02
   5.3244494925468080e-02
   5.3244494925468080e-02
   5.3244494925468080e-02
   5.3244494925468080e-02
   5.3244494925468080e-02
   5.3244494925468080e-02
   5.3244494925468080e-02
   5.3244494925468080e-02
   5.3244494925468080e-02
   5.3295720958698146e-02
   8.9624022681626989e-02
   5.3244494925468080e-02
   1.8363713962936071e-01
   5.3519004170266928e-02
   2.8107516513622804e-01
   1.3746515644310384e-01
   5.3244494925468080e-02
   5.3519004170266928e-02
   1.8533114367143319e-01
   5.3648573761315224e-02
   9.1835229104399924e-02
   5.3485851955115092e-02
   5.4363724746510161e-02
   5.3648197289314865e-02
   1.4350694503559167e-01
   5.3894989598296035e-02
   2.7281342169145006e-01
   6.1906958289485080e-02
   5.3648573761315224e-02
   5.3519004170266928e-02
   5.3244494925468080e-02
   5.3575567050421484e-02
   7.8089334326282789e-02
   6.3426029890579563e-02
   2.0603196997322618e-01
   5.3519004170266928e-02
   5.3244494925468080e-02
   1.2911059065728722e-01
   5.3313701974002842e-02
   5.3244494925468080e-02
   5.3244494925468080e-02
   2.3572237036729268e-01
   1.3421008541115792e-01
   5.3604208799189701e-02
   1.1097378951240980e-01
   7.3451622143789211e-02
   5.3604208799189701e-02
   1.3363561740644114e-01
   5.3244494925468080e-02
   5.3313701974002842e-02
   5.4699974168594651e-02
   5.3244494925468080e-02
   5.3244494925468080e-02
   5.3244494925468080e-02
   5.3604208799189701e-02
   8.0600654528012447e-02
   5.3244494925468080e-02
   5.3244494925468080e-02
   5.3313701974002842e-02
   5.3604208799189701e-02
   5.3313701974002842e-02
   5.3244494925468080e-02
   5.3604208799189701e-02
   5.3244494925468080e-02
   1.0199639543994307e-01
   5.4802659047567766e-02
   5.3313701974002842e-02
   5.3244494925468080e-02
   5.3244494925468080e-02
   5.3604208799189701e-02
   5.3313701974002842e-02
   5.3804060220424811e-02
   1.2858919766090218e-01
   5.3244494925468080e-02
   5.4712259545680007e-02
   5.6384097823596907e-02
   5.3313701974002842e-02
   2.6430141698025189e-01
   5.3575567050421484e-02
   3.3463180303564921e-01
   5.3244494925468080e-02
   5.3244494925468080e-02
   5.3244494925468080e-02
   5.3244494925468080e-02
   7.5791177106004928e-02
   5.3244494925468080e-02
   5.3244494925468080e-02
   5.3848799505798017e-02
   5.3244494925468080e-02
   5.4479846226171531e-02
   5.4130862425537524e-02
   5.3894989598296035e-02
   5.3894989598296035e-02
   1.5000337116262605e-01
   1.1837932020623256e-01
   1.3093229068182774e-01
   1.4674414587599061e-01
   5.3604208799189701e-02
   5.3604208799189701e-02
   5.3244494925468080e-02
   5.3244494925468080e-02
   8.7029801464032608e-02
   8.5770136791067583e-02
   1.4466685694660236e-01
   7.8767055659855187e-02
   5.3485851955115092e-02
   5.3485851955115092e-02
   5.3619047961712268e-02
   5.3244494925468080e-02
   7.4361861987401287e-02
   5.3604208799189701e-02
   1.9212233509732068e-01
   5.3313701974002842e-02
   5.3244494925468080e-02
   1.3295564396877552e-01
   1.6812650987628314e-01
   5.3244494925468080e-02
   5.3485851955115092e-02
   5.3313701974002842e-02
   5.3310319992773671e-02
   1.2967277601210131e-01
   7.2250221327613384e-02
   5.3459125135180544e-02
   5.3313701974002842e-02
   5.3244494925468080e-02
   5.3313701974002842e-02
   5.3894989598296035e-02
   5.3519004170266928e-02
   1.0170958720454178e-01
   5.3235072717611139e-02
   5.3604208799189701e-02
   1.5117153649111589e-01
   5.3244494925468080e-02
   5.3244494925468080e-02
   2.4521384269773058e-01
   1.0050373379475433e-01
   1.8320730826733328e-01
   5.4802659047567766e-02
   5.4751414623886649e-02
   1.6510459964465238e-01
   4.7351980629346924e-01
   1.1664673765721673e-01
   5.3244494925468080e-02
   5.3350460615481217e-02
   5.3894989598296035e-02
   5.3604208799189701e-02
   1.7881434115469122e-01
   1.2951849162445672e-01
   5.4341379840483886e-02
   5.3244494925468080e-02
   5.4278247341816813e-02
   5.4489760864150992e-02
   2.7726490897561928e-01
   1.0702750010249686e-01
   1.2685575248819964e-01
   5.3519004170266928e-02
   5.3244494925468080e-02
   5.3313701974002842e-02
   5.3575567050421484e-02
   5.3903451091359154e-02
   1.1795534307245495e-01
   5.4067800909359455e-02
   5.3244494925468080e-02
   5.4078347681374067e-02
   6.6912082630163225e-02
   5.3665991969465116e-02
   1.1297920590238245e-01
   5.3244494925468080e-02
   1.3342626141604003e-01
   9.1735073791140154e-02
   2.3835160589948085e-01
   1.2869853277219354e-01
   9.6326520570483160e-02
   5.3244494925468080e-02
   9.1694870004604592e-02
   5.3310319992773671e-02
   8.8812721643671294e-02
   8.1006738185880209e-02
   8.5097366697637289e-02
   1.4964988295529272e-01
   8.9883079970533575e-02
   8.0925578042857743e-02
   7.7688317116518385e-02
   1.3000400206201043e-01
   9.7505482575742458e-02
   6.2552321647302636e-02
   7.4180662757445337e-02
   1.2374178255215833e-01
   8.7126097235345853e-02
   5.8950524205196565e-02
   1.0528988304223647e-01
   9.2017980994672330e-02
   6.1149994536368178e-02
   8.0733937699356426e-02
   2.0272204063618587e-01
   2.5679489477862844e-01
   1.0327072304517713e-01
   7.5832668476653431e-02
   1.0195355970605154e-01
   1.7312458032554096e-01
   6.9620386551165245e-02
   6.8898928049304101e-02
   8.3660994435104899e-02
   7.4793242592613857e-02
   7.1031686283594936e-02
   9.2656907200311320e-02
   7.9698302192011433e-02
   5.8950524205196565e-02
   1.4644232679993394e-01
   7.8275798468473295e-02
   7.5056053454468918e-02
   7.7747046774394243e-02
   8.2906684197201680e-02
   8.3905362978492742e-02
   8.5201202895526310e-02
   8.0994157565256464e-02
   6.3789464005172922e-02
   7.9179844358819376e-02
