   5.2991878048286485e-02
   5.2991878048286485e-02
   5.2991878048286485e-02
   5.2991878048286485e-02
   5.2991878048286485e-02
   5.2991878048286485e-02
   5.2991878048286485e-02
   5.2991878048286485e-02
   5.2991878048286485e-02
   5.2991878048286485e-02
   5.2991878048286485e-02
   5.2991878048286485e-02
   6.1378757040102559e-02
   5.2991878048286485e-02
   7.1434056197387491e-02
   5.2991878048286485e-02
   5.5153622791119648e-02
   5.4593971069485173e-02
   5.2991878048286485e-02
   7.4006259107556496e-02
   5.2992535385427635e-02
   5.2991878048286485e-02
   5.2991878048286485e-02
   5.2991878048286485e-02
   5.2991878048286485e-02
   5.2991878048286485e-02
   5.2991972770985087e-02
   5.2991878048286485e-02
   6.0661001092729115e-02
   5.2991878048286485e-02
   5.2992535385427635e-02
   5.2991878048286485e-02
   5.2991878048286485e-02
   5.3958886172356356e-02
   5.3001584158305304e-02
   1.1201681260585900e-01
   5.2991878048286485e-02
   5.2991878048286485e-02
   1.3245343173784843e-01
   5.6875508407271770e-02
   5.2991972770985087e-02
   5.2991972770985087e-02
   5.4593971069485173e-02
   5.2991878048286485e-02
   5.3001678863657489e-02
   5.2991878048286485e-02
   5.2991878048286485e-02
   6.9446143031352450e-02
   5.2991878048286485e-02
   5.2992535385427635e-02
   5.2991878048286485e-02
   6.3898170542037863e-02
   5.2991972770985087e-02
   5.2991878048286485e-02
   5.2991878048286485e-02
   5.2992535385427635e-02
   5.2991878048286485e-02
   7.1754926094146021e-02
   5.2991878048286485e-02
   5.2993517242483863e-02
   5.2993422522545922e-02
   5.2991878048286485e-02
   5.2992535385427635e-02
   5.2991878048286485e-02
   5.8616839863758860e-02
   1.1043380409162606e-01
   5.2991878048286485e-02
   5.5275848889780488e-02
   5.2991878048286485e-02
   5.2991878048286485e-02
   6.7405228914645426e-02
   6.2938024783717184e-02
   5.6537668383429385e-02
   5.6558175548358375e-02
   8.5724578367623386e-02
   5.2991878048286485e-02
   5.2991878048286485e-02
   5.2991878048286485e-02
   5.3001584158305304e-02
   5.2991878048286485e-02
   5.2991878048286485e-02
   5.2991878048286485e-02
   5.2994079840529451e-02
   5.2991878048286485e-02
   5.2993517242483863e-02
   5.2991878048286485e-02
   5.6342624703225673e-02
   7.5214363822858565e-02
   5.2991878048286485e-02
   5.2991878048286485e-02
   5.2991878048286485e-02
   5.2991878048286485e-02
   5.2991878048286485e-02
   7.9280356436073618e-02
   5.2991878048286485e-02
   5.3001584158305304e-02
   5.2991878048286485e-02
   5.2991878048286485e-02
   5.2991878048286485e-02
   5.3726752939543057e-02
   5.2991878048286485e-02
   5.2992535385427635e-02
   5.2993422522545922e-02
   5.6461663533383402e-02
   5.5094497379094422e-02
   5.2994079840529451e-02
   5.3917505027785181e-02
   5.2991878048286485e-02
   5.2994079840529451e-02
   5.9344817626145095e-02
   5.2991878048286485e-02
   6.3742784463457575e-02
   5.2991878048286485e-02
   5.2991878048286485e-02
   5.3024951074007870e-02
   5.2991878048286485e-02
   5.2991878048286485e-02
   5.4881427454335226e-02
   6.1968691254195934e-02
   7.6000286854877905e-02
   5.2991972770985087e-02
   5.7266812029264764e-02
   5.2993422522545922e-02
   5.2993517242483863e-02
   5.8006782441720972e-02
   5.2991972770985087e-02
   1.0116968837839065e-01
   5.2991878048286485e-02
   5.2991972770985087e-02
   5.6373903906414995e-02
   5.2991878048286485e-02
   6.3696504405025778e-02
   1.4009597055210329e-01
   5.2991878048286485e-02
   5.2991878048286485e-02
   1.1933479322613751e-01
   5.5885452220043721e-02
   6.4876590473319451e-02
   5.2991878048286485e-02
   5.2991878048286485e-02
   5.2993422522545922e-02
   5.2991878048286485e-02
   6.3848232569976474e-02
   7.8461458581538801e-02
   5.7717782241928556e-02
   5.2991878048286485e-02
   5.6343242948377309e-02
   5.2991878048286485e-02
   8.4363739707480068e-02
   7.1208524845466289e-02
   5.2991878048286485e-02
   5.2991878048286485e-02
   5.2991878048286485e-02
   5.2991972770985087e-02
   5.6407176535647793e-02
   5.4329013485868723e-02
   5.3001678863657489e-02
   5.2991878048286485e-02
   5.5547060878752101e-02
   5.2991878048286485e-02
   5.2991878048286485e-02
   5.2992535385427635e-02
   5.2991878048286485e-02
   5.2991878048286485e-02
   8.0725068572397682e-02
   8.0281865085683177e-02
   5.8036782217222263e-02
   7.5837334467988488e-02
   5.3293569009040337e-02
   5.2991878048286485e-02
   5.2991972770985087e-02
   5.2991878048286485e-02
   5.3924557920159093e-02
   5.2991878048286485e-02
   6.7046910172872412e-02
   5.2991878048286485e-02
   5.2991878048286485e-02
   5.2991878048286485e-02
   5.5080106300678278e-02
   5.4426637281428526e-02
   6.7388141230781809e-02
   5.8181588184420256e-02
   5.6624325161562385e-02
   5.3394844643538740e-02
   5.5504315601569286e-02
   5.3970428527120667e-02
   5.5145363705852136e-02
   5.6835359790869434e-02
   5.7588850041976537e-02
   5.5583613987303840e-02
   5.4330886555453234e-02
   5.5433948434770938e-02
   8.9333936227627461e-02
   5.3733454802934524e-02
   6.5503690212524515e-02
   9.0863145670739651e-02
   5.3407817285854857e-02
   5.4961736008455567e-02
   7.6287512517261125e-02
   5.5331502852605005e-02
   5.4291050456117811e-02
   5.6571415630142320e-02
   5.6195629036410226e-02
   5.3781680264768712e-02
   5.3764031739072786e-02
   5.4848025936844104e-02
   5.4600257101089067e-02
   5.5615649855757329e-02
   6.3147288131182075e-02
   5.4291050456117811e-02
   7.4292728650794088e-02
   5.6149669071697939e-02
   5.5650753649631200e-02
   5.3891014778933960e-02
   5.5612856310918508e-02
   5.5229407618680330e-02
   5.3767189798306775e-02
   5.5553254946053322e-02
   5.9638424264984703e-02
   8.6343120967995721e-02
