   5.2986787994693328e-02
   5.2986787994693328e-02
   5.2986787994693328e-02
   5.2986787994693328e-02
   5.2986788165395128e-02
   5.2986788165395128e-02
   5.2986788165395128e-02
   5.2986788165395128e-02
   5.2986788165395128e-02
   5.2986788223292239e-02
   5.2986788224861851e-02
   5.2986788254662222e-02
   5.2986822778709954e-02
   5.2986788254662222e-02
   5.2986869411784460e-02
   5.2986794634087168e-02
   5.2986792452563478e-02
   5.2986788165395128e-02
   5.2986788254662222e-02
   5.2986788254662222e-02
   5.2986797634527162e-02
   5.2986788254662222e-02
   5.2986793977337326e-02
   5.2986788254662222e-02
   5.2986837749972808e-02
   5.2986788305036336e-02
   5.2986788254662222e-02
   5.2986788254662222e-02
   5.2986788629647529e-02
   5.2986787994693328e-02
   5.2986969245489901e-02
   5.2986808327245130e-02
   5.2986788254662222e-02
   5.2986812503048972e-02
   5.2986788254662222e-02
   5.2986788254662222e-02
   5.2986788165395128e-02
   5.2986800944247903e-02
   5.2986862140663768e-02
   5.2986813478691726e-02
   5.2986788224861851e-02
   5.2986850876821472e-02
   5.2986808955138041e-02
   5.2986840693699591e-02
   5.2986788254662222e-02
   5.2986788212473900e-02
   5.2986788254662222e-02
   5.2986788223292239e-02
   5.2986788254662222e-02
   5.2986788254662222e-02
   5.2986835926136920e-02
   5.2986788165395128e-02
   5.2986788165395128e-02
   5.2986788305036336e-02
   5.2987087950537082e-02
   5.2986788254662222e-02
   5.2986807146961135e-02
   5.2986788254662222e-02
   5.2986788367306241e-02
   5.2986837379981361e-02
   5.2986788165395128e-02
   5.2986788585363626e-02
   5.2986788394800990e-02
   5.2986788305036336e-02
   5.2986973737387116e-02
   5.2986788254662222e-02
   5.2986788254662222e-02
   5.2986788254662222e-02
   5.2986788254662222e-02
   5.2986787994693328e-02
   5.2986797275559529e-02
   5.2986895536736717e-02
   5.2986796436531397e-02
   5.2986788254662222e-02
   5.2986789232321765e-02
   5.2986788254662222e-02
   5.2986788516415202e-02
   5.2986842472965041e-02
   5.2986788254662222e-02
   5.2986788254662222e-02
   5.2986788664400840e-02
   5.2986869191750871e-02
   5.2986828475501103e-02
   5.2986792849148971e-02
   5.2986788254662222e-02
   5.2986877923672696e-02
   5.2986788254662222e-02
   5.2986788254662222e-02
   5.2986787994693328e-02
   5.2986788254662222e-02
   5.2986807211598617e-02
   5.2986787994693328e-02
   5.2989531154144384e-02
   5.2986787994693328e-02
   5.2986788254662222e-02
   5.2986809796538775e-02
   5.2986810054138404e-02
   5.2986978640548001e-02
   5.2986825015518615e-02
   5.2986788254662222e-02
   5.2986788254662222e-02
   5.2986788254662222e-02
   5.2987313637883060e-02
   5.2986792668585844e-02
   5.2986788254662222e-02
   5.2986788254662222e-02
   5.2986788051009662e-02
   5.2986788689996747e-02
   5.2986934494306616e-02
   5.2986789640053752e-02
   5.2986788254662222e-02
   5.2986788254662222e-02
   5.2986803702075654e-02
   5.2986804917881269e-02
   5.2986827705849754e-02
   5.2986789294808836e-02
   5.2986788254662222e-02
   5.2986791279485058e-02
   5.2986788254662222e-02
   5.2986916495508574e-02
   5.2986788254662222e-02
   5.2986788165395128e-02
   5.2986788254662222e-02
   5.2986792980670487e-02
   5.2986889024394170e-02
   5.2986788254662222e-02
   5.2986787994693328e-02
   5.2986814978964486e-02
   5.2986827552006836e-02
   5.2986804992397961e-02
   5.2986788254662222e-02
   5.2986788254662222e-02
   5.2986788254662222e-02
   5.2986824131882250e-02
   5.2986800699576696e-02
   5.2986788254662222e-02
   5.2986913311357561e-02
   5.2986788254662222e-02
   5.2986854156938511e-02
   5.2986788254662222e-02
   5.2986788254662222e-02
   5.2986802691636400e-02
   5.2986788254662222e-02
   5.2986788254662222e-02
   5.2986788254662222e-02
   5.2986788254662222e-02
   5.2986790963927756e-02
   5.2986953560790480e-02
   5.2986800978766721e-02
   5.2986788305036336e-02
   5.2986787994693328e-02
   5.2986788254662222e-02
   5.2986836482814367e-02
   5.2986791822274670e-02
   5.2986850119616950e-02
   5.2986822778709954e-02
   5.2987309070330432e-02
   5.2986797648871861e-02
   5.2986788254662222e-02
   5.2986853145160460e-02
   5.2986789188988845e-02
   5.2986788165395128e-02
   5.2986788254662222e-02
   5.2986832357480466e-02
   5.2986788305036336e-02
   5.2986787994693328e-02
   5.2986788254662222e-02
   5.2986788254662222e-02
   5.2986807638679599e-02
   5.2986796072143315e-02
   5.2986881564809574e-02
   5.2986788254662222e-02
   5.2986809796538775e-02
   5.2986788254662222e-02
   5.2986788254662222e-02
   5.2986788254662222e-02
   5.2987128825262242e-02
   5.2986788254662222e-02
   5.2986843899244442e-02
   5.2986941584872889e-02
   5.2986806617266950e-02
   5.2986997153398697e-02
   5.2986874778296618e-02
   5.2986838480640203e-02
   5.2987003660780345e-02
   5.2986812559476612e-02
   5.2986833767258962e-02
   5.2986823016831962e-02
   5.2986812559476612e-02
   5.2986813282931665e-02
   5.2986849680986034e-02
   5.2986797995079861e-02
   5.2986798398397053e-02
   5.2986835787645362e-02
   5.2986867930343420e-02
   5.2986814703394745e-02
   5.2986820706055912e-02
   5.2986825482005707e-02
   5.2986935913657489e-02
   5.2986826862203365e-02
   5.2986822166321799e-02
   5.2986801798911291e-02
   5.2987735448675390e-02
   5.2986823908596034e-02
   5.2987184758735477e-02
   5.2986860169535174e-02
   5.2986858517327616e-02
   5.2986805542937089e-02
   5.2986823726451769e-02
   5.2986862121923883e-02
   5.2986815167377237e-02
   5.2986800897762594e-02
   5.2986805252007191e-02
   5.2986851566668131e-02
   5.2986840665031655e-02
   5.2986884056741991e-02
   5.2986822778709954e-02
   5.2987072329007165e-02
   5.2986835018670755e-02
   5.2986885463507952e-02
