   5.2989863535868049e-02
   5.2989863535868049e-02
   5.2989863535868049e-02
   5.2989863535868049e-02
   5.2989863535868049e-02
   5.2989863535868049e-02
   5.2989863535868049e-02
   5.2989863535868049e-02
   5.2989863535868049e-02
   5.2989863535868049e-02
   5.2989863535868049e-02
   5.3005827586992300e-02
   5.2991878048286485e-02
   5.2991878048286485e-02
   5.2989863535868049e-02
   5.3009599271062899e-02
   5.3013625868970182e-02
   5.2989863535868049e-02
   5.2991414376947078e-02
   5.2989863535868049e-02
   5.2991878048286485e-02
   5.2991878048286485e-02
   5.2989863535868049e-02
   5.3001685612145036e-02
   5.3030808025485064e-02
   5.2991878048286485e-02
   5.2991878048286485e-02
   5.3094787660019654e-02
   5.2989863535868049e-02
   5.2989863535868049e-02
   5.2991878048286485e-02
   5.2989841301132858e-02
   5.2989863535868049e-02
   5.2989863535868049e-02
   5.3035799792139730e-02
   5.2989863535868049e-02
   5.3064296317357415e-02
   5.2990469685790624e-02
   5.3009920476215673e-02
   5.3006653988385305e-02
   5.2991878048286485e-02
   5.2996855751805141e-02
   5.2991839465841670e-02
   5.3005179493994754e-02
   5.2991878048286485e-02
   5.2991878048286485e-02
   5.2989863535868049e-02
   5.2991878048286485e-02
   5.3016795905356330e-02
   5.2993422522545922e-02
   5.2991878048286485e-02
   5.2991878048286485e-02
   5.2991878048286485e-02
   5.2994940856221896e-02
   5.2989863535868049e-02
   5.2991414376947078e-02
   5.3015581985383448e-02
   5.3002140419043435e-02
   5.3015581985383448e-02
   5.2991878048286485e-02
   5.2991878048286485e-02
   5.2989863535868049e-02
   5.2989863535868049e-02
   5.2991878048286485e-02
   5.2991077860188071e-02
   5.2989863535868049e-02
   5.3018705203561257e-02
   5.2993281228096940e-02
   5.2989863535868049e-02
   5.2991704815372728e-02
   5.2989863535868049e-02
   5.2989863535868049e-02
   5.3014465539312820e-02
   5.2991839465841670e-02
   5.4937105412786486e-02
   5.2993520781125979e-02
   5.3000610926733423e-02
   5.2991878048286485e-02
   5.3012639009653743e-02
   5.3000414991994288e-02
   5.3039846675199447e-02
   5.3002163673736648e-02
   5.3006653988385305e-02
   5.2991414376947078e-02
   5.2997135327465944e-02
   5.2991878048286485e-02
   5.3039355668013669e-02
   5.2989863535868049e-02
   5.2989863535868049e-02
   5.2991878048286485e-02
   5.3023273003358427e-02
   5.2990389008516402e-02
   5.2989863535868049e-02
   5.2989863535868049e-02
   5.2991878048286485e-02
   5.2989863535868049e-02
   5.2993520781125979e-02
   5.2991878048286485e-02
   5.2989863535868049e-02
   5.2991839465841670e-02
   5.2991839465841670e-02
   5.2990372574685557e-02
   5.3039907812599402e-02
   5.2991878048286485e-02
   5.2991319325510183e-02
   5.2991878048286485e-02
   5.2989863535868049e-02
   5.2991878048286485e-02
   5.2990921384530681e-02
   5.3006041334331150e-02
   5.3005229937142476e-02
   5.3010111387009506e-02
   5.2990974450499273e-02
   5.2991414376947078e-02
   5.2996623130030750e-02
   5.2990921384530681e-02
   5.3006795157645996e-02
   5.2995770363268649e-02
   5.2991984761348199e-02
   5.2990921384530681e-02
   5.2991878048286485e-02
   5.2991120986727064e-02
   5.2990445593892925e-02
   5.3017728641815011e-02
   5.3010345222093656e-02
   5.2991878048286485e-02
   5.2991878048286485e-02
   5.2989863535868049e-02
   5.2991878048286485e-02
   5.3039829261240880e-02
   5.2990921384530681e-02
   5.2991878048286485e-02
   5.2991878048286485e-02
   5.2997298308181034e-02
   5.3003598349566194e-02
   5.2991414376947078e-02
   5.2991414376947078e-02
   5.3017040611698062e-02
   5.2989863535868049e-02
   5.2991878048286485e-02
   5.2991878048286485e-02
   5.2993100091102197e-02
   5.2991878048286485e-02
   5.2991878048286485e-02
   5.2993415961211127e-02
   5.2989863535868049e-02
   5.2990304927451423e-02
   5.2991878048286485e-02
   5.2991878048286485e-02
   5.3004540464213691e-02
   5.2998844936623532e-02
   5.2990921384530681e-02
   5.2993038895783662e-02
   5.2989863535868049e-02
   5.2991878048286485e-02
   5.2991878048286485e-02
   5.2990207007817230e-02
   5.2991878048286485e-02
   5.2991878048286485e-02
   5.3006212477560571e-02
   5.2993100091102197e-02
   5.2991878048286485e-02
   5.2999032794426748e-02
   5.2989863535868049e-02
   5.2989863535868049e-02
   5.3007666774349128e-02
   5.3004735728938122e-02
   5.2989863535868049e-02
   5.2991878048286485e-02
   5.2989858867977663e-02
   5.3001092328072090e-02
   5.2989863535868049e-02
   5.2989863535868049e-02
   5.2990160366020507e-02
   5.2993714548643080e-02
   5.2991878048286485e-02
   5.2995482408435324e-02
   5.2991878048286485e-02
   5.2990637368790193e-02
   5.2992828085725044e-02
   5.2995958716293694e-02
   5.2993897707730740e-02
   5.2991348003242206e-02
   5.2993102026378497e-02
   5.2993952191781449e-02
   5.2991931352298752e-02
   5.2993289324213586e-02
   5.3504371922483335e-02
   5.3009941370340402e-02
   5.2989015282080006e-02
   5.2999719155954680e-02
   5.2992525398725399e-02
   5.2997590441249444e-02
   5.2998145503117544e-02
   5.3028677191623338e-02
   5.2991650728806496e-02
   5.2994853863510390e-02
   5.2991599549546492e-02
   5.2993254999415679e-02
   5.3011415529631269e-02
   5.2991612944834933e-02
   5.2992320903375585e-02
   5.2991667476374849e-02
   5.2992785929590232e-02
   5.2993989471666926e-02
   5.3001063831225527e-02
   5.2994814925147155e-02
   5.3016357468920111e-02
   5.2990685717623623e-02
   5.3007036367606501e-02
   5.2996017120024427e-02
   5.2996034877237391e-02
   5.2999269460229516e-02
   5.3007368755760675e-02
   5.2988368725092057e-02
   5.3009855322061636e-02
   5.2995446351500754e-02
   5.2994370615200972e-02
   5.2990289754244732e-02
   5.2990669916165307e-02
