   3.0182517359456540e-02   5.1893324474965539e+00   9.8241825331090631e+00   5.3932822619748286e+00   2.0704179238735065e-01   6.1265126901915536e+00
   3.0182517359456540e-02   5.1893324474965539e+00   9.8241825331090631e+00   5.3932822619748286e+00   2.0704179238735065e-01   6.1265126901915536e+00
   3.0182517359456540e-02   5.1893324474965539e+00   9.8241825331090631e+00   5.3932822619748286e+00   2.0704179238735065e-01   6.1265126901915536e+00
   3.0182517359456540e-02   5.1893324474965539e+00   9.8241825331090631e+00   5.3932822619748286e+00   2.0704179238735065e-01   6.1265126901915536e+00
   3.0182517359456540e-02   5.1893324474965539e+00   9.8241825331090631e+00   5.3932822619748286e+00   2.0704179238735065e-01   6.1265126901915536e+00
   3.0182517359456540e-02   5.1893324474965539e+00   9.8241825331090631e+00   5.3932822619748286e+00   2.0704179238735065e-01   6.1265126901915536e+00
   3.0182517359456540e-02   5.1893324474965539e+00   9.8241825331090631e+00   5.3932822619748286e+00   2.0704179238735065e-01   6.1265126901915536e+00
   3.0182517359456540e-02   5.1893324474965539e+00   9.8241825331090631e+00   5.3932822619748286e+00   2.0704179238735065e-01   6.1265126901915536e+00
   3.0182517359456540e-02   5.1893324474965539e+00   9.8241825331090631e+00   5.3932822619748286e+00   2.0704179238735065e-01   6.1265126901915536e+00
   3.0182517359456540e-02   5.1893324474965539e+00   9.8241825331090631e+00   5.3932822619748286e+00   2.0704179238735065e-01   6.1265126901915536e+00
   3.0182517359456540e-02   5.1893324474965539e+00   9.8241825331090631e+00   5.3932822619748286e+00   2.0704179238735065e-01   6.1265126901915536e+00
   3.0182517359456540e-02   5.1893324474965539e+00   9.8241825331090631e+00   5.3932822619748286e+00   2.0704179238735065e-01   6.1265126901915536e+00
   3.0182517359456540e-02   5.1898207287465539e+00   9.8241825331090631e+00   5.3935302172970943e+00   2.0704179238735065e-01   6.1265126901915536e+00
   3.0200160334310056e-02   5.1888441662465539e+00   9.8242342699407281e+00   5.3932822619748286e+00   2.0704179238735065e-01   6.1265126901915536e+00
   3.0182517359456540e-02   5.1893324474965539e+00   9.8241825331090631e+00   5.3932822619748286e+00   2.0704179238735065e-01   6.1265126901915536e+00
   3.0182517359456540e-02   5.1893324474965539e+00   9.8241825331090631e+00   5.3932822619748286e+00   2.0704179238735065e-01   6.1265126901915536e+00
   3.0182517359456540e-02   5.1893324474965539e+00   9.8241825331090631e+00   5.3932822619748286e+00   2.0704179238735065e-01   6.1265126901915536e+00
   3.0182517359456540e-02   5.1893324474965539e+00   9.8241825331090631e+00   5.3932822619748286e+00   2.0704179238735065e-01   6.1265126901915536e+00
   3.0182517359456540e-02   5.1893324474965539e+00   9.8241825331090631e+00   5.3932822619748286e+00   2.0983415078578815e-01   6.1265126901915536e+00
   3.0182517359456540e-02   5.1893324474965539e+00   9.8241825331090631e+00   5.3932822619748286e+00   2.0704179238735065e-01   6.1265126901915536e+00
   3.0182517359456540e-02   5.1893324474965539e+00   9.8241825331090631e+00   5.3932822619748286e+00   2.0704179238735065e-01   6.1265126901915536e+00
   3.0182517359456540e-02   5.1893944363271203e+00   9.8236942518590631e+00   5.3934715663266353e+00   2.0704179238735065e-01   6.1265126901915536e+00
   3.1246817896565915e-02   5.1893324474965539e+00   9.8241825331090631e+00   5.3952353869748286e+00   2.0704179238735065e-01   6.1265126901915536e+00
   3.0182517359456540e-02   5.1911940197621789e+00   9.8241825331090631e+00   5.3932822619748286e+00   2.0704179238735065e-01   6.1265126901915536e+00
   3.0897773096761227e-02   5.1893324474965539e+00   9.8251567561267557e+00   5.3932822619748286e+00   2.0704179238735065e-01   6.1265126901915536e+00
   3.0182517359456540e-02   5.1893324474965539e+00   9.8241825331090631e+00   5.3932822619748286e+00   2.0704179238735065e-01   6.1265126901915536e+00
   3.0182517359456540e-02   5.1893324474965539e+00   9.8241825331090631e+00   5.3932822619748286e+00   2.0704179238735065e-01   6.1265126901915536e+00
   3.0182517359456540e-02   5.1893324474965539e+00   9.8241825331090631e+00   5.3932822619748286e+00   2.0704179238735065e-01   6.1265126901915536e+00
   3.0182517359456540e-02   5.1893324474965539e+00   9.8241825331090631e+00   5.3932822619748286e+00   2.0704179238735065e-01   6.1270009714415536e+00
   3.0182517359456540e-02   5.1893324474965539e+00   9.8241825331090631e+00   5.3932822619748286e+00   2.0709853600917683e-01   6.1265125262787805e+00
   3.0182517359456540e-02   5.1893324474965539e+00   9.8241825331090631e+00   5.3620322619748286e+00   2.0704179238735065e-01   6.1265126901915536e+00
   3.0182517359456540e-02   5.1888441662465539e+00   9.8245492208837213e+00   5.3932822619748286e+00   2.0729070138393269e-01   6.1265126901915536e+00
   3.0182517359456540e-02   5.1893324474965539e+00   9.8255863417028131e+00   5.3932822619748286e+00   2.0704179238735065e-01   6.1265126901915536e+00
   3.0182517359456540e-02   5.1893324474965539e+00   9.8241825331090631e+00   5.3932822619748286e+00   2.0704179238735065e-01   6.1265126901915536e+00
   3.0182517359456540e-02   5.1895186524068322e+00   9.8241825331090631e+00   5.3938744937253169e+00   2.0753007363735065e-01   6.1265126901915536e+00
   3.0261672327718259e-02   5.1893324474965539e+00   9.8241825331090631e+00   5.3932822619748286e+00   2.0704179238735065e-01   6.1255361276915536e+00
   3.1159079859456540e-02   5.1893870453511681e+00   9.8246267069219293e+00   5.3932822619748286e+00   2.1125321816860065e-01   6.1265126901915536e+00
   3.0182517359456540e-02   5.1893324474965539e+00   9.8241825331090631e+00   5.3932822619748286e+00   2.0704179238735065e-01   6.1265126901915536e+00
   3.0182517359456540e-02   5.1893324474965539e+00   9.8241825331090631e+00   5.3932822619748286e+00   2.0704179238735065e-01   6.1272165018370615e+00
   3.0182517359456540e-02   5.1893324474965539e+00   9.8241825331090631e+00   5.3937045012784175e+00   2.0704179238735065e-01   6.1269015508940683e+00
   3.0182517359456540e-02   5.1897201161061730e+00   9.8236942518590631e+00   5.3932822619748286e+00   2.0704179238735065e-01   6.1265126901915536e+00
   3.0182517359456540e-02   5.1893324474965539e+00   9.8241825331090631e+00   5.3932822619748286e+00   2.0704179238735065e-01   6.1265126901915536e+00
   3.0182517359456540e-02   5.1893324474965539e+00   9.8245229948400201e+00   5.3932822619748286e+00   2.0606522988735065e-01   6.1270629602721201e+00
   3.0182517359456540e-02   5.1893324474965539e+00   9.8241825331090631e+00   5.3932822619748286e+00   2.0704179238735065e-01   6.1265126901915536e+00
   3.0182517359456540e-02   5.1893324474965539e+00   9.8241825331090631e+00   5.3932822619748286e+00   2.0704179238735065e-01   6.1265126901915536e+00
   3.0182517359456540e-02   5.1903090099965539e+00   9.8249025572179498e+00   5.3932822619748286e+00   2.0704179238735065e-01   6.1265126901915536e+00
   6.0105002711019040e-02   5.1897024731313195e+00   9.8245830763219537e+00   5.3952811633420161e+00   2.0704179238735065e-01   6.1265126901915536e+00
   3.0416644404134274e-02   5.1897043804799523e+00   9.8241825331090631e+00   5.3937705432248286e+00   2.0704179238735065e-01   6.1265126901915536e+00
   3.0182517359456540e-02   5.1893324474965539e+00   9.8241825331090631e+00   5.3932822619748286e+00   2.0704179238735065e-01   6.1265126901915536e+00
   3.0670798609456540e-02   5.1895558457051720e+00   9.8241825331090631e+00   5.3932822619748286e+00   2.0704179238735065e-01   6.1265126901915536e+00
   3.0182517359456540e-02   5.1893324474965539e+00   9.8241825331090631e+00   5.3932822619748286e+00   2.0704179238735065e-01   6.1265126901915536e+00
   3.0182517359456540e-02   5.1893324474965539e+00   9.8236942518590631e+00   5.3932822619748286e+00   2.0704179238735065e-01   6.1267742353728281e+00
   3.0182517359456540e-02   5.1893324474965539e+00   9.8241825331090631e+00   5.3923056994748286e+00   2.0704179238735065e-01   6.1272613245299326e+00
   3.0354178736409665e-02   5.1893324474965539e+00   9.8241825331090631e+00   5.3937343036008052e+00   2.0714431237636433e-01   6.1265126901915536e+00
   3.0182517359456540e-02   5.1893324474965539e+00   9.8241825331090631e+00   5.3932822619748286e+00   2.0704179238735065e-01   6.1265126901915536e+00
   3.0182517359456540e-02   5.1893324474965539e+00   9.8241825331090631e+00   5.3932822619748286e+00   2.0704179238735065e-01   6.1265126901915536e+00
   3.0182517359456540e-02   5.1893324474965539e+00   9.8241825331090631e+00   5.3932822619748286e+00   2.0704179238735065e-01   6.1265126901915536e+00
   3.0182517359456540e-02   5.1893324474965539e+00   9.8241825331090631e+00   5.3932822619748286e+00   2.0704179238735065e-01   6.1265126901915536e+00
   3.0182517359456540e-02   5.1893324474965539e+00   9.8241825331090631e+00   5.3932822619748286e+00   2.0735865067897663e-01   6.1265126901915536e+00
   3.0182517359456540e-02   5.1893324474965539e+00   9.8241825331090631e+00   5.3932822619748286e+00   2.0704179238735065e-01   6.1265126901915536e+00
   3.0516780207356931e-02   5.1888441662465539e+00   9.8241825331090631e+00   5.3923056994748286e+00   2.0704179238735065e-01   6.1266771990111337e+00
   3.0182517359456540e-02   5.1893324474965539e+00   9.8241825331090631e+00   5.3932822619748286e+00   2.0704179238735065e-01   6.1267987924864755e+00
   3.0182517359456540e-02   5.1893324474965539e+00   9.8241825331090631e+00   5.3932822619748286e+00   2.0704179238735065e-01   6.1265126901915536e+00
   3.0182517359456540e-02   5.1893324474965539e+00   9.8241825331090631e+00   5.3932822619748286e+00   2.0704179238735065e-01   6.1265126901915536e+00
   3.0182517359456540e-02   5.1893324474965539e+00   9.8241825331090631e+00   5.3932822619748286e+00   2.1425919961391315e-01   6.1265126901915536e+00
   3.0182517359456540e-02   5.1893324474965539e+00   9.8241825331090631e+00   5.3932822619748286e+00   2.0704179238735065e-01   6.1265126901915536e+00
   3.0182517359456540e-02   5.1893324474965539e+00   9.8241825331090631e+00   5.3932822619748286e+00   2.0704179238735065e-01   6.1265126901915536e+00
   3.0182517359456540e-02   5.1893324474965539e+00   9.8241825331090631e+00   5.3932822619748286e+00   2.0704179238735065e-01   6.1265126901915536e+00
   3.0182517359456540e-02   5.1893324474965539e+00   9.8241825331090631e+00   5.3932822619748286e+00   2.0704179238735065e-01   6.1265126901915536e+00
   3.0182517359456540e-02   5.1893324474965539e+00   9.8241825331090631e+00   5.3934520160031489e+00   2.0704179238735065e-01   6.1265126901915536e+00
   3.4115470240315915e-02   5.1893324474965539e+00   9.8241825331090631e+00   5.3952353869748286e+00   2.0704179238735065e-01   6.1265125262787805e+00
   3.0182517359456540e-02   5.1893324474965539e+00   9.8241825331090631e+00   5.3932822619748286e+00   2.0704179238735065e-01   6.1265126901915536e+00
   3.0182517359456540e-02   5.1893324474965539e+00   9.8241825331090631e+00   5.3932822619748286e+00   2.0704179238735065e-01   6.1265126901915536e+00
   3.0182517359456540e-02   5.1893324474965539e+00   9.8241825331090631e+00   5.3932822619748286e+00   2.0704179238735065e-01   6.1265126901915536e+00
   3.0182517359456540e-02   5.1893324474965539e+00   9.8241825331090631e+00   5.3932822619748286e+00   2.0704179238735065e-01   6.1265125262787805e+00
   3.0182517359456540e-02   5.1898207287465539e+00   9.8245072592137994e+00   5.3932822619748286e+00   2.0724015664516315e-01   6.1266490656187997e+00
   3.6957419703206540e-02   5.1893324474965539e+00   9.8241825331090631e+00   5.3913291369748286e+00   2.0704179238735065e-01   6.1265126901915536e+00
   3.0182517359456540e-02   5.1893324474965539e+00   9.8241825331090631e+00   5.3932822619748286e+00   2.0704179238735065e-01   6.1265126901915536e+00
   3.0182517359456540e-02   5.1893324474965539e+00   9.8241825331090631e+00   5.3932822619748286e+00   2.0753007363735065e-01   6.1265126901915536e+00
   3.0182517359456540e-02   5.1893324474965539e+00   9.8241825331090631e+00   5.3932822619748286e+00   2.0704179238735065e-01   6.1265126901915536e+00
   3.0182517359456540e-02   5.1893324474965539e+00   9.8241825331090631e+00   5.3932822619748286e+00   2.0704179238735065e-01   6.1255361276915536e+00
   3.0182517359456540e-02   5.1893324474965539e+00   9.8241825331090631e+00   5.3932822619748286e+00   2.0704179238735065e-01   6.1265126901915536e+00
   3.0182517359456540e-02   5.1893324474965539e+00   9.8241825331090631e+00   5.3932822619748286e+00   2.0704179238735065e-01   6.1265126901915536e+00
   3.0182517359456540e-02   5.1893324474965539e+00   9.8241825331090631e+00   5.3936825667691402e+00   2.0753007363735065e-01   6.1268598276427255e+00
   3.0182517359456540e-02   5.1896376232778039e+00   9.8241825331090631e+00   5.3932822619748286e+00   2.0704179238735065e-01   6.1265126901915536e+00
   3.0182517359456540e-02   5.1923536877309289e+00   9.8264408338903131e+00   5.3932822619748286e+00   2.0704179238735065e-01   6.1265126901915536e+00
   3.0182517359456540e-02   5.1893324474965539e+00   9.8241825331090631e+00   5.3932822619748286e+00   2.0704179238735065e-01   6.1265126901915536e+00
   3.0182517359456540e-02   5.1893324474965539e+00   9.8241825331090631e+00   5.3932822619748286e+00   2.0742969941554890e-01   6.1279813486388193e+00
   3.0182517359456540e-02   5.1893324474965539e+00   9.8241825331090631e+00   5.3932822619748286e+00   2.0704179238735065e-01   6.1265126901915536e+00
   3.0200160334310056e-02   5.1888441662465539e+00   9.8242342699407281e+00   5.3934758578610591e+00   2.0704179238735065e-01   6.1265126901915536e+00
   3.0670798609456540e-02   5.1898207287465539e+00   9.8226647604345025e+00   5.3937590991330318e+00   2.0704179238735065e-01   6.1265126901915536e+00
   3.0182517359456540e-02   5.1893324474965539e+00   9.8241825331090631e+00   5.3932822619748286e+00   2.0704179238735065e-01   6.1265126901915536e+00
   3.0182517359456540e-02   5.1893324474965539e+00   9.8241825331090631e+00   5.3932822619748286e+00   2.0704179238735065e-01   6.1265126901915536e+00
   3.0182517359456540e-02   5.1893324474965539e+00   9.8241825331090631e+00   5.3932822619748286e+00   2.0704179238735065e-01   6.1265126901915536e+00
   3.0182517359456540e-02   5.1893324474965539e+00   9.8241825331090631e+00   5.3932822619748286e+00   2.0704179238735065e-01   6.1265126901915536e+00
   3.0182517359456540e-02   5.1893324474965539e+00   9.8241825331090631e+00   5.3932822619748286e+00   2.0704179238735065e-01   6.1265126901915536e+00
   3.0182517359456540e-02   5.1893324474965539e+00   9.8241825331090631e+00   5.3932822619748286e+00   2.0704179238735065e-01   6.1265126901915536e+00
   3.0182517359456540e-02   5.1893324474965539e+00   9.8241825331090631e+00   5.3932822619748286e+00   2.0704179238735065e-01   6.1273652750304208e+00
   3.0182517359456540e-02   5.1893324474965539e+00   9.8241825331090631e+00   5.3932822619748286e+00   2.0704179238735065e-01   6.1265126901915536e+00
   3.0182517359456540e-02   5.1893324474965539e+00   9.8241825331090631e+00   5.3932822619748286e+00   2.0704179238735065e-01   6.1265126901915536e+00
   3.0182517359456540e-02   5.1893324474965539e+00   9.8241825331090631e+00   5.3932822619748286e+00   2.0704179238735065e-01   6.1265126901915536e+00
   3.0182517359456540e-02   5.1893324474965539e+00   9.8241825331090631e+00   5.3932822619748286e+00   2.0704179238735065e-01   6.1265126901915536e+00
   3.0182517359456540e-02   5.1893324474965539e+00   9.8241825331090631e+00   5.3932822619748286e+00   2.0704179238735065e-01   6.1265126901915536e+00
   3.0187285731038571e-02   5.1883558849965539e+00   9.8241825331090631e+00   5.3932822619748286e+00   2.0704179238735065e-01   6.1265126901915536e+00
   3.0182517359456540e-02   5.1893324474965539e+00   9.8241825331090631e+00   5.3932822619748286e+00   2.0704179238735065e-01   6.1265126901915536e+00
   3.0182517359456540e-02   5.1893324474965539e+00   9.8241825331090631e+00   5.3950694476437739e+00   2.0704179238735065e-01   6.1265126901915536e+00
   3.0544436762532712e-02   5.1884853462850060e+00   9.8242151964544000e+00   5.3937705432248286e+00   2.0704179238735065e-01   6.1268152433684335e+00
   3.0182517359456540e-02   5.1893324474965539e+00   9.8241825331090631e+00   5.3932822619748286e+00   2.0704179238735065e-01   6.1265126901915536e+00
   3.0182517359456540e-02   5.1893324474965539e+00   9.8249149549840631e+00   5.3932822619748286e+00   2.0704179238735065e-01   6.1265126901915536e+00
   3.0182517359456540e-02   5.1893324474965539e+00   9.8241825331090631e+00   5.3932822619748286e+00   2.0704179238735065e-01   6.1265126901915536e+00
   3.0182517359456540e-02   5.1893324474965539e+00   9.8241825331090631e+00   5.3932822619748286e+00   2.0704179238735065e-01   6.1265126901915536e+00
   3.0182517359456540e-02   5.1893324474965539e+00   9.8241825331090631e+00   5.3932822619748286e+00   2.0704179238735065e-01   6.1265126901915536e+00
   3.0182517359456540e-02   5.1893324474965539e+00   9.8241825331090631e+00   5.3932822619748286e+00   2.0704179238735065e-01   6.1265126901915536e+00
   3.0182517359456540e-02   5.1893324474965539e+00   9.8241825331090631e+00   5.3932822619748286e+00   2.0704179238735065e-01   6.1265126901915536e+00
   3.0182517359456540e-02   5.1893324474965539e+00   9.8247242201207818e+00   5.3991416369748286e+00   2.0704179238735065e-01   6.1265126901915536e+00
   3.0182517359456540e-02   5.1893324474965539e+00   9.8241825331090631e+00   5.3932822619748286e+00   2.0704179238735065e-01   6.1265126901915536e+00
   3.0182517359456540e-02   5.1893324474965539e+00   9.8241825331090631e+00   5.3932822619748286e+00   2.0704179238735065e-01   6.1265126901915536e+00
   3.0182517359456540e-02   5.1893324474965539e+00   9.8241825331090631e+00   5.3932822619748286e+00   2.0704179238735065e-01   6.1265126901915536e+00
   3.0182517359456540e-02   5.1893324474965539e+00   9.8241825331090631e+00   5.3932822619748286e+00   2.0704179238735065e-01   6.1265126901915536e+00
   3.0182517359456540e-02   5.1893324474965539e+00   9.8241825331090631e+00   5.3932822619748286e+00   2.0704179238735065e-01   6.1265126901915536e+00
   3.0395186732015134e-02   5.1897103409444298e+00   9.8241825331090631e+00   5.3932822619748286e+00   2.0714598130641804e-01   6.1265489298155771e+00
   3.0182517359456540e-02   5.1893324474965539e+00   9.8241825331090631e+00   5.3932822619748286e+00   2.0704179238735065e-01   6.1265126901915536e+00
   3.0182517359456540e-02   5.1893324474965539e+00   9.8241825331090631e+00   5.3932822619748286e+00   2.0704179238735065e-01   6.1265126901915536e+00
   3.0182517359456540e-02   5.1905684094106164e+00   9.8241825331090631e+00   5.3932822619748286e+00   2.0704179238735065e-01   6.1265126901915536e+00
   3.0182517359456540e-02   5.1893324474965539e+00   9.8280887831090631e+00   5.3932822619748286e+00   2.0704179238735065e-01   6.1265126901915536e+00
   3.0182517359456540e-02   5.1893324474965539e+00   9.8241825331090631e+00   5.3932822619748286e+00   2.0704179238735065e-01   6.1265126901915536e+00
   3.0182517359456540e-02   5.1917738537465539e+00   9.8241825331090631e+00   5.3932822619748286e+00   2.0704179238735065e-01   6.1265126901915536e+00
   3.0182517359456540e-02   5.1893324474965539e+00   9.8241825331090631e+00   5.3932822619748286e+00   2.0704179238735065e-01   6.1265126901915536e+00
   3.0182517359456540e-02   5.1893324474965539e+00   9.8241825331090631e+00   5.3932822619748286e+00   2.0704179238735065e-01   6.1265126901915536e+00
   3.0182517359456540e-02   5.1893324474965539e+00   9.8255214918492975e+00   5.3936296378445796e+00   2.0704179238735065e-01   6.1265126901915536e+00
   3.0182517359456540e-02   5.1903090099965539e+00   9.8249302137731256e+00   5.3932822619748286e+00   2.0704179238735065e-01   6.1282407480528818e+00
   3.0182517359456540e-02   5.1893324474965539e+00   9.8241825331090631e+00   5.3932822619748286e+00   2.0704179238735065e-01   6.1265126901915536e+00
   3.0182517359456540e-02   5.1893324474965539e+00   9.8241825331090631e+00   5.3932822619748286e+00   2.0704179238735065e-01   6.1265126901915536e+00
   3.0516780207356931e-02   5.1895267586385216e+00   9.8236942518590631e+00   5.3932822619748286e+00   2.0732479524074421e-01   6.1266771990111337e+00
   3.0182517359456540e-02   5.1893324474965539e+00   9.8241825331090631e+00   5.3932822619748286e+00   2.0704179238735065e-01   6.1265126901915536e+00
   3.0182517359456540e-02   5.1893324474965539e+00   9.8310184706090631e+00   5.3932822619748286e+00   2.0704179238735065e-01   6.1265126901915536e+00
   3.0182517359456540e-02   5.1893324474965539e+00   9.8241825331090631e+00   5.3932822619748286e+00   2.0704179238735065e-01   6.1265126901915536e+00
   3.0182517359456540e-02   5.1898207287465539e+00   9.8244440782903375e+00   5.3935702716183833e+00   2.0704179238735065e-01   6.1265126901915536e+00
   3.0182517359456540e-02   5.1893324474965539e+00   9.8232059706090631e+00   5.3932822619748286e+00   2.0704179238735065e-01   6.1265126901915536e+00
   3.0182517359456540e-02   5.1893324474965539e+00   9.8241825331090631e+00   5.3932822619748286e+00   2.0704179238735065e-01   6.1265126901915536e+00
   3.0182517359456540e-02   5.1893324474965539e+00   9.8241825331090631e+00   5.3932822619748286e+00   2.0704179238735065e-01   6.1265126901915536e+00
   3.0182517359456540e-02   5.1893324474965539e+00   9.8241825331090631e+00   5.3932822619748286e+00   2.0704179238735065e-01   6.1265126901915536e+00
   3.0182517359456540e-02   5.1893324474965539e+00   9.8241825331090631e+00   5.3932822619748286e+00   2.0704179238735065e-01   6.1321889597228036e+00
   3.0182517359456540e-02   5.1893324474965539e+00   9.8241825331090631e+00   5.3932822619748286e+00   2.0704179238735065e-01   6.1265126901915536e+00
   3.0569470713338376e-02   5.1898207287465539e+00   9.8241825331090631e+00   5.3935454760861568e+00   2.0745687913356647e-01   6.1269845205595956e+00
   3.0182517359456540e-02   5.1893324474965539e+00   9.8241825331090631e+00   5.3932822619748286e+00   2.0704179238735065e-01   6.1265126901915536e+00
   3.0182517359456540e-02   5.1893324474965539e+00   9.8241825331090631e+00   5.3932822619748286e+00   2.0704179238735065e-01   6.1265126901915536e+00
   3.0182517359456540e-02   5.1893324474965539e+00   9.8241825331090631e+00   5.3932822619748286e+00   2.0704179238735065e-01   6.1265126901915536e+00
   3.0182517359456540e-02   5.1894325832997765e+00   9.8241825331090631e+00   5.3932822619748286e+00   2.0704179238735065e-01   6.1265126901915536e+00
   3.0182517359456540e-02   5.1893324474965539e+00   9.8241825331090631e+00   5.3934520160031489e+00   2.0606522988735065e-01   6.1265126901915536e+00
   3.0182517359456540e-02   5.1893324474965539e+00   9.8241825331090631e+00   5.3932822619748286e+00   2.0704179238735065e-01   6.1265126901915536e+00
   3.0811942408284665e-02   5.1893324474965539e+00   9.8241825331090631e+00   5.3932822619748286e+00   2.0704179238735065e-01   6.1265126901915536e+00
   3.0182517359456540e-02   5.1893324474965539e+00   9.8241825331090631e+00   5.3932822619748286e+00   2.0704179238735065e-01   6.1265126901915536e+00
   3.0182517359456540e-02   5.1893324474965539e+00   9.8241825331090631e+00   5.3942588244748286e+00   2.0750527810512409e-01   6.1265126901915536e+00
   3.0182517359456540e-02   5.1893324474965539e+00   9.8241825331090631e+00   5.3932822619748286e+00   2.0704179238735065e-01   6.1265126901915536e+00
   3.5309470484456540e-02   5.1893324474965539e+00   9.8241825331090631e+00   5.3913291369748286e+00   2.0704179238735065e-01   6.1265126901915536e+00
   3.0182517359456540e-02   5.1893324474965539e+00   9.8243956793187799e+00   5.3932822619748286e+00   2.0704179238735065e-01   6.1265126901915536e+00
   3.0182517359456540e-02   5.1893324474965539e+00   9.8241825331090631e+00   5.3932822619748286e+00   2.0704179238735065e-01   6.1265126901915536e+00
   3.0182517359456540e-02   5.1893324474965539e+00   9.8241825331090631e+00   5.3932822619748286e+00   2.0704179238735065e-01   6.1265126901915536e+00
   3.0182517359456540e-02   5.1893324474965539e+00   9.8255863417028131e+00   5.3932822619748286e+00   2.0704179238735065e-01   6.1265126901915536e+00
   3.0182517359456540e-02   5.1893324474965539e+00   9.8241825331090631e+00   5.3932822619748286e+00   2.0704179238735065e-01   6.1265126901915536e+00
   3.0182517359456540e-02   5.1893324474965539e+00   9.8241825331090631e+00   5.3932822619748286e+00   2.0704179238735065e-01   6.1265126901915536e+00
   3.0182517359456540e-02   5.1893324474965539e+00   9.8241825331090631e+00   5.3932822619748286e+00   2.0704179238735065e-01   6.1265126901915536e+00
   3.0182517359456540e-02   5.1893324474965539e+00   9.8255100477575006e+00   5.3932822619748286e+00   2.0704179238735065e-01   6.1304189401915536e+00
   3.0670798609456540e-02   5.1893324474965539e+00   9.8241825331090631e+00   5.3932822619748286e+00   2.0704179238735065e-01   6.1273724275877939e+00
   3.0182517359456540e-02   5.1893324474965539e+00   9.8241825331090631e+00   5.3932822619748286e+00   2.0704179238735065e-01   6.1282865244200693e+00
   3.0182517359456540e-02   5.1897670845662560e+00   9.8241825331090631e+00   5.3932822619748286e+00   2.0704179238735065e-01   6.1265126901915536e+00
   3.0182517359456540e-02   5.1893324474965539e+00   9.8241825331090631e+00   5.3932822619748286e+00   2.0704179238735065e-01   6.1265126901915536e+00
   3.0182517359456540e-02   5.1893324474965539e+00   9.8241825331090631e+00   5.3932822619748286e+00   2.0704179238735065e-01   6.1265126901915536e+00
   3.0182517359456540e-02   5.1893324474965539e+00   9.8241825331090631e+00   5.3932822619748286e+00   2.0704179238735065e-01   6.1265126901915536e+00
   3.0182517359456540e-02   5.1893324474965539e+00   9.8241825331090631e+00   5.3932822619748286e+00   2.0704179238735065e-01   6.1265126901915536e+00
   3.1494773218831540e-02   5.1898207287465539e+00   9.8225059736608209e+00   5.3932822619748286e+00   2.0704179238735065e-01   6.1265126901915536e+00
   3.0182517359456540e-02   5.1893324474965539e+00   9.8241825331090631e+00   5.3943999682736568e+00   2.0704179238735065e-01   6.1265126901915536e+00
   3.0182517359456540e-02   5.1893324474965539e+00   9.8241825331090631e+00   5.3932822619748286e+00   2.0704179238735065e-01   6.1265126901915536e+00
   3.0182517359456540e-02   5.1893324474965539e+00   9.8241825331090631e+00   5.3932822619748286e+00   2.0704179238735065e-01   6.1265126901915536e+00
   3.0182517359456540e-02   5.1898207287465539e+00   9.8244729269384088e+00   5.3932822619748286e+00   2.0728831719814167e-01   6.1265835005095468e+00
   3.0182517359456540e-02   5.1893324474965539e+00   9.8241825331090631e+00   5.3932822619748286e+00   2.0704179238735065e-01   6.1265126901915536e+00
   3.0182517359456540e-02   5.1893324474965539e+00   9.8241825331090631e+00   5.3932822619748286e+00   2.0704179238735065e-01   6.1265126901915536e+00
   3.0375934431752682e-02   5.1894723992024865e+00   9.8241856921552362e+00   5.3934407507252864e+00   2.0709805917201862e-01   6.1262685495665536e+00
   3.0204690287312985e-02   5.1890883068715539e+00   9.8242920268415155e+00   5.3935138856244258e+00   2.0714180898128376e-01   6.1266802984526620e+00
   3.0182517359456540e-02   5.1893324474965539e+00   9.8241825331090631e+00   5.3935264025998286e+00   2.0704179238735065e-01   6.1265126901915536e+00
   3.0399299452504636e-02   5.1893611173306908e+00   9.8243693340657892e+00   5.3935264025998286e+00   2.0765905808864460e-01   6.1267080742171274e+00
   3.0492938349446774e-02   5.1899761180554833e+00   9.8244290579198541e+00   5.3935656820607356e+00   2.0704179238735065e-01   6.1268719273856149e+00
   3.0209697077474118e-02   5.1895765881215539e+00   9.8241825331090631e+00   5.3932822619748286e+00   2.0704179238735065e-01   6.1265126901915536e+00
   2.6520407984456540e-02   5.1893324474965539e+00   9.8242050636647882e+00   5.3932822619748286e+00   2.0704179238735065e-01   6.1265263992598520e+00
   3.0182517359456540e-02   5.1895527462636437e+00   9.8244266737340631e+00   5.3939428602528743e+00   2.0704179238735065e-01   6.1265126901915536e+00
   3.0182517359456540e-02   5.1895765881215539e+00   9.8241825331090631e+00   5.3932822619748286e+00   2.0704179238735065e-01   6.1265126901915536e+00
   3.0332542250356198e-02   5.1894234041844811e+00   9.8242173422216119e+00   5.3932822619748286e+00   2.0704179238735065e-01   6.1262685495665536e+00
   3.0670083353719235e-02   5.1890883068715539e+00   9.8244045604108514e+00   5.3935242568326167e+00   2.0753007363735065e-01   6.1268288332274423e+00
   3.0182517359456540e-02   5.1893324474965539e+00   9.8244266737340631e+00   5.3932822619748286e+00   2.0704179238735065e-01   6.1265126901915536e+00
   3.0182517359456540e-02   5.1893324474965539e+00   9.8242083419202508e+00   5.3935264025998286e+00   2.0704179238735065e-01   6.1265126901915536e+00
   3.0182517359456540e-02   5.1890883068715539e+00   9.8243009675382318e+00   5.3933384095502070e+00   2.0715682935176716e-01   6.1267223197272287e+00
   3.0182517359456540e-02   5.1893324474965539e+00   9.8258486021398248e+00   5.3932822619748286e+00   2.0753007363735065e-01   6.1265126901915536e+00
   3.0182517359456540e-02   5.1890883068715539e+00   9.8241825331090631e+00   5.3932822619748286e+00   2.0704179238735065e-01   6.1265126901915536e+00
   3.0182517359456540e-02   5.1893324474965539e+00   9.8242949474691095e+00   5.3930381213498286e+00   2.0712553691326008e-01   6.1265825468352304e+00
   3.0232942888936520e-02   5.1893824557935204e+00   9.8241825331090631e+00   5.3932822619748286e+00   2.0717560481487141e-01   6.1267568308165536e+00
   2.9938376734456540e-02   5.1815199474965539e+00   9.8241825331090631e+00   5.3932822619748286e+00   2.0704179238735065e-01   6.1265126901915536e+00
   3.0350721667012692e-02   5.1895628194486108e+00   9.8241825331090631e+00   5.3935264025998286e+00   2.0721708964763508e-01   6.1266815501502023e+00
   2.9938376734456540e-02   5.1893982510243859e+00   9.8242421973584833e+00   5.3933820997548274e+00   2.0710223149715290e-01   6.1266168195059763e+00
   2.9938376734456540e-02   5.1893324474965539e+00   9.8241825331090631e+00   5.3933016930890254e+00   2.0704179238735065e-01   6.1265126901915536e+00
   3.0182517359456540e-02   5.1895765881215539e+00   9.8241825331090631e+00   5.3932822619748286e+00   2.0704179238735065e-01   6.1265126901915536e+00
   3.0182517359456540e-02   5.1893324474965539e+00   9.8241825331090631e+00   5.3935264025998286e+00   2.0704179238735065e-01   6.1265126901915536e+00
   3.0182517359456540e-02   5.1893859128629174e+00   9.8244266737340631e+00   5.3932822619748286e+00   2.0704179238735065e-01   6.1265126901915536e+00
   3.0426657984456540e-02   5.1893766145383324e+00   9.8241825331090631e+00   5.3934937988591365e+00   2.0704179238735065e-01   6.1266075211813913e+00
   3.0223882982930661e-02   5.1893324474965539e+00   9.8241825331090631e+00   5.3933780466389827e+00   2.0715641211925373e-01   6.1262685495665536e+00
   3.0182517359456540e-02   5.1894284109746422e+00   9.8242762912152948e+00   5.3932822619748286e+00   2.0708297919689045e-01   6.1267568308165536e+00
   3.0182517359456540e-02   5.1895765881215539e+00   9.8243526447652521e+00   5.3933269654584102e+00   2.0723371934352741e-01   6.1265126901915536e+00
   2.9938376734456540e-02   5.1894730548535790e+00   9.8334598768590631e+00   5.3932822619748286e+00   2.0704179238735065e-01   6.1267160016348825e+00
   3.0394888708791257e-02   5.1890883068715539e+00   9.8241825331090631e+00   5.3933851395917110e+00   2.0727901887355671e-01   6.1267509299567209e+00
   3.0182517359456540e-02   5.1893829922353234e+00   9.8249149549840631e+00   5.3932822619748286e+00   2.0728593301235065e-01   6.1280546623518930e+00
   3.0329144785604001e-02   5.1893324474965539e+00   9.8241886127828302e+00   5.3933506881070308e+00   2.0711474847255573e-01   6.1262685495665536e+00
   3.0182517359456540e-02   5.1894421796475854e+00   9.8244266737340631e+00   5.3943022762608699e+00   2.0704179238735065e-01   6.1255361276915536e+00
   3.0204392264089108e-02   5.1895708660756554e+00   9.8243003118871393e+00   5.3935069714856319e+00   2.0726733636318073e-01   6.1262685495665536e+00
   3.0341065714559079e-02   5.1894430737172570e+00   9.8241987455724420e+00   5.3934598838162593e+00   2.0713245105205402e-01   6.1267568308165536e+00
   3.0642903635701657e-02   5.1895610313092675e+00   9.8234501112340631e+00   5.3934217368436030e+00   2.0741241406856403e-01   6.1265858250906930e+00
   3.0182517359456540e-02   5.1893324474965539e+00   9.8244051564572992e+00   5.4074654256177119e+00   2.0446305703578815e-01   6.1265572744658456e+00
   3.0426657984456540e-02   5.1893324474965539e+00   9.8241825331090631e+00   5.3932822619748286e+00   2.0704179238735065e-01   6.1265126901915536e+00
   2.9938376734456540e-02   5.1895294408475365e+00   9.8242425549863519e+00   5.3932822619748286e+00   2.0704179238735065e-01   6.1265126901915536e+00
   3.0195749590596677e-02   5.1893324474965539e+00   9.8244087923406305e+00   5.3935264025998286e+00   2.0712017249523029e-01   6.1265126901915536e+00
   3.0354834387502194e-02   5.1893324474965539e+00   9.8241948712705316e+00   5.3930381213498286e+00   2.0727252196727619e-01   6.1265126901915536e+00
