   3.1112826655110837e-02   5.1858927826558556e+00   9.8257652599452676e+00   5.3887970273566417e+00   2.1160417031703815e-01   6.1303769040158258e+00
   2.5253451655110837e-02   5.1858927826558556e+00   9.8257652599452676e+00   5.3897735898566417e+00   2.1160417031703815e-01   6.1303769040158258e+00
   2.5253451655110837e-02   5.1849162201558556e+00   9.8257652599452676e+00   5.3897735898566417e+00   2.1160417031703815e-01   6.1303769040158258e+00
   3.5019076655110837e-02   5.1858927826558556e+00   9.8257652599452676e+00   5.3887970273566417e+00   2.1160417031703815e-01   6.1303769040158258e+00
   2.5253451655110837e-02   5.1858927826558556e+00   9.8257652599452676e+00   5.3887970273566417e+00   2.1160417031703815e-01   6.1303769040158258e+00
   2.5253451655110837e-02   5.1858927826558556e+00   9.8257652599452676e+00   5.3887970273566417e+00   2.1160417031703815e-01   6.1303769040158258e+00
   2.5253451655110837e-02   5.1858927826558556e+00   9.8257652599452676e+00   5.3887970273566417e+00   2.1160417031703815e-01   6.1303769040158258e+00
   2.5253451655110837e-02   5.1858927826558556e+00   9.8257652599452676e+00   5.3887970273566417e+00   2.1160417031703815e-01   6.1303769040158258e+00
   2.5253451655110837e-02   5.1858927826558556e+00   9.8257652599452676e+00   5.3887970273566417e+00   2.1160417031703815e-01   6.1303769040158258e+00
   2.5253451655110837e-02   5.1858927826558556e+00   9.8257652599452676e+00   5.3887970273566417e+00   2.1160417031703815e-01   6.1303769040158258e+00
   2.5253451655110837e-02   5.1858927826558556e+00   9.8257652599452676e+00   5.3887970273566417e+00   2.1160417031703815e-01   6.1303769040158258e+00
   2.5253451655110837e-02   5.1849162201558556e+00   9.8570152599452676e+00   5.3907501523566417e+00   2.1160417031703815e-01   6.1303769040158258e+00
   2.5253451655110837e-02   5.1858927826558556e+00   9.8257652599452676e+00   5.3887970273566417e+00   2.1160417031703815e-01   6.1303769040158258e+00
   3.5019076655110837e-02   5.1849162201558556e+00   9.8257652599452676e+00   5.3887970273566417e+00   2.1160417031703815e-01   6.1303769040158258e+00
   2.5253451655110837e-02   5.1849162201558556e+00   9.8257652599452676e+00   5.3887970273566417e+00   2.2649674844203815e-01   6.1303769040158258e+00
   2.5253451655110837e-02   5.1692912201558556e+00   9.8257652599452676e+00   5.3887970273566417e+00   2.1160417031703815e-01   6.1303769040158258e+00
   2.5253451655110837e-02   5.1858927826558556e+00   9.8257652599452676e+00   5.3897735898566417e+00   2.1160417031703815e-01   6.1303769040158258e+00
   2.5253451655110837e-02   5.1692912201558556e+00   9.8257652599452676e+00   5.3887970273566417e+00   2.1160417031703815e-01   6.1303769040158258e+00
   2.5253451655110837e-02   5.1849162201558556e+00   9.8579918224452676e+00   5.3887970273566417e+00   2.1160417031703815e-01   6.1303769040158258e+00
   2.5253451655110837e-02   5.2015177826558556e+00   9.8257652599452676e+00   5.3887970273566417e+00   2.1917252969203815e-01   6.1411190915158258e+00
   2.5253451655110837e-02   5.1849162201558556e+00   9.8257652599452676e+00   5.3887970273566417e+00   2.1160417031703815e-01   6.1303769040158258e+00
   2.5253451655110837e-02   5.1858927826558556e+00   9.8257652599452676e+00   5.3897735898566417e+00   2.1160417031703815e-01   6.1303769040158258e+00
   3.1112826655110837e-02   5.1692912201558556e+00   9.8257652599452676e+00   5.3887970273566417e+00   2.1160417031703815e-01   6.1303769040158258e+00
   2.5253451655110837e-02   5.1692912201558556e+00   9.8570152599452676e+00   5.3887970273566417e+00   2.1160417031703815e-01   6.1303769040158258e+00
   2.5253451655110837e-02   5.1692912201558556e+00   9.8257652599452676e+00   5.3887970273566417e+00   2.1160417031703815e-01   6.1303769040158258e+00
   2.5253451655110837e-02   5.1692912201558556e+00   9.8257652599452676e+00   5.3956329648566417e+00   2.1160417031703815e-01   6.1303769040158258e+00
   2.5253451655110837e-02   5.1849162201558556e+00   9.8257652599452676e+00   5.3887970273566417e+00   2.7410417031703815e-01   6.0678769040158258e+00
   2.5253451655110837e-02   5.1849162201558556e+00   9.8257652599452676e+00   5.3887970273566417e+00   2.1160417031703815e-01   6.1303769040158258e+00
   2.5253451655110837e-02   5.1858927826558556e+00   9.8257652599452676e+00   5.3887970273566417e+00   2.1160417031703815e-01   6.1303769040158258e+00
   2.5253451655110837e-02   5.1692912201558556e+00   9.8257652599452676e+00   5.3887970273566417e+00   2.1160417031703815e-01   6.1303769040158258e+00
   2.5253451655110837e-02   5.1849162201558556e+00   9.8257652599452676e+00   5.3887970273566417e+00   2.1160417031703815e-01   6.1303769040158258e+00
   2.5253451655110837e-02   5.1849162201558556e+00   9.8257652599452676e+00   5.3887970273566417e+00   2.1160417031703815e-01   6.1303769040158258e+00
   2.5253451655110837e-02   5.1849162201558556e+00   9.8570152599452676e+00   5.3887970273566417e+00   2.1160417031703815e-01   6.1303769040158258e+00
   2.5253451655110837e-02   5.1849162201558556e+00   9.8257652599452676e+00   5.3887970273566417e+00   2.1160417031703815e-01   6.1303769040158258e+00
   2.5253451655110837e-02   5.1692912201558556e+00   9.8257652599452676e+00   5.3887970273566417e+00   2.1160417031703815e-01   6.1303769040158258e+00
   2.5253451655110837e-02   5.1849162201558556e+00   9.8257652599452676e+00   5.3887970273566417e+00   2.1160417031703815e-01   6.1303769040158258e+00
   2.5253451655110837e-02   5.1692912201558556e+00   9.8570152599452676e+00   5.3887970273566417e+00   2.1160417031703815e-01   6.1303769040158258e+00
   9.6284516551108368e-03   5.2356974701558556e+00   9.8804527599452676e+00   5.4112579648566417e+00   2.1160417031703815e-01   6.1411190915158258e+00
   2.5253451655110837e-02   5.1849162201558556e+00   9.8257652599452676e+00   5.3887970273566417e+00   2.1160417031703815e-01   6.1303769040158258e+00
   2.5253451655110837e-02   5.2327677826558556e+00   9.8804527599452676e+00   5.4317657773566417e+00   2.1160417031703815e-01   6.1928769040158258e+00
   2.5253451655110837e-02   5.1937052826558556e+00   9.8257652599452676e+00   5.3887970273566417e+00   2.1160417031703815e-01   6.1928769040158258e+00
   2.5253451655110837e-02   5.1692912201558556e+00   9.8306480724452676e+00   5.4346954648566417e+00   2.1160417031703815e-01   6.1303769040158258e+00
   3.1112826655110837e-02   5.1692912201558556e+00   9.8257652599452676e+00   5.3887970273566417e+00   2.1160417031703815e-01   6.1499081540158258e+00
   2.5253451655110837e-02   5.1858927826558556e+00   9.8257652599452676e+00   5.4132110898566417e+00   2.1160417031703815e-01   6.1303769040158258e+00
   2.5253451655110837e-02   5.1692912201558556e+00   9.8257652599452676e+00   5.3887970273566417e+00   2.1160417031703815e-01   6.1303769040158258e+00
   2.5253451655110837e-02   5.1858927826558556e+00   9.8584801036952676e+00   5.3887970273566417e+00   2.1697526406703815e-01   6.1435604977658258e+00
   2.5253451655110837e-02   5.1692912201558556e+00   9.8257652599452676e+00   5.3887970273566417e+00   2.1160417031703815e-01   6.1303769040158258e+00
   2.5253451655110837e-02   5.1849162201558556e+00   9.8257652599452676e+00   5.3887970273566417e+00   2.1160417031703815e-01   6.1303769040158258e+00
   3.3065951655110837e-02   5.1858927826558556e+00   9.8882652599452676e+00   5.3887970273566417e+00   2.1160417031703815e-01   6.1577206540158258e+00
   2.5253451655110837e-02   5.1849162201558556e+00   9.8257652599452676e+00   5.3887970273566417e+00   2.1160417031703815e-01   6.1303769040158258e+00
   2.5253451655110837e-02   5.1858927826558556e+00   9.8257652599452676e+00   5.3887970273566417e+00   2.1160417031703815e-01   6.1303769040158258e+00
   3.3798373530110837e-02   5.1734416107808556e+00   9.8570152599452676e+00   5.3887970273566417e+00   2.1160417031703815e-01   6.1303769040158258e+00
   2.5253451655110837e-02   5.1858927826558556e+00   9.8257652599452676e+00   5.3887970273566417e+00   2.1551042031703815e-01   6.1303769040158258e+00
   2.5253451655110837e-02   5.1858927826558556e+00   9.8257652599452676e+00   5.3887970273566417e+00   2.1160417031703815e-01   6.1303769040158258e+00
   2.5253451655110837e-02   5.1692912201558556e+00   9.8584801036952676e+00   5.3887970273566417e+00   2.1160417031703815e-01   6.1411190915158258e+00
   2.5253451655110837e-02   5.1858927826558556e+00   9.7632652599452676e+00   5.3887970273566417e+00   2.6629167031703815e-01   6.1694394040158258e+00
   2.5253451655110837e-02   5.1858927826558556e+00   9.8257652599452676e+00   5.3887970273566417e+00   2.1160417031703815e-01   6.1303769040158258e+00
   2.5253451655110837e-02   5.1858927826558556e+00   9.8570152599452676e+00   5.3887970273566417e+00   2.1160417031703815e-01   6.1303769040158258e+00
   2.5253451655110837e-02   5.1858927826558556e+00   9.8257652599452676e+00   5.4200470273566417e+00   2.1160417031703815e-01   6.0678769040158258e+00
   2.5253451655110837e-02   5.1849162201558556e+00   9.8257652599452676e+00   5.3897735898566417e+00   2.1160417031703815e-01   6.0678769040158258e+00
   2.5253451655110837e-02   5.2015177826558556e+00   9.8257652599452676e+00   5.3887970273566417e+00   2.1160417031703815e-01   6.1303769040158258e+00
   2.5253451655110837e-02   5.1858927826558556e+00   9.8257652599452676e+00   5.3887970273566417e+00   2.1160417031703815e-01   6.1303769040158258e+00
   2.5253451655110837e-02   5.1692912201558556e+00   9.8257652599452676e+00   5.3887970273566417e+00   2.1160417031703815e-01   6.1303769040158258e+00
   2.5253451655110837e-02   5.1692912201558556e+00   9.8687340099452676e+00   5.4327423398566417e+00   2.1160417031703815e-01   6.1733456540158258e+00
   2.5253451655110837e-02   5.1858927826558556e+00   9.8257652599452676e+00   5.4063751523566417e+00   2.1160417031703815e-01   6.1303769040158258e+00
   2.1347201655110837e-02   5.1692912201558556e+00   9.8257652599452676e+00   5.3887970273566417e+00   2.1160417031703815e-01   6.1381894040158258e+00
   2.5253451655110837e-02   5.1858927826558556e+00   9.8257652599452676e+00   5.3897735898566417e+00   2.1160417031703815e-01   6.1303769040158258e+00
   2.5253451655110837e-02   5.1702677826558556e+00   9.8257652599452676e+00   5.3887970273566417e+00   2.1160417031703815e-01   6.1303769040158258e+00
   2.5253451655110837e-02   5.1858927826558556e+00   9.8257652599452676e+00   5.3887970273566417e+00   2.1160417031703815e-01   6.1303769040158258e+00
   2.5253451655110837e-02   5.1858927826558556e+00   9.8257652599452676e+00   5.3887970273566417e+00   2.1160417031703815e-01   6.1303769040158258e+00
   2.5253451655110837e-02   5.1858927826558556e+00   9.8843590099452676e+00   5.3887970273566417e+00   2.1160417031703815e-01   6.1303769040158258e+00
   2.5253451655110837e-02   5.1849162201558556e+00   9.8257652599452676e+00   5.3887970273566417e+00   2.1160417031703815e-01   6.1303769040158258e+00
   2.5253451655110837e-02   5.1849162201558556e+00   9.8257652599452676e+00   5.4073517148566417e+00   2.1160417031703815e-01   6.1303769040158258e+00
   3.1112826655110837e-02   5.1858927826558556e+00   9.8257652599452676e+00   5.3887970273566417e+00   2.1160417031703815e-01   6.1303769040158258e+00
   2.5253451655110837e-02   5.1858927826558556e+00   9.8257652599452676e+00   5.3897735898566417e+00   2.1160417031703815e-01   6.1303769040158258e+00
   2.5253451655110837e-02   5.1692912201558556e+00   9.8257652599452676e+00   5.3887970273566417e+00   2.1160417031703815e-01   6.1303769040158258e+00
   2.5253451655110837e-02   5.1692912201558556e+00   9.8257652599452676e+00   5.3887970273566417e+00   2.1160417031703815e-01   6.1303769040158258e+00
   2.5253451655110837e-02   5.1692912201558556e+00   9.8257652599452676e+00   5.3887970273566417e+00   2.1160417031703815e-01   6.1303769040158258e+00
   2.5253451655110837e-02   5.1849162201558556e+00   9.8648277599452676e+00   5.3887970273566417e+00   2.1160417031703815e-01   6.1303769040158258e+00
   2.5253451655110837e-02   5.1858927826558556e+00   9.8257652599452676e+00   5.3887970273566417e+00   2.1160417031703815e-01   6.1303769040158258e+00
   2.5253451655110837e-02   5.1849162201558556e+00   9.8257652599452676e+00   5.3887970273566417e+00   2.1160417031703815e-01   6.1303769040158258e+00
   2.5253451655110837e-02   5.1849162201558556e+00   9.8257652599452676e+00   5.3966095273566417e+00   2.1160417031703815e-01   6.1303769040158258e+00
   2.5253451655110837e-02   5.1858927826558556e+00   9.8257652599452676e+00   5.3887970273566417e+00   2.1160417031703815e-01   6.1303769040158258e+00
   2.5253451655110837e-02   5.1858927826558556e+00   9.8257652599452676e+00   5.3887970273566417e+00   2.1160417031703815e-01   6.1303769040158258e+00
   3.5019076655110837e-02   5.1692912201558556e+00   9.8257652599452676e+00   5.3985626523566417e+00   2.1160417031703815e-01   6.1303769040158258e+00
   2.5253451655110837e-02   5.1849162201558556e+00   9.8257652599452676e+00   5.3956329648566417e+00   2.1526627969203815e-01   6.1303769040158258e+00
   2.5253451655110837e-02   5.1858927826558556e+00   9.8257652599452676e+00   5.3887970273566417e+00   2.1160417031703815e-01   6.1303769040158258e+00
   2.5253451655110837e-02   5.2064005951558556e+00   9.8687340099452676e+00   5.4005157773566417e+00   2.1160417031703815e-01   6.0678769040158258e+00
   2.5253451655110837e-02   5.1692912201558556e+00   9.8257652599452676e+00   5.3887970273566417e+00   2.1160417031703815e-01   6.2241269040158258e+00
   2.5253451655110837e-02   5.1849162201558556e+00   9.8257652599452676e+00   5.3887970273566417e+00   2.1160417031703815e-01   6.1303769040158258e+00
   2.5253451655110837e-02   5.1858927826558556e+00   9.8257652599452676e+00   5.3887970273566417e+00   2.1160417031703815e-01   6.1303769040158258e+00
   2.5253451655110837e-02   5.1849162201558556e+00   9.8257652599452676e+00   5.3887970273566417e+00   2.1160417031703815e-01   6.1303769040158258e+00
   2.5253451655110837e-02   5.1849162201558556e+00   9.8257652599452676e+00   5.3887970273566417e+00   2.1160417031703815e-01   6.1303769040158258e+00
   2.5253451655110837e-02   5.1858927826558556e+00   9.8257652599452676e+00   5.3887970273566417e+00   2.1160417031703815e-01   6.1303769040158258e+00
   2.5253451655110837e-02   5.1692912201558556e+00   9.8257652599452676e+00   5.3887970273566417e+00   2.1160417031703815e-01   6.1303769040158258e+00
   2.5253451655110837e-02   5.1692912201558556e+00   9.8257652599452676e+00   5.3887970273566417e+00   2.1160417031703815e-01   6.1303769040158258e+00
   2.5253451655110837e-02   5.1692912201558556e+00   9.7632652599452676e+00   5.3887970273566417e+00   2.1160417031703815e-01   6.1303769040158258e+00
   2.5253451655110837e-02   5.1858927826558556e+00   9.8257652599452676e+00   5.4132110898566417e+00   2.1160417031703815e-01   6.1303769040158258e+00
   2.5253451655110837e-02   5.1849162201558556e+00   9.8257652599452676e+00   5.3887970273566417e+00   2.1160417031703815e-01   6.1303769040158258e+00
   9.6284516551108368e-03   5.1858927826558556e+00   9.8257652599452676e+00   5.3887970273566417e+00   2.1160417031703815e-01   6.1303769040158258e+00
   3.5995639155110837e-02   5.1858927826558556e+00   9.8570152599452676e+00   5.3887970273566417e+00   2.1160417031703815e-01   6.0678769040158258e+00
   2.5253451655110837e-02   5.1849162201558556e+00   9.8511558849452676e+00   5.3887970273566417e+00   2.1160417031703815e-01   6.1303769040158258e+00
   2.5253451655110837e-02   5.1692912201558556e+00   9.8257652599452676e+00   5.3887970273566417e+00   2.1160417031703815e-01   6.1303769040158258e+00
   2.5253451655110837e-02   5.1858927826558556e+00   9.8257652599452676e+00   5.3887970273566417e+00   2.1160417031703815e-01   6.1303769040158258e+00
   2.5253451655110837e-02   5.1849162201558556e+00   9.8257652599452676e+00   5.3887970273566417e+00   2.1160417031703815e-01   6.1303769040158258e+00
   2.5253451655110837e-02   5.1858927826558556e+00   9.8257652599452676e+00   5.3887970273566417e+00   2.1160417031703815e-01   6.1303769040158258e+00
   2.5253451655110837e-02   5.1858927826558556e+00   9.8257652599452676e+00   5.3887970273566417e+00   2.1160417031703815e-01   6.1303769040158258e+00
   2.5253451655110837e-02   5.1849162201558556e+00   9.8579918224452676e+00   5.3848907773566417e+00   2.1160417031703815e-01   6.1303769040158258e+00
   2.5253451655110837e-02   5.1849162201558556e+00   9.8257652599452676e+00   5.3956329648566417e+00   2.3894792031703815e-01   6.1460019040158258e+00
   2.5253451655110837e-02   5.1858927826558556e+00   9.8257652599452676e+00   5.3897735898566417e+00   2.1160417031703815e-01   6.1303769040158258e+00
   2.8183139155110837e-02   5.1692912201558556e+00   9.7642418224452676e+00   5.3887970273566417e+00   1.9695573281703815e-01   6.1958065915158258e+00
   2.5253451655110837e-02   5.1692912201558556e+00   9.8570152599452676e+00   5.3887970273566417e+00   2.1160417031703815e-01   6.1557675290158258e+00
   4.8690951655110837e-02   5.1976115326558556e+00   9.7632652599452676e+00   5.3887970273566417e+00   2.2332292031703815e-01   6.1303769040158258e+00
   7.9940951655110837e-02   5.1858927826558556e+00   9.8257652599452676e+00   5.4053985898566417e+00   1.4910417031703815e-01   6.1489315915158258e+00
   7.2128451655110837e-02   5.2317912201558556e+00   9.8257652599452676e+00   5.3887970273566417e+00   2.6238542031703815e-01   6.2016659665158258e+00
   4.0878451655110837e-02   5.1692912201558556e+00   9.8257652599452676e+00   5.3887970273566417e+00   2.1160417031703815e-01   6.1303769040158258e+00
   2.5253451655110837e-02   5.1692912201558556e+00   9.8570152599452676e+00   5.3887970273566417e+00   2.1160417031703815e-01   6.1416073727658258e+00
   2.5253451655110837e-02   5.1858927826558556e+00   9.8257652599452676e+00   5.3887970273566417e+00   2.1160417031703815e-01   6.1303769040158258e+00
   2.5253451655110837e-02   5.1849162201558556e+00   9.8257652599452676e+00   5.3887970273566417e+00   2.1160417031703815e-01   6.1303769040158258e+00
   2.5253451655110837e-02   5.1692912201558556e+00   9.8257652599452676e+00   5.3897735898566417e+00   2.1160417031703815e-01   6.1303769040158258e+00
   2.5253451655110837e-02   5.1780802826558556e+00   9.8257652599452676e+00   5.3887970273566417e+00   2.1160417031703815e-01   6.1303769040158258e+00
   7.1640170405110837e-02   5.2474162201558556e+00   9.8570152599452676e+00   5.3887970273566417e+00   2.1160417031703815e-01   6.1853085446408258e+00
   2.5253451655110837e-02   5.1692912201558556e+00   9.8257652599452676e+00   5.3887970273566417e+00   2.1160417031703815e-01   6.1303769040158258e+00
   2.5253451655110837e-02   5.1849162201558556e+00   9.8257652599452676e+00   5.3887970273566417e+00   2.1160417031703815e-01   6.1303769040158258e+00
   2.5253451655110837e-02   5.1849162201558556e+00   9.8257652599452676e+00   5.3575470273566417e+00   2.1160417031703815e-01   6.1303769040158258e+00
   2.5253451655110837e-02   5.1849162201558556e+00   9.8257652599452676e+00   5.3887970273566417e+00   1.4910417031703815e-01   6.1303769040158258e+00
   3.1112826655110837e-02   5.1780802826558556e+00   9.8362633068202676e+00   5.3970978086066417e+00   2.1160417031703815e-01   6.1460019040158258e+00
   2.5253451655110837e-02   5.1849162201558556e+00   9.8257652599452676e+00   5.3887970273566417e+00   2.1160417031703815e-01   6.1303769040158258e+00
   2.5253451655110837e-02   5.1858927826558556e+00   9.8257652599452676e+00   5.3887970273566417e+00   2.5457292031703815e-01   6.1303769040158258e+00
   7.9940951655110837e-02   5.1849162201558556e+00   9.8257652599452676e+00   5.3887970273566417e+00   2.1160417031703815e-01   6.1303769040158258e+00
   2.5253451655110837e-02   5.1849162201558556e+00   9.8257652599452676e+00   5.3887970273566417e+00   2.1160417031703815e-01   6.1411190915158258e+00
   2.5253451655110837e-02   5.1849162201558556e+00   9.8257652599452676e+00   5.3887970273566417e+00   2.1160417031703815e-01   6.1303769040158258e+00
   2.5253451655110837e-02   5.1849162201558556e+00   9.8413902599452676e+00   5.4200470273566417e+00   2.1551042031703815e-01   6.1303769040158258e+00
   2.5253451655110837e-02   5.1858927826558556e+00   9.8257652599452676e+00   5.3887970273566417e+00   2.1160417031703815e-01   6.1303769040158258e+00
   2.5253451655110837e-02   5.1734416107808556e+00   9.8257652599452676e+00   5.3887970273566417e+00   2.1160417031703815e-01   6.1303769040158258e+00
   3.5995639155110837e-02   5.1692912201558556e+00   9.8257652599452676e+00   5.4044220273566417e+00   2.1160417031703815e-01   6.1303769040158258e+00
   2.5253451655110837e-02   5.1692912201558556e+00   9.8257652599452676e+00   5.4053985898566417e+00   2.1746354531703815e-01   6.1450253415158258e+00
   2.5253451655110837e-02   5.1692912201558556e+00   9.8396812755702676e+00   5.3887970273566417e+00   2.1160417031703815e-01   6.1303769040158258e+00
   4.0390170405110837e-02   5.1858927826558556e+00   9.8413902599452676e+00   5.3887970273566417e+00   2.1160417031703815e-01   6.1303769040158258e+00
   2.5253451655110837e-02   5.1849162201558556e+00   9.8257652599452676e+00   5.3887970273566417e+00   2.1160417031703815e-01   6.1303769040158258e+00
   3.1112826655110837e-02   5.1858927826558556e+00   9.8257652599452676e+00   5.3887970273566417e+00   2.1160417031703815e-01   6.1303769040158258e+00
   8.7753451655110837e-02   5.1849162201558556e+00   9.8413902599452676e+00   5.3912384336066417e+00   2.1160417031703815e-01   6.1655331540158258e+00
   2.5253451655110837e-02   5.1858927826558556e+00   9.8257652599452676e+00   5.3887970273566417e+00   2.1160417031703815e-01   6.1928769040158258e+00
   2.5253451655110837e-02   5.1858927826558556e+00   9.8257652599452676e+00   5.3887970273566417e+00   2.1160417031703815e-01   6.1303769040158258e+00
   2.5253451655110837e-02   5.1858927826558556e+00   9.8257652599452676e+00   5.3887970273566417e+00   2.1160417031703815e-01   6.1303769040158258e+00
   2.5253451655110837e-02   5.1858927826558556e+00   9.8882652599452676e+00   5.3887970273566417e+00   2.1160417031703815e-01   6.1303769040158258e+00
   3.5019076655110837e-02   5.1858927826558556e+00   9.8257652599452676e+00   5.3887970273566417e+00   2.1160417031703815e-01   6.1303769040158258e+00
   2.5253451655110837e-02   5.1858927826558556e+00   9.8257652599452676e+00   5.3887970273566417e+00   2.1160417031703815e-01   6.1303769040158258e+00
   2.5253451655110837e-02   5.1858927826558556e+00   9.8257652599452676e+00   5.3887970273566417e+00   2.1160417031703815e-01   6.1303769040158258e+00
   2.5253451655110837e-02   5.1858927826558556e+00   9.8257652599452676e+00   5.3897735898566417e+00   2.1160417031703815e-01   6.1303769040158258e+00
   2.5253451655110837e-02   5.1692912201558556e+00   9.8257652599452676e+00   5.3887970273566417e+00   2.1160417031703815e-01   6.1303769040158258e+00
   2.5253451655110837e-02   5.2005412201558556e+00   9.8257652599452676e+00   5.3887970273566417e+00   2.1160417031703815e-01   6.1303769040158258e+00
   2.5253451655110837e-02   5.1849162201558556e+00   9.8257652599452676e+00   5.3887970273566417e+00   2.1160417031703815e-01   6.1303769040158258e+00
   2.5253451655110837e-02   5.1849162201558556e+00   9.8257652599452676e+00   5.4034454648566417e+00   2.1160417031703815e-01   6.1928769040158258e+00
   2.5253451655110837e-02   5.1692912201558556e+00   9.8257652599452676e+00   5.3956329648566417e+00   2.1160417031703815e-01   6.1303769040158258e+00
   2.5253451655110837e-02   5.1849162201558556e+00   9.8257652599452676e+00   5.3897735898566417e+00   2.1160417031703815e-01   6.1303769040158258e+00
   2.5253451655110837e-02   5.1858927826558556e+00   9.8257652599452676e+00   5.3887970273566417e+00   2.1160417031703815e-01   6.1303769040158258e+00
   2.9159701655110837e-02   5.2474162201558556e+00   9.8882652599452676e+00   5.3887970273566417e+00   2.7410417031703815e-01   6.1303769040158258e+00
   2.5253451655110837e-02   5.1849162201558556e+00   9.8257652599452676e+00   5.3887970273566417e+00   2.1160417031703815e-01   6.1345272946408258e+00
   3.1112826655110837e-02   5.1858927826558556e+00   9.8257652599452676e+00   5.3887970273566417e+00   2.1160417031703815e-01   6.1303769040158258e+00
   2.5253451655110837e-02   5.1849162201558556e+00   9.8570152599452676e+00   5.4034454648566417e+00   2.1160417031703815e-01   6.1303769040158258e+00
   2.5253451655110837e-02   5.1849162201558556e+00   9.8257652599452676e+00   5.3887970273566417e+00   2.1160417031703815e-01   6.1499081540158258e+00
   4.9667514155110837e-02   5.1858927826558556e+00   9.8452965099452676e+00   5.3887970273566417e+00   2.1160417031703815e-01   6.0678769040158258e+00
   2.5253451655110837e-02   5.1858927826558556e+00   9.8257652599452676e+00   5.3887970273566417e+00   2.1160417031703815e-01   6.1303769040158258e+00
   2.5253451655110837e-02   5.2005412201558556e+00   9.8257652599452676e+00   5.3887970273566417e+00   2.2527604531703815e-01   6.1616269040158258e+00
   2.5253451655110837e-02   5.1692912201558556e+00   9.8257652599452676e+00   5.3887970273566417e+00   2.1160417031703815e-01   6.1303769040158258e+00
   2.5253451655110837e-02   5.1780802826558556e+00   9.8257652599452676e+00   5.3887970273566417e+00   2.1160417031703815e-01   6.1303769040158258e+00
   2.5253451655110837e-02   5.1849162201558556e+00   9.8257652599452676e+00   5.3887970273566417e+00   2.1160417031703815e-01   6.1303769040158258e+00
   2.5253451655110837e-02   5.1849162201558556e+00   9.8257652599452676e+00   5.3887970273566417e+00   2.1160417031703815e-01   6.1303769040158258e+00
   2.5253451655110837e-02   5.1858927826558556e+00   9.8257652599452676e+00   5.3887970273566417e+00   2.1160417031703815e-01   6.1303769040158258e+00
   2.5253451655110837e-02   5.1858927826558556e+00   9.8257652599452676e+00   5.3887970273566417e+00   2.1160417031703815e-01   6.1303769040158258e+00
   8.7753451655110837e-02   5.1868693451558556e+00   9.8257652599452676e+00   5.3887970273566417e+00   2.1160417031703815e-01   6.1303769040158258e+00
   2.5253451655110837e-02   5.1849162201558556e+00   9.8257652599452676e+00   5.3887970273566417e+00   2.1160417031703815e-01   6.1303769040158258e+00
   3.5995639155110837e-02   5.1692912201558556e+00   9.8257652599452676e+00   5.3897735898566417e+00   2.1160417031703815e-01   6.1303769040158258e+00
   2.5253451655110837e-02   5.1849162201558556e+00   9.8257652599452676e+00   5.3887970273566417e+00   2.1160417031703815e-01   6.1303769040158258e+00
   3.5019076655110837e-02   5.1849162201558556e+00   9.8257652599452676e+00   5.3887970273566417e+00   2.1160417031703815e-01   6.1303769040158258e+00
   2.5253451655110837e-02   5.1849162201558556e+00   9.8257652599452676e+00   5.3731720273566417e+00   2.1160417031703815e-01   6.1303769040158258e+00
   2.5253451655110837e-02   5.1849162201558556e+00   9.8257652599452676e+00   5.3897735898566417e+00   2.1160417031703815e-01   6.1303769040158258e+00
   1.2486282665511084e-01   5.1858927826558556e+00   9.8882652599452676e+00   5.3887970273566417e+00   3.3660417031703815e-01   6.1303769040158258e+00
  -3.7246548344889163e-02   5.2474162201558556e+00   9.9195152599452676e+00   5.3966095273566417e+00   1.1785417031703815e-01   6.2583065915158258e+00
   2.5253451655110837e-02   5.1849162201558556e+00   9.8257652599452676e+00   5.3887970273566417e+00   2.1160417031703815e-01   6.0053769040158258e+00
   2.5253451655110837e-02   5.0608927826558556e+00   9.8257652599452676e+00   5.4317657773566417e+00   2.1160417031703815e-01   6.1928769040158258e+00
   9.5810092280110837e-02   5.0442912201558556e+00   9.8492027599452676e+00   5.4141876523566417e+00   3.2097917031703815e-01   6.2710019040158258e+00
   8.7753451655110837e-02   5.2161662201558556e+00   9.9507652599452676e+00   5.3887970273566417e+00   2.8972917031703815e-01   6.2085019040158258e+00
   7.2128451655110837e-02   5.2171427826558556e+00   9.8570152599452676e+00   5.3887970273566417e+00   8.6604170317038154e-02   6.1303769040158258e+00
   1.8540970165511084e-01   5.2786662201558556e+00   1.0005452759945268e+01   5.5762970273566417e+00   3.4441667031703815e-01   6.2788144040158258e+00
   2.5253451655110837e-02   5.1692912201558556e+00   9.8257652599452676e+00   5.3887970273566417e+00   3.3660417031703815e-01   6.1303769040158258e+00
   2.5253451655110837e-02   5.2015177826558556e+00   9.7007652599452676e+00   5.3887970273566417e+00   2.1160417031703815e-01   6.1460019040158258e+00
   2.5253451655110837e-02   5.0608927826558556e+00   9.9507652599452676e+00   5.4669220273566417e+00   2.1160417031703815e-01   6.1616269040158258e+00
   1.0337845165511084e-01   5.1849162201558556e+00   9.8257652599452676e+00   5.3887970273566417e+00   2.1160417031703815e-01   6.2553769040158258e+00
   2.5253451655110837e-02   5.2483927826558556e+00   9.8257652599452676e+00   5.3887970273566417e+00   2.1160417031703815e-01   6.0053769040158258e+00
   1.5025345165511084e-01   5.1858927826558556e+00   9.8257652599452676e+00   5.4044220273566417e+00   2.1160417031703815e-01   6.1303769040158258e+00
   1.5025345165511084e-01   5.1692912201558556e+00   9.9351402599452676e+00   5.4134552304816417e+00   2.2722917031703815e-01   6.2397519040158258e+00
   2.5253451655110837e-02   5.1849162201558556e+00   9.8257652599452676e+00   5.2637970273566417e+00   2.1160417031703815e-01   6.1303769040158258e+00
   3.5019076655110837e-02   5.0608927826558556e+00   9.8257652599452676e+00   5.4669220273566417e+00   2.1160417031703815e-01   6.1303769040158258e+00
   1.0142532665511084e-01   5.2483927826558556e+00   9.9507652599452676e+00   5.3575470273566417e+00   2.2722917031703815e-01   6.1460019040158258e+00
   2.5253451655110837e-02   5.1780802826558556e+00   9.8257652599452676e+00   5.4356720273566417e+00   2.2722917031703815e-01   6.0053769040158258e+00
   2.5253451655110837e-02   5.1849162201558556e+00   9.8257652599452676e+00   5.5137970273566417e+00   2.1160417031703815e-01   6.1303769040158258e+00
   2.5253451655110837e-02   5.2630412201558556e+00   9.9507652599452676e+00   5.3887970273566417e+00   3.2097917031703815e-01   6.1772519040158258e+00
   2.5253451655110837e-02   5.1849162201558556e+00   9.8257652599452676e+00   5.4356720273566417e+00   9.8322920317038154e-02   6.1303769040158258e+00
   2.5253451655110837e-02   5.2952677826558556e+00   9.8570152599452676e+00   5.3897735898566417e+00   3.2097917031703815e-01   6.0053769040158258e+00
   2.5253451655110837e-02   5.1849162201558556e+00   9.7007652599452676e+00   5.3887970273566417e+00   3.0535417031703815e-01   6.2085019040158258e+00
  -9.9746548344889163e-02   5.2474162201558556e+00   9.9312340099452676e+00   5.3887970273566417e+00   1.4910417031703815e-01   6.2436581540158258e+00
   1.3462845165511084e-01   5.3567912201558556e+00   9.8257652599452676e+00   5.5596954648566417e+00   3.3660417031703815e-01   6.1147519040158258e+00
  -9.9746548344889163e-02   5.2317912201558556e+00   9.8257652599452676e+00   5.4669220273566417e+00   2.6629167031703815e-01   6.2397519040158258e+00
   8.7753451655110837e-02   5.2171427826558556e+00   9.8257652599452676e+00   5.3887970273566417e+00   8.6604170317038154e-02   6.1303769040158258e+00
   1.3462845165511084e-01   5.2796427826558556e+00   9.7007652599452676e+00   5.4512970273566417e+00   2.4285417031703815e-01   6.1303769040158258e+00
   2.5253451655110837e-02   5.1692912201558556e+00   9.8413902599452676e+00   5.3887970273566417e+00   2.1160417031703815e-01   6.0210019040158258e+00
   2.5253451655110837e-02   5.1858927826558556e+00   9.8257652599452676e+00   5.3887970273566417e+00   2.2722917031703815e-01   6.2553769040158258e+00
   1.5611282665511084e-01   5.3108927826558556e+00   9.8413902599452676e+00   5.4200470273566417e+00   8.6604170317038154e-02   6.1616269040158258e+00
   1.9810501415511084e-01   5.2317912201558556e+00   9.9820152599452676e+00   5.5723907773566417e+00   3.0144792031703815e-01   6.2085019040158258e+00
   1.5123001415511084e-01   5.1966349701558556e+00   9.9634605724452676e+00   5.4386017148566417e+00   2.3308854531703815e-01   6.1596737790158258e+00
   7.2128451655110837e-02   5.2942912201558556e+00   9.9351402599452676e+00   5.4981720273566417e+00   8.6604170317038154e-02   6.1772519040158258e+00
   1.5025345165511084e-01   5.1692912201558556e+00   9.8257652599452676e+00   5.4051544492316417e+00   3.5003190469203815e-01   6.1460019040158258e+00
   2.5253451655110837e-02   5.1692912201558556e+00   9.9507652599452676e+00   5.3897735898566417e+00   2.4285417031703815e-01   6.1303769040158258e+00
   2.5253451655110837e-02   5.1858927826558556e+00   9.7007652599452676e+00   5.3887970273566417e+00   2.1160417031703815e-01   6.2241269040158258e+00
   2.5253451655110837e-02   5.1849162201558556e+00   9.7007652599452676e+00   5.5137970273566417e+00   2.1160417031703815e-01   6.1303769040158258e+00
   3.5019076655110837e-02   5.3255412201558556e+00   9.8257652599452676e+00   5.4161407773566417e+00   3.3660417031703815e-01   6.1303769040158258e+00
   1.0337845165511084e-01   5.2171427826558556e+00   9.8257652599452676e+00   5.3887970273566417e+00   3.3660417031703815e-01   6.2553769040158258e+00
   1.5025345165511084e-01   5.2005412201558556e+00   9.8413902599452676e+00   5.3887970273566417e+00   2.1160417031703815e-01   6.1303769040158258e+00
