   3.0182517359456540e-02   5.1893324474965539e+00   9.8241783458827676e+00   5.3932822619748286e+00   2.0704179238735065e-01   6.1265125262787805e+00
   3.0201590845784665e-02   5.1893324474965539e+00   9.8241801936267557e+00   5.3932822619748286e+00   2.0704179238735065e-01   6.1265125262787805e+00
   3.0201590845784665e-02   5.1893324474965539e+00   9.8241801936267557e+00   5.3932822619748286e+00   2.0704179238735065e-01   6.1265125262787805e+00
   3.0201590845784665e-02   5.1893324474965539e+00   9.8241801936267557e+00   5.3932822619748286e+00   2.0704179238735065e-01   6.1265125262787805e+00
   3.0201590845784665e-02   5.1893324474965539e+00   9.8241801936267557e+00   5.3932822619748286e+00   2.0704179238735065e-01   6.1265125262787805e+00
   3.0201590845784665e-02   5.1893324474965539e+00   9.8241801936267557e+00   5.3932822619748286e+00   2.0704179238735065e-01   6.1265125262787805e+00
   3.0201590845784665e-02   5.1893254290496316e+00   9.8241801936267557e+00   5.3932822619748286e+00   2.0704179238735065e-01   6.1265125262787805e+00
   3.0153728316030026e-02   5.1893324474965539e+00   9.8241825331090631e+00   5.3932822619748286e+00   2.0704179238735065e-01   6.1265125262787805e+00
   3.0153728316030026e-02   5.1893324474965539e+00   9.8241825331090631e+00   5.3932822619748286e+00   2.0704179238735065e-01   6.1265125262787805e+00
   3.0153728316030026e-02   5.1893254290496316e+00   9.8241825331090631e+00   5.3932822619748286e+00   2.0704179238735065e-01   6.1265126901915536e+00
   3.0153728316030026e-02   5.1893254290496316e+00   9.8241825331090631e+00   5.3932822619748286e+00   2.0704179238735065e-01   6.1265125262787805e+00
   3.0153728316030026e-02   5.1873723040496316e+00   9.8241783458827676e+00   5.3932822619748286e+00   2.0799546670375690e-01   6.1265125262787805e+00
   3.0153728316030026e-02   5.1892382721578088e+00   9.8241783458827676e+00   5.3933328067135982e+00   2.0704179238735065e-01   6.1265125262787805e+00
   3.0182517359456540e-02   5.1893324474965539e+00   9.8241783458827676e+00   5.3932822619748286e+00   2.0313554238735065e-01   6.1265125262787805e+00
   3.0153728316030026e-02   5.1917330245648827e+00   9.8241783458827676e+00   5.3932822619748286e+00   2.0704179238735065e-01   6.1265125262787805e+00
   3.0153728316030026e-02   5.1899472247039284e+00   9.8241783458827676e+00   5.3932822619748286e+00   2.0763688516078815e-01   6.1264706540158258e+00
   3.0153728316030026e-02   5.1894326429044213e+00   9.8241783458827676e+00   5.3929893796515636e+00   2.0704179238735065e-01   6.1265125262787805e+00
   3.0136264155110837e-02   5.1894824127828088e+00   9.8241825331090631e+00   5.3932822619748286e+00   2.0704179238735065e-01   6.1265125262787805e+00
   3.0153728316030026e-02   5.1893324474965539e+00   9.8241783458827676e+00   5.3932822619748286e+00   2.0704179238735065e-01   6.1273823666623102e+00
   3.0272639582356931e-02   5.1892382721578088e+00   9.8241783458827676e+00   5.3933737104010753e+00   2.0790677499233112e-01   6.1265125262787805e+00
   3.0153728316030026e-02   5.1893324474965539e+00   9.8241801936267557e+00   5.3932822619748286e+00   2.0704179238735065e-01   6.1265125262787805e+00
   3.0153728316030026e-02   5.1892382721578088e+00   9.8241783458827676e+00   5.3932822619748286e+00   2.0704179238735065e-01   6.1265125262787805e+00
   3.0136264155110837e-02   5.1893254290496316e+00   9.8241783458827676e+00   5.3932822619748286e+00   2.0704179238735065e-01   6.1265125262787805e+00
   3.0153728316030026e-02   5.1893254290496316e+00   9.8241825331090631e+00   5.3932822619748286e+00   2.0704179238735065e-01   6.1265125262787805e+00
   3.0153728316030026e-02   5.1893254290496316e+00   9.8241783458827676e+00   5.3932822619748286e+00   2.0704179238735065e-01   6.1265125262787805e+00
   3.0153728316030026e-02   5.1917891125356164e+00   9.8241783458827676e+00   5.3932822619748286e+00   2.0963578652797565e-01   6.1265125262787805e+00
   3.0153728316030026e-02   5.1893324474965539e+00   9.8241825331090631e+00   5.3932822619748286e+00   2.0704179238735065e-01   6.1265125262787805e+00
   3.0136264155110837e-02   5.1911913971578088e+00   9.8259025890468301e+00   5.3952353869748286e+00   2.0704179238735065e-01   6.1265126901915536e+00
   3.0153728316030026e-02   5.1892382721578088e+00   9.8241783458827676e+00   5.3932822619748286e+00   2.0704179238735065e-01   6.1264706540158258e+00
   3.0391193220815182e-02   5.1893254290496316e+00   9.8241825331090631e+00   5.3951495562863521e+00   2.0704179238735065e-01   6.1265125262787805e+00
   3.0153728316030026e-02   5.1893603424703088e+00   9.8241783458827676e+00   5.3934329425168208e+00   2.0704179238735065e-01   6.1265125262787805e+00
   3.0201590845784665e-02   5.1893324474965539e+00   9.8244072277187051e+00   5.3939536486935786e+00   2.1138077210841999e-01   6.1265125262787805e+00
   3.0153728316030026e-02   5.1893324474965539e+00   9.8241825331090631e+00   5.3936828051877193e+00   2.0760702323375568e-01   6.1245594012787805e+00
   3.0153728316030026e-02   5.1893324474965539e+00   9.8241825331090631e+00   5.3932822619748286e+00   2.0704179238735065e-01   6.1265125262787805e+00
   3.0136264155110837e-02   5.1893324474965539e+00   9.8241783458827676e+00   5.3932822619748286e+00   2.0704179238735065e-01   6.1265125262787805e+00
   3.0136264155110837e-02   5.1892382721578088e+00   9.8241783458827676e+00   5.3932822619748286e+00   2.0819001626430378e-01   6.1284656512787805e+00
   3.1984783003530026e-02   5.1893324474965539e+00   9.8241801936267557e+00   5.3932822619748286e+00   2.0704179238735065e-01   6.1265125262787805e+00
   3.3709026167592526e-02   5.1915379534636941e+00   9.8280235607265176e+00   5.3936524217200450e+00   2.0313554238735065e-01   6.1265125262787805e+00
   3.0201590845784665e-02   5.1893254290496316e+00   9.8241783458827676e+00   5.3932822619748286e+00   2.0704179238735065e-01   6.1265125262787805e+00
   3.0201590845784665e-02   5.1893324474965539e+00   9.8241801936267557e+00   5.3932822619748286e+00   2.0704179238735065e-01   6.1265125262787805e+00
   3.0153728316030026e-02   5.1910414318715539e+00   9.8241783458827676e+00   5.3971885119748286e+00   2.1052079629360065e-01   6.1265125262787805e+00
   3.0153728316030026e-02   5.1893603424703088e+00   9.8236900646327676e+00   5.3932822619748286e+00   2.0704179238735065e-01   6.1265126901915536e+00
   3.1130290816030026e-02   5.1893254290496316e+00   9.8241783458827676e+00   5.3932822619748286e+00   2.0704179238735065e-01   6.1265125262787805e+00
   3.0201590845784665e-02   5.1893324474965539e+00   9.8241783458827676e+00   5.3932335202765636e+00   2.0704179238735065e-01   6.1265125262787805e+00
   3.0153728316030026e-02   5.1893324474965539e+00   9.8241801936267557e+00   5.3932822619748286e+00   2.0704179238735065e-01   6.1265125262787805e+00
   3.0153728316030026e-02   5.1893324474965539e+00   9.8241783458827676e+00   5.3932822619748286e+00   2.0704179238735065e-01   6.1265125262787805e+00
   3.1615711043080807e-02   5.1893254290496316e+00   9.8241783458827676e+00   5.3932822619748286e+00   2.0704179238735065e-01   6.1280575680783258e+00
   3.0153728316030026e-02   5.1893254290496316e+00   9.8241825331090631e+00   5.3932822619748286e+00   2.0704179238735065e-01   6.1265125262787805e+00
   3.0153728316030026e-02   5.1911913971578088e+00   9.8241783458827676e+00   5.3932822619748286e+00   2.0704179238735065e-01   6.1270008969357477e+00
   3.0136264155110837e-02   5.1893324474965539e+00   9.8241783458827676e+00   5.3932822619748286e+00   2.0704179238735065e-01   6.1265125262787805e+00
   3.0136264155110837e-02   5.1893324474965539e+00   9.8241783458827676e+00   5.3932822619748286e+00   2.0802669953761921e-01   6.1265125262787805e+00
   3.0182517359456540e-02   5.1893254290496316e+00   9.8241783458827676e+00   5.3932822619748286e+00   2.0704179238735065e-01   6.1265125262787805e+00
   3.0201590845784665e-02   5.1893324474965539e+00   9.8241801936267557e+00   5.3947165881467036e+00   2.0704179238735065e-01   6.1304189401915536e+00
   3.0201590845784665e-02   5.1893254290496316e+00   9.8241801936267557e+00   5.3932822619748286e+00   2.0704179238735065e-01   6.1265125262787805e+00
   3.0182517359456540e-02   5.1893324474965539e+00   9.8248344738124551e+00   5.3971885119748286e+00   2.0704179238735065e-01   6.1265126901915536e+00
   3.0258334467610837e-02   5.1892382721578088e+00   9.8241783458827676e+00   5.3932335202765636e+00   2.0704179238735065e-01   6.1265125262787805e+00
   3.0153728316030026e-02   5.1893324474965539e+00   9.8241783458827676e+00   5.3932822619748286e+00   2.0704179238735065e-01   6.1265126901915536e+00
   3.0153728316030026e-02   5.1893254290496316e+00   9.8241783458827676e+00   5.3932822619748286e+00   2.0704179238735065e-01   6.1265125262787805e+00
   3.0153728316030026e-02   5.1893324474965539e+00   9.8241783458827676e+00   5.3932822619748286e+00   2.0704179238735065e-01   6.1265125262787805e+00
   3.0319786856374265e-02   5.1889941315328088e+00   9.8250547725795450e+00   5.3932822619748286e+00   2.0879273843227253e-01   6.1265811908295618e+00
   3.0153728316030026e-02   5.1893254290496316e+00   9.8280845958827676e+00   5.3932822619748286e+00   2.0704179238735065e-01   6.1287860858490930e+00
   3.0153728316030026e-02   5.1908125500356164e+00   9.8202720958827676e+00   5.3932822619748286e+00   2.0704179238735065e-01   6.1273670184662805e+00
   3.0136264155110837e-02   5.1893254290496316e+00   9.8241783458827676e+00   5.3932822619748286e+00   2.0704179238735065e-01   6.1266956317475305e+00
   3.0153728316030026e-02   5.1892382721578088e+00   9.8241825331090631e+00   5.3932822619748286e+00   2.0704179238735065e-01   6.1265126901915536e+00
   3.0153728316030026e-02   5.1893254290496316e+00   9.8241783458827676e+00   5.3932822619748286e+00   2.0704179238735065e-01   6.1265125262787805e+00
   3.0153728316030026e-02   5.1892382721578088e+00   9.8241783458827676e+00   5.3932822619748286e+00   2.0704179238735065e-01   6.1265125262787805e+00
   3.3355868647298337e-02   5.1874072174703088e+00   9.8280845958827676e+00   5.3932822619748286e+00   2.0704179238735065e-01   6.1265125262787805e+00
   3.0153728316030026e-02   5.1893324474965539e+00   9.8241825331090631e+00   5.3932822619748286e+00   2.0704179238735065e-01   6.1265125262787805e+00
   3.0153728316030026e-02   5.1893603424703088e+00   9.8241783458827676e+00   5.3932822619748286e+00   2.0704179238735065e-01   6.1265126901915536e+00
   3.2089389155110837e-02   5.1893254290496316e+00   9.8241783458827676e+00   5.3932822619748286e+00   2.0759492349086628e-01   6.1265125262787805e+00
   3.0153728316030026e-02   5.1893254290496316e+00   9.8241783458827676e+00   5.3932822619748286e+00   2.0704179238735065e-01   6.1265125262787805e+00
   3.0153728316030026e-02   5.1893324474965539e+00   9.8241783458827676e+00   5.3932822619748286e+00   2.0704179238735065e-01   6.1265126901915536e+00
   3.4059978316030026e-02   5.1893324474965539e+00   9.8241783458827676e+00   5.3932822619748286e+00   2.0704179238735065e-01   6.1265125262787805e+00
   3.0153728316030026e-02   5.1893254290496316e+00   9.8241783458827676e+00   5.3932822619748286e+00   2.0704179238735065e-01   6.1265126901915536e+00
   3.0201590845784665e-02   5.1893324474965539e+00   9.8241801936267557e+00   5.3932822619748286e+00   2.0704179238735065e-01   6.1265125262787805e+00
   3.0153728316030026e-02   5.1893324474965539e+00   9.8241783458827676e+00   5.3932822619748286e+00   2.0704179238735065e-01   6.1265125262787805e+00
   3.0182517359456540e-02   5.1893254290496316e+00   9.8241783458827676e+00   5.3932822619748286e+00   2.0704179238735065e-01   6.1265125262787805e+00
   3.0136264155110837e-02   5.1874072174703088e+00   9.8241783458827676e+00   5.3932822619748286e+00   2.0704179238735065e-01   6.1265125262787805e+00
   3.0153728316030026e-02   5.1893254290496316e+00   9.8241825331090631e+00   5.3932335202765636e+00   2.0704179238735065e-01   6.1265125262787805e+00
   3.0153728316030026e-02   5.1893254290496316e+00   9.8241783458827676e+00   5.3932822619748286e+00   2.0704179238735065e-01   6.1265125262787805e+00
   3.0136264155110837e-02   5.1893254290496316e+00   9.8241783458827676e+00   5.3932822619748286e+00   2.0704179238735065e-01   6.1265126901915536e+00
   3.0153728316030026e-02   5.1893254290496316e+00   9.8241801936267557e+00   5.3932822619748286e+00   2.0704179238735065e-01   6.1265125262787805e+00
   3.0136264155110837e-02   5.1892382721578088e+00   9.8241783458827676e+00   5.3932822619748286e+00   2.0704179238735065e-01   6.1265125262787805e+00
   3.0153728316030026e-02   5.1893254290496316e+00   9.8241825331090631e+00   5.3932822619748286e+00   2.0704179238735065e-01   6.1265125262787805e+00
   3.0180431196889401e-02   5.1892382721578088e+00   9.8241783458827676e+00   5.3939574633908443e+00   2.0704179238735065e-01   6.1265125262787805e+00
   3.0136264155110837e-02   5.1893324474965539e+00   9.8241825331090631e+00   5.3932822619748286e+00   2.0704179238735065e-01   6.1265125262787805e+00
   3.0153728316030026e-02   5.1893603424703088e+00   9.8241783458827676e+00   5.3932822619748286e+00   2.0704179238735065e-01   6.1265659320404993e+00
   3.0153728316030026e-02   5.1893324474965539e+00   9.8241825331090631e+00   5.3932822619748286e+00   2.0704179238735065e-01   6.1265125262787805e+00
   3.0153728316030026e-02   5.1893324474965539e+00   9.8241783458827676e+00   5.3932822619748286e+00   2.0704179238735065e-01   6.1265125262787805e+00
   3.0350840876302243e-02   5.1892382721578088e+00   9.8241783458827676e+00   5.3932822619748286e+00   2.0704179238735065e-01   6.1265126901915536e+00
   3.0153728316030026e-02   5.1893254290496316e+00   9.8241783458827676e+00   5.3932822619748286e+00   2.0704179238735065e-01   6.1265125262787805e+00
   3.0136264155110837e-02   5.1893254290496316e+00   9.8241783458827676e+00   5.3932822619748286e+00   2.0704179238735065e-01   6.1265125262787805e+00
   3.0201590845784665e-02   5.1893324474965539e+00   9.8241783458827676e+00   5.3932822619748286e+00   2.0704179238735065e-01   6.1265125262787805e+00
   3.0201590845784665e-02   5.1893254290496316e+00   9.8241801936267557e+00   5.3932822619748286e+00   2.0704179238735065e-01   6.1265125262787805e+00
   3.0153728316030026e-02   5.1893254290496316e+00   9.8241825331090631e+00   5.3932822619748286e+00   2.0852189492641315e-01   6.1265125262787805e+00
   3.0153728316030026e-02   5.1893603424703088e+00   9.8241783458827676e+00   5.3932822619748286e+00   2.0704179238735065e-01   6.1265125262787805e+00
   3.0153728316030026e-02   5.1893324474965539e+00   9.8241825331090631e+00   5.3932822619748286e+00   2.0704179238735065e-01   6.1265125262787805e+00
   3.0153728316030026e-02   5.1893324474965539e+00   9.8241825331090631e+00   5.3932822619748286e+00   2.0704179238735065e-01   6.1265125262787805e+00
   3.0201590845784665e-02   5.1893324474965539e+00   9.8241801936267557e+00   5.3932822619748286e+00   2.0704179238735065e-01   6.1265125262787805e+00
   3.0153728316030026e-02   5.1893324474965539e+00   9.8241783458827676e+00   5.3932822619748286e+00   2.0704179238735065e-01   6.1265125262787805e+00
   3.0153728316030026e-02   5.1893324474965539e+00   9.8241801936267557e+00   5.3932822619748286e+00   2.0704179238735065e-01   6.1265125262787805e+00
   3.0136264155110837e-02   5.1893603424703088e+00   9.8241783458827676e+00   5.3932335202765636e+00   2.0704179238735065e-01   6.1265125262787805e+00
   3.3159709761342526e-02   5.1930682282124963e+00   9.8263492811559381e+00   5.3932822619748286e+00   2.0313554238735065e-01   6.1265125262787805e+00
   3.0201590845784665e-02   5.1893254290496316e+00   9.8241801936267557e+00   5.3932822619748286e+00   2.0704179238735065e-01   6.1265126901915536e+00
   3.0153728316030026e-02   5.1893603424703088e+00   9.8241783458827676e+00   5.3932822619748286e+00   2.0704179238735065e-01   6.1265126901915536e+00
   3.0201590845784665e-02   5.1893254290496316e+00   9.8241825331090631e+00   5.3932822619748286e+00   2.0704179238735065e-01   6.1265125262787805e+00
   3.0153728316030026e-02   5.1893254290496316e+00   9.8241825331090631e+00   5.3932822619748286e+00   2.0704179238735065e-01   6.1265125262787805e+00
   3.0153728316030026e-02   5.1893324474965539e+00   9.8241783458827676e+00   5.3932822619748286e+00   2.0704179238735065e-01   6.1265126901915536e+00
   3.0153728316030026e-02   5.1893603424703088e+00   9.8241783458827676e+00   5.3932822619748286e+00   2.0704179238735065e-01   6.1265125262787805e+00
   3.0153728316030026e-02   5.1893324474965539e+00   9.8241783458827676e+00   5.3932822619748286e+00   2.0704179238735065e-01   6.1264706540158258e+00
   3.0182517359456540e-02   5.1893254290496316e+00   9.8241783458827676e+00   5.3932822619748286e+00   2.0704179238735065e-01   6.1265125262787805e+00
   3.0153728316030026e-02   5.1893603424703088e+00   9.8241825331090631e+00   5.3932822619748286e+00   2.0740800332485065e-01   6.1265125262787805e+00
   3.0136264155110837e-02   5.1893324474965539e+00   9.8241783458827676e+00   5.3932822619748286e+00   2.0704179238735065e-01   6.1265125262787805e+00
   3.0153728316030026e-02   5.1904092054044213e+00   9.8241783458827676e+00   5.3932822619748286e+00   2.0704179238735065e-01   6.1265125262787805e+00
   3.3564246485433102e-02   5.1893603424703088e+00   9.8241783458827676e+00   5.3932822619748286e+00   2.0704179238735065e-01   6.1265659320404993e+00
   3.1509555170735837e-02   5.1892382721578088e+00   9.8241783458827676e+00   5.3932822619748286e+00   2.0704179238735065e-01   6.1265125262787805e+00
   3.0153728316030026e-02   5.1893115858708825e+00   9.8241825331090631e+00   5.3932822619748286e+00   2.0704179238735065e-01   6.1265125262787805e+00
   2.9909587691030026e-02   5.1893603424703088e+00   9.8241825331090631e+00   5.3932822619748286e+00   2.0704179238735065e-01   6.1265125262787805e+00
   3.0153728316030026e-02   5.1893254290496316e+00   9.8241783458827676e+00   5.3932822619748286e+00   2.0704179238735065e-01   6.1265125262787805e+00
   3.0153728316030026e-02   5.1931553851043191e+00   9.8241783458827676e+00   5.3932822619748286e+00   2.0704179238735065e-01   6.1265125262787805e+00
   3.0153728316030026e-02   5.1893115858708825e+00   9.8241783458827676e+00   5.3932822619748286e+00   2.0704179238735065e-01   6.1265125262787805e+00
   3.0182517359456540e-02   5.1893254290496316e+00   9.8241783458827676e+00   5.3932822619748286e+00   2.0704179238735065e-01   6.1265126901915536e+00
   3.0136264155110837e-02   5.1893324474965539e+00   9.8241825331090631e+00   5.3932822619748286e+00   2.0704179238735065e-01   6.1264706540158258e+00
   3.0153728316030026e-02   5.1893324474965539e+00   9.8241825331090631e+00   5.3932822619748286e+00   2.0704179238735065e-01   6.1265125262787805e+00
   3.0153728316030026e-02   5.1893324474965539e+00   9.8241801936267557e+00   5.3932822619748286e+00   2.0704179238735065e-01   6.1265125262787805e+00
   3.0201590845784665e-02   5.1893324474965539e+00   9.8241801936267557e+00   5.3932822619748286e+00   2.0704179238735065e-01   6.1265125262787805e+00
   3.0153728316030026e-02   5.1893254290496316e+00   9.8241825331090631e+00   5.3932822619748286e+00   2.0704179238735065e-01   6.1265125262787805e+00
   3.0153728316030026e-02   5.1893254290496316e+00   9.8241783458827676e+00   5.3932822619748286e+00   2.0313554238735065e-01   6.1264706540158258e+00
   3.0136264155110837e-02   5.1893603424703088e+00   9.8241783458827676e+00   5.3932822619748286e+00   2.0704179238735065e-01   6.1265125262787805e+00
   3.0153728316030026e-02   5.1893254290496316e+00   9.8241825331090631e+00   5.3932822619748286e+00   2.0704179238735065e-01   6.1265125262787805e+00
   3.0153728316030026e-02   5.1894400338803734e+00   9.8241783458827676e+00   5.3932822619748286e+00   2.0704179238735065e-01   6.1264706540158258e+00
   3.1570590326985837e-02   5.1893254290496316e+00   9.8271080333827676e+00   5.3932822619748286e+00   2.0704179238735065e-01   6.1265126901915536e+00
   3.0153728316030026e-02   5.1929875384246316e+00   9.8242775280116739e+00   5.3944571887326411e+00   2.0888810586391315e-01   6.1264706540158258e+00
   3.0153728316030026e-02   5.1893304805432763e+00   9.8241783458827676e+00   5.3932335202765636e+00   2.0704179238735065e-01   6.1265126901915536e+00
   3.0201590845784665e-02   5.1893324474965539e+00   9.8241801936267557e+00   5.3932822619748286e+00   2.0704179238735065e-01   6.1265125262787805e+00
   3.0201590845784665e-02   5.1893324474965539e+00   9.8241825331090631e+00   5.3932822619748286e+00   2.0704179238735065e-01   6.1265125262787805e+00
   3.2656169722280026e-02   5.1909625153218713e+00   9.8242887336848916e+00   5.3932822619748286e+00   2.0704179238735065e-01   6.1303769040158258e+00
   3.0201590845784665e-02   5.1893254290496316e+00   9.8241801936267557e+00   5.3932822619748286e+00   2.0704179238735065e-01   6.1265125262787805e+00
   3.0153728316030026e-02   5.1893254290496316e+00   9.8241825331090631e+00   5.3932822619748286e+00   2.0704179238735065e-01   6.1265125262787805e+00
   3.2124973128041745e-02   5.1892382721578088e+00   9.8265739757655801e+00   5.3971885119748286e+00   2.0925431680141315e-01   6.1300067889740930e+00
   3.0153728316030026e-02   5.1893254290496316e+00   9.8241825331090631e+00   5.3932822619748286e+00   2.0704179238735065e-01   6.1265126901915536e+00
   3.0153728316030026e-02   5.1897450457488503e+00   9.8241783458827676e+00   5.3932822619748286e+00   2.0704179238735065e-01   6.1265125262787805e+00
   3.0136264155110837e-02   5.1894289474164452e+00   9.8241783458827676e+00   5.3932822619748286e+00   2.0801835488735065e-01   6.1267110544493661e+00
   3.0487514326772214e-02   5.1893324474965539e+00   9.8241783458827676e+00   5.3932822619748286e+00   2.0704179238735065e-01   6.1254940915158258e+00
   3.0136264155110837e-02   5.1892382721578088e+00   9.8241783458827676e+00   5.3932822619748286e+00   2.0704179238735065e-01   6.1265125262787805e+00
   3.0153728316030026e-02   5.1893603424703088e+00   9.8241825331090631e+00   5.3932822619748286e+00   2.0704179238735065e-01   6.1265126901915536e+00
   3.2549358198842526e-02   5.1893254290496316e+00   9.8241783458827676e+00   5.3971579943967036e+00   2.0734696816860065e-01   6.1273671823790536e+00
   2.9892123530110837e-02   5.1892382721578088e+00   9.8241783458827676e+00   5.3893760119748286e+00   2.0704179238735065e-01   6.1265125262787805e+00
   3.0136264155110837e-02   5.1893254290496316e+00   9.8241825331090631e+00   5.3932822619748286e+00   2.0817094277797565e-01   6.1265125262787805e+00
   3.0153728316030026e-02   5.1893254290496316e+00   9.8241783458827676e+00   5.3932822619748286e+00   2.0704179238735065e-01   6.1265126901915536e+00
   3.0153728316030026e-02   5.1893254290496316e+00   9.8241783458827676e+00   5.3932822619748286e+00   2.0704179238735065e-01   6.1265126901915536e+00
   3.0672527144155026e-02   5.1892382721578088e+00   9.8241783458827676e+00   5.3893760119748286e+00   2.0873933267055378e-01   6.1265125262787805e+00
   3.0153728316030026e-02   5.1893324474965539e+00   9.8241783458827676e+00   5.3932822619748286e+00   2.0704179238735065e-01   6.1265125262787805e+00
   3.0504382441243649e-02   5.1893603424703088e+00   9.8241783458827676e+00   5.3932822619748286e+00   2.0704179238735065e-01   6.1265125262787805e+00
   3.0201590845784665e-02   5.1893324474965539e+00   9.8241801936267557e+00   5.3932822619748286e+00   2.0704179238735065e-01   6.1265125262787805e+00
   3.0153728316030026e-02   5.1893254290496316e+00   9.8241783458827676e+00   5.3932822619748286e+00   2.0313554238735065e-01   6.1264706540158258e+00
   3.0153728316030026e-02   5.1893254290496316e+00   9.8241783458827676e+00   5.3932822619748286e+00   2.0704179238735065e-01   6.1259823727658258e+00
   3.2470858881673337e-02   5.1893254290496316e+00   9.8241783458827676e+00   5.3932822619748286e+00   2.0704179238735065e-01   6.1269075858643518e+00
   3.0136264155110837e-02   5.1902791033660378e+00   9.8222252208827676e+00   5.3942588244748286e+00   2.0704179238735065e-01   6.1265126901915536e+00
   3.0136264155110837e-02   5.1893254290496316e+00   9.8241783458827676e+00   5.3932822619748286e+00   2.0704179238735065e-01   6.1265125262787805e+00
   3.0201590845784665e-02   5.1902834992085900e+00   9.8248726207851114e+00   5.3932822619748286e+00   2.0748429727016315e-01   6.1265125262787805e+00
   3.0136264155110837e-02   5.1897309790526833e+00   9.8241783458827676e+00   5.3927939807248286e+00   2.0704179238735065e-01   6.1265125262787805e+00
   3.0153728316030026e-02   5.1893254290496316e+00   9.8241825331090631e+00   5.3932822619748286e+00   2.0704179238735065e-01   6.1265125262787805e+00
   3.0153728316030026e-02   5.1893254290496316e+00   9.8241783458827676e+00   5.3932822619748286e+00   2.0704179238735065e-01   6.1265125262787805e+00
   3.0136264155110837e-02   5.1893603424703088e+00   9.8260246593593301e+00   5.3932822619748286e+00   2.0784287881313190e-01   6.1265126901915536e+00
   3.0201590845784665e-02   5.1893324474965539e+00   9.8241801936267557e+00   5.3932822619748286e+00   2.0704179238735065e-01   6.1265125262787805e+00
   3.0136264155110837e-02   5.1893254290496316e+00   9.8241783458827676e+00   5.3932822619748286e+00   2.0704179238735065e-01   6.1265126901915536e+00
   3.0136264155110837e-02   5.1893254290496316e+00   9.8255287487147989e+00   5.3932822619748286e+00   2.0704179238735065e-01   6.1265125262787805e+00
   3.0153728316030026e-02   5.1893254290496316e+00   9.8241825331090631e+00   5.3935721789670161e+00   2.0704179238735065e-01   6.1226062762787805e+00
   3.0153728316030026e-02   5.1893603424703088e+00   9.8241783458827676e+00   5.3941348468136958e+00   2.0704179238735065e-01   6.1264706540158258e+00
   3.1253970453938962e-02   5.1910115252410378e+00   9.8241783458827676e+00   5.3932822619748286e+00   2.0704179238735065e-01   6.1284656512787805e+00
   3.0201590845784665e-02   5.1893324474965539e+00   9.8241801936267557e+00   5.3932822619748286e+00   2.0704179238735065e-01   6.1265126901915536e+00
   3.0136264155110837e-02   5.1922245989715066e+00   9.8241783458827676e+00   5.3933784787726573e+00   2.1076493691860065e-01   6.1303769040158258e+00
   3.0136264155110837e-02   5.1893254290496316e+00   9.8241825331090631e+00   5.3932822619748286e+00   2.0704179238735065e-01   6.1265125262787805e+00
   3.0201590845784665e-02   5.1909472565328088e+00   9.8241801936267557e+00   5.3932822619748286e+00   2.0704179238735065e-01   6.1265125262787805e+00
   3.0136264155110837e-02   5.1892382721578088e+00   9.8241783458827676e+00   5.3932822619748286e+00   2.0508866738735065e-01   6.1265125262787805e+00
   3.0182517359456540e-02   5.1892382721578088e+00   9.8241783458827676e+00   5.3932822619748286e+00   2.0704179238735065e-01   6.1265125262787805e+00
   3.3464885542592526e-02   5.1914921770965066e+00   9.8280540783046426e+00   5.3893760119748286e+00   2.0972733926235065e-01   6.1283284860899911e+00
   3.0136264155110837e-02   5.1893254290496316e+00   9.8241825331090631e+00   5.3932822619748286e+00   1.9922929238735065e-01   6.1265125262787805e+00
   3.0182517359456540e-02   5.1893324474965539e+00   9.8241783458827676e+00   5.3932822619748286e+00   2.1485429238735065e-01   6.1281604754975305e+00
   3.7966228316030026e-02   5.1892382721578088e+00   9.8241783458827676e+00   5.3932822619748286e+00   2.0704179238735065e-01   6.1265125262787805e+00
   3.0153728316030026e-02   5.1893254290496316e+00   9.8274760920642557e+00   5.3932822619748286e+00   2.0704179238735065e-01   6.1187000262787805e+00
   3.8468993494710446e-02   5.1905461321746316e+00   9.8288170177577676e+00   5.3993857775998286e+00   2.1332841348110065e-01   6.1265125262787805e+00
   3.0153728316030026e-02   5.1963514904653039e+00   9.8319950331090631e+00   5.3948691760373286e+00   2.0807939004360065e-01   6.1265125262787805e+00
   3.5891033003530026e-02   5.1929335217153039e+00   9.8288170177577676e+00   5.3974326525998286e+00   2.1137528848110065e-01   6.1343250262787805e+00
   3.0153728316030026e-02   5.1815129290496316e+00   9.8243656385778131e+00   5.3932822619748286e+00   2.0704179238735065e-01   6.1265125262787805e+00
   3.6745525191030026e-02   5.1893254290496316e+00   9.8316898573278131e+00   5.3854697619748286e+00   2.1296220254360065e-01   6.1343250262787805e+00
   3.2717204878530026e-02   5.1962224017058816e+00   9.8312626112340631e+00   5.4028838549924068e+00   2.0704179238735065e-01   6.1265125262787805e+00
   3.0136264155110837e-02   5.1893603424703088e+00   9.8241783458827676e+00   5.4010947619748286e+00   2.0704179238735065e-01   6.1265125262787805e+00
   3.0153728316030026e-02   5.1895434479390588e+00   9.8241825331090631e+00   5.3932822619748286e+00   2.1204667519985065e-01   6.1342831540158258e+00
   3.6684490034780026e-02   5.1939641009246316e+00   9.8319908458827676e+00   5.3948081408810786e+00   2.0966630410610065e-01   6.1305408465912805e+00
   3.7948764155110837e-02   5.1910082916890588e+00   9.8241783458827676e+00   5.3973105822873286e+00   2.1198564004360065e-01   6.1294649529507623e+00
   3.0153728316030026e-02   5.1971379290496316e+00   9.8241825331090631e+00   5.3971274768185786e+00   2.0704179238735065e-01   6.1265125262787805e+00
   3.0153728316030026e-02   5.1815199474965539e+00   9.8257084120153131e+00   5.4008506213498286e+00   2.0704179238735065e-01   6.1265125262787805e+00
   3.3619559595784665e-02   5.1893324474965539e+00   9.8298564631580057e+00   5.3854697619748286e+00   2.1247392129360065e-01   6.1332874286225305e+00
   3.4042514155110837e-02   5.1897875885640588e+00   9.8247124034999551e+00   5.3948691760373286e+00   2.1064286660610065e-01   6.1189289081147180e+00
   3.0201590845784665e-02   5.1893254290496316e+00   9.8275981623767557e+00   5.3985923205685786e+00   2.1027665566860065e-01   6.1343250262787805e+00
   3.1374431441030026e-02   5.1893324474965539e+00   9.8163658458827676e+00   5.3958457385373286e+00   2.1296220254360065e-01   6.1334094989350305e+00
   3.3493197748860837e-02   5.1909472565328088e+00   9.8307701427577676e+00   5.4010947619748286e+00   2.1296220254360065e-01   6.1320056903412805e+00
   2.2341228316030026e-02   5.1947924713765588e+00   9.8241783458827676e+00   5.3932822619748286e+00   2.1186356973110065e-01   6.1265125262787805e+00
   3.3274210283956052e-02   5.1961003313933816e+00   9.8319908458827676e+00   5.3959678088498286e+00   2.1253495644985065e-01   6.1279354977658258e+00
   3.0825115034780026e-02   5.1895085345183816e+00   9.8319908458827676e+00   5.3982261096310786e+00   2.1265702676235065e-01   6.1296253192475305e+00
   3.6196208784780026e-02   5.1893254290496316e+00   9.8283897716640176e+00   5.3932822619748286e+00   1.9922929238735065e-01   6.1282215106537805e+00
   3.0153728316030026e-02   5.1893254290496316e+00   9.8338219005702676e+00   5.3951133166623286e+00   2.0313554238735065e-01   6.1265125262787805e+00
   3.0153728316030026e-02   5.1893603424703088e+00   9.8163658458827676e+00   5.3932822619748286e+00   2.0704179238735065e-01   6.1265125262787805e+00
   3.0136264155110837e-02   5.1893254290496316e+00   9.8241825331090631e+00   5.3854697619748286e+00   2.0704179238735065e-01   6.1265125262787805e+00
   2.2341228316030026e-02   5.1928654681121316e+00   9.8263797987340631e+00   5.3987754260373286e+00   2.1454911660610065e-01   6.1278552997162805e+00
   3.5873568842610837e-02   5.1933607678090539e+00   9.8241783458827676e+00   5.3932822619748286e+00   1.9922929238735065e-01   6.1265126901915536e+00
   3.0153728316030026e-02   5.1893324474965539e+00   9.8241801936267557e+00   5.3936484729123286e+00   2.0704179238735065e-01   6.1343250262787805e+00
   3.0153728316030026e-02   5.1815129290496316e+00   9.8241825331090631e+00   5.3932822619748286e+00   2.0704179238735065e-01   6.1265125262787805e+00
   3.0136264155110837e-02   5.1815199474965539e+00   9.8241783458827676e+00   5.3932822619748286e+00   2.0704179238735065e-01   6.1285878855040536e+00
   3.0201590845784665e-02   5.1815199474965539e+00   9.8249126155017557e+00   5.3932822619748286e+00   2.1442704629360065e-01   6.1265125262787805e+00
   3.0153728316030026e-02   5.1893324474965539e+00   9.8241783458827676e+00   5.3932335202765636e+00   1.9922929238735065e-01   6.1265125262787805e+00
   3.0153728316030026e-02   5.1971728424703088e+00   9.8241783458827676e+00   5.4001181994748286e+00   2.0704179238735065e-01   6.1265126901915536e+00
   3.0201590845784665e-02   5.1961073498403039e+00   9.8241801936267557e+00   5.4010947619748286e+00   2.1485429238735065e-01   6.1265125262787805e+00
   3.1301952192983151e-02   5.1911215405141320e+00   9.8241783458827676e+00   5.4030288134885005e+00   2.0704179238735065e-01   6.1267147052338586e+00
   3.3998943159780026e-02   5.1893254290496316e+00   9.8241783458827676e+00   5.3854697619748286e+00   2.0704179238735065e-01   6.1292591083100305e+00
   3.0153728316030026e-02   5.1815478424703088e+00   9.8256431896327676e+00   5.3956015979123286e+00   2.0966630410610065e-01   6.1287289547970758e+00
   3.0323661158284665e-02   5.1893254290496316e+00   9.8241801936267557e+00   5.3932822619748286e+00   2.0850663613735065e-01   6.1187000262787805e+00
   3.5080111811360837e-02   5.1978442291890588e+00   9.8241783458827676e+00   5.3963310544562511e+00   2.0313554238735065e-01   6.1374722409298883e+00
