   3.0187285731038571e-02   5.1893324474965539e+00   9.8241977322934808e+00   5.3933016930890254e+00   2.0706330966411457e-01   6.1265263992598520e+00
   3.0187285731038571e-02   5.1893324474965539e+00   9.8241977322934808e+00   5.3933016930890254e+00   2.0706330966411457e-01   6.1265263992598520e+00
   3.0187285731038571e-02   5.1893324474965539e+00   9.8241977322934808e+00   5.3933016930890254e+00   2.0706330966411457e-01   6.1265263992598520e+00
   3.0187285731038571e-02   5.1893324474965539e+00   9.8241977322934808e+00   5.3933016930890254e+00   2.0706330966411457e-01   6.1265263992598520e+00
   3.0187285731038571e-02   5.1893324474965539e+00   9.8241977322934808e+00   5.3933016930890254e+00   2.0706330966411457e-01   6.1265263992598520e+00
   3.0187285731038571e-02   5.1893324474965539e+00   9.8241977322934808e+00   5.3933016930890254e+00   2.0706330966411457e-01   6.1265263992598520e+00
   3.0187285731038571e-02   5.1893324474965539e+00   9.8241977322934808e+00   5.3933016930890254e+00   2.0706330966411457e-01   6.1265263992598520e+00
   3.0187285731038571e-02   5.1893324474965539e+00   9.8241977322934808e+00   5.3933016930890254e+00   2.0706330966411457e-01   6.1265263992598520e+00
   3.0187285731038571e-02   5.1893324474965539e+00   9.8241977322934808e+00   5.3933016930890254e+00   2.0706330966411457e-01   6.1265263992598520e+00
   3.0187285731038571e-02   5.1893324474965539e+00   9.8241977322934808e+00   5.3933016930890254e+00   2.0706330966411457e-01   6.1265263992598520e+00
   3.0187285731038571e-02   5.1893324474965539e+00   9.8241977322934808e+00   5.3933016930890254e+00   2.0706330966411457e-01   6.1265263992598520e+00
   3.0187285731038571e-02   5.1893324474965539e+00   9.8241977322934808e+00   5.3933016930890254e+00   2.0706330966411457e-01   6.1265263992598520e+00
   3.0187285731038571e-02   5.1893324474965539e+00   9.8241977322934808e+00   5.3933016930890254e+00   2.0706330966411457e-01   6.1265301692536340e+00
   3.0290520975789548e-02   5.1893324474965539e+00   9.8243198026059808e+00   5.3933016930890254e+00   2.0714995991645679e-01   6.1265263992598520e+00
   3.0187285731038571e-02   5.1893324474965539e+00   9.8242986578582467e+00   5.3931796227765254e+00   2.0706330966411457e-01   6.1265263992598520e+00
   3.0187285731038571e-02   5.1893324474965539e+00   9.8241977322934808e+00   5.3933016930890254e+00   2.0706330966411457e-01   6.1265263992598520e+00
   3.0187285731038571e-02   5.1893324474965539e+00   9.8241977322934808e+00   5.3933016930890254e+00   2.0706330966411457e-01   6.1265263992598520e+00
   3.0187285731038571e-02   5.1893324474965539e+00   9.8241977322934808e+00   5.3933016930890254e+00   2.0706330966411457e-01   6.1265263992598520e+00
   3.0187285731038571e-02   5.1893324474965539e+00   9.8241977322934808e+00   5.3933016930890254e+00   2.0706330966411457e-01   6.1265263992598520e+00
   3.0187285731038571e-02   5.1893324474965539e+00   9.8241977322934808e+00   5.3933016930890254e+00   2.0706330966411457e-01   6.1265263992598520e+00
   3.0187285731038571e-02   5.1893324474965539e+00   9.8241977322934808e+00   5.3933016930890254e+00   2.0706330966411457e-01   6.1265263992598520e+00
   3.0187285731038571e-02   5.1893324474965539e+00   9.8241977322934808e+00   5.3933016930890254e+00   2.0706330966411457e-01   6.1265263992598520e+00
   3.0261374304494382e-02   5.1893708775912728e+00   9.8241977322934808e+00   5.3933016930890254e+00   2.0706330966411457e-01   6.1266484695723520e+00
   3.0187285731038571e-02   5.1893324474965539e+00   9.8241977322934808e+00   5.3933016930890254e+00   2.0709326099811420e-01   6.1265263992598520e+00
   3.0187285731038571e-02   5.1893324474965539e+00   9.8241977322934808e+00   5.3933016930890254e+00   2.0706330966411457e-01   6.1265263992598520e+00
   3.0187285731038571e-02   5.1893324474965539e+00   9.8240756619809808e+00   5.3933016930890254e+00   2.0706330966411457e-01   6.1265263992598520e+00
   3.0187285731038571e-02   5.1893324474965539e+00   9.8241977322934808e+00   5.3933016930890254e+00   2.0706330966411457e-01   6.1265263992598520e+00
   3.0187285731038571e-02   5.1893324474965539e+00   9.8241977322934808e+00   5.3933016930890254e+00   2.0706330966411457e-01   6.1265263992598520e+00
   3.0187285731038571e-02   5.1893399576817956e+00   9.8241977322934808e+00   5.3933016930890254e+00   2.0706330966411457e-01   6.1265263992598520e+00
   3.0187285731038571e-02   5.1893324474965539e+00   9.8241977322934808e+00   5.3933016930890254e+00   2.0706330966411457e-01   6.1265263992598520e+00
   3.0065215418538571e-02   5.1893324474965539e+00   9.8242116201757135e+00   5.3933016930890254e+00   2.0706330966411457e-01   6.1265263992598520e+00
   3.0187285731038571e-02   5.1893324474965539e+00   9.8242359239696206e+00   5.3933016930890254e+00   2.0706330966411457e-01   6.1265263992598520e+00
   3.0187285731038571e-02   5.1893324474965539e+00   9.8241977322934808e+00   5.3933016930890254e+00   2.0706330966411457e-01   6.1265335369160638e+00
   3.0187285731038571e-02   5.1893324474965539e+00   9.8241977322934808e+00   5.3933016930890254e+00   2.0706330966411457e-01   6.1265263992598520e+00
   3.0187285731038571e-02   5.1893324474965539e+00   9.8241977322934808e+00   5.3933016930890254e+00   2.0714708399234638e-01   6.1265263992598520e+00
   3.0187285731038571e-02   5.1893324474965539e+00   9.8241977322934808e+00   5.3933016930890254e+00   2.0706330966411457e-01   6.1265263992598520e+00
   3.0187285731038571e-02   5.1893324474965539e+00   9.8241977322934808e+00   5.3933016930890254e+00   2.0706330966411457e-01   6.1265263992598520e+00
   3.0187285731038571e-02   5.1893324474965539e+00   9.8241977322934808e+00   5.3933016930890254e+00   2.0706330966411457e-01   6.1265263992598520e+00
   3.0187285731038571e-02   5.1893324474965539e+00   9.8241977322934808e+00   5.3933016930890254e+00   2.0706330966411457e-01   6.1265263992598520e+00
   3.0187285731038571e-02   5.1893324474965539e+00   9.8241977322934808e+00   5.3933016930890254e+00   2.0706330966411457e-01   6.1265263992598520e+00
   3.0187285731038571e-02   5.1893324474965539e+00   9.8241977322934808e+00   5.3934080873799495e+00   2.0706330966411457e-01   6.1266371148875223e+00
   3.0187285731038571e-02   5.1893324474965539e+00   9.8241977322934808e+00   5.3933016930890254e+00   2.0706330966411457e-01   6.1265263992598520e+00
   3.0187285731038571e-02   5.1893324474965539e+00   9.8241977322934808e+00   5.3933016930890254e+00   2.0706330966411457e-01   6.1265263992598520e+00
   3.0187285731038571e-02   5.1893324474965539e+00   9.8241977322934808e+00   5.3931796227765254e+00   2.0694123935161457e-01   6.1265263992598520e+00
   3.0187285731038571e-02   5.1893324474965539e+00   9.8241977322934808e+00   5.3933016930890254e+00   2.0706330966411457e-01   6.1265263992598520e+00
   3.0187285731038571e-02   5.1893324474965539e+00   9.8241977322934808e+00   5.3933016930890254e+00   2.0706330966411457e-01   6.1265263992598520e+00
   3.0187285731038571e-02   5.1893324474965539e+00   9.8241977322934808e+00   5.3933016930890254e+00   2.0706330966411457e-01   6.1265263992598520e+00
   3.0187285731038571e-02   5.1893324474965539e+00   9.8241977322934808e+00   5.3933016930890254e+00   2.0706330966411457e-01   6.1265263992598520e+00
   3.0187285731038571e-02   5.1893324474965539e+00   9.8241977322934808e+00   5.3933016930890254e+00   2.0706330966411457e-01   6.1265263992598520e+00
   3.0187285731038571e-02   5.1893324474965539e+00   9.8241977322934808e+00   5.3933016930890254e+00   2.0706330966411457e-01   6.1265263992598520e+00
   3.0187285731038571e-02   5.1893324474965539e+00   9.8241977322934808e+00   5.3933016930890254e+00   2.0706330966411457e-01   6.1265263992598520e+00
   3.0187285731038571e-02   5.1893324474965539e+00   9.8241977322934808e+00   5.3933016930890254e+00   2.0706330966411457e-01   6.1265263992598520e+00
   3.0187285731038571e-02   5.1893324474965539e+00   9.8241977322934808e+00   5.3933016930890254e+00   2.0706330966411457e-01   6.1265263992598520e+00
   3.0187285731038571e-02   5.1893324474965539e+00   9.8241977322934808e+00   5.3933016930890254e+00   2.0706330966411457e-01   6.1265263992598520e+00
   3.0187285731038571e-02   5.1893324474965539e+00   9.8241977322934808e+00   5.3933016930890254e+00   2.0706330966411457e-01   6.1265263992598520e+00
   3.0187285731038571e-02   5.1893324474965539e+00   9.8242320943711938e+00   5.3933016930890254e+00   2.0706330966411457e-01   6.1265301692536340e+00
   3.0187285731038571e-02   5.1893227915441003e+00   9.8241977322934808e+00   5.3934106205773524e+00   2.0694123935161457e-01   6.1266289490511880e+00
   3.0187285731038571e-02   5.1893324474965539e+00   9.8241977322934808e+00   5.3933016930890254e+00   2.0706330966411457e-01   6.1265263992598520e+00
   3.0187285731038571e-02   5.1893324474965539e+00   9.8241977322934808e+00   5.3933016930890254e+00   2.0706330966411457e-01   6.1265263992598520e+00
   3.0187285731038571e-02   5.1893324474965539e+00   9.8241977322934808e+00   5.3933016930890254e+00   2.0706330966411457e-01   6.1265263992598520e+00
   3.0187285731038571e-02   5.1893324474965539e+00   9.8241977322934808e+00   5.3933016930890254e+00   2.0706330966411457e-01   6.1265263992598520e+00
   3.0187285731038571e-02   5.1893324474965539e+00   9.8241977322934808e+00   5.3933016930890254e+00   2.0706330966411457e-01   6.1265263992598520e+00
   3.0187285731038571e-02   5.1893324474965539e+00   9.8241977322934808e+00   5.3933016930890254e+00   2.0706330966411457e-01   6.1265263992598520e+00
   3.0260554740628720e-02   5.1893324474965539e+00   9.8240756619809808e+00   5.3934089665484599e+00   2.0706330966411457e-01   6.1265263992598520e+00
   3.0187285731038571e-02   5.1893324474965539e+00   9.8242365945218744e+00   5.3933016930890254e+00   2.0706330966411457e-01   6.1265263992598520e+00
   3.0248454997739316e-02   5.1894195298825707e+00   9.8241701651452722e+00   5.3933016930890254e+00   2.0706330966411457e-01   6.1265263992598520e+00
   3.0187285731038571e-02   5.1893324474965539e+00   9.8241977322934808e+00   5.3933016930890254e+00   2.0708326231895313e-01   6.1264043289473520e+00
   3.0187285731038571e-02   5.1893324474965539e+00   9.8241977322934808e+00   5.3933016930890254e+00   2.0706330966411457e-01   6.1265263992598520e+00
   3.0187285731038571e-02   5.1893324474965539e+00   9.8242054063914956e+00   5.3933016930890254e+00   2.0706330966411457e-01   6.1265263992598520e+00
   3.0187285731038571e-02   5.1893324474965539e+00   9.8241977322934808e+00   5.3933016930890254e+00   2.0706330966411457e-01   6.1265263992598520e+00
   3.0187285731038571e-02   5.1893324474965539e+00   9.8241977322934808e+00   5.3933016930890254e+00   2.0706330966411457e-01   6.1265263992598520e+00
   3.0187285731038571e-02   5.1893324474965539e+00   9.8241977322934808e+00   5.3933016930890254e+00   2.0706330966411457e-01   6.1265263992598520e+00
   3.0187285731038571e-02   5.1893324474965539e+00   9.8241977322934808e+00   5.3933016930890254e+00   2.0706330966411457e-01   6.1265263992598520e+00
   3.0187285731038571e-02   5.1894308845674004e+00   9.8241977322934808e+00   5.3933907275271586e+00   2.0718374084888325e-01   6.1265263992598520e+00
   3.0187285731038571e-02   5.1893324474965539e+00   9.8241977322934808e+00   5.3933016930890254e+00   2.0706330966411457e-01   6.1265263992598520e+00
   3.0187285731038571e-02   5.1893324474965539e+00   9.8242427636026086e+00   5.3933303629231624e+00   2.0706330966411457e-01   6.1266196954300867e+00
   3.0194885323247433e-02   5.1893324474965539e+00   9.8241977322934808e+00   5.3933016930890254e+00   2.0706330966411457e-01   6.1265263992598520e+00
   3.0187285731038571e-02   5.1893482427274193e+00   9.8242863494991006e+00   5.3934237634015254e+00   2.0706330966411457e-01   6.1264043289473520e+00
   3.0187285731038571e-02   5.1893324474965539e+00   9.8241977322934808e+00   5.3933016930890254e+00   2.0706330966411457e-01   6.1265263992598520e+00
   3.0187285731038571e-02   5.1893324474965539e+00   9.8241977322934808e+00   5.3933016930890254e+00   2.0706330966411457e-01   6.1265263992598520e+00
   3.0195481369695187e-02   5.1893324474965539e+00   9.8241977322934808e+00   5.3933016930890254e+00   2.0706330966411457e-01   6.1265263992598520e+00
   3.0258349368772031e-02   5.1894545178090539e+00   9.8240604627965631e+00   5.3933016930890254e+00   2.0715459417758808e-01   6.1266233909180627e+00
   3.0187285731038571e-02   5.1893324474965539e+00   9.8241977322934808e+00   5.3933016930890254e+00   2.0706330966411457e-01   6.1265263992598520e+00
   3.0065215418538571e-02   5.1893324474965539e+00   9.8241977322934808e+00   5.3934190546345882e+00   2.0706330966411457e-01   6.1265263992598520e+00
   3.0187285731038571e-02   5.1893324474965539e+00   9.8241977322934808e+00   5.3933016930890254e+00   2.0706330966411457e-01   6.1265263992598520e+00
   3.0306092689237119e-02   5.1893842439328637e+00   9.8241977322934808e+00   5.3933016930890254e+00   2.0706330966411457e-01   6.1265909510901437e+00
   3.0187285731038571e-02   5.1893324474965539e+00   9.8241977322934808e+00   5.3933016930890254e+00   2.0706330966411457e-01   6.1265263992598520e+00
   3.0187285731038571e-02   5.1893324474965539e+00   9.8241977322934808e+00   5.3933016930890254e+00   2.0706330966411457e-01   6.1265263992598520e+00
   3.0229187796315671e-02   5.1893324474965539e+00   9.8241977322934808e+00   5.3933016930890254e+00   2.0706330966411457e-01   6.1265263992598520e+00
   3.0187285731038571e-02   5.1893324474965539e+00   9.8242689449428262e+00   5.3933016930890254e+00   2.0716427993236408e-01   6.1265263992598520e+00
   3.0187285731038571e-02   5.1893324474965539e+00   9.8241977322934808e+00   5.3933016930890254e+00   2.0706330966411457e-01   6.1265263992598520e+00
   3.0187285731038571e-02   5.1893324474965539e+00   9.8241977322934808e+00   5.3933016930890254e+00   2.0706330966411457e-01   6.1266308862021432e+00
   3.0187285731038571e-02   5.1893324474965539e+00   9.8241977322934808e+00   5.3933016930890254e+00   2.0711230468211994e-01   6.1265263992598520e+00
   3.0187285731038571e-02   5.1894545178090539e+00   9.8241977322934808e+00   5.3933016930890254e+00   2.0706330966411457e-01   6.1265263992598520e+00
   3.0187285731038571e-02   5.1893324474965539e+00   9.8241977322934808e+00   5.3933016930890254e+00   2.0706330966411457e-01   6.1265263992598520e+00
   3.0187285731038571e-02   5.1893324474965539e+00   9.8241977322934808e+00   5.3933016930890254e+00   2.0706330966411457e-01   6.1265263992598520e+00
   3.0187285731038571e-02   5.1893324474965539e+00   9.8241977322934808e+00   5.3933016930890254e+00   2.0706330966411457e-01   6.1265263992598520e+00
   3.0187285731038571e-02   5.1893324474965539e+00   9.8241977322934808e+00   5.3933016930890254e+00   2.0706330966411457e-01   6.1265263992598520e+00
   3.0187285731038571e-02   5.1893324474965539e+00   9.8241977322934808e+00   5.3933016930890254e+00   2.0706330966411457e-01   6.1265263992598520e+00
   3.0187285731038571e-02   5.1893324474965539e+00   9.8241977322934808e+00   5.3933016930890254e+00   2.0706330966411457e-01   6.1265263992598520e+00
   3.0387512634000302e-02   5.1893324474965539e+00   9.8241977322934808e+00   5.3933016930890254e+00   2.0706330966411457e-01   6.1265263992598520e+00
   3.0271611402234555e-02   5.1893324474965539e+00   9.8241977322934808e+00   5.3933016930890254e+00   2.0706330966411457e-01   6.1265263992598520e+00
   3.0322320053777219e-02   5.1893324474965539e+00   9.8244184631942453e+00   5.3933016930890254e+00   2.0706330966411457e-01   6.1266484695723520e+00
   3.0187285731038571e-02   5.1893324474965539e+00   9.8242748607038202e+00   5.3933016930890254e+00   2.0706330966411457e-01   6.1265263992598520e+00
   3.0187285731038571e-02   5.1893324474965539e+00   9.8241977322934808e+00   5.3933016930890254e+00   2.0706330966411457e-01   6.1265263992598520e+00
   3.0187285731038571e-02   5.1893324474965539e+00   9.8241977322934808e+00   5.3933016930890254e+00   2.0706330966411457e-01   6.1265263992598520e+00
   3.0187285731038571e-02   5.1893324474965539e+00   9.8241977322934808e+00   5.3933016930890254e+00   2.0706330966411457e-01   6.1265263992598520e+00
   3.0187285731038571e-02   5.1894903252994027e+00   9.8242417205213250e+00   5.3932600741458110e+00   2.0706330966411457e-01   6.1265263992598520e+00
   3.0187285731038571e-02   5.1893324474965539e+00   9.8241977322934808e+00   5.3933347140622310e+00   2.0706330966411457e-01   6.1265263992598520e+00
   3.0187285731038571e-02   5.1893324474965539e+00   9.8241977322934808e+00   5.3933874343705348e+00   2.0706330966411457e-01   6.1266348648121820e+00
   3.0187285731038571e-02   5.1893324474965539e+00   9.8242932934402170e+00   5.3933016930890254e+00   2.0706330966411457e-01   6.1265263992598520e+00
   3.0192232916554929e-02   5.1893324474965539e+00   9.8242679316638650e+00   5.3933016930890254e+00   2.0706330966411457e-01   6.1265394079735742e+00
   3.0187285731038571e-02   5.1893324474965539e+00   9.8241977322934808e+00   5.3933016930890254e+00   2.0706330966411457e-01   6.1265263992598520e+00
   3.0187285731038571e-02   5.1893324474965539e+00   9.8241977322934808e+00   5.3933016930890254e+00   2.0706330966411457e-01   6.1265263992598520e+00
   3.0187285731038571e-02   5.1893324474965539e+00   9.8241977322934808e+00   5.3933016930890254e+00   2.0706330966411457e-01   6.1265263992598520e+00
   3.0187285731038571e-02   5.1893324474965539e+00   9.8241977322934808e+00   5.3933016930890254e+00   2.0706330966411457e-01   6.1265263992598520e+00
   3.0187285731038571e-02   5.1893324474965539e+00   9.8241977322934808e+00   5.3933016930890254e+00   2.0706330966411457e-01   6.1265263992598520e+00
   3.0187285731038571e-02   5.1893324474965539e+00   9.8241977322934808e+00   5.3933016930890254e+00   2.0706330966411457e-01   6.1266484695723520e+00
   3.0187285731038571e-02   5.1893324474965539e+00   9.8241977322934808e+00   5.3933016930890254e+00   2.0706330966411457e-01   6.1265263992598520e+00
   3.0187285731038571e-02   5.1893324474965539e+00   9.8241977322934808e+00   5.3933016930890254e+00   2.0706330966411457e-01   6.1265263992598520e+00
   3.0187285731038571e-02   5.1893324474965539e+00   9.8241977322934808e+00   5.3933016930890254e+00   2.0706330966411457e-01   6.1265263992598520e+00
   3.0187285731038571e-02   5.1893324474965539e+00   9.8241977322934808e+00   5.3933016930890254e+00   2.0706330966411457e-01   6.1265263992598520e+00
   3.0187285731038571e-02   5.1892103771840539e+00   9.8241977322934808e+00   5.3933016930890254e+00   2.0718537997661457e-01   6.1265263992598520e+00
   3.0187285731038571e-02   5.1893324474965539e+00   9.8241977322934808e+00   5.3933016930890254e+00   2.0706330966411457e-01   6.1265263992598520e+00
   3.0187285731038571e-02   5.1893324474965539e+00   9.8241977322934808e+00   5.3933016930890254e+00   2.0706330966411457e-01   6.1265263992598520e+00
   3.0187285731038571e-02   5.1893324474965539e+00   9.8241977322934808e+00   5.3933016930890254e+00   2.0706330966411457e-01   6.1265263992598520e+00
   3.0187285731038571e-02   5.1893324474965539e+00   9.8241977322934808e+00   5.3933016930890254e+00   2.0706330966411457e-01   6.1265263992598520e+00
   3.0187285731038571e-02   5.1893324474965539e+00   9.8241977322934808e+00   5.3933016930890254e+00   2.0706330966411457e-01   6.1265263992598520e+00
   3.0187285731038571e-02   5.1893324474965539e+00   9.8241977322934808e+00   5.3933016930890254e+00   2.0706330966411457e-01   6.1265263992598520e+00
   3.0187285731038571e-02   5.1893324474965539e+00   9.8241977322934808e+00   5.3933016930890254e+00   2.0706330966411457e-01   6.1265263992598520e+00
   3.0187285731038571e-02   5.1893324474965539e+00   9.8241977322934808e+00   5.3933016930890254e+00   2.0706330966411457e-01   6.1265263992598520e+00
   3.0306092689237119e-02   5.1893324474965539e+00   9.8241977322934808e+00   5.3933016930890254e+00   2.0706330966411457e-01   6.1265263992598520e+00
   3.0187285731038571e-02   5.1893324474965539e+00   9.8241977322934808e+00   5.3933016930890254e+00   2.0706330966411457e-01   6.1265263992598520e+00
   3.0187285731038571e-02   5.1893324474965539e+00   9.8242017556070032e+00   5.3934237634015254e+00   2.0706330966411457e-01   6.1264043289473520e+00
   3.0268899390897275e-02   5.1894012312566247e+00   9.8241977322934808e+00   5.3933016930890254e+00   2.0706330966411457e-01   6.1265263992598520e+00
   3.0187285731038571e-02   5.1893324474965539e+00   9.8241977322934808e+00   5.3933016930890254e+00   2.0706330966411457e-01   6.1265766906788812e+00
   3.0187285731038571e-02   5.1893324474965539e+00   9.8241977322934808e+00   5.3933016930890254e+00   2.0706330966411457e-01   6.1265263992598520e+00
   3.0187285731038571e-02   5.1893324474965539e+00   9.8241977322934808e+00   5.3933016930890254e+00   2.0706330966411457e-01   6.1265263992598520e+00
   3.0187285731038571e-02   5.1893324474965539e+00   9.8241977322934808e+00   5.3933016930890254e+00   2.0706330966411457e-01   6.1265263992598520e+00
   3.0187285731038571e-02   5.1893435786639657e+00   9.8243134249089898e+00   5.3934237634015254e+00   2.0708700251041279e-01   6.1265263992598520e+00
   3.0187285731038571e-02   5.1893324474965539e+00   9.8241977322934808e+00   5.3933016930890254e+00   2.0706330966411457e-01   6.1265263992598520e+00
   3.0187285731038571e-02   5.1893324474965539e+00   9.8241977322934808e+00   5.3933016930890254e+00   2.0706330966411457e-01   6.1265263992598520e+00
   3.0305153916081906e-02   5.1893324474965539e+00   9.8241977322934808e+00   5.3934064184498958e+00   2.0706330966411457e-01   6.1265263992598520e+00
   3.0187285731038571e-02   5.1893324474965539e+00   9.8241977322934808e+00   5.3933016930890254e+00   2.0706330966411457e-01   6.1265263992598520e+00
   3.0226371476850034e-02   5.1893324474965539e+00   9.8243156898854913e+00   5.3933016930890254e+00   2.0718350243030415e-01   6.1265263992598520e+00
   3.0187285731038571e-02   5.1893324474965539e+00   9.8241977322934808e+00   5.3933016930890254e+00   2.0706330966411457e-01   6.1265263992598520e+00
   3.0187285731038571e-02   5.1893324474965539e+00   9.8241977322934808e+00   5.3933016930890254e+00   2.0706330966411457e-01   6.1265263992598520e+00
   3.0065215418538571e-02   5.1893324474965539e+00   9.8241977322934808e+00   5.3933016930890254e+00   2.0708685349880085e-01   6.1266395884802805e+00
   3.0187285731038571e-02   5.1893324474965539e+00   9.8240756619809808e+00   5.3933016930890254e+00   2.0706330966411457e-01   6.1265263992598520e+00
   3.0191130230626584e-02   5.1892103771840539e+00   9.8241977322934808e+00   5.3933200662207774e+00   2.0706330966411457e-01   6.1265888053229318e+00
   3.0187285731038571e-02   5.1893324474965539e+00   9.8241977322934808e+00   5.3933016930890254e+00   2.0706330966411457e-01   6.1264043289473520e+00
   3.0187285731038571e-02   5.1893324474965539e+00   9.8241977322934808e+00   5.3933016930890254e+00   2.0706330966411457e-01   6.1265263992598520e+00
   3.0187285731038571e-02   5.1893324474965539e+00   9.8241977322934808e+00   5.3933016930890254e+00   2.0706330966411457e-01   6.1265263992598520e+00
   3.0224717447957516e-02   5.1893324474965539e+00   9.8242238838313760e+00   5.3933016930890254e+00   2.0706330966411457e-01   6.1265263992598520e+00
   3.0187285731038571e-02   5.1893324474965539e+00   9.8241977322934808e+00   5.3933016930890254e+00   2.0706330966411457e-01   6.1265263992598520e+00
   3.0187285731038571e-02   5.1893324474965539e+00   9.8241977322934808e+00   5.3933016930890254e+00   2.0706330966411457e-01   6.1265263992598520e+00
   3.0187285731038571e-02   5.1893324474965539e+00   9.8241977322934808e+00   5.3933016930890254e+00   2.0706330966411457e-01   6.1265263992598520e+00
   3.0187285731038571e-02   5.1893324474965539e+00   9.8241977322934808e+00   5.3933016930890254e+00   2.0706330966411457e-01   6.1265263992598520e+00
   3.0187285731038571e-02   5.1893324474965539e+00   9.8243198026059808e+00   5.3933016930890254e+00   2.0713763665614948e-01   6.1265732336094842e+00
   3.0187285731038571e-02   5.1893324474965539e+00   9.8241977322934808e+00   5.3933016930890254e+00   2.0706330966411457e-01   6.1265263992598520e+00
   3.0187285731038571e-02   5.1893324474965539e+00   9.8243198026059808e+00   5.3933016930890254e+00   2.0706330966411457e-01   6.1265263992598520e+00
   3.0309356043538571e-02   5.1893668989812340e+00   9.8241977322934808e+00   5.3933016930890254e+00   2.0706330966411457e-01   6.1264138954928384e+00
   3.0187285731038571e-02   5.1893324474965539e+00   9.8241977322934808e+00   5.3933016930890254e+00   2.0706330966411457e-01   6.1265263992598520e+00
   3.0187285731038571e-02   5.1893324474965539e+00   9.8241977322934808e+00   5.3933016930890254e+00   2.0706330966411457e-01   6.1265263992598520e+00
   3.0187285731038571e-02   5.1893324474965539e+00   9.8241977322934808e+00   5.3933016930890254e+00   2.0706330966411457e-01   6.1265263992598520e+00
   3.0187285731038571e-02   5.1893324474965539e+00   9.8241977322934808e+00   5.3933016930890254e+00   2.0706330966411457e-01   6.1265263992598520e+00
   3.0187285731038571e-02   5.1893324474965539e+00   9.8241977322934808e+00   5.3933016930890254e+00   2.0706330966411457e-01   6.1265263992598520e+00
   3.0187285731038571e-02   5.1894928584968056e+00   9.8240756619809808e+00   5.3933016930890254e+00   2.0706330966411457e-01   6.1265263992598520e+00
   3.0187285731038571e-02   5.1893324474965539e+00   9.8241977322934808e+00   5.3933016930890254e+00   2.0706330966411457e-01   6.1265263992598520e+00
   3.0187285731038571e-02   5.1893324474965539e+00   9.8241977322934808e+00   5.3933016930890254e+00   2.0713940989433155e-01   6.1265263992598520e+00
   3.0274532029828549e-02   5.1893853615199532e+00   9.8241977322934808e+00   5.3933016930890254e+00   2.0714684557376728e-01   6.1266484695723520e+00
   3.0187285731038571e-02   5.1893324474965539e+00   9.8241977322934808e+00   5.3933016930890254e+00   2.0706330966411457e-01   6.1265263992598520e+00
   3.0187285731038571e-02   5.1893324474965539e+00   9.8241977322934808e+00   5.3933016930890254e+00   2.0706330966411457e-01   6.1265263992598520e+00
   3.0187285731038571e-02   5.1893324474965539e+00   9.8241977322934808e+00   5.3933016930890254e+00   2.0706330966411457e-01   6.1265263992598520e+00
   3.0187285731038571e-02   5.1893324474965539e+00   9.8241977322934808e+00   5.3933016930890254e+00   2.0706330966411457e-01   6.1265263992598520e+00
   3.0187285731038571e-02   5.1893324474965539e+00   9.8241977322934808e+00   5.3933016930890254e+00   2.0710041355548725e-01   6.1265263992598520e+00
   3.0187285731038571e-02   5.1893324474965539e+00   9.8241977322934808e+00   5.3933016930890254e+00   2.0706330966411457e-01   6.1265263992598520e+00
   3.0187285731038571e-02   5.1893324474965539e+00   9.8241977322934808e+00   5.3933016930890254e+00   2.0706330966411457e-01   6.1265263992598520e+00
   3.0195868799886227e-02   5.1894155959760155e+00   9.8242927569984140e+00   5.3933016930890254e+00   2.0706330966411457e-01   6.1264043289473520e+00
   3.0309356043538571e-02   5.1894204388534035e+00   9.8242077756761255e+00   5.3934015010667018e+00   2.0711754989086018e-01   6.1265537279894815e+00
   3.0187285731038571e-02   5.1894545178090539e+00   9.8241977322934808e+00   5.3933016930890254e+00   2.0706330966411457e-01   6.1265263992598520e+00
   3.0187285731038571e-02   5.1893348018800225e+00   9.8240849752067270e+00   5.3933016930890254e+00   2.0706330966411457e-01   6.1265263992598520e+00
   3.0271343181333066e-02   5.1894545178090539e+00   9.8241977322934808e+00   5.3933016930890254e+00   2.0706330966411457e-01   6.1266423451951013e+00
   3.0306077788075925e-02   5.1893324474965539e+00   9.8243046332238855e+00   5.3933016930890254e+00   2.0694123935161457e-01   6.1265263992598520e+00
   3.0065215418538571e-02   5.1893706242715325e+00   9.8241977322934808e+00   5.3932351892066173e+00   2.0706330966411457e-01   6.1266414064219461e+00
   3.0282310435971738e-02   5.1892103771840539e+00   9.8242412138818445e+00   5.3933693294596843e+00   2.0709393155036793e-01   6.1265263992598520e+00
   3.0187285731038571e-02   5.1894144932900872e+00   9.8242723424075784e+00   5.3931796227765254e+00   2.0721342396198139e-01   6.1265263992598520e+00
   3.0308998415669919e-02   5.1893324474965539e+00   9.8242569197057428e+00   5.3933016930890254e+00   2.0708262156902180e-01   6.1264043289473520e+00
   3.0187285731038571e-02   5.1893324474965539e+00   9.8241977322934808e+00   5.3933016930890254e+00   2.0706330966411457e-01   6.1264043289473520e+00
   3.0215165803632260e-02   5.1894153277551140e+00   9.8242820579646768e+00   5.3933183823895625e+00   2.0694123935161457e-01   6.1267002362063394e+00
   3.0187285731038571e-02   5.1892103771840539e+00   9.8242552656768503e+00   5.3933016930890254e+00   2.0706330966411457e-01   6.1265263992598520e+00
   3.0187285731038571e-02   5.1894545178090539e+00   9.8242572326301278e+00   5.3933849011731319e+00   2.0706877839027271e-01   6.1265348333170877e+00
   3.0309356043538571e-02   5.1893324474965539e+00   9.8242942918180169e+00   5.3933223908019237e+00   2.0711939763484821e-01   6.1266429263403879e+00
   3.0325315187177182e-02   5.1894830535327401e+00   9.8243689466355981e+00   5.3933582131934337e+00   2.0730745028911457e-01   6.1264961648037897e+00
   3.0309356043538571e-02   5.1894490788852181e+00   9.8242639977573099e+00   5.3934016053748302e+00   2.0713003706394062e-01   6.1266446697762476e+00
   3.0065215418538571e-02   5.1893906663333382e+00   9.8242493052123727e+00   5.3933463220668010e+00   2.0720095169006214e-01   6.1265968370488153e+00
   3.0187285731038571e-02   5.1894266973411050e+00   9.8243139911531152e+00   5.3932205711674861e+00   2.0712987315116749e-01   6.1265441912463174e+00
   3.0309356043538571e-02   5.1894395719443764e+00   9.8242830116389932e+00   5.3934006367993526e+00   2.0710150134025440e-01   6.1266984331658350e+00
   3.0187673161229611e-02   5.1894060145293679e+00   9.8241977322934808e+00   5.3933311973881892e+00   2.0694123935161457e-01   6.1266359078934656e+00
   3.0207551310262204e-02   5.1894545178090539e+00   9.8242552209733667e+00   5.3933016930890254e+00   2.0706330966411457e-01   6.1265263992598520e+00
   3.0195660183629514e-02   5.1893324474965539e+00   9.8241977322934808e+00   5.3933016930890254e+00   2.0718537997661457e-01   6.1265263992598520e+00
   3.0246488044461728e-02   5.1892103771840539e+00   9.8241999972699823e+00   5.3933900569749049e+00   2.0722208153663502e-01   6.1266266095688806e+00
   3.0187285731038571e-02   5.1893647532140221e+00   9.8241977322934808e+00   5.3933016930890254e+00   2.0718537997661457e-01   6.1265723097374902e+00
   3.0292681644162656e-02   5.1893674801265206e+00   9.8243198026059808e+00   5.3934426282715968e+00   2.0715399813114033e-01   6.1266318249752985e+00
   3.0309356043538571e-02   5.1894292901431527e+00   9.8241977322934808e+00   5.3933016930890254e+00   2.0715988408981190e-01   6.1265263992598520e+00
   3.0309356043538571e-02   5.1893324474965539e+00   9.8242538798688592e+00   5.3933016930890254e+00   2.0715353619514332e-01   6.1265263992598520e+00
   3.0187285731038571e-02   5.1894064913665261e+00   9.8243198026059808e+00   5.3933415983987025e+00   2.0709051918445454e-01   6.1266059416583047e+00
   3.0187285731038571e-02   5.1893324474965539e+00   9.8242090869783105e+00   5.3933016930890254e+00   2.0706330966411457e-01   6.1264043289473520e+00
   3.0302128980359555e-02   5.1893324474965539e+00   9.8241977322934808e+00   5.3933016930890254e+00   2.0706330966411457e-01   6.1264043289473520e+00
   3.0187285731038571e-02   5.1893567512904610e+00   9.8241977322934808e+00   5.3933639501404933e+00   2.0694123935161457e-01   6.1265263992598520e+00
   2.9999262879094601e-02   5.1895151208316292e+00   9.8242632079957666e+00   5.3933464263749293e+00   2.0717401039062366e-01   6.1266569483330713e+00
   3.0385873506268979e-02   5.1893799374972787e+00   9.8243096251128854e+00   5.3934564118457011e+00   2.0718537997661457e-01   6.1267198014309869e+00
   3.0256278107366086e-02   5.1894325683986153e+00   9.8242175657390298e+00   5.3933960025382213e+00   2.0711002480445728e-01   6.1266484695723520e+00
   3.0195660183629514e-02   5.1894516865884270e+00   9.8242820281623544e+00   5.3933513586592845e+00   2.0718537997661457e-01   6.1265312272360788e+00
   3.0187285731038571e-02   5.1893560658370461e+00   9.8242838908075036e+00   5.3934225266051463e+00   2.0694123935161457e-01   6.1266348499110208e+00
   3.0187285731038571e-02   5.1892103771840539e+00   9.8241977322934808e+00   5.3933016930890254e+00   2.0708849262653217e-01   6.1265411067059503e+00
   3.0187285731038571e-02   5.1893324474965539e+00   9.8241872269748391e+00   5.3931796227765254e+00   2.0706330966411457e-01   6.1265263992598520e+00
   3.0187285731038571e-02   5.1893324474965539e+00   9.8242012340663614e+00   5.3933563058448009e+00   2.0706330966411457e-01   6.1265263992598520e+00
   3.0309356043538571e-02   5.1893324474965539e+00   9.8241977322934808e+00   5.3933016930890254e+00   2.0706330966411457e-01   6.1265263992598520e+00
   3.0206493327817441e-02   5.1894122879182305e+00   9.8243198026059808e+00   5.3933561717343501e+00   2.0706330966411457e-01   6.1265927541306482e+00
