   3.1112826655110837e-02   5.1888835053121056e+00   9.8244224865077676e+00   5.3927643125128917e+00   2.0682816934047565e-01   6.1264706540158258e+00
   3.1112826655110837e-02   5.1888835053121056e+00   9.8244224865077676e+00   5.3927643125128917e+00   2.0682816934047565e-01   6.1264706540158258e+00
   3.1112826655110837e-02   5.1888835053121056e+00   9.8244224865077676e+00   5.3927643125128917e+00   2.0682816934047565e-01   6.1264706540158258e+00
   3.1112826655110837e-02   5.1888835053121056e+00   9.8244224865077676e+00   5.3927643125128917e+00   2.0682816934047565e-01   6.1264706540158258e+00
   3.1112826655110837e-02   5.1888835053121056e+00   9.8244224865077676e+00   5.3927643125128917e+00   2.0682816934047565e-01   6.1264706540158258e+00
   3.1112826655110837e-02   5.1888835053121056e+00   9.8244224865077676e+00   5.3927643125128917e+00   2.0682816934047565e-01   6.1264706540158258e+00
   3.1112826655110837e-02   5.1888835053121056e+00   9.8244224865077676e+00   5.3927643125128917e+00   2.0682816934047565e-01   6.1264706540158258e+00
   3.1112826655110837e-02   5.1888835053121056e+00   9.8244224865077676e+00   5.3927643125128917e+00   2.0682816934047565e-01   6.1264706540158258e+00
   3.1112826655110837e-02   5.1888835053121056e+00   9.8244224865077676e+00   5.3927643125128917e+00   2.0682816934047565e-01   6.1264706540158258e+00
   3.1112826655110837e-02   5.1888835053121056e+00   9.8244224865077676e+00   5.3927643125128917e+00   2.0682816934047565e-01   6.1264706540158258e+00
   3.1112826655110837e-02   5.1888835053121056e+00   9.8244224865077676e+00   5.3927643125128917e+00   2.0682816934047565e-01   6.1264706540158258e+00
   3.1112826655110837e-02   5.1858927826558556e+00   9.8283287365077676e+00   5.3953125302863292e+00   2.0682816934047565e-01   6.1265011715939508e+00
   3.2318270991048337e-02   5.1888377289449181e+00   9.8244224865077676e+00   5.3927643125128917e+00   2.0769792031703815e-01   6.1264706540158258e+00
   3.1112826655110837e-02   5.1886393646871056e+00   9.8244224865077676e+00   5.3849518125128917e+00   2.0661454629360065e-01   6.1303769040158258e+00
   3.4027255366048337e-02   5.1888835053121056e+00   9.8276726085780801e+00   5.4078094785285167e+00   2.1003251504360065e-01   6.1225644040158258e+00
   3.1112826655110837e-02   5.1888377289449181e+00   9.8244224865077676e+00   5.3927643125128917e+00   2.0682816934047565e-01   6.1264706540158258e+00
   3.1112826655110837e-02   5.1888835053121056e+00   9.8244224865077676e+00   5.3927643125128917e+00   2.0682816934047565e-01   6.1264706540158258e+00
   3.1112826655110837e-02   5.1849772553121056e+00   9.8269859630702676e+00   5.3927643125128917e+00   2.0693498086391315e-01   6.1264706540158258e+00
   3.1112826655110837e-02   5.1888377289449181e+00   9.8244224865077676e+00   5.3927643125128917e+00   2.0682816934047565e-01   6.1264706540158258e+00
   3.1112826655110837e-02   5.1990458588277306e+00   9.8244224865077676e+00   5.3966705625128917e+00   2.0994096230922565e-01   6.1264706540158258e+00
   3.1112826655110837e-02   5.1888835053121056e+00   9.8334556896327676e+00   5.3927643125128917e+00   2.0762162637172565e-01   6.1264706540158258e+00
   2.7206576655110837e-02   5.1888835053121056e+00   9.8244224865077676e+00   5.3927643125128917e+00   2.0682816934047565e-01   6.1264706540158258e+00
   3.1112826655110837e-02   5.1888835053121056e+00   9.8244224865077676e+00   5.3927643125128917e+00   2.0682816934047565e-01   6.1264706540158258e+00
   4.6997226069173337e-02   5.1920573334371056e+00   9.8244224865077676e+00   5.3927643125128917e+00   2.0682816934047565e-01   6.1434079098752008e+00
   3.1112826655110837e-02   5.1888835053121056e+00   9.8244224865077676e+00   5.3927643125128917e+00   2.0682816934047565e-01   6.1264706540158258e+00
   3.1112826655110837e-02   5.1888835053121056e+00   9.8244224865077676e+00   5.3927643125128917e+00   2.0769792031703815e-01   6.1289120602658258e+00
   3.1112826655110837e-02   5.1888377289449181e+00   9.8244224865077676e+00   5.3937408750128917e+00   2.0769792031703815e-01   6.1264706540158258e+00
   3.1112826655110837e-02   5.1886393646871056e+00   9.8244224865077676e+00   5.3927643125128917e+00   2.0769792031703815e-01   6.1264706540158258e+00
   3.1112826655110837e-02   5.1954295258199181e+00   9.8244224865077676e+00   5.3937408750128917e+00   2.0682816934047565e-01   6.1359921383908258e+00
   3.1112826655110837e-02   5.1810252289449181e+00   9.8244224865077676e+00   5.3927643125128917e+00   2.0682816934047565e-01   6.1264706540158258e+00
   3.1112826655110837e-02   5.1888835053121056e+00   9.8250938732265176e+00   5.3927643125128917e+00   2.0682816934047565e-01   6.1297665524533258e+00
   3.1112826655110837e-02   5.1891276459371056e+00   9.8244224865077676e+00   5.3927643125128917e+00   2.0682816934047565e-01   6.1264706540158258e+00
   3.1112826655110837e-02   5.1888377289449181e+00   9.8244224865077676e+00   5.3927643125128917e+00   2.1282487344203815e-01   6.1334286618283258e+00
   3.1112826655110837e-02   5.1888835053121056e+00   9.8244224865077676e+00   5.3927643125128917e+00   2.0682816934047565e-01   6.1264706540158258e+00
   3.1112826655110837e-02   5.1888835053121056e+00   9.8244224865077676e+00   5.3927643125128917e+00   2.0682816934047565e-01   6.1264706540158258e+00
   3.1112826655110837e-02   5.1891429047261681e+00   9.8244224865077676e+00   5.3927643125128917e+00   2.0716386269985065e-01   6.1264706540158258e+00
   3.1112826655110837e-02   5.1888835053121056e+00   9.8244224865077676e+00   5.3927643125128917e+00   2.0682816934047565e-01   6.1264706540158258e+00
   3.1112826655110837e-02   5.1888377289449181e+00   9.8244224865077676e+00   5.4005768125128917e+00   2.0682816934047565e-01   6.1317196774533258e+00
   3.1112826655110837e-02   5.1888835053121056e+00   9.8244224865077676e+00   5.3927643125128917e+00   2.0682816934047565e-01   6.1264706540158258e+00
   3.1112826655110837e-02   5.1888377289449181e+00   9.8244224865077676e+00   5.3927643125128917e+00   2.0682816934047565e-01   6.1264706540158258e+00
   3.1112826655110837e-02   5.1888835053121056e+00   9.8244224865077676e+00   5.3927643125128917e+00   2.0682816934047565e-01   6.1264706540158258e+00
   3.1112826655110837e-02   5.1888835053121056e+00   9.8244224865077676e+00   5.3927643125128917e+00   2.0682816934047565e-01   6.1264706540158258e+00
   3.1112826655110837e-02   5.1888835053121056e+00   9.8244224865077676e+00   5.3927643125128917e+00   2.0682816934047565e-01   6.1264706540158258e+00
   3.1112826655110837e-02   5.1888835053121056e+00   9.8244224865077676e+00   5.3927643125128917e+00   2.0682816934047565e-01   6.1264706540158258e+00
   3.1112826655110837e-02   5.1888835053121056e+00   9.8244224865077676e+00   5.3927643125128917e+00   2.0682816934047565e-01   6.1264706540158258e+00
   3.1112826655110837e-02   5.1888835053121056e+00   9.8244224865077676e+00   5.3927643125128917e+00   2.0682816934047565e-01   6.1264706540158258e+00
   3.1112826655110837e-02   5.1888377289449181e+00   9.8244224865077676e+00   5.3927643125128917e+00   2.0682816934047565e-01   6.1264706540158258e+00
   3.3096469233235837e-02   5.1888835053121056e+00   9.8244224865077676e+00   5.3927643125128917e+00   2.2332292031703815e-01   6.1264706540158258e+00
   3.1112826655110837e-02   5.1888835053121056e+00   9.8244224865077676e+00   5.3927643125128917e+00   2.0682816934047565e-01   6.1264706540158258e+00
   3.1112826655110837e-02   5.1916453461324181e+00   9.8283287365077676e+00   5.3927643125128917e+00   2.0682816934047565e-01   6.1264706540158258e+00
   3.1112826655110837e-02   5.1886393646871056e+00   9.8244224865077676e+00   5.3927643125128917e+00   2.0682816934047565e-01   6.1264706540158258e+00
   3.1112826655110837e-02   5.1888377289449181e+00   9.8244224865077676e+00   5.3927643125128917e+00   2.1264176797328815e-01   6.1264706540158258e+00
   3.1112826655110837e-02   5.1888835053121056e+00   9.8244224865077676e+00   5.3927643125128917e+00   2.0682816934047565e-01   6.1264706540158258e+00
   3.1112826655110837e-02   5.1888835053121056e+00   9.8244224865077676e+00   5.3927643125128917e+00   2.0682816934047565e-01   6.1264706540158258e+00
   3.9901889155110837e-02   5.1888835053121056e+00   9.8244224865077676e+00   5.3927643125128917e+00   2.0682816934047565e-01   6.1264706540158258e+00
   3.1112826655110837e-02   5.1888835053121056e+00   9.8244224865077676e+00   5.3927643125128917e+00   2.0682816934047565e-01   6.1264706540158258e+00
   3.1112826655110837e-02   5.1888835053121056e+00   9.8244224865077676e+00   5.3927643125128917e+00   2.0682816934047565e-01   6.1264706540158258e+00
   3.1112826655110837e-02   5.1888835053121056e+00   9.8244224865077676e+00   5.3644440000128917e+00   2.0682816934047565e-01   6.1264706540158258e+00
   3.1112826655110837e-02   5.1888835053121056e+00   9.8244224865077676e+00   5.3927643125128917e+00   2.0682816934047565e-01   6.1264706540158258e+00
   3.1112826655110837e-02   5.1888835053121056e+00   9.8244224865077676e+00   5.3927643125128917e+00   2.0769792031703815e-01   6.1264706540158258e+00
   3.1112826655110837e-02   5.1886393646871056e+00   9.8244224865077676e+00   5.3927643125128917e+00   2.0682816934047565e-01   6.1264706540158258e+00
   3.1112826655110837e-02   5.1886393646871056e+00   9.8244224865077676e+00   5.3927643125128917e+00   2.0682816934047565e-01   6.1264706540158258e+00
   3.1112826655110837e-02   5.1888835053121056e+00   9.8244224865077676e+00   5.3927643125128917e+00   2.0682816934047565e-01   6.1264706540158258e+00
   3.1112826655110837e-02   5.1993815521871056e+00   9.8322349865077676e+00   5.3927643125128917e+00   2.0682816934047565e-01   6.1264706540158258e+00
   3.1112826655110837e-02   5.1888835053121056e+00   9.8244224865077676e+00   5.3927643125128917e+00   2.0682816934047565e-01   6.1264706540158258e+00
   3.1112826655110837e-02   5.1888835053121056e+00   9.8244224865077676e+00   5.3927643125128917e+00   2.0682816934047565e-01   6.1264706540158258e+00
   3.1112826655110837e-02   5.1888835053121056e+00   9.8244224865077676e+00   5.3927643125128917e+00   2.0682816934047565e-01   6.1264706540158258e+00
   3.1112826655110837e-02   5.1888835053121056e+00   9.8244224865077676e+00   5.3927643125128917e+00   2.0682816934047565e-01   6.1264706540158258e+00
   3.1112826655110837e-02   5.1888835053121056e+00   9.8244224865077676e+00   5.3927643125128917e+00   2.0682816934047565e-01   6.1264706540158258e+00
   3.1112826655110837e-02   5.1888835053121056e+00   9.8244224865077676e+00   5.3927643125128917e+00   2.0682816934047565e-01   6.1264706540158258e+00
   3.4256137201985837e-02   5.1888835053121056e+00   9.8244224865077676e+00   5.3927643125128917e+00   2.0682816934047565e-01   6.1300717282345758e+00
   3.1112826655110837e-02   5.1888835053121056e+00   9.8244224865077676e+00   5.3927643125128917e+00   2.0682816934047565e-01   6.1264706540158258e+00
   3.1112826655110837e-02   5.1888835053121056e+00   9.8301597911952676e+00   5.3927643125128917e+00   2.0769792031703815e-01   6.1264706540158258e+00
   3.1112826655110837e-02   5.1888835053121056e+00   9.8244224865077676e+00   5.3927643125128917e+00   2.0682816934047565e-01   6.1264706540158258e+00
   3.1112826655110837e-02   5.1886393646871056e+00   9.8244224865077676e+00   5.3927643125128917e+00   2.0682816934047565e-01   6.1264706540158258e+00
   3.1112826655110837e-02   5.1888835053121056e+00   9.8244224865077676e+00   5.3927643125128917e+00   2.1073441934047565e-01   6.1264706540158258e+00
   3.1112826655110837e-02   5.1888377289449181e+00   9.8244224865077676e+00   5.3927643125128917e+00   2.0682816934047565e-01   6.1264706540158258e+00
   3.1112826655110837e-02   5.1888835053121056e+00   9.8244224865077676e+00   5.3927643125128917e+00   2.0682816934047565e-01   6.1264706540158258e+00
   3.9413607905110837e-02   5.1888835053121056e+00   9.8244224865077676e+00   5.4005768125128917e+00   2.0682816934047565e-01   6.1264706540158258e+00
   3.1112826655110837e-02   5.1888835053121056e+00   9.8244224865077676e+00   5.3927643125128917e+00   2.1760087441860065e-01   6.1264706540158258e+00
   3.1112826655110837e-02   5.1888835053121056e+00   9.8244224865077676e+00   5.3927643125128917e+00   2.0682816934047565e-01   6.1264706540158258e+00
   3.2394564936360837e-02   5.1886393646871056e+00   9.8246208507655801e+00   5.3927643125128917e+00   2.1464066934047565e-01   6.1264706540158258e+00
   3.1112826655110837e-02   5.1888835053121056e+00   9.8244224865077676e+00   5.3927643125128917e+00   2.0682816934047565e-01   6.1298428463986383e+00
   3.1112826655110837e-02   5.1888835053121056e+00   9.8244224865077676e+00   5.3927643125128917e+00   2.0769792031703815e-01   6.1264706540158258e+00
   3.1112826655110837e-02   5.1888835053121056e+00   9.8244224865077676e+00   5.3927643125128917e+00   2.0682816934047565e-01   6.1264706540158258e+00
   3.1112826655110837e-02   5.1888835053121056e+00   9.8244224865077676e+00   5.3927643125128917e+00   2.0682816934047565e-01   6.1264706540158258e+00
   3.1112826655110837e-02   5.1888835053121056e+00   9.8192344982265176e+00   5.3927643125128917e+00   2.1027665566860065e-01   6.1264706540158258e+00
   3.2028353998860837e-02   5.1849772553121056e+00   9.8244224865077676e+00   5.3927643125128917e+00   2.0661454629360065e-01   6.1264706540158258e+00
   3.1112826655110837e-02   5.1886393646871056e+00   9.8244224865077676e+00   5.3927643125128917e+00   2.0682816934047565e-01   6.1264706540158258e+00
   3.1112826655110837e-02   5.1888835053121056e+00   9.8244224865077676e+00   5.3927643125128917e+00   2.0682816934047565e-01   6.1264706540158258e+00
   3.1112826655110837e-02   5.1888835053121056e+00   9.8244224865077676e+00   5.3927643125128917e+00   2.0682816934047565e-01   6.1264706540158258e+00
   2.7206576655110837e-02   5.1886393646871056e+00   9.8244224865077676e+00   5.3927643125128917e+00   2.0682816934047565e-01   6.1264706540158258e+00
   3.1112826655110837e-02   5.1888835053121056e+00   9.8244224865077676e+00   5.3927643125128917e+00   2.0682816934047565e-01   6.1264706540158258e+00
   3.1112826655110837e-02   5.1888835053121056e+00   9.8244224865077676e+00   5.3956787412238292e+00   2.0682816934047565e-01   6.1264706540158258e+00
   3.1112826655110837e-02   5.1888835053121056e+00   9.8244224865077676e+00   5.3927643125128917e+00   2.0682816934047565e-01   6.1264706540158258e+00
   3.1112826655110837e-02   5.1888835053121056e+00   9.8244224865077676e+00   5.3927643125128917e+00   2.0682816934047565e-01   6.1264706540158258e+00
   3.1112826655110837e-02   5.1886393646871056e+00   9.8244224865077676e+00   5.3927643125128917e+00   2.0682816934047565e-01   6.1264706540158258e+00
   1.5487826655110837e-02   5.2038218598042931e+00   9.8276115734218301e+00   5.4008209531378917e+00   2.1348100137172565e-01   6.1264706540158258e+00
   3.1112826655110837e-02   5.1888835053121056e+00   9.8244224865077676e+00   5.3927643125128917e+00   2.0682816934047565e-01   6.1225644040158258e+00
   3.1112826655110837e-02   5.1888835053121056e+00   9.8288780529140176e+00   5.3927643125128917e+00   2.0829301309047565e-01   6.1264706540158258e+00
   3.1112826655110837e-02   5.1888835053121056e+00   9.8244224865077676e+00   5.3927643125128917e+00   2.0682816934047565e-01   6.1264706540158258e+00
   3.1112826655110837e-02   5.1888835053121056e+00   9.8244224865077676e+00   5.3927643125128917e+00   2.0682816934047565e-01   6.1264706540158258e+00
   3.1112826655110837e-02   5.1888835053121056e+00   9.8244224865077676e+00   5.3927643125128917e+00   2.0682816934047565e-01   6.1264706540158258e+00
   3.1112826655110837e-02   5.1849314789449181e+00   9.8244224865077676e+00   5.3927643125128917e+00   2.0682816934047565e-01   6.1371365475705133e+00
   3.5019076655110837e-02   5.1888835053121056e+00   9.8267875988124551e+00   5.3927643125128917e+00   2.0955949258266315e-01   6.1301632809689508e+00
   3.1112826655110837e-02   5.1888835053121056e+00   9.8244224865077676e+00   5.3927643125128917e+00   2.0682816934047565e-01   6.1264706540158258e+00
   3.1112826655110837e-02   5.1888377289449181e+00   9.8244224865077676e+00   5.3927643125128917e+00   2.0682816934047565e-01   6.1264706540158258e+00
   3.1112826655110837e-02   5.1888835053121056e+00   9.8244224865077676e+00   5.3927643125128917e+00   2.0682816934047565e-01   6.1264706540158258e+00
   3.1112826655110837e-02   5.1888377289449181e+00   9.8244224865077676e+00   5.3927643125128917e+00   2.0769792031703815e-01   6.1264706540158258e+00
   3.1112826655110837e-02   5.1886393646871056e+00   9.8244224865077676e+00   5.3927643125128917e+00   2.0682816934047565e-01   6.1264706540158258e+00
   3.1112826655110837e-02   5.1849772553121056e+00   9.8244224865077676e+00   5.3952209775519542e+00   2.0682816934047565e-01   6.1265927243283258e+00
   3.1112826655110837e-02   5.1888377289449181e+00   9.8244224865077676e+00   5.3927643125128917e+00   2.0844560098110065e-01   6.1264706540158258e+00
   6.2362826655110837e-02   5.1888835053121056e+00   9.8244224865077676e+00   5.3927643125128917e+00   2.0844560098110065e-01   6.1264706540158258e+00
   3.1112826655110837e-02   5.1888835053121056e+00   9.8244224865077676e+00   5.3927643125128917e+00   2.0682816934047565e-01   6.1264706540158258e+00
   3.1112826655110837e-02   5.1886393646871056e+00   9.8244224865077676e+00   5.3927643125128917e+00   2.0769792031703815e-01   6.1264706540158258e+00
   3.1112826655110837e-02   5.1888835053121056e+00   9.8244224865077676e+00   5.3927643125128917e+00   2.0682816934047565e-01   6.1264706540158258e+00
   3.1112826655110837e-02   5.1888835053121056e+00   9.8244224865077676e+00   5.3927643125128917e+00   2.0682816934047565e-01   6.1264706540158258e+00
   3.1112826655110837e-02   5.1888835053121056e+00   9.8244224865077676e+00   5.3927643125128917e+00   2.0682816934047565e-01   6.1264706540158258e+00
   3.1112826655110837e-02   5.1888835053121056e+00   9.8244224865077676e+00   5.3927643125128917e+00   2.0682816934047565e-01   6.1264706540158258e+00
   3.1112826655110837e-02   5.1888835053121056e+00   9.8244224865077676e+00   5.3927643125128917e+00   2.0759110879360065e-01   6.1264706540158258e+00
   3.1112826655110837e-02   5.1888835053121056e+00   9.8244224865077676e+00   5.3927643125128917e+00   2.0769792031703815e-01   6.1264706540158258e+00
   3.1112826655110837e-02   5.1888835053121056e+00   9.8244224865077676e+00   5.3927643125128917e+00   2.0759110879360065e-01   6.1264706540158258e+00
   3.1112826655110837e-02   5.1888835053121056e+00   9.8244224865077676e+00   5.3927643125128917e+00   2.0682816934047565e-01   6.1264706540158258e+00
   3.1112826655110837e-02   5.1888835053121056e+00   9.8244224865077676e+00   5.3927643125128917e+00   2.0682816934047565e-01   6.1264706540158258e+00
   3.1112826655110837e-02   5.1888835053121056e+00   9.8244224865077676e+00   5.3927643125128917e+00   2.0682816934047565e-01   6.1264706540158258e+00
   3.1112826655110837e-02   5.1888835053121056e+00   9.8244224865077676e+00   5.3927643125128917e+00   2.0682816934047565e-01   6.1264706540158258e+00
   3.1112826655110837e-02   5.1888835053121056e+00   9.8257652599452676e+00   5.3927643125128917e+00   2.0682816934047565e-01   6.1264706540158258e+00
   3.1753695795735837e-02   5.1921946625386681e+00   9.8244224865077676e+00   5.3966705625128917e+00   2.0682816934047565e-01   6.1264706540158258e+00
   3.1112826655110837e-02   5.1888835053121056e+00   9.8244224865077676e+00   5.3927643125128917e+00   2.0682816934047565e-01   6.1264706540158258e+00
   3.1112826655110837e-02   5.1888835053121056e+00   9.8244224865077676e+00   5.3927643125128917e+00   2.0682816934047565e-01   6.1264706540158258e+00
   3.1112826655110837e-02   5.1886393646871056e+00   9.8244224865077676e+00   5.3927643125128917e+00   2.0682816934047565e-01   6.1264706540158258e+00
   3.1112826655110837e-02   5.1888835053121056e+00   9.8244224865077676e+00   5.3927643125128917e+00   2.0682816934047565e-01   6.1264706540158258e+00
   3.1112826655110837e-02   5.1888835053121056e+00   9.8244224865077676e+00   5.3927643125128917e+00   2.0682816934047565e-01   6.1264706540158258e+00
   3.1112826655110837e-02   5.1888835053121056e+00   9.8244224865077676e+00   5.3927643125128917e+00   2.0682816934047565e-01   6.1264706540158258e+00
   3.1112826655110837e-02   5.1886393646871056e+00   9.8283287365077676e+00   5.3927643125128917e+00   2.0682816934047565e-01   6.1264706540158258e+00
   3.1112826655110837e-02   5.1943156342183556e+00   9.8244224865077676e+00   5.3927643125128917e+00   2.0682816934047565e-01   6.1264706540158258e+00
   3.1112826655110837e-02   5.1888835053121056e+00   9.8244224865077676e+00   5.3927643125128917e+00   2.0682816934047565e-01   6.1264706540158258e+00
   3.1112826655110837e-02   5.2018229584371056e+00   9.8205162365077676e+00   5.3956787412238292e+00   2.0682816934047565e-01   6.1264706540158258e+00
   3.1112826655110837e-02   5.1888835053121056e+00   9.8244224865077676e+00   5.3927643125128917e+00   2.0759110879360065e-01   6.1264706540158258e+00
   3.1112826655110837e-02   5.1888835053121056e+00   9.8244224865077676e+00   5.3927643125128917e+00   2.0769792031703815e-01   6.1264706540158258e+00
   3.1112826655110837e-02   5.2266184906636681e+00   9.8244224865077676e+00   5.3927643125128917e+00   2.0759110879360065e-01   6.1301175046017633e+00
   3.1112826655110837e-02   5.1888835053121056e+00   9.8244224865077676e+00   5.3927643125128917e+00   2.0682816934047565e-01   6.1264706540158258e+00
   3.5019076655110837e-02   5.1897990326558556e+00   9.8244224865077676e+00   5.3927643125128917e+00   2.0662980508266315e-01   6.1264706540158258e+00
   3.1112826655110837e-02   5.1888835053121056e+00   9.8244224865077676e+00   5.3927643125128917e+00   2.0682816934047565e-01   6.1264706540158258e+00
   3.1112826655110837e-02   5.1886393646871056e+00   9.8244224865077676e+00   5.3927643125128917e+00   2.0682816934047565e-01   6.1264706540158258e+00
   3.3142245600423337e-02   5.1905772308980431e+00   9.8255211193202676e+00   5.3927643125128917e+00   2.0292191934047565e-01   6.1287442135861383e+00
   3.1112826655110837e-02   5.1886393646871056e+00   9.8244224865077676e+00   5.3927643125128917e+00   2.0769792031703815e-01   6.1264706540158258e+00
   3.1112826655110837e-02   5.1888835053121056e+00   9.8244224865077676e+00   5.3927643125128917e+00   2.0682816934047565e-01   6.1264706540158258e+00
   3.1112826655110837e-02   5.1888835053121056e+00   9.8244224865077676e+00   5.3927643125128917e+00   2.0682816934047565e-01   6.1264706540158258e+00
   3.1112826655110837e-02   5.1886393646871056e+00   9.8244224865077676e+00   5.3927643125128917e+00   2.0759110879360065e-01   6.1264706540158258e+00
   3.1112826655110837e-02   5.1888835053121056e+00   9.8322349865077676e+00   5.3927643125128917e+00   2.1551042031703815e-01   6.1280575680783258e+00
   3.1112826655110837e-02   5.1888835053121056e+00   9.8244224865077676e+00   5.3927643125128917e+00   2.0682816934047565e-01   6.1264706540158258e+00
   3.4851229975423337e-02   5.1888835053121056e+00   9.8244224865077676e+00   5.3927643125128917e+00   2.0962052773891315e-01   6.1303769040158258e+00
   3.1112826655110837e-02   5.1888835053121056e+00   9.8244224865077676e+00   5.3927643125128917e+00   2.1393876504360065e-01   6.1264706540158258e+00
   3.1112826655110837e-02   5.1886393646871056e+00   9.8244224865077676e+00   5.3927643125128917e+00   2.0682816934047565e-01   6.1264706540158258e+00
   3.1112826655110837e-02   5.1888835053121056e+00   9.8244224865077676e+00   5.3927643125128917e+00   2.0682816934047565e-01   6.1264706540158258e+00
   1.5487826655110837e-02   5.1888835053121056e+00   9.8244224865077676e+00   5.3993561093878917e+00   2.0682816934047565e-01   6.1264706540158258e+00
   3.1112826655110837e-02   5.1888835053121056e+00   9.8244224865077676e+00   5.3927643125128917e+00   2.0682816934047565e-01   6.1264706540158258e+00
   3.1112826655110837e-02   5.1886393646871056e+00   9.8268486339687051e+00   5.3927643125128917e+00   2.0682816934047565e-01   6.1303769040158258e+00
   3.5324252436360837e-02   5.1891886810933556e+00   9.8244224865077676e+00   5.3927643125128917e+00   2.0769792031703815e-01   6.1186581540158258e+00
   3.1112826655110837e-02   5.1888377289449181e+00   9.8244224865077676e+00   5.3927643125128917e+00   2.0682816934047565e-01   6.1264706540158258e+00
   3.1112826655110837e-02   5.1888835053121056e+00   9.8273826915858926e+00   5.3927643125128917e+00   2.0960526894985065e-01   6.1269131588986383e+00
   3.1112826655110837e-02   5.1888835053121056e+00   9.8257652599452676e+00   5.3927643125128917e+00   2.0682816934047565e-01   6.1264706540158258e+00
   3.1112826655110837e-02   5.1966960053121056e+00   9.8244224865077676e+00   5.3927643125128917e+00   2.0682816934047565e-01   6.1264706540158258e+00
   3.1112826655110837e-02   5.1888835053121056e+00   9.8244224865077676e+00   5.3927643125128917e+00   2.0682816934047565e-01   6.1264706540158258e+00
   3.1112826655110837e-02   5.1888835053121056e+00   9.8244224865077676e+00   5.3927643125128917e+00   2.0682816934047565e-01   6.1264706540158258e+00
   4.7836459467610837e-02   5.1603190521871056e+00   9.8244224865077676e+00   5.3849518125128917e+00   2.0682816934047565e-01   6.1264706540158258e+00
   3.1112826655110837e-02   5.1888835053121056e+00   9.8275047618983926e+00   5.3927643125128917e+00   2.0682816934047565e-01   6.1264706540158258e+00
   3.1112826655110837e-02   5.1888835053121056e+00   9.8244224865077676e+00   5.3927643125128917e+00   2.0682816934047565e-01   6.1264706540158258e+00
   3.1112826655110837e-02   5.1886393646871056e+00   9.8244224865077676e+00   5.3927643125128917e+00   2.0682816934047565e-01   6.1264706540158258e+00
   3.1112826655110837e-02   5.1888377289449181e+00   9.8244224865077676e+00   5.3947174375128917e+00   2.0682816934047565e-01   6.1269284176877008e+00
   3.1112826655110837e-02   5.1888835053121056e+00   9.8244224865077676e+00   5.3927643125128917e+00   2.1052079629360065e-01   6.1285305905392633e+00
   3.3737338373860837e-02   5.1901957611714806e+00   9.8254906017421426e+00   5.3927643125128917e+00   2.0682816934047565e-01   6.1264706540158258e+00
   3.6239779780110837e-02   5.1888835053121056e+00   9.8244224865077676e+00   5.3927643125128917e+00   2.0682816934047565e-01   6.1333065915158258e+00
   3.1112826655110837e-02   5.1888835053121056e+00   9.8244224865077676e+00   5.3927643125128917e+00   2.0682816934047565e-01   6.1264706540158258e+00
   3.1112826655110837e-02   5.1888835053121056e+00   9.8244224865077676e+00   5.3927643125128917e+00   2.0682816934047565e-01   6.1264706540158258e+00
   3.1112826655110837e-02   5.1888835053121056e+00   9.8244224865077676e+00   5.3927643125128917e+00   2.0682816934047565e-01   6.1264706540158258e+00
   3.1112826655110837e-02   5.1888835053121056e+00   9.8244224865077676e+00   5.3927643125128917e+00   2.0661454629360065e-01   6.1264706540158258e+00
   3.3065951655110837e-02   5.1904399017964806e+00   9.8248306591151895e+00   5.3927643125128917e+00   2.0682816934047565e-01   6.1276188778927789e+00
   3.1112826655110837e-02   5.1903903107320275e+00   9.8245903331874551e+00   5.3947174375128917e+00   2.0682816934047565e-01   6.1282368588498102e+00
   3.1112826655110837e-02   5.1888835053121056e+00   9.8244224865077676e+00   5.3947174375128917e+00   2.0682816934047565e-01   6.1264706540158258e+00
   3.1112826655110837e-02   5.1888835053121056e+00   9.8244224865077676e+00   5.3927643125128917e+00   2.0878129434047565e-01   6.1264706540158258e+00
   3.1112826655110837e-02   5.1869303803121056e+00   9.8244224865077676e+00   5.3927643125128917e+00   2.0682816934047565e-01   6.1264706540158258e+00
   3.1147158930501462e-02   5.1869303803121056e+00   9.8244224865077676e+00   5.3927643125128917e+00   2.0846085977016315e-01   6.1264706540158258e+00
   3.1112826655110837e-02   5.1889254669820275e+00   9.8245064098476114e+00   5.3932106320929698e+00   2.0682816934047565e-01   6.1245175290158258e+00
   3.1112826655110837e-02   5.1902148346578088e+00   9.8263756115077676e+00   5.3927643125128917e+00   2.0770173501430378e-01   6.1280384945919977e+00
   3.1112826655110837e-02   5.1888835053121056e+00   9.8244224865077676e+00   5.3947174375128917e+00   2.0682816934047565e-01   6.1264706540158258e+00
   3.1112826655110837e-02   5.1890170197164025e+00   9.8244224865077676e+00   5.3927643125128917e+00   2.0487504434047565e-01   6.1264706540158258e+00
   3.3031619379720212e-02   5.1889597992574181e+00   9.8224693615077676e+00   5.3927643125128917e+00   2.0682816934047565e-01   6.1270085263302789e+00
   3.1112826655110837e-02   5.1908366303121056e+00   9.8262993175624551e+00   5.3908111875128917e+00   2.0791917275844440e-01   6.1279164242794977e+00
   3.1112826655110837e-02   5.1888835053121056e+00   9.8244224865077676e+00   5.3947174375128917e+00   2.0807939004360065e-01   6.1273709225705133e+00
   3.1112826655110837e-02   5.1890437225972619e+00   9.8261505443690957e+00   5.3931495969367198e+00   2.0965104531703815e-01   6.1267338681271539e+00
   3.2303012201985837e-02   5.1888835053121056e+00   9.8250404674647989e+00   5.3927643125128917e+00   2.0487504434047565e-01   6.1264706540158258e+00
   3.2200015375813962e-02   5.1890093903218713e+00   9.8263183910487832e+00   5.3908111875128917e+00   2.0746903848110065e-01   6.1267262387326227e+00
   3.1112826655110837e-02   5.1897379974996056e+00   9.8251587230800332e+00   5.3939087216925792e+00   2.0878129434047565e-01   6.1283207821896539e+00
   3.2756961176595212e-02   5.1900813202535119e+00   9.8262230236171426e+00   5.3908111875128917e+00   2.0733933877406940e-01   6.1267033505490289e+00
   3.1925357172688962e-02   5.1888835053121056e+00   9.8224693615077676e+00   5.3927643125128917e+00   2.0682816934047565e-01   6.1264706540158258e+00
   3.1112826655110837e-02   5.1869303803121056e+00   9.8244224865077676e+00   5.3927643125128917e+00   2.0682816934047565e-01   6.1264706540158258e+00
   3.3065951655110837e-02   5.1888835053121056e+00   9.8244224865077676e+00   5.3941185300421886e+00   2.0682816934047565e-01   6.1264706540158258e+00
   3.1112826655110837e-02   5.1908366303121056e+00   9.8246666271327676e+00   5.3944160764289073e+00   2.0830827187953815e-01   6.1264706540158258e+00
   3.1112826655110837e-02   5.1869303803121056e+00   9.8244224865077676e+00   5.3927643125128917e+00   2.0682816934047565e-01   6.1276341366818414e+00
   3.1112826655110837e-02   5.1888835053121056e+00   9.8244224865077676e+00   5.3927643125128917e+00   2.0769792031703815e-01   6.1346493649533258e+00
   3.1833804438313962e-02   5.1869303803121056e+00   9.8252922374843301e+00   5.3927643125128917e+00   2.0807176064906940e-01   6.1264706540158258e+00
   3.3798373530110837e-02   5.1898676972066369e+00   9.8648010570644082e+00   5.3929588620734386e+00   2.0759110879360065e-01   6.1498280453732477e+00
   3.2577670405110837e-02   5.1888835053121056e+00   9.8244224865077676e+00   5.3986236875128917e+00   2.0869737100063190e-01   6.1306820797970758e+00
   3.4225619623860837e-02   5.1892802338277306e+00   9.8252426464198770e+00   5.4049713437628917e+00   2.0759110879360065e-01   6.1280613827755914e+00
   3.2287753412923337e-02   5.1888835053121056e+00   9.8224693615077676e+00   5.3927643125128917e+00   2.3894792031703815e-01   6.1264706540158258e+00
   3.2444156000813962e-02   5.2120158295308556e+00   9.8249794323085489e+00   5.3937103574347667e+00   2.0851808022914753e-01   6.1370068478634821e+00
   3.1112826655110837e-02   5.1888835053121056e+00   9.8255173046230020e+00   5.3947174375128917e+00   2.0682816934047565e-01   6.1277066159298883e+00
   3.1429446528157712e-02   5.1895625214253869e+00   9.8248344738124551e+00   5.3908111875128917e+00   2.0682816934047565e-01   6.1275998044064508e+00
   3.1112826655110837e-02   5.1888835053121056e+00   9.8244224865077676e+00   5.3947174375128917e+00   2.0682816934047565e-01   6.1264706540158258e+00
   3.2142794916829587e-02   5.2006022553121056e+00   9.8246170360683145e+00   5.3931076352667979e+00   2.0945268105922565e-01   6.1279850888302789e+00
   3.1715548823079587e-02   5.1888835053121056e+00   9.8257919628261270e+00   5.3927643125128917e+00   2.0487504434047565e-01   6.1264706540158258e+00
   3.5080111811360837e-02   5.1888835053121056e+00   9.8244224865077676e+00   5.3985626523566417e+00   2.0621781777797565e-01   6.1275082516720758e+00
   3.1520999262532712e-02   5.1886393646871056e+00   9.8244224865077676e+00   5.3933937375617198e+00   2.0487504434047565e-01   6.1281948971798883e+00
   3.1112826655110837e-02   5.1888835053121056e+00   9.8263756115077676e+00   5.3927643125128917e+00   2.0682816934047565e-01   6.1267872738888727e+00
   3.1112826655110837e-02   5.1897189240132775e+00   9.8224693615077676e+00   5.3927643125128917e+00   2.0682816934047565e-01   6.1265355038693414e+00
   3.6506808588704587e-02   5.1966502289449181e+00   9.8243767101405801e+00   5.4007713620734386e+00   2.1160798501430378e-01   6.1283169674923883e+00
   2.9159701655110837e-02   5.1898982147847619e+00   9.8253799755214395e+00   5.3928177182746104e+00   2.0700746011196003e-01   6.1264706540158258e+00
   3.9901889155110837e-02   5.1888835053121056e+00   9.8224693615077676e+00   5.3927643125128917e+00   2.0682816934047565e-01   6.1264706540158258e+00
