   3.1112826655110837e-02   5.1858927826558556e+00   9.8257652599452676e+00   5.3907501523566417e+00   2.1160417031703815e-01   6.1303769040158258e+00
   3.1112826655110837e-02   5.1858927826558556e+00   9.8257652599452676e+00   5.3907501523566417e+00   2.1160417031703815e-01   6.1303769040158258e+00
   3.1112826655110837e-02   5.1858927826558556e+00   9.8257652599452676e+00   5.3907501523566417e+00   2.1160417031703815e-01   6.1303769040158258e+00
   3.1112826655110837e-02   5.1858927826558556e+00   9.8257652599452676e+00   5.3907501523566417e+00   2.1160417031703815e-01   6.1303769040158258e+00
   3.1112826655110837e-02   5.1858927826558556e+00   9.8257652599452676e+00   5.3907501523566417e+00   2.1160417031703815e-01   6.1303769040158258e+00
   3.1112826655110837e-02   5.1858927826558556e+00   9.8257652599452676e+00   5.3907501523566417e+00   2.1160417031703815e-01   6.1303769040158258e+00
   3.1112826655110837e-02   5.1858927826558556e+00   9.8257652599452676e+00   5.3907501523566417e+00   2.1160417031703815e-01   6.1303769040158258e+00
   3.1112826655110837e-02   5.1858927826558556e+00   9.8257652599452676e+00   5.3907501523566417e+00   2.1160417031703815e-01   6.1303769040158258e+00
   3.1112826655110837e-02   5.1858927826558556e+00   9.8257652599452676e+00   5.3907501523566417e+00   2.1160417031703815e-01   6.1303769040158258e+00
   3.1112826655110837e-02   5.1858927826558556e+00   9.8257652599452676e+00   5.3907501523566417e+00   2.1160417031703815e-01   6.1303769040158258e+00
   3.1112826655110837e-02   5.1858927826558556e+00   9.8257652599452676e+00   5.3907501523566417e+00   2.1160417031703815e-01   6.1303769040158258e+00
   2.5253451655110837e-02   5.1858927826558556e+00   9.8257652599452676e+00   5.3887970273566417e+00   2.1160417031703815e-01   6.1303769040158258e+00
   3.1112826655110837e-02   5.1858927826558556e+00   9.8257652599452676e+00   5.3907501523566417e+00   2.1160417031703815e-01   6.1303769040158258e+00
   3.1112826655110837e-02   5.1858927826558556e+00   9.8257652599452676e+00   5.3907501523566417e+00   2.1160417031703815e-01   6.1303769040158258e+00
   3.1112826655110837e-02   5.1858927826558556e+00   9.8257652599452676e+00   5.3897735898566417e+00   2.1160417031703815e-01   6.1303769040158258e+00
   3.1112826655110837e-02   5.1858927826558556e+00   9.8257652599452676e+00   5.3897735898566417e+00   2.1160417031703815e-01   6.1303769040158258e+00
   4.0878451655110837e-02   5.1858927826558556e+00   9.8257652599452676e+00   5.5255157773566417e+00   2.1160417031703815e-01   6.1303769040158258e+00
   8.7753451655110837e-02   5.1858927826558556e+00   9.8257652599452676e+00   5.3907501523566417e+00   2.7410417031703815e-01   6.1303769040158258e+00
   2.5253451655110837e-02   5.1849162201558556e+00   9.8257652599452676e+00   5.3907501523566417e+00   2.1160417031703815e-01   6.1303769040158258e+00
   3.1112826655110837e-02   5.1858927826558556e+00   9.8257652599452676e+00   5.3907501523566417e+00   2.1160417031703815e-01   6.1303769040158258e+00
   3.1112826655110837e-02   5.1858927826558556e+00   9.8257652599452676e+00   5.3907501523566417e+00   2.1160417031703815e-01   6.1303769040158258e+00
   3.1112826655110837e-02   5.1858927826558556e+00   9.8257652599452676e+00   5.3907501523566417e+00   2.1160417031703815e-01   6.1303769040158258e+00
   3.1112826655110837e-02   5.1858927826558556e+00   9.8257652599452676e+00   5.3897735898566417e+00   2.1160417031703815e-01   6.1303769040158258e+00
   3.1112826655110837e-02   5.1849162201558556e+00   9.8257652599452676e+00   5.3907501523566417e+00   2.1160417031703815e-01   6.1303769040158258e+00
   4.6737826655110837e-02   5.1858927826558556e+00   9.8257652599452676e+00   5.3887970273566417e+00   2.5847917031703815e-01   6.1303769040158258e+00
   2.5253451655110837e-02   5.1858927826558556e+00   9.8257652599452676e+00   5.3887970273566417e+00   2.1160417031703815e-01   6.1303769040158258e+00
   2.5253451655110837e-02   5.1858927826558556e+00   9.8335777599452676e+00   5.3907501523566417e+00   2.1160417031703815e-01   6.1303769040158258e+00
   3.1112826655110837e-02   5.1858927826558556e+00   9.8257652599452676e+00   5.3907501523566417e+00   2.1160417031703815e-01   6.1303769040158258e+00
   3.1112826655110837e-02   5.1546427826558556e+00   9.8257652599452676e+00   5.3907501523566417e+00   2.1160417031703815e-01   6.1303769040158258e+00
   3.1112826655110837e-02   5.1858927826558556e+00   9.8257652599452676e+00   5.3907501523566417e+00   2.1160417031703815e-01   6.1303769040158258e+00
   3.1112826655110837e-02   5.1233927826558556e+00   9.8843590099452676e+00   5.3907501523566417e+00   2.6238542031703815e-01   6.1303769040158258e+00
   3.1112826655110837e-02   5.1858927826558556e+00   9.8257652599452676e+00   5.3907501523566417e+00   2.1160417031703815e-01   6.1616269040158258e+00
   3.9901889155110837e-02   5.2122599701558556e+00   9.7945152599452676e+00   5.4200470273566417e+00   1.8035417031703815e-01   6.1508847165158258e+00
   3.1112826655110837e-02   5.1858927826558556e+00   9.8257652599452676e+00   5.3897735898566417e+00   2.1160417031703815e-01   6.1303769040158258e+00
   3.1112826655110837e-02   5.1858927826558556e+00   9.8257652599452676e+00   5.3887970273566417e+00   2.1160417031703815e-01   6.1303769040158258e+00
   3.1112826655110837e-02   5.1858927826558556e+00   9.8257652599452676e+00   5.3907501523566417e+00   2.1160417031703815e-01   6.1303769040158258e+00
   3.1112826655110837e-02   5.1858927826558556e+00   9.8257652599452676e+00   5.3907501523566417e+00   2.1160417031703815e-01   6.1303769040158258e+00
   3.1112826655110837e-02   5.1858927826558556e+00   9.8257652599452676e+00   5.3907501523566417e+00   2.1160417031703815e-01   6.1303769040158258e+00
   3.1112826655110837e-02   5.1858927826558556e+00   9.8257652599452676e+00   5.3887970273566417e+00   2.1160417031703815e-01   6.1303769040158258e+00
   3.1112826655110837e-02   5.1858927826558556e+00   9.8257652599452676e+00   5.3897735898566417e+00   2.1160417031703815e-01   6.1303769040158258e+00
   3.1112826655110837e-02   5.1858927826558556e+00   9.8257652599452676e+00   5.3887970273566417e+00   2.1160417031703815e-01   6.1303769040158258e+00
   4.9667514155110837e-02   5.1858927826558556e+00   9.9429527599452676e+00   5.4210235898566417e+00   2.1160417031703815e-01   6.1303769040158258e+00
   5.1620639155110837e-02   5.2210490326558556e+00   9.7632652599452676e+00   5.3897735898566417e+00   2.3308854531703815e-01   6.1850644040158258e+00
   2.5253451655110837e-02   5.1858927826558556e+00   9.8257652599452676e+00   5.3897735898566417e+00   2.1160417031703815e-01   6.1303769040158258e+00
   3.5995639155110837e-02   5.1858927826558556e+00   9.8257652599452676e+00   5.3897735898566417e+00   2.1160417031703815e-01   6.0991269040158258e+00
   3.1112826655110837e-02   5.1858927826558556e+00   9.8257652599452676e+00   5.3907501523566417e+00   2.1160417031703815e-01   6.1303769040158258e+00
   3.1112826655110837e-02   5.1858927826558556e+00   9.8257652599452676e+00   5.3907501523566417e+00   2.1160417031703815e-01   6.1303769040158258e+00
   3.1112826655110837e-02   5.1858927826558556e+00   9.8257652599452676e+00   5.3907501523566417e+00   2.1160417031703815e-01   6.1303769040158258e+00
   3.1112826655110837e-02   5.1858927826558556e+00   9.8257652599452676e+00   5.3897735898566417e+00   2.1160417031703815e-01   6.1303769040158258e+00
   3.1112826655110837e-02   5.1858927826558556e+00   9.8257652599452676e+00   5.3907501523566417e+00   2.1160417031703815e-01   6.1303769040158258e+00
   3.1112826655110837e-02   5.1917521576558556e+00   9.8257652599452676e+00   5.3731720273566417e+00   2.1160417031703815e-01   6.0991269040158258e+00
   3.1112826655110837e-02   5.1858927826558556e+00   9.7945152599452676e+00   5.3907501523566417e+00   2.1160417031703815e-01   6.1303769040158258e+00
   3.1112826655110837e-02   5.3108927826558556e+00   9.8257652599452676e+00   5.3887970273566417e+00   2.2722917031703815e-01   6.1303769040158258e+00
   2.5253451655110837e-02   5.1858927826558556e+00   9.8257652599452676e+00   5.3907501523566417e+00   2.1160417031703815e-01   6.1303769040158258e+00
   4.6737826655110837e-02   5.2278849701558556e+00   9.8257652599452676e+00   5.3575470273566417e+00   2.1160417031703815e-01   6.1303769040158258e+00
   2.5253451655110837e-02   5.1858927826558556e+00   9.8257652599452676e+00   5.3907501523566417e+00   2.1160417031703815e-01   6.1303769040158258e+00
   3.1112826655110837e-02   5.1858927826558556e+00   9.8257652599452676e+00   5.4317657773566417e+00   2.1160417031703815e-01   6.1303769040158258e+00
   2.5253451655110837e-02   5.1858927826558556e+00   9.8257652599452676e+00   5.3907501523566417e+00   2.1160417031703815e-01   6.1303769040158258e+00
   2.5253451655110837e-02   5.2093302826558556e+00   9.8257652599452676e+00   5.3995392148566417e+00   2.4285417031703815e-01   6.1303769040158258e+00
   3.1112826655110837e-02   5.1858927826558556e+00   9.8257652599452676e+00   5.3907501523566417e+00   2.1160417031703815e-01   6.1303769040158258e+00
   3.1112826655110837e-02   5.1858927826558556e+00   9.8257652599452676e+00   5.3887970273566417e+00   2.1160417031703815e-01   6.1303769040158258e+00
   3.1112826655110837e-02   5.2093302826558556e+00   9.8257652599452676e+00   5.3887970273566417e+00   2.1160417031703815e-01   6.1303769040158258e+00
   3.1112826655110837e-02   5.2132365326558556e+00   9.8413902599452676e+00   5.3897735898566417e+00   2.1160417031703815e-01   6.1303769040158258e+00
   3.1112826655110837e-02   5.1858927826558556e+00   9.8257652599452676e+00   5.3887970273566417e+00   2.1160417031703815e-01   6.1772519040158258e+00
   3.1112826655110837e-02   5.1858927826558556e+00   9.8257652599452676e+00   5.3907501523566417e+00   2.1160417031703815e-01   6.0991269040158258e+00
   3.1112826655110837e-02   5.1858927826558556e+00   9.8570152599452676e+00   5.3897735898566417e+00   2.1160417031703815e-01   6.1352597165158258e+00
   2.5253451655110837e-02   5.1858927826558556e+00   9.8257652599452676e+00   5.3887970273566417e+00   2.1160417031703815e-01   6.1303769040158258e+00
   3.1112826655110837e-02   5.1692912201558556e+00   9.8257652599452676e+00   5.3907501523566417e+00   2.1160417031703815e-01   6.1303769040158258e+00
   3.1112826655110837e-02   5.1858927826558556e+00   9.8257652599452676e+00   5.3907501523566417e+00   2.1160417031703815e-01   6.1303769040158258e+00
   3.1112826655110837e-02   5.1858927826558556e+00   9.8257652599452676e+00   5.3907501523566417e+00   2.1160417031703815e-01   6.1303769040158258e+00
   2.5253451655110837e-02   5.2161662201558556e+00   9.8257652599452676e+00   5.3887970273566417e+00   2.1160417031703815e-01   6.1303769040158258e+00
   3.1112826655110837e-02   5.1858927826558556e+00   9.8257652599452676e+00   5.3887970273566417e+00   2.1160417031703815e-01   6.1303769040158258e+00
   4.4784701655110837e-02   5.1897990326558556e+00   9.8257652599452676e+00   5.4053985898566417e+00   1.8035417031703815e-01   6.1303769040158258e+00
   3.1112826655110837e-02   5.2132365326558556e+00   9.8335777599452676e+00   5.3887970273566417e+00   1.8035417031703815e-01   6.1303769040158258e+00
   3.1112826655110837e-02   5.1858927826558556e+00   9.8257652599452676e+00   5.3887970273566417e+00   2.1160417031703815e-01   6.1303769040158258e+00
   3.1112826655110837e-02   5.1858927826558556e+00   9.8570152599452676e+00   5.3907501523566417e+00   2.1160417031703815e-01   6.1303769040158258e+00
   3.1112826655110837e-02   5.1858927826558556e+00   9.8257652599452676e+00   5.3907501523566417e+00   2.1160417031703815e-01   6.1577206540158258e+00
   3.1112826655110837e-02   5.1858927826558556e+00   9.8257652599452676e+00   5.3897735898566417e+00   2.1160417031703815e-01   6.1303769040158258e+00
   3.1112826655110837e-02   5.1858927826558556e+00   9.8257652599452676e+00   5.3897735898566417e+00   2.1160417031703815e-01   6.1303769040158258e+00
   3.1112826655110837e-02   5.1233927826558556e+00   9.8257652599452676e+00   5.3887970273566417e+00   2.1160417031703815e-01   6.1303769040158258e+00
   3.1112826655110837e-02   5.1858927826558556e+00   9.8257652599452676e+00   5.3907501523566417e+00   2.1160417031703815e-01   6.1303769040158258e+00
   2.5253451655110837e-02   5.1858927826558556e+00   9.8570152599452676e+00   5.3887970273566417e+00   2.1160417031703815e-01   6.1303769040158258e+00
   4.2831576655110837e-02   5.1858927826558556e+00   9.8257652599452676e+00   5.3907501523566417e+00   2.1160417031703815e-01   6.1616269040158258e+00
   4.8690951655110837e-02   5.2425334076558556e+00   9.8257652599452676e+00   5.3887970273566417e+00   2.1160417031703815e-01   6.1235409665158258e+00
   5.7480014155110837e-02   5.1858927826558556e+00   9.8335777599452676e+00   5.3897735898566417e+00   2.1160417031703815e-01   6.1303769040158258e+00
   2.5253451655110837e-02   5.1858927826558556e+00   9.8257652599452676e+00   5.3887970273566417e+00   2.1160417031703815e-01   6.1303769040158258e+00
   3.1112826655110837e-02   5.1976115326558556e+00   9.8257652599452676e+00   5.3907501523566417e+00   2.1160417031703815e-01   6.1303769040158258e+00
   3.1112826655110837e-02   5.1858927826558556e+00   9.8257652599452676e+00   5.3907501523566417e+00   2.1160417031703815e-01   6.1303769040158258e+00
   1.5611282665511084e-01   5.1849162201558556e+00   9.8257652599452676e+00   5.3887970273566417e+00   2.1160417031703815e-01   6.1303769040158258e+00
   3.1112826655110837e-02   5.1858927826558556e+00   9.8257652599452676e+00   5.3907501523566417e+00   2.1160417031703815e-01   6.1303769040158258e+00
   3.1112826655110837e-02   5.1858927826558556e+00   9.8570152599452676e+00   5.3966095273566417e+00   2.1160417031703815e-01   6.1303769040158258e+00
   2.5253451655110837e-02   5.1858927826558556e+00   9.8257652599452676e+00   5.3887970273566417e+00   2.1160417031703815e-01   6.1303769040158258e+00
   3.1112826655110837e-02   5.1858927826558556e+00   9.8257652599452676e+00   5.3907501523566417e+00   2.1160417031703815e-01   6.1303769040158258e+00
   2.5253451655110837e-02   5.1858927826558556e+00   9.8413902599452676e+00   5.3262970273566417e+00   2.1160417031703815e-01   6.1303769040158258e+00
   3.1112826655110837e-02   5.1858927826558556e+00   9.8257652599452676e+00   5.3907501523566417e+00   2.1160417031703815e-01   6.1303769040158258e+00
   3.1112826655110837e-02   5.1858927826558556e+00   9.8257652599452676e+00   5.3887970273566417e+00   2.1160417031703815e-01   6.1303769040158258e+00
   3.1112826655110837e-02   5.1858927826558556e+00   9.8257652599452676e+00   5.3907501523566417e+00   2.1160417031703815e-01   6.1303769040158258e+00
   3.1112826655110837e-02   5.1858927826558556e+00   9.8257652599452676e+00   5.3907501523566417e+00   2.1160417031703815e-01   6.0053769040158258e+00
   3.1112826655110837e-02   5.1858927826558556e+00   9.8257652599452676e+00   5.3907501523566417e+00   2.1160417031703815e-01   6.1303769040158258e+00
   3.1112826655110837e-02   5.1858927826558556e+00   9.8257652599452676e+00   5.3897735898566417e+00   2.1160417031703815e-01   6.1303769040158258e+00
   3.1112826655110837e-02   5.1858927826558556e+00   9.8257652599452676e+00   5.4210235898566417e+00   2.1160417031703815e-01   6.1391659665158258e+00
   1.1900345165511084e-01   5.2054240326558556e+00   9.8257652599452676e+00   5.3907501523566417e+00   2.1160417031703815e-01   6.1577206540158258e+00
   3.1112826655110837e-02   5.1849162201558556e+00   9.8257652599452676e+00   5.3907501523566417e+00   2.1160417031703815e-01   6.1303769040158258e+00
   2.5253451655110837e-02   5.1858927826558556e+00   9.8335777599452676e+00   5.3907501523566417e+00   2.1160417031703815e-01   6.1303769040158258e+00
   2.5253451655110837e-02   5.1956584076558556e+00   9.8511558849452676e+00   5.3887970273566417e+00   2.1160417031703815e-01   6.1303769040158258e+00
   3.7948764155110837e-02   5.1858927826558556e+00   9.8433433849452676e+00   5.4053985898566417e+00   2.1160417031703815e-01   6.1303769040158258e+00
   3.1112826655110837e-02   5.1858927826558556e+00   9.8257652599452676e+00   5.3907501523566417e+00   2.1160417031703815e-01   6.1303769040158258e+00
   3.1112826655110837e-02   5.1858927826558556e+00   9.8843590099452676e+00   5.3887970273566417e+00   2.1160417031703815e-01   6.1303769040158258e+00
   3.1112826655110837e-02   5.1858927826558556e+00   9.8257652599452676e+00   5.3887970273566417e+00   2.1160417031703815e-01   6.1303769040158258e+00
   3.1112826655110837e-02   5.1858927826558556e+00   9.7632652599452676e+00   5.3887970273566417e+00   2.1160417031703815e-01   6.1303769040158258e+00
   3.1112826655110837e-02   5.1858927826558556e+00   9.8257652599452676e+00   5.3887970273566417e+00   2.1160417031703815e-01   6.1303769040158258e+00
   3.1112826655110837e-02   5.1858927826558556e+00   9.8257652599452676e+00   5.3907501523566417e+00   2.1160417031703815e-01   6.1303769040158258e+00
   2.5253451655110837e-02   5.1858927826558556e+00   9.8257652599452676e+00   5.3897735898566417e+00   2.1160417031703815e-01   6.1850644040158258e+00
   3.1112826655110837e-02   5.1858927826558556e+00   9.8257652599452676e+00   5.3897735898566417e+00   2.6238542031703815e-01   6.1303769040158258e+00
   3.1112826655110837e-02   5.1858927826558556e+00   9.8257652599452676e+00   5.3887970273566417e+00   2.1160417031703815e-01   6.1303769040158258e+00
   3.1112826655110837e-02   5.1858927826558556e+00   9.8257652599452676e+00   5.3897735898566417e+00   2.1160417031703815e-01   6.1303769040158258e+00
   6.2362826655110837e-02   5.1858927826558556e+00   9.8257652599452676e+00   5.3897735898566417e+00   2.1160417031703815e-01   6.1303769040158258e+00
   3.1112826655110837e-02   5.1858927826558556e+00   9.8257652599452676e+00   5.3887970273566417e+00   2.1160417031703815e-01   6.1303769040158258e+00
   3.1112826655110837e-02   5.1858927826558556e+00   9.8257652599452676e+00   5.3907501523566417e+00   2.1160417031703815e-01   6.1303769040158258e+00
   3.1112826655110837e-02   5.1858927826558556e+00   9.8257652599452676e+00   5.3897735898566417e+00   2.1160417031703815e-01   6.1416073727658258e+00
   2.5253451655110837e-02   5.1858927826558556e+00   9.8257652599452676e+00   5.3887970273566417e+00   2.1160417031703815e-01   6.1303769040158258e+00
   2.5253451655110837e-02   5.2093302826558556e+00   9.8257652599452676e+00   5.4014923398566417e+00   2.1160417031703815e-01   6.1303769040158258e+00
   3.1112826655110837e-02   5.1858927826558556e+00   9.8257652599452676e+00   5.3907501523566417e+00   2.1160417031703815e-01   6.1303769040158258e+00
   3.1112826655110837e-02   5.1858927826558556e+00   9.8257652599452676e+00   5.3887970273566417e+00   2.4090104531703815e-01   6.0991269040158258e+00
   3.1112826655110837e-02   5.1858927826558556e+00   9.8257652599452676e+00   5.3907501523566417e+00   2.1160417031703815e-01   6.1303769040158258e+00
   3.2089389155110837e-02   5.2151896576558556e+00   9.8257652599452676e+00   5.3936798398566417e+00   2.4285417031703815e-01   6.1303769040158258e+00
   3.1112826655110837e-02   5.1858927826558556e+00   9.8257652599452676e+00   5.3897735898566417e+00   2.1160417031703815e-01   6.1303769040158258e+00
   3.5019076655110837e-02   5.1858927826558556e+00   9.8257652599452676e+00   5.3897735898566417e+00   2.1160417031703815e-01   6.1303769040158258e+00
   3.1112826655110837e-02   5.1858927826558556e+00   9.8257652599452676e+00   5.3887970273566417e+00   2.1160417031703815e-01   6.1342831540158258e+00
   3.1112826655110837e-02   5.1858927826558556e+00   9.8257652599452676e+00   5.3897735898566417e+00   2.1160417031703815e-01   6.1303769040158258e+00
   2.5253451655110837e-02   5.1858927826558556e+00   9.8257652599452676e+00   5.3897735898566417e+00   2.1160417031703815e-01   6.1303769040158258e+00
   3.1112826655110837e-02   5.1858927826558556e+00   9.8257652599452676e+00   5.3887970273566417e+00   2.1160417031703815e-01   6.1303769040158258e+00
   2.5253451655110837e-02   5.1858927826558556e+00   9.8257652599452676e+00   5.3887970273566417e+00   2.1160417031703815e-01   6.1303769040158258e+00
   3.1112826655110837e-02   5.1858927826558556e+00   9.8257652599452676e+00   5.3907501523566417e+00   2.1160417031703815e-01   6.1303769040158258e+00
   1.5025345165511084e-01   5.1858927826558556e+00   9.8257652599452676e+00   5.3907501523566417e+00   2.1160417031703815e-01   6.1303769040158258e+00
   3.1112826655110837e-02   5.1858927826558556e+00   9.8570152599452676e+00   5.3985626523566417e+00   2.1160417031703815e-01   6.1303769040158258e+00
   3.1112826655110837e-02   5.1546427826558556e+00   9.8257652599452676e+00   5.3907501523566417e+00   2.1160417031703815e-01   6.1303769040158258e+00
   3.1112826655110837e-02   5.1858927826558556e+00   9.8257652599452676e+00   5.3907501523566417e+00   2.1160417031703815e-01   6.1303769040158258e+00
   3.1112826655110837e-02   5.1858927826558556e+00   9.8257652599452676e+00   5.3887970273566417e+00   2.1160417031703815e-01   6.1303769040158258e+00
   3.1112826655110837e-02   5.1858927826558556e+00   9.8257652599452676e+00   5.3907501523566417e+00   2.1160417031703815e-01   6.1303769040158258e+00
   3.1112826655110837e-02   5.1858927826558556e+00   9.8257652599452676e+00   5.3897735898566417e+00   2.1160417031703815e-01   6.1303769040158258e+00
   3.1112826655110837e-02   5.1858927826558556e+00   9.8257652599452676e+00   5.3907501523566417e+00   2.1160417031703815e-01   6.0991269040158258e+00
   3.1112826655110837e-02   5.1858927826558556e+00   9.8726402599452676e+00   5.3897735898566417e+00   2.5847917031703815e-01   6.0991269040158258e+00
   2.5253451655110837e-02   5.1858927826558556e+00   9.8257652599452676e+00   5.3907501523566417e+00   2.1160417031703815e-01   6.1303769040158258e+00
   3.1112826655110837e-02   5.1858927826558556e+00   9.8257652599452676e+00   5.3887970273566417e+00   2.1160417031703815e-01   6.1303769040158258e+00
   3.1112826655110837e-02   5.1858927826558556e+00   9.8257652599452676e+00   5.3897735898566417e+00   2.1160417031703815e-01   6.1303769040158258e+00
   2.5253451655110837e-02   5.1858927826558556e+00   9.8257652599452676e+00   5.3907501523566417e+00   2.1160417031703815e-01   6.1489315915158258e+00
   3.1112826655110837e-02   5.1858927826558556e+00   9.8257652599452676e+00   5.3907501523566417e+00   2.1160417031703815e-01   6.1303769040158258e+00
   3.1112826655110837e-02   5.2151896576558556e+00   9.8257652599452676e+00   5.3897735898566417e+00   2.3113542031703815e-01   6.1303769040158258e+00
   3.1112826655110837e-02   5.1858927826558556e+00   9.8257652599452676e+00   5.3907501523566417e+00   2.1160417031703815e-01   6.1303769040158258e+00
   2.5253451655110837e-02   5.1858927826558556e+00   9.8882652599452676e+00   5.3897735898566417e+00   2.1160417031703815e-01   6.1303769040158258e+00
   3.1112826655110837e-02   5.1858927826558556e+00   9.8257652599452676e+00   5.3907501523566417e+00   2.1160417031703815e-01   6.1303769040158258e+00
   3.1112826655110837e-02   5.1858927826558556e+00   9.8257652599452676e+00   5.4522735898566417e+00   2.1160417031703815e-01   6.1303769040158258e+00
   3.1112826655110837e-02   5.1858927826558556e+00   9.8257652599452676e+00   5.3907501523566417e+00   2.1160417031703815e-01   6.1303769040158258e+00
   3.1112826655110837e-02   5.1858927826558556e+00   9.8257652599452676e+00   5.3887970273566417e+00   2.1160417031703815e-01   6.1303769040158258e+00
   3.1112826655110837e-02   5.1858927826558556e+00   9.8257652599452676e+00   5.3907501523566417e+00   2.1160417031703815e-01   6.1303769040158258e+00
   3.1112826655110837e-02   5.1858927826558556e+00   9.8257652599452676e+00   5.3907501523566417e+00   2.1160417031703815e-01   6.1303769040158258e+00
   3.1112826655110837e-02   5.1858927826558556e+00   9.8257652599452676e+00   5.3907501523566417e+00   2.1160417031703815e-01   6.1303769040158258e+00
   3.1112826655110837e-02   5.1858927826558556e+00   9.8257652599452676e+00   5.3907501523566417e+00   2.1160417031703815e-01   6.1303769040158258e+00
   2.5253451655110837e-02   5.1858927826558556e+00   9.8257652599452676e+00   5.3907501523566417e+00   2.1160417031703815e-01   6.1303769040158258e+00
   3.1112826655110837e-02   5.1233927826558556e+00   9.8452965099452676e+00   5.3897735898566417e+00   2.1160417031703815e-01   6.0678769040158258e+00
   3.1112826655110837e-02   5.1858927826558556e+00   9.8257652599452676e+00   5.3907501523566417e+00   2.1160417031703815e-01   6.1303769040158258e+00
   3.1112826655110837e-02   5.1858927826558556e+00   9.8257652599452676e+00   5.3907501523566417e+00   2.1160417031703815e-01   6.1303769040158258e+00
   3.1112826655110837e-02   5.1858927826558556e+00   9.8257652599452676e+00   5.3897735898566417e+00   2.1160417031703815e-01   6.1303769040158258e+00
   3.1112826655110837e-02   5.1858927826558556e+00   9.8257652599452676e+00   5.3907501523566417e+00   2.1160417031703815e-01   6.1303769040158258e+00
   2.5253451655110837e-02   5.1858927826558556e+00   9.8257652599452676e+00   5.3887970273566417e+00   2.1160417031703815e-01   6.1303769040158258e+00
   3.1112826655110837e-02   5.1858927826558556e+00   9.8257652599452676e+00   5.3907501523566417e+00   2.1160417031703815e-01   6.1303769040158258e+00
   3.1112826655110837e-02   5.1858927826558556e+00   9.8257652599452676e+00   5.3907501523566417e+00   2.1160417031703815e-01   6.1303769040158258e+00
   2.5253451655110837e-02   5.1858927826558556e+00   9.8257652599452676e+00   5.3897735898566417e+00   2.1160417031703815e-01   6.1303769040158258e+00
   3.1112826655110837e-02   5.1858927826558556e+00   9.8257652599452676e+00   5.3907501523566417e+00   2.1160417031703815e-01   6.1303769040158258e+00
   2.5253451655110837e-02   5.1858927826558556e+00   9.8257652599452676e+00   5.3966095273566417e+00   2.2088151406703815e-01   6.1928769040158258e+00
   3.1112826655110837e-02   5.1858927826558556e+00   9.8257652599452676e+00   5.3897735898566417e+00   2.1160417031703815e-01   6.1303769040158258e+00
   3.1112826655110837e-02   5.1858927826558556e+00   9.8257652599452676e+00   5.3907501523566417e+00   2.1160417031703815e-01   6.1303769040158258e+00
   3.1112826655110837e-02   5.1858927826558556e+00   9.8257652599452676e+00   5.3907501523566417e+00   2.1160417031703815e-01   6.1303769040158258e+00
   3.1112826655110837e-02   5.1858927826558556e+00   9.8257652599452676e+00   5.3887970273566417e+00   2.1160417031703815e-01   6.1303769040158258e+00
   3.1112826655110837e-02   5.1858927826558556e+00   9.8257652599452676e+00   5.3907501523566417e+00   2.1160417031703815e-01   6.1303769040158258e+00
   3.1112826655110837e-02   5.1858927826558556e+00   9.8257652599452676e+00   5.3907501523566417e+00   2.1160417031703815e-01   6.1303769040158258e+00
   2.5253451655110837e-02   5.1858927826558556e+00   9.8257652599452676e+00   5.3907501523566417e+00   2.1160417031703815e-01   6.1303769040158258e+00
   3.1112826655110837e-02   5.1963908295308556e+00   9.8101402599452676e+00   5.3929474179816417e+00   2.1160417031703815e-01   6.1303769040158258e+00
   3.9413607905110837e-02   5.1971232514058556e+00   9.8257652599452676e+00   5.4007599179816417e+00   2.2722917031703815e-01   6.1313534665158258e+00
   5.3573764155110837e-02   5.1849162201558556e+00   9.8257652599452676e+00   5.3887970273566417e+00   2.1746354531703815e-01   6.1538144040158258e+00
   4.6249545405110837e-02   5.1905314545308556e+00   9.8391929943202676e+00   5.4063751523566417e+00   2.1160417031703815e-01   6.1335507321408258e+00
   4.0878451655110837e-02   5.1702677826558556e+00   9.8396812755702676e+00   5.3953888242316417e+00   2.1160417031703815e-01   6.1406308102658258e+00
   3.8925326655110837e-02   5.2002970795308556e+00   9.8345543224452676e+00   5.3968536679816417e+00   2.1160417031703815e-01   6.1460019040158258e+00
   3.8437045405110837e-02   5.2015177826558556e+00   9.8328453380702676e+00   5.3907501523566417e+00   2.2503190469203815e-01   6.1430722165158258e+00
   3.1112826655110837e-02   5.1858927826558556e+00   9.8257652599452676e+00   5.4063751523566417e+00   2.1160417031703815e-01   6.1303769040158258e+00
   2.5253451655110837e-02   5.1861369232808556e+00   9.8413902599452676e+00   5.4825470273566417e+00   2.7410417031703815e-01   6.1303769040158258e+00
   3.8681186030110837e-02   5.1858927826558556e+00   9.8257652599452676e+00   5.3990509336066417e+00   2.2112565469203815e-01   6.1147519040158258e+00
   4.0390170405110837e-02   5.2002970795308556e+00   9.8257652599452676e+00   5.3741485898566417e+00   2.1404557656703815e-01   6.1303769040158258e+00
   4.4296420405110837e-02   5.1858927826558556e+00   9.8257652599452676e+00   5.3907501523566417e+00   1.9597917031703815e-01   6.1303769040158258e+00
   3.1112826655110837e-02   5.1858927826558556e+00   9.8257652599452676e+00   5.3907501523566417e+00   2.2722917031703815e-01   6.1435604977658258e+00
   1.5487826655110837e-02   5.1876017670308556e+00   9.8299156505702676e+00   5.4019806211066417e+00   2.1160417031703815e-01   6.1303769040158258e+00
   3.7216342280110837e-02   5.1959025482808556e+00   9.8401695568202676e+00   5.3956329648566417e+00   2.2063737344203815e-01   6.1460019040158258e+00
   5.7968295405110837e-02   5.2232462982808556e+00   9.8308922130702676e+00   5.3741485898566417e+00   2.2332292031703815e-01   6.1325741696408258e+00
   3.6239779780110837e-02   5.1973673920308556e+00   9.8367515880702676e+00   5.4063751523566417e+00   2.2210221719203815e-01   6.1337948727658258e+00
   2.5497592280110837e-02   5.1858927826558556e+00   9.8409019786952676e+00   5.4039337461066417e+00   1.9597917031703815e-01   6.1342831540158258e+00
   1.0801712353011084e-01   5.1858927826558556e+00   9.8311363536952676e+00   5.4044220273566417e+00   2.1746354531703815e-01   6.1367245602658258e+00
   3.4286654780110837e-02   5.2015177826558556e+00   9.8257652599452676e+00   5.3907501523566417e+00   2.1770768594203815e-01   6.1318417477658258e+00
   5.2597201655110837e-02   5.1983439545308556e+00   9.8257652599452676e+00   5.3966095273566417e+00   2.1160417031703815e-01   6.1313534665158258e+00
   6.6024936030110837e-02   5.1900431732808556e+00   9.8262535411952676e+00   5.3902618711066417e+00   2.1697526406703815e-01   6.1572323727658258e+00
   4.0878451655110837e-02   5.1897990326558556e+00   9.8328453380702676e+00   5.4461700742316417e+00   2.1673112344203815e-01   6.1435604977658258e+00
   1.3534701655110837e-02   5.1858927826558556e+00   9.8399254161952676e+00   5.3887970273566417e+00   2.1160417031703815e-01   6.1303769040158258e+00
   3.1845248530110837e-02   5.1858927826558556e+00   9.8340660411952676e+00   5.3897735898566417e+00   2.1160417031703815e-01   6.1460019040158258e+00
   3.1112826655110837e-02   5.1961466889058556e+00   9.8101402599452676e+00   5.3907501523566417e+00   2.1770768594203815e-01   6.1325741696408258e+00
   4.0146029780110837e-02   5.1919962982808556e+00   9.8377281505702676e+00   5.3751251523566417e+00   2.2234635781703815e-01   6.1333065915158258e+00
   3.1112826655110837e-02   5.1849162201558556e+00   9.8257652599452676e+00   5.3887970273566417e+00   2.2722917031703815e-01   6.1303769040158258e+00
   2.5253451655110837e-02   5.2796427826558556e+00   9.8101402599452676e+00   5.3907501523566417e+00   2.1160417031703815e-01   6.1372128415158258e+00
   4.6737826655110837e-02   5.1858927826558556e+00   9.8257652599452676e+00   5.3907501523566417e+00   2.1355729531703815e-01   6.1364804196408258e+00
   3.8925326655110837e-02   5.1951701264058556e+00   9.8101402599452676e+00   5.3907501523566417e+00   2.1160417031703815e-01   6.1352597165158258e+00
   3.1112826655110837e-02   5.1888224701558556e+00   9.8257652599452676e+00   5.3995392148566417e+00   2.1819596719203815e-01   6.1147519040158258e+00
   3.1112826655110837e-02   5.1858927826558556e+00   9.8377281505702676e+00   5.4063751523566417e+00   2.2698502969203815e-01   6.1350155758908258e+00
   3.1112826655110837e-02   5.1858927826558556e+00   9.8101402599452676e+00   5.3907501523566417e+00   2.1160417031703815e-01   6.1303769040158258e+00
   3.1112826655110837e-02   5.1858927826558556e+00   9.8257652599452676e+00   5.3907501523566417e+00   1.9597917031703815e-01   6.1303769040158258e+00
   3.1112826655110837e-02   5.1858927826558556e+00   9.8257652599452676e+00   5.3927032773566417e+00   2.1160417031703815e-01   6.1147519040158258e+00
   3.1112826655110837e-02   5.1890666107808556e+00   9.8257652599452676e+00   5.3887970273566417e+00   2.2722917031703815e-01   6.1303769040158258e+00
   9.6284516551108368e-03   5.1858927826558556e+00   9.8335777599452676e+00   5.3907501523566417e+00   2.1160417031703815e-01   6.1303769040158258e+00
  -1.1317428271988916e-01   5.2005412201558556e+00   9.8350426036952676e+00   5.4029571836066417e+00   2.1160417031703815e-01   6.1303769040158258e+00
   4.5761264155110837e-02   5.1858927826558556e+00   9.8377281505702676e+00   5.3907501523566417e+00   1.9597917031703815e-01   6.1303769040158258e+00
   4.1610873530110837e-02   5.2005412201558556e+00   9.8413902599452676e+00   5.3961212461066417e+00   2.2552018594203815e-01   6.1315976071408258e+00
   3.1112826655110837e-02   5.1734416107808556e+00   9.8257652599452676e+00   5.3751251523566417e+00   2.1160417031703815e-01   6.1303769040158258e+00
