   3.0136264155110837e-02   5.1892382721578088e+00   9.8241783458827676e+00   5.3932335202765636e+00   2.0716386269985065e-01   6.1264706540158258e+00
   3.0136264155110837e-02   5.1894289474164452e+00   9.8241783458827676e+00   5.3932335202765636e+00   2.0716386269985065e-01   6.1267016816189752e+00
   3.0136264155110837e-02   5.1892382721578088e+00   9.8244224865077676e+00   5.3932335202765636e+00   2.0716386269985065e-01   6.1264706540158258e+00
   3.0136264155110837e-02   5.1892382721578088e+00   9.8244224865077676e+00   5.3932335202765636e+00   2.0716386269985065e-01   6.1264706540158258e+00
   3.0136264155110837e-02   5.1892382721578088e+00   9.8244224865077676e+00   5.3932335202765636e+00   2.0716386269985065e-01   6.1264706540158258e+00
   3.0136264155110837e-02   5.1892382721578088e+00   9.8244224865077676e+00   5.3932335202765636e+00   2.0716386269985065e-01   6.1264706540158258e+00
   3.0136264155110837e-02   5.1892382721578088e+00   9.8244224865077676e+00   5.3932335202765636e+00   2.0716386269985065e-01   6.1264706540158258e+00
   3.0136264155110837e-02   5.1892382721578088e+00   9.8244224865077676e+00   5.3932335202765636e+00   2.0716386269985065e-01   6.1264706540158258e+00
   3.0136264155110837e-02   5.1892382721578088e+00   9.8244224865077676e+00   5.3932335202765636e+00   2.0716386269985065e-01   6.1264706540158258e+00
   3.0136264155110837e-02   5.1892382721578088e+00   9.8244224865077676e+00   5.3932335202765636e+00   2.0716386269985065e-01   6.1264706540158258e+00
   3.0136264155110837e-02   5.1892382721578088e+00   9.8244224865077676e+00   5.3932335202765636e+00   2.0716386269985065e-01   6.1264706540158258e+00
   3.0136264155110837e-02   5.1892382721578088e+00   9.8244224865077676e+00   5.3932335202765636e+00   2.0716386269985065e-01   6.1264706540158258e+00
   3.0136264155110837e-02   5.1892382721578088e+00   9.8244224865077676e+00   5.3932335202765636e+00   2.0716386269985065e-01   6.1264706540158258e+00
   3.0380404780110837e-02   5.1892107348119225e+00   9.8205772716640176e+00   5.3932335202765636e+00   2.0987915229259357e-01   6.1264706540158258e+00
   2.6577151606282712e-02   5.1913706879292931e+00   9.8244224865077676e+00   5.3932335202765636e+00   2.0716386269985065e-01   6.1264706540158258e+00
   2.9892123530110837e-02   5.1892959098493066e+00   9.8245338875888528e+00   5.3933484976363353e+00   2.0735280942378864e-01   6.1267082381299005e+00
   3.0136264155110837e-02   5.1896855454122033e+00   9.8244224865077676e+00   5.3932335202765636e+00   2.0716386269985065e-01   6.1264706540158258e+00
   3.0136264155110837e-02   5.1892382721578088e+00   9.8244224865077676e+00   5.3932335202765636e+00   2.0716386269985065e-01   6.1264706540158258e+00
   3.0136264155110837e-02   5.1892382721578088e+00   9.8244224865077676e+00   5.3932335202765636e+00   2.0716386269985065e-01   6.1264706540158258e+00
   3.0356562922200681e-02   5.1892382721578088e+00   9.8244224865077676e+00   5.3932335202765636e+00   2.0716386269985065e-01   6.1264706540158258e+00
   3.0136264155110837e-02   5.1893865685140099e+00   9.8245452720760049e+00   5.3934085195136241e+00   2.0716386269985065e-01   6.1264706540158258e+00
   3.0136264155110837e-02   5.1892382721578088e+00   9.8244224865077676e+00   5.3932335202765636e+00   2.0716386269985065e-01   6.1264706540158258e+00
   3.0323422739705563e-02   5.1893226723348107e+00   9.8244224865077676e+00   5.3932335202765636e+00   2.0716386269985065e-01   6.1264706540158258e+00
   3.0136264155110837e-02   5.1892382721578088e+00   9.8244224865077676e+00   5.3932335202765636e+00   2.0716386269985065e-01   6.1325131344845758e+00
   3.0136264155110837e-02   5.1892382721578088e+00   9.8244224865077676e+00   5.3932335202765636e+00   2.0716386269985065e-01   6.1264706540158258e+00
   3.0136264155110837e-02   5.1894289474164452e+00   9.8241783458827676e+00   5.3932335202765636e+00   2.0716386269985065e-01   6.1264706540158258e+00
   3.0136264155110837e-02   5.1892382721578088e+00   9.8246666271327676e+00   5.3932335202765636e+00   2.0716386269985065e-01   6.1264706540158258e+00
   3.0205763170918942e-02   5.1892382721578088e+00   9.8244224865077676e+00   5.3932335202765636e+00   2.0740788411556110e-01   6.1264706540158258e+00
   3.0136264155110837e-02   5.1892382721578088e+00   9.8244224865077676e+00   5.4097521131110362e+00   2.0716386269985065e-01   6.1266920256665216e+00
   3.0136264155110837e-02   5.1892382721578088e+00   9.8244224865077676e+00   5.3932335202765636e+00   2.0716386269985065e-01   6.1262265133908258e+00
   3.0136264155110837e-02   5.1892382721578088e+00   9.8244224865077676e+00   5.3932335202765636e+00   2.0716386269985065e-01   6.1264706540158258e+00
   3.0136264155110837e-02   5.1904437164937463e+00   9.8244224865077676e+00   5.3932335202765636e+00   2.0716386269985065e-01   6.1264706540158258e+00
   3.0136264155110837e-02   5.1892382721578088e+00   9.8244224865077676e+00   5.3932335202765636e+00   2.0716386269985065e-01   6.1264706540158258e+00
   3.0136264155110837e-02   5.1892382721578088e+00   9.8247450668452920e+00   5.3932335202765636e+00   2.0716386269985065e-01   6.1264706540158258e+00
   3.0136264155110837e-02   5.1892382721578088e+00   9.8244224865077676e+00   5.3934776609015636e+00   2.0716386269985065e-01   6.1264706540158258e+00
   3.0136264155110837e-02   5.1892382721578088e+00   9.8244224865077676e+00   5.3932335202765636e+00   2.0716386269985065e-01   6.1264706540158258e+00
   3.0136264155110837e-02   5.1892382721578088e+00   9.8244224865077676e+00   5.3932335202765636e+00   2.0716386269985065e-01   6.1264706540158258e+00
   3.0136264155110837e-02   5.1892382721578088e+00   9.8245087940334024e+00   5.3932555143904857e+00   2.0716386269985065e-01   6.1267147946408258e+00
   3.0136264155110837e-02   5.1892382721578088e+00   9.8244224865077676e+00   5.3932335202765636e+00   2.0716386269985065e-01   6.1264706540158258e+00
   3.0138529131612302e-02   5.1892382721578088e+00   9.8244224865077676e+00   5.3932335202765636e+00   2.0716386269985065e-01   6.1264706540158258e+00
   3.0136264155110837e-02   5.1892382721578088e+00   9.8244224865077676e+00   5.3932335202765636e+00   2.0716386269985065e-01   6.1264706540158258e+00
   3.0136264155110837e-02   5.1892382721578088e+00   9.8244224865077676e+00   5.3932335202765636e+00   2.0716386269985065e-01   6.1264706540158258e+00
   3.0136264155110837e-02   5.1892382721578088e+00   9.8244224865077676e+00   5.3932335202765636e+00   2.0716386269985065e-01   6.1264706540158258e+00
   3.0136264155110837e-02   5.1892382721578088e+00   9.8244224865077676e+00   5.3932335202765636e+00   2.0716386269985065e-01   6.1264706540158258e+00
   3.0279553721150876e-02   5.1892382721578088e+00   9.8247417289851846e+00   5.3932335202765636e+00   2.0716386269985065e-01   6.1267815518429742e+00
   3.0136264155110837e-02   5.1892382721578088e+00   9.8244224865077676e+00   5.3932335202765636e+00   2.0716386269985065e-01   6.1264706540158258e+00
   3.0136264155110837e-02   5.1892382721578088e+00   9.8249107677577676e+00   5.3932335202765636e+00   2.0716386269985065e-01   6.1268645215085016e+00
   3.0136264155110837e-02   5.1894289474164452e+00   9.8244224865077676e+00   5.3932335202765636e+00   2.0716386269985065e-01   6.1267016816189752e+00
   3.0136264155110837e-02   5.1892382721578088e+00   9.8244224865077676e+00   5.3932335202765636e+00   2.0716386269985065e-01   6.1264706540158258e+00
   3.0136264155110837e-02   5.1894948105489220e+00   9.8244224865077676e+00   5.3932335202765636e+00   2.0716386269985065e-01   6.1264706540158258e+00
   3.0136264155110837e-02   5.1892382721578088e+00   9.8244224865077676e+00   5.3932335202765636e+00   2.0716386269985065e-01   6.1264706540158258e+00
   3.0136264155110837e-02   5.1892382721578088e+00   9.8244224865077676e+00   5.3932335202765636e+00   2.0716386269985065e-01   6.1264706540158258e+00
   3.9169467280110837e-02   5.1892382721578088e+00   9.8244224865077676e+00   5.3971397702765636e+00   2.0758252572475300e-01   6.1272803235104547e+00
   3.0136264155110837e-02   5.1892382721578088e+00   9.8244224865077676e+00   5.3932335202765636e+00   2.0716386269985065e-01   6.1264706540158258e+00
   3.0136264155110837e-02   5.1892382721578088e+00   9.8244224865077676e+00   5.3932335202765636e+00   2.0716386269985065e-01   6.1267016816189752e+00
   3.0136264155110837e-02   5.1895863632832970e+00   9.8248826343654336e+00   5.3932335202765636e+00   2.0716386269985065e-01   6.1264706540158258e+00
   3.0136264155110837e-02   5.1892382721578088e+00   9.8244921047328653e+00   5.3933095758032970e+00   2.0726000499187336e-01   6.1266098904660211e+00
   3.0738569090566159e-02   5.1882617096578088e+00   9.8244727928279580e+00   5.3923824255538158e+00   2.0771580171047077e-01   6.1267677235653863e+00
   3.0136264155110837e-02   5.1892382721578088e+00   9.8244224865077676e+00   5.3932335202765636e+00   2.0716386269985065e-01   6.1264706540158258e+00
   3.0136264155110837e-02   5.1892382721578088e+00   9.8244224865077676e+00   5.3932335202765636e+00   2.0716386269985065e-01   6.1264706540158258e+00
   3.0343211481770993e-02   5.1892382721578088e+00   9.8244224865077676e+00   5.3932335202765636e+00   2.0716386269985065e-01   6.1264706540158258e+00
   3.0343211481770993e-02   5.1892382721578088e+00   9.8244224865077676e+00   5.3932335202765636e+00   2.0716386269985065e-01   6.1264706540158258e+00
   3.0136264155110837e-02   5.1892382721578088e+00   9.8244224865077676e+00   5.3967811887335948e+00   2.0716386269985065e-01   6.1264706540158258e+00
   3.0136264155110837e-02   5.1892382721578088e+00   9.8244224865077676e+00   5.3932335202765636e+00   2.0716386269985065e-01   6.1264706540158258e+00
   3.0136264155110837e-02   5.1894289474164452e+00   9.8241783458827676e+00   5.3932335202765636e+00   2.0716386269985065e-01   6.1264706540158258e+00
   3.0136264155110837e-02   5.1892382721578088e+00   9.8244224865077676e+00   5.3932335202765636e+00   2.0716386269985065e-01   6.1264706540158258e+00
   3.0136264155110837e-02   5.1892382721578088e+00   9.8244224865077676e+00   5.3932335202765636e+00   2.0716386269985065e-01   6.1264706540158258e+00
   3.0136264155110837e-02   5.1894289474164452e+00   9.8241783458827676e+00   5.3932335202765636e+00   2.0716386269985065e-01   6.1267016816189752e+00
   3.0136264155110837e-02   5.1898743729268517e+00   9.8244224865077676e+00   5.3932335202765636e+00   2.0716386269985065e-01   6.1271096158078180e+00
   3.0136264155110837e-02   5.1892382721578088e+00   9.8244224865077676e+00   5.3932335202765636e+00   2.0716386269985065e-01   6.1264706540158258e+00
   3.0136264155110837e-02   5.1892382721578088e+00   9.8269554454921426e+00   5.3932335202765636e+00   2.0740800332485065e-01   6.1264706540158258e+00
   3.0136264155110837e-02   5.1892382721578088e+00   9.8244224865077676e+00   5.3932335202765636e+00   2.0716386269985065e-01   6.1267147946408258e+00
   3.0136264155110837e-02   5.1892382721578088e+00   9.8244224865077676e+00   5.3932335202765636e+00   2.0716386269985065e-01   6.1264706540158258e+00
   3.0136264155110837e-02   5.1892382721578088e+00   9.8244224865077676e+00   5.3932335202765636e+00   2.0716386269985065e-01   6.1264706540158258e+00
   3.0136264155110837e-02   5.1892382721578088e+00   9.8244224865077676e+00   5.3932335202765636e+00   2.0716386269985065e-01   6.1264706540158258e+00
   3.0136264155110837e-02   5.1892382721578088e+00   9.8241783458827676e+00   5.3932335202765636e+00   2.0716386269985065e-01   6.1264706540158258e+00
   3.0136264155110837e-02   5.1892382721578088e+00   9.8244224865077676e+00   5.3932335202765636e+00   2.0716386269985065e-01   6.1264706540158258e+00
   3.0136264155110837e-02   5.1892382721578088e+00   9.8244310695766153e+00   5.3929893796515636e+00   2.0807462167201862e-01   6.1267071652462946e+00
   2.9647982905110837e-02   5.1896328549062218e+00   9.8244224865077676e+00   5.3932335202765636e+00   2.0762997102199421e-01   6.1264706540158258e+00
   3.0136264155110837e-02   5.1892382721578088e+00   9.8244224865077676e+00   5.3951617901396922e+00   2.0734184216914997e-01   6.1264706540158258e+00
   3.0136264155110837e-02   5.1892382721578088e+00   9.8244224865077676e+00   5.3932335202765636e+00   2.0716386269985065e-01   6.1264706540158258e+00
   3.0136264155110837e-02   5.1892382721578088e+00   9.8244224865077676e+00   5.3932335202765636e+00   2.0716386269985065e-01   6.1264706540158258e+00
   3.0176318476399899e-02   5.1893040756856408e+00   9.8244224865077676e+00   5.3932335202765636e+00   2.0716386269985065e-01   6.1271268415501581e+00
   3.0136264155110837e-02   5.1892382721578088e+00   9.8244224865077676e+00   5.3932335202765636e+00   2.0716386269985065e-01   6.1264706540158258e+00
   3.0136264155110837e-02   5.1892382721578088e+00   9.8244224865077676e+00   5.3932335202765636e+00   2.0716386269985065e-01   6.1264706540158258e+00
   3.0865825007161618e-02   5.1892382721578088e+00   9.8244224865077676e+00   5.3932335202765636e+00   2.0716386269985065e-01   6.1264706540158258e+00
   3.0182457754811765e-02   5.1892382721578088e+00   9.8244224865077676e+00   5.3932335202765636e+00   2.0716386269985065e-01   6.1264706540158258e+00
   3.0136264155110837e-02   5.1891429047261681e+00   9.8244224865077676e+00   5.3932335202765636e+00   2.0716386269985065e-01   6.1264706540158258e+00
   3.0243850538930417e-02   5.1892382721578088e+00   9.8245472986339273e+00   5.3932335202765636e+00   2.0716386269985065e-01   6.1264706540158258e+00
   3.0136264155110837e-02   5.1892382721578088e+00   9.8241783458827676e+00   5.3932335202765636e+00   2.0716386269985065e-01   6.1264706540158258e+00
   3.0136264155110837e-02   5.1892382721578088e+00   9.8244224865077676e+00   5.3932335202765636e+00   2.0716386269985065e-01   6.1264706540158258e+00
   3.0136264155110837e-02   5.1893446664487328e+00   9.8244224865077676e+00   5.3932335202765636e+00   2.0730888080058918e-01   6.1262265133908258e+00
   3.0136264155110837e-02   5.1892382721578088e+00   9.8244224865077676e+00   5.3932335202765636e+00   2.0716386269985065e-01   6.1264706540158258e+00
   3.0735171625813962e-02   5.1892382721578088e+00   9.8244224865077676e+00   5.3932335202765636e+00   2.0716386269985065e-01   6.1264706540158258e+00
   3.1662143061360837e-02   5.1891429047261681e+00   9.8244224865077676e+00   5.3932335202765636e+00   2.0716386269985065e-01   6.1264706540158258e+00
   3.0136264155110837e-02   5.1882617096578088e+00   9.8244224865077676e+00   5.3932335202765636e+00   2.0806127023158894e-01   6.1264706540158258e+00
   3.0136264155110837e-02   5.1892382721578088e+00   9.8244224865077676e+00   5.3932335202765636e+00   2.0716386269985065e-01   6.1264706540158258e+00
   3.0136264155110837e-02   5.1891429047261681e+00   9.8244224865077676e+00   5.3932335202765636e+00   2.0716386269985065e-01   6.1264706540158258e+00
   3.0136264155110837e-02   5.1892382721578088e+00   9.8244224865077676e+00   5.3932335202765636e+00   2.0716386269985065e-01   6.1264706540158258e+00
   3.0136264155110837e-02   5.1892382721578088e+00   9.8244224865077676e+00   5.3932335202765636e+00   2.0716386269985065e-01   6.1265991616299615e+00
   3.0136264155110837e-02   5.1893817405377831e+00   9.8244224865077676e+00   5.3932335202765636e+00   2.0717250537334309e-01   6.1264706540158258e+00
   3.0136264155110837e-02   5.1892382721578088e+00   9.8244224865077676e+00   5.3932335202765636e+00   2.0716386269985065e-01   6.1254940915158258e+00
   3.0136264155110837e-02   5.1892382721578088e+00   9.8244224865077676e+00   5.3932335202765636e+00   2.0716386269985065e-01   6.1264706540158258e+00
   3.0136264155110837e-02   5.1892382721578088e+00   9.8244224865077676e+00   5.3932335202765636e+00   2.0716386269985065e-01   6.1264706540158258e+00
   3.0136264155110837e-02   5.1892382721578088e+00   9.8244224865077676e+00   5.3932335202765636e+00   2.0716386269985065e-01   6.1264706540158258e+00
   3.0136264155110837e-02   5.1892382721578088e+00   9.8244224865077676e+00   5.3932335202765636e+00   2.0716386269985065e-01   6.1264706540158258e+00
   3.0136264155110837e-02   5.1892382721578088e+00   9.8244224865077676e+00   5.3932885949683360e+00   2.0716386269985065e-01   6.1264706540158258e+00
   3.0136264155110837e-02   5.1892382721578088e+00   9.8244224865077676e+00   5.3932335202765636e+00   2.0716386269985065e-01   6.1264706540158258e+00
   3.0136264155110837e-02   5.1892382721578088e+00   9.8244224865077676e+00   5.3932335202765636e+00   2.0716386269985065e-01   6.1264706540158258e+00
   3.0136264155110837e-02   5.1893064598714318e+00   9.8245662529109659e+00   5.3932335202765636e+00   2.0716386269985065e-01   6.1267147946408258e+00
   3.0136264155110837e-02   5.1892382721578088e+00   9.8244224865077676e+00   5.3932335202765636e+00   2.0716386269985065e-01   6.1264706540158258e+00
   3.0826724360188962e-02   5.1892382721578088e+00   9.8244224865077676e+00   5.3932335202765636e+00   2.0786767434535847e-01   6.1264706540158258e+00
   3.0136264155110837e-02   5.1892382721578088e+00   9.8244224865077676e+00   5.3932335202765636e+00   2.0716386269985065e-01   6.1264706540158258e+00
   3.0136264155110837e-02   5.1891429047261681e+00   9.8244224865077676e+00   5.3932335202765636e+00   2.0716386269985065e-01   6.1264706540158258e+00
   3.0136264155110837e-02   5.1892382721578088e+00   9.8244224865077676e+00   5.3932335202765636e+00   2.0716386269985065e-01   6.1264706540158258e+00
   3.0136264155110837e-02   5.1892382721578088e+00   9.8244224865077676e+00   5.3932335202765636e+00   2.0716386269985065e-01   6.1264706540158258e+00
   3.0136264155110837e-02   5.1892382721578088e+00   9.8244224865077676e+00   5.3932335202765636e+00   2.0716386269985065e-01   6.1264706540158258e+00
   3.0136264155110837e-02   5.1892382721578088e+00   9.8244224865077676e+00   5.3932335202765636e+00   2.0716386269985065e-01   6.1264706540158258e+00
   3.0136264155110837e-02   5.1892382721578088e+00   9.8277384121059121e+00   5.3932335202765636e+00   2.0716386269985065e-01   6.1264706540158258e+00
   3.0136264155110837e-02   5.1892382721578088e+00   9.8244224865077676e+00   5.3932335202765636e+00   2.0716386269985065e-01   6.1264706540158258e+00
   3.0136264155110837e-02   5.1892382721578088e+00   9.8244224865077676e+00   5.3932335202765636e+00   2.0716386269985065e-01   6.1264706540158258e+00
   3.0136264155110837e-02   5.1810710053121056e+00   9.8244224865077676e+00   5.3932335202765636e+00   2.0716386269985065e-01   6.1264706540158258e+00
   3.0136264155110837e-02   5.1892382721578088e+00   9.8244224865077676e+00   5.3932335202765636e+00   2.0716386269985065e-01   6.1264706540158258e+00
   3.0136264155110837e-02   5.1892382721578088e+00   9.8244224865077676e+00   5.3932335202765636e+00   2.0716386269985065e-01   6.1264706540158258e+00
   3.0136264155110837e-02   5.1892382721578088e+00   9.8244224865077676e+00   5.3932335202765636e+00   2.0716386269985065e-01   6.1264706540158258e+00
   3.0136264155110837e-02   5.1892382721578088e+00   9.8241783458827676e+00   5.3932335202765636e+00   2.0716386269985065e-01   6.1264706540158258e+00
   3.0136264155110837e-02   5.1892382721578088e+00   9.8244224865077676e+00   5.3932335202765636e+00   2.0716386269985065e-01   6.1264706540158258e+00
   3.0136264155110837e-02   5.1892382721578088e+00   9.8244224865077676e+00   5.3932335202765636e+00   2.0716386269985065e-01   6.1264706540158258e+00
   3.0136264155110837e-02   5.1892382721578088e+00   9.8244224865077676e+00   5.3932335202765636e+00   2.0716386269985065e-01   6.1264706540158258e+00
   3.0136264155110837e-02   5.1892382721578088e+00   9.8244224865077676e+00   5.3932335202765636e+00   2.0716386269985065e-01   6.1264706540158258e+00
   3.0136264155110837e-02   5.1892382721578088e+00   9.8241783458827676e+00   5.3932335202765636e+00   2.0716386269985065e-01   6.1267016816189752e+00
   3.0136264155110837e-02   5.1892382721578088e+00   9.8244224865077676e+00   5.3932335202765636e+00   2.0716386269985065e-01   6.1264706540158258e+00
   3.0136264155110837e-02   5.1892382721578088e+00   9.8244224865077676e+00   5.3932335202765636e+00   2.0716386269985065e-01   6.1264706540158258e+00
   3.0136264155110837e-02   5.1892382721578088e+00   9.8244224865077676e+00   5.3932335202765636e+00   2.0716386269985065e-01   6.1264706540158258e+00
   3.0136264155110837e-02   5.1892382721578088e+00   9.8244224865077676e+00   5.3932335202765636e+00   2.0716386269985065e-01   6.1264706540158258e+00
   3.0136264155110837e-02   5.1892382721578088e+00   9.8244224865077676e+00   5.3932335202765636e+00   2.0716386269985065e-01   6.1264706540158258e+00
   3.0136264155110837e-02   5.1892382721578088e+00   9.8244224865077676e+00   5.3932335202765636e+00   2.0716386269985065e-01   6.1264706540158258e+00
   3.0136264155110837e-02   5.1892382721578088e+00   9.8244224865077676e+00   5.3932335202765636e+00   2.0716386269985065e-01   6.1264706540158258e+00
   3.0136264155110837e-02   5.1892382721578088e+00   9.8244224865077676e+00   5.3932335202765636e+00   2.0716386269985065e-01   6.1264706540158258e+00
   3.0136264155110837e-02   5.1892382721578088e+00   9.8244224865077676e+00   5.3932335202765636e+00   2.0716386269985065e-01   6.1269589352658258e+00
   3.0136264155110837e-02   5.1893246988927331e+00   9.8244224865077676e+00   5.3934671704840831e+00   2.0719420146404133e-01   6.1264706540158258e+00
   3.0136264155110837e-02   5.1892382721578088e+00   9.8244224865077676e+00   5.3932335202765636e+00   2.0716386269985065e-01   6.1264706540158258e+00
   3.0136264155110837e-02   5.1896578888570275e+00   9.8244224865077676e+00   5.3929655377936534e+00   2.0716386269985065e-01   6.1264706540158258e+00
   3.0136264155110837e-02   5.1892382721578088e+00   9.8244224865077676e+00   5.3932335202765636e+00   2.0716386269985065e-01   6.1264706540158258e+00
   3.0136264155110837e-02   5.1891448120748009e+00   9.8244224865077676e+00   5.3929655377936534e+00   2.0716386269985065e-01   6.1264706540158258e+00
   3.0187226126393796e-02   5.1893542031918969e+00   9.8246430236934366e+00   5.3932335202765636e+00   2.0740526151119099e-01   6.1262265133908258e+00
   3.0136264155110837e-02   5.1892382721578088e+00   9.8244224865077676e+00   5.3932335202765636e+00   2.0716386269985065e-01   6.1264706540158258e+00
   3.0136264155110837e-02   5.1891448120748009e+00   9.8244224865077676e+00   5.3932335202765636e+00   2.0716386269985065e-01   6.1264706540158258e+00
   3.0136264155110837e-02   5.1892382721578088e+00   9.8244224865077676e+00   5.3932335202765636e+00   2.0716386269985065e-01   6.1264706540158258e+00
   3.0136264155110837e-02   5.1892382721578088e+00   9.8244224865077676e+00   5.3932335202765636e+00   2.0716386269985065e-01   6.1264706540158258e+00
   3.0136264155110837e-02   5.1892382721578088e+00   9.8244224865077676e+00   5.3932335202765636e+00   2.0716386269985065e-01   6.1264706540158258e+00
   3.0136264155110837e-02   5.1892382721578088e+00   9.8244224865077676e+00   5.3932335202765636e+00   2.0716386269985065e-01   6.1264706540158258e+00
   3.0136264155110837e-02   5.1892382721578088e+00   9.8244224865077676e+00   5.3932335202765636e+00   2.0716386269985065e-01   6.1264706540158258e+00
   3.0218876192769528e-02   5.1892382721578088e+00   9.8244642097591104e+00   5.3932335202765636e+00   2.0716386269985065e-01   6.1264706540158258e+00
   3.0136264155110837e-02   5.1894948105489220e+00   9.8244224865077676e+00   5.3932335202765636e+00   2.0716386269985065e-01   6.1264706540158258e+00
   3.0136264155110837e-02   5.1895799259816613e+00   9.8244224865077676e+00   5.3927452390265636e+00   2.0746522378383503e-01   6.1264706540158258e+00
   3.0136264155110837e-02   5.1892382721578088e+00   9.8244224865077676e+00   5.3932335202765636e+00   2.0716386269985065e-01   6.1264706540158258e+00
   3.0136264155110837e-02   5.1892382721578088e+00   9.8244224865077676e+00   5.3932335202765636e+00   2.0716386269985065e-01   6.1264706540158258e+00
   3.0136264155110837e-02   5.1885423283254113e+00   9.8244224865077676e+00   5.3932335202765636e+00   2.0716386269985065e-01   6.1264706540158258e+00
   3.0136264155110837e-02   5.1892382721578088e+00   9.8244224865077676e+00   5.3932335202765636e+00   2.0716386269985065e-01   6.1264706540158258e+00
   3.0136264155110837e-02   5.1894289474164452e+00   9.8241783458827676e+00   5.3932335202765636e+00   2.0716386269985065e-01   6.1264706540158258e+00
   3.0136264155110837e-02   5.1892382721578088e+00   9.8244693953632058e+00   5.3932335202765636e+00   2.0740800332485065e-01   6.1264706540158258e+00
   3.0136264155110837e-02   5.1894289474164452e+00   9.8241783458827676e+00   5.3932335202765636e+00   2.0716386269985065e-01   6.1264706540158258e+00
   3.0136264155110837e-02   5.1892382721578088e+00   9.8244224865077676e+00   5.3932865088057689e+00   2.0720528792796955e-01   6.1264706540158258e+00
   3.0136264155110837e-02   5.1892382721578088e+00   9.8244224865077676e+00   5.3932335202765636e+00   2.0716386269985065e-01   6.1264706540158258e+00
   3.0136264155110837e-02   5.1892382721578088e+00   9.8244224865077676e+00   5.3932335202765636e+00   2.0716386269985065e-01   6.1264706540158258e+00
   3.3172763178548337e-02   5.1892382721578088e+00   9.8249107677577676e+00   5.3933348481726817e+00   2.0716386269985065e-01   6.1265004563382135e+00
   3.0136264155110837e-02   5.1892382721578088e+00   9.8244224865077676e+00   5.3932335202765636e+00   2.0716386269985065e-01   6.1264706540158258e+00
   3.0136264155110837e-02   5.1892382721578088e+00   9.8244224865077676e+00   5.3932335202765636e+00   2.0716386269985065e-01   6.1272040295651422e+00
   3.0136264155110837e-02   5.1894805054341759e+00   9.8244224865077676e+00   5.3942100827765636e+00   2.0756345223842487e-01   6.1264706540158258e+00
   3.0136264155110837e-02   5.1895548920308556e+00   9.8249107677577676e+00   5.3943674390387706e+00   2.0716386269985065e-01   6.1264706540158258e+00
   3.0136264155110837e-02   5.1907040695821252e+00   9.8244224865077676e+00   5.3932335202765636e+00   2.0716386269985065e-01   6.1264706540158258e+00
   3.0136264155110837e-02   5.1893090824758019e+00   9.8244224865077676e+00   5.3932335202765636e+00   2.0739953946529255e-01   6.1267147946408258e+00
   3.0900157282552243e-02   5.1892382721578088e+00   9.8244224865077676e+00   5.3940479581427745e+00   2.0716386269985065e-01   6.1264706540158258e+00
   3.0136264155110837e-02   5.1892382721578088e+00   9.8244224865077676e+00   5.3932335202765636e+00   2.0716386269985065e-01   6.1266065526059137e+00
   2.9647982905110837e-02   5.1892382721578088e+00   9.8244224865077676e+00   5.3932335202765636e+00   2.0716386269985065e-01   6.1262265133908258e+00
   3.0136264155110837e-02   5.1892382721578088e+00   9.8244224865077676e+00   5.3934776609015636e+00   2.0716386269985065e-01   6.1264706540158258e+00
   3.0136264155110837e-02   5.1892382721578088e+00   9.8245632726787271e+00   5.3934029166770152e+00   2.0716779660640583e-01   6.1264706540158258e+00
   3.0136264155110837e-02   5.1897265534078088e+00   9.8244224865077676e+00   5.3935928170752696e+00   2.0716386269985065e-01   6.1264706540158258e+00
   3.0275500605306149e-02   5.1893021683370080e+00   9.8249107677577676e+00   5.3935460870337657e+00   2.0764427613674030e-01   6.1264706540158258e+00
   3.0624545405110837e-02   5.1892382721578088e+00   9.8244224865077676e+00   5.3932335202765636e+00   2.0716386269985065e-01   6.1264706540158258e+00
   3.0136264155110837e-02   5.1892382721578088e+00   9.8244224865077676e+00   5.3935742204260997e+00   2.0716386269985065e-01   6.1269589352658258e+00
   3.0932582209310056e-02   5.1892382721578088e+00   9.8247357685207071e+00   5.3937218015265636e+00   2.0734029244838581e-01   6.1269052910855279e+00
   3.0136264155110837e-02   5.1896023373280968e+00   9.8244224865077676e+00   5.3932335202765636e+00   2.0716386269985065e-01   6.1269589352658258e+00
   3.0293858835896970e-02   5.1887499909078088e+00   9.8244680244563760e+00   5.3934595410895518e+00   2.0716386269985065e-01   6.1264706540158258e+00
   3.0583775828084470e-02   5.1897265534078088e+00   9.8244224865077676e+00   5.3975634400916270e+00   2.0716386269985065e-01   6.1264706540158258e+00
   3.0406153986653806e-02   5.1897081951772179e+00   9.8248361427425088e+00   5.3934616868567637e+00   2.0667558144985065e-01   6.1269589352658258e+00
   3.0624545405110837e-02   5.1893703560506310e+00   9.8248761970637979e+00   5.3932335202765636e+00   2.0728950929103718e-01   6.1264706540158258e+00
   3.0136264155110837e-02   5.1893393616353478e+00   9.8247302848933877e+00   5.3937218015265636e+00   2.0716386269985065e-01   6.1269143509915338e+00
   3.0136264155110837e-02   5.1894697765981164e+00   9.8246120292781534e+00   5.3927452390265636e+00   2.0763211678920612e-01   6.1267321991971002e+00
   3.0624545405110837e-02   5.1892382721578088e+00   9.8247302848933877e+00   5.3932335202765636e+00   2.0716386269985065e-01   6.1264706540158258e+00
   3.0136264155110837e-02   5.1894225697194543e+00   9.8246864158748330e+00   5.3932335202765636e+00   2.0814042519985065e-01   6.1268566536953912e+00
   3.0540860483846188e-02   5.1893934826528039e+00   9.8244224865077676e+00   5.3932335202765636e+00   2.0716386269985065e-01   6.1259823727658258e+00
   3.0624545405110837e-02   5.1892382721578088e+00   9.8244224865077676e+00   5.3935200994086436e+00   2.0724444817958698e-01   6.1269052910855279e+00
   3.0136264155110837e-02   5.1887499909078088e+00   9.8244224865077676e+00   5.3932385866713695e+00   2.0716386269985065e-01   6.1262265133908258e+00
   3.0331290552815915e-02   5.1895465473805871e+00   9.8248003799556436e+00   5.3932335202765636e+00   2.0667558144985065e-01   6.1269589352658258e+00
   3.0410922358235837e-02   5.1887499909078088e+00   9.8244224865077676e+00   5.3932335202765636e+00   2.0716386269985065e-01   6.1268127846768365e+00
   3.0195391962728024e-02   5.1893412689839806e+00   9.8246654350398721e+00   5.3959915463996104e+00   2.0740681123195515e-01   6.1265276360562311e+00
   3.0136264155110837e-02   5.1892382721578088e+00   9.8249107677577676e+00   5.3932335202765636e+00   2.0716386269985065e-01   6.1264706540158258e+00
   3.0619300196370602e-02   5.1897265534078088e+00   9.8246547062038125e+00   5.3936686341834239e+00   2.0748024415431843e-01   6.1264825749447809e+00
   3.0692196676930905e-02   5.1892382721578088e+00   9.8246391493915262e+00   5.3932335202765636e+00   2.0735668372569904e-01   6.1268368649533258e+00
   3.1181491205892087e-02   5.1892382721578088e+00   9.8256431896327676e+00   5.3946983640265636e+00   2.0716386269985065e-01   6.1267147946408258e+00
   3.0315316508016110e-02   5.1892382721578088e+00   9.8244375068782510e+00   5.3932335202765636e+00   2.0755439233241901e-01   6.1259823727658258e+00
   3.0624545405110837e-02   5.1892382721578088e+00   9.8244224865077676e+00   5.3932335202765636e+00   2.0747404527126179e-01   6.1264706540158258e+00
   3.0419743845662595e-02   5.1892382721578088e+00   9.8244224865077676e+00   5.3937218015265636e+00   2.0720725488124714e-01   6.1268118310025201e+00
   3.0466235468587399e-02   5.1897265534078088e+00   9.8244224865077676e+00   5.3933379476142100e+00   2.0736842584071979e-01   6.1264706540158258e+00
   3.0136264155110837e-02   5.1894456963216271e+00   9.8244224865077676e+00   5.3937218015265636e+00   2.0716386269985065e-01   6.1264706540158258e+00
   3.0136264155110837e-02   5.1894289474164452e+00   9.8236900646327676e+00   5.3932335202765636e+00   2.0716386269985065e-01   6.1267016816189752e+00
   3.0136264155110837e-02   5.1897265534078088e+00   9.8244224865077676e+00   5.3932335202765636e+00   2.0716386269985065e-01   6.1264706540158258e+00
   3.0270255396565915e-02   5.1892382721578088e+00   9.8249107677577676e+00   5.3932335202765636e+00   2.0716386269985065e-01   6.1264706540158258e+00
   3.0136264155110837e-02   5.1896626572286095e+00   9.8249107677577676e+00   5.3937759225440196e+00   2.0726256799159870e-01   6.1266702103665338e+00
   3.0136264155110837e-02   5.1883952240621056e+00   9.8244224865077676e+00   5.3932335202765636e+00   2.0716386269985065e-01   6.1264706540158258e+00
   3.0136264155110837e-02   5.1897265534078088e+00   9.8244224865077676e+00   5.3932335202765636e+00   2.0716386269985065e-01   6.1264706540158258e+00
   3.0491746256551266e-02   5.1896469216023888e+00   9.8246191818355264e+00   5.3935832803321055e+00   2.0740275811611042e-01   6.1269589352658258e+00
   3.0136264155110837e-02   5.1897265534078088e+00   9.8244224865077676e+00   5.3932335202765636e+00   2.0716386269985065e-01   6.1264706540158258e+00
   3.0318177530965329e-02   5.1892382721578088e+00   9.8244224865077676e+00   5.3932335202765636e+00   2.0667558144985065e-01   6.1269157815030084e+00
   3.0136264155110837e-02   5.1897265534078088e+00   9.8244224865077676e+00   5.3933665578437022e+00   2.0716386269985065e-01   6.1269539284756647e+00
   2.9647982905110837e-02   5.1891429047261681e+00   9.8244732696651162e+00   5.3993370359015636e+00   2.0740132760463581e-01   6.1264706540158258e+00
   3.0831492731770993e-02   5.1892382721578088e+00   9.8246654350398721e+00   5.3932335202765636e+00   2.0716386269985065e-01   6.1264706540158258e+00
   3.0136264155110837e-02   5.1892382721578088e+00   9.8244224865077676e+00   5.3937218015265636e+00   2.0716386269985065e-01   6.1264706540158258e+00
