   3.1112826655110837e-02   5.1888835053121056e+00   9.8257652599452676e+00   5.3947174375128917e+00   2.0769792031703815e-01   6.1264706540158258e+00
   3.1112826655110837e-02   5.1888835053121056e+00   9.8257652599452676e+00   5.3947174375128917e+00   2.0769792031703815e-01   6.1264706540158258e+00
   3.1112826655110837e-02   5.1896769623433556e+00   9.8257652599452676e+00   5.3947174375128917e+00   2.0748429727016315e-01   6.1303769040158258e+00
   3.1112826655110837e-02   5.1886393646871056e+00   9.8257652599452676e+00   5.3947174375128917e+00   2.0769792031703815e-01   6.1303769040158258e+00
   3.1112826655110837e-02   5.1886393646871056e+00   9.8257652599452676e+00   5.3947174375128917e+00   2.0769792031703815e-01   6.1303769040158258e+00
   3.1112826655110837e-02   5.1888835053121056e+00   9.8257652599452676e+00   5.3947174375128917e+00   2.0769792031703815e-01   6.1303769040158258e+00
   3.1112826655110837e-02   5.1896769623433556e+00   9.8257652599452676e+00   5.3947174375128917e+00   2.0769792031703815e-01   6.1303769040158258e+00
   3.1112826655110837e-02   5.1896769623433556e+00   9.8257652599452676e+00   5.3947174375128917e+00   2.0769792031703815e-01   6.1303769040158258e+00
   3.1112826655110837e-02   5.1896769623433556e+00   9.8257652599452676e+00   5.3947174375128917e+00   2.0769792031703815e-01   6.1303769040158258e+00
   3.1112826655110837e-02   5.1896769623433556e+00   9.8257652599452676e+00   5.3947174375128917e+00   2.0769792031703815e-01   6.1303769040158258e+00
   3.1112826655110837e-02   5.1896769623433556e+00   9.8257652599452676e+00   5.3947174375128917e+00   2.0769792031703815e-01   6.1303769040158258e+00
   3.2348788569173337e-02   5.1898905853902306e+00   9.8214622814296426e+00   5.3908111875128917e+00   2.1584611367641315e-01   6.1315213131955133e+00
   3.1112826655110837e-02   5.1896769623433556e+00   9.8257652599452676e+00   5.3908111875128917e+00   2.0769792031703815e-01   6.1303769040158258e+00
   3.1112826655110837e-02   5.1888835053121056e+00   9.8256431896327676e+00   5.4041473691535167e+00   2.0806413125453815e-01   6.1264706540158258e+00
   3.1112826655110837e-02   5.1896769623433556e+00   9.8257652599452676e+00   5.3947174375128917e+00   2.0769792031703815e-01   6.1303769040158258e+00
   3.1112826655110837e-02   5.1896769623433556e+00   9.8257652599452676e+00   5.3956177060675792e+00   2.0867448281703815e-01   6.1303769040158258e+00
   3.1112826655110837e-02   5.1896769623433556e+00   9.8257652599452676e+00   5.3947174375128917e+00   2.0379167031703815e-01   6.1303769040158258e+00
   3.1112826655110837e-02   5.1896769623433556e+00   9.8257652599452676e+00   5.3947174375128917e+00   2.0769792031703815e-01   6.1303769040158258e+00
   3.6300814936360837e-02   5.1937052826558556e+00   9.8335167247890176e+00   5.3947174375128917e+00   2.0691972207485065e-01   6.1303769040158258e+00
   3.1112826655110837e-02   5.1896769623433556e+00   9.8257652599452676e+00   5.3947174375128917e+00   2.0379167031703815e-01   6.1303769040158258e+00
   3.1112826655110837e-02   5.1858927826558556e+00   9.8257652599452676e+00   5.3980743711066417e+00   2.0379167031703815e-01   6.1303769040158258e+00
   3.1112826655110837e-02   5.1896769623433556e+00   9.8257652599452676e+00   5.3947174375128917e+00   2.0379167031703815e-01   6.1303769040158258e+00
   3.1112826655110837e-02   5.1886393646871056e+00   9.8257652599452676e+00   5.3947174375128917e+00   2.0769792031703815e-01   6.1264706540158258e+00
   3.8559115717610837e-02   5.1897990326558556e+00   9.8257652599452676e+00   5.3947174375128917e+00   2.0379167031703815e-01   6.1339169430783258e+00
   3.1112826655110837e-02   5.1888835053121056e+00   9.8309532482265176e+00   5.3977691953253917e+00   2.0379167031703815e-01   6.1288357663205133e+00
   3.1112826655110837e-02   5.1888835053121056e+00   9.8257652599452676e+00   5.3947174375128917e+00   2.0379167031703815e-01   6.1303769040158258e+00
   3.1112826655110837e-02   5.1888835053121056e+00   9.8257652599452676e+00   5.3947174375128917e+00   2.0769792031703815e-01   6.1317501950314508e+00
   3.1112826655110837e-02   5.1878459076558556e+00   9.8275352794765176e+00   5.3908111875128917e+00   2.0748429727016315e-01   6.1303769040158258e+00
   3.1112826655110837e-02   5.1896769623433556e+00   9.8257652599452676e+00   5.3947174375128917e+00   2.0379167031703815e-01   6.1303769040158258e+00
   3.1112826655110837e-02   5.1886393646871056e+00   9.8257652599452676e+00   5.3947174375128917e+00   2.0379167031703815e-01   6.1303769040158258e+00
   3.1112826655110837e-02   5.1896769623433556e+00   9.8257652599452676e+00   5.3947174375128917e+00   2.0379167031703815e-01   6.1303769040158258e+00
   3.2394564936360837e-02   5.1915080170308556e+00   9.8259178478358926e+00   5.3936950986457042e+00   2.0987992715297565e-01   6.1313534665158258e+00
   3.1112826655110837e-02   5.1888835053121056e+00   9.8257652599452676e+00   5.3947174375128917e+00   2.0379167031703815e-01   6.1264706540158258e+00
   3.1112826655110837e-02   5.1896769623433556e+00   9.8270469982265176e+00   5.3947174375128917e+00   2.0379167031703815e-01   6.1303769040158258e+00
   3.1112826655110837e-02   5.1935832123433556e+00   9.8224083263515176e+00   5.3947174375128917e+00   2.0379167031703815e-01   6.1303769040158258e+00
   3.1112826655110837e-02   5.1896769623433556e+00   9.8257652599452676e+00   5.3947174375128917e+00   2.0562272500453815e-01   6.1303769040158258e+00
   3.4927523920735837e-02   5.1896769623433556e+00   9.8257652599452676e+00   5.3907501523566417e+00   2.0597367715297565e-01   6.1337643551877008e+00
   2.7206576655110837e-02   5.1896769623433556e+00   9.8257652599452676e+00   5.3947174375128917e+00   2.0379167031703815e-01   6.1303769040158258e+00
   3.1112826655110837e-02   5.1896769623433556e+00   9.8257652599452676e+00   5.3947174375128917e+00   2.0769792031703815e-01   6.1303769040158258e+00
   3.1112826655110837e-02   5.1896769623433556e+00   9.8257652599452676e+00   5.3947174375128917e+00   2.0769792031703815e-01   6.1303769040158258e+00
   3.1112826655110837e-02   5.1886393646871056e+00   9.8257652599452676e+00   5.3947174375128917e+00   2.0769792031703815e-01   6.1303769040158258e+00
   3.1112826655110837e-02   5.1896769623433556e+00   9.8257652599452676e+00   5.3947174375128917e+00   2.0379167031703815e-01   6.1303769040158258e+00
   3.1112826655110837e-02   5.1886393646871056e+00   9.8257652599452676e+00   5.3947174375128917e+00   2.0769792031703815e-01   6.1303769040158258e+00
   3.1112826655110837e-02   5.1819865326558556e+00   9.8272453624843301e+00   5.3947174375128917e+00   2.0379167031703815e-01   6.1304684567502008e+00
   3.1112826655110837e-02   5.1888835053121056e+00   9.8270469982265176e+00   5.3947174375128917e+00   2.0379167031703815e-01   6.1303769040158258e+00
   2.7206576655110837e-02   5.1858927826558556e+00   9.8270469982265176e+00   5.3947174375128917e+00   2.0748429727016315e-01   6.1303769040158258e+00
   3.1112826655110837e-02   5.1896769623433556e+00   9.8257652599452676e+00   5.3947174375128917e+00   2.0769792031703815e-01   6.1303769040158258e+00
   3.1112826655110837e-02   5.1896769623433556e+00   9.8257652599452676e+00   5.3947174375128917e+00   2.0379167031703815e-01   6.1303769040158258e+00
   3.1112826655110837e-02   5.1896769623433556e+00   9.8257652599452676e+00   5.3947174375128917e+00   2.0379167031703815e-01   6.1264706540158258e+00
   3.1112826655110837e-02   5.1888835053121056e+00   9.8257652599452676e+00   5.3947174375128917e+00   2.0379167031703815e-01   6.1334744381955133e+00
   3.1112826655110837e-02   5.1896769623433556e+00   9.8257652599452676e+00   5.3947174375128917e+00   2.0379167031703815e-01   6.1303769040158258e+00
   3.1112826655110837e-02   5.1896769623433556e+00   9.8257652599452676e+00   5.3947174375128917e+00   2.0748429727016315e-01   6.1303769040158258e+00
   3.1112826655110837e-02   5.1896769623433556e+00   9.8257652599452676e+00   5.3947174375128917e+00   2.0379167031703815e-01   6.1303769040158258e+00
   3.1112826655110837e-02   5.1896769623433556e+00   9.8257652599452676e+00   5.3947174375128917e+00   2.0379167031703815e-01   6.1303769040158258e+00
   3.1112826655110837e-02   5.1858927826558556e+00   9.8257652599452676e+00   5.3947174375128917e+00   2.0748429727016315e-01   6.1303769040158258e+00
   3.1112826655110837e-02   5.1888835053121056e+00   9.8257652599452676e+00   5.3947174375128917e+00   2.0769792031703815e-01   6.1303769040158258e+00
   3.1112826655110837e-02   5.1896769623433556e+00   9.8257652599452676e+00   5.3947174375128917e+00   2.0379167031703815e-01   6.1303769040158258e+00
   2.3300326655110837e-02   5.1896769623433556e+00   9.8257652599452676e+00   5.3949005429816417e+00   2.0379167031703815e-01   6.1305447506955133e+00
   3.1112826655110837e-02   5.1896769623433556e+00   9.8257652599452676e+00   5.3947174375128917e+00   2.0691972207485065e-01   6.1303769040158258e+00
   3.1112826655110837e-02   5.1858927826558556e+00   9.8335777599452676e+00   5.3947174375128917e+00   2.0769792031703815e-01   6.1303769040158258e+00
   3.1112826655110837e-02   5.1937052826558556e+00   9.8257652599452676e+00   5.3950226132941417e+00   2.0769792031703815e-01   6.1361752438595758e+00
   3.1112826655110837e-02   5.1896769623433556e+00   9.8257652599452676e+00   5.3963196103644542e+00   2.0379167031703815e-01   6.1303769040158258e+00
   3.1112826655110837e-02   5.1896769623433556e+00   9.8257652599452676e+00   5.3947174375128917e+00   2.0769792031703815e-01   6.1303769040158258e+00
   2.7206576655110837e-02   5.1888835053121056e+00   9.8257652599452676e+00   5.3947174375128917e+00   2.0495133828578815e-01   6.1315213131955133e+00
   3.1112826655110837e-02   5.1896769623433556e+00   9.8257652599452676e+00   5.3947174375128917e+00   2.0769792031703815e-01   6.1303769040158258e+00
   3.1112826655110837e-02   5.1896769623433556e+00   9.8257652599452676e+00   5.3947174375128917e+00   2.0379167031703815e-01   6.1303769040158258e+00
   3.5019076655110837e-02   5.1935832123433556e+00   9.8260856945155801e+00   5.3947174375128917e+00   2.0650773477016315e-01   6.1327114987423883e+00
   3.1112826655110837e-02   5.1896769623433556e+00   9.8257652599452676e+00   5.3947174375128917e+00   2.0748429727016315e-01   6.1303769040158258e+00
   3.1112826655110837e-02   5.1896769623433556e+00   9.8257652599452676e+00   5.3947174375128917e+00   2.0379167031703815e-01   6.1303769040158258e+00
   4.0878451655110837e-02   5.1896769623433556e+00   9.8257652599452676e+00   5.3947174375128917e+00   2.1160417031703815e-01   6.1303769040158258e+00
   3.1112826655110837e-02   5.1858927826558556e+00   9.8257652599452676e+00   5.3960296933722667e+00   2.0391374062953815e-01   6.1303769040158258e+00
   3.1112826655110837e-02   5.1896769623433556e+00   9.8257652599452676e+00   5.3947174375128917e+00   2.0379167031703815e-01   6.1303769040158258e+00
   3.7521518061360837e-02   5.1963297943746056e+00   9.8263145763515176e+00   5.3947174375128917e+00   2.1160417031703815e-01   6.1374569821408258e+00
   3.1112826655110837e-02   5.1896769623433556e+00   9.8257652599452676e+00   5.3947174375128917e+00   2.0379167031703815e-01   6.1303769040158258e+00
   3.1112826655110837e-02   5.1896769623433556e+00   9.8257652599452676e+00   5.3947174375128917e+00   2.0769792031703815e-01   6.1303769040158258e+00
   3.1112826655110837e-02   5.1896769623433556e+00   9.8257652599452676e+00   5.3947174375128917e+00   2.0769792031703815e-01   6.1303769040158258e+00
   3.1112826655110837e-02   5.1896769623433556e+00   9.8257652599452676e+00   5.3907501523566417e+00   2.0597367715297565e-01   6.1303769040158258e+00
   3.1112826655110837e-02   5.1917368988667931e+00   9.8257652599452676e+00   5.3947174375128917e+00   2.0379167031703815e-01   6.1303769040158258e+00
   3.1112826655110837e-02   5.1896769623433556e+00   9.8257652599452676e+00   5.3947174375128917e+00   2.0562272500453815e-01   6.1303769040158258e+00
   3.1112826655110837e-02   5.1886393646871056e+00   9.8257652599452676e+00   5.3947174375128917e+00   2.0769792031703815e-01   6.1303769040158258e+00
   3.1112826655110837e-02   5.1896769623433556e+00   9.8257652599452676e+00   5.3947174375128917e+00   2.0769792031703815e-01   6.1303769040158258e+00
   3.1112826655110837e-02   5.1888835053121056e+00   9.8257652599452676e+00   5.3908111875128917e+00   2.0661454629360065e-01   6.1264706540158258e+00
   2.7206576655110837e-02   5.1899516205464806e+00   9.8257652599452676e+00   5.3947174375128917e+00   2.0769792031703815e-01   6.1303769040158258e+00
   3.1112826655110837e-02   5.1919352631246056e+00   9.8270469982265176e+00   5.3952057187628917e+00   2.0513444375453815e-01   6.1264706540158258e+00
   2.7206576655110837e-02   5.1896769623433556e+00   9.8335777599452676e+00   5.3947174375128917e+00   2.0748429727016315e-01   6.1303769040158258e+00
   3.1112826655110837e-02   5.1896769623433556e+00   9.8257652599452676e+00   5.3947174375128917e+00   2.0769792031703815e-01   6.1303769040158258e+00
   3.1112826655110837e-02   5.1896769623433556e+00   9.8257652599452676e+00   5.3947174375128917e+00   2.0769792031703815e-01   6.1303769040158258e+00
   3.1112826655110837e-02   5.1886393646871056e+00   9.8257652599452676e+00   5.3947174375128917e+00   2.0769792031703815e-01   6.1303769040158258e+00
   3.1112826655110837e-02   5.1896769623433556e+00   9.8257652599452676e+00   5.3947174375128917e+00   2.0379167031703815e-01   6.1303769040158258e+00
   3.1112826655110837e-02   5.1896769623433556e+00   9.8257652599452676e+00   5.3947174375128917e+00   2.0379167031703815e-01   6.1264706540158258e+00
   3.1112826655110837e-02   5.1888835053121056e+00   9.8270469982265176e+00   5.3947174375128917e+00   2.0748429727016315e-01   6.1264706540158258e+00
   3.1112826655110837e-02   5.1896769623433556e+00   9.8257652599452676e+00   5.3947174375128917e+00   2.0769792031703815e-01   6.1303769040158258e+00
   3.1112826655110837e-02   5.1879069428121056e+00   9.8257652599452676e+00   5.3952667539191417e+00   2.0579057168422565e-01   6.1337490963986383e+00
   2.7206576655110837e-02   5.1896769623433556e+00   9.8270469982265176e+00   5.3947174375128917e+00   2.0379167031703815e-01   6.1303769040158258e+00
   3.1112826655110837e-02   5.1886393646871056e+00   9.8257652599452676e+00   5.3947174375128917e+00   2.0379167031703815e-01   6.1303769040158258e+00
   3.1112826655110837e-02   5.1896769623433556e+00   9.8257652599452676e+00   5.3947174375128917e+00   2.0379167031703815e-01   6.1303769040158258e+00
   3.1112826655110837e-02   5.1858927826558556e+00   9.8257652599452676e+00   5.3947174375128917e+00   2.0379167031703815e-01   6.1303769040158258e+00
   3.4942782709798337e-02   5.1977336029683556e+00   9.8357292492030801e+00   5.3962280576300792e+00   2.0769792031703815e-01   6.1303769040158258e+00
   3.1112826655110837e-02   5.1702677826558556e+00   9.8284050304530801e+00   5.3947174375128917e+00   2.0769792031703815e-01   6.1303769040158258e+00
   3.1112826655110837e-02   5.1896769623433556e+00   9.8257652599452676e+00   5.3947174375128917e+00   2.0769792031703815e-01   6.1303769040158258e+00
   3.1112826655110837e-02   5.1896769623433556e+00   9.8257652599452676e+00   5.3947174375128917e+00   2.0769792031703815e-01   6.1303769040158258e+00
   3.1112826655110837e-02   5.1896769623433556e+00   9.8257652599452676e+00   5.3947174375128917e+00   2.0379167031703815e-01   6.1303769040158258e+00
   3.1112826655110837e-02   5.1858927826558556e+00   9.8257652599452676e+00   5.3947174375128917e+00   2.0769792031703815e-01   6.1303769040158258e+00
   3.1112826655110837e-02   5.1858927826558556e+00   9.8257652599452676e+00   5.3947174375128917e+00   2.0769792031703815e-01   6.1303769040158258e+00
   3.1112826655110837e-02   5.1888835053121056e+00   9.8257652599452676e+00   5.3947174375128917e+00   2.0769792031703815e-01   6.1282864499142633e+00
   3.1112826655110837e-02   5.1896769623433556e+00   9.8270469982265176e+00   5.3923218076300792e+00   2.1027665566860065e-01   6.1303769040158258e+00
   3.1112826655110837e-02   5.1896769623433556e+00   9.8296715099452676e+00   5.3955719297003917e+00   2.0769792031703815e-01   6.1341916012814508e+00
   2.7206576655110837e-02   5.1899516205464806e+00   9.8257652599452676e+00   5.3947174375128917e+00   2.0748429727016315e-01   6.1303769040158258e+00
   3.1112826655110837e-02   5.1886393646871056e+00   9.8257652599452676e+00   5.3947174375128917e+00   2.0379167031703815e-01   6.1303769040158258e+00
   3.1112826655110837e-02   5.1896769623433556e+00   9.8257652599452676e+00   5.3947174375128917e+00   2.0379167031703815e-01   6.1303769040158258e+00
   3.1112826655110837e-02   5.1896769623433556e+00   9.8257652599452676e+00   5.3947174375128917e+00   2.0379167031703815e-01   6.1303769040158258e+00
   2.7206576655110837e-02   5.1896769623433556e+00   9.8257652599452676e+00   5.3947174375128917e+00   2.0379167031703815e-01   6.1303769040158258e+00
   2.7206576655110837e-02   5.1896769623433556e+00   9.8270469982265176e+00   5.3947174375128917e+00   2.0431046914516315e-01   6.1303769040158258e+00
   3.1112826655110837e-02   5.1888835053121056e+00   9.8257652599452676e+00   5.3947174375128917e+00   2.0769792031703815e-01   6.1303769040158258e+00
   3.1112826655110837e-02   5.1896769623433556e+00   9.8257652599452676e+00   5.3947174375128917e+00   2.0769792031703815e-01   6.1303769040158258e+00
   3.1112826655110837e-02   5.1896769623433556e+00   9.8257652599452676e+00   5.3947174375128917e+00   2.0769792031703815e-01   6.1303769040158258e+00
   2.7206576655110837e-02   5.1858927826558556e+00   9.8316246349452676e+00   5.3982269589972667e+00   2.0379167031703815e-01   6.1303769040158258e+00
   3.1112826655110837e-02   5.1896769623433556e+00   9.8262382824062051e+00   5.3947174375128917e+00   2.1160417031703815e-01   6.1303769040158258e+00
   3.1112826655110837e-02   5.1888835053121056e+00   9.8257652599452676e+00   5.3947174375128917e+00   2.0769792031703815e-01   6.1303769040158258e+00
   3.1112826655110837e-02   5.1896769623433556e+00   9.8270469982265176e+00   5.3947174375128917e+00   2.0379167031703815e-01   6.1303769040158258e+00
   3.1112826655110837e-02   5.1935832123433556e+00   9.8257652599452676e+00   5.3947174375128917e+00   2.0489030312953815e-01   6.1311856198361383e+00
   3.1112826655110837e-02   5.1896769623433556e+00   9.8257652599452676e+00   5.3947174375128917e+00   2.0748429727016315e-01   6.1303769040158258e+00
   3.1112826655110837e-02   5.1896769623433556e+00   9.8257652599452676e+00   5.3947174375128917e+00   2.0769792031703815e-01   6.1303769040158258e+00
   3.1112826655110837e-02   5.1896769623433556e+00   9.8257652599452676e+00   5.3947174375128917e+00   2.0431046914516315e-01   6.1303769040158258e+00
   3.1112826655110837e-02   5.1896769623433556e+00   9.8257652599452676e+00   5.3869049375128917e+00   2.0379167031703815e-01   6.1303769040158258e+00
   3.1112826655110837e-02   5.1896769623433556e+00   9.8257652599452676e+00   5.3947174375128917e+00   2.0769792031703815e-01   6.1303769040158258e+00
   3.1112826655110837e-02   5.1896769623433556e+00   9.8257652599452676e+00   5.3986236875128917e+00   2.0379167031703815e-01   6.1303769040158258e+00
   3.1112826655110837e-02   5.1896769623433556e+00   9.8257652599452676e+00   5.3947174375128917e+00   2.0769792031703815e-01   6.1303769040158258e+00
   3.1112826655110837e-02   5.1888835053121056e+00   9.8257652599452676e+00   5.3947174375128917e+00   2.0769792031703815e-01   6.1264706540158258e+00
   3.1112826655110837e-02   5.1858927826558556e+00   9.8270469982265176e+00   5.3947174375128917e+00   2.0748429727016315e-01   6.1303769040158258e+00
   3.1112826655110837e-02   5.1888835053121056e+00   9.8257652599452676e+00   5.3947174375128917e+00   2.0769792031703815e-01   6.1264706540158258e+00
   3.1112826655110837e-02   5.1857707123433556e+00   9.8257652599452676e+00   5.3973419492316417e+00   2.0379167031703815e-01   6.1303769040158258e+00
   3.1112826655110837e-02   5.1896769623433556e+00   9.8257652599452676e+00   5.3947174375128917e+00   2.0379167031703815e-01   6.1303769040158258e+00
   3.1112826655110837e-02   5.1896769623433556e+00   9.8257652599452676e+00   5.3947174375128917e+00   2.0769792031703815e-01   6.1311703610470758e+00
   2.7206576655110837e-02   5.1896769623433556e+00   9.8257652599452676e+00   5.3947174375128917e+00   2.0379167031703815e-01   6.1303769040158258e+00
   3.1112826655110837e-02   5.1896769623433556e+00   9.8257652599452676e+00   5.3947174375128917e+00   2.0769792031703815e-01   6.1303769040158258e+00
   3.1112826655110837e-02   5.1888835053121056e+00   9.8257652599452676e+00   5.3947174375128917e+00   2.0769792031703815e-01   6.1303769040158258e+00
   3.1112826655110837e-02   5.1896769623433556e+00   9.8257652599452676e+00   5.3947174375128917e+00   2.0769792031703815e-01   6.1303769040158258e+00
   2.6092685053548337e-02   5.1928050141011681e+00   9.8257652599452676e+00   5.3954803769660167e+00   2.1293168496547565e-01   6.1287289547970758e+00
   3.1112826655110837e-02   5.1888835053121056e+00   9.8257652599452676e+00   5.3947174375128917e+00   2.0769792031703815e-01   6.1264706540158258e+00
   3.1112826655110837e-02   5.1858927826558556e+00   9.8257652599452676e+00   5.3947174375128917e+00   2.0769792031703815e-01   6.1264706540158258e+00
   3.2882846186360837e-02   5.1896769623433556e+00   9.8257652599452676e+00   5.3947174375128917e+00   2.0379167031703815e-01   6.1303769040158258e+00
   3.1112826655110837e-02   5.1858927826558556e+00   9.8257652599452676e+00   5.3947174375128917e+00   2.0379167031703815e-01   6.1303769040158258e+00
   3.1112826655110837e-02   5.1896769623433556e+00   9.8257652599452676e+00   5.3947174375128917e+00   1.9988542031703815e-01   6.1303769040158258e+00
   3.1112826655110837e-02   5.1896769623433556e+00   9.8257652599452676e+00   5.3947174375128917e+00   2.0379167031703815e-01   6.1303769040158258e+00
   3.1112826655110837e-02   5.1893717865621056e+00   9.8257652599452676e+00   5.3947174375128917e+00   2.0669084023891315e-01   6.1364651608517633e+00
   3.1112826655110837e-02   5.1896769623433556e+00   9.8257652599452676e+00   5.3907501523566417e+00   2.0379167031703815e-01   6.1303769040158258e+00
   3.1112826655110837e-02   5.1858927826558556e+00   9.8270469982265176e+00   5.3947174375128917e+00   2.0748429727016315e-01   6.1354123044064508e+00
   3.1112826655110837e-02   5.1896769623433556e+00   9.8257652599452676e+00   5.3952667539191417e+00   2.0379167031703815e-01   6.1308651852658258e+00
   3.1112826655110837e-02   5.1896769623433556e+00   9.8270469982265176e+00   5.3947174375128917e+00   2.0379167031703815e-01   6.1303769040158258e+00
   3.1112826655110837e-02   5.1896769623433556e+00   9.8257652599452676e+00   5.3947174375128917e+00   2.0379167031703815e-01   6.1303769040158258e+00
   3.1112826655110837e-02   5.1917368988667931e+00   9.8257652599452676e+00   5.3986236875128917e+00   2.0601945352016315e-01   6.1303769040158258e+00
   3.1112826655110837e-02   5.1896769623433556e+00   9.8257652599452676e+00   5.3947174375128917e+00   2.0379167031703815e-01   6.1303769040158258e+00
   2.7206576655110837e-02   5.1896769623433556e+00   9.8257652599452676e+00   5.3947174375128917e+00   1.9988542031703815e-01   6.1303769040158258e+00
   3.1112826655110837e-02   5.1896769623433556e+00   9.8257652599452676e+00   5.3947174375128917e+00   2.0769792031703815e-01   6.1264706540158258e+00
   3.1112826655110837e-02   5.1888835053121056e+00   9.8257652599452676e+00   5.3947174375128917e+00   2.0769792031703815e-01   6.1225644040158258e+00
   3.1112826655110837e-02   5.1896769623433556e+00   9.8257652599452676e+00   5.3947174375128917e+00   2.0379167031703815e-01   6.1303769040158258e+00
   3.1112826655110837e-02   5.1888835053121056e+00   9.8257652599452676e+00   5.3947174375128917e+00   2.0769792031703815e-01   6.1264706540158258e+00
   3.1112826655110837e-02   5.1858927826558556e+00   9.8257652599452676e+00   5.3947174375128917e+00   2.0379167031703815e-01   6.1303769040158258e+00
   3.1112826655110837e-02   5.1919352631246056e+00   9.8257652599452676e+00   5.3952057187628917e+00   2.0769792031703815e-01   6.1264706540158258e+00
   3.4591830561360837e-02   5.1888835053121056e+00   9.8257652599452676e+00   5.3947174375128917e+00   2.0769792031703815e-01   6.1316586422970758e+00
   3.1112826655110837e-02   5.1896769623433556e+00   9.8257652599452676e+00   5.3947174375128917e+00   2.0379167031703815e-01   6.1303769040158258e+00
   3.1112826655110837e-02   5.1896769623433556e+00   9.8257652599452676e+00   5.3947174375128917e+00   2.0769792031703815e-01   6.1303769040158258e+00
   3.1112826655110837e-02   5.1896769623433556e+00   9.8257652599452676e+00   5.3947174375128917e+00   2.0379167031703815e-01   6.1303769040158258e+00
   3.1112826655110837e-02   5.1886393646871056e+00   9.8257652599452676e+00   5.3947174375128917e+00   2.0769792031703815e-01   6.1303769040158258e+00
   3.1112826655110837e-02   5.1931559662496056e+00   9.8325096447108926e+00   5.3961365048957042e+00   2.0769792031703815e-01   6.1321926999142633e+00
   3.1112826655110837e-02   5.1896769623433556e+00   9.8274742443202676e+00   5.3947174375128917e+00   2.1311479043422565e-01   6.1303769040158258e+00
   3.1112826655110837e-02   5.1896769623433556e+00   9.8257652599452676e+00   5.3947174375128917e+00   2.0769792031703815e-01   6.1303769040158258e+00
   3.4423983881673337e-02   5.1885630707417931e+00   9.8283134777187051e+00   5.3947174375128917e+00   2.0505814980922565e-01   6.1319027829220758e+00
   3.1112826655110837e-02   5.1888835053121056e+00   9.8257652599452676e+00   5.3947174375128917e+00   2.1355729531703815e-01   6.1352597165158258e+00
   3.1112826655110837e-02   5.1896769623433556e+00   9.8257652599452676e+00   5.3947174375128917e+00   2.0748429727016315e-01   6.1317501950314508e+00
   2.7206576655110837e-02   5.1896769623433556e+00   9.8270469982265176e+00   5.3981201474738292e+00   2.0748429727016315e-01   6.1303769040158258e+00
   2.7206576655110837e-02   5.1896769623433556e+00   9.8257652599452676e+00   5.3961517636847667e+00   2.0604997109828815e-01   6.1264706540158258e+00
   3.1112826655110837e-02   5.1896769623433556e+00   9.8257652599452676e+00   5.3947174375128917e+00   2.0379167031703815e-01   6.1303769040158258e+00
   3.1112826655110837e-02   5.1858927826558556e+00   9.8257652599452676e+00   5.3947174375128917e+00   2.0769792031703815e-01   6.1303769040158258e+00
   3.1112826655110837e-02   5.1896769623433556e+00   9.8257652599452676e+00   5.3947174375128917e+00   2.0769792031703815e-01   6.1303769040158258e+00
   3.1112826655110837e-02   5.1896769623433556e+00   9.8257652599452676e+00   5.3947174375128917e+00   2.0379167031703815e-01   6.1303769040158258e+00
   3.1952060053548337e-02   5.1849772553121056e+00   9.8450218517421426e+00   5.4200470273566417e+00   2.0379167031703815e-01   6.1264706540158258e+00
   1.9394076655110837e-02   5.1896769623433556e+00   9.8274742443202676e+00   5.3947174375128917e+00   2.0748429727016315e-01   6.1303769040158258e+00
   3.1112826655110837e-02   5.1896769623433556e+00   9.8257652599452676e+00   5.3947174375128917e+00   2.0769792031703815e-01   6.1225644040158258e+00
   3.1112826655110837e-02   5.1997019867574181e+00   9.8296715099452676e+00   5.3986084287238292e+00   2.0379167031703815e-01   6.1303769040158258e+00
   3.1112826655110837e-02   5.1937052826558556e+00   9.8264366466640176e+00   5.3958160703253917e+00   2.0855241250453815e-01   6.1316586422970758e+00
   3.1112826655110837e-02   5.1818644623433556e+00   9.8257652599452676e+00   5.3947174375128917e+00   2.0769792031703815e-01   6.1303769040158258e+00
   4.1061557123860837e-02   5.1907145599996056e+00   9.8343101818202676e+00   5.4024689023566417e+00   2.0653825234828815e-01   6.1303769040158258e+00
   3.3004916498860837e-02   5.1831462006246056e+00   9.8179527599452676e+00   5.4017975156378917e+00   2.0824723672328815e-01   6.1347714352658258e+00
   3.1112826655110837e-02   5.1888835053121056e+00   9.8257652599452676e+00   5.3947174375128917e+00   2.0769792031703815e-01   6.1186581540158258e+00
   3.8925326655110837e-02   5.1910807709371056e+00   9.8270469982265176e+00   5.3977081601691417e+00   2.1306901406703815e-01   6.1341000485470758e+00
   2.7206576655110837e-02   5.1931559662496056e+00   9.8335777599452676e+00   5.3980133359503917e+00   2.0487504434047565e-01   6.1303769040158258e+00
   3.1906283686360837e-02   5.1974894623433556e+00   9.8257652599452676e+00   5.3999664609503917e+00   2.1236710977016315e-01   6.1303769040158258e+00
   3.8925326655110837e-02   5.1858927826558556e+00   9.8257652599452676e+00   5.3947174375128917e+00   2.0379167031703815e-01   6.1310482907345758e+00
   3.4820712397298337e-02   5.1779582123433556e+00   9.8328148204921426e+00   5.4011871640753917e+00   2.1178727578578815e-01   6.1385403561642633e+00
   3.3981478998860837e-02   5.1896769623433556e+00   9.8257652599452676e+00   5.3870270078253917e+00   2.0379167031703815e-01   6.1423397946408258e+00
   2.3300326655110837e-02   5.1917521576558556e+00   9.8257652599452676e+00   5.3947174375128917e+00   2.1551042031703815e-01   6.1368466305783258e+00
   3.6056674311360837e-02   5.1895548920308556e+00   9.8279625255702676e+00   5.4025299375128917e+00   2.0769792031703815e-01   6.1264706540158258e+00
   4.0695346186360837e-02   5.1973063568746056e+00   9.8316856701015176e+00   5.3916656797003917e+00   2.1136002969203815e-01   6.1342221188595758e+00
   3.4897006342610837e-02   5.1910807709371056e+00   9.8257652599452676e+00   5.3869049375128917e+00   2.0769792031703815e-01   6.1359921383908258e+00
   3.1112826655110837e-02   5.1967570404683556e+00   9.8258262951015176e+00   5.3947174375128917e+00   1.9988542031703815e-01   6.1319027829220758e+00
   3.3554232905110837e-02   5.1896769623433556e+00   9.8313194591640176e+00   5.3947174375128917e+00   1.9597917031703815e-01   6.1225644040158258e+00
   3.7948764155110837e-02   5.1880137543355431e+00   9.8218590099452676e+00   5.3990356748175792e+00   2.1291642617641315e-01   6.1311093258908258e+00
   3.8620150873860837e-02   5.1947428803121056e+00   9.8179527599452676e+00   5.4013702695441417e+00   2.1093278359828815e-01   6.1317807126095758e+00
   3.8070834467610837e-02   5.1896769623433556e+00   9.8179527599452676e+00   5.3947174375128917e+00   2.1062760781703815e-01   6.1371518063595758e+00
   3.5446322748860837e-02   5.1740519623433556e+00   9.8257652599452676e+00   5.3947174375128917e+00   2.0830827187953815e-01   6.1331234860470758e+00
   3.3126986811360837e-02   5.1912028412496056e+00   9.8196617443202676e+00   5.3962433164191417e+00   2.1763139199672565e-01   6.1325741696408258e+00
   2.7206576655110837e-02   5.1974894623433556e+00   9.8279625255702676e+00   5.3973419492316417e+00   2.0431046914516315e-01   6.1303769040158258e+00
   3.1112826655110837e-02   5.1912638764058556e+00   9.8257652599452676e+00   5.4025299375128917e+00   2.0769792031703815e-01   6.1303769040158258e+00
   3.1112826655110837e-02   5.1916911224996056e+00   9.8257652599452676e+00   5.3977691953253917e+00   2.0336442422328815e-01   6.1327572751095758e+00
   3.8925326655110837e-02   5.1896769623433556e+00   9.8302818615077676e+00   5.3947174375128917e+00   2.0769792031703815e-01   6.1303769040158258e+00
   3.1112826655110837e-02   5.1896769623433556e+00   9.8257652599452676e+00   5.4015533750128917e+00   2.1551042031703815e-01   6.1303769040158258e+00
   2.6962436030110837e-02   5.1858927826558556e+00   9.8257652599452676e+00   5.3907501523566417e+00   2.0379167031703815e-01   6.1303769040158258e+00
   3.1112826655110837e-02   5.1888835053121056e+00   9.8257652599452676e+00   5.3869049375128917e+00   2.0769792031703815e-01   6.1303769040158258e+00
   3.8925326655110837e-02   5.1896769623433556e+00   9.8257652599452676e+00   5.3947174375128917e+00   2.0379167031703815e-01   6.1303769040158258e+00
   3.5995639155110837e-02   5.1955973724996056e+00   9.8179527599452676e+00   5.3994781797003917e+00   2.0971208047328815e-01   6.1358090329220758e+00
   3.1356967280110837e-02   5.1780802826558556e+00   9.8288780529140176e+00   5.4006988828253917e+00   2.1096330117641315e-01   6.1326962399533258e+00
   3.1173861811360837e-02   5.1896769623433556e+00   9.8257652599452676e+00   5.3907501523566417e+00   1.9816117715297565e-01   6.1303769040158258e+00
   2.3300326655110837e-02   5.1951090912496056e+00   9.8273521740077676e+00   5.3966705625128917e+00   2.1392350625453815e-01   6.1375180172970758e+00
   3.1112826655110837e-02   5.1896769623433556e+00   9.8179527599452676e+00   5.3947174375128917e+00   2.0769792031703815e-01   6.1303769040158258e+00
   3.1112826655110837e-02   5.1896769623433556e+00   9.8363853771327676e+00   5.4039337461066417e+00   1.9816117715297565e-01   6.1312771725705133e+00
   3.1112826655110837e-02   5.1896769623433556e+00   9.8257652599452676e+00   5.4025299375128917e+00   2.0379167031703815e-01   6.1317196774533258e+00
   3.1112826655110837e-02   5.1896769623433556e+00   9.8257652599452676e+00   5.4007599179816417e+00   2.0379167031703815e-01   6.1381894040158258e+00
   2.3300326655110837e-02   5.1858927826558556e+00   9.8396812755702676e+00   5.3907501523566417e+00   2.1941667031703815e-01   6.1303769040158258e+00
