   3.1112826655110837e-02   5.1886393646871056e+00   9.8257652599452676e+00   5.3947174375128917e+00   2.0661454629360065e-01   6.1264706540158258e+00
   3.1112826655110837e-02   5.1886393646871056e+00   9.8257652599452676e+00   5.3947174375128917e+00   2.0661454629360065e-01   6.1264706540158258e+00
   3.1112826655110837e-02   5.1886393646871056e+00   9.8257652599452676e+00   5.3947174375128917e+00   2.0661454629360065e-01   6.1264706540158258e+00
   3.1112826655110837e-02   5.1886393646871056e+00   9.8257652599452676e+00   5.3947174375128917e+00   2.0661454629360065e-01   6.1264706540158258e+00
   3.1112826655110837e-02   5.1886393646871056e+00   9.8257652599452676e+00   5.3947174375128917e+00   2.0661454629360065e-01   6.1264706540158258e+00
   3.1112826655110837e-02   5.1886393646871056e+00   9.8257652599452676e+00   5.3947174375128917e+00   2.0661454629360065e-01   6.1264706540158258e+00
   3.1112826655110837e-02   5.1886393646871056e+00   9.8257652599452676e+00   5.3947174375128917e+00   2.0661454629360065e-01   6.1264706540158258e+00
   3.1112826655110837e-02   5.1886393646871056e+00   9.8257652599452676e+00   5.3947174375128917e+00   2.0661454629360065e-01   6.1264706540158258e+00
   3.1112826655110837e-02   5.1886393646871056e+00   9.8257652599452676e+00   5.3947174375128917e+00   2.0661454629360065e-01   6.1264706540158258e+00
   3.1112826655110837e-02   5.1886393646871056e+00   9.8257652599452676e+00   5.3947174375128917e+00   2.0661454629360065e-01   6.1264706540158258e+00
   3.1112826655110837e-02   5.1886393646871056e+00   9.8257652599452676e+00   5.3947174375128917e+00   2.0661454629360065e-01   6.1264706540158258e+00
   3.1112826655110837e-02   5.1886393646871056e+00   9.8257652599452676e+00   5.3947174375128917e+00   2.0769792031703815e-01   6.1264706540158258e+00
   3.1112826655110837e-02   5.1888835053121056e+00   9.8257652599452676e+00   5.3947174375128917e+00   2.0661454629360065e-01   6.1264706540158258e+00
   3.1112826655110837e-02   5.1886393646871056e+00   9.8257652599452676e+00   5.3947174375128917e+00   2.0661454629360065e-01   6.1264706540158258e+00
   3.1112826655110837e-02   5.2160441498433556e+00   9.8257652599452676e+00   5.3947174375128917e+00   2.0661454629360065e-01   6.1264706540158258e+00
   3.1112826655110837e-02   5.1888835053121056e+00   9.8257652599452676e+00   5.3947174375128917e+00   2.0661454629360065e-01   6.1586972165158258e+00
   3.1112826655110837e-02   5.1886393646871056e+00   9.8257652599452676e+00   5.3947174375128917e+00   2.0661454629360065e-01   6.1264706540158258e+00
   3.1112826655110837e-02   5.1896769623433556e+00   9.8257652599452676e+00   5.3947174375128917e+00   1.7644792031703815e-01   6.1264706540158258e+00
   3.1112826655110837e-02   5.1886393646871056e+00   9.8257652599452676e+00   5.3947174375128917e+00   2.0661454629360065e-01   6.1264706540158258e+00
   3.1112826655110837e-02   5.1886393646871056e+00   9.8257652599452676e+00   5.3947174375128917e+00   2.0661454629360065e-01   6.1264706540158258e+00
   5.2597201655110837e-02   5.1886393646871056e+00   9.8257652599452676e+00   5.3947174375128917e+00   2.0661454629360065e-01   6.1264706540158258e+00
   3.1112826655110837e-02   5.1886393646871056e+00   9.8257652599452676e+00   5.3947174375128917e+00   2.0661454629360065e-01   6.1264706540158258e+00
   3.1112826655110837e-02   5.1886393646871056e+00   9.8257652599452676e+00   5.3947174375128917e+00   2.0661454629360065e-01   6.1264706540158258e+00
   3.1112826655110837e-02   5.1888835053121056e+00   9.8257652599452676e+00   5.3947174375128917e+00   2.0661454629360065e-01   6.1264706540158258e+00
   3.1112826655110837e-02   5.1888835053121056e+00   9.8257652599452676e+00   5.3947174375128917e+00   2.0769792031703815e-01   6.1264706540158258e+00
   3.1112826655110837e-02   5.1896769623433556e+00   9.8257652599452676e+00   5.4494049375128917e+00   2.0661454629360065e-01   6.1264706540158258e+00
   3.1112826655110837e-02   5.1886393646871056e+00   9.8257652599452676e+00   5.3947174375128917e+00   2.0661454629360065e-01   6.1264706540158258e+00
   3.1112826655110837e-02   5.1886393646871056e+00   9.8257652599452676e+00   5.3947174375128917e+00   2.0769792031703815e-01   6.1264706540158258e+00
   3.1112826655110837e-02   5.1886393646871056e+00   9.8257652599452676e+00   5.3947174375128917e+00   2.0661454629360065e-01   6.1264706540158258e+00
   3.1112826655110837e-02   5.1886393646871056e+00   9.8257652599452676e+00   5.3947174375128917e+00   2.0379167031703815e-01   6.1264706540158258e+00
   3.1112826655110837e-02   5.1886393646871056e+00   9.8257652599452676e+00   5.3947174375128917e+00   2.0661454629360065e-01   6.1264706540158258e+00
   3.1112826655110837e-02   5.1886393646871056e+00   9.8257652599452676e+00   5.3947174375128917e+00   1.9098954629360065e-01   6.1264706540158258e+00
   3.1112826655110837e-02   5.1886393646871056e+00   9.8257652599452676e+00   5.3947174375128917e+00   2.0661454629360065e-01   6.1264706540158258e+00
   3.1112826655110837e-02   5.1896769623433556e+00   9.8257652599452676e+00   5.3947174375128917e+00   2.0661454629360065e-01   6.1303769040158258e+00
   3.2821811030110837e-02   5.1888835053121056e+00   9.8257652599452676e+00   5.3947174375128917e+00   2.0769792031703815e-01   6.1368466305783258e+00
   7.2860873530110837e-02   5.1913249115621056e+00   9.8257652599452676e+00   5.3790924375128917e+00   2.0379167031703815e-01   6.1355038571408258e+00
   3.1112826655110837e-02   5.1886393646871056e+00   9.8257652599452676e+00   5.3947174375128917e+00   2.2799210977016315e-01   6.1264706540158258e+00
   3.1112826655110837e-02   5.1886393646871056e+00   9.8257652599452676e+00   5.3947174375128917e+00   2.0661454629360065e-01   6.1264706540158258e+00
   3.1112826655110837e-02   5.1888835053121056e+00   9.8257652599452676e+00   5.3947174375128917e+00   2.0379167031703815e-01   6.1264706540158258e+00
   3.1112826655110837e-02   5.2160441498433556e+00   9.8257652599452676e+00   5.3947174375128917e+00   2.0661454629360065e-01   6.1264706540158258e+00
   6.2362826655110837e-02   5.1888835053121056e+00   9.8257652599452676e+00   5.3947174375128917e+00   2.0769792031703815e-01   6.1264706540158258e+00
   3.1112826655110837e-02   5.1886393646871056e+00   9.8257652599452676e+00   5.3947174375128917e+00   2.0661454629360065e-01   6.1264706540158258e+00
   3.1112826655110837e-02   5.1886393646871056e+00   9.8257652599452676e+00   5.3947174375128917e+00   2.0661454629360065e-01   6.1264706540158258e+00
   3.1112826655110837e-02   5.1888835053121056e+00   9.8257652599452676e+00   5.3947174375128917e+00   2.0769792031703815e-01   6.1264706540158258e+00
   3.1112826655110837e-02   5.2209269623433556e+00   9.8257652599452676e+00   5.4020416562628917e+00   2.0769792031703815e-01   6.1311093258908258e+00
   3.1112826655110837e-02   5.1886393646871056e+00   9.8257652599452676e+00   5.3947174375128917e+00   2.0661454629360065e-01   6.1108456540158258e+00
   3.1112826655110837e-02   5.1888835053121056e+00   9.8257652599452676e+00   5.3947174375128917e+00   2.0661454629360065e-01   6.1264706540158258e+00
   4.6737826655110837e-02   5.1888835053121056e+00   9.8272301036952676e+00   5.4088775937628917e+00   2.0661454629360065e-01   6.1264706540158258e+00
   3.3065951655110837e-02   5.1886393646871056e+00   9.8257652599452676e+00   5.3947174375128917e+00   2.2712235879360065e-01   6.1264706540158258e+00
   4.6737826655110837e-02   5.1886393646871056e+00   9.8257652599452676e+00   5.3947174375128917e+00   2.0661454629360065e-01   6.1264706540158258e+00
   3.1112826655110837e-02   5.1888835053121056e+00   9.8257652599452676e+00   5.3947174375128917e+00   2.0691972207485065e-01   6.1264706540158258e+00
   3.1112826655110837e-02   5.1886393646871056e+00   9.8257652599452676e+00   5.3947174375128917e+00   2.3786454629360065e-01   6.1430722165158258e+00
   3.1112826655110837e-02   5.1886393646871056e+00   9.8257652599452676e+00   5.3947174375128917e+00   2.0769792031703815e-01   6.1264706540158258e+00
   3.2882846186360837e-02   5.1888835053121056e+00   9.8257652599452676e+00   5.3947174375128917e+00   2.0661454629360065e-01   6.1264706540158258e+00
   3.1112826655110837e-02   5.1888835053121056e+00   9.8257652599452676e+00   5.3947174375128917e+00   2.0661454629360065e-01   6.1303769040158258e+00
   3.1112826655110837e-02   5.1888835053121056e+00   9.8257652599452676e+00   5.3947174375128917e+00   2.3395829629360065e-01   6.1264706540158258e+00
   3.1112826655110837e-02   5.1974284271871056e+00   9.8101402599452676e+00   5.4047272031378917e+00   2.1515946816860065e-01   6.1420956540158258e+00
   3.1112826655110837e-02   5.1886393646871056e+00   9.8257652599452676e+00   5.3947174375128917e+00   2.0661454629360065e-01   6.1303769040158258e+00
   3.1112826655110837e-02   5.1886393646871056e+00   9.8257652599452676e+00   5.3947174375128917e+00   2.0661454629360065e-01   6.1264706540158258e+00
   3.1112826655110837e-02   5.1886393646871056e+00   9.8257652599452676e+00   5.3947174375128917e+00   2.0661454629360065e-01   6.1264706540158258e+00
   3.1112826655110837e-02   5.1886393646871056e+00   9.8257652599452676e+00   5.3947174375128917e+00   2.0691972207485065e-01   6.1264706540158258e+00
   3.1112826655110837e-02   5.1886393646871056e+00   9.8257652599452676e+00   5.3947174375128917e+00   2.0769792031703815e-01   6.1264706540158258e+00
   3.1112826655110837e-02   5.1886393646871056e+00   9.8257652599452676e+00   5.3947174375128917e+00   2.0661454629360065e-01   6.1264706540158258e+00
   3.1112826655110837e-02   5.1896769623433556e+00   9.8257652599452676e+00   5.3947174375128917e+00   2.0769792031703815e-01   6.1264706540158258e+00
   3.1112826655110837e-02   5.1886393646871056e+00   9.8257652599452676e+00   5.3947174375128917e+00   2.0661454629360065e-01   6.1264706540158258e+00
   3.1112826655110837e-02   5.1886393646871056e+00   9.8257652599452676e+00   5.3947174375128917e+00   1.9098954629360065e-01   6.1264706540158258e+00
   3.1112826655110837e-02   5.1888835053121056e+00   9.8257652599452676e+00   5.3947174375128917e+00   2.0661454629360065e-01   6.1264706540158258e+00
   4.6737826655110837e-02   5.1886393646871056e+00   9.8257652599452676e+00   5.3947174375128917e+00   2.0661454629360065e-01   6.1303769040158258e+00
   3.1112826655110837e-02   5.1886393646871056e+00   9.8257652599452676e+00   5.3908111875128917e+00   2.0769792031703815e-01   6.1264706540158258e+00
   3.1112826655110837e-02   5.1888835053121056e+00   9.8257652599452676e+00   5.3947174375128917e+00   2.0661454629360065e-01   6.1308651852658258e+00
   3.1112826655110837e-02   5.1886393646871056e+00   9.8257652599452676e+00   5.3947174375128917e+00   2.0769792031703815e-01   6.1264706540158258e+00
   3.1112826655110837e-02   5.1888835053121056e+00   9.8257652599452676e+00   5.3947174375128917e+00   2.0661454629360065e-01   6.1264706540158258e+00
   3.1112826655110837e-02   5.1886393646871056e+00   9.8257652599452676e+00   5.3947174375128917e+00   2.0661454629360065e-01   6.1264706540158258e+00
   2.7206576655110837e-02   5.1886393646871056e+00   9.8286949474452676e+00   5.3947174375128917e+00   2.0661454629360065e-01   6.1264706540158258e+00
   3.1112826655110837e-02   5.1886393646871056e+00   9.8257652599452676e+00   5.3947174375128917e+00   2.0661454629360065e-01   6.1264706540158258e+00
   6.2362826655110837e-02   5.1888835053121056e+00   9.8257652599452676e+00   5.3947174375128917e+00   2.0661454629360065e-01   6.1264706540158258e+00
   3.1112826655110837e-02   5.1888835053121056e+00   9.8257652599452676e+00   5.3947174375128917e+00   2.0769792031703815e-01   6.1264706540158258e+00
   3.1112826655110837e-02   5.1888835053121056e+00   9.8257652599452676e+00   5.3947174375128917e+00   2.0769792031703815e-01   6.1264706540158258e+00
   4.6737826655110837e-02   5.1886393646871056e+00   9.8301597911952676e+00   5.3947174375128917e+00   2.1795182656703815e-01   6.1928769040158258e+00
   4.3808139155110837e-02   5.1886393646871056e+00   9.8511558849452676e+00   5.3947174375128917e+00   2.3786454629360065e-01   6.1264706540158258e+00
   3.1112826655110837e-02   5.1886393646871056e+00   9.8257652599452676e+00   5.3947174375128917e+00   2.0661454629360065e-01   6.1264706540158258e+00
   3.1112826655110837e-02   5.1886393646871056e+00   9.8257652599452676e+00   5.3947174375128917e+00   2.0661454629360065e-01   6.1264706540158258e+00
   3.1112826655110837e-02   5.1886393646871056e+00   9.8257652599452676e+00   5.3947174375128917e+00   2.0661454629360065e-01   6.1303769040158258e+00
   3.1112826655110837e-02   5.1888835053121056e+00   9.8257652599452676e+00   5.3947174375128917e+00   2.0661454629360065e-01   6.1264706540158258e+00
   3.1112826655110837e-02   5.1886393646871056e+00   9.8257652599452676e+00   5.3947174375128917e+00   2.0661454629360065e-01   6.1264706540158258e+00
   3.1112826655110837e-02   5.1886393646871056e+00   9.8257652599452676e+00   5.3908111875128917e+00   2.0769792031703815e-01   6.1264706540158258e+00
   3.1112826655110837e-02   5.1886393646871056e+00   9.8257652599452676e+00   5.3947174375128917e+00   2.0661454629360065e-01   6.1303769040158258e+00
   3.1112826655110837e-02   5.1888835053121056e+00   9.8257652599452676e+00   5.3947174375128917e+00   2.0769792031703815e-01   6.1264706540158258e+00
   3.1112826655110837e-02   5.1888835053121056e+00   9.8257652599452676e+00   5.3947174375128917e+00   2.0661454629360065e-01   6.1264706540158258e+00
   3.1112826655110837e-02   5.1888835053121056e+00   9.8257652599452676e+00   5.3947174375128917e+00   2.0661454629360065e-01   6.1264706540158258e+00
   3.1112826655110837e-02   5.1886393646871056e+00   9.8257652599452676e+00   5.3947174375128917e+00   2.0661454629360065e-01   6.1303769040158258e+00
   3.1112826655110837e-02   5.1886393646871056e+00   9.8306480724452676e+00   5.3947174375128917e+00   2.1673112344203815e-01   6.1264706540158258e+00
   3.1112826655110837e-02   5.1957804779683556e+00   9.8396812755702676e+00   5.3947174375128917e+00   2.0832353066860065e-01   6.1264706540158258e+00
   3.1112826655110837e-02   5.1886393646871056e+00   9.8101402599452676e+00   5.3947174375128917e+00   2.0661454629360065e-01   6.1264706540158258e+00
   3.1112826655110837e-02   5.1896769623433556e+00   9.8257652599452676e+00   5.3947174375128917e+00   2.3308854531703815e-01   6.1264706540158258e+00
   3.1112826655110837e-02   5.1888835053121056e+00   9.8257652599452676e+00   5.3947174375128917e+00   2.0661454629360065e-01   6.1264706540158258e+00
   3.1112826655110837e-02   5.1886393646871056e+00   9.8257652599452676e+00   5.3947174375128917e+00   2.0769792031703815e-01   6.1264706540158258e+00
   3.1112826655110837e-02   5.1888835053121056e+00   9.8257652599452676e+00   5.3947174375128917e+00   2.0661454629360065e-01   6.1264706540158258e+00
   3.1112826655110837e-02   5.1888835053121056e+00   9.8257652599452676e+00   5.3947174375128917e+00   2.0661454629360065e-01   6.1264706540158258e+00
   3.1112826655110837e-02   5.1886393646871056e+00   9.8257652599452676e+00   5.3947174375128917e+00   2.0769792031703815e-01   6.1264706540158258e+00
   1.6464389155110837e-02   5.1886393646871056e+00   9.8394371349452676e+00   5.3978912656378917e+00   2.0661454629360065e-01   6.1337948727658258e+00
   3.1112826655110837e-02   5.1732585053121056e+00   9.8257652599452676e+00   5.3986236875128917e+00   2.0769792031703815e-01   6.1264706540158258e+00
   3.1112826655110837e-02   5.2198893646871056e+00   9.8257652599452676e+00   5.3947174375128917e+00   2.0661454629360065e-01   6.1264706540158258e+00
   3.1112826655110837e-02   5.1886393646871056e+00   9.8257652599452676e+00   5.3947174375128917e+00   2.0661454629360065e-01   6.1264706540158258e+00
   3.1112826655110837e-02   5.2396647553121056e+00   9.8531090099452676e+00   5.3947174375128917e+00   2.0661454629360065e-01   6.1264706540158258e+00
   5.8456576655110837e-02   5.2215983490621056e+00   9.8440758068202676e+00   5.4230377500128917e+00   2.0769792031703815e-01   6.0993710446408258e+00
   3.1112826655110837e-02   5.1888835053121056e+00   9.8257652599452676e+00   5.3947174375128917e+00   2.0769792031703815e-01   6.1264706540158258e+00
   3.1112826655110837e-02   5.1886393646871056e+00   9.8257652599452676e+00   5.3947174375128917e+00   2.0661454629360065e-01   6.1264706540158258e+00
   3.1112826655110837e-02   5.1886393646871056e+00   9.8257652599452676e+00   5.3947174375128917e+00   2.2223954629360065e-01   6.1264706540158258e+00
   3.1112826655110837e-02   5.1886393646871056e+00   9.8257652599452676e+00   5.3947174375128917e+00   2.0769792031703815e-01   6.1264706540158258e+00
   3.1112826655110837e-02   5.1925456146871056e+00   9.7957969982265176e+00   5.3947174375128917e+00   2.2429948281703815e-01   6.1606503415158258e+00
   3.1112826655110837e-02   5.1896769623433556e+00   9.8257652599452676e+00   5.3947174375128917e+00   2.0661454629360065e-01   6.1303769040158258e+00
   3.1112826655110837e-02   5.1984049896871056e+00   9.8257652599452676e+00   5.3947174375128917e+00   2.0661454629360065e-01   6.1401425290158258e+00
   3.6483920405110837e-02   5.2032878021871056e+00   9.8413902599452676e+00   5.3974029843878917e+00   2.2223954629360065e-01   6.1311093258908258e+00
   3.1112826655110837e-02   5.1886393646871056e+00   9.8257652599452676e+00   5.3947174375128917e+00   2.0661454629360065e-01   6.1264706540158258e+00
   3.1112826655110837e-02   5.1886393646871056e+00   9.8257652599452676e+00   5.3947174375128917e+00   2.0661454629360065e-01   6.1264706540158258e+00
   3.1112826655110837e-02   5.1886393646871056e+00   9.8257652599452676e+00   5.3947174375128917e+00   2.0661454629360065e-01   6.1264706540158258e+00
   3.1112826655110837e-02   5.1886393646871056e+00   9.8257652599452676e+00   5.3947174375128917e+00   2.0661454629360065e-01   6.1264706540158258e+00
   3.1112826655110837e-02   5.1886393646871056e+00   9.8257652599452676e+00   5.3947174375128917e+00   2.0661454629360065e-01   6.1264706540158258e+00
   3.1112826655110837e-02   5.1886393646871056e+00   9.8257652599452676e+00   5.3947174375128917e+00   2.0661454629360065e-01   6.1264706540158258e+00
   3.1112826655110837e-02   5.2333781342183556e+00   9.8430992443202676e+00   5.3947174375128917e+00   2.0691972207485065e-01   6.1264706540158258e+00
   3.1112826655110837e-02   5.1888835053121056e+00   9.8257652599452676e+00   5.3947174375128917e+00   2.0769792031703815e-01   6.1264706540158258e+00
   3.1112826655110837e-02   5.1886393646871056e+00   9.8257652599452676e+00   5.3947174375128917e+00   2.1258073281703815e-01   6.1264706540158258e+00
   3.1112826655110837e-02   5.1886393646871056e+00   9.8257652599452676e+00   5.3947174375128917e+00   2.0661454629360065e-01   6.1264706540158258e+00
   3.1112826655110837e-02   5.2209269623433556e+00   9.8257652599452676e+00   5.3947174375128917e+00   2.0769792031703815e-01   6.1264706540158258e+00
   3.1112826655110837e-02   5.1888835053121056e+00   9.8257652599452676e+00   5.3947174375128917e+00   2.0661454629360065e-01   6.1264706540158258e+00
   4.0878451655110837e-02   5.1886393646871056e+00   9.8257652599452676e+00   5.3947174375128917e+00   2.0661454629360065e-01   6.1264706540158258e+00
   3.1112826655110837e-02   5.1886393646871056e+00   9.8257652599452676e+00   5.3947174375128917e+00   2.0661454629360065e-01   6.1264706540158258e+00
   3.1112826655110837e-02   5.1886393646871056e+00   9.8609215099452676e+00   5.4572174375128917e+00   2.0769792031703815e-01   6.1264706540158258e+00
   3.1112826655110837e-02   5.2132365326558556e+00   9.8257652599452676e+00   5.3947174375128917e+00   2.0661454629360065e-01   6.1264706540158258e+00
   3.1112826655110837e-02   5.2037760834371056e+00   9.8257652599452676e+00   5.3790924375128917e+00   2.0794206094203815e-01   6.1264706540158258e+00
   3.1112826655110837e-02   5.1886393646871056e+00   9.8257652599452676e+00   5.3947174375128917e+00   2.0769792031703815e-01   6.1264706540158258e+00
   3.1112826655110837e-02   5.1886393646871056e+00   9.8257652599452676e+00   5.3947174375128917e+00   2.0661454629360065e-01   6.1264706540158258e+00
   3.1112826655110837e-02   5.1886393646871056e+00   9.8257652599452676e+00   5.3947174375128917e+00   2.0769792031703815e-01   6.1264706540158258e+00
  -1.3717334488916322e-04   5.1888835053121056e+00   9.8257652599452676e+00   5.3908111875128917e+00   2.0661454629360065e-01   6.1303769040158258e+00
   3.1112826655110837e-02   5.1886393646871056e+00   9.8257652599452676e+00   5.3947174375128917e+00   2.0661454629360065e-01   6.1264706540158258e+00
   3.1112826655110837e-02   5.1896769623433556e+00   9.8257652599452676e+00   5.3947174375128917e+00   2.0769792031703815e-01   6.1264706540158258e+00
   4.6737826655110837e-02   5.1886393646871056e+00   9.8257652599452676e+00   5.3947174375128917e+00   2.0661454629360065e-01   6.1264706540158258e+00
   3.1112826655110837e-02   5.1886393646871056e+00   9.8257652599452676e+00   5.3947174375128917e+00   2.0661454629360065e-01   6.1264706540158258e+00
   3.1112826655110837e-02   5.1886393646871056e+00   9.8257652599452676e+00   5.3947174375128917e+00   2.0661454629360065e-01   6.1264706540158258e+00
   3.1112826655110837e-02   5.1886393646871056e+00   9.8257652599452676e+00   5.3947174375128917e+00   2.0661454629360065e-01   6.1264706540158258e+00
   3.1112826655110837e-02   5.1886393646871056e+00   9.8257652599452676e+00   5.3947174375128917e+00   2.0661454629360065e-01   6.1264706540158258e+00
   3.1112826655110837e-02   5.1888835053121056e+00   9.8257652599452676e+00   5.3947174375128917e+00   2.0661454629360065e-01   6.1264706540158258e+00
   3.1112826655110837e-02   5.1886393646871056e+00   9.8257652599452676e+00   5.3947174375128917e+00   2.0661454629360065e-01   6.1264706540158258e+00
   4.6493686030110837e-02   5.1888835053121056e+00   9.8257652599452676e+00   5.4103424375128917e+00   2.0379167031703815e-01   6.1303769040158258e+00
   3.1112826655110837e-02   5.1886393646871056e+00   9.8257652599452676e+00   5.3947174375128917e+00   2.0653825234828815e-01   6.1264706540158258e+00
   3.1112826655110837e-02   5.1896769623433556e+00   9.8257652599452676e+00   5.3966705625128917e+00   2.0769792031703815e-01   6.1303769040158258e+00
   3.1112826655110837e-02   5.1888835053121056e+00   9.8257652599452676e+00   5.3947174375128917e+00   2.0661454629360065e-01   6.1264706540158258e+00
   3.1112826655110837e-02   5.1886393646871056e+00   9.8257652599452676e+00   5.3947174375128917e+00   2.0661454629360065e-01   6.1264706540158258e+00
   3.1112826655110837e-02   5.1886393646871056e+00   9.8257652599452676e+00   5.4025299375128917e+00   2.0769792031703815e-01   6.1264706540158258e+00
   3.1112826655110837e-02   5.1886393646871056e+00   9.8257652599452676e+00   5.3947174375128917e+00   2.0661454629360065e-01   6.1264706540158258e+00
   3.1112826655110837e-02   5.1888835053121056e+00   9.8257652599452676e+00   5.3947174375128917e+00   2.0691972207485065e-01   6.1264706540158258e+00
   3.1112826655110837e-02   5.1888835053121056e+00   9.8257652599452676e+00   5.3947174375128917e+00   2.0661454629360065e-01   6.1264706540158258e+00
   3.1112826655110837e-02   5.1886393646871056e+00   9.8257652599452676e+00   5.3964264218878917e+00   2.0661454629360065e-01   6.1264706540158258e+00
   3.1112826655110837e-02   5.1888835053121056e+00   9.8257652599452676e+00   5.3947174375128917e+00   2.0661454629360065e-01   6.1264706540158258e+00
   3.1112826655110837e-02   5.1730143646871056e+00   9.8367515880702676e+00   5.3947174375128917e+00   2.0661454629360065e-01   6.1320858883908258e+00
   3.1112826655110837e-02   5.1928507904683556e+00   9.8257652599452676e+00   5.3947174375128917e+00   2.0769792031703815e-01   6.1264706540158258e+00
   3.1112826655110837e-02   5.1888835053121056e+00   9.8257652599452676e+00   5.3947174375128917e+00   2.0769792031703815e-01   6.1303769040158258e+00
   3.1112826655110837e-02   5.1888835053121056e+00   9.8257652599452676e+00   5.3947174375128917e+00   2.0661454629360065e-01   6.1264706540158258e+00
   3.1112826655110837e-02   5.1888835053121056e+00   9.8257652599452676e+00   5.3947174375128917e+00   2.0769792031703815e-01   6.1264706540158258e+00
   3.1112826655110837e-02   5.1896769623433556e+00   9.8257652599452676e+00   5.3947174375128917e+00   2.0661454629360065e-01   6.1264706540158258e+00
   3.1112826655110837e-02   5.1886393646871056e+00   9.8270469982265176e+00   5.3947174375128917e+00   1.7644792031703815e-01   6.1303769040158258e+00
   3.1112826655110837e-02   5.1886393646871056e+00   9.8257652599452676e+00   5.3947174375128917e+00   2.0769792031703815e-01   6.1264706540158258e+00
   3.1112826655110837e-02   5.1896769623433556e+00   9.8570152599452676e+00   5.3947174375128917e+00   2.0661454629360065e-01   6.1264706540158258e+00
   3.9901889155110837e-02   5.1886393646871056e+00   9.8257652599452676e+00   5.4103424375128917e+00   2.0661454629360065e-01   6.1108456540158258e+00
   3.1112826655110837e-02   5.1886393646871056e+00   9.8257652599452676e+00   5.3947174375128917e+00   2.0661454629360065e-01   6.1264706540158258e+00
   5.6991732905110837e-02   5.2182414154683556e+00   9.8885856945155801e+00   5.3947174375128917e+00   2.0661454629360065e-01   6.1264706540158258e+00
   3.1112826655110837e-02   5.1886393646871056e+00   9.8257652599452676e+00   5.3947174375128917e+00   2.0661454629360065e-01   6.1264706540158258e+00
   3.1112826655110837e-02   5.1886393646871056e+00   9.8257652599452676e+00   5.3947174375128917e+00   2.0661454629360065e-01   6.1264706540158258e+00
   3.1112826655110837e-02   5.1888835053121056e+00   9.8257652599452676e+00   5.3947174375128917e+00   2.0769792031703815e-01   6.1264706540158258e+00
   3.1112826655110837e-02   5.1896769623433556e+00   9.8257652599452676e+00   5.3947174375128917e+00   2.0661454629360065e-01   6.1303769040158258e+00
   3.1112826655110837e-02   5.1886393646871056e+00   9.8257652599452676e+00   5.3947174375128917e+00   2.0661454629360065e-01   6.1264706540158258e+00
   3.1112826655110837e-02   5.1886393646871056e+00   9.8257652599452676e+00   5.3947174375128917e+00   2.0769792031703815e-01   6.1264706540158258e+00
   3.1112826655110837e-02   5.1896769623433556e+00   9.8257652599452676e+00   5.4181549375128917e+00   2.0661454629360065e-01   6.1264706540158258e+00
   3.1112826655110837e-02   5.1888835053121056e+00   9.8257652599452676e+00   5.3947174375128917e+00   2.0661454629360065e-01   6.1264706540158258e+00
   3.1112826655110837e-02   5.1886393646871056e+00   9.8257652599452676e+00   5.3947174375128917e+00   2.0769792031703815e-01   6.1264706540158258e+00
   3.1112826655110837e-02   5.1896769623433556e+00   9.8270469982265176e+00   5.3947174375128917e+00   2.0379167031703815e-01   6.1334744381955133e+00
   3.1112826655110837e-02   5.1886393646871056e+00   9.8257652599452676e+00   5.3947174375128917e+00   2.0379167031703815e-01   6.1264706540158258e+00
   2.3300326655110837e-02   5.1958415131246056e+00   9.8332115490077676e+00   5.3947174375128917e+00   2.1174149941860065e-01   6.1278134274533258e+00
   3.8925326655110837e-02   5.1886393646871056e+00   9.8257652599452676e+00   5.3947174375128917e+00   2.0801835488735065e-01   6.1264706540158258e+00
   3.1112826655110837e-02   5.1886393646871056e+00   9.8288170177577676e+00   5.3950836484503917e+00   2.0661454629360065e-01   6.1342831540158258e+00
   3.1112826655110837e-02   5.1886393646871056e+00   9.8257652599452676e+00   5.3947174375128917e+00   2.0727067422328815e-01   6.1342831540158258e+00
   3.1112826655110837e-02   5.1886393646871056e+00   9.8265587169765176e+00   5.3947174375128917e+00   1.9880204629360065e-01   6.1264706540158258e+00
   3.5568393061360837e-02   5.1888835053121056e+00   9.8257652599452676e+00   5.3964874570441417e+00   2.0769792031703815e-01   6.1342831540158258e+00
   3.8681186030110837e-02   5.2048747162496056e+00   9.8274132091640176e+00   5.4025299375128917e+00   2.0930009316860065e-01   6.1264706540158258e+00
   4.6737826655110837e-02   5.1808268646871056e+00   9.8286949474452676e+00   5.3947174375128917e+00   2.0899491738735065e-01   6.1264706540158258e+00
   3.1112826655110837e-02   5.1962687592183556e+00   9.8257652599452676e+00   5.3958771054816417e+00   1.9880204629360065e-01   6.1264706540158258e+00
   3.1112826655110837e-02   5.1886393646871056e+00   9.8335777599452676e+00   5.3869049375128917e+00   2.1247392129360065e-01   6.1294003415158258e+00
   2.3300326655110837e-02   5.1936442474996056e+00   9.8267418224452676e+00   5.3975250547003917e+00   2.1381669473110065e-01   6.1300106930783258e+00
   3.1112826655110837e-02   5.1908366303121056e+00   9.8335777599452676e+00   5.3947174375128917e+00   2.1320634316860065e-01   6.1264706540158258e+00
   3.1112826655110837e-02   5.1886393646871056e+00   9.8257652599452676e+00   5.4025299375128917e+00   2.0661454629360065e-01   6.1264706540158258e+00
   4.0634311030110837e-02   5.1886393646871056e+00   9.8179527599452676e+00   5.3165924375128917e+00   2.0769792031703815e-01   6.1303769040158258e+00
   3.1112826655110837e-02   5.1888835053121056e+00   9.8257652599452676e+00   5.3947174375128917e+00   1.9988542031703815e-01   6.1292172360470758e+00
   3.8925326655110837e-02   5.1964518646871056e+00   9.8257652599452676e+00   5.3947174375128917e+00   2.0661454629360065e-01   6.1264706540158258e+00
   3.4897006342610837e-02   5.1910197357808556e+00   9.8179527599452676e+00   5.3992340390753917e+00   2.0661454629360065e-01   6.1455136227658258e+00
   3.1418002436360837e-02   5.1935221771871056e+00   9.8335777599452676e+00   5.3709137265753917e+00   2.2284989785610065e-01   6.1284848141720758e+00
   3.8925326655110837e-02   5.2201335053121056e+00   9.8323570568202676e+00   5.3947174375128917e+00   2.0661454629360065e-01   6.1264706540158258e+00
   3.8070834467610837e-02   5.1886393646871056e+00   9.8179527599452676e+00   5.3947174375128917e+00   2.0661454629360065e-01   6.1264706540158258e+00
   3.1112826655110837e-02   5.1896769623433556e+00   9.8179527599452676e+00   5.3947174375128917e+00   2.0952897500453815e-01   6.1264706540158258e+00
   2.3300326655110837e-02   5.1958415131246056e+00   9.8257652599452676e+00   5.3956940000128917e+00   2.0661454629360065e-01   6.1264706540158258e+00
   3.1112826655110837e-02   5.1964518646871056e+00   9.8257652599452676e+00   5.3956329648566417e+00   2.0893388223110065e-01   6.1341000485470758e+00
   2.3300326655110837e-02   5.1886393646871056e+00   9.8257652599452676e+00   5.3947174375128917e+00   2.0661454629360065e-01   6.1264706540158258e+00
   3.4225619623860837e-02   5.1945597748433556e+00   9.8335777599452676e+00   5.3983185117316417e+00   2.0948319863735065e-01   6.1303158688595758e+00
   3.7155307123860837e-02   5.1887003998433556e+00   9.8313194591640176e+00   5.3869049375128917e+00   2.1393876504360065e-01   6.1279965329220758e+00
   3.1112826655110837e-02   5.1893107514058556e+00   9.8286949474452676e+00   5.3963653867316417e+00   2.1338944863735065e-01   6.1342831540158258e+00
   3.7216342280110837e-02   5.2094523529683556e+00   9.8347984630702676e+00   5.3956940000128917e+00   2.0710282754360065e-01   6.1440487790158258e+00
   3.1112826655110837e-02   5.1966960053121056e+00   9.8257652599452676e+00   5.3996002500128917e+00   2.0769792031703815e-01   6.1264706540158258e+00
   3.7033236811360837e-02   5.1886393646871056e+00   9.8257652599452676e+00   5.3947174375128917e+00   1.9880204629360065e-01   6.1300717282345758e+00
   2.3300326655110837e-02   5.1940714935933556e+00   9.8285728771327676e+00   5.3975250547003917e+00   2.0862870644985065e-01   6.1265927243283258e+00
   3.8925326655110837e-02   5.1919962982808556e+00   9.8326011974452676e+00   5.3990509336066417e+00   2.1332841348110065e-01   6.1326962399533258e+00
   3.6056674311360837e-02   5.1935832123433556e+00   9.8300377208827676e+00   5.3974640195441417e+00   2.1442704629360065e-01   6.1329403805783258e+00
   3.4103549311360837e-02   5.1964518646871056e+00   9.8317467052577676e+00   5.3989288632941417e+00   2.1021562051235065e-01   6.1307431149533258e+00
   3.1112826655110837e-02   5.1886393646871056e+00   9.8257652599452676e+00   5.3947174375128917e+00   2.0379167031703815e-01   6.1186581540158258e+00
   3.7338412592610837e-02   5.1907145599996056e+00   9.8257652599452676e+00   5.3869049375128917e+00   2.1216874551235065e-01   6.1264706540158258e+00
   3.5751498530110837e-02   5.1929728607808556e+00   9.8257652599452676e+00   5.3964874570441417e+00   1.9988542031703815e-01   6.1297665524533258e+00
   3.5202182123860837e-02   5.1886393646871056e+00   9.8179527599452676e+00   5.3999054257941417e+00   2.0661454629360065e-01   6.1277523922970758e+00
   4.7226107905110837e-02   5.1959635834371056e+00   9.8333946544765176e+00   5.3980133359503917e+00   2.1599870156703815e-01   6.1131649899533258e+00
   3.1112826655110837e-02   5.1925456146871056e+00   9.8257652599452676e+00   5.4025299375128917e+00   2.0661454629360065e-01   6.1264706540158258e+00
   3.6483920405110837e-02   5.1957194428121056e+00   9.8277183849452676e+00   5.3963653867316417e+00   2.1442704629360065e-01   6.1328183102658258e+00
   3.8925326655110837e-02   5.1886393646871056e+00   9.8257652599452676e+00   5.3947174375128917e+00   2.0850663613735065e-01   6.1283017087033258e+00
