   3.0187285731038571e-02   5.1893324474965539e+00   9.8241977322934808e+00   5.3933016930890254e+00   2.0706330966411457e-01   6.1265263992598520e+00
   3.0187285731038571e-02   5.1893324474965539e+00   9.8241977322934808e+00   5.3933016930890254e+00   2.0706330966411457e-01   6.1265263992598520e+00
   3.0187285731038571e-02   5.1893324474965539e+00   9.8241977322934808e+00   5.3933016930890254e+00   2.0706330966411457e-01   6.1265263992598520e+00
   3.0187285731038571e-02   5.1893324474965539e+00   9.8241977322934808e+00   5.3933016930890254e+00   2.0706330966411457e-01   6.1265263992598520e+00
   3.0187285731038571e-02   5.1893324474965539e+00   9.8241977322934808e+00   5.3933016930890254e+00   2.0706330966411457e-01   6.1265263992598520e+00
   3.0187285731038571e-02   5.1893324474965539e+00   9.8241977322934808e+00   5.3933016930890254e+00   2.0706330966411457e-01   6.1265263992598520e+00
   3.0187285731038571e-02   5.1893324474965539e+00   9.8241977322934808e+00   5.3933016930890254e+00   2.0706330966411457e-01   6.1265263992598520e+00
   3.0187285731038571e-02   5.1893324474965539e+00   9.8241977322934808e+00   5.3933016930890254e+00   2.0706330966411457e-01   6.1265263992598520e+00
   3.0187285731038571e-02   5.1893324474965539e+00   9.8241977322934808e+00   5.3933016930890254e+00   2.0706330966411457e-01   6.1265263992598520e+00
   3.0187285731038571e-02   5.1893324474965539e+00   9.8241977322934808e+00   5.3933016930890254e+00   2.0706330966411457e-01   6.1265263992598520e+00
   3.0187285731038571e-02   5.1893324474965539e+00   9.8241977322934808e+00   5.3933016930890254e+00   2.0706330966411457e-01   6.1265263992598520e+00
   3.0187285731038571e-02   5.1892103771840539e+00   9.8242144811986627e+00   5.3933016930890254e+00   2.0716048013625965e-01   6.1265263992598520e+00
   3.0187285731038571e-02   5.1893324474965539e+00   9.8241977322934808e+00   5.3933016930890254e+00   2.0706330966411457e-01   6.1265263992598520e+00
   3.0187285731038571e-02   5.1893324474965539e+00   9.8241977322934808e+00   5.3933016930890254e+00   2.0706330966411457e-01   6.1265263992598520e+00
   3.0187285731038571e-02   5.1893324474965539e+00   9.8241977322934808e+00   5.3933016930890254e+00   2.0706330966411457e-01   6.1266146141341196e+00
   3.0187285731038571e-02   5.1893324474965539e+00   9.8242240179418268e+00   5.3933016930890254e+00   2.0706330966411457e-01   6.1265263992598520e+00
   3.0187285731038571e-02   5.1893324474965539e+00   9.8241977322934808e+00   5.3933016930890254e+00   2.0706330966411457e-01   6.1265263992598520e+00
   3.0187285731038571e-02   5.1893324474965539e+00   9.8241977322934808e+00   5.3933016930890254e+00   2.0706330966411457e-01   6.1265263992598520e+00
   3.0187285731038571e-02   5.1893324474965539e+00   9.8241977322934808e+00   5.3933016930890254e+00   2.0706330966411457e-01   6.1265263992598520e+00
   3.0187285731038571e-02   5.1893324474965539e+00   9.8242986578582467e+00   5.3933016930890254e+00   2.0706330966411457e-01   6.1265289920618997e+00
   3.0065215418538571e-02   5.1893324474965539e+00   9.8241977322934808e+00   5.3933016930890254e+00   2.0715408753810749e-01   6.1265263992598520e+00
   3.0187285731038571e-02   5.1893324474965539e+00   9.8242625672458352e+00   5.3933016930890254e+00   2.0706330966411457e-01   6.1265263992598520e+00
   3.0187285731038571e-02   5.1893324474965539e+00   9.8241977322934808e+00   5.3933016930890254e+00   2.0706330966411457e-01   6.1265263992598520e+00
   3.0187285731038571e-02   5.1893324474965539e+00   9.8241977322934808e+00   5.3933631454777888e+00   2.0717415940223560e-01   6.1266055244257913e+00
   3.0187285731038571e-02   5.1893324474965539e+00   9.8241977322934808e+00   5.3933016930890254e+00   2.0706330966411457e-01   6.1265263992598520e+00
   3.0187285731038571e-02   5.1893324474965539e+00   9.8241977322934808e+00   5.3933016930890254e+00   2.0718537997661457e-01   6.1265263992598520e+00
   3.0225835035047055e-02   5.1893324474965539e+00   9.8241977322934808e+00   5.3933016930890254e+00   2.0706330966411457e-01   6.1265263992598520e+00
   3.0282608459195615e-02   5.1894257287656274e+00   9.8240756619809808e+00   5.3933016930890254e+00   2.0718537997661457e-01   6.1265263992598520e+00
   3.0187285731038571e-02   5.1893324474965539e+00   9.8243198026059808e+00   5.3933016930890254e+00   2.0706330966411457e-01   6.1265263992598520e+00
   3.0187285731038571e-02   5.1893324474965539e+00   9.8241977322934808e+00   5.3933016930890254e+00   2.0706330966411457e-01   6.1265263992598520e+00
   3.0187285731038571e-02   5.1893324474965539e+00   9.8241977322934808e+00   5.3933016930890254e+00   2.0706330966411457e-01   6.1265263992598520e+00
   3.0187285731038571e-02   5.1893324474965539e+00   9.8241977322934808e+00   5.3933016930890254e+00   2.0706330966411457e-01   6.1265263992598520e+00
   3.0187285731038571e-02   5.1893324474965539e+00   9.8241977322934808e+00   5.3933016930890254e+00   2.0706330966411457e-01   6.1265263992598520e+00
   3.0248112271031857e-02   5.1893324474965539e+00   9.8242427636026086e+00   5.3933684204888515e+00   2.0706330966411457e-01   6.1265263992598520e+00
   3.0187285731038571e-02   5.1893324474965539e+00   9.8241977322934808e+00   5.3933016930890254e+00   2.0706330966411457e-01   6.1266484695723520e+00
   3.0187285731038571e-02   5.1893324474965539e+00   9.8241977322934808e+00   5.3933016930890254e+00   2.0706330966411457e-01   6.1265263992598520e+00
   3.0187285731038571e-02   5.1893324474965539e+00   9.8241977322934808e+00   5.3933016930890254e+00   2.0706330966411457e-01   6.1265263992598520e+00
   3.0187285731038571e-02   5.1893324474965539e+00   9.8241977322934808e+00   5.3933016930890254e+00   2.0706330966411457e-01   6.1265263992598520e+00
   3.0187285731038571e-02   5.1893324474965539e+00   9.8241977322934808e+00   5.3933016930890254e+00   2.0706330966411457e-01   6.1265263992598520e+00
   3.0187285731038571e-02   5.1893324474965539e+00   9.8241977322934808e+00   5.3933016930890254e+00   2.0706330966411457e-01   6.1265263992598520e+00
   3.0187285731038571e-02   5.1893324474965539e+00   9.8241977322934808e+00   5.3933016930890254e+00   2.0706330966411457e-01   6.1265263992598520e+00
   3.0187285731038571e-02   5.1893865983163323e+00   9.8241977322934808e+00   5.3933016930890254e+00   2.0706330966411457e-01   6.1265263992598520e+00
   3.0187285731038571e-02   5.1893324474965539e+00   9.8241977322934808e+00   5.3933016930890254e+00   2.0706330966411457e-01   6.1265263992598520e+00
   3.0187285731038571e-02   5.1893324474965539e+00   9.8241977322934808e+00   5.3933016930890254e+00   2.0706575345455036e-01   6.1265606570294366e+00
   3.0187285731038571e-02   5.1893324474965539e+00   9.8241977322934808e+00   5.3933016930890254e+00   2.0706330966411457e-01   6.1265263992598520e+00
   3.0210010001859189e-02   5.1894418816243615e+00   9.8242274452089013e+00   5.3933270995688609e+00   2.0694123935161457e-01   6.1265542793324457e+00
   3.0187285731038571e-02   5.1893324474965539e+00   9.8241977322934808e+00   5.3933016930890254e+00   2.0706330966411457e-01   6.1265263992598520e+00
   3.0341572354039670e-02   5.1893870751534905e+00   9.8241977322934808e+00   5.3933745746684245e+00   2.0717564951835499e-01   6.1264043289473520e+00
   3.0187285731038571e-02   5.1893324474965539e+00   9.8241977322934808e+00   5.3933016930890254e+00   2.0706330966411457e-01   6.1265263992598520e+00
   3.0187285731038571e-02   5.1893324474965539e+00   9.8241977322934808e+00   5.3933016930890254e+00   2.0706330966411457e-01   6.1265263992598520e+00
   3.0263430664739133e-02   5.1894928584968056e+00   9.8241977322934808e+00   5.3933896546435527e+00   2.0706330966411457e-01   6.1265825170329080e+00
   3.0187285731038571e-02   5.1894205878650155e+00   9.8241977322934808e+00   5.3933016930890254e+00   2.0706330966411457e-01   6.1265263992598520e+00
   3.0187285731038571e-02   5.1893324474965539e+00   9.8241977322934808e+00   5.3932354425263576e+00   2.0706330966411457e-01   6.1266326147368417e+00
   3.0187285731038571e-02   5.1893324474965539e+00   9.8241977322934808e+00   5.3933016930890254e+00   2.0706330966411457e-01   6.1265584814599023e+00
   3.0187285731038571e-02   5.1893865983163323e+00   9.8241977322934808e+00   5.3933016930890254e+00   2.0706330966411457e-01   6.1265263992598520e+00
   3.0187285731038571e-02   5.1893324474965539e+00   9.8241977322934808e+00   5.3933016930890254e+00   2.0706330966411457e-01   6.1265263992598520e+00
   3.0187285731038571e-02   5.1893324474965539e+00   9.8241977322934808e+00   5.3933016930890254e+00   2.0706330966411457e-01   6.1265263992598520e+00
   3.0299238155087949e-02   5.1893324474965539e+00   9.8242147494195642e+00   5.3931796227765254e+00   2.0706330966411457e-01   6.1265263992598520e+00
   3.0187285731038571e-02   5.1893324474965539e+00   9.8241977322934808e+00   5.3933016930890254e+00   2.0706330966411457e-01   6.1265263992598520e+00
   3.0123419354161740e-02   5.1893668989812340e+00   9.8241977322934808e+00   5.3933016930890254e+00   2.0694123935161457e-01   6.1266368168642984e+00
   3.0187285731038571e-02   5.1893324474965539e+00   9.8241977322934808e+00   5.3933016930890254e+00   2.0706330966411457e-01   6.1265263992598520e+00
   3.0187285731038571e-02   5.1893324474965539e+00   9.8241977322934808e+00   5.3933016930890254e+00   2.0706330966411457e-01   6.1265263992598520e+00
   3.0187285731038571e-02   5.1893324474965539e+00   9.8241977322934808e+00   5.3933016930890254e+00   2.0706330966411457e-01   6.1265263992598520e+00
   3.0187285731038571e-02   5.1893324474965539e+00   9.8241977322934808e+00   5.3933016930890254e+00   2.0706330966411457e-01   6.1265263992598520e+00
   3.0187285731038571e-02   5.1893324474965539e+00   9.8241977322934808e+00   5.3933016930890254e+00   2.0706330966411457e-01   6.1265263992598520e+00
   3.0187285731038571e-02   5.1893324474965539e+00   9.8241977322934808e+00   5.3933016930890254e+00   2.0706330966411457e-01   6.1265263992598520e+00
   3.0187285731038571e-02   5.1893324474965539e+00   9.8241977322934808e+00   5.3933016930890254e+00   2.0706330966411457e-01   6.1265263992598520e+00
   3.0187285731038571e-02   5.1893324474965539e+00   9.8241977322934808e+00   5.3933016930890254e+00   2.0706330966411457e-01   6.1265263992598520e+00
   3.0250690171918393e-02   5.1893324474965539e+00   9.8242173571227731e+00   5.3933354591202907e+00   2.0706330966411457e-01   6.1265263992598520e+00
   3.0187285731038571e-02   5.1893324474965539e+00   9.8241977322934808e+00   5.3933016930890254e+00   2.0706330966411457e-01   6.1265263992598520e+00
   3.0187285731038571e-02   5.1893324474965539e+00   9.8241977322934808e+00   5.3933016930890254e+00   2.0706330966411457e-01   6.1265263992598520e+00
   3.0187285731038571e-02   5.1893324474965539e+00   9.8241977322934808e+00   5.3933016930890254e+00   2.0706330966411457e-01   6.1265263992598520e+00
   3.0187285731038571e-02   5.1893324474965539e+00   9.8241977322934808e+00   5.3933016930890254e+00   2.0706330966411457e-01   6.1264043289473520e+00
   3.0187285731038571e-02   5.1893324474965539e+00   9.8241977322934808e+00   5.3933016930890254e+00   2.0706330966411457e-01   6.1265263992598520e+00
   3.0187285731038571e-02   5.1893324474965539e+00   9.8241977322934808e+00   5.3933016930890254e+00   2.0706330966411457e-01   6.1265263992598520e+00
   3.0187285731038571e-02   5.1893324474965539e+00   9.8241977322934808e+00   5.3933016930890254e+00   2.0718537997661457e-01   6.1265263992598520e+00
   3.0187285731038571e-02   5.1893324474965539e+00   9.8241977322934808e+00   5.3933016930890254e+00   2.0706330966411457e-01   6.1265735763361917e+00
   3.0187285731038571e-02   5.1893341909324135e+00   9.8241977322934808e+00   5.3933016930890254e+00   2.0711316894946918e-01   6.1265263992598520e+00
   3.0187285731038571e-02   5.1893324474965539e+00   9.8241977322934808e+00   5.3933016930890254e+00   2.0706330966411457e-01   6.1265263992598520e+00
   3.0187285731038571e-02   5.1893993835126366e+00   9.8242526430724801e+00   5.3931796227765254e+00   2.0709624123035297e-01   6.1265263992598520e+00
   3.0187285731038571e-02   5.1893324474965539e+00   9.8241977322934808e+00   5.3934640263390712e+00   2.0706330966411457e-01   6.1265263992598520e+00
   3.0187285731038571e-02   5.1893324474965539e+00   9.8241977322934808e+00   5.3933016930890254e+00   2.0706330966411457e-01   6.1265263992598520e+00
   3.0187285731038571e-02   5.1893324474965539e+00   9.8241977322934808e+00   5.3933016930890254e+00   2.0706330966411457e-01   6.1265263992598520e+00
   3.0187285731038571e-02   5.1893324474965539e+00   9.8241977322934808e+00   5.3933016930890254e+00   2.0706330966411457e-01   6.1265263992598520e+00
   3.0187285731038571e-02   5.1893324474965539e+00   9.8241977322934808e+00   5.3933796261620692e+00   2.0706330966411457e-01   6.1265958833744989e+00
   3.0187285731038571e-02   5.1893324474965539e+00   9.8241977322934808e+00   5.3933016930890254e+00   2.0706330966411457e-01   6.1265263992598520e+00
   3.0187285731038571e-02   5.1893324474965539e+00   9.8241977322934808e+00   5.3933016930890254e+00   2.0706330966411457e-01   6.1265263992598520e+00
   3.0187285731038571e-02   5.1893324474965539e+00   9.8241977322934808e+00   5.3933016930890254e+00   2.0714708399234638e-01   6.1265263992598520e+00
   3.0187285731038571e-02   5.1893324474965539e+00   9.8241977322934808e+00   5.3931796227765254e+00   2.0710914563594685e-01   6.1265263992598520e+00
   3.0187285731038571e-02   5.1893324474965539e+00   9.8241977322934808e+00   5.3933016930890254e+00   2.0706330966411457e-01   6.1265263992598520e+00
   3.0303872416219235e-02   5.1893528918897118e+00   9.8241977322934808e+00   5.3933016930890254e+00   2.0706330966411457e-01   6.1265263992598520e+00
   3.0187285731038571e-02   5.1893324474965539e+00   9.8241977322934808e+00   5.3933016930890254e+00   2.0706330966411457e-01   6.1265263992598520e+00
   3.0187285731038571e-02   5.1893324474965539e+00   9.8241977322934808e+00   5.3933016930890254e+00   2.0706330966411457e-01   6.1265263992598520e+00
   3.0187285731038571e-02   5.1893324474965539e+00   9.8241977322934808e+00   5.3933016930890254e+00   2.0706330966411457e-01   6.1265263992598520e+00
   3.0187285731038571e-02   5.1893324474965539e+00   9.8243096549152078e+00   5.3933016930890254e+00   2.0706330966411457e-01   6.1265263992598520e+00
   3.0187285731038571e-02   5.1893324474965539e+00   9.8241977322934808e+00   5.3933016930890254e+00   2.0706330966411457e-01   6.1265263992598520e+00
   3.0187285731038571e-02   5.1893324474965539e+00   9.8241977322934808e+00   5.3933016930890254e+00   2.0706330966411457e-01   6.1265263992598520e+00
   3.0187285731038571e-02   5.1893324474965539e+00   9.8241977322934808e+00   5.3933016930890254e+00   2.0706330966411457e-01   6.1265263992598520e+00
   3.0187285731038571e-02   5.1893324474965539e+00   9.8241977322934808e+00   5.3933016930890254e+00   2.0706330966411457e-01   6.1265263992598520e+00
   3.0187285731038571e-02   5.1893324474965539e+00   9.8241977322934808e+00   5.3933016930890254e+00   2.0706330966411457e-01   6.1265263992598520e+00
   3.0187285731038571e-02   5.1893324474965539e+00   9.8241977322934808e+00   5.3933016930890254e+00   2.0706330966411457e-01   6.1265263992598520e+00
   3.0187285731038571e-02   5.1893324474965539e+00   9.8241977322934808e+00   5.3933016930890254e+00   2.0706330966411457e-01   6.1265263992598520e+00
   3.0187285731038571e-02   5.1893324474965539e+00   9.8241977322934808e+00   5.3933016930890254e+00   2.0706330966411457e-01   6.1265263992598520e+00
   3.0187285731038571e-02   5.1893324474965539e+00   9.8241977322934808e+00   5.3933016930890254e+00   2.0706330966411457e-01   6.1265263992598520e+00
   3.0187285731038571e-02   5.1893324474965539e+00   9.8241977322934808e+00   5.3933016930890254e+00   2.0706330966411457e-01   6.1265263992598520e+00
   3.0187285731038571e-02   5.1893324474965539e+00   9.8241977322934808e+00   5.3933016930890254e+00   2.0694123935161457e-01   6.1265263992598520e+00
   3.0187285731038571e-02   5.1893324474965539e+00   9.8241977322934808e+00   5.3933016930890254e+00   2.0706330966411457e-01   6.1265263992598520e+00
   3.0187285731038571e-02   5.1895629386579003e+00   9.8241977322934808e+00   5.3934237634015254e+00   2.0706330966411457e-01   6.1265263992598520e+00
   3.0187285731038571e-02   5.1893324474965539e+00   9.8241977322934808e+00   5.3933016930890254e+00   2.0706330966411457e-01   6.1265263992598520e+00
   3.0187285731038571e-02   5.1893324474965539e+00   9.8241977322934808e+00   5.3933016930890254e+00   2.0706330966411457e-01   6.1265263992598520e+00
   3.0187285731038571e-02   5.1893324474965539e+00   9.8241977322934808e+00   5.3933016930890254e+00   2.0706330966411457e-01   6.1265263992598520e+00
   3.0187285731038571e-02   5.1893324474965539e+00   9.8241977322934808e+00   5.3933016930890254e+00   2.0694123935161457e-01   6.1265263992598520e+00
   3.0187285731038571e-02   5.1893324474965539e+00   9.8241977322934808e+00   5.3933016930890254e+00   2.0706330966411457e-01   6.1265479165366159e+00
   3.0187285731038571e-02   5.1893324474965539e+00   9.8241977322934808e+00   5.3933016930890254e+00   2.0706330966411457e-01   6.1265263992598520e+00
   3.0187285731038571e-02   5.1893324474965539e+00   9.8241977322934808e+00   5.3933016930890254e+00   2.0706330966411457e-01   6.1265584814599023e+00
   3.0190340469083310e-02   5.1893324474965539e+00   9.8241977322934808e+00   5.3933016930890254e+00   2.0706330966411457e-01   6.1265263992598520e+00
   3.0187285731038571e-02   5.1893324474965539e+00   9.8241977322934808e+00   5.3933276211095027e+00   2.0706330966411457e-01   6.1265263992598520e+00
   3.0187285731038571e-02   5.1893324474965539e+00   9.8241977322934808e+00   5.3933016930890254e+00   2.0706330966411457e-01   6.1265263992598520e+00
   3.0187285731038571e-02   5.1893324474965539e+00   9.8241977322934808e+00   5.3933016930890254e+00   2.0706330966411457e-01   6.1265263992598520e+00
   3.0187285731038571e-02   5.1893324474965539e+00   9.8241977322934808e+00   5.3933016930890254e+00   2.0706330966411457e-01   6.1265263992598520e+00
   3.0309356043538571e-02   5.1894177119409051e+00   9.8242990303872766e+00   5.3933016930890254e+00   2.0706330966411457e-01   6.1265263992598520e+00
   3.0187285731038571e-02   5.1893324474965539e+00   9.8241977322934808e+00   5.3933016930890254e+00   2.0706330966411457e-01   6.1265263992598520e+00
   3.0187285731038571e-02   5.1893324474965539e+00   9.8241977322934808e+00   5.3933016930890254e+00   2.0706330966411457e-01   6.1265986102869974e+00
   3.0187285731038571e-02   5.1893324474965539e+00   9.8241977322934808e+00   5.3933620427918605e+00   2.0706330966411457e-01   6.1265263992598520e+00
   3.0309356043538571e-02   5.1894268761550393e+00   9.8242632079957666e+00   5.3933024679494075e+00   2.0713872444091663e-01   6.1265976268103586e+00
   3.0187285731038571e-02   5.1893324474965539e+00   9.8241977322934808e+00   5.3933016930890254e+00   2.0706330966411457e-01   6.1265263992598520e+00
   3.0187285731038571e-02   5.1893324474965539e+00   9.8241977322934808e+00   5.3933016930890254e+00   2.0706330966411457e-01   6.1265263992598520e+00
   3.0187285731038571e-02   5.1893324474965539e+00   9.8241825331090631e+00   5.3934237634015254e+00   2.0706330966411457e-01   6.1265263992598520e+00
   3.0187285731038571e-02   5.1893324474965539e+00   9.8241977322934808e+00   5.3933016930890254e+00   2.0706330966411457e-01   6.1265263992598520e+00
   3.0187285731038571e-02   5.1893324474965539e+00   9.8241977322934808e+00   5.3933016930890254e+00   2.0706330966411457e-01   6.1265263992598520e+00
   3.0220634529790402e-02   5.1893324474965539e+00   9.8241977322934808e+00   5.3933016930890254e+00   2.0706330966411457e-01   6.1265263992598520e+00
   3.0187285731038571e-02   5.1893324474965539e+00   9.8241977322934808e+00   5.3933016930890254e+00   2.0706330966411457e-01   6.1265263992598520e+00
   3.0187285731038571e-02   5.1893324474965539e+00   9.8241977322934808e+00   5.3933016930890254e+00   2.0706330966411457e-01   6.1265263992598520e+00
   3.0187285731038571e-02   5.1893324474965539e+00   9.8241977322934808e+00   5.3933016930890254e+00   2.0706330966411457e-01   6.1265263992598520e+00
   3.0187285731038571e-02   5.1893324474965539e+00   9.8241977322934808e+00   5.3933016930890254e+00   2.0706330966411457e-01   6.1265263992598520e+00
   3.0187285731038571e-02   5.1893324474965539e+00   9.8241977322934808e+00   5.3933016930890254e+00   2.0706330966411457e-01   6.1265263992598520e+00
   3.0187285731038571e-02   5.1893324474965539e+00   9.8241977322934808e+00   5.3933016930890254e+00   2.0706330966411457e-01   6.1265263992598520e+00
   3.0187285731038571e-02   5.1893324474965539e+00   9.8241977322934808e+00   5.3933016930890254e+00   2.0706330966411457e-01   6.1265263992598520e+00
   3.0187285731038571e-02   5.1893324474965539e+00   9.8241977322934808e+00   5.3933016930890254e+00   2.0706330966411457e-01   6.1265263992598520e+00
   3.0187285731038571e-02   5.1893324474965539e+00   9.8241977322934808e+00   5.3933016930890254e+00   2.0706330966411457e-01   6.1265263992598520e+00
   3.0197716543874265e-02   5.1893324474965539e+00   9.8241977322934808e+00   5.3933016930890254e+00   2.0706330966411457e-01   6.1265263992598520e+00
   3.0187285731038571e-02   5.1893324474965539e+00   9.8241977322934808e+00   5.3933016930890254e+00   2.0706330966411457e-01   6.1265263992598520e+00
   3.0187285731038571e-02   5.1893324474965539e+00   9.8241977322934808e+00   5.3933016930890254e+00   2.0706330966411457e-01   6.1265263992598520e+00
   3.0187285731038571e-02   5.1893324474965539e+00   9.8241977322934808e+00   5.3933016930890254e+00   2.0717734825073109e-01   6.1265651422789560e+00
   3.0187285731038571e-02   5.1893324474965539e+00   9.8241977322934808e+00   5.3933016930890254e+00   2.0706330966411457e-01   6.1265263992598520e+00
   3.0187285731038571e-02   5.1893324474965539e+00   9.8241977322934808e+00   5.3933016930890254e+00   2.0706330966411457e-01   6.1265263992598520e+00
   3.0187285731038571e-02   5.1893324474965539e+00   9.8241977322934808e+00   5.3933016930890254e+00   2.0706330966411457e-01   6.1265263992598520e+00
   3.0367038438519955e-02   5.1893324474965539e+00   9.8242436427711191e+00   5.3933016930890254e+00   2.0706330966411457e-01   6.1265263992598520e+00
   3.0187285731038571e-02   5.1893324474965539e+00   9.8241977322934808e+00   5.3933016930890254e+00   2.0706330966411457e-01   6.1265263992598520e+00
   3.0187285731038571e-02   5.1893324474965539e+00   9.8241977322934808e+00   5.3933016930890254e+00   2.0706330966411457e-01   6.1265263992598520e+00
   3.0187285731038571e-02   5.1893324474965539e+00   9.8241977322934808e+00   5.3933016930890254e+00   2.0706330966411457e-01   6.1265263992598520e+00
   3.0187285731038571e-02   5.1893324474965539e+00   9.8241977322934808e+00   5.3933016930890254e+00   2.0706330966411457e-01   6.1265263992598520e+00
   3.0187285731038571e-02   5.1893324474965539e+00   9.8241977322934808e+00   5.3933016930890254e+00   2.0706330966411457e-01   6.1265263992598520e+00
   3.0187285731038571e-02   5.1893324474965539e+00   9.8241977322934808e+00   5.3933016930890254e+00   2.0706330966411457e-01   6.1265263992598520e+00
   3.0187285731038571e-02   5.1893394808446374e+00   9.8241977322934808e+00   5.3933016930890254e+00   2.0706330966411457e-01   6.1265263992598520e+00
   3.0278093407353879e-02   5.1894129286681618e+00   9.8241977322934808e+00   5.3934237634015254e+00   2.0706330966411457e-01   6.1268926101973520e+00
   3.0187285731038571e-02   5.1893324474965539e+00   9.8241977322934808e+00   5.3933016930890254e+00   2.0706330966411457e-01   6.1265263992598520e+00
   3.0305153916081906e-02   5.1893324474965539e+00   9.8241977322934808e+00   5.3934237634015254e+00   2.0706330966411457e-01   6.1265263992598520e+00
   3.0187285731038571e-02   5.1893324474965539e+00   9.8241977322934808e+00   5.3933016930890254e+00   2.0706330966411457e-01   6.1265263992598520e+00
   3.0187285731038571e-02   5.1893324474965539e+00   9.8241977322934808e+00   5.3933016930890254e+00   2.0706330966411457e-01   6.1265263992598520e+00
   3.0187285731038571e-02   5.1893758843814339e+00   9.8241977322934808e+00   5.3933016930890254e+00   2.0718537997661457e-01   6.1264043289473520e+00
   3.0295125434598447e-02   5.1893324474965539e+00   9.8240756619809808e+00   5.3933016930890254e+00   2.0714839529453144e-01   6.1266043621352182e+00
   3.0187285731038571e-02   5.1893324474965539e+00   9.8241977322934808e+00   5.3933016930890254e+00   2.0706330966411457e-01   6.1265263992598520e+00
   3.0187285731038571e-02   5.1893324474965539e+00   9.8241977322934808e+00   5.3933016930890254e+00   2.0706330966411457e-01   6.1265263992598520e+00
   3.0187285731038571e-02   5.1893324474965539e+00   9.8242070455192270e+00   5.3933016930890254e+00   2.0712525379119739e-01   6.1265263992598520e+00
   3.0187285731038571e-02   5.1893324474965539e+00   9.8241977322934808e+00   5.3933016930890254e+00   2.0706330966411457e-01   6.1265263992598520e+00
   3.0187285731038571e-02   5.1893324474965539e+00   9.8241977322934808e+00   5.3933016930890254e+00   2.0706330966411457e-01   6.1266650098612772e+00
   3.0260316322049619e-02   5.1894333730613198e+00   9.8240756619809808e+00   5.3934019928050212e+00   2.0712151359973774e-01   6.1265420603802667e+00
   3.0301965067586423e-02   5.1893324474965539e+00   9.8242360282777490e+00   5.3933370386433772e+00   2.0713420938907490e-01   6.1265263992598520e+00
   3.0187285731038571e-02   5.1894493471061196e+00   9.8241977322934808e+00   5.3933364723992518e+00   2.0706330966411457e-01   6.1265263992598520e+00
   3.0187285731038571e-02   5.1893324474965539e+00   9.8241989392875375e+00   5.3934080873799495e+00   2.0706330966411457e-01   6.1265263992598520e+00
   3.0187285731038571e-02   5.1893324474965539e+00   9.8241977322934808e+00   5.3933016930890254e+00   2.0706330966411457e-01   6.1265263992598520e+00
   3.0187285731038571e-02   5.1893324474965539e+00   9.8241977322934808e+00   5.3933016930890254e+00   2.0706330966411457e-01   6.1265263992598520e+00
   3.0187285731038571e-02   5.1893324474965539e+00   9.8241977322934808e+00   5.3933016930890254e+00   2.0706330966411457e-01   6.1265263992598520e+00
   3.0187285731038571e-02   5.1893324474965539e+00   9.8241977322934808e+00   5.3933016930890254e+00   2.0706330966411457e-01   6.1265263992598520e+00
   3.0187285731038571e-02   5.1893324474965539e+00   9.8241977322934808e+00   5.3933016930890254e+00   2.0706330966411457e-01   6.1265263992598520e+00
   3.0187285731038571e-02   5.1893324474965539e+00   9.8241977322934808e+00   5.3933016930890254e+00   2.0706330966411457e-01   6.1265263992598520e+00
   3.0187285731038571e-02   5.1893324474965539e+00   9.8241977322934808e+00   5.3933016930890254e+00   2.0706330966411457e-01   6.1265263992598520e+00
   3.0263251850804807e-02   5.1893931250249352e+00   9.8243078667758645e+00   5.3934480969977550e+00   2.0715837907253132e-01   6.1264138954928384e+00
   3.0065215418538571e-02   5.1893637697373833e+00   9.8243038732646646e+00   5.3934100245309047e+00   2.0718537997661457e-01   6.1265263992598520e+00
   3.0065215418538571e-02   5.1893402408038583e+00   9.8242086846469583e+00   5.3933360700678996e+00   2.0708609353957996e-01   6.1266014266064630e+00
   3.0300623963078976e-02   5.1894144634877648e+00   9.8239802051423730e+00   5.3933975373578242e+00   2.0716770719943867e-01   6.1266112911751733e+00
   3.0233926365575314e-02   5.1893843333398308e+00   9.8240756619809808e+00   5.3933016930890254e+00   2.0716457795558796e-01   6.1266095179369913e+00
   3.0187285731038571e-02   5.1892802785312142e+00   9.8243198026059808e+00   5.3933856909346751e+00   2.0706330966411457e-01   6.1265263992598520e+00
   3.0187285731038571e-02   5.1894317637359109e+00   9.8242339570163431e+00   5.3933838580918483e+00   2.0694123935161457e-01   6.1265479165366159e+00
   3.0268735478124142e-02   5.1893324474965539e+00   9.8241977322934808e+00   5.3934080873799495e+00   2.0706330966411457e-01   6.1266484695723520e+00
   3.0187285731038571e-02   5.1893578092729058e+00   9.8242000121711435e+00   5.3931796227765254e+00   2.0694123935161457e-01   6.1266239720633493e+00
   3.0210188815793515e-02   5.1892103771840539e+00   9.8242061514495553e+00   5.3933987890553645e+00   2.0716888439117298e-01   6.1265544134428964e+00
   3.0187285731038571e-02   5.1894545178090539e+00   9.8243363577960672e+00   5.3933346246552638e+00   2.0706330966411457e-01   6.1265263992598520e+00
   3.0065215418538571e-02   5.1894545178090539e+00   9.8241977322934808e+00   5.3933016930890254e+00   2.0706330966411457e-01   6.1265263992598520e+00
   3.0285424778661252e-02   5.1893607597028222e+00   9.8244736272929849e+00   5.3933505092930965e+00   2.0710442196784840e-01   6.1264043289473520e+00
   3.0065215418538571e-02   5.1893675993358102e+00   9.8242346573709192e+00   5.3933542792868785e+00   2.0712951552329883e-01   6.1265263992598520e+00
   3.0187285731038571e-02   5.1893324474965539e+00   9.8242938000796975e+00   5.3931796227765254e+00   2.0706330966411457e-01   6.1266474860957132e+00
   3.0187285731038571e-02   5.1893324474965539e+00   9.8241977322934808e+00   5.3933016930890254e+00   2.0706330966411457e-01   6.1266484695723520e+00
   3.0187285731038571e-02   5.1893583308135476e+00   9.8241977322934808e+00   5.3933666472506694e+00   2.0718537997661457e-01   6.1265375602295862e+00
   3.0293381998738766e-02   5.1893324474965539e+00   9.8241977322934808e+00   5.3931796227765254e+00   2.0706330966411457e-01   6.1265263992598520e+00
   3.0187285731038571e-02   5.1892103771840539e+00   9.8242702413438501e+00   5.3933016930890254e+00   2.0706330966411457e-01   6.1265263992598520e+00
   3.0265576431951047e-02   5.1893443982278313e+00   9.8242614049552621e+00   5.3933430438113383e+00   2.0694123935161457e-01   6.1265863019278513e+00
   3.0187285731038571e-02   5.1893324474965539e+00   9.8241977322934808e+00   5.3933016930890254e+00   2.0706330966411457e-01   6.1266484695723520e+00
   3.0187285731038571e-02   5.1893324474965539e+00   9.8241977322934808e+00   5.3933016930890254e+00   2.0706330966411457e-01   6.1266484695723520e+00
   3.0187285731038571e-02   5.1893581221972909e+00   9.8241986859677972e+00   5.3933688824248485e+00   2.0716316234527454e-01   6.1266484695723520e+00
   3.0236534068784238e-02   5.1892103771840539e+00   9.8243167776702585e+00   5.3933414046836070e+00   2.0710482429920063e-01   6.1265300351431833e+00
   3.0245877096852780e-02   5.1893888483916726e+00   9.8241977322934808e+00   5.3934226309132747e+00   2.0718537997661457e-01   6.1266709405234323e+00
   3.0305198619565488e-02   5.1895754556333031e+00   9.8242689449428262e+00   5.3933929328990153e+00   2.0706330966411457e-01   6.1266924279978738e+00
   3.0205390641889096e-02   5.1893324474965539e+00   9.8243385035632791e+00   5.3933016930890254e+00   2.0706330966411457e-01   6.1266484695723520e+00
   3.0306092689237119e-02   5.1893324474965539e+00   9.8242090869783105e+00   5.3933034514260463e+00   2.0711161922870502e-01   6.1266484695723520e+00
   3.0191577265462399e-02   5.1894159685050454e+00   9.8243355382322015e+00   5.3932600741458110e+00   2.0739325117526874e-01   6.1265540260127054e+00
   3.0301503131589413e-02   5.1893735448991265e+00   9.8241977322934808e+00   5.3934237634015254e+00   2.0706330966411457e-01   6.1265263992598520e+00
   3.0187285731038571e-02   5.1893708030854668e+00   9.8244831640361490e+00   5.3930575524640254e+00   2.0708087813316212e-01   6.1266206789067255e+00
   3.0187285731038571e-02   5.1893500010644402e+00   9.8241977322934808e+00   5.3934005026889018e+00   2.0718537997661457e-01   6.1265263992598520e+00
   3.0309356043538571e-02   5.1893512080584969e+00   9.8243838328956308e+00   5.3933016930890254e+00   2.0706330966411457e-01   6.1265597778609262e+00
   3.0232883284291745e-02   5.1893559317265954e+00   9.8243142593740167e+00   5.3933016930890254e+00   2.0716439914165363e-01   6.1266050624897943e+00
   3.0187285731038571e-02   5.1894851992999520e+00   9.8243198026059808e+00   5.3933016930890254e+00   2.0710297655521259e-01   6.1265263992598520e+00
   3.0187285731038571e-02   5.1893324474965539e+00   9.8242054063914956e+00   5.3933016930890254e+00   2.0711535942016468e-01   6.1265907126715646e+00
   3.0187285731038571e-02   5.1893678228532281e+00   9.8242133189080896e+00   5.3933016930890254e+00   2.0706330966411457e-01   6.1264043289473520e+00
   3.0284009168347836e-02   5.1893324474965539e+00   9.8242035437463464e+00   5.3933016930890254e+00   2.0718537997661457e-01   6.1265875238230691e+00
   3.0207193682393552e-02   5.1893324474965539e+00   9.8240756619809808e+00   5.3933016930890254e+00   2.0706330966411457e-01   6.1265263992598520e+00
   3.0309356043538571e-02   5.1893510888492074e+00   9.8242673505185785e+00   5.3933016930890254e+00   2.0707536470352039e-01   6.1264043289473520e+00
   3.0214778373441220e-02   5.1894100229417290e+00   9.8242034990428628e+00   5.3931796227765254e+00   2.0707788299976215e-01   6.1265556055357919e+00
   3.0218295047482968e-02   5.1894758115683999e+00   9.8240756619809808e+00   5.3934148376059703e+00   2.0715814065395222e-01   6.1265586155703531e+00
