   3.0182517359456540e-02   5.1893324474965539e+00   9.8241801936267557e+00   5.3932822619748286e+00   2.0704179238735065e-01   6.1265126901915536e+00
   3.0182517359456540e-02   5.1893324474965539e+00   9.8241801936267557e+00   5.3932822619748286e+00   2.0704179238735065e-01   6.1265125262787805e+00
   3.0201590845784665e-02   5.1893324474965539e+00   9.8241825331090631e+00   5.3932822619748286e+00   2.0704179238735065e-01   6.1265125262787805e+00
   3.0201590845784665e-02   5.1893324474965539e+00   9.8241825331090631e+00   5.3932822619748286e+00   2.0704179238735065e-01   6.1265125262787805e+00
   3.0201590845784665e-02   5.1893324474965539e+00   9.8241825331090631e+00   5.3932822619748286e+00   2.0704179238735065e-01   6.1265125262787805e+00
   3.0201590845784665e-02   5.1893324474965539e+00   9.8241825331090631e+00   5.3932822619748286e+00   2.0704179238735065e-01   6.1265125262787805e+00
   3.0182517359456540e-02   5.1893254290496316e+00   9.8241801936267557e+00   5.3932822619748286e+00   2.0704179238735065e-01   6.1265125262787805e+00
   3.0201590845784665e-02   5.1893254290496316e+00   9.8241825331090631e+00   5.3932822619748286e+00   2.0704179238735065e-01   6.1265125262787805e+00
   3.0201590845784665e-02   5.1893254290496316e+00   9.8241825331090631e+00   5.3932822619748286e+00   2.0704179238735065e-01   6.1265125262787805e+00
   3.0201590845784665e-02   5.1893254290496316e+00   9.8241825331090631e+00   5.3932822619748286e+00   2.0704179238735065e-01   6.1265125262787805e+00
   3.0201590845784665e-02   5.1893254290496316e+00   9.8241825331090631e+00   5.3932822619748286e+00   2.0704179238735065e-01   6.1265125262787805e+00
   3.0201590845784665e-02   5.1893254290496316e+00   9.8241801936267557e+00   5.3932822619748286e+00   2.0704179238735065e-01   6.1265125262787805e+00
   3.0201590845784665e-02   5.1893254290496316e+00   9.8241801936267557e+00   5.3932822619748286e+00   2.0704179238735065e-01   6.1265125262787805e+00
   3.0201590845784665e-02   5.1911913971578088e+00   9.8241825331090631e+00   5.3932822619748286e+00   2.0704179238735065e-01   6.1265125262787805e+00
   3.3598399946889401e-02   5.1892382721578088e+00   9.8322349865077676e+00   5.3957236682248286e+00   2.1509843301235065e-01   6.1362362790158258e+00
   3.0153728316030026e-02   5.1893324474965539e+00   9.8241801936267557e+00   5.3932822619748286e+00   2.0704179238735065e-01   6.1265125262787805e+00
   3.0182517359456540e-02   5.1893324474965539e+00   9.8241801936267557e+00   5.3932822619748286e+00   2.0704179238735065e-01   6.1265125262787805e+00
   3.1374431441030026e-02   5.1893254290496316e+00   9.8241825331090631e+00   5.3958457385373286e+00   2.1296220254360065e-01   6.1334094989350305e+00
   3.0153728316030026e-02   5.1893324474965539e+00   9.8241825331090631e+00   5.3932822619748286e+00   2.0704179238735065e-01   6.1265125262787805e+00
   3.0201590845784665e-02   5.1893324474965539e+00   9.8241801936267557e+00   5.3932822619748286e+00   2.0704179238735065e-01   6.1265125262787805e+00
   3.0201590845784665e-02   5.1893603424703088e+00   9.8241783458827676e+00   5.3932822619748286e+00   2.0790677499233112e-01   6.1265125262787805e+00
   3.0153728316030026e-02   5.1893324474965539e+00   9.8241783458827676e+00   5.3932822619748286e+00   2.0704179238735065e-01   6.1265126901915536e+00
   4.5778728316030026e-02   5.1893324474965539e+00   9.8241783458827676e+00   5.3932822619748286e+00   2.0704179238735065e-01   6.1265125262787805e+00
   3.7233806441030026e-02   5.1942152599965539e+00   9.8271080333827676e+00   5.3932822619748286e+00   2.0704179238735065e-01   6.1313953387787805e+00
   3.0153728316030026e-02   5.1893324474965539e+00   9.8468876112340631e+00   5.3932822619748286e+00   2.0704179238735065e-01   6.1343250262787805e+00
   3.0201590845784665e-02   5.1893324474965539e+00   9.8241825331090631e+00   5.3932822619748286e+00   2.0704179238735065e-01   6.1265125262787805e+00
   3.0201590845784665e-02   5.1893324474965539e+00   9.8241801936267557e+00   5.3932822619748286e+00   2.0704179238735065e-01   6.1265125262787805e+00
   3.0201590845784665e-02   5.1893324474965539e+00   9.8241801936267557e+00   5.3932822619748286e+00   2.0704179238735065e-01   6.1265125262787805e+00
   3.0136264155110837e-02   5.1893324474965539e+00   9.8241825331090631e+00   5.3932822619748286e+00   2.0704179238735065e-01   6.1265125262787805e+00
   3.0201590845784665e-02   5.1892382721578088e+00   9.8241801936267557e+00   5.3932822619748286e+00   2.0704179238735065e-01   6.1265125262787805e+00
   3.0182517359456540e-02   5.1893324474965539e+00   9.8241801936267557e+00   5.3932822619748286e+00   2.0704179238735065e-01   6.1265125262787805e+00
   3.0153728316030026e-02   5.1893324474965539e+00   9.8241801936267557e+00   5.3932822619748286e+00   2.0704179238735065e-01   6.1265125262787805e+00
   3.0201590845784665e-02   5.1893324474965539e+00   9.8241825331090631e+00   5.4015830432248286e+00   2.0704179238735065e-01   6.1421375262787805e+00
   3.2089389155110837e-02   5.1893254290496316e+00   9.8241801936267557e+00   5.3936484729123286e+00   2.0704179238735065e-01   6.1296253192475305e+00
   3.0153728316030026e-02   5.1815478424703088e+00   9.8241783458827676e+00   5.3932822619748286e+00   2.0704179238735065e-01   6.1287289547970758e+00
   3.0153728316030026e-02   5.1894326429044213e+00   9.8241783458827676e+00   5.3929893796515636e+00   2.0704179238735065e-01   6.1265126901915536e+00
   3.0136264155110837e-02   5.1893324474965539e+00   9.8255287487147989e+00   5.3932822619748286e+00   2.0704179238735065e-01   6.1265125262787805e+00
   4.0895915816030026e-02   5.1893254290496316e+00   9.8241783458827676e+00   5.3932822619748286e+00   1.9141679238735065e-01   6.1270008075287805e+00
   3.0136264155110837e-02   5.1893115858708825e+00   9.8241801936267557e+00   5.3932822619748286e+00   2.0704179238735065e-01   6.1265125262787805e+00
   3.0153728316030026e-02   5.1893324474965539e+00   9.8241801936267557e+00   5.3932822619748286e+00   2.0704179238735065e-01   6.1265125262787805e+00
   3.3564246485433102e-02   5.1893254290496316e+00   9.8241801936267557e+00   5.3932822619748286e+00   2.0704179238735065e-01   6.1265659320404993e+00
   3.0201590845784665e-02   5.1893324474965539e+00   9.8241825331090631e+00   5.3932822619748286e+00   2.0704179238735065e-01   6.1265125262787805e+00
   3.0201590845784665e-02   5.1893324474965539e+00   9.8241783458827676e+00   5.3932822619748286e+00   2.0704179238735065e-01   6.1284656512787805e+00
   3.5080111811360837e-02   5.1893324474965539e+00   9.8260246593593301e+00   5.3963310544562511e+00   2.0704179238735065e-01   6.1445523190548883e+00
   3.0153728316030026e-02   5.1815199474965539e+00   9.8249126155017557e+00   5.3932822619748286e+00   2.0704179238735065e-01   6.1265125262787805e+00
   3.0136264155110837e-02   5.1893254290496316e+00   9.8241783458827676e+00   5.3932822619748286e+00   2.0704179238735065e-01   6.1266956317475305e+00
   4.5826590845784665e-02   5.1737074474965539e+00   9.8258891780017557e+00   5.4018271838498286e+00   2.0704179238735065e-01   6.1265126901915536e+00
   3.0153728316030026e-02   5.1893324474965539e+00   9.8241783458827676e+00   5.3932822619748286e+00   2.0704179238735065e-01   6.1265126901915536e+00
   3.0201590845784665e-02   5.1893254290496316e+00   9.8202720958827676e+00   5.3932822619748286e+00   2.0704179238735065e-01   6.1265125262787805e+00
   3.0153728316030026e-02   5.1893324474965539e+00   9.8241825331090631e+00   5.3932822619748286e+00   2.0888810586391315e-01   6.1264706540158258e+00
   3.0153728316030026e-02   5.1893324474965539e+00   9.8241783458827676e+00   5.3932822619748286e+00   2.0704179238735065e-01   6.1265125262787805e+00
   3.0201590845784665e-02   5.1893324474965539e+00   9.8241825331090631e+00   5.3932822619748286e+00   2.0704179238735065e-01   6.1265125262787805e+00
   3.3998943159780026e-02   5.1893254290496316e+00   9.8241783458827676e+00   5.3871787463498286e+00   2.0704179238735065e-01   6.1136341083100305e+00
   3.0201590845784665e-02   5.1893254290496316e+00   9.8241825331090631e+00   5.3932822619748286e+00   2.0704179238735065e-01   6.1265125262787805e+00
   3.0182517359456540e-02   5.1917330245648827e+00   9.8241801936267557e+00   5.3932822619748286e+00   2.0704179238735065e-01   6.1265126901915536e+00
   4.5338309595784665e-02   5.1893324474965539e+00   9.8085551936267557e+00   5.3932822619748286e+00   2.0704179238735065e-01   6.1265126901915536e+00
   3.0182517359456540e-02   5.2032484631215539e+00   9.8241801936267557e+00   5.4079306994748286e+00   2.0704179238735065e-01   6.1259823727658258e+00
   3.0153728316030026e-02   5.1893254290496316e+00   9.8241801936267557e+00   5.3932822619748286e+00   2.0704179238735065e-01   6.1265125262787805e+00
   3.6793387720784665e-02   5.1893324474965539e+00   9.8085551936267557e+00   5.3932822619748286e+00   2.0826249551235065e-01   6.1265125262787805e+00
   3.0153728316030026e-02   5.1893324474965539e+00   9.8241801936267557e+00   5.3932822619748286e+00   2.0704179238735065e-01   6.1265126901915536e+00
   3.0182517359456540e-02   5.1893324474965539e+00   9.8241825331090631e+00   5.3893760119748286e+00   2.0704179238735065e-01   6.1265125262787805e+00
   3.0153728316030026e-02   5.1983935455953088e+00   9.8390709240077676e+00   5.3932822619748286e+00   2.0704179238735065e-01   6.1265125262787805e+00
   3.0182517359456540e-02   5.1893254290496316e+00   9.8241801936267557e+00   5.3932822619748286e+00   2.0704179238735065e-01   6.1265125262787805e+00
   3.0182517359456540e-02   5.1893324474965539e+00   9.8241801936267557e+00   5.3932822619748286e+00   2.0704179238735065e-01   6.1265125262787805e+00
   3.0201590845784665e-02   5.1893254290496316e+00   9.8241825331090631e+00   5.3932822619748286e+00   2.0704179238735065e-01   6.1265125262787805e+00
   3.0182517359456540e-02   5.1893324474965539e+00   9.8241783458827676e+00   5.3932822619748286e+00   2.0704179238735065e-01   6.1265125262787805e+00
   3.3863700220784665e-02   5.1893324474965539e+00   9.8398051936267557e+00   5.3932822619748286e+00   2.0704179238735065e-01   6.1320056903412805e+00
   3.3355868647298337e-02   5.1893324474965539e+00   9.8280845958827676e+00   5.3932822619748286e+00   2.0704179238735065e-01   6.1265126901915536e+00
   3.0201590845784665e-02   5.1893324474965539e+00   9.8241825331090631e+00   5.3932822619748286e+00   2.0704179238735065e-01   6.1265125262787805e+00
   3.0136264155110837e-02   5.1893603424703088e+00   9.8241825331090631e+00   5.3932822619748286e+00   2.0704179238735065e-01   6.1265125262787805e+00
   3.0153728316030026e-02   5.1893324474965539e+00   9.8241825331090631e+00   5.3932822619748286e+00   2.0704179238735065e-01   6.1265125262787805e+00
   3.6942637751302243e-02   5.1910414318715539e+00   9.8241783458827676e+00   5.3932335202765636e+00   2.0704179238735065e-01   6.1265125262787805e+00
   3.0201590845784665e-02   5.1893254290496316e+00   9.8241801936267557e+00   5.3932822619748286e+00   2.0704179238735065e-01   6.1265125262787805e+00
   3.0153728316030026e-02   5.1893254290496316e+00   9.8241825331090631e+00   5.4128135119748286e+00   2.0704179238735065e-01   6.1265125262787805e+00
   3.0153728316030026e-02   5.1893324474965539e+00   9.8241801936267557e+00   5.3932822619748286e+00   2.0704179238735065e-01   6.1265125262787805e+00
   3.0153728316030026e-02   5.1893324474965539e+00   9.8241783458827676e+00   5.3932822619748286e+00   2.0704179238735065e-01   6.1265125262787805e+00
   3.0201590845784665e-02   5.1893254290496316e+00   9.8241801936267557e+00   5.3932822619748286e+00   2.0704179238735065e-01   6.1265125262787805e+00
   3.0153728316030026e-02   5.1971728424703088e+00   9.8241825331090631e+00   5.3932822619748286e+00   2.0704179238735065e-01   6.1282215106537805e+00
   3.0153728316030026e-02   5.1893324474965539e+00   9.8241801936267557e+00   5.3932822619748286e+00   2.0704179238735065e-01   6.1265126901915536e+00
   3.0153728316030026e-02   5.1893324474965539e+00   9.8241825331090631e+00   5.3932822619748286e+00   2.0704179238735065e-01   6.1265125262787805e+00
   3.0182517359456540e-02   5.1893324474965539e+00   9.8241801936267557e+00   5.3932822619748286e+00   2.0704179238735065e-01   6.1265125262787805e+00
   3.0136264155110837e-02   5.1893254290496316e+00   9.8241783458827676e+00   5.3932822619748286e+00   2.0704179238735065e-01   6.1265126901915536e+00
   3.0201590845784665e-02   5.1894289474164452e+00   9.8241783458827676e+00   5.3932822619748286e+00   2.0704179238735065e-01   6.1265125262787805e+00
   3.0182517359456540e-02   5.1893324474965539e+00   9.8241783458827676e+00   5.3932822619748286e+00   2.0704179238735065e-01   6.1265125262787805e+00
   3.0201590845784665e-02   5.1893324474965539e+00   9.8241783458827676e+00   5.3932822619748286e+00   2.0704179238735065e-01   6.1265125262787805e+00
   3.0153728316030026e-02   5.1893254290496316e+00   9.8241783458827676e+00   5.3932822619748286e+00   2.0704179238735065e-01   6.1264706540158258e+00
   4.2044139692983151e-02   5.1893254290496316e+00   9.8283287365077676e+00   5.3874038134885005e+00   2.0704179238735065e-01   6.1265125262787805e+00
   3.0182517359456540e-02   5.1893324474965539e+00   9.8241801936267557e+00   5.3932822619748286e+00   2.0704179238735065e-01   6.1265126901915536e+00
   3.0201590845784665e-02   5.1893324474965539e+00   9.8241783458827676e+00   5.3932822619748286e+00   2.0704179238735065e-01   6.1265125262787805e+00
   3.0153728316030026e-02   5.1893324474965539e+00   9.8241801936267557e+00   5.3932822619748286e+00   2.0704179238735065e-01   6.1265125262787805e+00
   3.0153728316030026e-02   5.1893254290496316e+00   9.8241801936267557e+00   5.3932822619748286e+00   2.0704179238735065e-01   6.1265125262787805e+00
   3.0153728316030026e-02   5.1815129290496316e+00   9.8241825331090631e+00   5.3932822619748286e+00   2.0704179238735065e-01   6.1265125262787805e+00
   3.0153728316030026e-02   5.1893324474965539e+00   9.8241783458827676e+00   5.3932822619748286e+00   2.0704179238735065e-01   6.1265125262787805e+00
   3.0153728316030026e-02   5.1915379534636941e+00   9.8280235607265176e+00   5.3932822619748286e+00   2.0704179238735065e-01   6.1265125262787805e+00
   3.0201590845784665e-02   5.1893254290496316e+00   9.8241801936267557e+00   5.3932822619748286e+00   2.0704179238735065e-01   6.1265126901915536e+00
   3.0201590845784665e-02   5.1893254290496316e+00   9.8241825331090631e+00   5.3932822619748286e+00   2.0704179238735065e-01   6.1265125262787805e+00
   3.0201590845784665e-02   5.1893254290496316e+00   9.8241801936267557e+00   5.3932822619748286e+00   2.0704179238735065e-01   6.1265125262787805e+00
   3.0201590845784665e-02   5.1893254290496316e+00   9.8243656385778131e+00   5.3932822619748286e+00   2.0704179238735065e-01   6.1265125262787805e+00
   3.0201590845784665e-02   5.1893324474965539e+00   9.8241783458827676e+00   5.3932335202765636e+00   2.0704179238735065e-01   6.1265125262787805e+00
   3.0201590845784665e-02   5.1893254290496316e+00   9.8241783458827676e+00   5.3932822619748286e+00   2.0704179238735065e-01   6.1343250262787805e+00
   3.0201590845784665e-02   5.1893324474965539e+00   9.8241783458827676e+00   5.3932822619748286e+00   2.0704179238735065e-01   6.1265125262787805e+00
   3.0201590845784665e-02   5.1893254290496316e+00   9.8241801936267557e+00   5.3932822619748286e+00   2.0704179238735065e-01   6.1265126901915536e+00
   3.0153728316030026e-02   5.1893324474965539e+00   9.8241783458827676e+00   5.3932822619748286e+00   2.0704179238735065e-01   6.1265125262787805e+00
   3.0136264155110837e-02   5.1893324474965539e+00   9.8241783458827676e+00   5.3932822619748286e+00   2.0704179238735065e-01   6.1332874286225305e+00
   3.0153728316030026e-02   5.1893324474965539e+00   9.8241825331090631e+00   5.3932822619748286e+00   2.0704179238735065e-01   6.1265125262787805e+00
   3.0201590845784665e-02   5.1892382721578088e+00   9.8241783458827676e+00   5.3932822619748286e+00   2.0704179238735065e-01   6.1265125262787805e+00
   3.0201590845784665e-02   5.1893324474965539e+00   9.8275981623767557e+00   5.3932822619748286e+00   2.1656327676235065e-01   6.1265125262787805e+00
   3.0201590845784665e-02   5.1893324474965539e+00   9.8243656385778131e+00   5.3932822619748286e+00   2.0704179238735065e-01   6.1265125262787805e+00
   3.0201590845784665e-02   5.1893324474965539e+00   9.8241801936267557e+00   5.3932822619748286e+00   2.0704179238735065e-01   6.1265125262787805e+00
   3.0136264155110837e-02   5.1892382721578088e+00   9.8241783458827676e+00   5.3932822619748286e+00   2.0704179238735065e-01   6.1265125262787805e+00
   3.0201590845784665e-02   5.1893254290496316e+00   9.8085551936267557e+00   5.3932822619748286e+00   2.2022538613735065e-01   6.1266956317475305e+00
   3.0153728316030026e-02   5.1993422131215539e+00   9.8395610530017557e+00   5.3932822619748286e+00   2.2266679238735065e-01   6.1278552997162805e+00
   3.0201590845784665e-02   5.1893324474965539e+00   9.8241783458827676e+00   5.3932822619748286e+00   2.0704179238735065e-01   6.1265125262787805e+00
   3.0201590845784665e-02   5.1893324474965539e+00   9.8280845958827676e+00   5.3932822619748286e+00   2.0704179238735065e-01   6.1265125262787805e+00
   3.0201590845784665e-02   5.1961073498403039e+00   9.8241825331090631e+00   5.3932822619748286e+00   2.0704179238735065e-01   6.1265125262787805e+00
   3.0201590845784665e-02   5.1893324474965539e+00   9.8241801936267557e+00   5.3932822619748286e+00   2.0704179238735065e-01   6.1265125262787805e+00
   3.0201590845784665e-02   5.1893324474965539e+00   9.8241825331090631e+00   5.3932822619748286e+00   2.0704179238735065e-01   6.1265126901915536e+00
   3.0201590845784665e-02   5.1893324474965539e+00   9.8241801936267557e+00   5.3933784787726573e+00   2.0704179238735065e-01   6.1265125262787805e+00
   3.0136264155110837e-02   5.1893324474965539e+00   9.8241783458827676e+00   5.3927939807248286e+00   2.0704179238735065e-01   6.1265125262787805e+00
   3.0153728316030026e-02   5.1893254290496316e+00   9.8241801936267557e+00   5.3932822619748286e+00   2.0704179238735065e-01   6.1265125262787805e+00
   3.0153728316030026e-02   5.2042250256215539e+00   9.8241801936267557e+00   5.4069541369748286e+00   2.0704179238735065e-01   6.1264706540158258e+00
   3.0201590845784665e-02   5.1893324474965539e+00   9.8241825331090631e+00   5.3932822619748286e+00   2.0704179238735065e-01   6.1265125262787805e+00
   3.0136264155110837e-02   5.1892382721578088e+00   9.8241783458827676e+00   5.3932822619748286e+00   2.0704179238735065e-01   6.1265126901915536e+00
   3.5873568842610837e-02   5.1933607678090539e+00   9.8241825331090631e+00   5.3932822619748286e+00   1.9922929238735065e-01   6.1265125262787805e+00
   3.0136264155110837e-02   5.1893254290496316e+00   9.8241825331090631e+00   5.3932822619748286e+00   2.0704179238735065e-01   6.1265125262787805e+00
   3.5572684595784665e-02   5.1893254290496316e+00   9.8241825331090631e+00   5.3932822619748286e+00   2.1143632363735065e-01   6.1264706540158258e+00
   4.9667514155110837e-02   5.1978442291890588e+00   9.8261772472499551e+00   5.3948691760373286e+00   2.0704179238735065e-01   6.1279621112397180e+00
   3.0201590845784665e-02   5.1893324474965539e+00   9.8241783458827676e+00   5.3932822619748286e+00   2.0704179238735065e-01   6.1265125262787805e+00
   3.0153728316030026e-02   5.1893603424703088e+00   9.8241825331090631e+00   5.3932822619748286e+00   2.0704179238735065e-01   6.1265125262787805e+00
   3.0153728316030026e-02   5.1893324474965539e+00   9.8241825331090631e+00   5.3932822619748286e+00   2.0704179238735065e-01   6.1265125262787805e+00
   3.0201590845784665e-02   5.1893254290496316e+00   9.8241783458827676e+00   5.3932822619748286e+00   2.0704179238735065e-01   6.1265126901915536e+00
   3.0153728316030026e-02   5.1893324474965539e+00   9.8241783458827676e+00   5.3932822619748286e+00   2.0704179238735065e-01   6.1265125262787805e+00
   3.0201590845784665e-02   5.1893324474965539e+00   9.8241801936267557e+00   5.3932822619748286e+00   2.0704179238735065e-01   6.1265125262787805e+00
   3.0153728316030026e-02   5.1893324474965539e+00   9.8241825331090631e+00   5.3932822619748286e+00   2.0704179238735065e-01   6.1265125262787805e+00
   3.0153728316030026e-02   5.1904092054044213e+00   9.8241825331090631e+00   5.3932822619748286e+00   2.0704179238735065e-01   6.1265125262787805e+00
   3.0153728316030026e-02   5.1904092054044213e+00   9.8241825331090631e+00   5.3932822619748286e+00   2.0704179238735065e-01   6.1265125262787805e+00
   3.0153728316030026e-02   5.1893254290496316e+00   9.8241825331090631e+00   5.3932822619748286e+00   2.0704179238735065e-01   6.1265125262787805e+00
   3.0201590845784665e-02   5.1893254290496316e+00   9.8241783458827676e+00   5.3932822619748286e+00   2.0704179238735065e-01   6.1265125262787805e+00
   1.4576590845784665e-02   5.1893324474965539e+00   9.8241783458827676e+00   5.3932822619748286e+00   2.0704179238735065e-01   6.1265125262787805e+00
   3.0201590845784665e-02   5.1893324474965539e+00   9.8241801936267557e+00   5.3932822619748286e+00   2.0704179238735065e-01   6.1265125262787805e+00
   3.0153728316030026e-02   5.1894400338803734e+00   9.8241825331090631e+00   5.3932822619748286e+00   2.0704179238735065e-01   6.1265126901915536e+00
   3.0153728316030026e-02   5.1893324474965539e+00   9.8241825331090631e+00   5.3932822619748286e+00   2.0704179238735065e-01   6.1265125262787805e+00
   3.0201590845784665e-02   5.1893304805432763e+00   9.8241783458827676e+00   5.3932822619748286e+00   2.0704179238735065e-01   6.1265125262787805e+00
   3.0201590845784665e-02   5.1893324474965539e+00   9.8241783458827676e+00   5.3932822619748286e+00   2.0704179238735065e-01   6.1265125262787805e+00
   3.0201590845784665e-02   5.1893324474965539e+00   9.8241801936267557e+00   5.3932822619748286e+00   2.0704179238735065e-01   6.1265125262787805e+00
   3.0182517359456540e-02   5.1893324474965539e+00   9.8241783458827676e+00   5.3932822619748286e+00   2.0704179238735065e-01   6.1265125262787805e+00
   3.0136264155110837e-02   5.1893254290496316e+00   9.8241783458827676e+00   5.3932822619748286e+00   2.0704179238735065e-01   6.1265125262787805e+00
   3.0182517359456540e-02   5.1892382721578088e+00   9.8241783458827676e+00   5.3932822619748286e+00   2.0704179238735065e-01   6.1265125262787805e+00
   3.0136264155110837e-02   5.1893254290496316e+00   9.8241783458827676e+00   5.3932822619748286e+00   2.0704179238735065e-01   6.1265125262787805e+00
   3.0182517359456540e-02   5.1893254290496316e+00   9.8241825331090631e+00   5.3932822619748286e+00   2.0704179238735065e-01   6.1265125262787805e+00
   3.0153728316030026e-02   5.1893324474965539e+00   9.8241825331090631e+00   5.3932822619748286e+00   2.0704179238735065e-01   6.1265125262787805e+00
   3.0201590845784665e-02   5.1893254290496316e+00   9.8241801936267557e+00   5.3932822619748286e+00   2.0704179238735065e-01   6.1305408465912805e+00
   3.0153728316030026e-02   5.1893324474965539e+00   9.8241825331090631e+00   5.3932822619748286e+00   2.0704179238735065e-01   6.1265125262787805e+00
   3.0201590845784665e-02   5.1893324474965539e+00   9.8248726207851114e+00   5.3974326525998286e+00   2.0704179238735065e-01   6.1265125262787805e+00
   3.0182517359456540e-02   5.1893324474965539e+00   9.8241783458827676e+00   5.3932822619748286e+00   2.0704179238735065e-01   6.1265126901915536e+00
   3.0182517359456540e-02   5.1893254290496316e+00   9.8241783458827676e+00   5.3932822619748286e+00   2.0704179238735065e-01   6.1265125262787805e+00
   3.0153728316030026e-02   5.1947924713765588e+00   9.8241825331090631e+00   5.3932822619748286e+00   2.1186356973110065e-01   6.1265126901915536e+00
   3.0153728316030026e-02   5.1893254290496316e+00   9.8241801936267557e+00   5.3932822619748286e+00   2.0704179238735065e-01   6.1265126901915536e+00
   3.0136264155110837e-02   5.1893254290496316e+00   9.8241825331090631e+00   5.3932822619748286e+00   2.0704179238735065e-01   6.1265125262787805e+00
   3.0201590845784665e-02   5.1893324474965539e+00   9.8241825331090631e+00   5.3932822619748286e+00   2.0704179238735065e-01   6.1265125262787805e+00
   3.0201590845784665e-02   5.1893324474965539e+00   9.8241825331090631e+00   5.3932822619748286e+00   2.0704179238735065e-01   6.1265125262787805e+00
   3.3083415816030026e-02   5.1893324474965539e+00   9.8241825331090631e+00   5.3932822619748286e+00   2.0704179238735065e-01   6.1265125262787805e+00
   3.0153728316030026e-02   5.1893324474965539e+00   9.8241825331090631e+00   5.3932822619748286e+00   2.0704179238735065e-01   6.1265125262787805e+00
   3.0136264155110837e-02   5.1893324474965539e+00   9.8236900646327676e+00   5.3932822619748286e+00   2.0704179238735065e-01   6.1265125262787805e+00
   3.0153728316030026e-02   5.1893324474965539e+00   9.8241783458827676e+00   5.3932822619748286e+00   2.0704179238735065e-01   6.1265125262787805e+00
   3.0136264155110837e-02   5.1815199474965539e+00   9.8241825331090631e+00   5.3932822619748286e+00   1.9141679238735065e-01   6.1265126901915536e+00
   3.0201590845784665e-02   5.1893254290496316e+00   9.8338219005702676e+00   5.3949912463498286e+00   2.0704179238735065e-01   6.1265125262787805e+00
   3.0201590845784665e-02   5.1893324474965539e+00   9.8241825331090631e+00   5.3932822619748286e+00   2.0704179238735065e-01   6.1265125262787805e+00
   3.0153728316030026e-02   5.1893324474965539e+00   9.8241825331090631e+00   5.3932822619748286e+00   2.0704179238735065e-01   6.1265125262787805e+00
   3.0153728316030026e-02   5.1893254290496316e+00   9.8241801936267557e+00   5.3932822619748286e+00   2.0704179238735065e-01   6.1265126901915536e+00
   3.0182517359456540e-02   5.1893324474965539e+00   9.8241783458827676e+00   5.3932822619748286e+00   2.0704179238735065e-01   6.1265125262787805e+00
   3.0201590845784665e-02   5.1893324474965539e+00   9.8241801936267557e+00   5.3932822619748286e+00   2.1143632363735065e-01   6.1421375262787805e+00
   3.0153728316030026e-02   5.1893324474965539e+00   9.8241825331090631e+00   5.3932822619748286e+00   2.0704179238735065e-01   6.1245594012787805e+00
   4.2831576655110837e-02   5.1893324474965539e+00   9.8085575331090631e+00   5.3932822619748286e+00   2.0704179238735065e-01   6.1265125262787805e+00
   3.0153728316030026e-02   5.1893324474965539e+00   9.8241783458827676e+00   5.3932822619748286e+00   2.0704179238735065e-01   6.1265125262787805e+00
   3.0201590845784665e-02   5.1893324474965539e+00   9.8241801936267557e+00   5.3932822619748286e+00   2.0704179238735065e-01   6.1265125262787805e+00
   3.0182517359456540e-02   5.1893254290496316e+00   9.8241783458827676e+00   5.3932822619748286e+00   2.0704179238735065e-01   6.1265126901915536e+00
   3.0201590845784665e-02   5.1893254290496316e+00   9.8241825331090631e+00   5.3932822619748286e+00   2.0704179238735065e-01   6.1265125262787805e+00
   4.0943778345784665e-02   5.2205754290496316e+00   9.8476158458827676e+00   5.3932822619748286e+00   2.2754960488735065e-01   6.1265125262787805e+00
   3.3131278345784665e-02   5.2205754290496316e+00   9.8427348811267557e+00   5.3932822619748286e+00   2.0704179238735065e-01   6.1470205026915536e+00
   3.7037528345784665e-02   5.1893254290496316e+00   9.8241801936267557e+00   5.3620322619748286e+00   2.0801835488735065e-01   6.1353015887787805e+00
  -1.0674826405434601e-03   5.1932386974965539e+00   9.8241801936267557e+00   5.3932822619748286e+00   2.2950272988735065e-01   6.1362781512787805e+00
   3.1112826655110837e-02   5.1893254290496316e+00   9.8554325331090631e+00   5.3932822619748286e+00   2.0817094277797565e-01   6.1265125262787805e+00
   4.2360759566030026e-02   5.2088915924703088e+00   9.8695885021327676e+00   5.3932822619748286e+00   2.0704179238735065e-01   6.1372548776915536e+00
   4.1187918970784665e-02   5.2069035540496316e+00   9.8095317561267557e+00   5.4010947619748286e+00   2.4586015176235065e-01   6.1511707294037805e+00
   3.0182517359456540e-02   5.1580824474965539e+00   9.8241801936267557e+00   5.3932822619748286e+00   2.0704179238735065e-01   6.1265126901915536e+00
   5.8521903345784665e-02   5.1893324474965539e+00   9.8241801936267557e+00   5.3620322619748286e+00   2.3536210488735065e-01   6.1265125262787805e+00
   4.0878451655110837e-02   5.1893254290496316e+00   9.7929283458827676e+00   5.4186728869748286e+00   2.0704179238735065e-01   6.1382312762787805e+00
   3.9967215845784665e-02   5.1922621349965539e+00   9.7929325331090631e+00   5.4137900744748286e+00   2.1680741738735065e-01   6.1108875262787805e+00
   6.1432517359456540e-02   5.1893324474965539e+00   9.8554283458827676e+00   5.4128135119748286e+00   2.0997147988735065e-01   6.1431140887787805e+00
   4.0943778345784665e-02   5.1893254290496316e+00   9.8485965956090631e+00   5.3620322619748286e+00   2.0704179238735065e-01   6.1323719012787805e+00
   4.6755290816030026e-02   5.1580754290496316e+00   9.8241801936267557e+00   5.4082206164670161e+00   2.0899491738735065e-01   6.1528797137787805e+00
   6.1403728316030026e-02   5.1893254290496316e+00   9.8241783458827676e+00   5.3932822619748286e+00   1.7579179238735065e-01   6.1265125262787805e+00
   3.0201590845784665e-02   5.1893324474965539e+00   9.8241801936267557e+00   5.4030478869748286e+00   2.3829179238735065e-01   6.1265125262787805e+00
   7.3854900191030026e-02   5.1892382721578088e+00   9.8398033458827676e+00   5.3933328067135982e+00   2.0704179238735065e-01   6.1265125262787805e+00
   3.0201590845784665e-02   5.1502699474965539e+00   9.8366313655017557e+00   5.3932822619748286e+00   2.1192460488735065e-01   6.1265125262787805e+00
   3.0182517359456540e-02   5.1893324474965539e+00   9.7929301936267557e+00   5.4020713244748286e+00   2.0704179238735065e-01   6.1411609637787805e+00
   3.0201590845784665e-02   5.2127699474965539e+00   9.8554325331090631e+00   5.4001181994748286e+00   2.2852616738735065e-01   6.1313953387787805e+00
   5.8502829859456540e-02   5.1893324474965539e+00   9.8241801936267557e+00   5.4245322619748286e+00   2.0704179238735065e-01   6.1265125262787805e+00
   6.1451590845784665e-02   5.1893324474965539e+00   9.8544559706090631e+00   5.3932822619748286e+00   2.2754960488735065e-01   6.1567859637787805e+00
   4.4850028345784665e-02   5.1961683849965539e+00   9.7929301936267557e+00   5.3932822619748286e+00   2.0704179238735065e-01   6.1265125262787805e+00
   3.2470858881673337e-02   5.1580754290496316e+00   9.8241783458827676e+00   5.4098838244748286e+00   2.0899491738735065e-01   6.1348133969357477e+00
   3.0201590845784665e-02   5.1893324474965539e+00   9.8241825331090631e+00   5.4245322619748286e+00   2.0704179238735065e-01   6.1265125262787805e+00
   3.0319786856374265e-02   5.2202441315328088e+00   9.8260313350795450e+00   5.4098838244748286e+00   2.1973710488735065e-01   6.1479969012787805e+00
   6.1451590845784665e-02   5.2010511974965539e+00   9.8554325331090631e+00   5.4206260119748286e+00   2.3829179238735065e-01   6.1470203387787805e+00
   6.1432517359456540e-02   5.1892382721578088e+00   9.8241783458827676e+00   5.4167197619748286e+00   2.2754960488735065e-01   6.1265125262787805e+00
   6.1451590845784665e-02   5.1961683849965539e+00   9.8358970958827676e+00   5.3932822619748286e+00   2.2559647988735065e-01   6.1333484637787805e+00
   3.0201590845784665e-02   5.1893254290496316e+00   9.8241825331090631e+00   5.4245322619748286e+00   2.0704179238735065e-01   6.1265125262787805e+00
   3.0153728316030026e-02   5.2088636974965539e+00   9.8241783458827676e+00   5.3932822619748286e+00   1.7638688516078815e-01   6.1264706540158258e+00
   3.0201590845784665e-02   5.1903090099965539e+00   9.7929283458827676e+00   5.3932822619748286e+00   2.0704179238735065e-01   6.1558094012787805e+00
   5.3591228316030026e-02   5.2137465099965539e+00   9.7929325331090631e+00   5.3962119494748286e+00   2.1192460488735065e-01   6.1265125262787805e+00
   3.0153728316030026e-02   5.2059340099965539e+00   9.7929283458827676e+00   5.3932822619748286e+00   2.0899491738735065e-01   6.1264706540158258e+00
   3.7995017359456540e-02   5.1893324474965539e+00   9.8525005061267557e+00   5.4040244494748286e+00   2.3829179238735065e-01   6.1401845651915536e+00
  -1.0962716839699738e-03   5.1894400338803734e+00   9.8368778456090631e+00   5.3932822619748286e+00   2.0704179238735065e-01   6.1265126901915536e+00
   3.0153728316030026e-02   5.1893254290496316e+00   9.8554301936267557e+00   5.3932822619748286e+00   2.2754960488735065e-01   6.1294422137787805e+00
   3.6989665816030026e-02   5.2117863665496316e+00   9.8241801936267557e+00   5.4245322619748286e+00   2.3047929238735065e-01   6.1274892526915536e+00
   3.0391193220815182e-02   5.1893254290496316e+00   9.8629398573278131e+00   5.3854697619748286e+00   2.0704179238735065e-01   6.1440906512787805e+00
   5.6503451655110837e-02   5.2147160540496316e+00   9.8495731581090631e+00   5.4216025744748286e+00   2.3829179238735065e-01   6.1411609637787805e+00
   3.0201590845784665e-02   5.1893254290496316e+00   9.8241801936267557e+00   5.4079306994748286e+00   1.7579179238735065e-01   6.1538562762787805e+00
   3.0201590845784665e-02   5.1893324474965539e+00   9.8241825331090631e+00   5.4245322619748286e+00   2.0704179238735065e-01   6.1265125262787805e+00
