   2.2833645569771652e-01
   2.2833645731300140e-01
   2.2833645731300140e-01
   2.2833645731300140e-01
   2.2833645731300140e-01
   2.2833645731300140e-01
   2.2833645731300140e-01
   2.2833645731300140e-01
   2.2833645731300140e-01
   2.2833645735302224e-01
   2.2833645743610922e-01
   2.2833645928377580e-01
   2.2833645743610922e-01
   2.2833648225563863e-01
   2.2833645928377580e-01
   2.2833645928377580e-01
   2.2833645885132683e-01
   2.2833645722858231e-01
   2.2833647144027852e-01
   2.2833646450332992e-01
   2.2833645928377580e-01
   2.2833645928377580e-01
   2.2833646419825421e-01
   2.2833646422520842e-01
   2.2833645729481578e-01
   2.2833645928377580e-01
   2.2833657133431431e-01
   2.2833645897443464e-01
   2.2833646428893423e-01
   2.2833645897443464e-01
   2.2833646418750186e-01
   2.2833645897443464e-01
   2.2833645731300140e-01
   2.2833645920091278e-01
   2.2833658158188327e-01
   2.2833645731300140e-01
   2.2833654949096110e-01
   2.2833646418750186e-01
   2.2833645712627718e-01
   2.2833645916066800e-01
   2.2833645717435952e-01
   2.2833649620740731e-01
   2.2833645743610922e-01
   2.2833645743610922e-01
   2.2833646439946237e-01
   2.2833645928377580e-01
   2.2833646279705397e-01
   2.2833645712674777e-01
   2.2833646898448806e-01
   2.2833645897443464e-01
   2.2833654859623925e-01
   2.2833646422520842e-01
   2.2833645735302224e-01
   2.2833645743610922e-01
   2.2833646324018103e-01
   2.2833648282769292e-01
   2.2833646270057933e-01
   2.2833646352425052e-01
   2.2833647256226039e-01
   2.2833647143287422e-01
   2.2833646431060967e-01
   2.2833646422520842e-01
   2.2833646413149458e-01
   2.2833645916066800e-01
   2.2833647765261994e-01
   2.2833646431060967e-01
   2.2833649067760428e-01
   2.2833646214979231e-01
   2.2833645920091278e-01
   2.2833645712674777e-01
   2.2833657620846270e-01
   2.2833646418750186e-01
   2.2833645754540349e-01
   2.2833651984122269e-01
   2.2833646418750186e-01
   2.2833645928377580e-01
   2.2833645743610922e-01
   2.2833645928377580e-01
   2.2833646409354544e-01
   2.2833645889157159e-01
   2.2833645731300140e-01
   2.2833648543330348e-01
   2.2833647315776084e-01
   2.2833646415743117e-01
   2.2833646422520842e-01
   2.2833646462438134e-01
   2.2833645575671882e-01
   2.2833647066173443e-01
   2.2833645928377580e-01
   2.2833645871330921e-01
   2.2833646473240210e-01
   2.2833647328542500e-01
   2.2833646431060967e-01
   2.2833647139322258e-01
   2.2833646959436252e-01
   2.2833645897443464e-01
   2.2833647310744651e-01
   2.2833646670602087e-01
   2.2833646854061942e-01
   2.2833648895705316e-01
   2.2833645928377580e-01
   2.2833645712674777e-01
   2.2833647370732585e-01
   2.2833647150177178e-01
   2.2833658573617097e-01
   2.2833645743610922e-01
   2.2833645928377580e-01
   2.2833646418750186e-01
   2.2833646452257017e-01
   2.2833645831792934e-01
   2.2833645928377580e-01
   2.2833648927507785e-01
   2.2833648385658215e-01
   2.2833645897443464e-01
   2.2833645713967660e-01
   2.2833646431060967e-01
   2.2833646166611912e-01
   2.2833668403413113e-01
   2.2833646431060967e-01
   2.2833645815895015e-01
   2.2833645731300140e-01
   2.2833656614227052e-01
   2.2833645928377580e-01
   2.2833645746310466e-01
   2.2833646417860198e-01
   2.2833647901642296e-01
   2.2833646431060967e-01
   2.2833645928377580e-01
   2.2833645928377580e-01
   2.2833645916066800e-01
   2.2833645731300140e-01
   2.2833647853756886e-01
   2.2833645743610922e-01
   2.2833645928377580e-01
   2.2833646877502423e-01
   2.2833647761944026e-01
   2.2833645712627718e-01
   2.2833645700316932e-01
   2.2833646422561457e-01
   2.2833645691922086e-01
   2.2833645743610922e-01
   2.2833645731300140e-01
   2.2833646439946237e-01
   2.2833646659015477e-01
   2.2833645928377580e-01
   2.2833646834398499e-01
   2.2833645928377580e-01
   2.2833653602474918e-01
   2.2833650154950391e-01
   2.2833648279865715e-01
   2.2833646431060967e-01
   2.2833645712674777e-01
   2.2833646872763491e-01
   2.2833647170256371e-01
   2.2833646431060967e-01
   2.2833646686813738e-01
   2.2833657314858227e-01
   2.2833645893847848e-01
   2.2833646411285299e-01
   2.2833646828833243e-01
   2.2833646411285299e-01
   2.2833645743610922e-01
   2.2833645929670468e-01
   2.2833646422520842e-01
   2.2833645959867480e-01
   2.2833646431060967e-01
   2.2833646431060967e-01
   2.2833646432353852e-01
   2.2833646432353852e-01
   2.2833646430001045e-01
   2.2833650765354380e-01
   2.2833646279664785e-01
   2.2833654471262707e-01
   2.2833645920091278e-01
   2.2833645774171712e-01
   2.2833646411285299e-01
   2.2833645731300140e-01
   2.2833646896726639e-01
   2.2833689176221519e-01
   2.2833666910333650e-01
   2.2833656574065847e-01
   2.2833689355873835e-01
   2.2833647585759431e-01
   2.2833653793286762e-01
   2.2833652925019365e-01
   2.2833652452767550e-01
   2.2833661326848254e-01
   2.2833653107790111e-01
   2.2833648709091195e-01
   2.2833656808110159e-01
   2.2833724130422570e-01
   2.2833652278522118e-01
   2.2833736602841839e-01
   2.2833655610422590e-01
   2.2833687212034168e-01
   2.2833661538218336e-01
   2.2833657697386389e-01
   2.2833661945255054e-01
   2.2833660910282055e-01
   2.2833660826369487e-01
   2.2833662368784999e-01
   2.2833650412658560e-01
   2.2834435312151191e-01
   2.2833663462308515e-01
   2.2833651811081090e-01
   2.2833655041465714e-01
   2.2833663610294427e-01
   2.2833654560185052e-01
   2.2833656764241672e-01
   2.2833705657150927e-01
   2.2833651927232129e-01
   2.2833654591710117e-01
   2.2833734433701258e-01
   2.2833657451257022e-01
   2.2833671061042282e-01
   2.2833669839978732e-01
   2.2833674303237025e-01
   2.2833655693147722e-01
   2.2833664965580927e-01
   2.2833656032793492e-01
