   2.2833646431060967e-01
   2.2833646431060967e-01
   2.2833646431060967e-01
   2.2833646431060967e-01
   2.2833646431060967e-01
   2.2833646431060967e-01
   2.2833646431060967e-01
   2.2833646431060967e-01
   2.2833646431060967e-01
   2.2833646431060967e-01
   2.2833646431060967e-01
   2.2833647500985454e-01
   2.2833648138223694e-01
   2.2833647500985454e-01
   2.2833653852324712e-01
   2.2833646431060967e-01
   2.2833647644255334e-01
   2.2833646431060967e-01
   2.2833647500985454e-01
   2.2833647568393162e-01
   2.2833647498053941e-01
   2.2833647460496231e-01
   2.2833647500985454e-01
   2.2833647500985454e-01
   2.2833648565407788e-01
   2.2833646431060967e-01
   2.2833647500985454e-01
   2.2833647500985454e-01
   2.2833646432353852e-01
   2.2833646431060967e-01
   2.2833649467239456e-01
   2.2833649743677406e-01
   2.2834792624823932e-01
   2.2833647500985454e-01
   2.2833647500985454e-01
   2.2833647498053941e-01
   2.2833653973978002e-01
   2.2833646854823755e-01
   2.2833647500985454e-01
   2.2833646853530870e-01
   2.2833646431060967e-01
   2.2833667624468157e-01
   2.2833646898448806e-01
   2.2833646431060967e-01
   2.2833647500985454e-01
   2.2833647500985454e-01
   2.2833648871401674e-01
   2.2833647500985454e-01
   2.2833646431060967e-01
   2.2833647500985454e-01
   2.2833647500985454e-01
   2.2833646431060967e-01
   2.2833647500985454e-01
   2.2833648527208711e-01
   2.2833646431060967e-01
   2.2833646431060967e-01
   2.2833649218093027e-01
   2.2833646431060967e-01
   2.2833646431060967e-01
   2.2833646431060967e-01
   2.2834245372491771e-01
   2.2833648938363629e-01
   2.2833646432353852e-01
   2.2833647500985454e-01
   2.2833647460496231e-01
   2.2833647585571243e-01
   2.2833649922787827e-01
   2.2833647500985454e-01
   2.2833647500985454e-01
   2.2833648542544702e-01
   2.2833646431060967e-01
   2.2833646431060967e-01
   2.2833648060646472e-01
   2.2833646431060967e-01
   2.2833647853281738e-01
   2.2833646431060967e-01
   2.2833651608142094e-01
   2.2833647068744647e-01
   2.2833646854823755e-01
   2.2833646431060967e-01
   2.2833647500985454e-01
   2.2833648540855414e-01
   2.2833647650300112e-01
   2.2833647500985454e-01
   2.2833646431060967e-01
   2.2833647500985454e-01
   2.2833647500985454e-01
   2.2833646431060967e-01
   2.2833667328741125e-01
   2.2833646431060967e-01
   2.2833649788413563e-01
   2.2833646432353852e-01
   2.2833646431060967e-01
   2.2833659474692725e-01
   2.2833646431060967e-01
   2.2833646898448806e-01
   2.2833650746557740e-01
   2.2833651768191654e-01
   2.2833646432353852e-01
   2.2833647529816689e-01
   2.2833653830066680e-01
   2.2833647500985454e-01
   2.2833648737095288e-01
   2.2834040360707075e-01
   2.2833653954051789e-01
   2.2833650636275268e-01
   2.2833647500985454e-01
   2.2833650005878142e-01
   2.2833646431060967e-01
   2.2833646432353852e-01
   2.2833647500985454e-01
   2.2833654487899269e-01
   2.2833648138223694e-01
   2.2833646432353852e-01
   2.2833647500985454e-01
   2.2833658199730658e-01
   2.2833647500985454e-01
   2.2833646431060967e-01
   2.2833647500985454e-01
   2.2833646431060967e-01
   2.2833646431060967e-01
   2.2833647500985454e-01
   2.2833647500985454e-01
   2.2833650686756302e-01
   2.2833646853530870e-01
   2.2833646431060967e-01
   2.2833699578598865e-01
   2.2833646431060967e-01
   2.2833647500985454e-01
   2.2833646431060967e-01
   2.2833646431060967e-01
   2.2833648301125414e-01
   2.2833646431060967e-01
   2.2833649848783408e-01
   2.2833647500985454e-01
   2.2833646431060967e-01
   2.2833646431060967e-01
   2.2833646432353852e-01
   2.2833646702474317e-01
   2.2833647500985454e-01
   2.2833647500985454e-01
   2.2833647486943204e-01
   2.2833647497917980e-01
   2.2833646431060967e-01
   2.2833647500985454e-01
   2.2833648204511636e-01
   2.2833646431060967e-01
   2.2833646431060967e-01
   2.2833647500985454e-01
   2.2833649212325843e-01
   2.2833651485050394e-01
   2.2833658380116759e-01
   2.2833648351012165e-01
   2.2833647500985454e-01
   2.2833647500985454e-01
   2.2833652287464934e-01
   2.2833656915018413e-01
   2.2833646431060967e-01
   2.2833646431060967e-01
   2.2833646722690976e-01
   2.2833649300901931e-01
   2.2833646431060967e-01
   2.2833649467239456e-01
   2.2833648301125414e-01
   2.2833647500985454e-01
   2.2833647525196735e-01
   2.2833647500985454e-01
   2.2833646432353852e-01
   2.2833651625955295e-01
   2.2833646431060967e-01
   2.2833648138223694e-01
   2.2833659860385097e-01
   2.2833646432353852e-01
   2.2833646431060967e-01
   2.2833647500985454e-01
   2.2833659588105681e-01
   2.2833646431060967e-01
   2.2833654312683554e-01
   2.2833652407457966e-01
   2.2833648968526329e-01
   2.2833856510931450e-01
   2.2833648267012957e-01
   2.2833651201079927e-01
   2.2833649009756574e-01
   2.2833648972129889e-01
   2.2833647748035130e-01
   2.2833646907332386e-01
   2.2833649340704804e-01
   2.2833648452478639e-01
   2.2833647084919326e-01
   2.2833650362758998e-01
   2.2833647982530794e-01
   2.2833647193843346e-01
   2.2833646983847222e-01
   2.2833646955954576e-01
   2.2833650184896367e-01
   2.2833647870390669e-01
   2.2833647607735208e-01
   2.2833648993112501e-01
   2.2833646762316295e-01
   2.2833648216768784e-01
   2.2833647748035130e-01
   2.2833646671007130e-01
   2.2833646953096223e-01
   2.2833650631528671e-01
   2.2833646747304825e-01
   2.2833648870232295e-01
   2.2833651536161492e-01
   2.2833648600251699e-01
   2.2833646724485482e-01
   2.2833647581286970e-01
   2.2833649021471397e-01
   2.2833647315026254e-01
   2.2833665318924345e-01
   2.2833647019011488e-01
   2.2833645889157159e-01
   2.2833648292716260e-01
   2.2833647170256371e-01
   2.2833646559806889e-01
   2.2833647561137796e-01
