   2.2833645543543829e-01
   2.2833645544735737e-01
   2.2833645544735737e-01
   2.2833645544735737e-01
   2.2833645544735737e-01
   2.2833645555468801e-01
   2.2833645558468907e-01
   2.2833645558468907e-01
   2.2833645558468907e-01
   2.2833645558468907e-01
   2.2833645569771652e-01
   2.2833645712627718e-01
   2.2833646841877819e-01
   2.2833645712627718e-01
   2.2833645952922413e-01
   2.2833661093492191e-01
   2.2833645731300140e-01
   2.2833645558468907e-01
   2.2833668464237875e-01
   2.2833645556611781e-01
   2.2833646443714867e-01
   2.2833646662098428e-01
   2.2833645700363994e-01
   2.2833645575671882e-01
   2.2833645731300140e-01
   2.2833646694515367e-01
   2.2833645885085629e-01
   2.2833646563177459e-01
   2.2833645740284553e-01
   2.2833661239684616e-01
   2.2833645558468907e-01
   2.2833647987686004e-01
   2.2833646377127051e-01
   2.2833645928377580e-01
   2.2833645569771652e-01
   2.2833645555468801e-01
   2.2833645544688677e-01
   2.2833663341796467e-01
   2.2833645699657404e-01
   2.2833648886046318e-01
   2.2833645743610922e-01
   2.2833645785521517e-01
   2.2833645916066800e-01
   2.2833645575671882e-01
   2.2833645743610922e-01
   2.2833648868279799e-01
   2.2833645555468801e-01
   2.2833648255093231e-01
   2.2833650029493313e-01
   2.2833656953903469e-01
   2.2833656835198296e-01
   2.2833652107431376e-01
   2.2833646418306264e-01
   2.2833646491768089e-01
   2.2833645691922086e-01
   2.2833651988772283e-01
   2.2833645589405052e-01
   2.2833653570053178e-01
   2.2833645555468801e-01
   2.2833645575671882e-01
   2.2833645550712364e-01
   2.2833652994798070e-01
   2.2833645916066800e-01
   2.2833645569818711e-01
   2.2833645558468907e-01
   2.2833645735302224e-01
   2.2833645712627718e-01
   2.2833647607651994e-01
   2.2833647072497870e-01
   2.2833645713967660e-01
   2.2833648899184195e-01
   2.2833693306591854e-01
   2.2833645889157159e-01
   2.2833657050737113e-01
   2.2833645713967660e-01
   2.2833645691922086e-01
   2.2833645700316932e-01
   2.2833645700363994e-01
   2.2833646422520842e-01
   2.2833656951638506e-01
   2.2833645691922086e-01
   2.2833646429626128e-01
   2.2833645575671882e-01
   2.2833645726316493e-01
   2.2833645569818711e-01
   2.2833646602089833e-01
   2.2833645700363994e-01
   2.2833653775160195e-01
   2.2833645729481578e-01
   2.2833645589405052e-01
   2.2833645726316493e-01
   2.2833666398612490e-01
   2.2833645555515864e-01
   2.2833671957746585e-01
   2.2833645691875026e-01
   2.2833646006651456e-01
   2.2833645555515864e-01
   2.2833645700316932e-01
   2.2833645816065326e-01
   2.2833648790955768e-01
   2.2833648461909734e-01
   2.2833646579761524e-01
   2.2833645726316493e-01
   2.2833647616444072e-01
   2.2833647716442729e-01
   2.2833645558468907e-01
   2.2833647309704577e-01
   2.2833645541279335e-01
   2.2833645575671882e-01
   2.2833672092941001e-01
   2.2833647060304987e-01
   2.2833651175602379e-01
   2.2833647704663065e-01
   2.2833645586452009e-01
   2.2833648511888818e-01
   2.2833645754540349e-01
   2.2833645543543829e-01
   2.2833645929670468e-01
   2.2833645712674777e-01
   2.2833645543543829e-01
   2.2833646958742940e-01
   2.2833645897396412e-01
   2.2833645586452009e-01
   2.2833648992406230e-01
   2.2833645712627718e-01
   2.2833645543543829e-01
   2.2833658105143115e-01
   2.2833646398774107e-01
   2.2833653483786967e-01
   2.2833649981354504e-01
   2.2833645586452009e-01
   2.2833645569818711e-01
   2.2833645569818711e-01
   2.2833645885132683e-01
   2.2833645558468907e-01
   2.2833645609817099e-01
   2.2833645897443464e-01
   2.2833646312708927e-01
   2.2833645916066800e-01
   2.2833645743237596e-01
   2.2833667079586922e-01
   2.2833645558468907e-01
   2.2833645600754859e-01
   2.2833646722611908e-01
   2.2833645896880014e-01
   2.2833645916066800e-01
   2.2833645572215480e-01
   2.2833645712674777e-01
   2.2833647615117353e-01
   2.2833645895602642e-01
   2.2833645558468907e-01
   2.2833645754540349e-01
   2.2833645558468907e-01
   2.2833648743190274e-01
   2.2833651830084054e-01
   2.2833645774171712e-01
   2.2833645885132683e-01
   2.2833651401728672e-01
   2.2833645544735737e-01
   2.2833645558468907e-01
   2.2833651428402210e-01
   2.2833645700316932e-01
   2.2833645743610922e-01
   2.2833645544735737e-01
   2.2833645731300140e-01
   2.2833645788717713e-01
   2.2833649608429954e-01
   2.2833645914248238e-01
   2.2833645743237596e-01
   2.2833645557391496e-01
   2.2833646730725890e-01
   2.2833645555468801e-01
   2.2833645575671882e-01
   2.2833654135873399e-01
   2.2833645691922086e-01
   2.2833654187027733e-01
   2.2833645774171712e-01
   2.2833646694515367e-01
   2.2833690148631189e-01
   2.2833658514423272e-01
   2.2833682460321475e-01
   2.2833683625580248e-01
   2.2833668182046707e-01
   2.2833686162303293e-01
   2.2833660654473703e-01
   2.2833710159856499e-01
   2.2833708882845033e-01
   2.2833656320205617e-01
   2.2833681055362035e-01
   2.2833704658162532e-01
   2.2833760796194971e-01
   2.2833699213129210e-01
   2.2833679890083705e-01
   2.2833709111600134e-01
   2.2833739032409289e-01
   2.2833733752026689e-01
   2.2833723154303429e-01
   2.2833711289687814e-01
   2.2833816275291344e-01
   2.2833654008764798e-01
   2.2833733184192936e-01
   2.2833672699952876e-01
   2.2833669813783281e-01
   2.2833718456044755e-01
   2.2833671767099814e-01
   2.2833708805571984e-01
   2.2833655771593811e-01
   2.2833678112674172e-01
   2.2833656686801995e-01
   2.2833657062672033e-01
   2.2833717784615146e-01
   2.2833724971031152e-01
   2.2833699802913460e-01
   2.2833723325343824e-01
   2.2833702873265696e-01
   2.2833661297254088e-01
   2.2833708620478646e-01
   2.2833655015441018e-01
   2.2833758116134967e-01
   2.2833679817081165e-01
