   2.2835736951389818e-01
   2.2835784020206853e-01
   2.2835784020206853e-01
   2.2835784020206853e-01
   2.2835784020206853e-01
   2.2835784020206853e-01
   2.2835784020206853e-01
   2.2835890053678970e-01
   2.2835890053678970e-01
   2.2835890053678970e-01
   2.2835890053678970e-01
   2.2835784020206853e-01
   2.2842535308519030e-01
   2.2949309349491948e-01
   2.2835890053678970e-01
   2.2842040908434297e-01
   2.2835784020206853e-01
   2.2877517913631429e-01
   2.2864550768916855e-01
   2.2842040908434297e-01
   2.2854461050487410e-01
   2.2998227390806175e-01
   2.2890643475885153e-01
   2.2864550768916855e-01
   2.2850351090621882e-01
   2.2842040908434297e-01
   2.2913507511739870e-01
   2.2835784020206853e-01
   2.2978438494398237e-01
   2.2835890053678970e-01
   2.2843149097556156e-01
   2.2886455398848349e-01
   2.2836641567053076e-01
   2.2861028406383613e-01
   2.2950557035439523e-01
   2.2835890053678970e-01
   2.2835777867756021e-01
   2.2835890053678970e-01
   2.2842040908434297e-01
   2.2848933962700518e-01
   2.2874352013613514e-01
   2.2835890053678970e-01
   2.2835890053678970e-01
   2.4956495629245376e-01
   2.2892404640794223e-01
   2.2839588948999484e-01
   2.2850978434262578e-01
   2.2842150859843441e-01
   2.2836384586927652e-01
   2.2837549060066137e-01
   2.2889872547762377e-01
   2.2862302945130666e-01
   2.2844145165073720e-01
   2.2835784020206853e-01
   2.2835890053678970e-01
   2.2836071639690422e-01
   2.2844801071691195e-01
   2.2835562663542514e-01
   2.2842040908434297e-01
   2.2836384586927652e-01
   2.2841887847372472e-01
   2.2925512330681838e-01
   2.2835784020206853e-01
   2.2883527851918650e-01
   2.2842040908434297e-01
   2.2835890053678970e-01
   2.2843866353450229e-01
   2.2874094461695579e-01
   2.2869352416380440e-01
   2.2842040908434297e-01
   2.2859139275378296e-01
   2.2835890053678970e-01
   2.2843398113141067e-01
   2.2864849772849183e-01
   2.2838233520831103e-01
   2.2919754123816549e-01
   2.2835890053678970e-01
   2.3032756844965543e-01
   2.2855241114457975e-01
   2.2842040908434297e-01
   2.2922639551433038e-01
   2.2866274398781616e-01
   2.2871306350342249e-01
   2.2835890053678970e-01
   2.2835784020206853e-01
   2.2865394843070302e-01
   2.2842446710110328e-01
   2.2837572960873248e-01
   2.2886980900027420e-01
   2.2871632307365572e-01
   2.2880009210548721e-01
   2.2837247623927562e-01
   2.2858177896371243e-01
   2.2842040908434297e-01
   2.2838118306584754e-01
   2.2835784020206853e-01
   2.2842040908434297e-01
   2.2855237670492434e-01
   2.2864178959900633e-01
   2.2849586057126786e-01
   2.2848877236387771e-01
   2.2875756938562142e-01
   2.2843866353450229e-01
   2.2878776928139349e-01
   2.2835784020206853e-01
   2.2854355103175997e-01
   2.2843475280737671e-01
   2.2835784020206853e-01
   2.2835784020206853e-01
   2.2899671352633466e-01
   2.2881154696074826e-01
   2.2835630917206801e-01
   2.2835890053678970e-01
   2.2865032271553581e-01
   2.2835784020206853e-01
   2.2835890053678970e-01
   2.2835890053678970e-01
   2.2870437801188284e-01
   2.2863487011281886e-01
   2.2837715990339832e-01
   2.2863378744270249e-01
   2.2837549060066137e-01
   2.2894687060443447e-01
   2.2842040908434297e-01
   2.2865083537598416e-01
   2.2842040908434297e-01
   2.2837370979068514e-01
   2.2846948254173172e-01
   2.2843947524934055e-01
   2.2835890053678970e-01
   2.2835890053678970e-01
   2.2835890053678970e-01
   2.2845099873582453e-01
   2.2842535308519030e-01
   2.2872627904105527e-01
   2.2835890053678970e-01
   2.2839658080715347e-01
   2.2863481238244945e-01
   2.2885315552627128e-01
   2.2835890053678970e-01
   2.2842040908434297e-01
   2.2861916217305037e-01
   2.2835890053678970e-01
   2.2835890053678970e-01
   2.2835784020206853e-01
   2.2840447962923111e-01
   2.2835890053678970e-01
   2.2937759280061959e-01
   2.2866528378233192e-01
   2.2868277233410367e-01
   2.2835784020206853e-01
   2.2835890053678970e-01
   2.2848812164437224e-01
   2.2950529683232443e-01
   2.2835890053678970e-01
   2.2842040908434297e-01
   2.2835890053678970e-01
   2.2835784020206853e-01
   2.2835890053678970e-01
   2.2835890053678970e-01
   2.2950799530011673e-01
   2.2850702034402881e-01
   2.2840609008259175e-01
   2.2837247623927562e-01
   2.2835784020206853e-01
   2.2869411756722077e-01
   2.2835784020206853e-01
   2.2867129601446232e-01
   2.2835890053678970e-01
   2.2842535308519030e-01
   2.2925136921661193e-01
   2.2835890053678970e-01
   2.2842040908434297e-01
   2.2837141596758684e-01
   2.2835890053678970e-01
   2.2835784020206853e-01
   2.2835890053678970e-01
   2.2842040908434297e-01
   2.3605299126907284e-01
   2.2981935163006503e-01
   2.3461947861701188e-01
   2.3215749050123893e-01
   2.3143776583859424e-01
   2.3063047499016001e-01
   2.3034798837533943e-01
   2.3236300370402588e-01
   2.2977090196875177e-01
   2.2899159803276894e-01
   2.3026817108057512e-01
   2.3196240300598314e-01
   2.2987200828511323e-01
   2.3582556604744287e-01
   2.3258375486433422e-01
   2.2890369717426998e-01
   2.3048323141706586e-01
   2.3305383421305048e-01
   2.2895101274838181e-01
   2.2908631734798554e-01
   2.3068287360278988e-01
   2.3065414088001768e-01
   2.2963331113427160e-01
   2.3278451767556377e-01
   2.3309577858038102e-01
   2.3086267229338153e-01
   2.3114399560321211e-01
   2.2945335682489201e-01
   2.3164338448700100e-01
   2.2950365961281588e-01
   2.3295099760854979e-01
   2.2876568736734729e-01
   2.3107328737210436e-01
   2.3020914307408233e-01
   2.3139852617348838e-01
   2.3088301099014066e-01
   2.3012707597369664e-01
   2.2966592490291390e-01
   2.3415372160014791e-01
   2.3138921497835716e-01
   2.3157443822600865e-01
   2.3041977422441245e-01
