   2.2833645495776742e-01
   2.2833645495776742e-01
   2.2833645495776742e-01
   2.2833645495776742e-01
   2.2833645495776742e-01
   2.2833645495776742e-01
   2.2833645495776742e-01
   2.2833645495776742e-01
   2.2833645495776742e-01
   2.2833645495776742e-01
   2.2833645495776742e-01
   2.2833645495776742e-01
   2.2833645495776742e-01
   2.2833645495776742e-01
   2.2833645495776742e-01
   2.2833645495776742e-01
   2.2833645495776742e-01
   2.2833645495776742e-01
   2.2833645495776742e-01
   2.2833645495776742e-01
   2.2833645495776742e-01
   2.2833645495776742e-01
   2.2833645495776742e-01
   2.2833645642016193e-01
   2.2833645495776742e-01
   2.2833646410276195e-01
   2.2833646081412107e-01
   2.2833646794872903e-01
   2.2833645678767076e-01
   2.2833646076921513e-01
   2.2833645495776742e-01
   2.2833645495776742e-01
   2.2833645495776742e-01
   2.2833645495776742e-01
   2.2833645495776742e-01
   2.2833645495776742e-01
   2.2833645495776742e-01
   2.2833645615237397e-01
   2.2833645495776742e-01
   2.2833645805977007e-01
   2.2833645495776742e-01
   2.2833646158689241e-01
   2.2833645728969806e-01
   2.2833645495776742e-01
   2.2833645731298777e-01
   2.2833645577478476e-01
   2.2833645543263056e-01
   2.2833645495776742e-01
   2.2833645495776742e-01
   2.2833646328317139e-01
   2.2833645499275160e-01
   2.2833645495776742e-01
   2.2833645495776742e-01
   2.2833645495776742e-01
   2.2833645495776742e-01
   2.2833646044871117e-01
   2.2833646352454817e-01
   2.2833645805398073e-01
   2.2833645495776742e-01
   2.2833645495776742e-01
   2.2833645495776742e-01
   2.2833645922184095e-01
   2.2833645751753504e-01
   2.2833645495776742e-01
   2.2833645496219959e-01
   2.2833645495776742e-01
   2.2833646396941212e-01
   2.2833646074919306e-01
   2.2833646752186501e-01
   2.2833645495776742e-01
   2.2833645495776742e-01
   2.2833645780355977e-01
   2.2833645495776742e-01
   2.2833645495776742e-01
   2.2833651890898138e-01
   2.2833645495776742e-01
   2.2833645548039389e-01
   2.2833645495776742e-01
   2.2833645495776742e-01
   2.2833645495776742e-01
   2.2833645495776742e-01
   2.2833645495776742e-01
   2.2833645495776742e-01
   2.2833645495776742e-01
   2.2833645661207730e-01
   2.2833645922184095e-01
   2.2833645495776742e-01
   2.2833645763027474e-01
   2.2833645495776742e-01
   2.2833645495776742e-01
   2.2833645495776742e-01
   2.2833645495776742e-01
   2.2833645495776742e-01
   2.2833645495776742e-01
   2.2833645495776742e-01
   2.2833646095294396e-01
   2.2833645495776742e-01
   2.2833645495776742e-01
   2.2833645495776742e-01
   2.2833646579272318e-01
   2.2833645996625929e-01
   2.2833645495776742e-01
   2.2833645495776742e-01
   2.2833645495776742e-01
   2.2833646562059792e-01
   2.2833645495776742e-01
   2.2833645495776742e-01
   2.2833646339633140e-01
   2.2833648533512538e-01
   2.2833645495776742e-01
   2.2833646344341485e-01
   2.2833645495776742e-01
   2.2833646127617574e-01
   2.2833645495776742e-01
   2.2833645495776742e-01
   2.2833645495776742e-01
   2.2833645495776742e-01
   2.2833645495776742e-01
   2.2833645495776742e-01
   2.2833645495776742e-01
   2.2833645495776742e-01
   2.2833645495776742e-01
   2.2833645951395676e-01
   2.2833645495776742e-01
   2.2833645531928473e-01
   2.2833645495776742e-01
   2.2833645645764555e-01
   2.2833645539699274e-01
   2.2833645495776742e-01
   2.2833645495776742e-01
   2.2833645495776742e-01
   2.2833645640404698e-01
   2.2833645534572763e-01
   2.2833646342830399e-01
   2.2833645542599748e-01
   2.2833645495776742e-01
   2.2833645495776742e-01
   2.2833646664983340e-01
   2.2833645495776742e-01
   2.2833645495776742e-01
   2.2833645668538441e-01
   2.2833646141658423e-01
   2.2833646097544455e-01
   2.2833645495776742e-01
   2.2833645495776742e-01
   2.2833645495776742e-01
   2.2833645495776742e-01
   2.2833645679158260e-01
   2.2833645495776742e-01
   2.2833645627180618e-01
   2.2833646098093943e-01
   2.2833645495776742e-01
   2.2833645495776742e-01
   2.2833645495776742e-01
   2.2833645523758822e-01
   2.2833645495776742e-01
   2.2833646032480145e-01
   2.2833645495776742e-01
   2.2833645495776742e-01
   2.2833645495776742e-01
   2.2833645979116354e-01
   2.2833645495776742e-01
   2.2833645495776742e-01
   2.2833645495776742e-01
   2.2833645495776742e-01
   2.2833645495776742e-01
   2.2833645495776742e-01
   2.2833645495776742e-01
   2.2833645495776742e-01
   2.2833645560054536e-01
   2.2833645495776742e-01
   2.2833646660369342e-01
   2.2833645512767664e-01
   2.2833645495776742e-01
   2.2833645495776742e-01
   2.2833645495776742e-01
   2.2833645495776742e-01
   2.2833645652326659e-01
   2.2833646480041647e-01
   2.2833647830839196e-01
   2.2833647005365862e-01
   2.2833648296957809e-01
   2.2833648684263910e-01
   2.2833646381907255e-01
   2.2833646476568537e-01
   2.2833646465491675e-01
   2.2833646148873049e-01
   2.2833645861339835e-01
   2.2833652589746761e-01
   2.2833647727839815e-01
   2.2833645864781657e-01
   2.2833646259686227e-01
   2.2833646484884540e-01
   2.2833646053705647e-01
   2.2833645773905101e-01
   2.2833646906202357e-01
   2.2833646701402194e-01
   2.2833646987472722e-01
   2.2833645919792042e-01
   2.2833646252766368e-01
   2.2833646317628337e-01
   2.2833646614133599e-01
   2.2833646622564086e-01
   2.2833647754756484e-01
   2.2833646089641710e-01
   2.2833646032480145e-01
   2.2833645769043889e-01
   2.2833654082099955e-01
   2.2833646381907255e-01
   2.2833646388403844e-01
   2.2833647727901374e-01
   2.2833645922184095e-01
   2.2833646680950220e-01
   2.2833646227118912e-01
   2.2833645912010356e-01
   2.2833646331968202e-01
   2.2833645829109567e-01
   2.2833645863614016e-01
   2.2833645946937642e-01
   2.2833646381907255e-01
