   2.2833664839290169e-01
   2.2833664839290169e-01
   2.2833664839290169e-01
   2.2833665629194094e-01
   2.2833667061236135e-01
   2.2833667061236135e-01
   2.2833674394608547e-01
   2.2833674394608547e-01
   2.2833674394608547e-01
   2.2833674394608547e-01
   2.2833674904731341e-01
   2.2833882585647136e-01
   2.2833677181585052e-01
   2.2834504336534134e-01
   2.2833676549771506e-01
   2.2833676549771506e-01
   2.2833779510415880e-01
   2.2833680750443869e-01
   2.2833683687201231e-01
   2.2833667061236135e-01
   2.2834118711030041e-01
   2.2833676549771506e-01
   2.2833676549771506e-01
   2.2833989270426680e-01
   2.2833676549771506e-01
   2.2833669287315353e-01
   2.2833676549771506e-01
   2.2833664839290169e-01
   2.2834466943211557e-01
   2.2833674904731341e-01
   2.2833697059486519e-01
   2.2834526428651974e-01
   2.2833826809138724e-01
   2.2833676549771506e-01
   2.2833676549771506e-01
   2.2833676549771506e-01
   2.2833740282760567e-01
   2.2833697913808135e-01
   2.2851588687947014e-01
   2.2833667693049944e-01
   2.2833676549771506e-01
   2.2833664839290169e-01
   2.2833676549771506e-01
   2.2833676549771506e-01
   2.2833861770528979e-01
   2.2833791583178500e-01
   2.2833989270426680e-01
   2.2833860527701175e-01
   2.2833664906072282e-01
   2.2833676549771506e-01
   2.2833775334361853e-01
   2.2833676549771506e-01
   2.2833676549771506e-01
   2.2833676549771506e-01
   2.2833675922166344e-01
   2.2835723441138470e-01
   2.2833676549771506e-01
   2.2833664839290169e-01
   2.2833989171252106e-01
   2.2833675117730060e-01
   2.2834031293749804e-01
   2.2833676549771506e-01
   2.2833674394608547e-01
   2.2833667329646951e-01
   2.2834180360772416e-01
   2.2833676549771506e-01
   2.2833674394608547e-01
   2.2833845184360368e-01
   2.2833672991469817e-01
   2.2833676549771506e-01
   2.2833676549771506e-01
   2.2833676549771506e-01
   2.2834158446000402e-01
   2.2833674394608547e-01
   2.2833667061236135e-01
   2.2843609129556644e-01
   2.2833676549771506e-01
   2.2833676549771506e-01
   2.2833676549771506e-01
   2.2834333916586849e-01
   2.2833685914655585e-01
   2.2833676549771506e-01
   2.2833676549771506e-01
   2.2834288060181165e-01
   2.2833676549771506e-01
   2.2835726031441847e-01
   2.2833674394608547e-01
   2.2833667061236135e-01
   2.2834291915031724e-01
   2.2833684001039237e-01
   2.2833674394608547e-01
   2.2833676549771506e-01
   2.2833676549771506e-01
   2.2833676549771506e-01
   2.2835834650572345e-01
   2.2833676549771506e-01
   2.2833676549771506e-01
   2.2833676549771506e-01
   2.2833676549771506e-01
   2.2833683072745134e-01
   2.2833676549771506e-01
   2.2833728480975360e-01
   2.2833676549771506e-01
   2.2833664839290169e-01
   2.2833676549771506e-01
   2.2833726429671300e-01
   2.2833674394608547e-01
   2.2833676549771506e-01
   2.2833667061236135e-01
   2.2835429917436426e-01
   2.2833832218252115e-01
   2.2833664839290169e-01
   2.2851476499337384e-01
   2.2834510664727994e-01
   2.2833679249098188e-01
   2.2833691886606100e-01
   2.2833716576433893e-01
   2.2834144046611551e-01
   2.2833676549771506e-01
   2.2833972172762032e-01
   2.2834098327955948e-01
   2.2833667061236135e-01
   2.2833680750443869e-01
   2.2833919308510908e-01
   2.2833676549771506e-01
   2.2834051664563818e-01
   2.2833664839290169e-01
   2.2833664839290169e-01
   2.2833863691371270e-01
   2.2833676549771506e-01
   2.2835038326382945e-01
   2.2835315380269347e-01
   2.2833676549771506e-01
   2.2887552208394188e-01
   2.2833674327826459e-01
   2.2833667061236135e-01
   2.2833676549771506e-01
   2.2833677181585052e-01
   2.2833676549771506e-01
   2.2833676549771506e-01
   2.2833664839290169e-01
   2.2833674394608547e-01
   2.2834697735351370e-01
   2.2834639446548058e-01
   2.2833809407046579e-01
   2.2833664839290169e-01
   2.2833677465738797e-01
   2.2833677181585052e-01
   2.2833680750443869e-01
   2.2833664839290169e-01
   2.2833676549771506e-01
   2.2833675922166344e-01
   2.2833687384859774e-01
   2.2833667061236135e-01
   2.2833805368783625e-01
   2.2833676549771506e-01
   2.2833667693049944e-01
   2.2834927449307821e-01
   2.2833676549771506e-01
   2.2833676549771506e-01
   2.2833905012185002e-01
   2.2833676549771506e-01
   2.2833667061236135e-01
   2.2834265694839620e-01
   2.2833664839290169e-01
   2.2833887476582465e-01
   2.2833667061236135e-01
   2.2835789496569869e-01
   2.2833676549771506e-01
   2.2834059852153460e-01
   2.2833701469337936e-01
   2.2833676549771506e-01
   2.2833676549771506e-01
   2.2833752167515708e-01
   2.2833664839290169e-01
   2.2833989270426680e-01
   2.2833676549771506e-01
   2.2833676549771506e-01
   2.2834230741946976e-01
   2.2833893196205471e-01
   2.2833986826293859e-01
   2.2833846596856169e-01
   2.2833721690169168e-01
   2.2834102366030484e-01
   2.2833791096392211e-01
   2.2834300509675526e-01
   2.2833871876517628e-01
   2.2834021789267864e-01
   2.2833995558885228e-01
   2.2833966130247235e-01
   2.2833905758640954e-01
   2.2834318046390262e-01
   2.2834165532631090e-01
   2.2833678472063937e-01
   2.2833797937805078e-01
   2.2833678472063937e-01
   2.2833676549771506e-01
   2.2833830499370220e-01
   2.2833678472063937e-01
   2.2833716576433893e-01
   2.2833933266217643e-01
   2.2834803734129278e-01
   2.2833793421852183e-01
   2.2834070733178805e-01
   2.2833850277741302e-01
   2.2834063646744462e-01
   2.2833793835913316e-01
   2.2833838107523485e-01
   2.2834134613437987e-01
   2.2833778621917172e-01
   2.2833819872070049e-01
   2.2833750514035933e-01
   2.2833856117350204e-01
   2.2834355948408108e-01
   2.2834065217900038e-01
   2.2833767330739366e-01
   2.2834664298429497e-01
   2.2833696737609108e-01
   2.2834550667922124e-01
   2.2834411836857432e-01
