   2.2834035676424655e-01
   2.2834273097373065e-01
   2.2834400786964257e-01
   2.2834422913573016e-01
   2.2834519508561668e-01
   2.2834519508561668e-01
   2.2834519508561668e-01
   2.2834519508561668e-01
   2.2834519508561668e-01
   2.2834519508561668e-01
   2.2834519508561668e-01
   2.2835284301203482e-01
   2.2834519508561668e-01
   2.2834519508561668e-01
   2.2834519508561668e-01
   2.2836564798070788e-01
   2.2834519508561668e-01
   2.2835720269051271e-01
   2.2834642030632177e-01
   2.2834642030632177e-01
   2.2834876886472127e-01
   2.2835023244443381e-01
   2.2841277829434131e-01
   2.2834519508561668e-01
   2.2837208100983450e-01
   2.2834334061567998e-01
   2.2834519508561668e-01
   2.2834519508561668e-01
   2.2834519508561668e-01
   2.2834519508561668e-01
   2.2834812187403580e-01
   2.2834519508561668e-01
   2.2834519508561668e-01
   2.2834642030632177e-01
   2.2834642030632177e-01
   2.2835899374803620e-01
   2.2834519508561668e-01
   2.2835389707426446e-01
   2.2834450763066480e-01
   2.2834519508561668e-01
   2.2837399842860809e-01
   2.2834744736287935e-01
   2.2837810333674147e-01
   2.2845518635954909e-01
   2.2835045292583395e-01
   2.2841790697013398e-01
   2.2834519508561668e-01
   2.2834035676424655e-01
   2.2834642030632177e-01
   2.2834642030632177e-01
   2.2838213183057549e-01
   2.2834519508561668e-01
   2.2834642030632177e-01
   2.2834642030632177e-01
   2.2834035676424655e-01
   2.2834519508561668e-01
   2.2834519508561668e-01
   2.2834519508561668e-01
   2.2834516361477206e-01
   2.2837107542108681e-01
   2.2835656422016865e-01
   2.2835778937987428e-01
   2.2834770448084984e-01
   2.2837166622103733e-01
   2.2836213221599799e-01
   2.2834636635975633e-01
   2.2834519508561668e-01
   2.2834519508561668e-01
   2.2835266768274662e-01
   2.2834519508561668e-01
   2.2834642030632177e-01
   2.2837309461061739e-01
   2.2834519508561668e-01
   2.2834519508561668e-01
   2.2835425712108670e-01
   2.2834642030632177e-01
   2.2840980701273306e-01
   2.2834519508561668e-01
   2.2834519508561668e-01
   2.2835118721086906e-01
   2.2835170531090357e-01
   2.2837965752977776e-01
   2.2834519508561668e-01
   2.2834642030632177e-01
   2.2834797182391484e-01
   2.2835197151252412e-01
   2.2834400786964257e-01
   2.2834203532723321e-01
   2.2834519508561668e-01
   2.2834391199890325e-01
   2.2834173541730685e-01
   2.2843474686202775e-01
   2.2834519508561668e-01
   2.2841002931605953e-01
   2.2834608359845088e-01
   2.2834519508561668e-01
   2.2838761782645978e-01
   2.2835089560731422e-01
   2.2838247103966375e-01
   2.2835778937987428e-01
   2.2834642030632177e-01
   2.2834519508561668e-01
   2.2834519508561668e-01
   2.2834519508561668e-01
   2.2834642030632177e-01
   2.2838813637171279e-01
   2.2834519508561668e-01
   2.2834642030632177e-01
   2.2835661586190084e-01
   2.2834908409214932e-01
   2.2836177220022177e-01
   2.2834519508561668e-01
   2.2834158201091281e-01
   2.2834519508561668e-01
   2.2834642030632177e-01
   2.2835778937987428e-01
   2.2834519508561668e-01
   2.2834642030632177e-01
   2.2834642030632177e-01
   2.2836861088923516e-01
   2.2834519508561668e-01
   2.2842372787336143e-01
   2.2850217776834739e-01
   2.2834519508561668e-01
   2.2834642030632177e-01
   2.2834273097373065e-01
   2.2834519508561668e-01
   2.2835335176469954e-01
   2.2834422913573016e-01
   2.2835176553929198e-01
   2.2834878583035059e-01
   2.2834642030632177e-01
   2.2834642030632177e-01
   2.2834519508561668e-01
   2.2837690752806136e-01
   2.2839924921975624e-01
   2.2835778937987428e-01
   2.2834519508561668e-01
   2.2834519508561668e-01
   2.2834642030632177e-01
   2.2834519508561668e-01
   2.2834592883036753e-01
   2.2834519508561668e-01
   2.2834519508561668e-01
   2.2854665578846278e-01
   2.2836924164296804e-01
   2.2834642030632177e-01
   2.2835232772086939e-01
   2.2834504199399308e-01
   2.2834914534028516e-01
   2.2834519508561668e-01
   2.2834642030632177e-01
   2.2924310938413461e-01
   2.2834519508561668e-01
   2.2836076595044505e-01
   2.2834519508561668e-01
   2.2834519508561668e-01
   2.2834578458992999e-01
   2.2834519508561668e-01
   2.2834035676424655e-01
   2.2834717050490630e-01
   2.2834642030632177e-01
   2.2836891635039483e-01
   2.2834642030632177e-01
   2.2834519508561668e-01
   2.2835580526021512e-01
   2.2834642030632177e-01
   2.2834035676424655e-01
   2.2834035676424655e-01
   2.2834519508561668e-01
   2.2834519508561668e-01
   2.2834400786964257e-01
   2.2835656422016865e-01
   2.2835669581133700e-01
   2.2834642030632177e-01
   2.2867568687755035e-01
   2.2841581582420065e-01
   2.2835152483790330e-01
   2.2846814980377897e-01
   2.2837413821401178e-01
   2.2838631984586896e-01
   2.2839534143115578e-01
   2.2838812468592801e-01
   2.2838403595699369e-01
   2.2838518812900374e-01
   2.2838285835028269e-01
   2.2873912870397081e-01
   2.2837208100983450e-01
   2.2875468194866025e-01
   2.2836560683658000e-01
   2.2835710621937474e-01
   2.2842811850979350e-01
   2.2837029971053191e-01
   2.2837415432843916e-01
   2.2836276100553907e-01
   2.2835687529129031e-01
   2.2835212424920420e-01
   2.2837600399856883e-01
   2.2837311230992885e-01
   2.2838111391124100e-01
   2.2836359176861856e-01
   2.2837202405368592e-01
   2.2837359438477187e-01
   2.2839060698019856e-01
   2.2836988578654469e-01
   2.2840290920082729e-01
   2.2836924164296804e-01
   2.2837256023447861e-01
   2.2837353196629362e-01
   2.2839616822376130e-01
   2.2837694505960773e-01
   2.2839459670818424e-01
   2.2839692105924550e-01
   2.2838399379509103e-01
   2.2835797676247407e-01
   2.2843432240726841e-01
   2.2842503696821753e-01
   2.2842102798414701e-01
   2.2842928693180134e-01
   2.2835138840455568e-01
