   2.2835890053678970e-01
   2.2835890053678970e-01
   2.2835890053678970e-01
   2.2836384586927652e-01
   2.2837247623927562e-01
   2.2837549060066137e-01
   2.2838336369746939e-01
   2.2840046130116409e-01
   2.2842040908434297e-01
   2.2842040908434297e-01
   2.2842040908434297e-01
   2.3051889817998958e-01
   2.2900028476358875e-01
   2.2842040908434297e-01
   2.2839670043569846e-01
   2.2874317571991448e-01
   2.2842040908434297e-01
   2.2864550768916855e-01
   2.2844965604573592e-01
   2.2842040908434297e-01
   2.2838336369746939e-01
   2.2864550768916855e-01
   2.2873541512720291e-01
   2.2864754924783140e-01
   2.2835890053678970e-01
   2.2842040908434297e-01
   2.2854266688539965e-01
   2.5212311540022514e-01
   2.2842040908434297e-01
   2.2854266688539965e-01
   2.2835890053678970e-01
   2.2842040908434297e-01
   2.2893021740276198e-01
   2.2864550768916855e-01
   2.2865032271553581e-01
   2.2842040908434297e-01
   2.2894166814138428e-01
   2.2835890053678970e-01
   2.2835890053678970e-01
   2.2892023763322497e-01
   2.2897773364770696e-01
   2.2864550768916855e-01
   2.3001106988396555e-01
   2.5100907886737339e-01
   2.2864550768916855e-01
   2.2864550768916855e-01
   2.2867236736428534e-01
   2.2886148207893489e-01
   2.2836384586927652e-01
   2.2924334331023202e-01
   2.2842040908434297e-01
   2.2899164864410901e-01
   3.0073850663933693e-01
   2.3181493340742140e-01
   2.2962761054372904e-01
   2.2873222908849594e-01
   2.2842040908434297e-01
   2.2842040908434297e-01
   2.3029495935580227e-01
   2.2838569500308228e-01
   2.2900028476358875e-01
   2.2842040908434297e-01
   2.2864550768916855e-01
   2.2916668745065732e-01
   2.3239794231019312e-01
   2.2842040908434297e-01
   2.2866115467297729e-01
   2.2864550768916855e-01
   2.2843866353450229e-01
   2.2842040908434297e-01
   2.2843398113141067e-01
   2.2945015847921560e-01
   2.2864550768916855e-01
   2.2835890053678970e-01
   2.2894325763920315e-01
   2.2864550768916855e-01
   2.2842040908434297e-01
   2.3199878726082337e-01
   2.2835890053678970e-01
   2.2943008844475496e-01
   2.3060312323599316e-01
   2.2842040908434297e-01
   2.2837247623927562e-01
   2.2842040908434297e-01
   2.2842040908434297e-01
   2.2842040908434297e-01
   2.2842040908434297e-01
   2.2864193091052892e-01
   2.2875514906349245e-01
   2.2864550768916855e-01
   2.2842040908434297e-01
   2.3846755676166906e-01
   2.2881150933728353e-01
   2.3043421036703776e-01
   2.2835890053678970e-01
   2.2838233520831103e-01
   2.2865032271553581e-01
   2.2848860700918644e-01
   2.2899579218994209e-01
   2.2842040908434297e-01
   2.2894203049324807e-01
   2.2842040908434297e-01
   2.2835784020206853e-01
   2.2835890053678970e-01
   2.2835890053678970e-01
   2.2864550768916855e-01
   2.2842040908434297e-01
   2.2869594851431263e-01
   2.2943618715290370e-01
   2.2838336369746939e-01
   2.2865995624225646e-01
   2.2838815537485271e-01
   2.3067971789346220e-01
   2.2837702953215971e-01
   2.2842040908434297e-01
   2.2864550768916855e-01
   2.3600314727237776e-01
   2.2842298449726550e-01
   2.2941654283945412e-01
   2.3139873342707692e-01
   2.2864550768916855e-01
   2.2842040908434297e-01
   2.2866353273894199e-01
   2.2835890053678970e-01
   2.2837549060066137e-01
   2.2875728572794649e-01
   2.2842040908434297e-01
   2.2901163477210570e-01
   2.2842040908434297e-01
   2.2842040908434297e-01
   2.2843866353450229e-01
   2.3378395271226673e-01
   2.2842040908434297e-01
   2.2842040908434297e-01
   2.2873981457595596e-01
   2.2983880617374905e-01
   2.2843398113141067e-01
   2.2865083537598416e-01
   2.2843220761952712e-01
   2.2865032271553581e-01
   2.2875592027067060e-01
   2.2842040908434297e-01
   2.2842040908434297e-01
   2.2981213005205861e-01
   2.2944223982110035e-01
   2.3097744131227294e-01
   2.2864550768916855e-01
   2.2847616783330280e-01
   2.3004635778726923e-01
   2.2948118013931654e-01
   2.3004558811893633e-01
   2.3000372018608387e-01
   2.2912919915324900e-01
   2.2922401305581172e-01
   2.8310523828978468e-01
   2.2842040908434297e-01
   2.2864235898229859e-01
   2.2864550768916855e-01
   2.2842303919142881e-01
   2.2925026479819210e-01
   2.2837370979068514e-01
   2.2896505249352694e-01
   2.2842303919142881e-01
   2.2866038428028115e-01
   2.3224792556539733e-01
   2.2982796007237746e-01
   2.2896680123101854e-01
   2.2874437479212839e-01
   2.2948007297149950e-01
   2.2864550768916855e-01
   2.2842040908434297e-01
   2.2843754636328670e-01
   2.2867236736428534e-01
   2.2864550768916855e-01
   2.2950529683232443e-01
   2.2961741368475683e-01
   2.2864550768916855e-01
   2.2864550768916855e-01
   2.2870488605121228e-01
   2.3038351774775526e-01
   2.2863034104487046e-01
   2.2902044042553391e-01
   2.2842741146853390e-01
   2.2872253844281626e-01
   2.2971338106247868e-01
   2.2873341591048188e-01
   2.2879688953451849e-01
   2.2944695298473003e-01
   2.3043431544827489e-01
   2.2857258146419585e-01
   2.2846544795171214e-01
   2.2961778177351733e-01
   2.2917204553320017e-01
   2.2857226138748024e-01
   2.2900634467515565e-01
   2.2851382630546521e-01
   2.2865503491076453e-01
   2.2875922071264143e-01
   2.2881012142138121e-01
   2.2882974266436179e-01
   2.2844054361146982e-01
   2.2877729715224102e-01
   2.2848356817494284e-01
   2.2868164107752884e-01
   2.2901079095953394e-01
   2.2869677765158525e-01
   2.2855187250771061e-01
   2.2851505156621635e-01
   2.2912842434273431e-01
   2.2844105240333748e-01
   2.4924502700564993e-01
   2.2883739438561787e-01
   2.2864853016508369e-01
   2.2915708243556190e-01
   2.2899066180530495e-01
   2.2898384966755794e-01
   2.2839656665355640e-01
   2.2898517318002626e-01
   2.2882104219632574e-01
   2.2866146820617334e-01
