   2.2833676549771506e-01
   2.2833676549771506e-01
   2.2833676549771506e-01
   2.2833676549771506e-01
   2.2833676549771506e-01
   2.2833676549771506e-01
   2.2833676549771506e-01
   2.2833676549771506e-01
   2.2833676549771506e-01
   2.2833676549771506e-01
   2.2833676549771506e-01
   2.2834311614278147e-01
   2.2833719708623920e-01
   2.2836680245285026e-01
   2.2844500475589616e-01
   2.2833677181585052e-01
   2.2833676549771506e-01
   2.2834057402954491e-01
   2.2833677181585052e-01
   2.2836646797142454e-01
   2.2836102634064387e-01
   2.2833752952342584e-01
   2.2833676549771506e-01
   2.2839485820273672e-01
   2.2833676549771506e-01
   2.2833752167515708e-01
   2.2833702679975509e-01
   2.2833688201710234e-01
   2.2835268919613630e-01
   2.2834838834903384e-01
   2.2833804204601960e-01
   2.2833674394608547e-01
   2.2836537156190206e-01
   2.2833676549771506e-01
   2.2833676549771506e-01
   2.2833664839290169e-01
   2.2833676549771506e-01
   2.2835961961167434e-01
   2.2833676549771506e-01
   2.2833677181585052e-01
   2.2833676549771506e-01
   2.2833676549771506e-01
   2.2833676549771506e-01
   2.2833676549771506e-01
   2.2833676549771506e-01
   2.2833676549771506e-01
   2.2833677181585052e-01
   2.2851660946786098e-01
   2.2833676549771506e-01
   2.2834395211954878e-01
   2.2833680750443869e-01
   2.2835709235829593e-01
   2.2833676549771506e-01
   2.2833676549771506e-01
   2.2834565799615486e-01
   2.2833676549771506e-01
   2.2833676549771506e-01
   2.2866372983965769e-01
   2.2833676549771506e-01
   2.2833684001039237e-01
   2.2833680750443869e-01
   2.2833680750443869e-01
   2.2833676549771506e-01
   2.2838401491657803e-01
   2.2833676549771506e-01
   2.2833676549771506e-01
   2.2833676549771506e-01
   2.2833676549771506e-01
   2.2833676549771506e-01
   2.2833676549771506e-01
   2.2833957506176092e-01
   2.2833676549771506e-01
   2.2834664103102412e-01
   2.2833676549771506e-01
   2.2833680750443869e-01
   2.2834528073630794e-01
   2.2833677181585052e-01
   2.2833676549771506e-01
   2.2836477710047540e-01
   2.2841125943254642e-01
   2.2833676549771506e-01
   2.2837519393583280e-01
   2.2833791583178500e-01
   2.2833684001039237e-01
   2.2833676549771506e-01
   2.2833676549771506e-01
   2.2835179163985922e-01
   2.2834030835415195e-01
   2.2833680750443869e-01
   2.2833676549771506e-01
   2.2833676549771506e-01
   2.2833756261541771e-01
   2.2833676549771506e-01
   2.2833863691371270e-01
   2.2833676549771506e-01
   2.2833676549771506e-01
   2.2833680750443869e-01
   2.2847207817135332e-01
   2.2833848813304880e-01
   2.2834326960141932e-01
   2.2833676549771506e-01
   2.2833676549771506e-01
   2.2833676549771506e-01
   2.2835195782227657e-01
   2.2834574305046651e-01
   2.2833676549771506e-01
   2.2833677181585052e-01
   2.2833676549771506e-01
   2.2833684632852577e-01
   2.2833680750443869e-01
   2.2834102902078227e-01
   2.2833774443087973e-01
   2.2843609129556644e-01
   2.2833676549771506e-01
   2.2833688201710234e-01
   2.2833676549771506e-01
   2.2833676549771506e-01
   2.2833676549771506e-01
   2.2833676549771506e-01
   2.2833677465738797e-01
   2.2833684001039237e-01
   2.2833677465738797e-01
   2.2833676549771506e-01
   2.2833676549771506e-01
   2.2833676549771506e-01
   2.2833676549771506e-01
   2.2833738945662491e-01
   2.2834237224056256e-01
   2.2833676549771506e-01
   2.2833676549771506e-01
   2.2833680750443869e-01
   2.2833676549771506e-01
   2.2833676549771506e-01
   2.2833676549771506e-01
   2.2834144046611551e-01
   2.2834112027735240e-01
   2.2833676549771506e-01
   2.2836299537037077e-01
   2.2833677465738797e-01
   2.2833684001039237e-01
   2.2857708398571164e-01
   2.2833676549771506e-01
   2.2833902411890930e-01
   2.2833676549771506e-01
   2.2833680750443869e-01
   2.2835129590326178e-01
   2.2833688201710234e-01
   2.2833676549771506e-01
   2.2833676549771506e-01
   2.2833681666410993e-01
   2.2839973499155097e-01
   2.2833676549771506e-01
   2.2834472860224811e-01
   2.2836797967337089e-01
   2.2833680750443869e-01
   2.2833676549771506e-01
   2.2837095623859260e-01
   2.2833676549771506e-01
   2.2834018448814200e-01
   2.2834565857732167e-01
   2.2833677181585052e-01
   2.2834303343201581e-01
   2.2833738945662491e-01
   2.2834621730557308e-01
   2.2833676549771506e-01
   2.2833676549771506e-01
   2.2854249917887876e-01
   2.2833977632718727e-01
   2.2833676549771506e-01
   2.2833680750443869e-01
   2.2833730391261009e-01
   2.2834501647040856e-01
   2.2833852504315194e-01
   2.2834504336534134e-01
   2.2833676549771506e-01
   2.2833676549771506e-01
   2.2833676549771506e-01
   2.2833690680940708e-01
   2.2833792337292014e-01
   2.2833783000412916e-01
   2.2833728480975360e-01
   2.2833839216953755e-01
   2.2833767435528690e-01
   2.2833868010374980e-01
   2.2833707559553718e-01
   2.2833877973570049e-01
   2.2833728480975360e-01
   2.2834038620964892e-01
   2.2833849831027844e-01
   2.2834097021817010e-01
   2.2833868438934274e-01
   2.2834182523457031e-01
   2.2834095614636829e-01
   2.2834016718818528e-01
   2.2833982152236815e-01
   2.2834069735336873e-01
   2.2833798797362129e-01
   2.2833767435528690e-01
   2.2833751453845713e-01
   2.2833908453872193e-01
   2.2833779510415880e-01
   2.2834416576471242e-01
   2.2833826809138724e-01
   2.2888042095437713e-01
   2.2835514525262629e-01
   2.2839418775989362e-01
   2.2903587793768795e-01
   2.2844140315593972e-01
   2.2833784912358693e-01
   2.2833951316324017e-01
   2.2833728480975360e-01
   2.2836323876988865e-01
   2.2834132754916125e-01
   2.2834864118162201e-01
   2.2834008212303944e-01
   2.2833802810280351e-01
   2.2833754053783079e-01
   2.2839775286240857e-01
   2.2833724878891526e-01
   2.2834695883613026e-01
