   1.4745522004382912e+00
   1.4932990116975999e+00
   1.5673083247415465e+00
   1.6216565171458268e+00
   1.6361358939440396e+00
   1.7067444733040551e+00
   1.7079273516248272e+00
   1.7104507803961966e+00
   1.7121359561261955e+00
   1.7594107013028573e+00
   1.7594107013028573e+00
   5.3205531226779721e+00
   4.1126196263537080e+00
   1.5806448517990270e+00
   9.1256873773466225e+00
   1.4593750126588942e+00
   2.6587589978972153e+00
   3.2966313469924655e+00
   3.2430944038571763e+00
   6.0285912661357930e+00
   4.4704677899071008e+00
   1.7434563065173287e+00
   4.1792394869573597e+00
   6.6893358375375129e+00
   7.6085593582078106e+00
   4.4058322246667734e+00
   5.6232543944526023e+00
   4.7937671406719149e+00
   5.0181648171563777e+00
   3.3309012232754394e+00
   4.2954622365182402e+00
   4.9907306412331067e+00
   2.9651799600509734e+00
   1.0106590181411841e+01
   2.8193995008583843e+00
   5.5684441607378110e+00
   5.7738067062974148e+00
   1.6578391072311398e+00
   4.3809947549743988e+00
   4.2464906646353278e+00
   1.7594107013028573e+00
   4.5079079973527252e+00
   3.3641905642167416e+00
   8.2399804722406866e+00
   6.8545870027947791e+00
   4.6143904921000818e+00
   7.2085684762262785e+00
   2.0135807878753291e+00
   3.7038043909735507e+00
   4.4559735115816634e+00
   5.7423747816281772e+00
   7.1994838032625772e+00
   2.8810762447039857e+00
   3.7369176513165652e+00
   3.8423590694613039e+00
   6.6210019867658820e+00
   2.3391037479209187e+00
   2.4252983133205870e+00
   5.3383520066093668e+00
   4.7992178721833509e+00
   1.4745522004382912e+00
   1.4289260572030273e+00
   1.6216565171458268e+00
   2.5163742339993092e+00
   1.6830965698719520e+00
   3.4471299245016733e+00
   4.5096441771324978e+00
   1.5633292642992891e+00
   4.7406832087111841e+00
   1.6199380626555122e+00
   3.4709900441176704e+00
   6.4508268054439668e+00
   6.4814980788077463e+00
   1.4932990116975999e+00
   1.4932990116975999e+00
   1.4932990116975999e+00
   1.2580604210490637e+01
   2.4192922857728001e+00
   2.4625306811736665e+00
   9.2810760734569762e+00
   1.6361358939440396e+00
   1.7448349000424725e+00
   1.0168765943265427e+01
   1.7392946091195054e+00
   6.6572026430398781e+00
   4.9454770430781991e+00
   2.6733917263874170e+00
   8.1875813703994709e+00
   3.0066247973003102e+00
   5.5761504755975926e+00
   1.5673083247415465e+00
   1.7079273516248272e+00
   6.3397321162327378e+00
   1.6977787164093754e+00
   4.3382899463321341e+00
   2.4796331373620517e+00
   6.6495536613994428e+00
   3.5970610009775852e+00
   3.9262231269949961e+00
   4.3561195003373117e+00
   2.3756981041738738e+00
   2.6061146977930902e+00
   4.6744538848260424e+00
   5.6504596668447258e+00
   1.0748248577564633e+01
   2.8613125498912297e+00
   4.8699316751604211e+00
   1.4489053899795081e+00
   3.6176464807194910e+00
   1.4745522004382912e+00
   2.7959067046549833e+00
   2.7568315957325420e+00
   6.6986776848423402e+00
   5.2319953821640022e+00
   2.9329382694358150e+00
   3.3378381662006582e+00
   6.2356550924644392e+00
   3.9527517873120366e+00
   4.6252799749080955e+00
   1.6445502136914012e+00
   7.7251605419437235e+00
   1.8050824384373581e+00
   1.9597070602899016e+00
   3.0349348482061456e+00
   4.6939501177266436e+00
   3.0635937766170307e+00
   2.2159560798992120e+00
   2.6255220033929638e+00
   1.7594107013028573e+00
   1.5257781027117753e+01
   5.5480838738006728e+00
   4.2861924322445635e+00
   1.1353182622900755e+01
   2.3501026013453692e+00
   5.4013739563582437e+00
   7.5352121467182629e+00
   7.7011831491366722e+00
   3.7902858365030201e+00
   9.9999255095572046e+00
   5.1135711060880595e+00
   6.1202616469767568e+00
   1.4932990116975999e+00
   2.8367685131467151e+00
   3.0631252337169865e+00
   4.6325428596581268e+00
   5.8541348761729601e+00
   3.0139487951096160e+00
   2.4321529577996892e+00
   4.1050461123506965e+00
   6.9346614014761112e+00
   6.6712226570099054e+00
   4.6054793004853725e+00
   2.8610733387275222e+00
   4.9737896618488948e+00
   6.2913838421211752e+00
   8.3989820383535552e+00
   3.3202378569936437e+00
   3.9815790015181953e+00
   3.6418041187961685e+00
   3.3054811548912251e+00
   3.5948540871448142e+00
   3.7705308687531889e+00
   3.9482307210505825e+00
   5.2611918471259624e+00
   1.3487177237191169e+01
   4.2682089247348953e+00
   4.3131545018063804e+00
   7.2391759784210938e+00
   4.6248040479419030e+00
   3.1040044143897743e+00
   2.6733917263874170e+00
   1.8386931705668292e+00
   3.6405394340589874e+00
   5.6385515868175293e+00
   5.2953123725448865e+00
   4.2840985079954699e+00
   5.3940561001295224e+00
   4.5379229057396691e+00
   3.9061354331975693e+00
   2.2964837505942559e+00
   2.4462573589820398e+00
   6.3301455195704746e+00
   4.3104611401403012e+00
   1.3549260092291384e+01
   1.5414573879409998e+00
   4.5574256835236477e+00
   3.1509650154805890e+00
   2.0162414384365723e+00
   6.5852417366003744e+00
   6.0649513445795860e+00
   6.9619698074164296e+00
   1.6140741217507064e+00
   4.9117649506169210e+00
   1.7037492134192906e+00
   4.7520170042897645e+00
   3.9441455401888574e+00
   7.8880124328785666e+00
   4.4543292468022093e+00
   1.8590549340736213e+00
   1.9097795602595196e+00
   1.6602319876904708e+00
   1.9870383019908022e+00
   4.4888705168435861e+00
   3.1749972174750627e+00
   1.9175265218405475e+00
   3.0750002265467318e+00
   4.3721170699961691e+00
   5.5536278584514278e+00
   5.7180719508776772e+00
   1.2102265104595396e+01
   7.0900371265963420e+00
   1.9752763986802999e+00
   5.5234213327900035e+00
   2.1250268858079076e+00
   1.6232577005007460e+00
   7.6420923984534923e+00
   3.8748445523206310e+00
   3.3183684487906069e+00
   6.0479215279666185e+00
   1.4322846862281728e+00
