   2.2833645495776742e-01
   2.2833645495776742e-01
   2.2833645495776742e-01
   2.2833645495776742e-01
   2.2833645495776742e-01
   2.2833645495776742e-01
   2.2833645495776742e-01
   2.2833645495776742e-01
   2.2833645495776742e-01
   2.2833645495776742e-01
   2.2833645495776742e-01
   2.2833646381907255e-01
   2.2833645495776742e-01
   2.2833645495776742e-01
   2.2833645711905662e-01
   2.2833645495776742e-01
   2.2833645518965492e-01
   2.2833645495776742e-01
   2.2833645495776742e-01
   2.2833646052474563e-01
   2.2833645668538441e-01
   2.2833645495776742e-01
   2.2833645495776742e-01
   2.2833646286761364e-01
   2.2833645495776742e-01
   2.2833646426247697e-01
   2.2833646521546014e-01
   2.2833645495776742e-01
   2.2833645495776742e-01
   2.2833645545315981e-01
   2.2833645495776742e-01
   2.2833645673799838e-01
   2.2833645495776742e-01
   2.2833645757763549e-01
   2.2833645495776742e-01
   2.2833645728969806e-01
   2.2833645495776742e-01
   2.2833645495776742e-01
   2.2833645718481999e-01
   2.2833645497780053e-01
   2.2833645495776742e-01
   2.2833645631926525e-01
   2.2833645495776742e-01
   2.2833645629103941e-01
   2.2833645495776742e-01
   2.2833645495776742e-01
   2.2833645869237529e-01
   2.2833646032480145e-01
   2.2833646582210720e-01
   2.2833645496883412e-01
   2.2833646192269025e-01
   2.2833645501038138e-01
   2.2833645495776742e-01
   2.2833645495776742e-01
   2.2833645856038753e-01
   2.2833645495776742e-01
   2.2833645495776742e-01
   2.2833645495776742e-01
   2.2833645495776742e-01
   2.2833645501038138e-01
   2.2833645495776742e-01
   2.2833645495776742e-01
   2.2833645495776742e-01
   2.2833645495776742e-01
   2.2833645495776742e-01
   2.2833645495776742e-01
   2.2833645495776742e-01
   2.2833645654845272e-01
   2.2833645495776742e-01
   2.2833645497780053e-01
   2.2833645495776742e-01
   2.2833645495776742e-01
   2.2833645495776742e-01
   2.2833645495776742e-01
   2.2833646166510910e-01
   2.2833645579885312e-01
   2.2833645495776742e-01
   2.2833645565211774e-01
   2.2833645497780053e-01
   2.2833645495776742e-01
   2.2833645495776742e-01
   2.2833645643262734e-01
   2.2833645495776742e-01
   2.2833645495776742e-01
   2.2833645495776742e-01
   2.2833645922915960e-01
   2.2833645654423557e-01
   2.2833645495776742e-01
   2.2833645525293839e-01
   2.2833645495776742e-01
   2.2833646787120315e-01
   2.2833645495776742e-01
   2.2833646027134852e-01
   2.2833645495776742e-01
   2.2833645495776742e-01
   2.2833646845917169e-01
   2.2833645495776742e-01
   2.2833645497780053e-01
   2.2833645495776742e-01
   2.2833646071680402e-01
   2.2833645495776742e-01
   2.2833645495776742e-01
   2.2833645495776742e-01
   2.2833645495776742e-01
   2.2833645495776742e-01
   2.2833645495776742e-01
   2.2833645670344985e-01
   2.2833645495776742e-01
   2.2833646381907255e-01
   2.2833645946937642e-01
   2.2833645495776742e-01
   2.2833645711905662e-01
   2.2833645495776742e-01
   2.2833645495776742e-01
   2.2833646179682895e-01
   2.2833645598532676e-01
   2.2833645497780053e-01
   2.2833645495776742e-01
   2.2833645495776742e-01
   2.2833645495776742e-01
   2.2833645495776742e-01
   2.2833645495776742e-01
   2.2833645837592184e-01
   2.2833645696979976e-01
   2.2833645497780053e-01
   2.2833645495776742e-01
   2.2833646523522369e-01
   2.2833646381907255e-01
   2.2833645509724432e-01
   2.2833645700051627e-01
   2.2833645495776742e-01
   2.2833645505980640e-01
   2.2833645495776742e-01
   2.2833645495776742e-01
   2.2833645495776742e-01
   2.2833645748419715e-01
   2.2833645495776742e-01
   2.2833646036126817e-01
   2.2833645495776742e-01
   2.2833645501038138e-01
   2.2833645506711073e-01
   2.2833645495776742e-01
   2.2833645497780053e-01
   2.2833645922184095e-01
   2.2833645495776742e-01
   2.2833645495776742e-01
   2.2833645495776742e-01
   2.2833645495776742e-01
   2.2833645495776742e-01
   2.2833645699154675e-01
   2.2833645629103941e-01
   2.2833645502979608e-01
   2.2833645620705886e-01
   2.2833645495776742e-01
   2.2833645495776742e-01
   2.2833645842931780e-01
   2.2833645495776742e-01
   2.2833645495776742e-01
   2.2833645495776742e-01
   2.2833645495776742e-01
   2.2833645497780053e-01
   2.2833646573834188e-01
   2.2833645495776742e-01
   2.2833645592313576e-01
   2.2833645495776742e-01
   2.2833645497780053e-01
   2.2833645848577069e-01
   2.2833646591072942e-01
   2.2833645495776742e-01
   2.2833647680777097e-01
   2.2833645688346663e-01
   2.2833645501038138e-01
   2.2833645495776742e-01
   2.2833645563784152e-01
   2.2833645988304049e-01
   2.2833645716583612e-01
   2.2833646822596801e-01
   2.2833645713487705e-01
   2.2833646496811447e-01
   2.2833646105236041e-01
   2.2833647688613501e-01
   2.2833647310240143e-01
   2.2833646005110611e-01
   2.2833646758198342e-01
   2.2833646250879322e-01
   2.2833646198611607e-01
   2.2833646379130829e-01
   2.2833646659343684e-01
   2.2833646796221393e-01
   2.2833646594352705e-01
   2.2833651045332629e-01
   2.2833646531831303e-01
   2.2833648114303631e-01
   2.2833647382840241e-01
   2.2833646952486353e-01
   2.2833645951951950e-01
   2.2833645880456496e-01
   2.2833647660057738e-01
   2.2833645923746945e-01
   2.2833650427766278e-01
   2.2833646716449096e-01
   2.2833645730686161e-01
   2.2833647157606210e-01
   2.2833646405612010e-01
   2.2833646029725982e-01
   2.2833646132702001e-01
   2.2833647828446363e-01
   2.2833645896067351e-01
   2.2833646180381301e-01
   2.2833645888340012e-01
   2.2833646228826093e-01
   2.2833645773905101e-01
   2.2833645688047735e-01
   2.2833646125208823e-01
   2.2833646238954666e-01
   2.2833646366931942e-01
   2.2833646825899456e-01
   2.2833648222133238e-01
   2.2833646934893215e-01
   2.2833645972039682e-01
