   2.2835890053678970e-01
   2.2842040908434297e-01
   2.2842040908434297e-01
   2.2862120223577093e-01
   2.2864550768916855e-01
   2.2864550768916855e-01
   2.2864550768916855e-01
   2.2864550768916855e-01
   2.2864550768916855e-01
   2.2864550768916855e-01
   2.2864550768916855e-01
   2.5338709541686971e-01
   2.2886190175097926e-01
   2.2864550768916855e-01
   2.2864550768916855e-01
   2.2864550768916855e-01
   2.2865908742484728e-01
   2.2864550768916855e-01
   2.3189970859451914e-01
   2.2864754924783140e-01
   2.2880312589486754e-01
   2.2943344297032042e-01
   2.2864754924783140e-01
   2.2864550768916855e-01
   2.3326352628479471e-01
   2.2864550768916855e-01
   2.2864550768916855e-01
   2.2865083537598416e-01
   2.2865908742484728e-01
   2.2864550768916855e-01
   2.2864550768916855e-01
   2.2941062693721403e-01
   2.2842535308519030e-01
   2.2864550768916855e-01
   2.2864550768916855e-01
   2.2864550768916855e-01
   2.2864550768916855e-01
   2.2864550768916855e-01
   2.2864550768916855e-01
   2.2864550768916855e-01
   2.2864550768916855e-01
   2.5881866742315518e-01
   2.4747547605142831e-01
   2.2877721365696257e-01
   2.2864550768916855e-01
   2.2864550768916855e-01
   2.2884789304373385e-01
   2.2842040908434297e-01
   2.2864550768916855e-01
   2.5092346235143509e-01
   2.2864550768916855e-01
   2.2879111621041379e-01
   2.8715803828291547e-01
   2.2864550768916855e-01
   2.2899323934843110e-01
   2.3056779482542436e-01
   2.2912447310416575e-01
   2.2864550768916855e-01
   2.2864550768916855e-01
   2.3578397277422561e-01
   2.3100790359383738e-01
   2.2864550768916855e-01
   2.2864550768916855e-01
   2.2864550768916855e-01
   2.2864550768916855e-01
   2.2842040908434297e-01
   2.2864550768916855e-01
   2.2850346185427550e-01
   2.2842040908434297e-01
   2.2931736611499318e-01
   2.2842040908434297e-01
   2.5065958347723866e-01
   2.2842040908434297e-01
   2.2978450208396478e-01
   2.2946890778881751e-01
   2.2864550768916855e-01
   2.2864550768916855e-01
   2.2864550768916855e-01
   2.3419456173419242e-01
   2.3134025340595205e-01
   2.2970036672346061e-01
   2.2864550768916855e-01
   2.2891450985854778e-01
   2.2864550768916855e-01
   2.2888794373494470e-01
   2.5368295511383054e-01
   2.2842040908434297e-01
   2.3019479435841633e-01
   2.2864550768916855e-01
   2.2864550768916855e-01
   2.5186975534254991e-01
   2.2864550768916855e-01
   2.2868488470780790e-01
   2.2885183465409353e-01
   2.3845453560868485e-01
   2.2864550768916855e-01
   2.2864550768916855e-01
   2.2864550768916855e-01
   2.2864550768916855e-01
   2.2880150283327189e-01
   2.2864550768916855e-01
   2.2864550768916855e-01
   2.2892741510656042e-01
   2.2982796007237746e-01
   2.2842040908434297e-01
   2.2847165026342883e-01
   2.3005303075686201e-01
   2.7014411680099459e-01
   2.2864550768916855e-01
   2.2864550768916855e-01
   2.2868040253102592e-01
   2.2896836619404359e-01
   2.2941654283945412e-01
   2.2864550768916855e-01
   2.2895955348366132e-01
   2.2864550768916855e-01
   2.2843398113141067e-01
   2.2924916617709956e-01
   2.2864550768916855e-01
   2.2892922626528597e-01
   2.2896615510291243e-01
   2.2869211537216833e-01
   2.2864550768916855e-01
   2.2864550768916855e-01
   2.2864550768916855e-01
   2.2864550768916855e-01
   2.2864269237505874e-01
   2.2864550768916855e-01
   2.2912832099116195e-01
   2.2864550768916855e-01
   2.2864550768916855e-01
   2.2844965604573592e-01
   2.2864550768916855e-01
   2.2864235898229859e-01
   2.3104282562760078e-01
   2.2864550768916855e-01
   2.2867950367454051e-01
   2.2864550768916855e-01
   2.2842040908434297e-01
   2.3450022594638203e-01
   2.2865083537598416e-01
   2.2865908742484728e-01
   2.2864550768916855e-01
   2.2865908742484728e-01
   2.2864550768916855e-01
   2.3417615178847084e-01
   2.2867735286595509e-01
   2.2835890053678970e-01
   2.2864550768916855e-01
   2.2864550768916855e-01
   2.2867086944495349e-01
   2.2865908742484728e-01
   2.2864550768916855e-01
   2.3880341457431079e-01
   2.2897274222051500e-01
   2.2865995624225646e-01
   2.2920797677828705e-01
   2.3315245970518017e-01
   2.2864550768916855e-01
   2.2864550768916855e-01
   2.2842040908434297e-01
   2.2865908742484728e-01
   2.2842040908434297e-01
   2.2864550768916855e-01
   2.2864550768916855e-01
   2.5212311540022514e-01
   2.2864550768916855e-01
   2.2864550768916855e-01
   2.2978812543029828e-01
   2.2887043000878174e-01
   2.2864550768916855e-01
   2.2864550768916855e-01
   2.2840046130116409e-01
   2.3702824394511907e-01
   2.3232673701555290e-01
   2.2842040908434297e-01
   2.2870647816151787e-01
   2.2864550768916855e-01
   2.3088639646821335e-01
   2.3168748005819789e-01
   2.3181154012096700e-01
   2.3125840454646726e-01
   2.3966923950642435e-01
   2.2904987791129108e-01
   2.3225223544574536e-01
   2.2986210809303900e-01
   2.3337520039317011e-01
   2.2943535191592221e-01
   2.3169053613092391e-01
   2.3398005590727908e-01
   2.3276589227893224e-01
   2.3152540203853783e-01
   2.2897859020087749e-01
   3.0103402852268918e-01
   2.3083273990750039e-01
   2.2953796459868681e-01
   2.3226292376515406e-01
   2.3154892658782103e-01
   2.3554228086556822e-01
   2.3121411097517094e-01
   2.3105871458227592e-01
   2.6919022542914528e-01
   2.3285380609714715e-01
   2.3042109479584116e-01
   2.3115703827982190e-01
   2.3119236418890457e-01
   2.3159484287025919e-01
   2.3177860916474649e-01
   2.3118213007452254e-01
   2.3371373294412856e-01
   2.3216600918407054e-01
   2.3051889817998958e-01
   2.2963100868748926e-01
   2.3258393344718711e-01
   2.3105101425547020e-01
   2.2916452275883148e-01
   2.2953316978538457e-01
   2.4977811618249393e-01
   2.3019726541514274e-01
   2.3038616589836958e-01
