Time history of radial distribution for BEM variable: RotChordy[rad/s] for blade 1
                          rCurvi[m] (curvilinear radial distance)
                                0.7893      2.3680      3.9467      5.5254      7.1040      8.6827     10.2614     11.8401     13.4188     14.9974     16.5761     18.1548     19.7335     21.3121     22.8908     24.4695     26.0482     27.6268     29.2055     30.7842     32.3629     33.9416     35.5202     37.0989     38.2829     39.0723
                          zB[m] (radial coordinate along blade axis)
     time[s]  azimuth[deg]      0.1833      1.7549      3.3294      4.9066      6.4848      8.0632      9.6423     11.2252     12.8089     14.3906     15.9682     17.5466     19.1253     20.7040     22.2825     23.8605     25.4378     27.0144     28.5901     30.1649     31.7388     33.3118     34.8842     36.4562     37.6335     38.4193
      0.0000        0.0000  0.1824E-01  0.1140E+00  0.1439E+00  0.1658E+00  0.1870E+00  0.2081E+00  0.2273E+00  0.2245E+00  0.1951E+00  0.1555E+00  0.1262E+00  0.1058E+00  0.8957E-01  0.7651E-01  0.6579E-01  0.5609E-01  0.4647E-01  0.3730E-01  0.2941E-01  0.2288E-01  0.1668E-01  0.1086E-01  0.6208E-02  0.3456E-02  0.1341E-01  0.5807E-01
      0.1355       10.0000  0.1824E-01  0.1140E+00  0.1439E+00  0.1658E+00  0.1870E+00  0.2081E+00  0.2273E+00  0.2245E+00  0.1951E+00  0.1555E+00  0.1262E+00  0.1058E+00  0.8957E-01  0.7651E-01  0.6579E-01  0.5609E-01  0.4647E-01  0.3730E-01  0.2941E-01  0.2288E-01  0.1668E-01  0.1086E-01  0.6208E-02  0.3456E-02  0.1341E-01  0.5807E-01
      0.2710       20.0000  0.1824E-01  0.1140E+00  0.1439E+00  0.1658E+00  0.1870E+00  0.2081E+00  0.2273E+00  0.2245E+00  0.1951E+00  0.1555E+00  0.1262E+00  0.1058E+00  0.8957E-01  0.7651E-01  0.6579E-01  0.5609E-01  0.4647E-01  0.3730E-01  0.2941E-01  0.2288E-01  0.1668E-01  0.1086E-01  0.6208E-02  0.3456E-02  0.1341E-01  0.5807E-01
      0.4065       30.0000  0.1824E-01  0.1140E+00  0.1439E+00  0.1658E+00  0.1870E+00  0.2081E+00  0.2273E+00  0.2245E+00  0.1951E+00  0.1555E+00  0.1262E+00  0.1058E+00  0.8957E-01  0.7651E-01  0.6579E-01  0.5609E-01  0.4647E-01  0.3730E-01  0.2941E-01  0.2288E-01  0.1668E-01  0.1086E-01  0.6208E-02  0.3456E-02  0.1341E-01  0.5807E-01
      0.5420       40.0000  0.1824E-01  0.1140E+00  0.1439E+00  0.1658E+00  0.1870E+00  0.2081E+00  0.2273E+00  0.2245E+00  0.1951E+00  0.1555E+00  0.1262E+00  0.1058E+00  0.8957E-01  0.7651E-01  0.6579E-01  0.5609E-01  0.4647E-01  0.3730E-01  0.2941E-01  0.2288E-01  0.1668E-01  0.1086E-01  0.6208E-02  0.3456E-02  0.1341E-01  0.5807E-01
      0.6775       50.0000  0.1824E-01  0.1140E+00  0.1439E+00  0.1658E+00  0.1870E+00  0.2081E+00  0.2273E+00  0.2245E+00  0.1951E+00  0.1555E+00  0.1262E+00  0.1058E+00  0.8957E-01  0.7651E-01  0.6579E-01  0.5609E-01  0.4647E-01  0.3730E-01  0.2941E-01  0.2288E-01  0.1668E-01  0.1086E-01  0.6208E-02  0.3456E-02  0.1341E-01  0.5807E-01
      0.8130       60.0000  0.1824E-01  0.1140E+00  0.1439E+00  0.1658E+00  0.1870E+00  0.2081E+00  0.2273E+00  0.2245E+00  0.1951E+00  0.1555E+00  0.1262E+00  0.1058E+00  0.8957E-01  0.7651E-01  0.6579E-01  0.5609E-01  0.4647E-01  0.3730E-01  0.2941E-01  0.2288E-01  0.1668E-01  0.1086E-01  0.6208E-02  0.3456E-02  0.1341E-01  0.5807E-01
      0.9485       70.0000  0.1824E-01  0.1140E+00  0.1439E+00  0.1658E+00  0.1870E+00  0.2081E+00  0.2273E+00  0.2245E+00  0.1951E+00  0.1555E+00  0.1262E+00  0.1058E+00  0.8957E-01  0.7651E-01  0.6579E-01  0.5609E-01  0.4647E-01  0.3730E-01  0.2941E-01  0.2288E-01  0.1668E-01  0.1086E-01  0.6208E-02  0.3456E-02  0.1341E-01  0.5807E-01
      1.0840       80.0000  0.1824E-01  0.1140E+00  0.1439E+00  0.1658E+00  0.1870E+00  0.2081E+00  0.2273E+00  0.2245E+00  0.1951E+00  0.1555E+00  0.1262E+00  0.1058E+00  0.8957E-01  0.7651E-01  0.6579E-01  0.5609E-01  0.4647E-01  0.3730E-01  0.2941E-01  0.2288E-01  0.1668E-01  0.1086E-01  0.6208E-02  0.3456E-02  0.1341E-01  0.5807E-01
      1.2195       90.0000  0.1824E-01  0.1140E+00  0.1439E+00  0.1658E+00  0.1870E+00  0.2081E+00  0.2273E+00  0.2245E+00  0.1951E+00  0.1555E+00  0.1262E+00  0.1058E+00  0.8957E-01  0.7651E-01  0.6579E-01  0.5609E-01  0.4647E-01  0.3730E-01  0.2941E-01  0.2288E-01  0.1668E-01  0.1086E-01  0.6208E-02  0.3456E-02  0.1341E-01  0.5807E-01
      1.3550      100.0000  0.1824E-01  0.1140E+00  0.1439E+00  0.1658E+00  0.1870E+00  0.2081E+00  0.2273E+00  0.2245E+00  0.1951E+00  0.1555E+00  0.1262E+00  0.1058E+00  0.8957E-01  0.7651E-01  0.6579E-01  0.5609E-01  0.4647E-01  0.3730E-01  0.2941E-01  0.2288E-01  0.1668E-01  0.1086E-01  0.6208E-02  0.3456E-02  0.1341E-01  0.5807E-01
      1.4905      110.0000  0.1824E-01  0.1140E+00  0.1439E+00  0.1658E+00  0.1870E+00  0.2081E+00  0.2273E+00  0.2245E+00  0.1951E+00  0.1555E+00  0.1262E+00  0.1058E+00  0.8957E-01  0.7651E-01  0.6579E-01  0.5609E-01  0.4647E-01  0.3730E-01  0.2941E-01  0.2288E-01  0.1668E-01  0.1086E-01  0.6208E-02  0.3456E-02  0.1341E-01  0.5807E-01
      1.6260      120.0000  0.1824E-01  0.1140E+00  0.1439E+00  0.1658E+00  0.1870E+00  0.2081E+00  0.2273E+00  0.2245E+00  0.1951E+00  0.1555E+00  0.1262E+00  0.1058E+00  0.8957E-01  0.7651E-01  0.6579E-01  0.5609E-01  0.4647E-01  0.3730E-01  0.2941E-01  0.2288E-01  0.1668E-01  0.1086E-01  0.6208E-02  0.3456E-02  0.1341E-01  0.5807E-01
      1.7615      130.0000  0.1824E-01  0.1140E+00  0.1439E+00  0.1658E+00  0.1870E+00  0.2081E+00  0.2273E+00  0.2245E+00  0.1951E+00  0.1555E+00  0.1262E+00  0.1058E+00  0.8957E-01  0.7651E-01  0.6579E-01  0.5609E-01  0.4647E-01  0.3730E-01  0.2941E-01  0.2288E-01  0.1668E-01  0.1086E-01  0.6208E-02  0.3456E-02  0.1341E-01  0.5807E-01
      1.8970      140.0000  0.1824E-01  0.1140E+00  0.1439E+00  0.1658E+00  0.1870E+00  0.2081E+00  0.2273E+00  0.2245E+00  0.1951E+00  0.1555E+00  0.1262E+00  0.1058E+00  0.8957E-01  0.7651E-01  0.6579E-01  0.5609E-01  0.4647E-01  0.3730E-01  0.2941E-01  0.2288E-01  0.1668E-01  0.1086E-01  0.6208E-02  0.3456E-02  0.1341E-01  0.5807E-01
      2.0325      150.0000  0.1824E-01  0.1140E+00  0.1439E+00  0.1658E+00  0.1870E+00  0.2081E+00  0.2273E+00  0.2245E+00  0.1951E+00  0.1555E+00  0.1262E+00  0.1058E+00  0.8957E-01  0.7651E-01  0.6579E-01  0.5609E-01  0.4647E-01  0.3730E-01  0.2941E-01  0.2288E-01  0.1668E-01  0.1086E-01  0.6208E-02  0.3456E-02  0.1341E-01  0.5807E-01
      2.1680      160.0000  0.1824E-01  0.1140E+00  0.1439E+00  0.1658E+00  0.1870E+00  0.2081E+00  0.2273E+00  0.2245E+00  0.1951E+00  0.1555E+00  0.1262E+00  0.1058E+00  0.8957E-01  0.7651E-01  0.6579E-01  0.5609E-01  0.4647E-01  0.3730E-01  0.2941E-01  0.2288E-01  0.1668E-01  0.1086E-01  0.6208E-02  0.3456E-02  0.1341E-01  0.5807E-01
      2.3035      170.0000  0.1824E-01  0.1140E+00  0.1439E+00  0.1658E+00  0.1870E+00  0.2081E+00  0.2273E+00  0.2245E+00  0.1951E+00  0.1555E+00  0.1262E+00  0.1058E+00  0.8957E-01  0.7651E-01  0.6579E-01  0.5609E-01  0.4647E-01  0.3730E-01  0.2941E-01  0.2288E-01  0.1668E-01  0.1086E-01  0.6208E-02  0.3456E-02  0.1341E-01  0.5807E-01
      2.4390      180.0000  0.1824E-01  0.1140E+00  0.1439E+00  0.1658E+00  0.1870E+00  0.2081E+00  0.2273E+00  0.2245E+00  0.1951E+00  0.1555E+00  0.1262E+00  0.1058E+00  0.8957E-01  0.7651E-01  0.6579E-01  0.5609E-01  0.4647E-01  0.3730E-01  0.2941E-01  0.2288E-01  0.1668E-01  0.1086E-01  0.6208E-02  0.3456E-02  0.1341E-01  0.5807E-01
      2.5745      190.0000  0.1824E-01  0.1140E+00  0.1439E+00  0.1658E+00  0.1870E+00  0.2081E+00  0.2273E+00  0.2245E+00  0.1951E+00  0.1555E+00  0.1262E+00  0.1058E+00  0.8957E-01  0.7651E-01  0.6579E-01  0.5609E-01  0.4647E-01  0.3730E-01  0.2941E-01  0.2288E-01  0.1668E-01  0.1086E-01  0.6208E-02  0.3456E-02  0.1341E-01  0.5807E-01
      2.7100      200.0000  0.1824E-01  0.1140E+00  0.1439E+00  0.1658E+00  0.1870E+00  0.2081E+00  0.2273E+00  0.2245E+00  0.1951E+00  0.1555E+00  0.1262E+00  0.1058E+00  0.8957E-01  0.7651E-01  0.6579E-01  0.5609E-01  0.4647E-01  0.3730E-01  0.2941E-01  0.2288E-01  0.1668E-01  0.1086E-01  0.6208E-02  0.3456E-02  0.1341E-01  0.5807E-01
      2.8455      210.0000  0.1824E-01  0.1140E+00  0.1439E+00  0.1658E+00  0.1870E+00  0.2081E+00  0.2273E+00  0.2245E+00  0.1951E+00  0.1555E+00  0.1262E+00  0.1058E+00  0.8957E-01  0.7651E-01  0.6579E-01  0.5609E-01  0.4647E-01  0.3730E-01  0.2941E-01  0.2288E-01  0.1668E-01  0.1086E-01  0.6208E-02  0.3456E-02  0.1341E-01  0.5807E-01
      2.9810      220.0000  0.1824E-01  0.1140E+00  0.1439E+00  0.1658E+00  0.1870E+00  0.2081E+00  0.2273E+00  0.2245E+00  0.1951E+00  0.1555E+00  0.1262E+00  0.1058E+00  0.8957E-01  0.7651E-01  0.6579E-01  0.5609E-01  0.4647E-01  0.3730E-01  0.2941E-01  0.2288E-01  0.1668E-01  0.1086E-01  0.6208E-02  0.3456E-02  0.1341E-01  0.5807E-01
      3.1165      230.0000  0.1824E-01  0.1140E+00  0.1439E+00  0.1658E+00  0.1870E+00  0.2081E+00  0.2273E+00  0.2245E+00  0.1951E+00  0.1555E+00  0.1262E+00  0.1058E+00  0.8957E-01  0.7651E-01  0.6579E-01  0.5609E-01  0.4647E-01  0.3730E-01  0.2941E-01  0.2288E-01  0.1668E-01  0.1086E-01  0.6208E-02  0.3456E-02  0.1341E-01  0.5807E-01
      3.2520      240.0000  0.1824E-01  0.1140E+00  0.1439E+00  0.1658E+00  0.1870E+00  0.2081E+00  0.2273E+00  0.2245E+00  0.1951E+00  0.1555E+00  0.1262E+00  0.1058E+00  0.8957E-01  0.7651E-01  0.6579E-01  0.5609E-01  0.4647E-01  0.3730E-01  0.2941E-01  0.2288E-01  0.1668E-01  0.1086E-01  0.6208E-02  0.3456E-02  0.1341E-01  0.5807E-01
      3.3875      250.0000  0.1824E-01  0.1140E+00  0.1439E+00  0.1658E+00  0.1870E+00  0.2081E+00  0.2273E+00  0.2245E+00  0.1951E+00  0.1555E+00  0.1262E+00  0.1058E+00  0.8957E-01  0.7651E-01  0.6579E-01  0.5609E-01  0.4647E-01  0.3730E-01  0.2941E-01  0.2288E-01  0.1668E-01  0.1086E-01  0.6208E-02  0.3456E-02  0.1341E-01  0.5807E-01
      3.5230      260.0000  0.1824E-01  0.1140E+00  0.1439E+00  0.1658E+00  0.1870E+00  0.2081E+00  0.2273E+00  0.2245E+00  0.1951E+00  0.1555E+00  0.1262E+00  0.1058E+00  0.8957E-01  0.7651E-01  0.6579E-01  0.5609E-01  0.4647E-01  0.3730E-01  0.2941E-01  0.2288E-01  0.1668E-01  0.1086E-01  0.6208E-02  0.3456E-02  0.1341E-01  0.5807E-01
      3.6585      270.0000  0.1824E-01  0.1140E+00  0.1439E+00  0.1658E+00  0.1870E+00  0.2081E+00  0.2273E+00  0.2245E+00  0.1951E+00  0.1555E+00  0.1262E+00  0.1058E+00  0.8957E-01  0.7651E-01  0.6579E-01  0.5609E-01  0.4647E-01  0.3730E-01  0.2941E-01  0.2288E-01  0.1668E-01  0.1086E-01  0.6208E-02  0.3456E-02  0.1341E-01  0.5807E-01
      3.7940      280.0000  0.1824E-01  0.1140E+00  0.1439E+00  0.1658E+00  0.1870E+00  0.2081E+00  0.2273E+00  0.2245E+00  0.1951E+00  0.1555E+00  0.1262E+00  0.1058E+00  0.8957E-01  0.7651E-01  0.6579E-01  0.5609E-01  0.4647E-01  0.3730E-01  0.2941E-01  0.2288E-01  0.1668E-01  0.1086E-01  0.6208E-02  0.3456E-02  0.1341E-01  0.5807E-01
      3.9295      290.0000  0.1824E-01  0.1140E+00  0.1439E+00  0.1658E+00  0.1870E+00  0.2081E+00  0.2273E+00  0.2245E+00  0.1951E+00  0.1555E+00  0.1262E+00  0.1058E+00  0.8957E-01  0.7651E-01  0.6579E-01  0.5609E-01  0.4647E-01  0.3730E-01  0.2941E-01  0.2288E-01  0.1668E-01  0.1086E-01  0.6208E-02  0.3456E-02  0.1341E-01  0.5807E-01
      4.0650      300.0000  0.1824E-01  0.1140E+00  0.1439E+00  0.1658E+00  0.1870E+00  0.2081E+00  0.2273E+00  0.2245E+00  0.1951E+00  0.1555E+00  0.1262E+00  0.1058E+00  0.8957E-01  0.7651E-01  0.6579E-01  0.5609E-01  0.4647E-01  0.3730E-01  0.2941E-01  0.2288E-01  0.1668E-01  0.1086E-01  0.6208E-02  0.3456E-02  0.1341E-01  0.5807E-01
      4.2005      310.0000  0.1824E-01  0.1140E+00  0.1439E+00  0.1658E+00  0.1870E+00  0.2081E+00  0.2273E+00  0.2245E+00  0.1951E+00  0.1555E+00  0.1262E+00  0.1058E+00  0.8957E-01  0.7651E-01  0.6579E-01  0.5609E-01  0.4647E-01  0.3730E-01  0.2941E-01  0.2288E-01  0.1668E-01  0.1086E-01  0.6208E-02  0.3456E-02  0.1341E-01  0.5807E-01
      4.3360      320.0000  0.1824E-01  0.1140E+00  0.1439E+00  0.1658E+00  0.1870E+00  0.2081E+00  0.2273E+00  0.2245E+00  0.1951E+00  0.1555E+00  0.1262E+00  0.1058E+00  0.8957E-01  0.7651E-01  0.6579E-01  0.5609E-01  0.4647E-01  0.3730E-01  0.2941E-01  0.2288E-01  0.1668E-01  0.1086E-01  0.6208E-02  0.3456E-02  0.1341E-01  0.5807E-01
      4.4715      330.0000  0.1824E-01  0.1140E+00  0.1439E+00  0.1658E+00  0.1870E+00  0.2081E+00  0.2273E+00  0.2245E+00  0.1951E+00  0.1555E+00  0.1262E+00  0.1058E+00  0.8957E-01  0.7651E-01  0.6579E-01  0.5609E-01  0.4647E-01  0.3730E-01  0.2941E-01  0.2288E-01  0.1668E-01  0.1086E-01  0.6208E-02  0.3456E-02  0.1341E-01  0.5807E-01
      4.6070      340.0000  0.1824E-01  0.1140E+00  0.1439E+00  0.1658E+00  0.1870E+00  0.2081E+00  0.2273E+00  0.2245E+00  0.1951E+00  0.1555E+00  0.1262E+00  0.1058E+00  0.8957E-01  0.7651E-01  0.6579E-01  0.5609E-01  0.4647E-01  0.3730E-01  0.2941E-01  0.2288E-01  0.1668E-01  0.1086E-01  0.6208E-02  0.3456E-02  0.1341E-01  0.5807E-01
      4.7425      350.0000  0.1824E-01  0.1140E+00  0.1439E+00  0.1658E+00  0.1870E+00  0.2081E+00  0.2273E+00  0.2245E+00  0.1951E+00  0.1555E+00  0.1262E+00  0.1058E+00  0.8957E-01  0.7651E-01  0.6579E-01  0.5609E-01  0.4647E-01  0.3730E-01  0.2941E-01  0.2288E-01  0.1668E-01  0.1086E-01  0.6208E-02  0.3456E-02  0.1341E-01  0.5807E-01
      4.8780      360.0000  0.1824E-01  0.1140E+00  0.1439E+00  0.1658E+00  0.1870E+00  0.2081E+00  0.2273E+00  0.2245E+00  0.1951E+00  0.1555E+00  0.1262E+00  0.1058E+00  0.8957E-01  0.7651E-01  0.6579E-01  0.5609E-01  0.4647E-01  0.3730E-01  0.2941E-01  0.2288E-01  0.1668E-01  0.1086E-01  0.6208E-02  0.3456E-02  0.1341E-01  0.5807E-01
      5.0136       10.0000  0.1824E-01  0.1140E+00  0.1439E+00  0.1658E+00  0.1870E+00  0.2081E+00  0.2273E+00  0.2245E+00  0.1951E+00  0.1555E+00  0.1262E+00  0.1058E+00  0.8957E-01  0.7651E-01  0.6579E-01  0.5609E-01  0.4647E-01  0.3730E-01  0.2941E-01  0.2288E-01  0.1668E-01  0.1086E-01  0.6208E-02  0.3456E-02  0.1341E-01  0.5807E-01
      5.1491       20.0000  0.1824E-01  0.1140E+00  0.1439E+00  0.1658E+00  0.1870E+00  0.2081E+00  0.2273E+00  0.2245E+00  0.1951E+00  0.1555E+00  0.1262E+00  0.1058E+00  0.8957E-01  0.7651E-01  0.6579E-01  0.5609E-01  0.4647E-01  0.3730E-01  0.2941E-01  0.2288E-01  0.1668E-01  0.1086E-01  0.6208E-02  0.3456E-02  0.1341E-01  0.5807E-01
      5.2846       30.0000  0.1824E-01  0.1140E+00  0.1439E+00  0.1658E+00  0.1870E+00  0.2081E+00  0.2273E+00  0.2245E+00  0.1951E+00  0.1555E+00  0.1262E+00  0.1058E+00  0.8957E-01  0.7651E-01  0.6579E-01  0.5609E-01  0.4647E-01  0.3730E-01  0.2941E-01  0.2288E-01  0.1668E-01  0.1086E-01  0.6208E-02  0.3456E-02  0.1341E-01  0.5807E-01
      5.4201       40.0000  0.1824E-01  0.1140E+00  0.1439E+00  0.1658E+00  0.1870E+00  0.2081E+00  0.2273E+00  0.2245E+00  0.1951E+00  0.1555E+00  0.1262E+00  0.1058E+00  0.8957E-01  0.7651E-01  0.6579E-01  0.5609E-01  0.4647E-01  0.3730E-01  0.2941E-01  0.2288E-01  0.1668E-01  0.1086E-01  0.6208E-02  0.3456E-02  0.1341E-01  0.5807E-01
      5.5556       50.0000  0.1824E-01  0.1140E+00  0.1439E+00  0.1658E+00  0.1870E+00  0.2081E+00  0.2273E+00  0.2245E+00  0.1951E+00  0.1555E+00  0.1262E+00  0.1058E+00  0.8957E-01  0.7651E-01  0.6579E-01  0.5609E-01  0.4647E-01  0.3730E-01  0.2941E-01  0.2288E-01  0.1668E-01  0.1086E-01  0.6208E-02  0.3456E-02  0.1341E-01  0.5807E-01
      5.6911       60.0000  0.1824E-01  0.1140E+00  0.1439E+00  0.1658E+00  0.1870E+00  0.2081E+00  0.2273E+00  0.2245E+00  0.1951E+00  0.1555E+00  0.1262E+00  0.1058E+00  0.8957E-01  0.7651E-01  0.6579E-01  0.5609E-01  0.4647E-01  0.3730E-01  0.2941E-01  0.2288E-01  0.1668E-01  0.1086E-01  0.6208E-02  0.3456E-02  0.1341E-01  0.5807E-01
      5.8266       70.0000  0.1824E-01  0.1140E+00  0.1439E+00  0.1658E+00  0.1870E+00  0.2081E+00  0.2273E+00  0.2245E+00  0.1951E+00  0.1555E+00  0.1262E+00  0.1058E+00  0.8957E-01  0.7651E-01  0.6579E-01  0.5609E-01  0.4647E-01  0.3730E-01  0.2941E-01  0.2288E-01  0.1668E-01  0.1086E-01  0.6208E-02  0.3456E-02  0.1341E-01  0.5807E-01
      5.9621       80.0000  0.1824E-01  0.1140E+00  0.1439E+00  0.1658E+00  0.1870E+00  0.2081E+00  0.2273E+00  0.2245E+00  0.1951E+00  0.1555E+00  0.1262E+00  0.1058E+00  0.8957E-01  0.7651E-01  0.6579E-01  0.5609E-01  0.4647E-01  0.3730E-01  0.2941E-01  0.2288E-01  0.1668E-01  0.1086E-01  0.6208E-02  0.3456E-02  0.1341E-01  0.5807E-01
      6.0976       90.0000  0.1824E-01  0.1140E+00  0.1439E+00  0.1658E+00  0.1870E+00  0.2081E+00  0.2273E+00  0.2245E+00  0.1951E+00  0.1555E+00  0.1262E+00  0.1058E+00  0.8957E-01  0.7651E-01  0.6579E-01  0.5609E-01  0.4647E-01  0.3730E-01  0.2941E-01  0.2288E-01  0.1668E-01  0.1086E-01  0.6208E-02  0.3456E-02  0.1341E-01  0.5807E-01
      6.2331      100.0000  0.1824E-01  0.1140E+00  0.1439E+00  0.1658E+00  0.1870E+00  0.2081E+00  0.2273E+00  0.2245E+00  0.1951E+00  0.1555E+00  0.1262E+00  0.1058E+00  0.8957E-01  0.7651E-01  0.6579E-01  0.5609E-01  0.4647E-01  0.3730E-01  0.2941E-01  0.2288E-01  0.1668E-01  0.1086E-01  0.6208E-02  0.3456E-02  0.1341E-01  0.5807E-01
      6.3686      110.0000  0.1824E-01  0.1140E+00  0.1439E+00  0.1658E+00  0.1870E+00  0.2081E+00  0.2273E+00  0.2245E+00  0.1951E+00  0.1555E+00  0.1262E+00  0.1058E+00  0.8957E-01  0.7651E-01  0.6579E-01  0.5609E-01  0.4647E-01  0.3730E-01  0.2941E-01  0.2288E-01  0.1668E-01  0.1086E-01  0.6208E-02  0.3456E-02  0.1341E-01  0.5807E-01
      6.5041      120.0000  0.1824E-01  0.1140E+00  0.1439E+00  0.1658E+00  0.1870E+00  0.2081E+00  0.2273E+00  0.2245E+00  0.1951E+00  0.1555E+00  0.1262E+00  0.1058E+00  0.8957E-01  0.7651E-01  0.6579E-01  0.5609E-01  0.4647E-01  0.3730E-01  0.2941E-01  0.2288E-01  0.1668E-01  0.1086E-01  0.6208E-02  0.3456E-02  0.1341E-01  0.5807E-01
      6.6396      130.0000  0.1824E-01  0.1140E+00  0.1439E+00  0.1658E+00  0.1870E+00  0.2081E+00  0.2273E+00  0.2245E+00  0.1951E+00  0.1555E+00  0.1262E+00  0.1058E+00  0.8957E-01  0.7651E-01  0.6579E-01  0.5609E-01  0.4647E-01  0.3730E-01  0.2941E-01  0.2288E-01  0.1668E-01  0.1086E-01  0.6208E-02  0.3456E-02  0.1341E-01  0.5807E-01
      6.7751      140.0000  0.1824E-01  0.1140E+00  0.1439E+00  0.1658E+00  0.1870E+00  0.2081E+00  0.2273E+00  0.2245E+00  0.1951E+00  0.1555E+00  0.1262E+00  0.1058E+00  0.8957E-01  0.7651E-01  0.6579E-01  0.5609E-01  0.4647E-01  0.3730E-01  0.2941E-01  0.2288E-01  0.1668E-01  0.1086E-01  0.6208E-02  0.3456E-02  0.1341E-01  0.5807E-01
      6.9106      150.0000  0.1824E-01  0.1140E+00  0.1439E+00  0.1658E+00  0.1870E+00  0.2081E+00  0.2273E+00  0.2245E+00  0.1951E+00  0.1555E+00  0.1262E+00  0.1058E+00  0.8957E-01  0.7651E-01  0.6579E-01  0.5609E-01  0.4647E-01  0.3730E-01  0.2941E-01  0.2288E-01  0.1668E-01  0.1086E-01  0.6208E-02  0.3456E-02  0.1341E-01  0.5807E-01
      7.0461      160.0000  0.1824E-01  0.1140E+00  0.1439E+00  0.1658E+00  0.1870E+00  0.2081E+00  0.2273E+00  0.2245E+00  0.1951E+00  0.1555E+00  0.1262E+00  0.1058E+00  0.8957E-01  0.7651E-01  0.6579E-01  0.5609E-01  0.4647E-01  0.3730E-01  0.2941E-01  0.2288E-01  0.1668E-01  0.1086E-01  0.6208E-02  0.3456E-02  0.1341E-01  0.5807E-01
      7.1816      170.0000  0.1824E-01  0.1140E+00  0.1439E+00  0.1658E+00  0.1870E+00  0.2081E+00  0.2273E+00  0.2245E+00  0.1951E+00  0.1555E+00  0.1262E+00  0.1058E+00  0.8957E-01  0.7651E-01  0.6579E-01  0.5609E-01  0.4647E-01  0.3730E-01  0.2941E-01  0.2288E-01  0.1668E-01  0.1086E-01  0.6208E-02  0.3456E-02  0.1341E-01  0.5807E-01
      7.3171      180.0000  0.1824E-01  0.1140E+00  0.1439E+00  0.1658E+00  0.1870E+00  0.2081E+00  0.2273E+00  0.2245E+00  0.1951E+00  0.1555E+00  0.1262E+00  0.1058E+00  0.8957E-01  0.7651E-01  0.6579E-01  0.5609E-01  0.4647E-01  0.3730E-01  0.2941E-01  0.2288E-01  0.1668E-01  0.1086E-01  0.6208E-02  0.3456E-02  0.1341E-01  0.5807E-01
      7.4526      190.0000  0.1824E-01  0.1140E+00  0.1439E+00  0.1658E+00  0.1870E+00  0.2081E+00  0.2273E+00  0.2245E+00  0.1951E+00  0.1555E+00  0.1262E+00  0.1058E+00  0.8957E-01  0.7651E-01  0.6579E-01  0.5609E-01  0.4647E-01  0.3730E-01  0.2941E-01  0.2288E-01  0.1668E-01  0.1086E-01  0.6208E-02  0.3456E-02  0.1341E-01  0.5807E-01
      7.5881      200.0000  0.1824E-01  0.1140E+00  0.1439E+00  0.1658E+00  0.1870E+00  0.2081E+00  0.2273E+00  0.2245E+00  0.1951E+00  0.1555E+00  0.1262E+00  0.1058E+00  0.8957E-01  0.7651E-01  0.6579E-01  0.5609E-01  0.4647E-01  0.3730E-01  0.2941E-01  0.2288E-01  0.1668E-01  0.1086E-01  0.6208E-02  0.3456E-02  0.1341E-01  0.5807E-01
      7.7236      210.0000  0.1824E-01  0.1140E+00  0.1439E+00  0.1658E+00  0.1870E+00  0.2081E+00  0.2273E+00  0.2245E+00  0.1951E+00  0.1555E+00  0.1262E+00  0.1058E+00  0.8957E-01  0.7651E-01  0.6579E-01  0.5609E-01  0.4647E-01  0.3730E-01  0.2941E-01  0.2288E-01  0.1668E-01  0.1086E-01  0.6208E-02  0.3456E-02  0.1341E-01  0.5807E-01
      7.8591      220.0000  0.1824E-01  0.1140E+00  0.1439E+00  0.1658E+00  0.1870E+00  0.2081E+00  0.2273E+00  0.2245E+00  0.1951E+00  0.1555E+00  0.1262E+00  0.1058E+00  0.8957E-01  0.7651E-01  0.6579E-01  0.5609E-01  0.4647E-01  0.3730E-01  0.2941E-01  0.2288E-01  0.1668E-01  0.1086E-01  0.6208E-02  0.3456E-02  0.1341E-01  0.5807E-01
      7.9946      230.0000  0.1824E-01  0.1140E+00  0.1439E+00  0.1658E+00  0.1870E+00  0.2081E+00  0.2273E+00  0.2245E+00  0.1951E+00  0.1555E+00  0.1262E+00  0.1058E+00  0.8957E-01  0.7651E-01  0.6579E-01  0.5609E-01  0.4647E-01  0.3730E-01  0.2941E-01  0.2288E-01  0.1668E-01  0.1086E-01  0.6208E-02  0.3456E-02  0.1341E-01  0.5807E-01
      8.1301      240.0000  0.1824E-01  0.1140E+00  0.1439E+00  0.1658E+00  0.1870E+00  0.2081E+00  0.2273E+00  0.2245E+00  0.1951E+00  0.1555E+00  0.1262E+00  0.1058E+00  0.8957E-01  0.7651E-01  0.6579E-01  0.5609E-01  0.4647E-01  0.3730E-01  0.2941E-01  0.2288E-01  0.1668E-01  0.1086E-01  0.6208E-02  0.3456E-02  0.1341E-01  0.5807E-01
      8.2656      250.0000  0.1824E-01  0.1140E+00  0.1439E+00  0.1658E+00  0.1870E+00  0.2081E+00  0.2273E+00  0.2245E+00  0.1951E+00  0.1555E+00  0.1262E+00  0.1058E+00  0.8957E-01  0.7651E-01  0.6579E-01  0.5609E-01  0.4647E-01  0.3730E-01  0.2941E-01  0.2288E-01  0.1668E-01  0.1086E-01  0.6208E-02  0.3456E-02  0.1341E-01  0.5807E-01
      8.4011      260.0000  0.1824E-01  0.1140E+00  0.1439E+00  0.1658E+00  0.1870E+00  0.2081E+00  0.2273E+00  0.2245E+00  0.1951E+00  0.1555E+00  0.1262E+00  0.1058E+00  0.8957E-01  0.7651E-01  0.6579E-01  0.5609E-01  0.4647E-01  0.3730E-01  0.2941E-01  0.2288E-01  0.1668E-01  0.1086E-01  0.6208E-02  0.3456E-02  0.1341E-01  0.5807E-01
      8.5366      270.0000  0.1824E-01  0.1140E+00  0.1439E+00  0.1658E+00  0.1870E+00  0.2081E+00  0.2273E+00  0.2245E+00  0.1951E+00  0.1555E+00  0.1262E+00  0.1058E+00  0.8957E-01  0.7651E-01  0.6579E-01  0.5609E-01  0.4647E-01  0.3730E-01  0.2941E-01  0.2288E-01  0.1668E-01  0.1086E-01  0.6208E-02  0.3456E-02  0.1341E-01  0.5807E-01
      8.6721      280.0000  0.1824E-01  0.1140E+00  0.1439E+00  0.1658E+00  0.1870E+00  0.2081E+00  0.2273E+00  0.2245E+00  0.1951E+00  0.1555E+00  0.1262E+00  0.1058E+00  0.8957E-01  0.7651E-01  0.6579E-01  0.5609E-01  0.4647E-01  0.3730E-01  0.2941E-01  0.2288E-01  0.1668E-01  0.1086E-01  0.6208E-02  0.3456E-02  0.1341E-01  0.5807E-01
      8.8076      290.0000  0.1824E-01  0.1140E+00  0.1439E+00  0.1658E+00  0.1870E+00  0.2081E+00  0.2273E+00  0.2245E+00  0.1951E+00  0.1555E+00  0.1262E+00  0.1058E+00  0.8957E-01  0.7651E-01  0.6579E-01  0.5609E-01  0.4647E-01  0.3730E-01  0.2941E-01  0.2288E-01  0.1668E-01  0.1086E-01  0.6208E-02  0.3456E-02  0.1341E-01  0.5807E-01
      8.9431      300.0000  0.1824E-01  0.1140E+00  0.1439E+00  0.1658E+00  0.1870E+00  0.2081E+00  0.2273E+00  0.2245E+00  0.1951E+00  0.1555E+00  0.1262E+00  0.1058E+00  0.8957E-01  0.7651E-01  0.6579E-01  0.5609E-01  0.4647E-01  0.3730E-01  0.2941E-01  0.2288E-01  0.1668E-01  0.1086E-01  0.6208E-02  0.3456E-02  0.1341E-01  0.5807E-01
      9.0786      310.0000  0.1824E-01  0.1140E+00  0.1439E+00  0.1658E+00  0.1870E+00  0.2081E+00  0.2273E+00  0.2245E+00  0.1951E+00  0.1555E+00  0.1262E+00  0.1058E+00  0.8957E-01  0.7651E-01  0.6579E-01  0.5609E-01  0.4647E-01  0.3730E-01  0.2941E-01  0.2288E-01  0.1668E-01  0.1086E-01  0.6208E-02  0.3456E-02  0.1341E-01  0.5807E-01
      9.2141      320.0000  0.1824E-01  0.1140E+00  0.1439E+00  0.1658E+00  0.1870E+00  0.2081E+00  0.2273E+00  0.2245E+00  0.1951E+00  0.1555E+00  0.1262E+00  0.1058E+00  0.8957E-01  0.7651E-01  0.6579E-01  0.5609E-01  0.4647E-01  0.3730E-01  0.2941E-01  0.2288E-01  0.1668E-01  0.1086E-01  0.6208E-02  0.3456E-02  0.1341E-01  0.5807E-01
      9.3496      330.0000  0.1824E-01  0.1140E+00  0.1439E+00  0.1658E+00  0.1870E+00  0.2081E+00  0.2273E+00  0.2245E+00  0.1951E+00  0.1555E+00  0.1262E+00  0.1058E+00  0.8957E-01  0.7651E-01  0.6579E-01  0.5609E-01  0.4647E-01  0.3730E-01  0.2941E-01  0.2288E-01  0.1668E-01  0.1086E-01  0.6208E-02  0.3456E-02  0.1341E-01  0.5807E-01
      9.4851      340.0000  0.1824E-01  0.1140E+00  0.1439E+00  0.1658E+00  0.1870E+00  0.2081E+00  0.2273E+00  0.2245E+00  0.1951E+00  0.1555E+00  0.1262E+00  0.1058E+00  0.8957E-01  0.7651E-01  0.6579E-01  0.5609E-01  0.4647E-01  0.3730E-01  0.2941E-01  0.2288E-01  0.1668E-01  0.1086E-01  0.6208E-02  0.3456E-02  0.1341E-01  0.5807E-01
      9.6206      350.0000  0.1824E-01  0.1140E+00  0.1439E+00  0.1658E+00  0.1870E+00  0.2081E+00  0.2273E+00  0.2245E+00  0.1951E+00  0.1555E+00  0.1262E+00  0.1058E+00  0.8957E-01  0.7651E-01  0.6579E-01  0.5609E-01  0.4647E-01  0.3730E-01  0.2941E-01  0.2288E-01  0.1668E-01  0.1086E-01  0.6208E-02  0.3456E-02  0.1341E-01  0.5807E-01
      9.7561      360.0000  0.1824E-01  0.1140E+00  0.1439E+00  0.1658E+00  0.1870E+00  0.2081E+00  0.2273E+00  0.2245E+00  0.1951E+00  0.1555E+00  0.1262E+00  0.1058E+00  0.8957E-01  0.7651E-01  0.6579E-01  0.5609E-01  0.4647E-01  0.3730E-01  0.2941E-01  0.2288E-01  0.1668E-01  0.1086E-01  0.6208E-02  0.3456E-02  0.1341E-01  0.5807E-01
      9.8916       10.0000  0.1824E-01  0.1140E+00  0.1439E+00  0.1658E+00  0.1870E+00  0.2081E+00  0.2273E+00  0.2245E+00  0.1951E+00  0.1555E+00  0.1262E+00  0.1058E+00  0.8957E-01  0.7651E-01  0.6579E-01  0.5609E-01  0.4647E-01  0.3730E-01  0.2941E-01  0.2288E-01  0.1668E-01  0.1086E-01  0.6208E-02  0.3456E-02  0.1341E-01  0.5807E-01
     10.0271       20.0000  0.1824E-01  0.1140E+00  0.1439E+00  0.1658E+00  0.1870E+00  0.2081E+00  0.2273E+00  0.2245E+00  0.1951E+00  0.1555E+00  0.1262E+00  0.1058E+00  0.8957E-01  0.7651E-01  0.6579E-01  0.5609E-01  0.4647E-01  0.3730E-01  0.2941E-01  0.2288E-01  0.1668E-01  0.1086E-01  0.6208E-02  0.3456E-02  0.1341E-01  0.5807E-01
     10.1626       30.0000  0.1824E-01  0.1140E+00  0.1439E+00  0.1658E+00  0.1870E+00  0.2081E+00  0.2273E+00  0.2245E+00  0.1951E+00  0.1555E+00  0.1262E+00  0.1058E+00  0.8957E-01  0.7651E-01  0.6579E-01  0.5609E-01  0.4647E-01  0.3730E-01  0.2941E-01  0.2288E-01  0.1668E-01  0.1086E-01  0.6208E-02  0.3456E-02  0.1341E-01  0.5807E-01
     10.2981       40.0000  0.1824E-01  0.1140E+00  0.1439E+00  0.1658E+00  0.1870E+00  0.2081E+00  0.2273E+00  0.2245E+00  0.1951E+00  0.1555E+00  0.1262E+00  0.1058E+00  0.8957E-01  0.7651E-01  0.6579E-01  0.5609E-01  0.4647E-01  0.3730E-01  0.2941E-01  0.2288E-01  0.1668E-01  0.1086E-01  0.6208E-02  0.3456E-02  0.1341E-01  0.5807E-01
     10.4336       50.0000  0.1824E-01  0.1140E+00  0.1439E+00  0.1658E+00  0.1870E+00  0.2081E+00  0.2273E+00  0.2245E+00  0.1951E+00  0.1555E+00  0.1262E+00  0.1058E+00  0.8957E-01  0.7651E-01  0.6579E-01  0.5609E-01  0.4647E-01  0.3730E-01  0.2941E-01  0.2288E-01  0.1668E-01  0.1086E-01  0.6208E-02  0.3456E-02  0.1341E-01  0.5807E-01
     10.5691       60.0000  0.1824E-01  0.1140E+00  0.1439E+00  0.1658E+00  0.1870E+00  0.2081E+00  0.2273E+00  0.2245E+00  0.1951E+00  0.1555E+00  0.1262E+00  0.1058E+00  0.8957E-01  0.7651E-01  0.6579E-01  0.5609E-01  0.4647E-01  0.3730E-01  0.2941E-01  0.2288E-01  0.1668E-01  0.1086E-01  0.6208E-02  0.3456E-02  0.1341E-01  0.5807E-01
     10.7046       70.0000  0.1824E-01  0.1140E+00  0.1439E+00  0.1658E+00  0.1870E+00  0.2081E+00  0.2273E+00  0.2245E+00  0.1951E+00  0.1555E+00  0.1262E+00  0.1058E+00  0.8957E-01  0.7651E-01  0.6579E-01  0.5609E-01  0.4647E-01  0.3730E-01  0.2941E-01  0.2288E-01  0.1668E-01  0.1086E-01  0.6208E-02  0.3456E-02  0.1341E-01  0.5807E-01
     10.8401       80.0000  0.1824E-01  0.1140E+00  0.1439E+00  0.1658E+00  0.1870E+00  0.2081E+00  0.2273E+00  0.2245E+00  0.1951E+00  0.1555E+00  0.1262E+00  0.1058E+00  0.8957E-01  0.7651E-01  0.6579E-01  0.5609E-01  0.4647E-01  0.3730E-01  0.2941E-01  0.2288E-01  0.1668E-01  0.1086E-01  0.6208E-02  0.3456E-02  0.1341E-01  0.5807E-01
     10.9756       90.0000  0.1824E-01  0.1140E+00  0.1439E+00  0.1658E+00  0.1870E+00  0.2081E+00  0.2273E+00  0.2245E+00  0.1951E+00  0.1555E+00  0.1262E+00  0.1058E+00  0.8957E-01  0.7651E-01  0.6579E-01  0.5609E-01  0.4647E-01  0.3730E-01  0.2941E-01  0.2288E-01  0.1668E-01  0.1086E-01  0.6208E-02  0.3456E-02  0.1341E-01  0.5807E-01
     11.1111      100.0000  0.1824E-01  0.1140E+00  0.1439E+00  0.1658E+00  0.1870E+00  0.2081E+00  0.2273E+00  0.2245E+00  0.1951E+00  0.1555E+00  0.1262E+00  0.1058E+00  0.8957E-01  0.7651E-01  0.6579E-01  0.5609E-01  0.4647E-01  0.3730E-01  0.2941E-01  0.2288E-01  0.1668E-01  0.1086E-01  0.6208E-02  0.3456E-02  0.1341E-01  0.5807E-01
     11.2466      110.0000  0.1824E-01  0.1140E+00  0.1439E+00  0.1658E+00  0.1870E+00  0.2081E+00  0.2273E+00  0.2245E+00  0.1951E+00  0.1555E+00  0.1262E+00  0.1058E+00  0.8957E-01  0.7651E-01  0.6579E-01  0.5609E-01  0.4647E-01  0.3730E-01  0.2941E-01  0.2288E-01  0.1668E-01  0.1086E-01  0.6208E-02  0.3456E-02  0.1341E-01  0.5807E-01
     11.3821      120.0000  0.1824E-01  0.1140E+00  0.1439E+00  0.1658E+00  0.1870E+00  0.2081E+00  0.2273E+00  0.2245E+00  0.1951E+00  0.1555E+00  0.1262E+00  0.1058E+00  0.8957E-01  0.7651E-01  0.6579E-01  0.5609E-01  0.4647E-01  0.3730E-01  0.2941E-01  0.2288E-01  0.1668E-01  0.1086E-01  0.6208E-02  0.3456E-02  0.1341E-01  0.5807E-01
     11.5176      130.0000  0.1824E-01  0.1140E+00  0.1439E+00  0.1658E+00  0.1870E+00  0.2081E+00  0.2273E+00  0.2245E+00  0.1951E+00  0.1555E+00  0.1262E+00  0.1058E+00  0.8957E-01  0.7651E-01  0.6579E-01  0.5609E-01  0.4647E-01  0.3730E-01  0.2941E-01  0.2288E-01  0.1668E-01  0.1086E-01  0.6208E-02  0.3456E-02  0.1341E-01  0.5807E-01
     11.6531      140.0000  0.1824E-01  0.1140E+00  0.1439E+00  0.1658E+00  0.1870E+00  0.2081E+00  0.2273E+00  0.2245E+00  0.1951E+00  0.1555E+00  0.1262E+00  0.1058E+00  0.8957E-01  0.7651E-01  0.6579E-01  0.5609E-01  0.4647E-01  0.3730E-01  0.2941E-01  0.2288E-01  0.1668E-01  0.1086E-01  0.6208E-02  0.3456E-02  0.1341E-01  0.5807E-01
     11.7886      150.0000  0.1824E-01  0.1140E+00  0.1439E+00  0.1658E+00  0.1870E+00  0.2081E+00  0.2273E+00  0.2245E+00  0.1951E+00  0.1555E+00  0.1262E+00  0.1058E+00  0.8957E-01  0.7651E-01  0.6579E-01  0.5609E-01  0.4647E-01  0.3730E-01  0.2941E-01  0.2288E-01  0.1668E-01  0.1086E-01  0.6208E-02  0.3456E-02  0.1341E-01  0.5807E-01
     11.9241      160.0000  0.1824E-01  0.1140E+00  0.1439E+00  0.1658E+00  0.1870E+00  0.2081E+00  0.2273E+00  0.2245E+00  0.1951E+00  0.1555E+00  0.1262E+00  0.1058E+00  0.8957E-01  0.7651E-01  0.6579E-01  0.5609E-01  0.4647E-01  0.3730E-01  0.2941E-01  0.2288E-01  0.1668E-01  0.1086E-01  0.6208E-02  0.3456E-02  0.1341E-01  0.5807E-01
     12.0596      170.0000  0.1824E-01  0.1140E+00  0.1439E+00  0.1658E+00  0.1870E+00  0.2081E+00  0.2273E+00  0.2245E+00  0.1951E+00  0.1555E+00  0.1262E+00  0.1058E+00  0.8957E-01  0.7651E-01  0.6579E-01  0.5609E-01  0.4647E-01  0.3730E-01  0.2941E-01  0.2288E-01  0.1668E-01  0.1086E-01  0.6208E-02  0.3456E-02  0.1341E-01  0.5807E-01
     12.1951      180.0000  0.1824E-01  0.1140E+00  0.1439E+00  0.1658E+00  0.1870E+00  0.2081E+00  0.2273E+00  0.2245E+00  0.1951E+00  0.1555E+00  0.1262E+00  0.1058E+00  0.8957E-01  0.7651E-01  0.6579E-01  0.5609E-01  0.4647E-01  0.3730E-01  0.2941E-01  0.2288E-01  0.1668E-01  0.1086E-01  0.6208E-02  0.3456E-02  0.1341E-01  0.5807E-01
     12.3306      190.0000  0.1824E-01  0.1140E+00  0.1439E+00  0.1658E+00  0.1870E+00  0.2081E+00  0.2273E+00  0.2245E+00  0.1951E+00  0.1555E+00  0.1262E+00  0.1058E+00  0.8957E-01  0.7651E-01  0.6579E-01  0.5609E-01  0.4647E-01  0.3730E-01  0.2941E-01  0.2288E-01  0.1668E-01  0.1086E-01  0.6208E-02  0.3456E-02  0.1341E-01  0.5807E-01
     12.4661      200.0000  0.1824E-01  0.1140E+00  0.1439E+00  0.1658E+00  0.1870E+00  0.2081E+00  0.2273E+00  0.2245E+00  0.1951E+00  0.1555E+00  0.1262E+00  0.1058E+00  0.8957E-01  0.7651E-01  0.6579E-01  0.5609E-01  0.4647E-01  0.3730E-01  0.2941E-01  0.2288E-01  0.1668E-01  0.1086E-01  0.6208E-02  0.3456E-02  0.1341E-01  0.5807E-01
