Time history of radial distribution for BEM variable: RotChordx[rad/s] for blade 1
                          rCurvi[m] (curvilinear radial distance)
                                0.7893      2.3680      3.9467      5.5254      7.1040      8.6827     10.2614     11.8401     13.4188     14.9974     16.5761     18.1548     19.7335     21.3121     22.8908     24.4695     26.0482     27.6268     29.2055     30.7842     32.3629     33.9416     35.5202     37.0989     38.2829     39.0723
                          zB[m] (radial coordinate along blade axis)
     time[s]  azimuth[deg]      0.1833      1.7549      3.3294      4.9066      6.4848      8.0632      9.6423     11.2252     12.8089     14.3906     15.9682     17.5466     19.1253     20.7040     22.2825     23.8605     25.4378     27.0144     28.5901     30.1649     31.7388     33.3118     34.8842     36.4562     37.6335     38.4193
      0.0000        0.0000  0.1288E+01  0.1283E+01  0.1280E+01  0.1277E+01  0.1274E+01  0.1271E+01  0.1268E+01  0.1268E+01  0.1273E+01  0.1278E+01  0.1282E+01  0.1283E+01  0.1284E+01  0.1285E+01  0.1285E+01  0.1286E+01  0.1286E+01  0.1285E+01  0.1285E+01  0.1284E+01  0.1284E+01  0.1283E+01  0.1282E+01  0.1281E+01  0.1281E+01  0.1279E+01
      0.1355       10.0000  0.1288E+01  0.1283E+01  0.1280E+01  0.1277E+01  0.1274E+01  0.1271E+01  0.1268E+01  0.1268E+01  0.1273E+01  0.1278E+01  0.1282E+01  0.1283E+01  0.1284E+01  0.1285E+01  0.1285E+01  0.1286E+01  0.1286E+01  0.1285E+01  0.1285E+01  0.1284E+01  0.1284E+01  0.1283E+01  0.1282E+01  0.1281E+01  0.1281E+01  0.1279E+01
      0.2710       20.0000  0.1288E+01  0.1283E+01  0.1280E+01  0.1277E+01  0.1274E+01  0.1271E+01  0.1268E+01  0.1268E+01  0.1273E+01  0.1278E+01  0.1282E+01  0.1283E+01  0.1284E+01  0.1285E+01  0.1285E+01  0.1286E+01  0.1286E+01  0.1285E+01  0.1285E+01  0.1284E+01  0.1284E+01  0.1283E+01  0.1282E+01  0.1281E+01  0.1281E+01  0.1279E+01
      0.4065       30.0000  0.1288E+01  0.1283E+01  0.1280E+01  0.1277E+01  0.1274E+01  0.1271E+01  0.1268E+01  0.1268E+01  0.1273E+01  0.1278E+01  0.1282E+01  0.1283E+01  0.1284E+01  0.1285E+01  0.1285E+01  0.1286E+01  0.1286E+01  0.1285E+01  0.1285E+01  0.1284E+01  0.1284E+01  0.1283E+01  0.1282E+01  0.1281E+01  0.1281E+01  0.1279E+01
      0.5420       40.0000  0.1288E+01  0.1283E+01  0.1280E+01  0.1277E+01  0.1274E+01  0.1271E+01  0.1268E+01  0.1268E+01  0.1273E+01  0.1278E+01  0.1282E+01  0.1283E+01  0.1284E+01  0.1285E+01  0.1285E+01  0.1286E+01  0.1286E+01  0.1285E+01  0.1285E+01  0.1284E+01  0.1284E+01  0.1283E+01  0.1282E+01  0.1281E+01  0.1281E+01  0.1279E+01
      0.6775       50.0000  0.1288E+01  0.1283E+01  0.1280E+01  0.1277E+01  0.1274E+01  0.1271E+01  0.1268E+01  0.1268E+01  0.1273E+01  0.1278E+01  0.1282E+01  0.1283E+01  0.1284E+01  0.1285E+01  0.1285E+01  0.1286E+01  0.1286E+01  0.1285E+01  0.1285E+01  0.1284E+01  0.1284E+01  0.1283E+01  0.1282E+01  0.1281E+01  0.1281E+01  0.1279E+01
      0.8130       60.0000  0.1288E+01  0.1283E+01  0.1280E+01  0.1277E+01  0.1274E+01  0.1271E+01  0.1268E+01  0.1268E+01  0.1273E+01  0.1278E+01  0.1282E+01  0.1283E+01  0.1284E+01  0.1285E+01  0.1285E+01  0.1286E+01  0.1286E+01  0.1285E+01  0.1285E+01  0.1284E+01  0.1284E+01  0.1283E+01  0.1282E+01  0.1281E+01  0.1281E+01  0.1279E+01
      0.9485       70.0000  0.1288E+01  0.1283E+01  0.1280E+01  0.1277E+01  0.1274E+01  0.1271E+01  0.1268E+01  0.1268E+01  0.1273E+01  0.1278E+01  0.1282E+01  0.1283E+01  0.1284E+01  0.1285E+01  0.1285E+01  0.1286E+01  0.1286E+01  0.1285E+01  0.1285E+01  0.1284E+01  0.1284E+01  0.1283E+01  0.1282E+01  0.1281E+01  0.1281E+01  0.1279E+01
      1.0840       80.0000  0.1288E+01  0.1283E+01  0.1280E+01  0.1277E+01  0.1274E+01  0.1271E+01  0.1268E+01  0.1268E+01  0.1273E+01  0.1278E+01  0.1282E+01  0.1283E+01  0.1284E+01  0.1285E+01  0.1285E+01  0.1286E+01  0.1286E+01  0.1285E+01  0.1285E+01  0.1284E+01  0.1284E+01  0.1283E+01  0.1282E+01  0.1281E+01  0.1281E+01  0.1279E+01
      1.2195       90.0000  0.1288E+01  0.1283E+01  0.1280E+01  0.1277E+01  0.1274E+01  0.1271E+01  0.1268E+01  0.1268E+01  0.1273E+01  0.1278E+01  0.1282E+01  0.1283E+01  0.1284E+01  0.1285E+01  0.1285E+01  0.1286E+01  0.1286E+01  0.1285E+01  0.1285E+01  0.1284E+01  0.1284E+01  0.1283E+01  0.1282E+01  0.1281E+01  0.1281E+01  0.1279E+01
      1.3550      100.0000  0.1288E+01  0.1283E+01  0.1280E+01  0.1277E+01  0.1274E+01  0.1271E+01  0.1268E+01  0.1268E+01  0.1273E+01  0.1278E+01  0.1282E+01  0.1283E+01  0.1284E+01  0.1285E+01  0.1285E+01  0.1286E+01  0.1286E+01  0.1285E+01  0.1285E+01  0.1284E+01  0.1284E+01  0.1283E+01  0.1282E+01  0.1281E+01  0.1281E+01  0.1279E+01
      1.4905      110.0000  0.1288E+01  0.1283E+01  0.1280E+01  0.1277E+01  0.1274E+01  0.1271E+01  0.1268E+01  0.1268E+01  0.1273E+01  0.1278E+01  0.1282E+01  0.1283E+01  0.1284E+01  0.1285E+01  0.1285E+01  0.1286E+01  0.1286E+01  0.1285E+01  0.1285E+01  0.1284E+01  0.1284E+01  0.1283E+01  0.1282E+01  0.1281E+01  0.1281E+01  0.1279E+01
      1.6260      120.0000  0.1288E+01  0.1283E+01  0.1280E+01  0.1277E+01  0.1274E+01  0.1271E+01  0.1268E+01  0.1268E+01  0.1273E+01  0.1278E+01  0.1282E+01  0.1283E+01  0.1284E+01  0.1285E+01  0.1285E+01  0.1286E+01  0.1286E+01  0.1285E+01  0.1285E+01  0.1284E+01  0.1284E+01  0.1283E+01  0.1282E+01  0.1281E+01  0.1281E+01  0.1279E+01
      1.7615      130.0000  0.1288E+01  0.1283E+01  0.1280E+01  0.1277E+01  0.1274E+01  0.1271E+01  0.1268E+01  0.1268E+01  0.1273E+01  0.1278E+01  0.1282E+01  0.1283E+01  0.1284E+01  0.1285E+01  0.1285E+01  0.1286E+01  0.1286E+01  0.1285E+01  0.1285E+01  0.1284E+01  0.1284E+01  0.1283E+01  0.1282E+01  0.1281E+01  0.1281E+01  0.1279E+01
      1.8970      140.0000  0.1288E+01  0.1283E+01  0.1280E+01  0.1277E+01  0.1274E+01  0.1271E+01  0.1268E+01  0.1268E+01  0.1273E+01  0.1278E+01  0.1282E+01  0.1283E+01  0.1284E+01  0.1285E+01  0.1285E+01  0.1286E+01  0.1286E+01  0.1285E+01  0.1285E+01  0.1284E+01  0.1284E+01  0.1283E+01  0.1282E+01  0.1281E+01  0.1281E+01  0.1279E+01
      2.0325      150.0000  0.1288E+01  0.1283E+01  0.1280E+01  0.1277E+01  0.1274E+01  0.1271E+01  0.1268E+01  0.1268E+01  0.1273E+01  0.1278E+01  0.1282E+01  0.1283E+01  0.1284E+01  0.1285E+01  0.1285E+01  0.1286E+01  0.1286E+01  0.1285E+01  0.1285E+01  0.1284E+01  0.1284E+01  0.1283E+01  0.1282E+01  0.1281E+01  0.1281E+01  0.1279E+01
      2.1680      160.0000  0.1288E+01  0.1283E+01  0.1280E+01  0.1277E+01  0.1274E+01  0.1271E+01  0.1268E+01  0.1268E+01  0.1273E+01  0.1278E+01  0.1282E+01  0.1283E+01  0.1284E+01  0.1285E+01  0.1285E+01  0.1286E+01  0.1286E+01  0.1285E+01  0.1285E+01  0.1284E+01  0.1284E+01  0.1283E+01  0.1282E+01  0.1281E+01  0.1281E+01  0.1279E+01
      2.3035      170.0000  0.1288E+01  0.1283E+01  0.1280E+01  0.1277E+01  0.1274E+01  0.1271E+01  0.1268E+01  0.1268E+01  0.1273E+01  0.1278E+01  0.1282E+01  0.1283E+01  0.1284E+01  0.1285E+01  0.1285E+01  0.1286E+01  0.1286E+01  0.1285E+01  0.1285E+01  0.1284E+01  0.1284E+01  0.1283E+01  0.1282E+01  0.1281E+01  0.1281E+01  0.1279E+01
      2.4390      180.0000  0.1288E+01  0.1283E+01  0.1280E+01  0.1277E+01  0.1274E+01  0.1271E+01  0.1268E+01  0.1268E+01  0.1273E+01  0.1278E+01  0.1282E+01  0.1283E+01  0.1284E+01  0.1285E+01  0.1285E+01  0.1286E+01  0.1286E+01  0.1285E+01  0.1285E+01  0.1284E+01  0.1284E+01  0.1283E+01  0.1282E+01  0.1281E+01  0.1281E+01  0.1279E+01
      2.5745      190.0000  0.1288E+01  0.1283E+01  0.1280E+01  0.1277E+01  0.1274E+01  0.1271E+01  0.1268E+01  0.1268E+01  0.1273E+01  0.1278E+01  0.1282E+01  0.1283E+01  0.1284E+01  0.1285E+01  0.1285E+01  0.1286E+01  0.1286E+01  0.1285E+01  0.1285E+01  0.1284E+01  0.1284E+01  0.1283E+01  0.1282E+01  0.1281E+01  0.1281E+01  0.1279E+01
      2.7100      200.0000  0.1288E+01  0.1283E+01  0.1280E+01  0.1277E+01  0.1274E+01  0.1271E+01  0.1268E+01  0.1268E+01  0.1273E+01  0.1278E+01  0.1282E+01  0.1283E+01  0.1284E+01  0.1285E+01  0.1285E+01  0.1286E+01  0.1286E+01  0.1285E+01  0.1285E+01  0.1284E+01  0.1284E+01  0.1283E+01  0.1282E+01  0.1281E+01  0.1281E+01  0.1279E+01
      2.8455      210.0000  0.1288E+01  0.1283E+01  0.1280E+01  0.1277E+01  0.1274E+01  0.1271E+01  0.1268E+01  0.1268E+01  0.1273E+01  0.1278E+01  0.1282E+01  0.1283E+01  0.1284E+01  0.1285E+01  0.1285E+01  0.1286E+01  0.1286E+01  0.1285E+01  0.1285E+01  0.1284E+01  0.1284E+01  0.1283E+01  0.1282E+01  0.1281E+01  0.1281E+01  0.1279E+01
      2.9810      220.0000  0.1288E+01  0.1283E+01  0.1280E+01  0.1277E+01  0.1274E+01  0.1271E+01  0.1268E+01  0.1268E+01  0.1273E+01  0.1278E+01  0.1282E+01  0.1283E+01  0.1284E+01  0.1285E+01  0.1285E+01  0.1286E+01  0.1286E+01  0.1285E+01  0.1285E+01  0.1284E+01  0.1284E+01  0.1283E+01  0.1282E+01  0.1281E+01  0.1281E+01  0.1279E+01
      3.1165      230.0000  0.1288E+01  0.1283E+01  0.1280E+01  0.1277E+01  0.1274E+01  0.1271E+01  0.1268E+01  0.1268E+01  0.1273E+01  0.1278E+01  0.1282E+01  0.1283E+01  0.1284E+01  0.1285E+01  0.1285E+01  0.1286E+01  0.1286E+01  0.1285E+01  0.1285E+01  0.1284E+01  0.1284E+01  0.1283E+01  0.1282E+01  0.1281E+01  0.1281E+01  0.1279E+01
      3.2520      240.0000  0.1288E+01  0.1283E+01  0.1280E+01  0.1277E+01  0.1274E+01  0.1271E+01  0.1268E+01  0.1268E+01  0.1273E+01  0.1278E+01  0.1282E+01  0.1283E+01  0.1284E+01  0.1285E+01  0.1285E+01  0.1286E+01  0.1286E+01  0.1285E+01  0.1285E+01  0.1284E+01  0.1284E+01  0.1283E+01  0.1282E+01  0.1281E+01  0.1281E+01  0.1279E+01
      3.3875      250.0000  0.1288E+01  0.1283E+01  0.1280E+01  0.1277E+01  0.1274E+01  0.1271E+01  0.1268E+01  0.1268E+01  0.1273E+01  0.1278E+01  0.1282E+01  0.1283E+01  0.1284E+01  0.1285E+01  0.1285E+01  0.1286E+01  0.1286E+01  0.1285E+01  0.1285E+01  0.1284E+01  0.1284E+01  0.1283E+01  0.1282E+01  0.1281E+01  0.1281E+01  0.1279E+01
      3.5230      260.0000  0.1288E+01  0.1283E+01  0.1280E+01  0.1277E+01  0.1274E+01  0.1271E+01  0.1268E+01  0.1268E+01  0.1273E+01  0.1278E+01  0.1282E+01  0.1283E+01  0.1284E+01  0.1285E+01  0.1285E+01  0.1286E+01  0.1286E+01  0.1285E+01  0.1285E+01  0.1284E+01  0.1284E+01  0.1283E+01  0.1282E+01  0.1281E+01  0.1281E+01  0.1279E+01
      3.6585      270.0000  0.1288E+01  0.1283E+01  0.1280E+01  0.1277E+01  0.1274E+01  0.1271E+01  0.1268E+01  0.1268E+01  0.1273E+01  0.1278E+01  0.1282E+01  0.1283E+01  0.1284E+01  0.1285E+01  0.1285E+01  0.1286E+01  0.1286E+01  0.1285E+01  0.1285E+01  0.1284E+01  0.1284E+01  0.1283E+01  0.1282E+01  0.1281E+01  0.1281E+01  0.1279E+01
      3.7940      280.0000  0.1288E+01  0.1283E+01  0.1280E+01  0.1277E+01  0.1274E+01  0.1271E+01  0.1268E+01  0.1268E+01  0.1273E+01  0.1278E+01  0.1282E+01  0.1283E+01  0.1284E+01  0.1285E+01  0.1285E+01  0.1286E+01  0.1286E+01  0.1285E+01  0.1285E+01  0.1284E+01  0.1284E+01  0.1283E+01  0.1282E+01  0.1281E+01  0.1281E+01  0.1279E+01
      3.9295      290.0000  0.1288E+01  0.1283E+01  0.1280E+01  0.1277E+01  0.1274E+01  0.1271E+01  0.1268E+01  0.1268E+01  0.1273E+01  0.1278E+01  0.1282E+01  0.1283E+01  0.1284E+01  0.1285E+01  0.1285E+01  0.1286E+01  0.1286E+01  0.1285E+01  0.1285E+01  0.1284E+01  0.1284E+01  0.1283E+01  0.1282E+01  0.1281E+01  0.1281E+01  0.1279E+01
      4.0650      300.0000  0.1288E+01  0.1283E+01  0.1280E+01  0.1277E+01  0.1274E+01  0.1271E+01  0.1268E+01  0.1268E+01  0.1273E+01  0.1278E+01  0.1282E+01  0.1283E+01  0.1284E+01  0.1285E+01  0.1285E+01  0.1286E+01  0.1286E+01  0.1285E+01  0.1285E+01  0.1284E+01  0.1284E+01  0.1283E+01  0.1282E+01  0.1281E+01  0.1281E+01  0.1279E+01
      4.2005      310.0000  0.1288E+01  0.1283E+01  0.1280E+01  0.1277E+01  0.1274E+01  0.1271E+01  0.1268E+01  0.1268E+01  0.1273E+01  0.1278E+01  0.1282E+01  0.1283E+01  0.1284E+01  0.1285E+01  0.1285E+01  0.1286E+01  0.1286E+01  0.1285E+01  0.1285E+01  0.1284E+01  0.1284E+01  0.1283E+01  0.1282E+01  0.1281E+01  0.1281E+01  0.1279E+01
      4.3360      320.0000  0.1288E+01  0.1283E+01  0.1280E+01  0.1277E+01  0.1274E+01  0.1271E+01  0.1268E+01  0.1268E+01  0.1273E+01  0.1278E+01  0.1282E+01  0.1283E+01  0.1284E+01  0.1285E+01  0.1285E+01  0.1286E+01  0.1286E+01  0.1285E+01  0.1285E+01  0.1284E+01  0.1284E+01  0.1283E+01  0.1282E+01  0.1281E+01  0.1281E+01  0.1279E+01
      4.4715      330.0000  0.1288E+01  0.1283E+01  0.1280E+01  0.1277E+01  0.1274E+01  0.1271E+01  0.1268E+01  0.1268E+01  0.1273E+01  0.1278E+01  0.1282E+01  0.1283E+01  0.1284E+01  0.1285E+01  0.1285E+01  0.1286E+01  0.1286E+01  0.1285E+01  0.1285E+01  0.1284E+01  0.1284E+01  0.1283E+01  0.1282E+01  0.1281E+01  0.1281E+01  0.1279E+01
      4.6070      340.0000  0.1288E+01  0.1283E+01  0.1280E+01  0.1277E+01  0.1274E+01  0.1271E+01  0.1268E+01  0.1268E+01  0.1273E+01  0.1278E+01  0.1282E+01  0.1283E+01  0.1284E+01  0.1285E+01  0.1285E+01  0.1286E+01  0.1286E+01  0.1285E+01  0.1285E+01  0.1284E+01  0.1284E+01  0.1283E+01  0.1282E+01  0.1281E+01  0.1281E+01  0.1279E+01
      4.7425      350.0000  0.1288E+01  0.1283E+01  0.1280E+01  0.1277E+01  0.1274E+01  0.1271E+01  0.1268E+01  0.1268E+01  0.1273E+01  0.1278E+01  0.1282E+01  0.1283E+01  0.1284E+01  0.1285E+01  0.1285E+01  0.1286E+01  0.1286E+01  0.1285E+01  0.1285E+01  0.1284E+01  0.1284E+01  0.1283E+01  0.1282E+01  0.1281E+01  0.1281E+01  0.1279E+01
      4.8780      360.0000  0.1288E+01  0.1283E+01  0.1280E+01  0.1277E+01  0.1274E+01  0.1271E+01  0.1268E+01  0.1268E+01  0.1273E+01  0.1278E+01  0.1282E+01  0.1283E+01  0.1284E+01  0.1285E+01  0.1285E+01  0.1286E+01  0.1286E+01  0.1285E+01  0.1285E+01  0.1284E+01  0.1284E+01  0.1283E+01  0.1282E+01  0.1281E+01  0.1281E+01  0.1279E+01
      5.0136       10.0000  0.1288E+01  0.1283E+01  0.1280E+01  0.1277E+01  0.1274E+01  0.1271E+01  0.1268E+01  0.1268E+01  0.1273E+01  0.1278E+01  0.1282E+01  0.1283E+01  0.1284E+01  0.1285E+01  0.1285E+01  0.1286E+01  0.1286E+01  0.1285E+01  0.1285E+01  0.1284E+01  0.1284E+01  0.1283E+01  0.1282E+01  0.1281E+01  0.1281E+01  0.1279E+01
      5.1491       20.0000  0.1288E+01  0.1283E+01  0.1280E+01  0.1277E+01  0.1274E+01  0.1271E+01  0.1268E+01  0.1268E+01  0.1273E+01  0.1278E+01  0.1282E+01  0.1283E+01  0.1284E+01  0.1285E+01  0.1285E+01  0.1286E+01  0.1286E+01  0.1285E+01  0.1285E+01  0.1284E+01  0.1284E+01  0.1283E+01  0.1282E+01  0.1281E+01  0.1281E+01  0.1279E+01
      5.2846       30.0000  0.1288E+01  0.1283E+01  0.1280E+01  0.1277E+01  0.1274E+01  0.1271E+01  0.1268E+01  0.1268E+01  0.1273E+01  0.1278E+01  0.1282E+01  0.1283E+01  0.1284E+01  0.1285E+01  0.1285E+01  0.1286E+01  0.1286E+01  0.1285E+01  0.1285E+01  0.1284E+01  0.1284E+01  0.1283E+01  0.1282E+01  0.1281E+01  0.1281E+01  0.1279E+01
      5.4201       40.0000  0.1288E+01  0.1283E+01  0.1280E+01  0.1277E+01  0.1274E+01  0.1271E+01  0.1268E+01  0.1268E+01  0.1273E+01  0.1278E+01  0.1282E+01  0.1283E+01  0.1284E+01  0.1285E+01  0.1285E+01  0.1286E+01  0.1286E+01  0.1285E+01  0.1285E+01  0.1284E+01  0.1284E+01  0.1283E+01  0.1282E+01  0.1281E+01  0.1281E+01  0.1279E+01
      5.5556       50.0000  0.1288E+01  0.1283E+01  0.1280E+01  0.1277E+01  0.1274E+01  0.1271E+01  0.1268E+01  0.1268E+01  0.1273E+01  0.1278E+01  0.1282E+01  0.1283E+01  0.1284E+01  0.1285E+01  0.1285E+01  0.1286E+01  0.1286E+01  0.1285E+01  0.1285E+01  0.1284E+01  0.1284E+01  0.1283E+01  0.1282E+01  0.1281E+01  0.1281E+01  0.1279E+01
      5.6911       60.0000  0.1288E+01  0.1283E+01  0.1280E+01  0.1277E+01  0.1274E+01  0.1271E+01  0.1268E+01  0.1268E+01  0.1273E+01  0.1278E+01  0.1282E+01  0.1283E+01  0.1284E+01  0.1285E+01  0.1285E+01  0.1286E+01  0.1286E+01  0.1285E+01  0.1285E+01  0.1284E+01  0.1284E+01  0.1283E+01  0.1282E+01  0.1281E+01  0.1281E+01  0.1279E+01
      5.8266       70.0000  0.1288E+01  0.1283E+01  0.1280E+01  0.1277E+01  0.1274E+01  0.1271E+01  0.1268E+01  0.1268E+01  0.1273E+01  0.1278E+01  0.1282E+01  0.1283E+01  0.1284E+01  0.1285E+01  0.1285E+01  0.1286E+01  0.1286E+01  0.1285E+01  0.1285E+01  0.1284E+01  0.1284E+01  0.1283E+01  0.1282E+01  0.1281E+01  0.1281E+01  0.1279E+01
      5.9621       80.0000  0.1288E+01  0.1283E+01  0.1280E+01  0.1277E+01  0.1274E+01  0.1271E+01  0.1268E+01  0.1268E+01  0.1273E+01  0.1278E+01  0.1282E+01  0.1283E+01  0.1284E+01  0.1285E+01  0.1285E+01  0.1286E+01  0.1286E+01  0.1285E+01  0.1285E+01  0.1284E+01  0.1284E+01  0.1283E+01  0.1282E+01  0.1281E+01  0.1281E+01  0.1279E+01
      6.0976       90.0000  0.1288E+01  0.1283E+01  0.1280E+01  0.1277E+01  0.1274E+01  0.1271E+01  0.1268E+01  0.1268E+01  0.1273E+01  0.1278E+01  0.1282E+01  0.1283E+01  0.1284E+01  0.1285E+01  0.1285E+01  0.1286E+01  0.1286E+01  0.1285E+01  0.1285E+01  0.1284E+01  0.1284E+01  0.1283E+01  0.1282E+01  0.1281E+01  0.1281E+01  0.1279E+01
      6.2331      100.0000  0.1288E+01  0.1283E+01  0.1280E+01  0.1277E+01  0.1274E+01  0.1271E+01  0.1268E+01  0.1268E+01  0.1273E+01  0.1278E+01  0.1282E+01  0.1283E+01  0.1284E+01  0.1285E+01  0.1285E+01  0.1286E+01  0.1286E+01  0.1285E+01  0.1285E+01  0.1284E+01  0.1284E+01  0.1283E+01  0.1282E+01  0.1281E+01  0.1281E+01  0.1279E+01
      6.3686      110.0000  0.1288E+01  0.1283E+01  0.1280E+01  0.1277E+01  0.1274E+01  0.1271E+01  0.1268E+01  0.1268E+01  0.1273E+01  0.1278E+01  0.1282E+01  0.1283E+01  0.1284E+01  0.1285E+01  0.1285E+01  0.1286E+01  0.1286E+01  0.1285E+01  0.1285E+01  0.1284E+01  0.1284E+01  0.1283E+01  0.1282E+01  0.1281E+01  0.1281E+01  0.1279E+01
      6.5041      120.0000  0.1288E+01  0.1283E+01  0.1280E+01  0.1277E+01  0.1274E+01  0.1271E+01  0.1268E+01  0.1268E+01  0.1273E+01  0.1278E+01  0.1282E+01  0.1283E+01  0.1284E+01  0.1285E+01  0.1285E+01  0.1286E+01  0.1286E+01  0.1285E+01  0.1285E+01  0.1284E+01  0.1284E+01  0.1283E+01  0.1282E+01  0.1281E+01  0.1281E+01  0.1279E+01
      6.6396      130.0000  0.1288E+01  0.1283E+01  0.1280E+01  0.1277E+01  0.1274E+01  0.1271E+01  0.1268E+01  0.1268E+01  0.1273E+01  0.1278E+01  0.1282E+01  0.1283E+01  0.1284E+01  0.1285E+01  0.1285E+01  0.1286E+01  0.1286E+01  0.1285E+01  0.1285E+01  0.1284E+01  0.1284E+01  0.1283E+01  0.1282E+01  0.1281E+01  0.1281E+01  0.1279E+01
      6.7751      140.0000  0.1288E+01  0.1283E+01  0.1280E+01  0.1277E+01  0.1274E+01  0.1271E+01  0.1268E+01  0.1268E+01  0.1273E+01  0.1278E+01  0.1282E+01  0.1283E+01  0.1284E+01  0.1285E+01  0.1285E+01  0.1286E+01  0.1286E+01  0.1285E+01  0.1285E+01  0.1284E+01  0.1284E+01  0.1283E+01  0.1282E+01  0.1281E+01  0.1281E+01  0.1279E+01
      6.9106      150.0000  0.1288E+01  0.1283E+01  0.1280E+01  0.1277E+01  0.1274E+01  0.1271E+01  0.1268E+01  0.1268E+01  0.1273E+01  0.1278E+01  0.1282E+01  0.1283E+01  0.1284E+01  0.1285E+01  0.1285E+01  0.1286E+01  0.1286E+01  0.1285E+01  0.1285E+01  0.1284E+01  0.1284E+01  0.1283E+01  0.1282E+01  0.1281E+01  0.1281E+01  0.1279E+01
      7.0461      160.0000  0.1288E+01  0.1283E+01  0.1280E+01  0.1277E+01  0.1274E+01  0.1271E+01  0.1268E+01  0.1268E+01  0.1273E+01  0.1278E+01  0.1282E+01  0.1283E+01  0.1284E+01  0.1285E+01  0.1285E+01  0.1286E+01  0.1286E+01  0.1285E+01  0.1285E+01  0.1284E+01  0.1284E+01  0.1283E+01  0.1282E+01  0.1281E+01  0.1281E+01  0.1279E+01
      7.1816      170.0000  0.1288E+01  0.1283E+01  0.1280E+01  0.1277E+01  0.1274E+01  0.1271E+01  0.1268E+01  0.1268E+01  0.1273E+01  0.1278E+01  0.1282E+01  0.1283E+01  0.1284E+01  0.1285E+01  0.1285E+01  0.1286E+01  0.1286E+01  0.1285E+01  0.1285E+01  0.1284E+01  0.1284E+01  0.1283E+01  0.1282E+01  0.1281E+01  0.1281E+01  0.1279E+01
      7.3171      180.0000  0.1288E+01  0.1283E+01  0.1280E+01  0.1277E+01  0.1274E+01  0.1271E+01  0.1268E+01  0.1268E+01  0.1273E+01  0.1278E+01  0.1282E+01  0.1283E+01  0.1284E+01  0.1285E+01  0.1285E+01  0.1286E+01  0.1286E+01  0.1285E+01  0.1285E+01  0.1284E+01  0.1284E+01  0.1283E+01  0.1282E+01  0.1281E+01  0.1281E+01  0.1279E+01
      7.4526      190.0000  0.1288E+01  0.1283E+01  0.1280E+01  0.1277E+01  0.1274E+01  0.1271E+01  0.1268E+01  0.1268E+01  0.1273E+01  0.1278E+01  0.1282E+01  0.1283E+01  0.1284E+01  0.1285E+01  0.1285E+01  0.1286E+01  0.1286E+01  0.1285E+01  0.1285E+01  0.1284E+01  0.1284E+01  0.1283E+01  0.1282E+01  0.1281E+01  0.1281E+01  0.1279E+01
      7.5881      200.0000  0.1288E+01  0.1283E+01  0.1280E+01  0.1277E+01  0.1274E+01  0.1271E+01  0.1268E+01  0.1268E+01  0.1273E+01  0.1278E+01  0.1282E+01  0.1283E+01  0.1284E+01  0.1285E+01  0.1285E+01  0.1286E+01  0.1286E+01  0.1285E+01  0.1285E+01  0.1284E+01  0.1284E+01  0.1283E+01  0.1282E+01  0.1281E+01  0.1281E+01  0.1279E+01
      7.7236      210.0000  0.1288E+01  0.1283E+01  0.1280E+01  0.1277E+01  0.1274E+01  0.1271E+01  0.1268E+01  0.1268E+01  0.1273E+01  0.1278E+01  0.1282E+01  0.1283E+01  0.1284E+01  0.1285E+01  0.1285E+01  0.1286E+01  0.1286E+01  0.1285E+01  0.1285E+01  0.1284E+01  0.1284E+01  0.1283E+01  0.1282E+01  0.1281E+01  0.1281E+01  0.1279E+01
