Time history of radial distribution for BEM variable: velIndz[m/s] for blade 1
                          rCurvi[m] (curvilinear radial distance)
                                0.7893      2.3680      3.9467      5.5254      7.1040      8.6827     10.2614     11.8401     13.4188     14.9974     16.5761     18.1548     19.7335     21.3121     22.8908     24.4695     26.0482     27.6268     29.2055     30.7842     32.3629     33.9416     35.5202     37.0989     38.2829     39.0723
                          zB[m] (radial coordinate along blade axis)
     time[s]  azimuth[deg]      0.1833      1.7549      3.3294      4.9066      6.4848      8.0632      9.6423     11.2252     12.8089     14.3906     15.9682     17.5466     19.1253     20.7040     22.2825     23.8605     25.4378     27.0144     28.5901     30.1649     31.7388     33.3118     34.8842     36.4562     37.6335     38.4193
      0.0000        0.0000  0.0000E+00  0.2668E-03  0.2324E-02  0.6853E-02  0.5199E-02  0.6714E-02  0.1360E-01  0.2102E-01  0.2831E-01  0.3543E-01  0.4190E-01  0.4870E-01  0.5652E-01  0.6583E-01  0.7697E-01  0.9006E-01  0.1024E+00  0.1116E+00  0.1226E+00  0.1341E+00  0.1480E+00  0.1637E+00  0.1763E+00  0.1805E+00  0.1498E+00  0.1082E+00
      0.1355       10.0000  0.1799E-08  0.1406E-02  0.6428E-02  0.1198E-01  0.8997E-02  0.9484E-02  0.1432E-01  0.2120E-01  0.2832E-01  0.3542E-01  0.4189E-01  0.4869E-01  0.5652E-01  0.6583E-01  0.7697E-01  0.9005E-01  0.1024E+00  0.1116E+00  0.1226E+00  0.1342E+00  0.1480E+00  0.1638E+00  0.1764E+00  0.1805E+00  0.1498E+00  0.1077E+00
      0.2710       20.0000  0.1636E-08  0.1295E-02  0.6767E-02  0.1264E-01  0.9226E-02  0.9594E-02  0.1433E-01  0.2119E-01  0.2831E-01  0.3541E-01  0.4188E-01  0.4869E-01  0.5651E-01  0.6583E-01  0.7697E-01  0.9006E-01  0.1024E+00  0.1117E+00  0.1227E+00  0.1342E+00  0.1481E+00  0.1638E+00  0.1765E+00  0.1806E+00  0.1498E+00  0.1071E+00
      0.4065       30.0000  0.1530E-08  0.1248E-02  0.6371E-02  0.1252E-01  0.8642E-02  0.9522E-02  0.1432E-01  0.2119E-01  0.2832E-01  0.3541E-01  0.4189E-01  0.4869E-01  0.5652E-01  0.6583E-01  0.7697E-01  0.9006E-01  0.1024E+00  0.1117E+00  0.1227E+00  0.1343E+00  0.1481E+00  0.1639E+00  0.1765E+00  0.1806E+00  0.1498E+00  0.1067E+00
      0.5420       40.0000  0.1430E-08  0.1199E-02  0.6175E-02  0.1222E-01  0.8446E-02  0.9074E-02  0.1422E-01  0.2117E-01  0.2832E-01  0.3542E-01  0.4189E-01  0.4869E-01  0.5652E-01  0.6583E-01  0.7697E-01  0.9006E-01  0.1024E+00  0.1117E+00  0.1227E+00  0.1343E+00  0.1481E+00  0.1639E+00  0.1765E+00  0.1806E+00  0.1498E+00  0.1065E+00
      0.6775       50.0000  0.1336E-08  0.1150E-02  0.5977E-02  0.1142E-01  0.8229E-02  0.8943E-02  0.1420E-01  0.2114E-01  0.2831E-01  0.3542E-01  0.4189E-01  0.4869E-01  0.5652E-01  0.6583E-01  0.7697E-01  0.9006E-01  0.1024E+00  0.1117E+00  0.1227E+00  0.1343E+00  0.1481E+00  0.1639E+00  0.1765E+00  0.1806E+00  0.1498E+00  0.1064E+00
      0.8130       60.0000  0.1247E-08  0.1100E-02  0.5765E-02  0.1104E-01  0.7975E-02  0.8787E-02  0.1417E-01  0.2112E-01  0.2831E-01  0.3542E-01  0.4189E-01  0.4869E-01  0.5652E-01  0.6583E-01  0.7697E-01  0.9006E-01  0.1024E+00  0.1117E+00  0.1227E+00  0.1343E+00  0.1481E+00  0.1639E+00  0.1765E+00  0.1806E+00  0.1498E+00  0.1064E+00
      0.9485       70.0000  0.1163E-08  0.1051E-02  0.5542E-02  0.1069E-01  0.7433E-02  0.8603E-02  0.1412E-01  0.2110E-01  0.2831E-01  0.3542E-01  0.4189E-01  0.4869E-01  0.5652E-01  0.6583E-01  0.7697E-01  0.9006E-01  0.1024E+00  0.1117E+00  0.1227E+00  0.1343E+00  0.1481E+00  0.1639E+00  0.1765E+00  0.1806E+00  0.1498E+00  0.1064E+00
      1.0840       80.0000  0.1085E-08  0.1003E-02  0.5316E-02  0.1034E-01  0.7178E-02  0.8406E-02  0.1407E-01  0.2108E-01  0.2831E-01  0.3542E-01  0.4189E-01  0.4869E-01  0.5652E-01  0.6583E-01  0.7697E-01  0.9006E-01  0.1024E+00  0.1117E+00  0.1227E+00  0.1343E+00  0.1481E+00  0.1639E+00  0.1765E+00  0.1806E+00  0.1498E+00  0.1064E+00
      1.2195       90.0000  0.1011E-08  0.9560E-03  0.5091E-02  0.9995E-02  0.6948E-02  0.8056E-02  0.1402E-01  0.2107E-01  0.2831E-01  0.3542E-01  0.4189E-01  0.4869E-01  0.5652E-01  0.6583E-01  0.7697E-01  0.9006E-01  0.1024E+00  0.1117E+00  0.1227E+00  0.1343E+00  0.1481E+00  0.1639E+00  0.1765E+00  0.1806E+00  0.1498E+00  0.1064E+00
      1.3550      100.0000  0.9423E-09  0.9109E-03  0.4871E-02  0.9659E-02  0.6724E-02  0.7885E-02  0.1397E-01  0.2106E-01  0.2830E-01  0.3543E-01  0.4189E-01  0.4869E-01  0.5652E-01  0.6583E-01  0.7697E-01  0.9006E-01  0.1024E+00  0.1117E+00  0.1227E+00  0.1342E+00  0.1481E+00  0.1638E+00  0.1764E+00  0.1806E+00  0.1498E+00  0.1064E+00
      1.4905      110.0000  0.8777E-09  0.8678E-03  0.4658E-02  0.9337E-02  0.6511E-02  0.7730E-02  0.1390E-01  0.2105E-01  0.2830E-01  0.3543E-01  0.4189E-01  0.4869E-01  0.5652E-01  0.6583E-01  0.7697E-01  0.9006E-01  0.1024E+00  0.1117E+00  0.1227E+00  0.1342E+00  0.1481E+00  0.1638E+00  0.1764E+00  0.1806E+00  0.1498E+00  0.1064E+00
      1.6260      120.0000  0.8173E-09  0.8266E-03  0.4455E-02  0.9035E-02  0.6312E-02  0.7586E-02  0.1386E-01  0.2104E-01  0.2830E-01  0.3543E-01  0.4189E-01  0.4869E-01  0.5652E-01  0.6583E-01  0.7697E-01  0.9006E-01  0.1024E+00  0.1117E+00  0.1227E+00  0.1342E+00  0.1481E+00  0.1638E+00  0.1764E+00  0.1806E+00  0.1498E+00  0.1064E+00
      1.7615      130.0000  0.7608E-09  0.7875E-03  0.4262E-02  0.8754E-02  0.6129E-02  0.7454E-02  0.1382E-01  0.2104E-01  0.2830E-01  0.3543E-01  0.4189E-01  0.4869E-01  0.5652E-01  0.6583E-01  0.7697E-01  0.9006E-01  0.1024E+00  0.1117E+00  0.1227E+00  0.1342E+00  0.1481E+00  0.1638E+00  0.1764E+00  0.1806E+00  0.1498E+00  0.1064E+00
      1.8970      140.0000  0.7080E-09  0.7506E-03  0.4080E-02  0.8496E-02  0.5964E-02  0.7335E-02  0.1379E-01  0.2103E-01  0.2830E-01  0.3543E-01  0.4189E-01  0.4869E-01  0.5652E-01  0.6583E-01  0.7697E-01  0.9006E-01  0.1024E+00  0.1117E+00  0.1227E+00  0.1342E+00  0.1481E+00  0.1638E+00  0.1764E+00  0.1805E+00  0.1498E+00  0.1064E+00
      2.0325      150.0000  0.6587E-09  0.7157E-03  0.3910E-02  0.8260E-02  0.5815E-02  0.7229E-02  0.1377E-01  0.2103E-01  0.2830E-01  0.3543E-01  0.4189E-01  0.4869E-01  0.5652E-01  0.6583E-01  0.7697E-01  0.9006E-01  0.1024E+00  0.1117E+00  0.1227E+00  0.1342E+00  0.1481E+00  0.1638E+00  0.1764E+00  0.1805E+00  0.1498E+00  0.1064E+00
      2.1680      160.0000  0.6127E-09  0.6685E-03  0.3685E-02  0.8047E-02  0.5683E-02  0.7135E-02  0.1374E-01  0.2103E-01  0.2830E-01  0.3543E-01  0.4189E-01  0.4869E-01  0.5652E-01  0.6583E-01  0.7697E-01  0.9006E-01  0.1024E+00  0.1117E+00  0.1227E+00  0.1342E+00  0.1481E+00  0.1638E+00  0.1764E+00  0.1805E+00  0.1498E+00  0.1064E+00
      2.3035      170.0000  0.5698E-09  0.6266E-03  0.3481E-02  0.7795E-02  0.5567E-02  0.7054E-02  0.1372E-01  0.2103E-01  0.2830E-01  0.3543E-01  0.4189E-01  0.4869E-01  0.5652E-01  0.6583E-01  0.7697E-01  0.9006E-01  0.1024E+00  0.1117E+00  0.1227E+00  0.1342E+00  0.1481E+00  0.1638E+00  0.1764E+00  0.1805E+00  0.1498E+00  0.1064E+00
      2.4390      180.0000  0.5200E-09  0.5891E-03  0.3304E-02  0.7574E-02  0.5437E-02  0.6983E-02  0.1370E-01  0.2103E-01  0.2830E-01  0.3543E-01  0.4189E-01  0.4869E-01  0.5652E-01  0.6583E-01  0.7697E-01  0.9006E-01  0.1024E+00  0.1117E+00  0.1227E+00  0.1342E+00  0.1481E+00  0.1638E+00  0.1764E+00  0.1805E+00  0.1498E+00  0.1064E+00
      2.5745      190.0000  0.4749E-09  0.5557E-03  0.3152E-02  0.7387E-02  0.5328E-02  0.6907E-02  0.1369E-01  0.2103E-01  0.2830E-01  0.3543E-01  0.4189E-01  0.4869E-01  0.5652E-01  0.6583E-01  0.7697E-01  0.9006E-01  0.1024E+00  0.1117E+00  0.1227E+00  0.1342E+00  0.1481E+00  0.1638E+00  0.1764E+00  0.1805E+00  0.1498E+00  0.1064E+00
      2.7100      200.0000  0.4339E-09  0.5259E-03  0.3020E-02  0.7231E-02  0.5239E-02  0.6845E-02  0.1367E-01  0.2103E-01  0.2830E-01  0.3543E-01  0.4190E-01  0.4869E-01  0.5652E-01  0.6583E-01  0.7697E-01  0.9006E-01  0.1024E+00  0.1117E+00  0.1227E+00  0.1342E+00  0.1481E+00  0.1638E+00  0.1764E+00  0.1805E+00  0.1498E+00  0.1064E+00
      2.8455      210.0000  0.3967E-09  0.4992E-03  0.2906E-02  0.7101E-02  0.5167E-02  0.6794E-02  0.1366E-01  0.2103E-01  0.2830E-01  0.3543E-01  0.4190E-01  0.4869E-01  0.5652E-01  0.6583E-01  0.7697E-01  0.9006E-01  0.1024E+00  0.1117E+00  0.1227E+00  0.1342E+00  0.1481E+00  0.1638E+00  0.1764E+00  0.1805E+00  0.1498E+00  0.1064E+00
      2.9810      220.0000  0.3628E-09  0.4753E-03  0.2809E-02  0.6993E-02  0.5108E-02  0.6754E-02  0.1365E-01  0.2103E-01  0.2830E-01  0.3543E-01  0.4190E-01  0.4869E-01  0.5652E-01  0.6583E-01  0.7697E-01  0.9006E-01  0.1024E+00  0.1117E+00  0.1227E+00  0.1342E+00  0.1481E+00  0.1638E+00  0.1764E+00  0.1805E+00  0.1498E+00  0.1064E+00
      3.1165      230.0000  0.3320E-09  0.4539E-03  0.2725E-02  0.6903E-02  0.5061E-02  0.6722E-02  0.1364E-01  0.2102E-01  0.2830E-01  0.3543E-01  0.4190E-01  0.4870E-01  0.5652E-01  0.6583E-01  0.7697E-01  0.9006E-01  0.1024E+00  0.1117E+00  0.1227E+00  0.1342E+00  0.1481E+00  0.1638E+00  0.1764E+00  0.1805E+00  0.1498E+00  0.1064E+00
      3.2520      240.0000  0.3039E-09  0.4347E-03  0.2653E-02  0.6828E-02  0.5024E-02  0.6696E-02  0.1364E-01  0.2102E-01  0.2830E-01  0.3543E-01  0.4190E-01  0.4870E-01  0.5652E-01  0.6583E-01  0.7697E-01  0.9006E-01  0.1024E+00  0.1117E+00  0.1227E+00  0.1342E+00  0.1481E+00  0.1638E+00  0.1764E+00  0.1805E+00  0.1498E+00  0.1064E+00
      3.3875      250.0000  0.2783E-09  0.4175E-03  0.2591E-02  0.6767E-02  0.4994E-02  0.6675E-02  0.1363E-01  0.2102E-01  0.2830E-01  0.3543E-01  0.4190E-01  0.4870E-01  0.5652E-01  0.6583E-01  0.7697E-01  0.9006E-01  0.1024E+00  0.1117E+00  0.1227E+00  0.1342E+00  0.1481E+00  0.1638E+00  0.1764E+00  0.1805E+00  0.1498E+00  0.1064E+00
      3.5230      260.0000  0.2550E-09  0.4021E-03  0.2538E-02  0.6716E-02  0.4970E-02  0.6659E-02  0.1363E-01  0.2102E-01  0.2830E-01  0.3543E-01  0.4190E-01  0.4870E-01  0.5652E-01  0.6583E-01  0.7697E-01  0.9006E-01  0.1024E+00  0.1117E+00  0.1227E+00  0.1342E+00  0.1481E+00  0.1638E+00  0.1764E+00  0.1805E+00  0.1498E+00  0.1064E+00
      3.6585      270.0000  0.2337E-09  0.3882E-03  0.2493E-02  0.6675E-02  0.4951E-02  0.6646E-02  0.1362E-01  0.2102E-01  0.2830E-01  0.3543E-01  0.4190E-01  0.4870E-01  0.5652E-01  0.6583E-01  0.7697E-01  0.9006E-01  0.1024E+00  0.1117E+00  0.1227E+00  0.1342E+00  0.1481E+00  0.1638E+00  0.1764E+00  0.1805E+00  0.1498E+00  0.1064E+00
      3.7940      280.0000  0.2143E-09  0.3757E-03  0.2455E-02  0.6641E-02  0.4937E-02  0.6636E-02  0.1362E-01  0.2102E-01  0.2830E-01  0.3543E-01  0.4190E-01  0.4870E-01  0.5652E-01  0.6583E-01  0.7697E-01  0.9006E-01  0.1024E+00  0.1117E+00  0.1227E+00  0.1342E+00  0.1481E+00  0.1638E+00  0.1764E+00  0.1805E+00  0.1498E+00  0.1064E+00
      3.9295      290.0000  0.1965E-09  0.3645E-03  0.2422E-02  0.6614E-02  0.4926E-02  0.6628E-02  0.1362E-01  0.2102E-01  0.2830E-01  0.3543E-01  0.4190E-01  0.4870E-01  0.5652E-01  0.6583E-01  0.7697E-01  0.9006E-01  0.1024E+00  0.1117E+00  0.1227E+00  0.1342E+00  0.1480E+00  0.1638E+00  0.1764E+00  0.1805E+00  0.1498E+00  0.1064E+00
      4.0650      300.0000  0.1803E-09  0.3544E-03  0.2394E-02  0.6592E-02  0.4919E-02  0.6622E-02  0.1362E-01  0.2102E-01  0.2830E-01  0.3543E-01  0.4190E-01  0.4870E-01  0.5652E-01  0.6583E-01  0.7697E-01  0.9006E-01  0.1024E+00  0.1117E+00  0.1227E+00  0.1342E+00  0.1480E+00  0.1638E+00  0.1764E+00  0.1805E+00  0.1498E+00  0.1064E+00
      4.2005      310.0000  0.1654E-09  0.3453E-03  0.2370E-02  0.6575E-02  0.4913E-02  0.6617E-02  0.1362E-01  0.2102E-01  0.2830E-01  0.3543E-01  0.4190E-01  0.4870E-01  0.5652E-01  0.6583E-01  0.7697E-01  0.9006E-01  0.1024E+00  0.1117E+00  0.1227E+00  0.1342E+00  0.1480E+00  0.1638E+00  0.1764E+00  0.1805E+00  0.1498E+00  0.1064E+00
      4.3360      320.0000  0.1518E-09  0.3371E-03  0.2350E-02  0.6562E-02  0.4910E-02  0.6613E-02  0.1361E-01  0.2102E-01  0.2830E-01  0.3543E-01  0.4190E-01  0.4870E-01  0.5652E-01  0.6583E-01  0.7697E-01  0.9006E-01  0.1024E+00  0.1117E+00  0.1227E+00  0.1342E+00  0.1480E+00  0.1638E+00  0.1764E+00  0.1805E+00  0.1498E+00  0.1064E+00
      4.4715      330.0000  0.1394E-09  0.3297E-03  0.2333E-02  0.6551E-02  0.4908E-02  0.6611E-02  0.1361E-01  0.2102E-01  0.2830E-01  0.3543E-01  0.4190E-01  0.4870E-01  0.5652E-01  0.6583E-01  0.7697E-01  0.9006E-01  0.1024E+00  0.1117E+00  0.1227E+00  0.1342E+00  0.1480E+00  0.1638E+00  0.1764E+00  0.1805E+00  0.1498E+00  0.1064E+00
      4.6070      340.0000  0.1280E-09  0.3230E-03  0.2319E-02  0.6544E-02  0.4907E-02  0.6609E-02  0.1361E-01  0.2102E-01  0.2830E-01  0.3543E-01  0.4190E-01  0.4870E-01  0.5652E-01  0.6583E-01  0.7697E-01  0.9006E-01  0.1024E+00  0.1117E+00  0.1227E+00  0.1342E+00  0.1480E+00  0.1638E+00  0.1764E+00  0.1805E+00  0.1498E+00  0.1064E+00
      4.7425      350.0000  0.1175E-09  0.3170E-03  0.2307E-02  0.6539E-02  0.4907E-02  0.6608E-02  0.1361E-01  0.2102E-01  0.2830E-01  0.3543E-01  0.4190E-01  0.4870E-01  0.5652E-01  0.6583E-01  0.7697E-01  0.9006E-01  0.1024E+00  0.1117E+00  0.1227E+00  0.1342E+00  0.1480E+00  0.1638E+00  0.1764E+00  0.1805E+00  0.1498E+00  0.1064E+00
      4.8780      360.0000  0.1079E-09  0.3115E-03  0.2297E-02  0.6535E-02  0.4908E-02  0.6607E-02  0.1361E-01  0.2102E-01  0.2830E-01  0.3543E-01  0.4190E-01  0.4870E-01  0.5652E-01  0.6583E-01  0.7697E-01  0.9006E-01  0.1024E+00  0.1117E+00  0.1226E+00  0.1342E+00  0.1480E+00  0.1638E+00  0.1764E+00  0.1805E+00  0.1498E+00  0.1064E+00
      5.0136       10.0000  0.9909E-10  0.3066E-03  0.2289E-02  0.6533E-02  0.4910E-02  0.6607E-02  0.1361E-01  0.2102E-01  0.2830E-01  0.3543E-01  0.4190E-01  0.4870E-01  0.5652E-01  0.6583E-01  0.7697E-01  0.9006E-01  0.1024E+00  0.1117E+00  0.1226E+00  0.1342E+00  0.1480E+00  0.1638E+00  0.1764E+00  0.1805E+00  0.1498E+00  0.1064E+00
      5.1491       20.0000  0.9100E-10  0.3022E-03  0.2282E-02  0.6533E-02  0.4913E-02  0.6607E-02  0.1361E-01  0.2102E-01  0.2830E-01  0.3543E-01  0.4190E-01  0.4870E-01  0.5652E-01  0.6583E-01  0.7697E-01  0.9006E-01  0.1024E+00  0.1117E+00  0.1226E+00  0.1342E+00  0.1480E+00  0.1638E+00  0.1764E+00  0.1805E+00  0.1498E+00  0.1064E+00
      5.2846       30.0000  0.8356E-10  0.2982E-03  0.2276E-02  0.6533E-02  0.4915E-02  0.6607E-02  0.1361E-01  0.2102E-01  0.2830E-01  0.3543E-01  0.4190E-01  0.4870E-01  0.5652E-01  0.6583E-01  0.7697E-01  0.9006E-01  0.1024E+00  0.1117E+00  0.1226E+00  0.1342E+00  0.1480E+00  0.1638E+00  0.1764E+00  0.1805E+00  0.1498E+00  0.1064E+00
      5.4201       40.0000  0.7673E-10  0.2945E-03  0.2272E-02  0.6534E-02  0.4919E-02  0.6608E-02  0.1361E-01  0.2102E-01  0.2830E-01  0.3543E-01  0.4190E-01  0.4870E-01  0.5652E-01  0.6583E-01  0.7697E-01  0.9006E-01  0.1024E+00  0.1117E+00  0.1226E+00  0.1342E+00  0.1480E+00  0.1638E+00  0.1764E+00  0.1805E+00  0.1498E+00  0.1064E+00
      5.5556       50.0000  0.7045E-10  0.2912E-03  0.2268E-02  0.6537E-02  0.4922E-02  0.6608E-02  0.1360E-01  0.2102E-01  0.2830E-01  0.3543E-01  0.4190E-01  0.4870E-01  0.5652E-01  0.6583E-01  0.7697E-01  0.9006E-01  0.1024E+00  0.1117E+00  0.1226E+00  0.1342E+00  0.1480E+00  0.1638E+00  0.1764E+00  0.1805E+00  0.1498E+00  0.1064E+00
      5.6911       60.0000  0.6467E-10  0.2883E-03  0.2265E-02  0.6539E-02  0.4926E-02  0.6609E-02  0.1360E-01  0.2102E-01  0.2830E-01  0.3543E-01  0.4190E-01  0.4870E-01  0.5652E-01  0.6583E-01  0.7697E-01  0.9006E-01  0.1024E+00  0.1117E+00  0.1226E+00  0.1342E+00  0.1480E+00  0.1638E+00  0.1764E+00  0.1805E+00  0.1498E+00  0.1064E+00
      5.8266       70.0000  0.5936E-10  0.2856E-03  0.2263E-02  0.6542E-02  0.4930E-02  0.6610E-02  0.1360E-01  0.2101E-01  0.2830E-01  0.3543E-01  0.4190E-01  0.4870E-01  0.5652E-01  0.6583E-01  0.7697E-01  0.9006E-01  0.1024E+00  0.1117E+00  0.1226E+00  0.1342E+00  0.1480E+00  0.1638E+00  0.1764E+00  0.1805E+00  0.1498E+00  0.1064E+00
      5.9621       80.0000  0.5447E-10  0.2831E-03  0.2261E-02  0.6546E-02  0.4934E-02  0.6611E-02  0.1360E-01  0.2101E-01  0.2830E-01  0.3543E-01  0.4190E-01  0.4870E-01  0.5652E-01  0.6583E-01  0.7697E-01  0.9006E-01  0.1024E+00  0.1117E+00  0.1226E+00  0.1342E+00  0.1480E+00  0.1638E+00  0.1764E+00  0.1805E+00  0.1498E+00  0.1064E+00
      6.0976       90.0000  0.4997E-10  0.2809E-03  0.2260E-02  0.6550E-02  0.4938E-02  0.6612E-02  0.1360E-01  0.2101E-01  0.2830E-01  0.3543E-01  0.4190E-01  0.4870E-01  0.5652E-01  0.6583E-01  0.7697E-01  0.9006E-01  0.1024E+00  0.1117E+00  0.1226E+00  0.1342E+00  0.1480E+00  0.1638E+00  0.1763E+00  0.1805E+00  0.1498E+00  0.1064E+00
      6.2331      100.0000  0.4582E-10  0.2789E-03  0.2259E-02  0.6554E-02  0.4942E-02  0.6613E-02  0.1360E-01  0.2101E-01  0.2830E-01  0.3543E-01  0.4190E-01  0.4870E-01  0.5652E-01  0.6583E-01  0.7697E-01  0.9006E-01  0.1024E+00  0.1117E+00  0.1226E+00  0.1342E+00  0.1480E+00  0.1638E+00  0.1763E+00  0.1805E+00  0.1498E+00  0.1064E+00
      6.3686      110.0000  0.4200E-10  0.2771E-03  0.2258E-02  0.6558E-02  0.4946E-02  0.6614E-02  0.1360E-01  0.2101E-01  0.2830E-01  0.3543E-01  0.4190E-01  0.4870E-01  0.5652E-01  0.6583E-01  0.7697E-01  0.9006E-01  0.1024E+00  0.1117E+00  0.1226E+00  0.1342E+00  0.1480E+00  0.1638E+00  0.1763E+00  0.1805E+00  0.1498E+00  0.1064E+00
      6.5041      120.0000  0.3848E-10  0.2755E-03  0.2258E-02  0.6563E-02  0.4950E-02  0.6615E-02  0.1360E-01  0.2101E-01  0.2830E-01  0.3543E-01  0.4190E-01  0.4870E-01  0.5652E-01  0.6583E-01  0.7697E-01  0.9006E-01  0.1024E+00  0.1117E+00  0.1226E+00  0.1342E+00  0.1480E+00  0.1638E+00  0.1763E+00  0.1805E+00  0.1498E+00  0.1064E+00
      6.6396      130.0000  0.3524E-10  0.2740E-03  0.2258E-02  0.6567E-02  0.4954E-02  0.6616E-02  0.1360E-01  0.2101E-01  0.2830E-01  0.3543E-01  0.4190E-01  0.4870E-01  0.5652E-01  0.6583E-01  0.7697E-01  0.9006E-01  0.1024E+00  0.1117E+00  0.1226E+00  0.1342E+00  0.1480E+00  0.1638E+00  0.1763E+00  0.1805E+00  0.1498E+00  0.1064E+00
      6.7751      140.0000  0.3226E-10  0.2727E-03  0.2258E-02  0.6572E-02  0.4958E-02  0.6617E-02  0.1360E-01  0.2101E-01  0.2830E-01  0.3543E-01  0.4190E-01  0.4870E-01  0.5652E-01  0.6583E-01  0.7697E-01  0.9006E-01  0.1024E+00  0.1117E+00  0.1226E+00  0.1342E+00  0.1480E+00  0.1638E+00  0.1763E+00  0.1805E+00  0.1498E+00  0.1064E+00
      6.9106      150.0000  0.2950E-10  0.2715E-03  0.2258E-02  0.6576E-02  0.4962E-02  0.6618E-02  0.1360E-01  0.2101E-01  0.2830E-01  0.3543E-01  0.4190E-01  0.4870E-01  0.5652E-01  0.6583E-01  0.7697E-01  0.9006E-01  0.1024E+00  0.1117E+00  0.1226E+00  0.1342E+00  0.1480E+00  0.1638E+00  0.1763E+00  0.1805E+00  0.1498E+00  0.1064E+00
      7.0461      160.0000  0.2696E-10  0.2704E-03  0.2259E-02  0.6581E-02  0.4966E-02  0.6619E-02  0.1360E-01  0.2101E-01  0.2830E-01  0.3543E-01  0.4190E-01  0.4870E-01  0.5652E-01  0.6583E-01  0.7697E-01  0.9006E-01  0.1024E+00  0.1117E+00  0.1226E+00  0.1342E+00  0.1480E+00  0.1638E+00  0.1763E+00  0.1805E+00  0.1498E+00  0.1064E+00
      7.1816      170.0000  0.2462E-10  0.2694E-03  0.2259E-02  0.6586E-02  0.4970E-02  0.6620E-02  0.1360E-01  0.2101E-01  0.2830E-01  0.3543E-01  0.4190E-01  0.4870E-01  0.5652E-01  0.6583E-01  0.7697E-01  0.9006E-01  0.1024E+00  0.1117E+00  0.1226E+00  0.1342E+00  0.1480E+00  0.1638E+00  0.1763E+00  0.1805E+00  0.1498E+00  0.1064E+00
      7.3171      180.0000  0.2247E-10  0.2685E-03  0.2260E-02  0.6590E-02  0.4974E-02  0.6621E-02  0.1360E-01  0.2101E-01  0.2830E-01  0.3543E-01  0.4190E-01  0.4870E-01  0.5652E-01  0.6583E-01  0.7697E-01  0.9006E-01  0.1024E+00  0.1117E+00  0.1226E+00  0.1342E+00  0.1480E+00  0.1638E+00  0.1763E+00  0.1805E+00  0.1498E+00  0.1064E+00
      7.4526      190.0000  0.2048E-10  0.2678E-03  0.2260E-02  0.6595E-02  0.4978E-02  0.6623E-02  0.1360E-01  0.2101E-01  0.2830E-01  0.3542E-01  0.4189E-01  0.4870E-01  0.5652E-01  0.6583E-01  0.7697E-01  0.9006E-01  0.1024E+00  0.1117E+00  0.1226E+00  0.1342E+00  0.1480E+00  0.1637E+00  0.1763E+00  0.1805E+00  0.1498E+00  0.1064E+00
      7.5881      200.0000  0.1864E-10  0.2670E-03  0.2261E-02  0.6600E-02  0.4982E-02  0.6624E-02  0.1360E-01  0.2101E-01  0.2830E-01  0.3542E-01  0.4189E-01  0.4870E-01  0.5652E-01  0.6583E-01  0.7697E-01  0.9006E-01  0.1024E+00  0.1117E+00  0.1226E+00  0.1342E+00  0.1480E+00  0.1637E+00  0.1763E+00  0.1805E+00  0.1498E+00  0.1064E+00
      7.7236      210.0000  0.1695E-10  0.2664E-03  0.2262E-02  0.6604E-02  0.4985E-02  0.6625E-02  0.1360E-01  0.2101E-01  0.2830E-01  0.3542E-01  0.4189E-01  0.4870E-01  0.5652E-01  0.6583E-01  0.7697E-01  0.9006E-01  0.1024E+00  0.1117E+00  0.1226E+00  0.1342E+00  0.1480E+00  0.1637E+00  0.1763E+00  0.1805E+00  0.1498E+00  0.1064E+00
      7.8591      220.0000  0.1539E-10  0.2658E-03  0.2263E-02  0.6609E-02  0.4989E-02  0.6626E-02  0.1360E-01  0.2101E-01  0.2830E-01  0.3542E-01  0.4189E-01  0.4870E-01  0.5652E-01  0.6583E-01  0.7697E-01  0.9006E-01  0.1024E+00  0.1117E+00  0.1226E+00  0.1342E+00  0.1480E+00  0.1637E+00  0.1763E+00  0.1805E+00  0.1498E+00  0.1064E+00
      7.9946      230.0000  0.1395E-10  0.2653E-03  0.2264E-02  0.6613E-02  0.4993E-02  0.6627E-02  0.1360E-01  0.2101E-01  0.2830E-01  0.3542E-01  0.4189E-01  0.4870E-01  0.5652E-01  0.6583E-01  0.7697E-01  0.9006E-01  0.1024E+00  0.1117E+00  0.1226E+00  0.1342E+00  0.1480E+00  0.1637E+00  0.1763E+00  0.1805E+00  0.1498E+00  0.1064E+00
      8.1301      240.0000  0.1262E-10  0.2648E-03  0.2265E-02  0.6618E-02  0.4996E-02  0.6628E-02  0.1360E-01  0.2101E-01  0.2830E-01  0.3542E-01  0.4189E-01  0.4870E-01  0.5652E-01  0.6583E-01  0.7697E-01  0.9006E-01  0.1024E+00  0.1117E+00  0.1226E+00  0.1342E+00  0.1480E+00  0.1637E+00  0.1763E+00  0.1805E+00  0.1498E+00  0.1064E+00
      8.2656      250.0000  0.1140E-10  0.2644E-03  0.2266E-02  0.6622E-02  0.5000E-02  0.6629E-02  0.1359E-01  0.2101E-01  0.2830E-01  0.3542E-01  0.4189E-01  0.4870E-01  0.5652E-01  0.6583E-01  0.7697E-01  0.9006E-01  0.1024E+00  0.1117E+00  0.1226E+00  0.1342E+00  0.1480E+00  0.1637E+00  0.1763E+00  0.1805E+00  0.1498E+00  0.1064E+00
      8.4011      260.0000  0.1027E-10  0.2641E-03  0.2267E-02  0.6627E-02  0.5003E-02  0.6630E-02  0.1359E-01  0.2101E-01  0.2830E-01  0.3542E-01  0.4189E-01  0.4870E-01  0.5652E-01  0.6583E-01  0.7697E-01  0.9006E-01  0.1024E+00  0.1117E+00  0.1226E+00  0.1342E+00  0.1480E+00  0.1637E+00  0.1763E+00  0.1805E+00  0.1498E+00  0.1064E+00
      8.5366      270.0000  0.9236E-11  0.2637E-03  0.2268E-02  0.6631E-02  0.5007E-02  0.6631E-02  0.1359E-01  0.2101E-01  0.2830E-01  0.3542E-01  0.4189E-01  0.4870E-01  0.5652E-01  0.6583E-01  0.7697E-01  0.9006E-01  0.1024E+00  0.1117E+00  0.1226E+00  0.1342E+00  0.1480E+00  0.1637E+00  0.1763E+00  0.1805E+00  0.1498E+00  0.1064E+00
      8.6721      280.0000  0.8278E-11  0.2635E-03  0.2269E-02  0.6635E-02  0.5010E-02  0.6632E-02  0.1359E-01  0.2101E-01  0.2830E-01  0.3542E-01  0.4189E-01  0.4870E-01  0.5652E-01  0.6583E-01  0.7697E-01  0.9006E-01  0.1024E+00  0.1117E+00  0.1226E+00  0.1342E+00  0.1480E+00  0.1637E+00  0.1763E+00  0.1805E+00  0.1498E+00  0.1064E+00
      8.8076      290.0000  0.7396E-11  0.2632E-03  0.2270E-02  0.6639E-02  0.5013E-02  0.6633E-02  0.1359E-01  0.2101E-01  0.2829E-01  0.3542E-01  0.4189E-01  0.4870E-01  0.5652E-01  0.6583E-01  0.7697E-01  0.9006E-01  0.1024E+00  0.1117E+00  0.1226E+00  0.1342E+00  0.1480E+00  0.1637E+00  0.1763E+00  0.1805E+00  0.1498E+00  0.1064E+00
      8.9431      300.0000  0.6584E-11  0.2630E-03  0.2270E-02  0.6643E-02  0.5016E-02  0.6634E-02  0.1359E-01  0.2101E-01  0.2829E-01  0.3542E-01  0.4189E-01  0.4870E-01  0.5652E-01  0.6583E-01  0.7697E-01  0.9006E-01  0.1024E+00  0.1117E+00  0.1226E+00  0.1342E+00  0.1480E+00  0.1637E+00  0.1763E+00  0.1805E+00  0.1498E+00  0.1064E+00
      9.0786      310.0000  0.5836E-11  0.2628E-03  0.2271E-02  0.6647E-02  0.5019E-02  0.6634E-02  0.1359E-01  0.2101E-01  0.2829E-01  0.3542E-01  0.4189E-01  0.4870E-01  0.5652E-01  0.6583E-01  0.7697E-01  0.9006E-01  0.1024E+00  0.1117E+00  0.1226E+00  0.1342E+00  0.1480E+00  0.1637E+00  0.1763E+00  0.1805E+00  0.1498E+00  0.1064E+00
      9.2141      320.0000  0.5148E-11  0.2626E-03  0.2272E-02  0.6651E-02  0.5023E-02  0.6635E-02  0.1359E-01  0.2101E-01  0.2829E-01  0.3542E-01  0.4189E-01  0.4870E-01  0.5652E-01  0.6583E-01  0.7697E-01  0.9006E-01  0.1024E+00  0.1117E+00  0.1226E+00  0.1342E+00  0.1480E+00  0.1637E+00  0.1763E+00  0.1805E+00  0.1498E+00  0.1064E+00
      9.3496      330.0000  0.4515E-11  0.2625E-03  0.2273E-02  0.6655E-02  0.5026E-02  0.6636E-02  0.1359E-01  0.2101E-01  0.2829E-01  0.3542E-01  0.4189E-01  0.4870E-01  0.5652E-01  0.6583E-01  0.7697E-01  0.9006E-01  0.1024E+00  0.1117E+00  0.1226E+00  0.1342E+00  0.1480E+00  0.1637E+00  0.1763E+00  0.1805E+00  0.1498E+00  0.1064E+00
      9.4851      340.0000  0.3932E-11  0.2624E-03  0.2274E-02  0.6659E-02  0.5028E-02  0.6637E-02  0.1359E-01  0.2101E-01  0.2829E-01  0.3542E-01  0.4189E-01  0.4870E-01  0.5652E-01  0.6583E-01  0.7697E-01  0.9006E-01  0.1024E+00  0.1117E+00  0.1226E+00  0.1342E+00  0.1480E+00  0.1637E+00  0.1763E+00  0.1805E+00  0.1498E+00  0.1064E+00
      9.6206      350.0000  0.3397E-11  0.2622E-03  0.2275E-02  0.6662E-02  0.5031E-02  0.6638E-02  0.1359E-01  0.2100E-01  0.2829E-01  0.3542E-01  0.4189E-01  0.4870E-01  0.5652E-01  0.6583E-01  0.7697E-01  0.9006E-01  0.1024E+00  0.1117E+00  0.1226E+00  0.1342E+00  0.1480E+00  0.1637E+00  0.1763E+00  0.1805E+00  0.1498E+00  0.1064E+00
      9.7561      360.0000  0.2905E-11  0.2622E-03  0.2276E-02  0.6666E-02  0.5034E-02  0.6639E-02  0.1359E-01  0.2100E-01  0.2829E-01  0.3542E-01  0.4189E-01  0.4870E-01  0.5652E-01  0.6583E-01  0.7697E-01  0.9006E-01  0.1024E+00  0.1117E+00  0.1226E+00  0.1342E+00  0.1480E+00  0.1637E+00  0.1763E+00  0.1805E+00  0.1498E+00  0.1064E+00
      9.8916       10.0000  0.2454E-11  0.2621E-03  0.2277E-02  0.6669E-02  0.5037E-02  0.6640E-02  0.1359E-01  0.2100E-01  0.2829E-01  0.3542E-01  0.4189E-01  0.4870E-01  0.5652E-01  0.6583E-01  0.7697E-01  0.9006E-01  0.1024E+00  0.1117E+00  0.1226E+00  0.1342E+00  0.1480E+00  0.1637E+00  0.1763E+00  0.1805E+00  0.1498E+00  0.1064E+00
     10.0271       20.0000  0.2039E-11  0.2620E-03  0.2278E-02  0.6673E-02  0.5040E-02  0.6640E-02  0.1359E-01  0.2100E-01  0.2829E-01  0.3542E-01  0.4189E-01  0.4870E-01  0.5652E-01  0.6583E-01  0.7697E-01  0.9006E-01  0.1024E+00  0.1117E+00  0.1226E+00  0.1342E+00  0.1480E+00  0.1637E+00  0.1763E+00  0.1805E+00  0.1498E+00  0.1064E+00
     10.1626       30.0000  0.1659E-11  0.2620E-03  0.2279E-02  0.6676E-02  0.5042E-02  0.6641E-02  0.1359E-01  0.2100E-01  0.2829E-01  0.3542E-01  0.4189E-01  0.4870E-01  0.5652E-01  0.6583E-01  0.7697E-01  0.9006E-01  0.1024E+00  0.1117E+00  0.1226E+00  0.1342E+00  0.1480E+00  0.1637E+00  0.1763E+00  0.1805E+00  0.1498E+00  0.1064E+00
     10.2981       40.0000  0.1311E-11  0.2620E-03  0.2280E-02  0.6680E-02  0.5045E-02  0.6642E-02  0.1359E-01  0.2100E-01  0.2829E-01  0.3542E-01  0.4189E-01  0.4870E-01  0.5652E-01  0.6583E-01  0.7697E-01  0.9006E-01  0.1024E+00  0.1117E+00  0.1226E+00  0.1342E+00  0.1480E+00  0.1637E+00  0.1763E+00  0.1805E+00  0.1498E+00  0.1064E+00
     10.4336       50.0000  0.9920E-12  0.2619E-03  0.2280E-02  0.6683E-02  0.5048E-02  0.6643E-02  0.1359E-01  0.2100E-01  0.2829E-01  0.3542E-01  0.4189E-01  0.4870E-01  0.5652E-01  0.6583E-01  0.7697E-01  0.9006E-01  0.1024E+00  0.1117E+00  0.1226E+00  0.1342E+00  0.1480E+00  0.1637E+00  0.1763E+00  0.1805E+00  0.1498E+00  0.1064E+00
     10.5691       60.0000  0.7004E-12  0.2619E-03  0.2281E-02  0.6686E-02  0.5050E-02  0.6644E-02  0.1359E-01  0.2100E-01  0.2829E-01  0.3542E-01  0.4189E-01  0.4870E-01  0.5652E-01  0.6583E-01  0.7697E-01  0.9006E-01  0.1024E+00  0.1117E+00  0.1226E+00  0.1342E+00  0.1480E+00  0.1637E+00  0.1763E+00  0.1805E+00  0.1498E+00  0.1064E+00
     10.7046       70.0000  0.4339E-12  0.2619E-03  0.2282E-02  0.6690E-02  0.5053E-02  0.6644E-02  0.1359E-01  0.2100E-01  0.2829E-01  0.3542E-01  0.4189E-01  0.4870E-01  0.5652E-01  0.6583E-01  0.7697E-01  0.9006E-01  0.1024E+00  0.1117E+00  0.1226E+00  0.1342E+00  0.1480E+00  0.1637E+00  0.1763E+00  0.1805E+00  0.1498E+00  0.1064E+00
     10.8401       80.0000  0.1907E-12  0.2619E-03  0.2283E-02  0.6693E-02  0.5055E-02  0.6645E-02  0.1359E-01  0.2100E-01  0.2829E-01  0.3542E-01  0.4189E-01  0.4870E-01  0.5652E-01  0.6583E-01  0.7697E-01  0.9006E-01  0.1024E+00  0.1117E+00  0.1226E+00  0.1342E+00  0.1480E+00  0.1637E+00  0.1763E+00  0.1805E+00  0.1498E+00  0.1064E+00
     10.9756       90.0000 -0.3093E-13  0.2620E-03  0.2284E-02  0.6696E-02  0.5057E-02  0.6646E-02  0.1359E-01  0.2100E-01  0.2829E-01  0.3542E-01  0.4189E-01  0.4870E-01  0.5652E-01  0.6583E-01  0.7697E-01  0.9006E-01  0.1024E+00  0.1117E+00  0.1226E+00  0.1342E+00  0.1480E+00  0.1637E+00  0.1763E+00  0.1805E+00  0.1498E+00  0.1064E+00
     11.1111      100.0000 -0.2327E-12  0.2620E-03  0.2285E-02  0.6699E-02  0.5060E-02  0.6646E-02  0.1359E-01  0.2100E-01  0.2829E-01  0.3542E-01  0.4189E-01  0.4870E-01  0.5652E-01  0.6583E-01  0.7697E-01  0.9006E-01  0.1024E+00  0.1117E+00  0.1226E+00  0.1342E+00  0.1480E+00  0.1637E+00  0.1763E+00  0.1805E+00  0.1498E+00  0.1064E+00
     11.2466      110.0000 -0.4161E-12  0.2620E-03  0.2285E-02  0.6702E-02  0.5062E-02  0.6647E-02  0.1359E-01  0.2100E-01  0.2829E-01  0.3542E-01  0.4189E-01  0.4870E-01  0.5652E-01  0.6583E-01  0.7697E-01  0.9006E-01  0.1024E+00  0.1117E+00  0.1226E+00  0.1342E+00  0.1480E+00  0.1637E+00  0.1763E+00  0.1805E+00  0.1498E+00  0.1064E+00
     11.3821      120.0000 -0.5825E-12  0.2620E-03  0.2286E-02  0.6705E-02  0.5064E-02  0.6648E-02  0.1359E-01  0.2100E-01  0.2829E-01  0.3542E-01  0.4189E-01  0.4870E-01  0.5652E-01  0.6583E-01  0.7697E-01  0.9006E-01  0.1024E+00  0.1117E+00  0.1226E+00  0.1342E+00  0.1480E+00  0.1637E+00  0.1763E+00  0.1805E+00  0.1498E+00  0.1064E+00
     11.5176      130.0000 -0.7333E-12  0.2621E-03  0.2287E-02  0.6707E-02  0.5067E-02  0.6649E-02  0.1359E-01  0.2100E-01  0.2829E-01  0.3542E-01  0.4189E-01  0.4870E-01  0.5652E-01  0.6583E-01  0.7697E-01  0.9006E-01  0.1024E+00  0.1116E+00  0.1226E+00  0.1342E+00  0.1480E+00  0.1637E+00  0.1763E+00  0.1805E+00  0.1498E+00  0.1064E+00
     11.6531      140.0000 -0.8695E-12  0.2621E-03  0.2287E-02  0.6710E-02  0.5069E-02  0.6649E-02  0.1359E-01  0.2100E-01  0.2829E-01  0.3542E-01  0.4189E-01  0.4870E-01  0.5652E-01  0.6583E-01  0.7697E-01  0.9006E-01  0.1024E+00  0.1116E+00  0.1226E+00  0.1342E+00  0.1480E+00  0.1637E+00  0.1763E+00  0.1805E+00  0.1498E+00  0.1064E+00
     11.7886      150.0000 -0.9923E-12  0.2622E-03  0.2288E-02  0.6713E-02  0.5071E-02  0.6650E-02  0.1359E-01  0.2100E-01  0.2829E-01  0.3542E-01  0.4189E-01  0.4870E-01  0.5652E-01  0.6583E-01  0.7697E-01  0.9006E-01  0.1024E+00  0.1116E+00  0.1226E+00  0.1342E+00  0.1480E+00  0.1637E+00  0.1763E+00  0.1805E+00  0.1498E+00  0.1064E+00
     11.9241      160.0000 -0.1103E-11  0.2622E-03  0.2289E-02  0.6716E-02  0.5073E-02  0.6651E-02  0.1359E-01  0.2100E-01  0.2829E-01  0.3542E-01  0.4189E-01  0.4870E-01  0.5652E-01  0.6583E-01  0.7697E-01  0.9006E-01  0.1024E+00  0.1116E+00  0.1226E+00  0.1342E+00  0.1480E+00  0.1637E+00  0.1763E+00  0.1805E+00  0.1498E+00  0.1064E+00
     12.0596      170.0000 -0.1202E-11  0.2623E-03  0.2290E-02  0.6718E-02  0.5075E-02  0.6651E-02  0.1359E-01  0.2100E-01  0.2829E-01  0.3542E-01  0.4189E-01  0.4870E-01  0.5652E-01  0.6583E-01  0.7697E-01  0.9006E-01  0.1024E+00  0.1116E+00  0.1226E+00  0.1342E+00  0.1480E+00  0.1637E+00  0.1763E+00  0.1805E+00  0.1498E+00  0.1064E+00
     12.1951      180.0000 -0.1290E-11  0.2623E-03  0.2290E-02  0.6721E-02  0.5077E-02  0.6652E-02  0.1359E-01  0.2100E-01  0.2829E-01  0.3542E-01  0.4189E-01  0.4870E-01  0.5652E-01  0.6583E-01  0.7697E-01  0.9006E-01  0.1024E+00  0.1116E+00  0.1226E+00  0.1342E+00  0.1480E+00  0.1637E+00  0.1763E+00  0.1805E+00  0.1498E+00  0.1064E+00
     12.3306      190.0000 -0.1369E-11  0.2624E-03  0.2291E-02  0.6723E-02  0.5079E-02  0.6652E-02  0.1359E-01  0.2100E-01  0.2829E-01  0.3542E-01  0.4189E-01  0.4870E-01  0.5652E-01  0.6583E-01  0.7697E-01  0.9006E-01  0.1024E+00  0.1116E+00  0.1226E+00  0.1342E+00  0.1480E+00  0.1637E+00  0.1763E+00  0.1805E+00  0.1498E+00  0.1064E+00
     12.4661      200.0000 -0.1439E-11  0.2624E-03  0.2292E-02  0.6726E-02  0.5081E-02  0.6653E-02  0.1358E-01  0.2100E-01  0.2829E-01  0.3542E-01  0.4189E-01  0.4870E-01  0.5652E-01  0.6583E-01  0.7697E-01  0.9006E-01  0.1024E+00  0.1116E+00  0.1226E+00  0.1342E+00  0.1480E+00  0.1637E+00  0.1763E+00  0.1805E+00  0.1498E+00  0.1064E+00
     12.6016      210.0000 -0.1501E-11  0.2625E-03  0.2292E-02  0.6728E-02  0.5083E-02  0.6654E-02  0.1358E-01  0.2100E-01  0.2829E-01  0.3542E-01  0.4189E-01  0.4870E-01  0.5652E-01  0.6583E-01  0.7697E-01  0.9006E-01  0.1024E+00  0.1116E+00  0.1226E+00  0.1342E+00  0.1480E+00  0.1637E+00  0.1763E+00  0.1805E+00  0.1498E+00  0.1064E+00
     12.7371      220.0000 -0.1554E-11  0.2625E-03  0.2293E-02  0.6731E-02  0.5084E-02  0.6654E-02  0.1358E-01  0.2100E-01  0.2829E-01  0.3542E-01  0.4189E-01  0.4870E-01  0.5652E-01  0.6583E-01  0.7697E-01  0.9006E-01  0.1024E+00  0.1116E+00  0.1226E+00  0.1342E+00  0.1480E+00  0.1637E+00  0.1763E+00  0.1805E+00  0.1498E+00  0.1064E+00
     12.8726      230.0000 -0.1601E-11  0.2626E-03  0.2293E-02  0.6733E-02  0.5086E-02  0.6655E-02  0.1358E-01  0.2100E-01  0.2829E-01  0.3542E-01  0.4189E-01  0.4870E-01  0.5652E-01  0.6583E-01  0.7697E-01  0.9006E-01  0.1024E+00  0.1116E+00  0.1226E+00  0.1342E+00  0.1480E+00  0.1637E+00  0.1763E+00  0.1805E+00  0.1498E+00  0.1064E+00
     13.0081      240.0000 -0.1642E-11  0.2627E-03  0.2294E-02  0.6735E-02  0.5088E-02  0.6655E-02  0.1358E-01  0.2100E-01  0.2829E-01  0.3542E-01  0.4189E-01  0.4870E-01  0.5652E-01  0.6583E-01  0.7697E-01  0.9006E-01  0.1024E+00  0.1116E+00  0.1226E+00  0.1342E+00  0.1480E+00  0.1637E+00  0.1763E+00  0.1805E+00  0.1498E+00  0.1064E+00
     13.1436      250.0000 -0.1677E-11  0.2627E-03  0.2295E-02  0.6738E-02  0.5090E-02  0.6656E-02  0.1358E-01  0.2100E-01  0.2829E-01  0.3542E-01  0.4189E-01  0.4870E-01  0.5652E-01  0.6583E-01  0.7697E-01  0.9006E-01  0.1024E+00  0.1116E+00  0.1226E+00  0.1342E+00  0.1480E+00  0.1637E+00  0.1763E+00  0.1805E+00  0.1498E+00  0.1064E+00
     13.2791      260.0000 -0.1706E-11  0.2628E-03  0.2295E-02  0.6740E-02  0.5091E-02  0.6656E-02  0.1358E-01  0.2100E-01  0.2829E-01  0.3542E-01  0.4189E-01  0.4870E-01  0.5652E-01  0.6583E-01  0.7697E-01  0.9006E-01  0.1024E+00  0.1116E+00  0.1226E+00  0.1342E+00  0.1480E+00  0.1637E+00  0.1763E+00  0.1805E+00  0.1498E+00  0.1064E+00
     13.4146      270.0000 -0.1730E-11  0.2628E-03  0.2296E-02  0.6742E-02  0.5093E-02  0.6657E-02  0.1358E-01  0.2100E-01  0.2829E-01  0.3542E-01  0.4189E-01  0.4870E-01  0.5652E-01  0.6583E-01  0.7697E-01  0.9006E-01  0.1024E+00  0.1116E+00  0.1226E+00  0.1342E+00  0.1480E+00  0.1637E+00  0.1763E+00  0.1805E+00  0.1498E+00  0.1064E+00
     13.5501      280.0000 -0.1749E-11  0.2629E-03  0.2296E-02  0.6744E-02  0.5095E-02  0.6658E-02  0.1358E-01  0.2100E-01  0.2829E-01  0.3542E-01  0.4189E-01  0.4870E-01  0.5652E-01  0.6583E-01  0.7697E-01  0.9006E-01  0.1024E+00  0.1116E+00  0.1226E+00  0.1342E+00  0.1480E+00  0.1637E+00  0.1763E+00  0.1805E+00  0.1498E+00  0.1064E+00
     13.6856      290.0000 -0.1765E-11  0.2630E-03  0.2297E-02  0.6746E-02  0.5096E-02  0.6658E-02  0.1358E-01  0.2100E-01  0.2829E-01  0.3542E-01  0.4189E-01  0.4870E-01  0.5652E-01  0.6583E-01  0.7697E-01  0.9006E-01  0.1024E+00  0.1116E+00  0.1226E+00  0.1342E+00  0.1480E+00  0.1637E+00  0.1763E+00  0.1805E+00  0.1498E+00  0.1064E+00
     13.8211      300.0000 -0.1776E-11  0.2630E-03  0.2297E-02  0.6748E-02  0.5098E-02  0.6659E-02  0.1358E-01  0.2100E-01  0.2829E-01  0.3542E-01  0.4189E-01  0.4870E-01  0.5652E-01  0.6583E-01  0.7697E-01  0.9006E-01  0.1024E+00  0.1116E+00  0.1226E+00  0.1342E+00  0.1480E+00  0.1637E+00  0.1763E+00  0.1805E+00  0.1498E+00  0.1064E+00
     13.9566      310.0000 -0.1784E-11  0.2631E-03  0.2298E-02  0.6750E-02  0.5099E-02  0.6659E-02  0.1358E-01  0.2100E-01  0.2829E-01  0.3542E-01  0.4189E-01  0.4870E-01  0.5652E-01  0.6583E-01  0.7697E-01  0.9006E-01  0.1024E+00  0.1116E+00  0.1226E+00  0.1342E+00  0.1480E+00  0.1637E+00  0.1763E+00  0.1805E+00  0.1498E+00  0.1064E+00
     14.0921      320.0000 -0.1789E-11  0.2632E-03  0.2298E-02  0.6752E-02  0.5101E-02  0.6660E-02  0.1358E-01  0.2100E-01  0.2829E-01  0.3542E-01  0.4189E-01  0.4870E-01  0.5652E-01  0.6583E-01  0.7697E-01  0.9006E-01  0.1024E+00  0.1116E+00  0.1226E+00  0.1342E+00  0.1480E+00  0.1637E+00  0.1763E+00  0.1805E+00  0.1498E+00  0.1064E+00
     14.2276      330.0000 -0.1790E-11  0.2632E-03  0.2299E-02  0.6754E-02  0.5102E-02  0.6660E-02  0.1358E-01  0.2100E-01  0.2829E-01  0.3542E-01  0.4189E-01  0.4870E-01  0.5652E-01  0.6583E-01  0.7697E-01  0.9006E-01  0.1024E+00  0.1116E+00  0.1226E+00  0.1342E+00  0.1480E+00  0.1637E+00  0.1763E+00  0.1805E+00  0.1498E+00  0.1064E+00
     14.3631      340.0000 -0.1775E-11  0.2633E-03  0.2299E-02  0.6756E-02  0.5104E-02  0.6661E-02  0.1358E-01  0.2100E-01  0.2829E-01  0.3542E-01  0.4189E-01  0.4870E-01  0.5652E-01  0.6583E-01  0.7697E-01  0.9006E-01  0.1024E+00  0.1116E+00  0.1226E+00  0.1342E+00  0.1480E+00  0.1637E+00  0.1763E+00  0.1805E+00  0.1498E+00  0.1064E+00
     14.4986      350.0000 -0.1761E-11  0.2634E-03  0.2300E-02  0.6758E-02  0.5105E-02  0.6661E-02  0.1358E-01  0.2100E-01  0.2829E-01  0.3542E-01  0.4189E-01  0.4870E-01  0.5652E-01  0.6583E-01  0.7697E-01  0.9006E-01  0.1024E+00  0.1116E+00  0.1226E+00  0.1342E+00  0.1480E+00  0.1637E+00  0.1763E+00  0.1805E+00  0.1498E+00  0.1064E+00
     14.6341      360.0000 -0.1746E-11  0.2634E-03  0.2300E-02  0.6760E-02  0.5107E-02  0.6661E-02  0.1358E-01  0.2100E-01  0.2829E-01  0.3542E-01  0.4189E-01  0.4870E-01  0.5652E-01  0.6583E-01  0.7697E-01  0.9006E-01  0.1024E+00  0.1116E+00  0.1226E+00  0.1342E+00  0.1480E+00  0.1637E+00  0.1763E+00  0.1805E+00  0.1498E+00  0.1064E+00
     14.7696       10.0000 -0.1731E-11  0.2635E-03  0.2301E-02  0.6761E-02  0.5108E-02  0.6662E-02  0.1358E-01  0.2100E-01  0.2829E-01  0.3542E-01  0.4189E-01  0.4870E-01  0.5652E-01  0.6583E-01  0.7697E-01  0.9006E-01  0.1024E+00  0.1116E+00  0.1226E+00  0.1342E+00  0.1480E+00  0.1637E+00  0.1763E+00  0.1805E+00  0.1498E+00  0.1064E+00
     14.9051       20.0000 -0.1716E-11  0.2635E-03  0.2301E-02  0.6763E-02  0.5109E-02  0.6662E-02  0.1358E-01  0.2100E-01  0.2829E-01  0.3542E-01  0.4189E-01  0.4870E-01  0.5652E-01  0.6583E-01  0.7697E-01  0.9006E-01  0.1024E+00  0.1116E+00  0.1226E+00  0.1342E+00  0.1480E+00  0.1637E+00  0.1763E+00  0.1805E+00  0.1498E+00  0.1064E+00
     15.0407       30.0000 -0.1700E-11  0.2636E-03  0.2302E-02  0.6765E-02  0.5111E-02  0.6663E-02  0.1358E-01  0.2100E-01  0.2829E-01  0.3542E-01  0.4189E-01  0.4870E-01  0.5652E-01  0.6583E-01  0.7697E-01  0.9006E-01  0.1024E+00  0.1116E+00  0.1226E+00  0.1342E+00  0.1480E+00  0.1637E+00  0.1763E+00  0.1805E+00  0.1498E+00  0.1064E+00
     15.1762       40.0000 -0.1684E-11  0.2637E-03  0.2302E-02  0.6767E-02  0.5112E-02  0.6663E-02  0.1358E-01  0.2100E-01  0.2829E-01  0.3542E-01  0.4189E-01  0.4870E-01  0.5652E-01  0.6583E-01  0.7697E-01  0.9006E-01  0.1024E+00  0.1116E+00  0.1226E+00  0.1342E+00  0.1480E+00  0.1637E+00  0.1763E+00  0.1805E+00  0.1498E+00  0.1064E+00
     15.3117       50.0000 -0.1668E-11  0.2637E-03  0.2303E-02  0.6768E-02  0.5113E-02  0.6664E-02  0.1358E-01  0.2100E-01  0.2829E-01  0.3542E-01  0.4189E-01  0.4870E-01  0.5652E-01  0.6583E-01  0.7697E-01  0.9006E-01  0.1024E+00  0.1116E+00  0.1226E+00  0.1342E+00  0.1480E+00  0.1637E+00  0.1763E+00  0.1805E+00  0.1498E+00  0.1064E+00
     15.4472       60.0000 -0.1651E-11  0.2638E-03  0.2303E-02  0.6770E-02  0.5114E-02  0.6664E-02  0.1358E-01  0.2100E-01  0.2829E-01  0.3542E-01  0.4189E-01  0.4870E-01  0.5652E-01  0.6583E-01  0.7697E-01  0.9006E-01  0.1024E+00  0.1116E+00  0.1226E+00  0.1342E+00  0.1480E+00  0.1637E+00  0.1763E+00  0.1805E+00  0.1498E+00  0.1064E+00
     15.5827       70.0000 -0.1634E-11  0.2638E-03  0.2303E-02  0.6771E-02  0.5116E-02  0.6664E-02  0.1358E-01  0.2100E-01  0.2829E-01  0.3542E-01  0.4189E-01  0.4870E-01  0.5652E-01  0.6583E-01  0.7697E-01  0.9006E-01  0.1024E+00  0.1116E+00  0.1226E+00  0.1342E+00  0.1480E+00  0.1637E+00  0.1763E+00  0.1805E+00  0.1498E+00  0.1064E+00
     15.7182       80.0000 -0.1617E-11  0.2639E-03  0.2304E-02  0.6773E-02  0.5117E-02  0.6665E-02  0.1358E-01  0.2100E-01  0.2829E-01  0.3542E-01  0.4189E-01  0.4870E-01  0.5652E-01  0.6583E-01  0.7697E-01  0.9006E-01  0.1024E+00  0.1116E+00  0.1226E+00  0.1342E+00  0.1480E+00  0.1637E+00  0.1763E+00  0.1805E+00  0.1498E+00  0.1064E+00
     15.8537       90.0000 -0.1599E-11  0.2639E-03  0.2304E-02  0.6775E-02  0.5118E-02  0.6665E-02  0.1358E-01  0.2100E-01  0.2829E-01  0.3542E-01  0.4189E-01  0.4870E-01  0.5652E-01  0.6583E-01  0.7697E-01  0.9006E-01  0.1024E+00  0.1116E+00  0.1226E+00  0.1342E+00  0.1480E+00  0.1637E+00  0.1763E+00  0.1805E+00  0.1498E+00  0.1064E+00
     15.9892      100.0000 -0.1581E-11  0.2640E-03  0.2305E-02  0.6776E-02  0.5119E-02  0.6666E-02  0.1358E-01  0.2100E-01  0.2829E-01  0.3542E-01  0.4189E-01  0.4870E-01  0.5652E-01  0.6583E-01  0.7697E-01  0.9006E-01  0.1024E+00  0.1116E+00  0.1226E+00  0.1342E+00  0.1480E+00  0.1637E+00  0.1763E+00  0.1805E+00  0.1498E+00  0.1064E+00
     16.1247      110.0000 -0.1563E-11  0.2641E-03  0.2305E-02  0.6778E-02  0.5120E-02  0.6666E-02  0.1358E-01  0.2100E-01  0.2829E-01  0.3542E-01  0.4189E-01  0.4870E-01  0.5652E-01  0.6583E-01  0.7697E-01  0.9006E-01  0.1024E+00  0.1116E+00  0.1226E+00  0.1342E+00  0.1480E+00  0.1637E+00  0.1763E+00  0.1805E+00  0.1498E+00  0.1064E+00
     16.2602      120.0000 -0.1544E-11  0.2641E-03  0.2305E-02  0.6779E-02  0.5121E-02  0.6666E-02  0.1358E-01  0.2100E-01  0.2829E-01  0.3542E-01  0.4189E-01  0.4870E-01  0.5652E-01  0.6583E-01  0.7697E-01  0.9006E-01  0.1024E+00  0.1116E+00  0.1226E+00  0.1342E+00  0.1480E+00  0.1637E+00  0.1763E+00  0.1805E+00  0.1498E+00  0.1064E+00
     16.3957      130.0000 -0.1530E-11  0.2642E-03  0.2306E-02  0.6780E-02  0.5122E-02  0.6667E-02  0.1358E-01  0.2100E-01  0.2829E-01  0.3542E-01  0.4189E-01  0.4870E-01  0.5652E-01  0.6583E-01  0.7697E-01  0.9006E-01  0.1024E+00  0.1116E+00  0.1226E+00  0.1342E+00  0.1480E+00  0.1637E+00  0.1763E+00  0.1805E+00  0.1498E+00  0.1064E+00
     16.5312      140.0000 -0.1510E-11  0.2642E-03  0.2306E-02  0.6782E-02  0.5123E-02  0.6667E-02  0.1358E-01  0.2100E-01  0.2829E-01  0.3542E-01  0.4189E-01  0.4870E-01  0.5652E-01  0.6583E-01  0.7697E-01  0.9006E-01  0.1024E+00  0.1116E+00  0.1226E+00  0.1342E+00  0.1480E+00  0.1637E+00  0.1763E+00  0.1805E+00  0.1498E+00  0.1064E+00
     16.6667      150.0000 -0.1490E-11  0.2643E-03  0.2306E-02  0.6783E-02  0.5124E-02  0.6668E-02  0.1358E-01  0.2100E-01  0.2829E-01  0.3542E-01  0.4189E-01  0.4870E-01  0.5652E-01  0.6583E-01  0.7697E-01  0.9006E-01  0.1024E+00  0.1116E+00  0.1226E+00  0.1342E+00  0.1480E+00  0.1637E+00  0.1763E+00  0.1805E+00  0.1498E+00  0.1064E+00
     16.8022      160.0000 -0.1470E-11  0.2643E-03  0.2307E-02  0.6784E-02  0.5125E-02  0.6668E-02  0.1358E-01  0.2100E-01  0.2829E-01  0.3542E-01  0.4189E-01  0.4870E-01  0.5652E-01  0.6583E-01  0.7697E-01  0.9006E-01  0.1024E+00  0.1116E+00  0.1226E+00  0.1342E+00  0.1480E+00  0.1637E+00  0.1763E+00  0.1805E+00  0.1498E+00  0.1064E+00
     16.9377      170.0000 -0.1449E-11  0.2644E-03  0.2307E-02  0.6786E-02  0.5126E-02  0.6668E-02  0.1358E-01  0.2100E-01  0.2829E-01  0.3542E-01  0.4189E-01  0.4870E-01  0.5652E-01  0.6583E-01  0.7697E-01  0.9006E-01  0.1024E+00  0.1116E+00  0.1226E+00  0.1342E+00  0.1480E+00  0.1637E+00  0.1763E+00  0.1805E+00  0.1498E+00  0.1064E+00
     17.0732      180.0000 -0.1429E-11  0.2644E-03  0.2307E-02  0.6787E-02  0.5127E-02  0.6669E-02  0.1358E-01  0.2100E-01  0.2829E-01  0.3542E-01  0.4189E-01  0.4870E-01  0.5652E-01  0.6583E-01  0.7697E-01  0.9006E-01  0.1024E+00  0.1116E+00  0.1226E+00  0.1342E+00  0.1480E+00  0.1637E+00  0.1763E+00  0.1805E+00  0.1498E+00  0.1064E+00
     17.2087      190.0000 -0.1408E-11  0.2645E-03  0.2308E-02  0.6788E-02  0.5128E-02  0.6669E-02  0.1358E-01  0.2100E-01  0.2829E-01  0.3542E-01  0.4189E-01  0.4870E-01  0.5652E-01  0.6583E-01  0.7697E-01  0.9006E-01  0.1024E+00  0.1116E+00  0.1226E+00  0.1341E+00  0.1480E+00  0.1637E+00  0.1763E+00  0.1805E+00  0.1498E+00  0.1064E+00
     17.3442      200.0000 -0.1388E-11  0.2645E-03  0.2308E-02  0.6790E-02  0.5129E-02  0.6669E-02  0.1358E-01  0.2100E-01  0.2829E-01  0.3542E-01  0.4189E-01  0.4870E-01  0.5652E-01  0.6583E-01  0.7697E-01  0.9006E-01  0.1024E+00  0.1116E+00  0.1226E+00  0.1341E+00  0.1480E+00  0.1637E+00  0.1763E+00  0.1805E+00  0.1498E+00  0.1064E+00
     17.4797      210.0000 -0.1367E-11  0.2645E-03  0.2308E-02  0.6791E-02  0.5130E-02  0.6670E-02  0.1358E-01  0.2099E-01  0.2829E-01  0.3542E-01  0.4189E-01  0.4870E-01  0.5652E-01  0.6583E-01  0.7697E-01  0.9006E-01  0.1024E+00  0.1116E+00  0.1226E+00  0.1341E+00  0.1480E+00  0.1637E+00  0.1763E+00  0.1805E+00  0.1498E+00  0.1064E+00
     17.6152      220.0000 -0.1347E-11  0.2646E-03  0.2309E-02  0.6792E-02  0.5131E-02  0.6670E-02  0.1358E-01  0.2099E-01  0.2829E-01  0.3542E-01  0.4189E-01  0.4870E-01  0.5652E-01  0.6583E-01  0.7697E-01  0.9006E-01  0.1024E+00  0.1116E+00  0.1226E+00  0.1341E+00  0.1480E+00  0.1637E+00  0.1763E+00  0.1805E+00  0.1498E+00  0.1064E+00
     17.7507      230.0000 -0.1326E-11  0.2646E-03  0.2309E-02  0.6793E-02  0.5132E-02  0.6670E-02  0.1358E-01  0.2099E-01  0.2829E-01  0.3542E-01  0.4189E-01  0.4870E-01  0.5652E-01  0.6583E-01  0.7697E-01  0.9006E-01  0.1024E+00  0.1116E+00  0.1226E+00  0.1341E+00  0.1480E+00  0.1637E+00  0.1763E+00  0.1805E+00  0.1498E+00  0.1064E+00
     17.8862      240.0000 -0.1305E-11  0.2647E-03  0.2309E-02  0.6794E-02  0.5133E-02  0.6671E-02  0.1358E-01  0.2099E-01  0.2829E-01  0.3542E-01  0.4189E-01  0.4870E-01  0.5652E-01  0.6583E-01  0.7697E-01  0.9006E-01  0.1024E+00  0.1116E+00  0.1226E+00  0.1341E+00  0.1480E+00  0.1637E+00  0.1763E+00  0.1805E+00  0.1498E+00  0.1064E+00
     18.0217      250.0000 -0.1285E-11  0.2647E-03  0.2310E-02  0.6795E-02  0.5134E-02  0.6671E-02  0.1358E-01  0.2099E-01  0.2829E-01  0.3542E-01  0.4189E-01  0.4870E-01  0.5652E-01  0.6583E-01  0.7697E-01  0.9006E-01  0.1024E+00  0.1116E+00  0.1226E+00  0.1341E+00  0.1480E+00  0.1637E+00  0.1763E+00  0.1805E+00  0.1498E+00  0.1064E+00
     18.1572      260.0000 -0.1264E-11  0.2648E-03  0.2310E-02  0.6797E-02  0.5134E-02  0.6671E-02  0.1358E-01  0.2099E-01  0.2829E-01  0.3542E-01  0.4189E-01  0.4870E-01  0.5652E-01  0.6583E-01  0.7697E-01  0.9006E-01  0.1024E+00  0.1116E+00  0.1226E+00  0.1341E+00  0.1480E+00  0.1637E+00  0.1763E+00  0.1805E+00  0.1498E+00  0.1064E+00
     18.2927      270.0000 -0.1244E-11  0.2648E-03  0.2310E-02  0.6798E-02  0.5135E-02  0.6671E-02  0.1358E-01  0.2099E-01  0.2829E-01  0.3542E-01  0.4189E-01  0.4870E-01  0.5652E-01  0.6583E-01  0.7697E-01  0.9006E-01  0.1024E+00  0.1116E+00  0.1226E+00  0.1341E+00  0.1480E+00  0.1637E+00  0.1763E+00  0.1805E+00  0.1498E+00  0.1064E+00
     18.4282      280.0000 -0.1223E-11  0.2649E-03  0.2311E-02  0.6799E-02  0.5136E-02  0.6672E-02  0.1358E-01  0.2099E-01  0.2829E-01  0.3542E-01  0.4189E-01  0.4870E-01  0.5652E-01  0.6583E-01  0.7697E-01  0.9006E-01  0.1024E+00  0.1116E+00  0.1226E+00  0.1341E+00  0.1480E+00  0.1637E+00  0.1763E+00  0.1805E+00  0.1498E+00  0.1064E+00
     18.5637      290.0000 -0.1205E-11  0.2649E-03  0.2311E-02  0.6800E-02  0.5137E-02  0.6672E-02  0.1358E-01  0.2099E-01  0.2829E-01  0.3542E-01  0.4189E-01  0.4870E-01  0.5652E-01  0.6583E-01  0.7697E-01  0.9006E-01  0.1024E+00  0.1116E+00  0.1226E+00  0.1341E+00  0.1480E+00  0.1637E+00  0.1763E+00  0.1805E+00  0.1498E+00  0.1064E+00
     18.6992      300.0000 -0.1186E-11  0.2649E-03  0.2311E-02  0.6801E-02  0.5138E-02  0.6672E-02  0.1358E-01  0.2099E-01  0.2829E-01  0.3542E-01  0.4189E-01  0.4870E-01  0.5652E-01  0.6583E-01  0.7697E-01  0.9006E-01  0.1024E+00  0.1116E+00  0.1226E+00  0.1341E+00  0.1480E+00  0.1637E+00  0.1763E+00  0.1805E+00  0.1498E+00  0.1064E+00
     18.8347      310.0000 -0.1167E-11  0.2650E-03  0.2311E-02  0.6802E-02  0.5138E-02  0.6673E-02  0.1358E-01  0.2099E-01  0.2829E-01  0.3542E-01  0.4189E-01  0.4870E-01  0.5652E-01  0.6583E-01  0.7697E-01  0.9006E-01  0.1024E+00  0.1116E+00  0.1226E+00  0.1341E+00  0.1480E+00  0.1637E+00  0.1763E+00  0.1805E+00  0.1498E+00  0.1064E+00
     18.9702      320.0000 -0.1148E-11  0.2650E-03  0.2312E-02  0.6803E-02  0.5139E-02  0.6673E-02  0.1358E-01  0.2099E-01  0.2829E-01  0.3542E-01  0.4189E-01  0.4870E-01  0.5652E-01  0.6583E-01  0.7697E-01  0.9006E-01  0.1024E+00  0.1116E+00  0.1226E+00  0.1341E+00  0.1480E+00  0.1637E+00  0.1763E+00  0.1805E+00  0.1498E+00  0.1064E+00
     19.1057      330.0000 -0.1129E-11  0.2650E-03  0.2312E-02  0.6804E-02  0.5140E-02  0.6673E-02  0.1358E-01  0.2099E-01  0.2829E-01  0.3542E-01  0.4189E-01  0.4870E-01  0.5652E-01  0.6583E-01  0.7697E-01  0.9006E-01  0.1024E+00  0.1116E+00  0.1226E+00  0.1341E+00  0.1480E+00  0.1637E+00  0.1763E+00  0.1805E+00  0.1498E+00  0.1064E+00
     19.2412      340.0000 -0.1110E-11  0.2651E-03  0.2312E-02  0.6805E-02  0.5140E-02  0.6673E-02  0.1358E-01  0.2099E-01  0.2829E-01  0.3542E-01  0.4189E-01  0.4870E-01  0.5652E-01  0.6583E-01  0.7697E-01  0.9006E-01  0.1024E+00  0.1116E+00  0.1226E+00  0.1341E+00  0.1480E+00  0.1637E+00  0.1763E+00  0.1805E+00  0.1498E+00  0.1064E+00
     19.3767      350.0000 -0.1090E-11  0.2651E-03  0.2312E-02  0.6806E-02  0.5141E-02  0.6674E-02  0.1358E-01  0.2099E-01  0.2829E-01  0.3542E-01  0.4189E-01  0.4870E-01  0.5652E-01  0.6583E-01  0.7697E-01  0.9006E-01  0.1024E+00  0.1116E+00  0.1226E+00  0.1341E+00  0.1480E+00  0.1637E+00  0.1763E+00  0.1805E+00  0.1498E+00  0.1064E+00
     19.5122      360.0000 -0.1072E-11  0.2651E-03  0.2312E-02  0.6806E-02  0.5142E-02  0.6674E-02  0.1358E-01  0.2099E-01  0.2829E-01  0.3542E-01  0.4189E-01  0.4870E-01  0.5652E-01  0.6583E-01  0.7697E-01  0.9006E-01  0.1024E+00  0.1116E+00  0.1226E+00  0.1341E+00  0.1480E+00  0.1637E+00  0.1763E+00  0.1805E+00  0.1498E+00  0.1064E+00
     19.6477       10.0000 -0.1053E-11  0.2652E-03  0.2313E-02  0.6807E-02  0.5142E-02  0.6674E-02  0.1358E-01  0.2099E-01  0.2829E-01  0.3542E-01  0.4189E-01  0.4870E-01  0.5652E-01  0.6583E-01  0.7697E-01  0.9006E-01  0.1024E+00  0.1116E+00  0.1226E+00  0.1341E+00  0.1480E+00  0.1637E+00  0.1763E+00  0.1805E+00  0.1498E+00  0.1064E+00
     19.7832       20.0000 -0.1034E-11  0.2652E-03  0.2313E-02  0.6808E-02  0.5143E-02  0.6674E-02  0.1358E-01  0.2099E-01  0.2829E-01  0.3542E-01  0.4189E-01  0.4870E-01  0.5652E-01  0.6583E-01  0.7697E-01  0.9006E-01  0.1024E+00  0.1116E+00  0.1226E+00  0.1341E+00  0.1480E+00  0.1637E+00  0.1763E+00  0.1805E+00  0.1498E+00  0.1064E+00
     19.9187       30.0000 -0.1016E-11  0.2652E-03  0.2313E-02  0.6809E-02  0.5144E-02  0.6675E-02  0.1358E-01  0.2099E-01  0.2829E-01  0.3542E-01  0.4189E-01  0.4870E-01  0.5652E-01  0.6583E-01  0.7697E-01  0.9006E-01  0.1024E+00  0.1116E+00  0.1226E+00  0.1341E+00  0.1480E+00  0.1637E+00  0.1763E+00  0.1805E+00  0.1498E+00  0.1064E+00
     20.0542       40.0000 -0.9972E-12  0.2653E-03  0.2313E-02  0.6810E-02  0.5144E-02  0.6675E-02  0.1358E-01  0.2099E-01  0.2829E-01  0.3542E-01  0.4189E-01  0.4870E-01  0.5652E-01  0.6583E-01  0.7697E-01  0.9006E-01  0.1024E+00  0.1116E+00  0.1226E+00  0.1341E+00  0.1480E+00  0.1637E+00  0.1763E+00  0.1805E+00  0.1498E+00  0.1064E+00
     20.1897       50.0000 -0.9790E-12  0.2653E-03  0.2314E-02  0.6811E-02  0.5145E-02  0.6675E-02  0.1358E-01  0.2099E-01  0.2829E-01  0.3542E-01  0.4189E-01  0.4870E-01  0.5652E-01  0.6583E-01  0.7697E-01  0.9006E-01  0.1024E+00  0.1116E+00  0.1226E+00  0.1341E+00  0.1480E+00  0.1637E+00  0.1763E+00  0.1805E+00  0.1498E+00  0.1064E+00
     20.3252       60.0000 -0.9610E-12  0.2653E-03  0.2314E-02  0.6812E-02  0.5146E-02  0.6675E-02  0.1358E-01  0.2099E-01  0.2829E-01  0.3542E-01  0.4189E-01  0.4870E-01  0.5652E-01  0.6583E-01  0.7697E-01  0.9006E-01  0.1024E+00  0.1116E+00  0.1226E+00  0.1341E+00  0.1480E+00  0.1637E+00  0.1763E+00  0.1805E+00  0.1498E+00  0.1064E+00
     20.4607       70.0000 -0.9432E-12  0.2654E-03  0.2314E-02  0.6812E-02  0.5146E-02  0.6676E-02  0.1358E-01  0.2099E-01  0.2829E-01  0.3542E-01  0.4189E-01  0.4870E-01  0.5652E-01  0.6583E-01  0.7697E-01  0.9006E-01  0.1024E+00  0.1116E+00  0.1226E+00  0.1341E+00  0.1480E+00  0.1637E+00  0.1763E+00  0.1805E+00  0.1498E+00  0.1064E+00
     20.5962       80.0000 -0.9256E-12  0.2654E-03  0.2314E-02  0.6813E-02  0.5147E-02  0.6676E-02  0.1358E-01  0.2099E-01  0.2829E-01  0.3542E-01  0.4189E-01  0.4870E-01  0.5652E-01  0.6583E-01  0.7697E-01  0.9006E-01  0.1024E+00  0.1116E+00  0.1226E+00  0.1341E+00  0.1480E+00  0.1637E+00  0.1763E+00  0.1805E+00  0.1498E+00  0.1064E+00
     20.7317       90.0000 -0.9083E-12  0.2654E-03  0.2314E-02  0.6814E-02  0.5147E-02  0.6676E-02  0.1358E-01  0.2099E-01  0.2829E-01  0.3542E-01  0.4189E-01  0.4870E-01  0.5652E-01  0.6583E-01  0.7697E-01  0.9006E-01  0.1024E+00  0.1116E+00  0.1226E+00  0.1341E+00  0.1480E+00  0.1637E+00  0.1763E+00  0.1805E+00  0.1498E+00  0.1064E+00
     20.8672      100.0000 -0.8911E-12  0.2655E-03  0.2315E-02  0.6815E-02  0.5148E-02  0.6676E-02  0.1358E-01  0.2099E-01  0.2829E-01  0.3542E-01  0.4189E-01  0.4870E-01  0.5652E-01  0.6583E-01  0.7697E-01  0.9006E-01  0.1024E+00  0.1116E+00  0.1226E+00  0.1341E+00  0.1480E+00  0.1637E+00  0.1763E+00  0.1805E+00  0.1498E+00  0.1064E+00
     21.0027      110.0000 -0.8743E-12  0.2655E-03  0.2315E-02  0.6815E-02  0.5148E-02  0.6676E-02  0.1358E-01  0.2099E-01  0.2829E-01  0.3542E-01  0.4189E-01  0.4870E-01  0.5652E-01  0.6583E-01  0.7697E-01  0.9006E-01  0.1024E+00  0.1116E+00  0.1226E+00  0.1341E+00  0.1480E+00  0.1637E+00  0.1763E+00  0.1805E+00  0.1498E+00  0.1064E+00
     21.1382      120.0000 -0.8576E-12  0.2655E-03  0.2315E-02  0.6816E-02  0.5149E-02  0.6677E-02  0.1358E-01  0.2099E-01  0.2829E-01  0.3542E-01  0.4189E-01  0.4870E-01  0.5652E-01  0.6583E-01  0.7697E-01  0.9006E-01  0.1024E+00  0.1116E+00  0.1226E+00  0.1341E+00  0.1480E+00  0.1637E+00  0.1763E+00  0.1805E+00  0.1498E+00  0.1064E+00
     21.2737      130.0000 -0.8412E-12  0.2655E-03  0.2315E-02  0.6817E-02  0.5149E-02  0.6677E-02  0.1358E-01  0.2099E-01  0.2829E-01  0.3542E-01  0.4189E-01  0.4870E-01  0.5652E-01  0.6583E-01  0.7697E-01  0.9006E-01  0.1024E+00  0.1116E+00  0.1226E+00  0.1341E+00  0.1480E+00  0.1637E+00  0.1763E+00  0.1805E+00  0.1498E+00  0.1064E+00
     21.4092      140.0000 -0.8251E-12  0.2656E-03  0.2315E-02  0.6818E-02  0.5150E-02  0.6677E-02  0.1358E-01  0.2099E-01  0.2829E-01  0.3542E-01  0.4189E-01  0.4870E-01  0.5652E-01  0.6583E-01  0.7697E-01  0.9006E-01  0.1024E+00  0.1116E+00  0.1226E+00  0.1341E+00  0.1480E+00  0.1637E+00  0.1763E+00  0.1805E+00  0.1498E+00  0.1064E+00
     21.5447      150.0000 -0.8088E-12  0.2656E-03  0.2316E-02  0.6818E-02  0.5150E-02  0.6677E-02  0.1358E-01  0.2099E-01  0.2829E-01  0.3542E-01  0.4189E-01  0.4870E-01  0.5652E-01  0.6583E-01  0.7697E-01  0.9006E-01  0.1024E+00  0.1116E+00  0.1226E+00  0.1341E+00  0.1480E+00  0.1637E+00  0.1763E+00  0.1805E+00  0.1498E+00  0.1064E+00
     21.6802      160.0000 -0.7929E-12  0.2656E-03  0.2316E-02  0.6819E-02  0.5151E-02  0.6677E-02  0.1358E-01  0.2099E-01  0.2829E-01  0.3542E-01  0.4189E-01  0.4870E-01  0.5652E-01  0.6583E-01  0.7697E-01  0.9006E-01  0.1024E+00  0.1116E+00  0.1226E+00  0.1341E+00  0.1480E+00  0.1637E+00  0.1763E+00  0.1805E+00  0.1498E+00  0.1064E+00
     21.8157      170.0000 -0.7773E-12  0.2656E-03  0.2316E-02  0.6820E-02  0.5151E-02  0.6678E-02  0.1358E-01  0.2099E-01  0.2829E-01  0.3542E-01  0.4189E-01  0.4870E-01  0.5652E-01  0.6583E-01  0.7697E-01  0.9006E-01  0.1024E+00  0.1116E+00  0.1226E+00  0.1341E+00  0.1480E+00  0.1637E+00  0.1763E+00  0.1805E+00  0.1498E+00  0.1064E+00
     21.9512      180.0000 -0.7620E-12  0.2657E-03  0.2316E-02  0.6820E-02  0.5152E-02  0.6678E-02  0.1358E-01  0.2099E-01  0.2829E-01  0.3542E-01  0.4189E-01  0.4870E-01  0.5652E-01  0.6583E-01  0.7697E-01  0.9006E-01  0.1024E+00  0.1116E+00  0.1226E+00  0.1341E+00  0.1480E+00  0.1637E+00  0.1763E+00  0.1805E+00  0.1498E+00  0.1064E+00
     22.0867      190.0000 -0.7470E-12  0.2657E-03  0.2316E-02  0.6821E-02  0.5152E-02  0.6678E-02  0.1358E-01  0.2099E-01  0.2829E-01  0.3542E-01  0.4189E-01  0.4870E-01  0.5652E-01  0.6583E-01  0.7697E-01  0.9006E-01  0.1024E+00  0.1116E+00  0.1226E+00  0.1341E+00  0.1480E+00  0.1637E+00  0.1763E+00  0.1805E+00  0.1498E+00  0.1064E+00
     22.2222      200.0000 -0.7322E-12  0.2657E-03  0.2316E-02  0.6821E-02  0.5153E-02  0.6678E-02  0.1357E-01  0.2099E-01  0.2829E-01  0.3542E-01  0.4189E-01  0.4870E-01  0.5652E-01  0.6583E-01  0.7697E-01  0.9006E-01  0.1024E+00  0.1116E+00  0.1226E+00  0.1341E+00  0.1480E+00  0.1637E+00  0.1763E+00  0.1805E+00  0.1498E+00  0.1064E+00
     22.3577      210.0000 -0.7177E-12  0.2657E-03  0.2317E-02  0.6822E-02  0.5153E-02  0.6678E-02  0.1357E-01  0.2099E-01  0.2829E-01  0.3542E-01  0.4189E-01  0.4870E-01  0.5652E-01  0.6583E-01  0.7697E-01  0.9006E-01  0.1024E+00  0.1116E+00  0.1226E+00  0.1341E+00  0.1480E+00  0.1637E+00  0.1763E+00  0.1805E+00  0.1498E+00  0.1064E+00
     22.4932      220.0000 -0.7035E-12  0.2658E-03  0.2317E-02  0.6823E-02  0.5154E-02  0.6679E-02  0.1357E-01  0.2099E-01  0.2829E-01  0.3542E-01  0.4189E-01  0.4870E-01  0.5652E-01  0.6583E-01  0.7697E-01  0.9006E-01  0.1024E+00  0.1116E+00  0.1226E+00  0.1341E+00  0.1480E+00  0.1637E+00  0.1763E+00  0.1805E+00  0.1498E+00  0.1064E+00
     22.6287      230.0000 -0.6896E-12  0.2658E-03  0.2317E-02  0.6823E-02  0.5154E-02  0.6679E-02  0.1357E-01  0.2099E-01  0.2829E-01  0.3542E-01  0.4189E-01  0.4870E-01  0.5652E-01  0.6583E-01  0.7697E-01  0.9006E-01  0.1024E+00  0.1116E+00  0.1226E+00  0.1341E+00  0.1480E+00  0.1637E+00  0.1763E+00  0.1805E+00  0.1498E+00  0.1064E+00
     22.7642      240.0000 -0.6759E-12  0.2658E-03  0.2317E-02  0.6824E-02  0.5154E-02  0.6679E-02  0.1357E-01  0.2099E-01  0.2829E-01  0.3542E-01  0.4189E-01  0.4870E-01  0.5652E-01  0.6583E-01  0.7697E-01  0.9006E-01  0.1024E+00  0.1116E+00  0.1226E+00  0.1341E+00  0.1480E+00  0.1637E+00  0.1763E+00  0.1805E+00  0.1498E+00  0.1064E+00
     22.8997      250.0000 -0.6625E-12  0.2658E-03  0.2317E-02  0.6824E-02  0.5155E-02  0.6679E-02  0.1357E-01  0.2099E-01  0.2829E-01  0.3542E-01  0.4189E-01  0.4870E-01  0.5652E-01  0.6583E-01  0.7697E-01  0.9006E-01  0.1024E+00  0.1116E+00  0.1226E+00  0.1341E+00  0.1480E+00  0.1637E+00  0.1763E+00  0.1805E+00  0.1498E+00  0.1064E+00
     23.0352      260.0000 -0.6494E-12  0.2659E-03  0.2317E-02  0.6825E-02  0.5155E-02  0.6679E-02  0.1357E-01  0.2099E-01  0.2829E-01  0.3542E-01  0.4189E-01  0.4870E-01  0.5652E-01  0.6583E-01  0.7697E-01  0.9006E-01  0.1024E+00  0.1116E+00  0.1226E+00  0.1341E+00  0.1480E+00  0.1637E+00  0.1763E+00  0.1805E+00  0.1498E+00  0.1064E+00
     23.1707      270.0000 -0.6364E-12  0.2659E-03  0.2317E-02  0.6825E-02  0.5156E-02  0.6679E-02  0.1357E-01  0.2099E-01  0.2829E-01  0.3542E-01  0.4189E-01  0.4870E-01  0.5652E-01  0.6583E-01  0.7697E-01  0.9006E-01  0.1024E+00  0.1116E+00  0.1226E+00  0.1341E+00  0.1480E+00  0.1637E+00  0.1763E+00  0.1805E+00  0.1498E+00  0.1064E+00
     23.3062      280.0000 -0.6238E-12  0.2659E-03  0.2318E-02  0.6826E-02  0.5156E-02  0.6680E-02  0.1357E-01  0.2099E-01  0.2829E-01  0.3542E-01  0.4189E-01  0.4870E-01  0.5652E-01  0.6583E-01  0.7697E-01  0.9006E-01  0.1024E+00  0.1116E+00  0.1226E+00  0.1341E+00  0.1480E+00  0.1637E+00  0.1763E+00  0.1805E+00  0.1498E+00  0.1064E+00
     23.4417      290.0000 -0.6113E-12  0.2659E-03  0.2318E-02  0.6826E-02  0.5156E-02  0.6680E-02  0.1357E-01  0.2099E-01  0.2829E-01  0.3542E-01  0.4189E-01  0.4870E-01  0.5652E-01  0.6583E-01  0.7697E-01  0.9006E-01  0.1024E+00  0.1116E+00  0.1226E+00  0.1341E+00  0.1480E+00  0.1637E+00  0.1763E+00  0.1805E+00  0.1498E+00  0.1064E+00
     23.5772      300.0000 -0.5992E-12  0.2659E-03  0.2318E-02  0.6827E-02  0.5157E-02  0.6680E-02  0.1357E-01  0.2099E-01  0.2829E-01  0.3542E-01  0.4189E-01  0.4870E-01  0.5652E-01  0.6583E-01  0.7697E-01  0.9006E-01  0.1024E+00  0.1116E+00  0.1226E+00  0.1341E+00  0.1480E+00  0.1637E+00  0.1763E+00  0.1805E+00  0.1498E+00  0.1064E+00
     23.7127      310.0000 -0.5874E-12  0.2659E-03  0.2318E-02  0.6827E-02  0.5157E-02  0.6680E-02  0.1357E-01  0.2099E-01  0.2829E-01  0.3542E-01  0.4189E-01  0.4870E-01  0.5652E-01  0.6583E-01  0.7697E-01  0.9006E-01  0.1024E+00  0.1116E+00  0.1226E+00  0.1341E+00  0.1480E+00  0.1637E+00  0.1763E+00  0.1805E+00  0.1498E+00  0.1064E+00
     23.8482      320.0000 -0.5757E-12  0.2660E-03  0.2318E-02  0.6828E-02  0.5157E-02  0.6680E-02  0.1357E-01  0.2099E-01  0.2829E-01  0.3542E-01  0.4189E-01  0.4870E-01  0.5652E-01  0.6583E-01  0.7697E-01  0.9006E-01  0.1024E+00  0.1116E+00  0.1226E+00  0.1341E+00  0.1480E+00  0.1637E+00  0.1763E+00  0.1805E+00  0.1498E+00  0.1064E+00
     23.9837      330.0000 -0.5642E-12  0.2660E-03  0.2318E-02  0.6828E-02  0.5158E-02  0.6680E-02  0.1357E-01  0.2099E-01  0.2829E-01  0.3542E-01  0.4189E-01  0.4870E-01  0.5652E-01  0.6583E-01  0.7697E-01  0.9006E-01  0.1024E+00  0.1116E+00  0.1226E+00  0.1341E+00  0.1480E+00  0.1637E+00  0.1763E+00  0.1805E+00  0.1498E+00  0.1064E+00
     24.1192      340.0000 -0.5530E-12  0.2660E-03  0.2318E-02  0.6829E-02  0.5158E-02  0.6680E-02  0.1357E-01  0.2099E-01  0.2829E-01  0.3542E-01  0.4189E-01  0.4870E-01  0.5652E-01  0.6583E-01  0.7697E-01  0.9006E-01  0.1024E+00  0.1116E+00  0.1226E+00  0.1341E+00  0.1480E+00  0.1637E+00  0.1763E+00  0.1805E+00  0.1498E+00  0.1064E+00
     24.2547      350.0000 -0.5419E-12  0.2660E-03  0.2318E-02  0.6829E-02  0.5158E-02  0.6681E-02  0.1357E-01  0.2099E-01  0.2829E-01  0.3542E-01  0.4189E-01  0.4870E-01  0.5652E-01  0.6583E-01  0.7697E-01  0.9006E-01  0.1024E+00  0.1116E+00  0.1226E+00  0.1341E+00  0.1480E+00  0.1637E+00  0.1763E+00  0.1805E+00  0.1498E+00  0.1064E+00
     24.3902      360.0000 -0.5311E-12  0.2660E-03  0.2318E-02  0.6830E-02  0.5159E-02  0.6681E-02  0.1357E-01  0.2099E-01  0.2829E-01  0.3542E-01  0.4189E-01  0.4870E-01  0.5652E-01  0.6583E-01  0.7697E-01  0.9006E-01  0.1024E+00  0.1116E+00  0.1226E+00  0.1341E+00  0.1480E+00  0.1637E+00  0.1763E+00  0.1805E+00  0.1498E+00  0.1064E+00
     24.5257       10.0000 -0.5204E-12  0.2661E-03  0.2319E-02  0.6830E-02  0.5159E-02  0.6681E-02  0.1357E-01  0.2099E-01  0.2829E-01  0.3542E-01  0.4189E-01  0.4870E-01  0.5652E-01  0.6583E-01  0.7697E-01  0.9006E-01  0.1024E+00  0.1116E+00  0.1226E+00  0.1341E+00  0.1480E+00  0.1637E+00  0.1763E+00  0.1805E+00  0.1498E+00  0.1064E+00
     24.6612       20.0000 -0.5100E-12  0.2661E-03  0.2319E-02  0.6831E-02  0.5159E-02  0.6681E-02  0.1357E-01  0.2099E-01  0.2829E-01  0.3542E-01  0.4189E-01  0.4870E-01  0.5652E-01  0.6583E-01  0.7697E-01  0.9006E-01  0.1024E+00  0.1116E+00  0.1226E+00  0.1341E+00  0.1480E+00  0.1637E+00  0.1763E+00  0.1805E+00  0.1498E+00  0.1064E+00
     24.7967       30.0000 -0.4998E-12  0.2661E-03  0.2319E-02  0.6831E-02  0.5160E-02  0.6681E-02  0.1357E-01  0.2099E-01  0.2829E-01  0.3542E-01  0.4189E-01  0.4870E-01  0.5652E-01  0.6583E-01  0.7697E-01  0.9006E-01  0.1024E+00  0.1116E+00  0.1226E+00  0.1341E+00  0.1480E+00  0.1637E+00  0.1763E+00  0.1805E+00  0.1498E+00  0.1064E+00
     24.9322       40.0000 -0.4897E-12  0.2661E-03  0.2319E-02  0.6832E-02  0.5160E-02  0.6681E-02  0.1357E-01  0.2099E-01  0.2829E-01  0.3542E-01  0.4189E-01  0.4870E-01  0.5652E-01  0.6583E-01  0.7697E-01  0.9006E-01  0.1024E+00  0.1116E+00  0.1226E+00  0.1341E+00  0.1480E+00  0.1637E+00  0.1763E+00  0.1805E+00  0.1498E+00  0.1064E+00
     25.0678       50.0000 -0.4799E-12  0.2661E-03  0.2319E-02  0.6832E-02  0.5160E-02  0.6681E-02  0.1357E-01  0.2099E-01  0.2829E-01  0.3542E-01  0.4189E-01  0.4870E-01  0.5652E-01  0.6583E-01  0.7697E-01  0.9006E-01  0.1024E+00  0.1116E+00  0.1226E+00  0.1341E+00  0.1480E+00  0.1637E+00  0.1763E+00  0.1805E+00  0.1498E+00  0.1064E+00
     25.2033       60.0000 -0.4702E-12  0.2661E-03  0.2319E-02  0.6832E-02  0.5161E-02  0.6681E-02  0.1357E-01  0.2099E-01  0.2829E-01  0.3542E-01  0.4189E-01  0.4870E-01  0.5652E-01  0.6583E-01  0.7697E-01  0.9006E-01  0.1024E+00  0.1116E+00  0.1226E+00  0.1341E+00  0.1480E+00  0.1637E+00  0.1763E+00  0.1805E+00  0.1498E+00  0.1064E+00
     25.3388       70.0000 -0.4607E-12  0.2661E-03  0.2319E-02  0.6833E-02  0.5161E-02  0.6682E-02  0.1357E-01  0.2099E-01  0.2829E-01  0.3542E-01  0.4189E-01  0.4870E-01  0.5652E-01  0.6583E-01  0.7697E-01  0.9006E-01  0.1024E+00  0.1116E+00  0.1226E+00  0.1341E+00  0.1480E+00  0.1637E+00  0.1763E+00  0.1805E+00  0.1498E+00  0.1064E+00
     25.4743       80.0000 -0.4514E-12  0.2662E-03  0.2319E-02  0.6833E-02  0.5161E-02  0.6682E-02  0.1357E-01  0.2099E-01  0.2829E-01  0.3542E-01  0.4189E-01  0.4870E-01  0.5652E-01  0.6583E-01  0.7697E-01  0.9006E-01  0.1024E+00  0.1116E+00  0.1226E+00  0.1341E+00  0.1480E+00  0.1637E+00  0.1763E+00  0.1805E+00  0.1498E+00  0.1064E+00
     25.6098       90.0000 -0.4423E-12  0.2662E-03  0.2319E-02  0.6834E-02  0.5161E-02  0.6682E-02  0.1357E-01  0.2099E-01  0.2829E-01  0.3542E-01  0.4189E-01  0.4870E-01  0.5652E-01  0.6583E-01  0.7697E-01  0.9006E-01  0.1024E+00  0.1116E+00  0.1226E+00  0.1341E+00  0.1480E+00  0.1637E+00  0.1763E+00  0.1805E+00  0.1498E+00  0.1064E+00
     25.7453      100.0000 -0.4333E-12  0.2662E-03  0.2320E-02  0.6834E-02  0.5162E-02  0.6682E-02  0.1357E-01  0.2099E-01  0.2829E-01  0.3542E-01  0.4189E-01  0.4870E-01  0.5652E-01  0.6583E-01  0.7697E-01  0.9006E-01  0.1024E+00  0.1116E+00  0.1226E+00  0.1341E+00  0.1480E+00  0.1637E+00  0.1763E+00  0.1805E+00  0.1498E+00  0.1064E+00
     25.8808      110.0000 -0.4246E-12  0.2662E-03  0.2320E-02  0.6834E-02  0.5162E-02  0.6682E-02  0.1357E-01  0.2099E-01  0.2829E-01  0.3542E-01  0.4189E-01  0.4870E-01  0.5652E-01  0.6583E-01  0.7697E-01  0.9006E-01  0.1024E+00  0.1116E+00  0.1226E+00  0.1341E+00  0.1480E+00  0.1637E+00  0.1763E+00  0.1805E+00  0.1498E+00  0.1064E+00
     26.0163      120.0000 -0.4160E-12  0.2662E-03  0.2320E-02  0.6835E-02  0.5162E-02  0.6682E-02  0.1357E-01  0.2099E-01  0.2829E-01  0.3542E-01  0.4189E-01  0.4870E-01  0.5652E-01  0.6583E-01  0.7697E-01  0.9006E-01  0.1024E+00  0.1116E+00  0.1226E+00  0.1341E+00  0.1480E+00  0.1637E+00  0.1763E+00  0.1805E+00  0.1498E+00  0.1064E+00
     26.1518      130.0000 -0.4075E-12  0.2662E-03  0.2320E-02  0.6835E-02  0.5162E-02  0.6682E-02  0.1357E-01  0.2099E-01  0.2829E-01  0.3542E-01  0.4189E-01  0.4870E-01  0.5652E-01  0.6583E-01  0.7697E-01  0.9006E-01  0.1024E+00  0.1116E+00  0.1226E+00  0.1341E+00  0.1480E+00  0.1637E+00  0.1763E+00  0.1805E+00  0.1498E+00  0.1064E+00
     26.2873      140.0000 -0.3993E-12  0.2662E-03  0.2320E-02  0.6835E-02  0.5163E-02  0.6682E-02  0.1357E-01  0.2099E-01  0.2829E-01  0.3542E-01  0.4189E-01  0.4870E-01  0.5652E-01  0.6583E-01  0.7697E-01  0.9006E-01  0.1024E+00  0.1116E+00  0.1226E+00  0.1341E+00  0.1480E+00  0.1637E+00  0.1763E+00  0.1805E+00  0.1498E+00  0.1064E+00
     26.4228      150.0000 -0.3911E-12  0.2663E-03  0.2320E-02  0.6836E-02  0.5163E-02  0.6683E-02  0.1357E-01  0.2099E-01  0.2829E-01  0.3542E-01  0.4189E-01  0.4870E-01  0.5652E-01  0.6583E-01  0.7697E-01  0.9006E-01  0.1024E+00  0.1116E+00  0.1226E+00  0.1341E+00  0.1480E+00  0.1637E+00  0.1763E+00  0.1805E+00  0.1498E+00  0.1064E+00
     26.5583      160.0000 -0.3832E-12  0.2663E-03  0.2320E-02  0.6836E-02  0.5163E-02  0.6683E-02  0.1357E-01  0.2099E-01  0.2829E-01  0.3542E-01  0.4189E-01  0.4870E-01  0.5652E-01  0.6583E-01  0.7697E-01  0.9006E-01  0.1024E+00  0.1116E+00  0.1226E+00  0.1341E+00  0.1480E+00  0.1637E+00  0.1763E+00  0.1805E+00  0.1498E+00  0.1064E+00
     26.6938      170.0000 -0.3754E-12  0.2663E-03  0.2320E-02  0.6836E-02  0.5163E-02  0.6683E-02  0.1357E-01  0.2099E-01  0.2829E-01  0.3542E-01  0.4189E-01  0.4870E-01  0.5652E-01  0.6583E-01  0.7697E-01  0.9006E-01  0.1024E+00  0.1116E+00  0.1226E+00  0.1341E+00  0.1480E+00  0.1637E+00  0.1763E+00  0.1805E+00  0.1498E+00  0.1064E+00
     26.8293      180.0000 -0.3677E-12  0.2663E-03  0.2320E-02  0.6837E-02  0.5164E-02  0.6683E-02  0.1357E-01  0.2099E-01  0.2829E-01  0.3542E-01  0.4189E-01  0.4870E-01  0.5652E-01  0.6583E-01  0.7697E-01  0.9006E-01  0.1024E+00  0.1116E+00  0.1226E+00  0.1341E+00  0.1480E+00  0.1637E+00  0.1763E+00  0.1805E+00  0.1498E+00  0.1064E+00
     26.9648      190.0000 -0.3603E-12  0.2663E-03  0.2320E-02  0.6837E-02  0.5164E-02  0.6683E-02  0.1357E-01  0.2099E-01  0.2829E-01  0.3542E-01  0.4189E-01  0.4870E-01  0.5652E-01  0.6583E-01  0.7697E-01  0.9006E-01  0.1024E+00  0.1116E+00  0.1226E+00  0.1341E+00  0.1480E+00  0.1637E+00  0.1763E+00  0.1805E+00  0.1498E+00  0.1064E+00
     27.1003      200.0000 -0.3529E-12  0.2663E-03  0.2320E-02  0.6837E-02  0.5164E-02  0.6683E-02  0.1357E-01  0.2099E-01  0.2829E-01  0.3542E-01  0.4189E-01  0.4870E-01  0.5652E-01  0.6583E-01  0.7697E-01  0.9006E-01  0.1024E+00  0.1116E+00  0.1226E+00  0.1341E+00  0.1480E+00  0.1637E+00  0.1763E+00  0.1805E+00  0.1498E+00  0.1064E+00
     27.2358      210.0000 -0.3457E-12  0.2663E-03  0.2320E-02  0.6838E-02  0.5164E-02  0.6683E-02  0.1357E-01  0.2099E-01  0.2829E-01  0.3542E-01  0.4189E-01  0.4870E-01  0.5652E-01  0.6583E-01  0.7697E-01  0.9006E-01  0.1024E+00  0.1116E+00  0.1226E+00  0.1341E+00  0.1480E+00  0.1637E+00  0.1763E+00  0.1805E+00  0.1498E+00  0.1064E+00
     27.3713      220.0000 -0.3387E-12  0.2663E-03  0.2321E-02  0.6838E-02  0.5164E-02  0.6683E-02  0.1357E-01  0.2099E-01  0.2829E-01  0.3542E-01  0.4189E-01  0.4870E-01  0.5652E-01  0.6583E-01  0.7697E-01  0.9006E-01  0.1024E+00  0.1116E+00  0.1226E+00  0.1341E+00  0.1480E+00  0.1637E+00  0.1763E+00  0.1805E+00  0.1498E+00  0.1064E+00
     27.5068      230.0000 -0.3318E-12  0.2663E-03  0.2321E-02  0.6838E-02  0.5165E-02  0.6683E-02  0.1357E-01  0.2099E-01  0.2829E-01  0.3542E-01  0.4189E-01  0.4870E-01  0.5652E-01  0.6583E-01  0.7697E-01  0.9006E-01  0.1024E+00  0.1116E+00  0.1226E+00  0.1341E+00  0.1480E+00  0.1637E+00  0.1763E+00  0.1805E+00  0.1498E+00  0.1064E+00
     27.6423      240.0000 -0.3250E-12  0.2664E-03  0.2321E-02  0.6838E-02  0.5165E-02  0.6683E-02  0.1357E-01  0.2099E-01  0.2829E-01  0.3542E-01  0.4189E-01  0.4870E-01  0.5652E-01  0.6583E-01  0.7697E-01  0.9006E-01  0.1024E+00  0.1116E+00  0.1226E+00  0.1341E+00  0.1480E+00  0.1637E+00  0.1763E+00  0.1805E+00  0.1498E+00  0.1064E+00
     27.7778      250.0000 -0.3184E-12  0.2664E-03  0.2321E-02  0.6839E-02  0.5165E-02  0.6683E-02  0.1357E-01  0.2099E-01  0.2829E-01  0.3542E-01  0.4189E-01  0.4870E-01  0.5652E-01  0.6583E-01  0.7697E-01  0.9006E-01  0.1024E+00  0.1116E+00  0.1226E+00  0.1341E+00  0.1480E+00  0.1637E+00  0.1763E+00  0.1805E+00  0.1498E+00  0.1064E+00
     27.9133      260.0000 -0.3119E-12  0.2664E-03  0.2321E-02  0.6839E-02  0.5165E-02  0.6684E-02  0.1357E-01  0.2099E-01  0.2829E-01  0.3542E-01  0.4189E-01  0.4870E-01  0.5652E-01  0.6583E-01  0.7697E-01  0.9006E-01  0.1024E+00  0.1116E+00  0.1226E+00  0.1341E+00  0.1480E+00  0.1637E+00  0.1763E+00  0.1805E+00  0.1498E+00  0.1064E+00
     28.0488      270.0000 -0.3056E-12  0.2664E-03  0.2321E-02  0.6839E-02  0.5165E-02  0.6684E-02  0.1357E-01  0.2099E-01  0.2829E-01  0.3542E-01  0.4189E-01  0.4870E-01  0.5652E-01  0.6583E-01  0.7697E-01  0.9006E-01  0.1024E+00  0.1116E+00  0.1226E+00  0.1341E+00  0.1480E+00  0.1637E+00  0.1763E+00  0.1805E+00  0.1498E+00  0.1064E+00
     28.1843      280.0000 -0.2993E-12  0.2664E-03  0.2321E-02  0.6840E-02  0.5166E-02  0.6684E-02  0.1357E-01  0.2099E-01  0.2829E-01  0.3542E-01  0.4189E-01  0.4870E-01  0.5652E-01  0.6583E-01  0.7697E-01  0.9006E-01  0.1024E+00  0.1116E+00  0.1226E+00  0.1341E+00  0.1480E+00  0.1637E+00  0.1763E+00  0.1805E+00  0.1498E+00  0.1064E+00
     28.3198      290.0000 -0.2932E-12  0.2664E-03  0.2321E-02  0.6840E-02  0.5166E-02  0.6684E-02  0.1357E-01  0.2099E-01  0.2829E-01  0.3542E-01  0.4189E-01  0.4870E-01  0.5652E-01  0.6583E-01  0.7697E-01  0.9006E-01  0.1024E+00  0.1116E+00  0.1226E+00  0.1341E+00  0.1480E+00  0.1637E+00  0.1763E+00  0.1805E+00  0.1498E+00  0.1064E+00
     28.4553      300.0000 -0.2873E-12  0.2664E-03  0.2321E-02  0.6840E-02  0.5166E-02  0.6684E-02  0.1357E-01  0.2099E-01  0.2829E-01  0.3542E-01  0.4189E-01  0.4870E-01  0.5652E-01  0.6583E-01  0.7697E-01  0.9006E-01  0.1024E+00  0.1116E+00  0.1226E+00  0.1341E+00  0.1480E+00  0.1637E+00  0.1763E+00  0.1805E+00  0.1498E+00  0.1064E+00
     28.5908      310.0000 -0.2814E-12  0.2664E-03  0.2321E-02  0.6840E-02  0.5166E-02  0.6684E-02  0.1357E-01  0.2099E-01  0.2829E-01  0.3542E-01  0.4189E-01  0.4870E-01  0.5652E-01  0.6583E-01  0.7697E-01  0.9006E-01  0.1024E+00  0.1116E+00  0.1226E+00  0.1341E+00  0.1480E+00  0.1637E+00  0.1763E+00  0.1805E+00  0.1498E+00  0.1064E+00
     28.7263      320.0000 -0.2757E-12  0.2664E-03  0.2321E-02  0.6841E-02  0.5166E-02  0.6684E-02  0.1357E-01  0.2099E-01  0.2829E-01  0.3542E-01  0.4189E-01  0.4870E-01  0.5652E-01  0.6583E-01  0.7697E-01  0.9006E-01  0.1024E+00  0.1116E+00  0.1226E+00  0.1341E+00  0.1480E+00  0.1637E+00  0.1763E+00  0.1805E+00  0.1498E+00  0.1064E+00
     28.8618      330.0000 -0.2701E-12  0.2664E-03  0.2321E-02  0.6841E-02  0.5167E-02  0.6684E-02  0.1357E-01  0.2099E-01  0.2829E-01  0.3542E-01  0.4189E-01  0.4870E-01  0.5652E-01  0.6583E-01  0.7697E-01  0.9006E-01  0.1024E+00  0.1116E+00  0.1226E+00  0.1341E+00  0.1480E+00  0.1637E+00  0.1763E+00  0.1805E+00  0.1498E+00  0.1064E+00
     28.9973      340.0000 -0.2646E-12  0.2664E-03  0.2321E-02  0.6841E-02  0.5167E-02  0.6684E-02  0.1357E-01  0.2099E-01  0.2829E-01  0.3542E-01  0.4189E-01  0.4870E-01  0.5652E-01  0.6583E-01  0.7697E-01  0.9006E-01  0.1024E+00  0.1116E+00  0.1226E+00  0.1341E+00  0.1480E+00  0.1637E+00  0.1763E+00  0.1805E+00  0.1498E+00  0.1064E+00
     29.1328      350.0000 -0.2592E-12  0.2665E-03  0.2321E-02  0.6841E-02  0.5167E-02  0.6684E-02  0.1357E-01  0.2099E-01  0.2829E-01  0.3542E-01  0.4189E-01  0.4870E-01  0.5652E-01  0.6583E-01  0.7697E-01  0.9006E-01  0.1024E+00  0.1116E+00  0.1226E+00  0.1341E+00  0.1480E+00  0.1637E+00  0.1763E+00  0.1805E+00  0.1498E+00  0.1064E+00
     29.2683      360.0000 -0.2539E-12  0.2665E-03  0.2321E-02  0.6842E-02  0.5167E-02  0.6684E-02  0.1357E-01  0.2099E-01  0.2829E-01  0.3542E-01  0.4189E-01  0.4870E-01  0.5652E-01  0.6583E-01  0.7697E-01  0.9006E-01  0.1024E+00  0.1116E+00  0.1226E+00  0.1341E+00  0.1480E+00  0.1637E+00  0.1763E+00  0.1805E+00  0.1498E+00  0.1064E+00
     29.4038       10.0000 -0.2487E-12  0.2665E-03  0.2322E-02  0.6842E-02  0.5167E-02  0.6684E-02  0.1357E-01  0.2099E-01  0.2829E-01  0.3542E-01  0.4189E-01  0.4870E-01  0.5652E-01  0.6583E-01  0.7697E-01  0.9006E-01  0.1024E+00  0.1116E+00  0.1226E+00  0.1341E+00  0.1480E+00  0.1637E+00  0.1763E+00  0.1805E+00  0.1498E+00  0.1064E+00
     29.5393       20.0000 -0.2436E-12  0.2665E-03  0.2322E-02  0.6842E-02  0.5167E-02  0.6685E-02  0.1357E-01  0.2099E-01  0.2829E-01  0.3542E-01  0.4189E-01  0.4870E-01  0.5652E-01  0.6583E-01  0.7697E-01  0.9006E-01  0.1024E+00  0.1116E+00  0.1226E+00  0.1341E+00  0.1480E+00  0.1637E+00  0.1763E+00  0.1805E+00  0.1498E+00  0.1064E+00
     29.6748       30.0000 -0.2386E-12  0.2665E-03  0.2322E-02  0.6842E-02  0.5167E-02  0.6685E-02  0.1357E-01  0.2099E-01  0.2829E-01  0.3542E-01  0.4189E-01  0.4870E-01  0.5652E-01  0.6583E-01  0.7697E-01  0.9006E-01  0.1024E+00  0.1116E+00  0.1226E+00  0.1341E+00  0.1480E+00  0.1637E+00  0.1763E+00  0.1805E+00  0.1498E+00  0.1064E+00
     29.8103       40.0000 -0.2338E-12  0.2665E-03  0.2322E-02  0.6842E-02  0.5168E-02  0.6685E-02  0.1357E-01  0.2099E-01  0.2829E-01  0.3542E-01  0.4189E-01  0.4870E-01  0.5652E-01  0.6583E-01  0.7697E-01  0.9006E-01  0.1024E+00  0.1116E+00  0.1226E+00  0.1341E+00  0.1480E+00  0.1637E+00  0.1763E+00  0.1805E+00  0.1498E+00  0.1064E+00
     29.9458       50.0000 -0.2290E-12  0.2665E-03  0.2322E-02  0.6843E-02  0.5168E-02  0.6685E-02  0.1357E-01  0.2099E-01  0.2829E-01  0.3542E-01  0.4189E-01  0.4870E-01  0.5652E-01  0.6583E-01  0.7697E-01  0.9006E-01  0.1024E+00  0.1116E+00  0.1226E+00  0.1341E+00  0.1480E+00  0.1637E+00  0.1763E+00  0.1805E+00  0.1498E+00  0.1064E+00
