Time history of radial distribution for BEM variable: RotChordy[rad/s] for blade 2
                          rCurvi[m] (curvilinear radial distance)
                                0.7893      2.3680      3.9467      5.5254      7.1040      8.6827     10.2614     11.8401     13.4188     14.9974     16.5761     18.1548     19.7335     21.3121     22.8908     24.4695     26.0482     27.6268     29.2055     30.7842     32.3629     33.9416     35.5202     37.0989     38.2829     39.0723
                          zB[m] (radial coordinate along blade axis)
     time[s]  azimuth[deg]      0.1833      1.7549      3.3294      4.9066      6.4848      8.0632      9.6423     11.2252     12.8089     14.3906     15.9682     17.5466     19.1253     20.7040     22.2825     23.8605     25.4378     27.0144     28.5901     30.1649     31.7388     33.3118     34.8842     36.4562     37.6335     38.4193
      0.0000      240.0000  0.1824E-01  0.1140E+00  0.1439E+00  0.1658E+00  0.1870E+00  0.2081E+00  0.2273E+00  0.2245E+00  0.1951E+00  0.1555E+00  0.1262E+00  0.1058E+00  0.8957E-01  0.7651E-01  0.6579E-01  0.5609E-01  0.4647E-01  0.3730E-01  0.2941E-01  0.2288E-01  0.1668E-01  0.1086E-01  0.6208E-02  0.3456E-02  0.1341E-01  0.5807E-01
      0.1355      250.0000  0.1824E-01  0.1140E+00  0.1439E+00  0.1658E+00  0.1870E+00  0.2081E+00  0.2273E+00  0.2245E+00  0.1951E+00  0.1555E+00  0.1262E+00  0.1058E+00  0.8957E-01  0.7651E-01  0.6579E-01  0.5609E-01  0.4647E-01  0.3730E-01  0.2941E-01  0.2288E-01  0.1668E-01  0.1086E-01  0.6208E-02  0.3456E-02  0.1341E-01  0.5807E-01
      0.2710      260.0000  0.1824E-01  0.1140E+00  0.1439E+00  0.1658E+00  0.1870E+00  0.2081E+00  0.2273E+00  0.2245E+00  0.1951E+00  0.1555E+00  0.1262E+00  0.1058E+00  0.8957E-01  0.7651E-01  0.6579E-01  0.5609E-01  0.4647E-01  0.3730E-01  0.2941E-01  0.2288E-01  0.1668E-01  0.1086E-01  0.6208E-02  0.3456E-02  0.1341E-01  0.5807E-01
      0.4065      270.0000  0.1824E-01  0.1140E+00  0.1439E+00  0.1658E+00  0.1870E+00  0.2081E+00  0.2273E+00  0.2245E+00  0.1951E+00  0.1555E+00  0.1262E+00  0.1058E+00  0.8957E-01  0.7651E-01  0.6579E-01  0.5609E-01  0.4647E-01  0.3730E-01  0.2941E-01  0.2288E-01  0.1668E-01  0.1086E-01  0.6208E-02  0.3456E-02  0.1341E-01  0.5807E-01
      0.5420      280.0000  0.1824E-01  0.1140E+00  0.1439E+00  0.1658E+00  0.1870E+00  0.2081E+00  0.2273E+00  0.2245E+00  0.1951E+00  0.1555E+00  0.1262E+00  0.1058E+00  0.8957E-01  0.7651E-01  0.6579E-01  0.5609E-01  0.4647E-01  0.3730E-01  0.2941E-01  0.2288E-01  0.1668E-01  0.1086E-01  0.6208E-02  0.3456E-02  0.1341E-01  0.5807E-01
      0.6775      290.0000  0.1824E-01  0.1140E+00  0.1439E+00  0.1658E+00  0.1870E+00  0.2081E+00  0.2273E+00  0.2245E+00  0.1951E+00  0.1555E+00  0.1262E+00  0.1058E+00  0.8957E-01  0.7651E-01  0.6579E-01  0.5609E-01  0.4647E-01  0.3730E-01  0.2941E-01  0.2288E-01  0.1668E-01  0.1086E-01  0.6208E-02  0.3456E-02  0.1341E-01  0.5807E-01
      0.8130      300.0000  0.1824E-01  0.1140E+00  0.1439E+00  0.1658E+00  0.1870E+00  0.2081E+00  0.2273E+00  0.2245E+00  0.1951E+00  0.1555E+00  0.1262E+00  0.1058E+00  0.8957E-01  0.7651E-01  0.6579E-01  0.5609E-01  0.4647E-01  0.3730E-01  0.2941E-01  0.2288E-01  0.1668E-01  0.1086E-01  0.6208E-02  0.3456E-02  0.1341E-01  0.5807E-01
      0.9485      310.0000  0.1824E-01  0.1140E+00  0.1439E+00  0.1658E+00  0.1870E+00  0.2081E+00  0.2273E+00  0.2245E+00  0.1951E+00  0.1555E+00  0.1262E+00  0.1058E+00  0.8957E-01  0.7651E-01  0.6579E-01  0.5609E-01  0.4647E-01  0.3730E-01  0.2941E-01  0.2288E-01  0.1668E-01  0.1086E-01  0.6208E-02  0.3456E-02  0.1341E-01  0.5807E-01
      1.0840      320.0000  0.1824E-01  0.1140E+00  0.1439E+00  0.1658E+00  0.1870E+00  0.2081E+00  0.2273E+00  0.2245E+00  0.1951E+00  0.1555E+00  0.1262E+00  0.1058E+00  0.8957E-01  0.7651E-01  0.6579E-01  0.5609E-01  0.4647E-01  0.3730E-01  0.2941E-01  0.2288E-01  0.1668E-01  0.1086E-01  0.6208E-02  0.3456E-02  0.1341E-01  0.5807E-01
      1.2195      330.0000  0.1824E-01  0.1140E+00  0.1439E+00  0.1658E+00  0.1870E+00  0.2081E+00  0.2273E+00  0.2245E+00  0.1951E+00  0.1555E+00  0.1262E+00  0.1058E+00  0.8957E-01  0.7651E-01  0.6579E-01  0.5609E-01  0.4647E-01  0.3730E-01  0.2941E-01  0.2288E-01  0.1668E-01  0.1086E-01  0.6208E-02  0.3456E-02  0.1341E-01  0.5807E-01
      1.3550      340.0000  0.1824E-01  0.1140E+00  0.1439E+00  0.1658E+00  0.1870E+00  0.2081E+00  0.2273E+00  0.2245E+00  0.1951E+00  0.1555E+00  0.1262E+00  0.1058E+00  0.8957E-01  0.7651E-01  0.6579E-01  0.5609E-01  0.4647E-01  0.3730E-01  0.2941E-01  0.2288E-01  0.1668E-01  0.1086E-01  0.6208E-02  0.3456E-02  0.1341E-01  0.5807E-01
      1.4905      350.0000  0.1824E-01  0.1140E+00  0.1439E+00  0.1658E+00  0.1870E+00  0.2081E+00  0.2273E+00  0.2245E+00  0.1951E+00  0.1555E+00  0.1262E+00  0.1058E+00  0.8957E-01  0.7651E-01  0.6579E-01  0.5609E-01  0.4647E-01  0.3730E-01  0.2941E-01  0.2288E-01  0.1668E-01  0.1086E-01  0.6208E-02  0.3456E-02  0.1341E-01  0.5807E-01
      1.6260      360.0000  0.1824E-01  0.1140E+00  0.1439E+00  0.1658E+00  0.1870E+00  0.2081E+00  0.2273E+00  0.2245E+00  0.1951E+00  0.1555E+00  0.1262E+00  0.1058E+00  0.8957E-01  0.7651E-01  0.6579E-01  0.5609E-01  0.4647E-01  0.3730E-01  0.2941E-01  0.2288E-01  0.1668E-01  0.1086E-01  0.6208E-02  0.3456E-02  0.1341E-01  0.5807E-01
      1.7615       10.0000  0.1824E-01  0.1140E+00  0.1439E+00  0.1658E+00  0.1870E+00  0.2081E+00  0.2273E+00  0.2245E+00  0.1951E+00  0.1555E+00  0.1262E+00  0.1058E+00  0.8957E-01  0.7651E-01  0.6579E-01  0.5609E-01  0.4647E-01  0.3730E-01  0.2941E-01  0.2288E-01  0.1668E-01  0.1086E-01  0.6208E-02  0.3456E-02  0.1341E-01  0.5807E-01
      1.8970       20.0000  0.1824E-01  0.1140E+00  0.1439E+00  0.1658E+00  0.1870E+00  0.2081E+00  0.2273E+00  0.2245E+00  0.1951E+00  0.1555E+00  0.1262E+00  0.1058E+00  0.8957E-01  0.7651E-01  0.6579E-01  0.5609E-01  0.4647E-01  0.3730E-01  0.2941E-01  0.2288E-01  0.1668E-01  0.1086E-01  0.6208E-02  0.3456E-02  0.1341E-01  0.5807E-01
      2.0325       30.0000  0.1824E-01  0.1140E+00  0.1439E+00  0.1658E+00  0.1870E+00  0.2081E+00  0.2273E+00  0.2245E+00  0.1951E+00  0.1555E+00  0.1262E+00  0.1058E+00  0.8957E-01  0.7651E-01  0.6579E-01  0.5609E-01  0.4647E-01  0.3730E-01  0.2941E-01  0.2288E-01  0.1668E-01  0.1086E-01  0.6208E-02  0.3456E-02  0.1341E-01  0.5807E-01
      2.1680       40.0000  0.1824E-01  0.1140E+00  0.1439E+00  0.1658E+00  0.1870E+00  0.2081E+00  0.2273E+00  0.2245E+00  0.1951E+00  0.1555E+00  0.1262E+00  0.1058E+00  0.8957E-01  0.7651E-01  0.6579E-01  0.5609E-01  0.4647E-01  0.3730E-01  0.2941E-01  0.2288E-01  0.1668E-01  0.1086E-01  0.6208E-02  0.3456E-02  0.1341E-01  0.5807E-01
      2.3035       50.0000  0.1824E-01  0.1140E+00  0.1439E+00  0.1658E+00  0.1870E+00  0.2081E+00  0.2273E+00  0.2245E+00  0.1951E+00  0.1555E+00  0.1262E+00  0.1058E+00  0.8957E-01  0.7651E-01  0.6579E-01  0.5609E-01  0.4647E-01  0.3730E-01  0.2941E-01  0.2288E-01  0.1668E-01  0.1086E-01  0.6208E-02  0.3456E-02  0.1341E-01  0.5807E-01
      2.4390       60.0000  0.1824E-01  0.1140E+00  0.1439E+00  0.1658E+00  0.1870E+00  0.2081E+00  0.2273E+00  0.2245E+00  0.1951E+00  0.1555E+00  0.1262E+00  0.1058E+00  0.8957E-01  0.7651E-01  0.6579E-01  0.5609E-01  0.4647E-01  0.3730E-01  0.2941E-01  0.2288E-01  0.1668E-01  0.1086E-01  0.6208E-02  0.3456E-02  0.1341E-01  0.5807E-01
