Time history of radial distribution for BEM variable: uEff[m/s] for blade 2
                          rCurvi[m] (curvilinear radial distance)
                                0.7893      2.3680      3.9466      5.5253      7.1039      8.6826     10.2612     11.8399     13.4185     14.9972     16.5758     18.1545     19.7331     21.3117     22.8904     24.4690     26.0477     27.6263     29.2050     30.7836     32.3623     33.9409     35.5196     37.0982     38.2822     39.0715
                          zB[m] (radial coordinate along blade axis)
     time[s]  azimuth[deg]      0.1833      1.7550      3.3299      4.9067      6.4843      8.0622      9.6414     11.2242     12.8078     14.3895     15.9673     17.5458     19.1245     20.7030     22.2813     23.8593     25.4367     27.0134     28.5891     30.1640     31.7378     33.3107     34.8829     36.4550     37.6323     38.4139
      0.0000      240.0000  0.6369E+01  0.7217E+01  0.8474E+01  0.9879E+01  0.1159E+02  0.1335E+02  0.1519E+02  0.1708E+02  0.1900E+02  0.2093E+02  0.2288E+02  0.2485E+02  0.2683E+02  0.2882E+02  0.3082E+02  0.3281E+02  0.3481E+02  0.3682E+02  0.3882E+02  0.4083E+02  0.4284E+02  0.4485E+02  0.4686E+02  0.4886E+02  0.5035E+02  0.5123E+02
      0.1355      250.0000  0.6369E+01  0.7217E+01  0.8599E+01  0.1014E+02  0.1182E+02  0.1346E+02  0.1521E+02  0.1708E+02  0.1900E+02  0.2093E+02  0.2288E+02  0.2485E+02  0.2683E+02  0.2882E+02  0.3081E+02  0.3281E+02  0.3481E+02  0.3682E+02  0.3882E+02  0.4083E+02  0.4284E+02  0.4485E+02  0.4686E+02  0.4886E+02  0.5035E+02  0.5123E+02
      0.2710      260.0000  0.6369E+01  0.7217E+01  0.8606E+01  0.1018E+02  0.1183E+02  0.1347E+02  0.1521E+02  0.1708E+02  0.1900E+02  0.2093E+02  0.2288E+02  0.2485E+02  0.2683E+02  0.2882E+02  0.3081E+02  0.3281E+02  0.3481E+02  0.3682E+02  0.3882E+02  0.4083E+02  0.4284E+02  0.4485E+02  0.4686E+02  0.4886E+02  0.5035E+02  0.5123E+02
      0.4065      270.0000  0.6369E+01  0.7217E+01  0.8590E+01  0.1017E+02  0.1180E+02  0.1346E+02  0.1521E+02  0.1708E+02  0.1900E+02  0.2093E+02  0.2288E+02  0.2485E+02  0.2683E+02  0.2882E+02  0.3081E+02  0.3281E+02  0.3481E+02  0.3682E+02  0.3882E+02  0.4083E+02  0.4284E+02  0.4485E+02  0.4686E+02  0.4886E+02  0.5035E+02  0.5123E+02
      0.5420      280.0000  0.6369E+01  0.7217E+01  0.8581E+01  0.1015E+02  0.1178E+02  0.1345E+02  0.1521E+02  0.1708E+02  0.1900E+02  0.2093E+02  0.2288E+02  0.2485E+02  0.2683E+02  0.2882E+02  0.3081E+02  0.3281E+02  0.3481E+02  0.3682E+02  0.3882E+02  0.4083E+02  0.4284E+02  0.4485E+02  0.4686E+02  0.4886E+02  0.5035E+02  0.5123E+02
      0.6775      290.0000  0.6369E+01  0.7217E+01  0.8573E+01  0.1010E+02  0.1177E+02  0.1344E+02  0.1521E+02  0.1708E+02  0.1900E+02  0.2093E+02  0.2288E+02  0.2485E+02  0.2683E+02  0.2882E+02  0.3081E+02  0.3281E+02  0.3481E+02  0.3682E+02  0.3882E+02  0.4083E+02  0.4284E+02  0.4485E+02  0.4686E+02  0.4886E+02  0.5035E+02  0.5123E+02
      0.8130      300.0000  0.6369E+01  0.7217E+01  0.8564E+01  0.1007E+02  0.1175E+02  0.1343E+02  0.1521E+02  0.1708E+02  0.1900E+02  0.2093E+02  0.2288E+02  0.2485E+02  0.2683E+02  0.2882E+02  0.3081E+02  0.3281E+02  0.3481E+02  0.3682E+02  0.3882E+02  0.4083E+02  0.4284E+02  0.4485E+02  0.4686E+02  0.4886E+02  0.5035E+02  0.5123E+02
      0.9485      310.0000  0.6369E+01  0.7217E+01  0.8556E+01  0.1004E+02  0.1172E+02  0.1343E+02  0.1520E+02  0.1708E+02  0.1900E+02  0.2093E+02  0.2288E+02  0.2485E+02  0.2683E+02  0.2882E+02  0.3081E+02  0.3281E+02  0.3481E+02  0.3682E+02  0.3882E+02  0.4083E+02  0.4284E+02  0.4485E+02  0.4686E+02  0.4886E+02  0.5035E+02  0.5123E+02
      1.0840      320.0000  0.6369E+01  0.7217E+01  0.8547E+01  0.1002E+02  0.1170E+02  0.1342E+02  0.1520E+02  0.1708E+02  0.1900E+02  0.2093E+02  0.2288E+02  0.2485E+02  0.2683E+02  0.2882E+02  0.3081E+02  0.3281E+02  0.3481E+02  0.3682E+02  0.3882E+02  0.4083E+02  0.4284E+02  0.4485E+02  0.4686E+02  0.4886E+02  0.5035E+02  0.5123E+02
      1.2195      330.0000  0.6369E+01  0.7217E+01  0.8539E+01  0.9999E+01  0.1168E+02  0.1341E+02  0.1520E+02  0.1708E+02  0.1900E+02  0.2093E+02  0.2288E+02  0.2485E+02  0.2683E+02  0.2882E+02  0.3081E+02  0.3281E+02  0.3481E+02  0.3682E+02  0.3882E+02  0.4083E+02  0.4284E+02  0.4485E+02  0.4686E+02  0.4886E+02  0.5035E+02  0.5123E+02
      1.3550      340.0000  0.6369E+01  0.7217E+01  0.8531E+01  0.9978E+01  0.1167E+02  0.1340E+02  0.1520E+02  0.1708E+02  0.1900E+02  0.2093E+02  0.2288E+02  0.2485E+02  0.2683E+02  0.2882E+02  0.3081E+02  0.3281E+02  0.3481E+02  0.3682E+02  0.3882E+02  0.4083E+02  0.4284E+02  0.4485E+02  0.4686E+02  0.4886E+02  0.5035E+02  0.5123E+02
      1.4905      350.0000  0.6369E+01  0.7217E+01  0.8523E+01  0.9958E+01  0.1166E+02  0.1339E+02  0.1519E+02  0.1708E+02  0.1900E+02  0.2093E+02  0.2288E+02  0.2485E+02  0.2683E+02  0.2882E+02  0.3081E+02  0.3281E+02  0.3481E+02  0.3682E+02  0.3882E+02  0.4083E+02  0.4284E+02  0.4485E+02  0.4686E+02  0.4886E+02  0.5035E+02  0.5123E+02
      1.6260      360.0000  0.6369E+01  0.7217E+01  0.8516E+01  0.9940E+01  0.1164E+02  0.1338E+02  0.1519E+02  0.1708E+02  0.1900E+02  0.2093E+02  0.2288E+02  0.2485E+02  0.2683E+02  0.2882E+02  0.3081E+02  0.3281E+02  0.3481E+02  0.3682E+02  0.3882E+02  0.4083E+02  0.4284E+02  0.4485E+02  0.4686E+02  0.4886E+02  0.5035E+02  0.5123E+02
      1.7615       10.0000  0.6369E+01  0.7217E+01  0.8509E+01  0.9924E+01  0.1163E+02  0.1337E+02  0.1519E+02  0.1708E+02  0.1900E+02  0.2093E+02  0.2288E+02  0.2485E+02  0.2683E+02  0.2882E+02  0.3081E+02  0.3281E+02  0.3481E+02  0.3682E+02  0.3882E+02  0.4083E+02  0.4284E+02  0.4485E+02  0.4686E+02  0.4886E+02  0.5035E+02  0.5123E+02
      1.8970       20.0000  0.6369E+01  0.7217E+01  0.8503E+01  0.9909E+01  0.1162E+02  0.1337E+02  0.1519E+02  0.1708E+02  0.1900E+02  0.2093E+02  0.2288E+02  0.2485E+02  0.2683E+02  0.2882E+02  0.3081E+02  0.3281E+02  0.3481E+02  0.3682E+02  0.3882E+02  0.4083E+02  0.4284E+02  0.4485E+02  0.4686E+02  0.4886E+02  0.5035E+02  0.5123E+02
      2.0325       30.0000  0.6369E+01  0.7217E+01  0.8495E+01  0.9896E+01  0.1161E+02  0.1336E+02  0.1519E+02  0.1708E+02  0.1900E+02  0.2093E+02  0.2288E+02  0.2485E+02  0.2683E+02  0.2882E+02  0.3081E+02  0.3281E+02  0.3481E+02  0.3682E+02  0.3882E+02  0.4083E+02  0.4284E+02  0.4485E+02  0.4686E+02  0.4886E+02  0.5035E+02  0.5123E+02
      2.1680       40.0000  0.6369E+01  0.7217E+01  0.8488E+01  0.9881E+01  0.1160E+02  0.1336E+02  0.1519E+02  0.1708E+02  0.1900E+02  0.2093E+02  0.2288E+02  0.2485E+02  0.2683E+02  0.2882E+02  0.3081E+02  0.3281E+02  0.3481E+02  0.3682E+02  0.3882E+02  0.4083E+02  0.4284E+02  0.4485E+02  0.4686E+02  0.4886E+02  0.5035E+02  0.5123E+02
      2.3035       50.0000  0.6369E+01  0.7217E+01  0.8482E+01  0.9868E+01  0.1159E+02  0.1335E+02  0.1519E+02  0.1708E+02  0.1900E+02  0.2093E+02  0.2288E+02  0.2485E+02  0.2683E+02  0.2882E+02  0.3081E+02  0.3281E+02  0.3481E+02  0.3682E+02  0.3882E+02  0.4083E+02  0.4284E+02  0.4485E+02  0.4686E+02  0.4886E+02  0.5035E+02  0.5123E+02
      2.4390       60.0000  0.6369E+01  0.7217E+01  0.8477E+01  0.9858E+01  0.1158E+02  0.1335E+02  0.1519E+02  0.1708E+02  0.1900E+02  0.2093E+02  0.2288E+02  0.2485E+02  0.2683E+02  0.2882E+02  0.3081E+02  0.3281E+02  0.3481E+02  0.3682E+02  0.3882E+02  0.4083E+02  0.4284E+02  0.4485E+02  0.4686E+02  0.4886E+02  0.5035E+02  0.5123E+02
      2.5745       70.0000  0.6369E+01  0.7217E+01  0.8473E+01  0.9849E+01  0.1158E+02  0.1335E+02  0.1519E+02  0.1708E+02  0.1900E+02  0.2093E+02  0.2288E+02  0.2485E+02  0.2683E+02  0.2882E+02  0.3081E+02  0.3281E+02  0.3481E+02  0.3682E+02  0.3882E+02  0.4083E+02  0.4284E+02  0.4485E+02  0.4686E+02  0.4886E+02  0.5035E+02  0.5123E+02
      2.7100       80.0000  0.6369E+01  0.7217E+01  0.8470E+01  0.9842E+01  0.1157E+02  0.1335E+02  0.1519E+02  0.1708E+02  0.1900E+02  0.2093E+02  0.2288E+02  0.2485E+02  0.2683E+02  0.2882E+02  0.3081E+02  0.3281E+02  0.3481E+02  0.3682E+02  0.3882E+02  0.4083E+02  0.4284E+02  0.4485E+02  0.4686E+02  0.4886E+02  0.5035E+02  0.5123E+02
      2.8455       90.0000  0.6369E+01  0.7217E+01  0.8467E+01  0.9837E+01  0.1157E+02  0.1334E+02  0.1519E+02  0.1708E+02  0.1900E+02  0.2093E+02  0.2288E+02  0.2485E+02  0.2683E+02  0.2882E+02  0.3081E+02  0.3281E+02  0.3481E+02  0.3682E+02  0.3882E+02  0.4083E+02  0.4284E+02  0.4485E+02  0.4686E+02  0.4886E+02  0.5035E+02  0.5123E+02
      2.9810      100.0000  0.6369E+01  0.7217E+01  0.8464E+01  0.9832E+01  0.1157E+02  0.1334E+02  0.1518E+02  0.1708E+02  0.1900E+02  0.2093E+02  0.2288E+02  0.2485E+02  0.2683E+02  0.2882E+02  0.3081E+02  0.3281E+02  0.3481E+02  0.3682E+02  0.3882E+02  0.4083E+02  0.4284E+02  0.4485E+02  0.4686E+02  0.4886E+02  0.5035E+02  0.5123E+02
      3.1165      110.0000  0.6369E+01  0.7217E+01  0.8462E+01  0.9829E+01  0.1156E+02  0.1334E+02  0.1518E+02  0.1708E+02  0.1900E+02  0.2093E+02  0.2288E+02  0.2485E+02  0.2683E+02  0.2882E+02  0.3081E+02  0.3281E+02  0.3481E+02  0.3682E+02  0.3882E+02  0.4083E+02  0.4284E+02  0.4485E+02  0.4686E+02  0.4886E+02  0.5035E+02  0.5123E+02
      3.2520      120.0000  0.6369E+01  0.7217E+01  0.8461E+01  0.9826E+01  0.1156E+02  0.1334E+02  0.1518E+02  0.1708E+02  0.1900E+02  0.2093E+02  0.2288E+02  0.2485E+02  0.2683E+02  0.2882E+02  0.3081E+02  0.3281E+02  0.3481E+02  0.3682E+02  0.3882E+02  0.4083E+02  0.4284E+02  0.4485E+02  0.4686E+02  0.4886E+02  0.5035E+02  0.5123E+02
      3.3875      130.0000  0.6369E+01  0.7217E+01  0.8459E+01  0.9824E+01  0.1156E+02  0.1334E+02  0.1518E+02  0.1708E+02  0.1900E+02  0.2093E+02  0.2288E+02  0.2485E+02  0.2683E+02  0.2882E+02  0.3081E+02  0.3281E+02  0.3481E+02  0.3682E+02  0.3882E+02  0.4083E+02  0.4284E+02  0.4485E+02  0.4686E+02  0.4886E+02  0.5035E+02  0.5123E+02
      3.5230      140.0000  0.6369E+01  0.7217E+01  0.8458E+01  0.9823E+01  0.1156E+02  0.1334E+02  0.1518E+02  0.1708E+02  0.1900E+02  0.2093E+02  0.2288E+02  0.2485E+02  0.2683E+02  0.2882E+02  0.3081E+02  0.3281E+02  0.3481E+02  0.3682E+02  0.3882E+02  0.4083E+02  0.4284E+02  0.4485E+02  0.4686E+02  0.4886E+02  0.5035E+02  0.5123E+02
      3.6585      150.0000  0.6369E+01  0.7217E+01  0.8458E+01  0.9822E+01  0.1156E+02  0.1334E+02  0.1518E+02  0.1708E+02  0.1900E+02  0.2093E+02  0.2288E+02  0.2485E+02  0.2683E+02  0.2882E+02  0.3081E+02  0.3281E+02  0.3481E+02  0.3682E+02  0.3882E+02  0.4083E+02  0.4284E+02  0.4485E+02  0.4686E+02  0.4886E+02  0.5035E+02  0.5123E+02
      3.7940      160.0000  0.6369E+01  0.7217E+01  0.8457E+01  0.9822E+01  0.1156E+02  0.1334E+02  0.1518E+02  0.1708E+02  0.1900E+02  0.2093E+02  0.2288E+02  0.2485E+02  0.2683E+02  0.2882E+02  0.3081E+02  0.3281E+02  0.3481E+02  0.3682E+02  0.3882E+02  0.4083E+02  0.4284E+02  0.4485E+02  0.4686E+02  0.4886E+02  0.5035E+02  0.5123E+02
      3.9295      170.0000  0.6369E+01  0.7217E+01  0.8456E+01  0.9821E+01  0.1156E+02  0.1334E+02  0.1518E+02  0.1708E+02  0.1900E+02  0.2093E+02  0.2288E+02  0.2485E+02  0.2683E+02  0.2882E+02  0.3081E+02  0.3281E+02  0.3481E+02  0.3682E+02  0.3882E+02  0.4083E+02  0.4284E+02  0.4485E+02  0.4686E+02  0.4886E+02  0.5035E+02  0.5123E+02
      4.0650      180.0000  0.6369E+01  0.7217E+01  0.8456E+01  0.9821E+01  0.1156E+02  0.1334E+02  0.1518E+02  0.1708E+02  0.1900E+02  0.2093E+02  0.2288E+02  0.2485E+02  0.2683E+02  0.2882E+02  0.3081E+02  0.3281E+02  0.3481E+02  0.3682E+02  0.3882E+02  0.4083E+02  0.4284E+02  0.4485E+02  0.4686E+02  0.4886E+02  0.5035E+02  0.5123E+02
      4.2005      190.0000  0.6369E+01  0.7217E+01  0.8456E+01  0.9822E+01  0.1156E+02  0.1334E+02  0.1518E+02  0.1708E+02  0.1900E+02  0.2093E+02  0.2288E+02  0.2485E+02  0.2683E+02  0.2882E+02  0.3081E+02  0.3281E+02  0.3481E+02  0.3682E+02  0.3882E+02  0.4083E+02  0.4284E+02  0.4485E+02  0.4686E+02  0.4886E+02  0.5035E+02  0.5123E+02
      4.3360      200.0000  0.6369E+01  0.7217E+01  0.8456E+01  0.9822E+01  0.1156E+02  0.1334E+02  0.1518E+02  0.1708E+02  0.1900E+02  0.2093E+02  0.2288E+02  0.2485E+02  0.2683E+02  0.2882E+02  0.3081E+02  0.3281E+02  0.3481E+02  0.3682E+02  0.3882E+02  0.4083E+02  0.4284E+02  0.4485E+02  0.4686E+02  0.4886E+02  0.5035E+02  0.5123E+02
      4.4715      210.0000  0.6369E+01  0.7217E+01  0.8456E+01  0.9823E+01  0.1156E+02  0.1334E+02  0.1518E+02  0.1708E+02  0.1900E+02  0.2093E+02  0.2288E+02  0.2485E+02  0.2683E+02  0.2882E+02  0.3081E+02  0.3281E+02  0.3481E+02  0.3682E+02  0.3882E+02  0.4083E+02  0.4284E+02  0.4485E+02  0.4686E+02  0.4886E+02  0.5035E+02  0.5123E+02
      4.6070      220.0000  0.6369E+01  0.7217E+01  0.8456E+01  0.9823E+01  0.1156E+02  0.1334E+02  0.1518E+02  0.1708E+02  0.1900E+02  0.2093E+02  0.2288E+02  0.2485E+02  0.2683E+02  0.2882E+02  0.3081E+02  0.3281E+02  0.3481E+02  0.3682E+02  0.3882E+02  0.4083E+02  0.4284E+02  0.4485E+02  0.4686E+02  0.4886E+02  0.5035E+02  0.5123E+02
      4.7425      230.0000  0.6369E+01  0.7217E+01  0.8456E+01  0.9824E+01  0.1156E+02  0.1334E+02  0.1518E+02  0.1708E+02  0.1900E+02  0.2093E+02  0.2288E+02  0.2485E+02  0.2683E+02  0.2882E+02  0.3081E+02  0.3281E+02  0.3481E+02  0.3682E+02  0.3882E+02  0.4083E+02  0.4284E+02  0.4485E+02  0.4686E+02  0.4886E+02  0.5035E+02  0.5123E+02
      4.8780      240.0000  0.6369E+01  0.7217E+01  0.8456E+01  0.9825E+01  0.1156E+02  0.1334E+02  0.1518E+02  0.1708E+02  0.1900E+02  0.2093E+02  0.2288E+02  0.2485E+02  0.2683E+02  0.2882E+02  0.3081E+02  0.3281E+02  0.3481E+02  0.3682E+02  0.3882E+02  0.4083E+02  0.4284E+02  0.4485E+02  0.4686E+02  0.4886E+02  0.5035E+02  0.5123E+02
      5.0136      250.0000  0.6369E+01  0.7217E+01  0.8456E+01  0.9826E+01  0.1156E+02  0.1334E+02  0.1518E+02  0.1708E+02  0.1900E+02  0.2093E+02  0.2288E+02  0.2485E+02  0.2683E+02  0.2882E+02  0.3081E+02  0.3281E+02  0.3481E+02  0.3682E+02  0.3882E+02  0.4083E+02  0.4284E+02  0.4485E+02  0.4686E+02  0.4886E+02  0.5035E+02  0.5123E+02
      5.1491      260.0000  0.6369E+01  0.7217E+01  0.8456E+01  0.9827E+01  0.1156E+02  0.1334E+02  0.1518E+02  0.1708E+02  0.1900E+02  0.2093E+02  0.2288E+02  0.2485E+02  0.2683E+02  0.2882E+02  0.3081E+02  0.3281E+02  0.3481E+02  0.3682E+02  0.3882E+02  0.4083E+02  0.4284E+02  0.4485E+02  0.4686E+02  0.4886E+02  0.5035E+02  0.5123E+02
      5.2846      270.0000  0.6369E+01  0.7217E+01  0.8456E+01  0.9828E+01  0.1156E+02  0.1334E+02  0.1518E+02  0.1708E+02  0.1900E+02  0.2093E+02  0.2288E+02  0.2485E+02  0.2683E+02  0.2882E+02  0.3081E+02  0.3281E+02  0.3481E+02  0.3682E+02  0.3882E+02  0.4083E+02  0.4284E+02  0.4485E+02  0.4686E+02  0.4886E+02  0.5035E+02  0.5123E+02
      5.4201      280.0000  0.6369E+01  0.7217E+01  0.8456E+01  0.9829E+01  0.1156E+02  0.1334E+02  0.1518E+02  0.1708E+02  0.1900E+02  0.2093E+02  0.2288E+02  0.2485E+02  0.2683E+02  0.2882E+02  0.3081E+02  0.3281E+02  0.3481E+02  0.3682E+02  0.3882E+02  0.4083E+02  0.4284E+02  0.4485E+02  0.4686E+02  0.4886E+02  0.5035E+02  0.5123E+02
      5.5556      290.0000  0.6369E+01  0.7217E+01  0.8457E+01  0.9830E+01  0.1156E+02  0.1334E+02  0.1518E+02  0.1708E+02  0.1900E+02  0.2093E+02  0.2288E+02  0.2485E+02  0.2683E+02  0.2882E+02  0.3082E+02  0.3281E+02  0.3481E+02  0.3682E+02  0.3882E+02  0.4083E+02  0.4284E+02  0.4485E+02  0.4686E+02  0.4886E+02  0.5035E+02  0.5123E+02
      5.6911      300.0000  0.6369E+01  0.7217E+01  0.8457E+01  0.9830E+01  0.1156E+02  0.1334E+02  0.1518E+02  0.1708E+02  0.1900E+02  0.2093E+02  0.2288E+02  0.2485E+02  0.2683E+02  0.2882E+02  0.3082E+02  0.3281E+02  0.3481E+02  0.3682E+02  0.3882E+02  0.4083E+02  0.4284E+02  0.4485E+02  0.4686E+02  0.4886E+02  0.5035E+02  0.5123E+02
      5.8266      310.0000  0.6369E+01  0.7217E+01  0.8457E+01  0.9831E+01  0.1156E+02  0.1334E+02  0.1518E+02  0.1708E+02  0.1900E+02  0.2093E+02  0.2288E+02  0.2485E+02  0.2683E+02  0.2882E+02  0.3082E+02  0.3281E+02  0.3481E+02  0.3682E+02  0.3882E+02  0.4083E+02  0.4284E+02  0.4485E+02  0.4686E+02  0.4886E+02  0.5035E+02  0.5123E+02
      5.9621      320.0000  0.6369E+01  0.7217E+01  0.8458E+01  0.9832E+01  0.1156E+02  0.1334E+02  0.1518E+02  0.1708E+02  0.1900E+02  0.2093E+02  0.2288E+02  0.2485E+02  0.2683E+02  0.2882E+02  0.3082E+02  0.3281E+02  0.3481E+02  0.3682E+02  0.3882E+02  0.4083E+02  0.4284E+02  0.4485E+02  0.4686E+02  0.4886E+02  0.5035E+02  0.5123E+02
      6.0976      330.0000  0.6369E+01  0.7217E+01  0.8458E+01  0.9833E+01  0.1157E+02  0.1334E+02  0.1518E+02  0.1708E+02  0.1900E+02  0.2093E+02  0.2288E+02  0.2485E+02  0.2683E+02  0.2882E+02  0.3082E+02  0.3281E+02  0.3481E+02  0.3682E+02  0.3882E+02  0.4083E+02  0.4284E+02  0.4485E+02  0.4686E+02  0.4886E+02  0.5035E+02  0.5123E+02
      6.2331      340.0000  0.6369E+01  0.7217E+01  0.8458E+01  0.9834E+01  0.1157E+02  0.1334E+02  0.1518E+02  0.1708E+02  0.1900E+02  0.2093E+02  0.2288E+02  0.2485E+02  0.2683E+02  0.2882E+02  0.3082E+02  0.3281E+02  0.3481E+02  0.3682E+02  0.3882E+02  0.4083E+02  0.4284E+02  0.4485E+02  0.4686E+02  0.4886E+02  0.5035E+02  0.5123E+02
      6.3686      350.0000  0.6369E+01  0.7217E+01  0.8458E+01  0.9835E+01  0.1157E+02  0.1334E+02  0.1518E+02  0.1708E+02  0.1900E+02  0.2093E+02  0.2288E+02  0.2485E+02  0.2683E+02  0.2882E+02  0.3082E+02  0.3281E+02  0.3481E+02  0.3682E+02  0.3882E+02  0.4083E+02  0.4284E+02  0.4485E+02  0.4686E+02  0.4886E+02  0.5035E+02  0.5123E+02
      6.5041      360.0000  0.6369E+01  0.7217E+01  0.8459E+01  0.9836E+01  0.1157E+02  0.1334E+02  0.1518E+02  0.1708E+02  0.1900E+02  0.2093E+02  0.2288E+02  0.2485E+02  0.2683E+02  0.2882E+02  0.3082E+02  0.3281E+02  0.3481E+02  0.3682E+02  0.3882E+02  0.4083E+02  0.4284E+02  0.4485E+02  0.4686E+02  0.4886E+02  0.5035E+02  0.5123E+02
      6.6396       10.0000  0.6369E+01  0.7217E+01  0.8459E+01  0.9837E+01  0.1157E+02  0.1334E+02  0.1518E+02  0.1708E+02  0.1900E+02  0.2093E+02  0.2288E+02  0.2485E+02  0.2683E+02  0.2882E+02  0.3082E+02  0.3281E+02  0.3481E+02  0.3682E+02  0.3882E+02  0.4083E+02  0.4284E+02  0.4485E+02  0.4686E+02  0.4886E+02  0.5035E+02  0.5123E+02
      6.7751       20.0000  0.6369E+01  0.7217E+01  0.8459E+01  0.9838E+01  0.1157E+02  0.1334E+02  0.1518E+02  0.1708E+02  0.1900E+02  0.2093E+02  0.2288E+02  0.2485E+02  0.2683E+02  0.2882E+02  0.3082E+02  0.3281E+02  0.3481E+02  0.3682E+02  0.3882E+02  0.4083E+02  0.4284E+02  0.4485E+02  0.4686E+02  0.4886E+02  0.5035E+02  0.5123E+02
      6.9106       30.0000  0.6369E+01  0.7217E+01  0.8459E+01  0.9839E+01  0.1157E+02  0.1334E+02  0.1518E+02  0.1708E+02  0.1900E+02  0.2093E+02  0.2288E+02  0.2485E+02  0.2683E+02  0.2882E+02  0.3082E+02  0.3281E+02  0.3481E+02  0.3682E+02  0.3882E+02  0.4083E+02  0.4284E+02  0.4485E+02  0.4686E+02  0.4886E+02  0.5035E+02  0.5123E+02
      7.0461       40.0000  0.6369E+01  0.7217E+01  0.8460E+01  0.9840E+01  0.1157E+02  0.1334E+02  0.1518E+02  0.1708E+02  0.1900E+02  0.2093E+02  0.2288E+02  0.2485E+02  0.2683E+02  0.2882E+02  0.3082E+02  0.3281E+02  0.3481E+02  0.3682E+02  0.3882E+02  0.4083E+02  0.4284E+02  0.4485E+02  0.4686E+02  0.4886E+02  0.5035E+02  0.5123E+02
      7.1816       50.0000  0.6369E+01  0.7217E+01  0.8460E+01  0.9841E+01  0.1157E+02  0.1334E+02  0.1518E+02  0.1708E+02  0.1900E+02  0.2093E+02  0.2288E+02  0.2485E+02  0.2683E+02  0.2882E+02  0.3082E+02  0.3281E+02  0.3481E+02  0.3682E+02  0.3882E+02  0.4083E+02  0.4284E+02  0.4485E+02  0.4686E+02  0.4886E+02  0.5035E+02  0.5123E+02
      7.3171       60.0000  0.6369E+01  0.7217E+01  0.8460E+01  0.9842E+01  0.1157E+02  0.1334E+02  0.1519E+02  0.1708E+02  0.1900E+02  0.2093E+02  0.2288E+02  0.2485E+02  0.2683E+02  0.2882E+02  0.3082E+02  0.3281E+02  0.3481E+02  0.3682E+02  0.3882E+02  0.4083E+02  0.4284E+02  0.4485E+02  0.4686E+02  0.4886E+02  0.5035E+02  0.5123E+02
      7.4526       70.0000  0.6369E+01  0.7217E+01  0.8461E+01  0.9843E+01  0.1157E+02  0.1334E+02  0.1519E+02  0.1708E+02  0.1900E+02  0.2093E+02  0.2288E+02  0.2485E+02  0.2683E+02  0.2882E+02  0.3082E+02  0.3281E+02  0.3481E+02  0.3682E+02  0.3882E+02  0.4083E+02  0.4284E+02  0.4485E+02  0.4686E+02  0.4886E+02  0.5035E+02  0.5123E+02
      7.5881       80.0000  0.6369E+01  0.7217E+01  0.8461E+01  0.9843E+01  0.1157E+02  0.1334E+02  0.1519E+02  0.1708E+02  0.1900E+02  0.2093E+02  0.2288E+02  0.2485E+02  0.2683E+02  0.2882E+02  0.3082E+02  0.3281E+02  0.3481E+02  0.3682E+02  0.3882E+02  0.4083E+02  0.4284E+02  0.4485E+02  0.4686E+02  0.4886E+02  0.5035E+02  0.5123E+02
      7.7236       90.0000  0.6369E+01  0.7217E+01  0.8461E+01  0.9844E+01  0.1157E+02  0.1334E+02  0.1519E+02  0.1708E+02  0.1900E+02  0.2093E+02  0.2288E+02  0.2485E+02  0.2683E+02  0.2882E+02  0.3082E+02  0.3281E+02  0.3481E+02  0.3682E+02  0.3882E+02  0.4083E+02  0.4284E+02  0.4485E+02  0.4686E+02  0.4886E+02  0.5035E+02  0.5123E+02
      7.8591      100.0000  0.6369E+01  0.7217E+01  0.8461E+01  0.9845E+01  0.1157E+02  0.1334E+02  0.1519E+02  0.1708E+02  0.1900E+02  0.2093E+02  0.2288E+02  0.2485E+02  0.2683E+02  0.2882E+02  0.3082E+02  0.3281E+02  0.3481E+02  0.3682E+02  0.3882E+02  0.4083E+02  0.4284E+02  0.4485E+02  0.4686E+02  0.4886E+02  0.5035E+02  0.5123E+02
      7.9946      110.0000  0.6369E+01  0.7217E+01  0.8461E+01  0.9846E+01  0.1157E+02  0.1334E+02  0.1519E+02  0.1708E+02  0.1900E+02  0.2093E+02  0.2288E+02  0.2485E+02  0.2683E+02  0.2882E+02  0.3082E+02  0.3281E+02  0.3481E+02  0.3682E+02  0.3882E+02  0.4083E+02  0.4284E+02  0.4485E+02  0.4686E+02  0.4886E+02  0.5035E+02  0.5123E+02
      8.1301      120.0000  0.6369E+01  0.7217E+01  0.8462E+01  0.9847E+01  0.1157E+02  0.1334E+02  0.1519E+02  0.1708E+02  0.1900E+02  0.2093E+02  0.2288E+02  0.2485E+02  0.2683E+02  0.2882E+02  0.3082E+02  0.3281E+02  0.3481E+02  0.3682E+02  0.3882E+02  0.4083E+02  0.4284E+02  0.4485E+02  0.4686E+02  0.4886E+02  0.5035E+02  0.5123E+02
      8.2656      130.0000  0.6369E+01  0.7217E+01  0.8462E+01  0.9847E+01  0.1157E+02  0.1334E+02  0.1519E+02  0.1708E+02  0.1900E+02  0.2093E+02  0.2288E+02  0.2485E+02  0.2683E+02  0.2882E+02  0.3082E+02  0.3281E+02  0.3481E+02  0.3682E+02  0.3882E+02  0.4083E+02  0.4284E+02  0.4485E+02  0.4686E+02  0.4886E+02  0.5035E+02  0.5123E+02
      8.4011      140.0000  0.6369E+01  0.7217E+01  0.8462E+01  0.9848E+01  0.1157E+02  0.1334E+02  0.1519E+02  0.1708E+02  0.1900E+02  0.2093E+02  0.2288E+02  0.2485E+02  0.2683E+02  0.2882E+02  0.3082E+02  0.3281E+02  0.3481E+02  0.3682E+02  0.3882E+02  0.4083E+02  0.4284E+02  0.4485E+02  0.4686E+02  0.4886E+02  0.5035E+02  0.5123E+02
      8.5366      150.0000  0.6369E+01  0.7217E+01  0.8462E+01  0.9849E+01  0.1157E+02  0.1334E+02  0.1519E+02  0.1708E+02  0.1900E+02  0.2093E+02  0.2288E+02  0.2485E+02  0.2683E+02  0.2882E+02  0.3082E+02  0.3281E+02  0.3481E+02  0.3682E+02  0.3882E+02  0.4083E+02  0.4284E+02  0.4485E+02  0.4686E+02  0.4886E+02  0.5035E+02  0.5123E+02
      8.6721      160.0000  0.6369E+01  0.7217E+01  0.8463E+01  0.9849E+01  0.1157E+02  0.1334E+02  0.1519E+02  0.1708E+02  0.1900E+02  0.2093E+02  0.2288E+02  0.2485E+02  0.2683E+02  0.2882E+02  0.3082E+02  0.3281E+02  0.3481E+02  0.3682E+02  0.3882E+02  0.4083E+02  0.4284E+02  0.4485E+02  0.4686E+02  0.4886E+02  0.5035E+02  0.5123E+02
      8.8076      170.0000  0.6369E+01  0.7217E+01  0.8463E+01  0.9850E+01  0.1158E+02  0.1334E+02  0.1519E+02  0.1708E+02  0.1900E+02  0.2093E+02  0.2288E+02  0.2485E+02  0.2683E+02  0.2882E+02  0.3082E+02  0.3281E+02  0.3481E+02  0.3682E+02  0.3882E+02  0.4083E+02  0.4284E+02  0.4485E+02  0.4686E+02  0.4886E+02  0.5035E+02  0.5123E+02
      8.9431      180.0000  0.6369E+01  0.7217E+01  0.8463E+01  0.9851E+01  0.1158E+02  0.1334E+02  0.1519E+02  0.1708E+02  0.1900E+02  0.2093E+02  0.2288E+02  0.2485E+02  0.2683E+02  0.2882E+02  0.3082E+02  0.3281E+02  0.3481E+02  0.3682E+02  0.3882E+02  0.4083E+02  0.4284E+02  0.4485E+02  0.4686E+02  0.4886E+02  0.5035E+02  0.5123E+02
      9.0786      190.0000  0.6369E+01  0.7217E+01  0.8463E+01  0.9851E+01  0.1158E+02  0.1334E+02  0.1519E+02  0.1708E+02  0.1900E+02  0.2093E+02  0.2288E+02  0.2485E+02  0.2683E+02  0.2882E+02  0.3082E+02  0.3281E+02  0.3481E+02  0.3682E+02  0.3882E+02  0.4083E+02  0.4284E+02  0.4485E+02  0.4686E+02  0.4886E+02  0.5035E+02  0.5123E+02
      9.2141      200.0000  0.6369E+01  0.7217E+01  0.8463E+01  0.9852E+01  0.1158E+02  0.1334E+02  0.1519E+02  0.1708E+02  0.1900E+02  0.2093E+02  0.2288E+02  0.2485E+02  0.2683E+02  0.2882E+02  0.3082E+02  0.3281E+02  0.3481E+02  0.3682E+02  0.3882E+02  0.4083E+02  0.4284E+02  0.4485E+02  0.4686E+02  0.4886E+02  0.5035E+02  0.5123E+02
      9.3496      210.0000  0.6369E+01  0.7217E+01  0.8464E+01  0.9853E+01  0.1158E+02  0.1334E+02  0.1519E+02  0.1708E+02  0.1900E+02  0.2093E+02  0.2288E+02  0.2485E+02  0.2683E+02  0.2882E+02  0.3082E+02  0.3281E+02  0.3481E+02  0.3682E+02  0.3882E+02  0.4083E+02  0.4284E+02  0.4485E+02  0.4686E+02  0.4886E+02  0.5035E+02  0.5123E+02
      9.4851      220.0000  0.6369E+01  0.7217E+01  0.8464E+01  0.9853E+01  0.1158E+02  0.1334E+02  0.1519E+02  0.1708E+02  0.1900E+02  0.2093E+02  0.2288E+02  0.2485E+02  0.2683E+02  0.2882E+02  0.3082E+02  0.3281E+02  0.3481E+02  0.3682E+02  0.3882E+02  0.4083E+02  0.4284E+02  0.4485E+02  0.4686E+02  0.4886E+02  0.5035E+02  0.5123E+02
      9.6206      230.0000  0.6369E+01  0.7217E+01  0.8464E+01  0.9854E+01  0.1158E+02  0.1334E+02  0.1519E+02  0.1708E+02  0.1900E+02  0.2093E+02  0.2288E+02  0.2485E+02  0.2683E+02  0.2882E+02  0.3082E+02  0.3281E+02  0.3481E+02  0.3682E+02  0.3882E+02  0.4083E+02  0.4284E+02  0.4485E+02  0.4686E+02  0.4886E+02  0.5035E+02  0.5123E+02
      9.7561      240.0000  0.6369E+01  0.7217E+01  0.8464E+01  0.9854E+01  0.1158E+02  0.1334E+02  0.1519E+02  0.1708E+02  0.1900E+02  0.2093E+02  0.2288E+02  0.2485E+02  0.2683E+02  0.2882E+02  0.3082E+02  0.3281E+02  0.3481E+02  0.3682E+02  0.3882E+02  0.4083E+02  0.4284E+02  0.4485E+02  0.4686E+02  0.4886E+02  0.5035E+02  0.5123E+02
      9.8916      250.0000  0.6369E+01  0.7217E+01  0.8465E+01  0.9855E+01  0.1158E+02  0.1334E+02  0.1519E+02  0.1708E+02  0.1900E+02  0.2093E+02  0.2288E+02  0.2485E+02  0.2683E+02  0.2882E+02  0.3082E+02  0.3281E+02  0.3481E+02  0.3682E+02  0.3882E+02  0.4083E+02  0.4284E+02  0.4485E+02  0.4686E+02  0.4886E+02  0.5035E+02  0.5123E+02
     10.0271      260.0000  0.6369E+01  0.7217E+01  0.8465E+01  0.9856E+01  0.1158E+02  0.1334E+02  0.1519E+02  0.1708E+02  0.1900E+02  0.2093E+02  0.2288E+02  0.2485E+02  0.2683E+02  0.2882E+02  0.3082E+02  0.3281E+02  0.3481E+02  0.3682E+02  0.3882E+02  0.4083E+02  0.4284E+02  0.4485E+02  0.4686E+02  0.4886E+02  0.5035E+02  0.5123E+02
     10.1626      270.0000  0.6369E+01  0.7217E+01  0.8465E+01  0.9856E+01  0.1158E+02  0.1334E+02  0.1519E+02  0.1708E+02  0.1900E+02  0.2093E+02  0.2288E+02  0.2485E+02  0.2683E+02  0.2882E+02  0.3082E+02  0.3281E+02  0.3481E+02  0.3682E+02  0.3882E+02  0.4083E+02  0.4284E+02  0.4485E+02  0.4686E+02  0.4886E+02  0.5035E+02  0.5123E+02
     10.2981      280.0000  0.6369E+01  0.7217E+01  0.8465E+01  0.9857E+01  0.1158E+02  0.1334E+02  0.1519E+02  0.1708E+02  0.1900E+02  0.2093E+02  0.2288E+02  0.2485E+02  0.2683E+02  0.2882E+02  0.3082E+02  0.3281E+02  0.3481E+02  0.3682E+02  0.3882E+02  0.4083E+02  0.4284E+02  0.4485E+02  0.4686E+02  0.4886E+02  0.5035E+02  0.5123E+02
     10.4336      290.0000  0.6369E+01  0.7217E+01  0.8465E+01  0.9857E+01  0.1158E+02  0.1334E+02  0.1519E+02  0.1708E+02  0.1900E+02  0.2093E+02  0.2288E+02  0.2485E+02  0.2683E+02  0.2882E+02  0.3082E+02  0.3281E+02  0.3481E+02  0.3682E+02  0.3882E+02  0.4083E+02  0.4284E+02  0.4485E+02  0.4686E+02  0.4886E+02  0.5035E+02  0.5123E+02
     10.5691      300.0000  0.6369E+01  0.7217E+01  0.8465E+01  0.9858E+01  0.1158E+02  0.1334E+02  0.1519E+02  0.1708E+02  0.1900E+02  0.2093E+02  0.2288E+02  0.2485E+02  0.2683E+02  0.2882E+02  0.3082E+02  0.3281E+02  0.3481E+02  0.3682E+02  0.3882E+02  0.4083E+02  0.4284E+02  0.4485E+02  0.4686E+02  0.4886E+02  0.5035E+02  0.5123E+02
     10.7046      310.0000  0.6369E+01  0.7217E+01  0.8466E+01  0.9858E+01  0.1158E+02  0.1334E+02  0.1519E+02  0.1708E+02  0.1900E+02  0.2093E+02  0.2288E+02  0.2485E+02  0.2683E+02  0.2882E+02  0.3082E+02  0.3281E+02  0.3481E+02  0.3682E+02  0.3882E+02  0.4083E+02  0.4284E+02  0.4485E+02  0.4686E+02  0.4886E+02  0.5035E+02  0.5123E+02
     10.8401      320.0000  0.6369E+01  0.7217E+01  0.8466E+01  0.9859E+01  0.1158E+02  0.1334E+02  0.1519E+02  0.1708E+02  0.1900E+02  0.2093E+02  0.2288E+02  0.2485E+02  0.2683E+02  0.2882E+02  0.3082E+02  0.3281E+02  0.3481E+02  0.3682E+02  0.3882E+02  0.4083E+02  0.4284E+02  0.4485E+02  0.4686E+02  0.4886E+02  0.5035E+02  0.5123E+02
     10.9756      330.0000  0.6369E+01  0.7217E+01  0.8466E+01  0.9859E+01  0.1158E+02  0.1334E+02  0.1519E+02  0.1708E+02  0.1900E+02  0.2093E+02  0.2288E+02  0.2485E+02  0.2683E+02  0.2882E+02  0.3082E+02  0.3281E+02  0.3481E+02  0.3682E+02  0.3882E+02  0.4083E+02  0.4284E+02  0.4485E+02  0.4686E+02  0.4886E+02  0.5035E+02  0.5123E+02
     11.1111      340.0000  0.6369E+01  0.7217E+01  0.8466E+01  0.9860E+01  0.1158E+02  0.1334E+02  0.1519E+02  0.1708E+02  0.1900E+02  0.2093E+02  0.2288E+02  0.2485E+02  0.2683E+02  0.2882E+02  0.3082E+02  0.3281E+02  0.3481E+02  0.3682E+02  0.3882E+02  0.4083E+02  0.4284E+02  0.4485E+02  0.4686E+02  0.4886E+02  0.5035E+02  0.5123E+02
     11.2466      350.0000  0.6369E+01  0.7217E+01  0.8466E+01  0.9860E+01  0.1158E+02  0.1334E+02  0.1519E+02  0.1708E+02  0.1900E+02  0.2093E+02  0.2288E+02  0.2485E+02  0.2683E+02  0.2882E+02  0.3082E+02  0.3281E+02  0.3481E+02  0.3682E+02  0.3882E+02  0.4083E+02  0.4284E+02  0.4485E+02  0.4686E+02  0.4886E+02  0.5035E+02  0.5123E+02
     11.3821      360.0000  0.6369E+01  0.7217E+01  0.8466E+01  0.9860E+01  0.1158E+02  0.1334E+02  0.1519E+02  0.1708E+02  0.1900E+02  0.2093E+02  0.2288E+02  0.2485E+02  0.2683E+02  0.2882E+02  0.3082E+02  0.3281E+02  0.3481E+02  0.3682E+02  0.3882E+02  0.4083E+02  0.4284E+02  0.4485E+02  0.4686E+02  0.4886E+02  0.5035E+02  0.5123E+02
     11.5176       10.0000  0.6369E+01  0.7217E+01  0.8466E+01  0.9861E+01  0.1158E+02  0.1334E+02  0.1519E+02  0.1708E+02  0.1900E+02  0.2093E+02  0.2288E+02  0.2485E+02  0.2683E+02  0.2882E+02  0.3082E+02  0.3281E+02  0.3481E+02  0.3682E+02  0.3882E+02  0.4083E+02  0.4284E+02  0.4485E+02  0.4686E+02  0.4886E+02  0.5035E+02  0.5123E+02
     11.6531       20.0000  0.6369E+01  0.7217E+01  0.8467E+01  0.9861E+01  0.1158E+02  0.1334E+02  0.1519E+02  0.1708E+02  0.1900E+02  0.2093E+02  0.2288E+02  0.2485E+02  0.2683E+02  0.2882E+02  0.3082E+02  0.3281E+02  0.3481E+02  0.3682E+02  0.3882E+02  0.4083E+02  0.4284E+02  0.4485E+02  0.4686E+02  0.4886E+02  0.5035E+02  0.5123E+02
     11.7886       30.0000  0.6369E+01  0.7217E+01  0.8467E+01  0.9862E+01  0.1158E+02  0.1334E+02  0.1519E+02  0.1708E+02  0.1900E+02  0.2093E+02  0.2288E+02  0.2485E+02  0.2683E+02  0.2882E+02  0.3082E+02  0.3281E+02  0.3481E+02  0.3682E+02  0.3882E+02  0.4083E+02  0.4284E+02  0.4485E+02  0.4686E+02  0.4886E+02  0.5035E+02  0.5123E+02
     11.9241       40.0000  0.6369E+01  0.7217E+01  0.8467E+01  0.9862E+01  0.1158E+02  0.1334E+02  0.1519E+02  0.1708E+02  0.1900E+02  0.2093E+02  0.2288E+02  0.2485E+02  0.2683E+02  0.2882E+02  0.3082E+02  0.3281E+02  0.3481E+02  0.3682E+02  0.3882E+02  0.4083E+02  0.4284E+02  0.4485E+02  0.4686E+02  0.4886E+02  0.5035E+02  0.5123E+02
     12.0596       50.0000  0.6369E+01  0.7217E+01  0.8467E+01  0.9863E+01  0.1158E+02  0.1334E+02  0.1519E+02  0.1708E+02  0.1900E+02  0.2093E+02  0.2288E+02  0.2485E+02  0.2683E+02  0.2882E+02  0.3082E+02  0.3281E+02  0.3481E+02  0.3682E+02  0.3882E+02  0.4083E+02  0.4284E+02  0.4485E+02  0.4686E+02  0.4886E+02  0.5035E+02  0.5123E+02
     12.1951       60.0000  0.6369E+01  0.7217E+01  0.8467E+01  0.9863E+01  0.1158E+02  0.1334E+02  0.1519E+02  0.1708E+02  0.1900E+02  0.2093E+02  0.2288E+02  0.2485E+02  0.2683E+02  0.2882E+02  0.3082E+02  0.3281E+02  0.3481E+02  0.3682E+02  0.3882E+02  0.4083E+02  0.4284E+02  0.4485E+02  0.4686E+02  0.4886E+02  0.5035E+02  0.5123E+02
     12.3306       70.0000  0.6369E+01  0.7217E+01  0.8467E+01  0.9863E+01  0.1158E+02  0.1334E+02  0.1519E+02  0.1708E+02  0.1900E+02  0.2093E+02  0.2288E+02  0.2485E+02  0.2683E+02  0.2882E+02  0.3082E+02  0.3281E+02  0.3481E+02  0.3682E+02  0.3882E+02  0.4083E+02  0.4284E+02  0.4485E+02  0.4686E+02  0.4886E+02  0.5035E+02  0.5123E+02
     12.4661       80.0000  0.6369E+01  0.7217E+01  0.8468E+01  0.9864E+01  0.1158E+02  0.1334E+02  0.1519E+02  0.1708E+02  0.1900E+02  0.2093E+02  0.2288E+02  0.2485E+02  0.2683E+02  0.2882E+02  0.3082E+02  0.3281E+02  0.3481E+02  0.3682E+02  0.3882E+02  0.4083E+02  0.4284E+02  0.4485E+02  0.4686E+02  0.4886E+02  0.5035E+02  0.5123E+02
     12.6016       90.0000  0.6369E+01  0.7217E+01  0.8468E+01  0.9864E+01  0.1158E+02  0.1334E+02  0.1519E+02  0.1708E+02  0.1900E+02  0.2093E+02  0.2288E+02  0.2485E+02  0.2683E+02  0.2882E+02  0.3082E+02  0.3281E+02  0.3481E+02  0.3682E+02  0.3882E+02  0.4083E+02  0.4284E+02  0.4485E+02  0.4686E+02  0.4886E+02  0.5035E+02  0.5123E+02
     12.7371      100.0000  0.6369E+01  0.7217E+01  0.8468E+01  0.9864E+01  0.1158E+02  0.1334E+02  0.1519E+02  0.1708E+02  0.1900E+02  0.2093E+02  0.2288E+02  0.2485E+02  0.2683E+02  0.2882E+02  0.3082E+02  0.3281E+02  0.3481E+02  0.3682E+02  0.3882E+02  0.4083E+02  0.4284E+02  0.4485E+02  0.4686E+02  0.4886E+02  0.5035E+02  0.5123E+02
     12.8726      110.0000  0.6369E+01  0.7217E+01  0.8468E+01  0.9865E+01  0.1158E+02  0.1334E+02  0.1519E+02  0.1708E+02  0.1900E+02  0.2093E+02  0.2288E+02  0.2485E+02  0.2683E+02  0.2882E+02  0.3082E+02  0.3281E+02  0.3481E+02  0.3682E+02  0.3882E+02  0.4083E+02  0.4284E+02  0.4485E+02  0.4686E+02  0.4886E+02  0.5035E+02  0.5123E+02
     13.0081      120.0000  0.6369E+01  0.7217E+01  0.8468E+01  0.9865E+01  0.1158E+02  0.1334E+02  0.1519E+02  0.1708E+02  0.1900E+02  0.2093E+02  0.2288E+02  0.2485E+02  0.2683E+02  0.2882E+02  0.3082E+02  0.3281E+02  0.3481E+02  0.3682E+02  0.3882E+02  0.4083E+02  0.4284E+02  0.4485E+02  0.4686E+02  0.4886E+02  0.5035E+02  0.5123E+02
     13.1436      130.0000  0.6369E+01  0.7217E+01  0.8468E+01  0.9865E+01  0.1159E+02  0.1334E+02  0.1519E+02  0.1708E+02  0.1900E+02  0.2093E+02  0.2288E+02  0.2485E+02  0.2683E+02  0.2882E+02  0.3082E+02  0.3281E+02  0.3481E+02  0.3682E+02  0.3882E+02  0.4083E+02  0.4284E+02  0.4485E+02  0.4686E+02  0.4886E+02  0.5035E+02  0.5123E+02
     13.2791      140.0000  0.6369E+01  0.7217E+01  0.8468E+01  0.9866E+01  0.1159E+02  0.1334E+02  0.1519E+02  0.1708E+02  0.1900E+02  0.2093E+02  0.2288E+02  0.2485E+02  0.2683E+02  0.2882E+02  0.3082E+02  0.3281E+02  0.3481E+02  0.3682E+02  0.3882E+02  0.4083E+02  0.4284E+02  0.4485E+02  0.4686E+02  0.4886E+02  0.5035E+02  0.5123E+02
     13.4146      150.0000  0.6369E+01  0.7217E+01  0.8468E+01  0.9866E+01  0.1159E+02  0.1334E+02  0.1519E+02  0.1708E+02  0.1900E+02  0.2093E+02  0.2288E+02  0.2485E+02  0.2683E+02  0.2882E+02  0.3082E+02  0.3281E+02  0.3481E+02  0.3682E+02  0.3882E+02  0.4083E+02  0.4284E+02  0.4485E+02  0.4686E+02  0.4886E+02  0.5035E+02  0.5123E+02
     13.5501      160.0000  0.6369E+01  0.7217E+01  0.8469E+01  0.9866E+01  0.1159E+02  0.1334E+02  0.1519E+02  0.1708E+02  0.1900E+02  0.2093E+02  0.2288E+02  0.2485E+02  0.2683E+02  0.2882E+02  0.3082E+02  0.3281E+02  0.3481E+02  0.3682E+02  0.3882E+02  0.4083E+02  0.4284E+02  0.4485E+02  0.4686E+02  0.4886E+02  0.5035E+02  0.5123E+02
     13.6856      170.0000  0.6369E+01  0.7217E+01  0.8469E+01  0.9867E+01  0.1159E+02  0.1335E+02  0.1519E+02  0.1708E+02  0.1900E+02  0.2093E+02  0.2288E+02  0.2485E+02  0.2683E+02  0.2882E+02  0.3082E+02  0.3281E+02  0.3481E+02  0.3682E+02  0.3882E+02  0.4083E+02  0.4284E+02  0.4485E+02  0.4686E+02  0.4886E+02  0.5035E+02  0.5123E+02
     13.8211      180.0000  0.6369E+01  0.7217E+01  0.8469E+01  0.9867E+01  0.1159E+02  0.1335E+02  0.1519E+02  0.1708E+02  0.1900E+02  0.2093E+02  0.2288E+02  0.2485E+02  0.2683E+02  0.2882E+02  0.3082E+02  0.3281E+02  0.3481E+02  0.3682E+02  0.3882E+02  0.4083E+02  0.4284E+02  0.4485E+02  0.4686E+02  0.4886E+02  0.5035E+02  0.5123E+02
     13.9566      190.0000  0.6369E+01  0.7217E+01  0.8469E+01  0.9867E+01  0.1159E+02  0.1335E+02  0.1519E+02  0.1708E+02  0.1900E+02  0.2093E+02  0.2288E+02  0.2485E+02  0.2683E+02  0.2882E+02  0.3082E+02  0.3281E+02  0.3481E+02  0.3682E+02  0.3882E+02  0.4083E+02  0.4284E+02  0.4485E+02  0.4686E+02  0.4886E+02  0.5035E+02  0.5123E+02
     14.0921      200.0000  0.6369E+01  0.7217E+01  0.8469E+01  0.9868E+01  0.1159E+02  0.1335E+02  0.1519E+02  0.1708E+02  0.1900E+02  0.2093E+02  0.2288E+02  0.2485E+02  0.2683E+02  0.2882E+02  0.3082E+02  0.3281E+02  0.3481E+02  0.3682E+02  0.3882E+02  0.4083E+02  0.4284E+02  0.4485E+02  0.4686E+02  0.4886E+02  0.5035E+02  0.5123E+02
     14.2276      210.0000  0.6369E+01  0.7217E+01  0.8469E+01  0.9868E+01  0.1159E+02  0.1335E+02  0.1519E+02  0.1708E+02  0.1900E+02  0.2093E+02  0.2288E+02  0.2485E+02  0.2683E+02  0.2882E+02  0.3082E+02  0.3281E+02  0.3481E+02  0.3682E+02  0.3882E+02  0.4083E+02  0.4284E+02  0.4485E+02  0.4686E+02  0.4886E+02  0.5035E+02  0.5123E+02
     14.3631      220.0000  0.6369E+01  0.7217E+01  0.8469E+01  0.9868E+01  0.1159E+02  0.1335E+02  0.1519E+02  0.1708E+02  0.1900E+02  0.2093E+02  0.2288E+02  0.2485E+02  0.2683E+02  0.2882E+02  0.3082E+02  0.3281E+02  0.3481E+02  0.3682E+02  0.3882E+02  0.4083E+02  0.4284E+02  0.4485E+02  0.4686E+02  0.4886E+02  0.5035E+02  0.5123E+02
     14.4986      230.0000  0.6369E+01  0.7217E+01  0.8469E+01  0.9868E+01  0.1159E+02  0.1335E+02  0.1519E+02  0.1708E+02  0.1900E+02  0.2093E+02  0.2288E+02  0.2485E+02  0.2683E+02  0.2882E+02  0.3082E+02  0.3281E+02  0.3481E+02  0.3682E+02  0.3882E+02  0.4083E+02  0.4284E+02  0.4485E+02  0.4686E+02  0.4886E+02  0.5035E+02  0.5123E+02
     14.6341      240.0000  0.6369E+01  0.7217E+01  0.8469E+01  0.9869E+01  0.1159E+02  0.1335E+02  0.1519E+02  0.1708E+02  0.1900E+02  0.2093E+02  0.2288E+02  0.2485E+02  0.2683E+02  0.2882E+02  0.3082E+02  0.3281E+02  0.3481E+02  0.3682E+02  0.3882E+02  0.4083E+02  0.4284E+02  0.4485E+02  0.4686E+02  0.4886E+02  0.5035E+02  0.5123E+02
     14.7696      250.0000  0.6369E+01  0.7217E+01  0.8469E+01  0.9869E+01  0.1159E+02  0.1335E+02  0.1519E+02  0.1708E+02  0.1900E+02  0.2093E+02  0.2288E+02  0.2485E+02  0.2683E+02  0.2882E+02  0.3082E+02  0.3281E+02  0.3481E+02  0.3682E+02  0.3882E+02  0.4083E+02  0.4284E+02  0.4485E+02  0.4686E+02  0.4886E+02  0.5035E+02  0.5123E+02
     14.9051      260.0000  0.6369E+01  0.7217E+01  0.8470E+01  0.9869E+01  0.1159E+02  0.1335E+02  0.1519E+02  0.1708E+02  0.1900E+02  0.2093E+02  0.2288E+02  0.2485E+02  0.2683E+02  0.2882E+02  0.3082E+02  0.3281E+02  0.3481E+02  0.3682E+02  0.3882E+02  0.4083E+02  0.4284E+02  0.4485E+02  0.4686E+02  0.4886E+02  0.5035E+02  0.5123E+02
     15.0407      270.0000  0.6369E+01  0.7217E+01  0.8470E+01  0.9869E+01  0.1159E+02  0.1335E+02  0.1519E+02  0.1708E+02  0.1900E+02  0.2093E+02  0.2288E+02  0.2485E+02  0.2683E+02  0.2882E+02  0.3082E+02  0.3281E+02  0.3481E+02  0.3682E+02  0.3882E+02  0.4083E+02  0.4284E+02  0.4485E+02  0.4686E+02  0.4886E+02  0.5035E+02  0.5123E+02
     15.1762      280.0000  0.6369E+01  0.7217E+01  0.8470E+01  0.9870E+01  0.1159E+02  0.1335E+02  0.1519E+02  0.1708E+02  0.1900E+02  0.2093E+02  0.2288E+02  0.2485E+02  0.2683E+02  0.2882E+02  0.3082E+02  0.3281E+02  0.3481E+02  0.3682E+02  0.3882E+02  0.4083E+02  0.4284E+02  0.4485E+02  0.4686E+02  0.4886E+02  0.5035E+02  0.5123E+02
     15.3117      290.0000  0.6369E+01  0.7217E+01  0.8470E+01  0.9870E+01  0.1159E+02  0.1335E+02  0.1519E+02  0.1708E+02  0.1900E+02  0.2093E+02  0.2288E+02  0.2485E+02  0.2683E+02  0.2882E+02  0.3082E+02  0.3281E+02  0.3481E+02  0.3682E+02  0.3882E+02  0.4083E+02  0.4284E+02  0.4485E+02  0.4686E+02  0.4886E+02  0.5035E+02  0.5123E+02
     15.4472      300.0000  0.6369E+01  0.7217E+01  0.8470E+01  0.9870E+01  0.1159E+02  0.1335E+02  0.1519E+02  0.1708E+02  0.1900E+02  0.2093E+02  0.2288E+02  0.2485E+02  0.2683E+02  0.2882E+02  0.3082E+02  0.3281E+02  0.3481E+02  0.3682E+02  0.3882E+02  0.4083E+02  0.4284E+02  0.4485E+02  0.4686E+02  0.4886E+02  0.5035E+02  0.5123E+02
     15.5827      310.0000  0.6369E+01  0.7217E+01  0.8470E+01  0.9870E+01  0.1159E+02  0.1335E+02  0.1519E+02  0.1708E+02  0.1900E+02  0.2093E+02  0.2288E+02  0.2485E+02  0.2683E+02  0.2882E+02  0.3082E+02  0.3281E+02  0.3481E+02  0.3682E+02  0.3882E+02  0.4083E+02  0.4284E+02  0.4485E+02  0.4686E+02  0.4886E+02  0.5035E+02  0.5123E+02
     15.7182      320.0000  0.6369E+01  0.7217E+01  0.8470E+01  0.9870E+01  0.1159E+02  0.1335E+02  0.1519E+02  0.1708E+02  0.1900E+02  0.2093E+02  0.2288E+02  0.2485E+02  0.2683E+02  0.2882E+02  0.3082E+02  0.3281E+02  0.3481E+02  0.3682E+02  0.3882E+02  0.4083E+02  0.4284E+02  0.4485E+02  0.4686E+02  0.4886E+02  0.5035E+02  0.5123E+02
     15.8537      330.0000  0.6369E+01  0.7217E+01  0.8470E+01  0.9871E+01  0.1159E+02  0.1335E+02  0.1519E+02  0.1708E+02  0.1900E+02  0.2093E+02  0.2288E+02  0.2485E+02  0.2683E+02  0.2882E+02  0.3082E+02  0.3281E+02  0.3481E+02  0.3682E+02  0.3882E+02  0.4083E+02  0.4284E+02  0.4485E+02  0.4686E+02  0.4886E+02  0.5035E+02  0.5123E+02
     15.9892      340.0000  0.6369E+01  0.7217E+01  0.8470E+01  0.9871E+01  0.1159E+02  0.1335E+02  0.1519E+02  0.1708E+02  0.1900E+02  0.2093E+02  0.2288E+02  0.2485E+02  0.2683E+02  0.2882E+02  0.3082E+02  0.3281E+02  0.3481E+02  0.3682E+02  0.3882E+02  0.4083E+02  0.4284E+02  0.4485E+02  0.4686E+02  0.4886E+02  0.5035E+02  0.5123E+02
     16.1247      350.0000  0.6369E+01  0.7217E+01  0.8470E+01  0.9871E+01  0.1159E+02  0.1335E+02  0.1519E+02  0.1708E+02  0.1900E+02  0.2093E+02  0.2288E+02  0.2485E+02  0.2683E+02  0.2882E+02  0.3082E+02  0.3281E+02  0.3481E+02  0.3682E+02  0.3882E+02  0.4083E+02  0.4284E+02  0.4485E+02  0.4686E+02  0.4886E+02  0.5035E+02  0.5123E+02
     16.2602      360.0000  0.6369E+01  0.7217E+01  0.8470E+01  0.9871E+01  0.1159E+02  0.1335E+02  0.1519E+02  0.1708E+02  0.1900E+02  0.2093E+02  0.2288E+02  0.2485E+02  0.2683E+02  0.2882E+02  0.3082E+02  0.3281E+02  0.3481E+02  0.3682E+02  0.3882E+02  0.4083E+02  0.4284E+02  0.4485E+02  0.4686E+02  0.4886E+02  0.5035E+02  0.5123E+02
     16.3957       10.0000  0.6369E+01  0.7217E+01  0.8470E+01  0.9871E+01  0.1159E+02  0.1335E+02  0.1519E+02  0.1708E+02  0.1900E+02  0.2093E+02  0.2288E+02  0.2485E+02  0.2683E+02  0.2882E+02  0.3082E+02  0.3281E+02  0.3481E+02  0.3682E+02  0.3882E+02  0.4083E+02  0.4284E+02  0.4485E+02  0.4686E+02  0.4886E+02  0.5035E+02  0.5123E+02
     16.5312       20.0000  0.6369E+01  0.7217E+01  0.8470E+01  0.9872E+01  0.1159E+02  0.1335E+02  0.1519E+02  0.1708E+02  0.1900E+02  0.2093E+02  0.2288E+02  0.2485E+02  0.2683E+02  0.2882E+02  0.3082E+02  0.3281E+02  0.3481E+02  0.3682E+02  0.3882E+02  0.4083E+02  0.4284E+02  0.4485E+02  0.4686E+02  0.4886E+02  0.5035E+02  0.5123E+02
     16.6667       30.0000  0.6369E+01  0.7217E+01  0.8471E+01  0.9872E+01  0.1159E+02  0.1335E+02  0.1519E+02  0.1708E+02  0.1900E+02  0.2093E+02  0.2288E+02  0.2485E+02  0.2683E+02  0.2882E+02  0.3082E+02  0.3281E+02  0.3481E+02  0.3682E+02  0.3882E+02  0.4083E+02  0.4284E+02  0.4485E+02  0.4686E+02  0.4886E+02  0.5035E+02  0.5123E+02
     16.8022       40.0000  0.6369E+01  0.7217E+01  0.8471E+01  0.9872E+01  0.1159E+02  0.1335E+02  0.1519E+02  0.1708E+02  0.1900E+02  0.2093E+02  0.2288E+02  0.2485E+02  0.2683E+02  0.2882E+02  0.3082E+02  0.3281E+02  0.3481E+02  0.3682E+02  0.3882E+02  0.4083E+02  0.4284E+02  0.4485E+02  0.4686E+02  0.4886E+02  0.5035E+02  0.5123E+02
     16.9377       50.0000  0.6369E+01  0.7217E+01  0.8471E+01  0.9872E+01  0.1159E+02  0.1335E+02  0.1519E+02  0.1708E+02  0.1900E+02  0.2093E+02  0.2288E+02  0.2485E+02  0.2683E+02  0.2882E+02  0.3082E+02  0.3281E+02  0.3481E+02  0.3682E+02  0.3882E+02  0.4083E+02  0.4284E+02  0.4485E+02  0.4686E+02  0.4886E+02  0.5035E+02  0.5123E+02
     17.0732       60.0000  0.6369E+01  0.7217E+01  0.8471E+01  0.9872E+01  0.1159E+02  0.1335E+02  0.1519E+02  0.1708E+02  0.1900E+02  0.2093E+02  0.2288E+02  0.2485E+02  0.2683E+02  0.2882E+02  0.3082E+02  0.3281E+02  0.3481E+02  0.3682E+02  0.3882E+02  0.4083E+02  0.4284E+02  0.4485E+02  0.4686E+02  0.4886E+02  0.5035E+02  0.5123E+02
     17.2087       70.0000  0.6369E+01  0.7217E+01  0.8471E+01  0.9872E+01  0.1159E+02  0.1335E+02  0.1519E+02  0.1708E+02  0.1900E+02  0.2093E+02  0.2288E+02  0.2485E+02  0.2683E+02  0.2882E+02  0.3082E+02  0.3281E+02  0.3481E+02  0.3682E+02  0.3882E+02  0.4083E+02  0.4284E+02  0.4485E+02  0.4686E+02  0.4886E+02  0.5035E+02  0.5123E+02
     17.3442       80.0000  0.6369E+01  0.7217E+01  0.8471E+01  0.9873E+01  0.1159E+02  0.1335E+02  0.1519E+02  0.1708E+02  0.1900E+02  0.2093E+02  0.2288E+02  0.2485E+02  0.2683E+02  0.2882E+02  0.3082E+02  0.3281E+02  0.3481E+02  0.3682E+02  0.3882E+02  0.4083E+02  0.4284E+02  0.4485E+02  0.4686E+02  0.4886E+02  0.5035E+02  0.5123E+02
     17.4797       90.0000  0.6369E+01  0.7217E+01  0.8471E+01  0.9873E+01  0.1159E+02  0.1335E+02  0.1519E+02  0.1708E+02  0.1900E+02  0.2093E+02  0.2288E+02  0.2485E+02  0.2683E+02  0.2882E+02  0.3082E+02  0.3281E+02  0.3481E+02  0.3682E+02  0.3882E+02  0.4083E+02  0.4284E+02  0.4485E+02  0.4686E+02  0.4886E+02  0.5035E+02  0.5123E+02
     17.6152      100.0000  0.6369E+01  0.7217E+01  0.8471E+01  0.9873E+01  0.1159E+02  0.1335E+02  0.1519E+02  0.1708E+02  0.1900E+02  0.2093E+02  0.2288E+02  0.2485E+02  0.2683E+02  0.2882E+02  0.3082E+02  0.3281E+02  0.3481E+02  0.3682E+02  0.3882E+02  0.4083E+02  0.4284E+02  0.4485E+02  0.4686E+02  0.4886E+02  0.5035E+02  0.5123E+02
     17.7507      110.0000  0.6369E+01  0.7217E+01  0.8471E+01  0.9873E+01  0.1159E+02  0.1335E+02  0.1519E+02  0.1708E+02  0.1900E+02  0.2093E+02  0.2288E+02  0.2485E+02  0.2683E+02  0.2882E+02  0.3082E+02  0.3281E+02  0.3481E+02  0.3682E+02  0.3882E+02  0.4083E+02  0.4284E+02  0.4485E+02  0.4686E+02  0.4886E+02  0.5035E+02  0.5123E+02
     17.8862      120.0000  0.6369E+01  0.7217E+01  0.8471E+01  0.9873E+01  0.1159E+02  0.1335E+02  0.1519E+02  0.1708E+02  0.1900E+02  0.2093E+02  0.2288E+02  0.2485E+02  0.2683E+02  0.2882E+02  0.3082E+02  0.3281E+02  0.3481E+02  0.3682E+02  0.3882E+02  0.4083E+02  0.4284E+02  0.4485E+02  0.4686E+02  0.4886E+02  0.5035E+02  0.5123E+02
     18.0217      130.0000  0.6369E+01  0.7217E+01  0.8471E+01  0.9873E+01  0.1159E+02  0.1335E+02  0.1519E+02  0.1708E+02  0.1900E+02  0.2093E+02  0.2288E+02  0.2485E+02  0.2683E+02  0.2882E+02  0.3082E+02  0.3281E+02  0.3481E+02  0.3682E+02  0.3882E+02  0.4083E+02  0.4284E+02  0.4485E+02  0.4686E+02  0.4886E+02  0.5035E+02  0.5123E+02
     18.1572      140.0000  0.6369E+01  0.7217E+01  0.8471E+01  0.9873E+01  0.1159E+02  0.1335E+02  0.1519E+02  0.1708E+02  0.1900E+02  0.2093E+02  0.2288E+02  0.2485E+02  0.2683E+02  0.2882E+02  0.3082E+02  0.3281E+02  0.3481E+02  0.3682E+02  0.3882E+02  0.4083E+02  0.4284E+02  0.4485E+02  0.4686E+02  0.4886E+02  0.5035E+02  0.5123E+02
     18.2927      150.0000  0.6369E+01  0.7217E+01  0.8471E+01  0.9874E+01  0.1159E+02  0.1335E+02  0.1519E+02  0.1708E+02  0.1900E+02  0.2093E+02  0.2288E+02  0.2485E+02  0.2683E+02  0.2882E+02  0.3082E+02  0.3281E+02  0.3481E+02  0.3682E+02  0.3882E+02  0.4083E+02  0.4284E+02  0.4485E+02  0.4686E+02  0.4886E+02  0.5035E+02  0.5123E+02
     18.4282      160.0000  0.6369E+01  0.7217E+01  0.8471E+01  0.9874E+01  0.1159E+02  0.1335E+02  0.1519E+02  0.1708E+02  0.1900E+02  0.2093E+02  0.2288E+02  0.2485E+02  0.2683E+02  0.2882E+02  0.3082E+02  0.3281E+02  0.3481E+02  0.3682E+02  0.3882E+02  0.4083E+02  0.4284E+02  0.4485E+02  0.4686E+02  0.4886E+02  0.5035E+02  0.5123E+02
     18.5637      170.0000  0.6369E+01  0.7217E+01  0.8471E+01  0.9874E+01  0.1159E+02  0.1335E+02  0.1519E+02  0.1708E+02  0.1900E+02  0.2093E+02  0.2288E+02  0.2485E+02  0.2683E+02  0.2882E+02  0.3082E+02  0.3281E+02  0.3481E+02  0.3682E+02  0.3882E+02  0.4083E+02  0.4284E+02  0.4485E+02  0.4686E+02  0.4886E+02  0.5035E+02  0.5123E+02
     18.6992      180.0000  0.6369E+01  0.7217E+01  0.8471E+01  0.9874E+01  0.1159E+02  0.1335E+02  0.1519E+02  0.1708E+02  0.1900E+02  0.2093E+02  0.2288E+02  0.2485E+02  0.2683E+02  0.2882E+02  0.3082E+02  0.3281E+02  0.3481E+02  0.3682E+02  0.3882E+02  0.4083E+02  0.4284E+02  0.4485E+02  0.4686E+02  0.4886E+02  0.5035E+02  0.5123E+02
     18.8347      190.0000  0.6369E+01  0.7217E+01  0.8471E+01  0.9874E+01  0.1159E+02  0.1335E+02  0.1519E+02  0.1708E+02  0.1900E+02  0.2093E+02  0.2288E+02  0.2485E+02  0.2683E+02  0.2882E+02  0.3082E+02  0.3281E+02  0.3481E+02  0.3682E+02  0.3882E+02  0.4083E+02  0.4284E+02  0.4485E+02  0.4686E+02  0.4886E+02  0.5035E+02  0.5123E+02
     18.9702      200.0000  0.6369E+01  0.7217E+01  0.8472E+01  0.9874E+01  0.1159E+02  0.1335E+02  0.1519E+02  0.1708E+02  0.1900E+02  0.2093E+02  0.2288E+02  0.2485E+02  0.2683E+02  0.2882E+02  0.3082E+02  0.3281E+02  0.3481E+02  0.3682E+02  0.3882E+02  0.4083E+02  0.4284E+02  0.4485E+02  0.4686E+02  0.4886E+02  0.5035E+02  0.5123E+02
     19.1057      210.0000  0.6369E+01  0.7217E+01  0.8472E+01  0.9874E+01  0.1159E+02  0.1335E+02  0.1519E+02  0.1708E+02  0.1900E+02  0.2093E+02  0.2288E+02  0.2485E+02  0.2683E+02  0.2882E+02  0.3082E+02  0.3281E+02  0.3481E+02  0.3682E+02  0.3882E+02  0.4083E+02  0.4284E+02  0.4485E+02  0.4686E+02  0.4886E+02  0.5035E+02  0.5123E+02
     19.2412      220.0000  0.6369E+01  0.7217E+01  0.8472E+01  0.9874E+01  0.1159E+02  0.1335E+02  0.1519E+02  0.1708E+02  0.1900E+02  0.2093E+02  0.2288E+02  0.2485E+02  0.2683E+02  0.2882E+02  0.3082E+02  0.3281E+02  0.3481E+02  0.3682E+02  0.3882E+02  0.4083E+02  0.4284E+02  0.4485E+02  0.4686E+02  0.4886E+02  0.5035E+02  0.5123E+02
     19.3767      230.0000  0.6369E+01  0.7217E+01  0.8472E+01  0.9875E+01  0.1159E+02  0.1335E+02  0.1519E+02  0.1708E+02  0.1900E+02  0.2093E+02  0.2288E+02  0.2485E+02  0.2683E+02  0.2882E+02  0.3082E+02  0.3281E+02  0.3481E+02  0.3682E+02  0.3882E+02  0.4083E+02  0.4284E+02  0.4485E+02  0.4686E+02  0.4886E+02  0.5035E+02  0.5123E+02
     19.5122      240.0000  0.6369E+01  0.7217E+01  0.8472E+01  0.9875E+01  0.1159E+02  0.1335E+02  0.1519E+02  0.1708E+02  0.1900E+02  0.2093E+02  0.2288E+02  0.2485E+02  0.2683E+02  0.2882E+02  0.3082E+02  0.3281E+02  0.3481E+02  0.3682E+02  0.3882E+02  0.4083E+02  0.4284E+02  0.4485E+02  0.4686E+02  0.4886E+02  0.5035E+02  0.5123E+02
     19.6477      250.0000  0.6369E+01  0.7217E+01  0.8472E+01  0.9875E+01  0.1159E+02  0.1335E+02  0.1519E+02  0.1708E+02  0.1900E+02  0.2093E+02  0.2288E+02  0.2485E+02  0.2683E+02  0.2882E+02  0.3082E+02  0.3281E+02  0.3481E+02  0.3682E+02  0.3882E+02  0.4083E+02  0.4284E+02  0.4485E+02  0.4686E+02  0.4886E+02  0.5035E+02  0.5123E+02
     19.7832      260.0000  0.6369E+01  0.7217E+01  0.8472E+01  0.9875E+01  0.1159E+02  0.1335E+02  0.1519E+02  0.1708E+02  0.1900E+02  0.2093E+02  0.2288E+02  0.2485E+02  0.2683E+02  0.2882E+02  0.3082E+02  0.3281E+02  0.3481E+02  0.3682E+02  0.3882E+02  0.4083E+02  0.4284E+02  0.4485E+02  0.4686E+02  0.4886E+02  0.5035E+02  0.5123E+02
     19.9187      270.0000  0.6369E+01  0.7217E+01  0.8472E+01  0.9875E+01  0.1159E+02  0.1335E+02  0.1519E+02  0.1708E+02  0.1900E+02  0.2093E+02  0.2288E+02  0.2485E+02  0.2683E+02  0.2882E+02  0.3082E+02  0.3281E+02  0.3481E+02  0.3682E+02  0.3882E+02  0.4083E+02  0.4284E+02  0.4485E+02  0.4686E+02  0.4886E+02  0.5035E+02  0.5123E+02
     20.0542      280.0000  0.6369E+01  0.7217E+01  0.8472E+01  0.9875E+01  0.1159E+02  0.1335E+02  0.1519E+02  0.1708E+02  0.1900E+02  0.2093E+02  0.2288E+02  0.2485E+02  0.2683E+02  0.2882E+02  0.3082E+02  0.3281E+02  0.3481E+02  0.3682E+02  0.3882E+02  0.4083E+02  0.4284E+02  0.4485E+02  0.4686E+02  0.4886E+02  0.5035E+02  0.5123E+02
     20.1897      290.0000  0.6369E+01  0.7217E+01  0.8472E+01  0.9875E+01  0.1159E+02  0.1335E+02  0.1519E+02  0.1708E+02  0.1900E+02  0.2093E+02  0.2288E+02  0.2485E+02  0.2683E+02  0.2882E+02  0.3082E+02  0.3281E+02  0.3481E+02  0.3682E+02  0.3882E+02  0.4083E+02  0.4284E+02  0.4485E+02  0.4686E+02  0.4886E+02  0.5035E+02  0.5123E+02
     20.3252      300.0000  0.6369E+01  0.7217E+01  0.8472E+01  0.9875E+01  0.1159E+02  0.1335E+02  0.1519E+02  0.1708E+02  0.1900E+02  0.2093E+02  0.2288E+02  0.2485E+02  0.2683E+02  0.2882E+02  0.3082E+02  0.3281E+02  0.3481E+02  0.3682E+02  0.3882E+02  0.4083E+02  0.4284E+02  0.4485E+02  0.4686E+02  0.4886E+02  0.5035E+02  0.5123E+02
     20.4607      310.0000  0.6369E+01  0.7217E+01  0.8472E+01  0.9875E+01  0.1159E+02  0.1335E+02  0.1519E+02  0.1708E+02  0.1900E+02  0.2093E+02  0.2288E+02  0.2485E+02  0.2683E+02  0.2882E+02  0.3082E+02  0.3281E+02  0.3481E+02  0.3682E+02  0.3882E+02  0.4083E+02  0.4284E+02  0.4485E+02  0.4686E+02  0.4886E+02  0.5035E+02  0.5123E+02
     20.5962      320.0000  0.6369E+01  0.7217E+01  0.8472E+01  0.9876E+01  0.1159E+02  0.1335E+02  0.1519E+02  0.1708E+02  0.1900E+02  0.2093E+02  0.2288E+02  0.2485E+02  0.2683E+02  0.2882E+02  0.3082E+02  0.3281E+02  0.3481E+02  0.3682E+02  0.3882E+02  0.4083E+02  0.4284E+02  0.4485E+02  0.4686E+02  0.4886E+02  0.5035E+02  0.5123E+02
     20.7317      330.0000  0.6369E+01  0.7217E+01  0.8472E+01  0.9876E+01  0.1159E+02  0.1335E+02  0.1519E+02  0.1708E+02  0.1900E+02  0.2093E+02  0.2288E+02  0.2485E+02  0.2683E+02  0.2882E+02  0.3082E+02  0.3281E+02  0.3481E+02  0.3682E+02  0.3882E+02  0.4083E+02  0.4284E+02  0.4485E+02  0.4686E+02  0.4886E+02  0.5035E+02  0.5123E+02
     20.8672      340.0000  0.6369E+01  0.7217E+01  0.8472E+01  0.9876E+01  0.1159E+02  0.1335E+02  0.1519E+02  0.1708E+02  0.1900E+02  0.2093E+02  0.2288E+02  0.2485E+02  0.2683E+02  0.2882E+02  0.3082E+02  0.3281E+02  0.3481E+02  0.3682E+02  0.3882E+02  0.4083E+02  0.4284E+02  0.4485E+02  0.4686E+02  0.4886E+02  0.5035E+02  0.5123E+02
     21.0027      350.0000  0.6369E+01  0.7217E+01  0.8472E+01  0.9876E+01  0.1159E+02  0.1335E+02  0.1519E+02  0.1708E+02  0.1900E+02  0.2093E+02  0.2288E+02  0.2485E+02  0.2683E+02  0.2882E+02  0.3082E+02  0.3281E+02  0.3481E+02  0.3682E+02  0.3882E+02  0.4083E+02  0.4284E+02  0.4485E+02  0.4686E+02  0.4886E+02  0.5035E+02  0.5123E+02
     21.1382      360.0000  0.6369E+01  0.7217E+01  0.8472E+01  0.9876E+01  0.1159E+02  0.1335E+02  0.1519E+02  0.1708E+02  0.1900E+02  0.2093E+02  0.2288E+02  0.2485E+02  0.2683E+02  0.2882E+02  0.3082E+02  0.3281E+02  0.3481E+02  0.3682E+02  0.3882E+02  0.4083E+02  0.4284E+02  0.4485E+02  0.4686E+02  0.4886E+02  0.5035E+02  0.5123E+02
     21.2737       10.0000  0.6369E+01  0.7217E+01  0.8472E+01  0.9876E+01  0.1159E+02  0.1335E+02  0.1519E+02  0.1708E+02  0.1900E+02  0.2093E+02  0.2288E+02  0.2485E+02  0.2683E+02  0.2882E+02  0.3082E+02  0.3281E+02  0.3481E+02  0.3682E+02  0.3882E+02  0.4083E+02  0.4284E+02  0.4485E+02  0.4686E+02  0.4886E+02  0.5035E+02  0.5123E+02
     21.4092       20.0000  0.6369E+01  0.7217E+01  0.8472E+01  0.9876E+01  0.1159E+02  0.1335E+02  0.1519E+02  0.1708E+02  0.1900E+02  0.2093E+02  0.2288E+02  0.2485E+02  0.2683E+02  0.2882E+02  0.3082E+02  0.3281E+02  0.3481E+02  0.3682E+02  0.3882E+02  0.4083E+02  0.4284E+02  0.4485E+02  0.4686E+02  0.4886E+02  0.5035E+02  0.5123E+02
     21.5447       30.0000  0.6369E+01  0.7217E+01  0.8472E+01  0.9876E+01  0.1159E+02  0.1335E+02  0.1519E+02  0.1708E+02  0.1900E+02  0.2093E+02  0.2288E+02  0.2485E+02  0.2683E+02  0.2882E+02  0.3082E+02  0.3281E+02  0.3481E+02  0.3682E+02  0.3882E+02  0.4083E+02  0.4284E+02  0.4485E+02  0.4686E+02  0.4886E+02  0.5035E+02  0.5123E+02
     21.6802       40.0000  0.6369E+01  0.7217E+01  0.8472E+01  0.9876E+01  0.1159E+02  0.1335E+02  0.1519E+02  0.1708E+02  0.1900E+02  0.2093E+02  0.2288E+02  0.2485E+02  0.2683E+02  0.2882E+02  0.3082E+02  0.3281E+02  0.3481E+02  0.3682E+02  0.3882E+02  0.4083E+02  0.4284E+02  0.4485E+02  0.4686E+02  0.4886E+02  0.5035E+02  0.5123E+02
     21.8157       50.0000  0.6369E+01  0.7217E+01  0.8472E+01  0.9876E+01  0.1159E+02  0.1335E+02  0.1519E+02  0.1708E+02  0.1900E+02  0.2093E+02  0.2288E+02  0.2485E+02  0.2683E+02  0.2882E+02  0.3082E+02  0.3281E+02  0.3481E+02  0.3682E+02  0.3882E+02  0.4083E+02  0.4284E+02  0.4485E+02  0.4686E+02  0.4886E+02  0.5035E+02  0.5123E+02
     21.9512       60.0000  0.6369E+01  0.7217E+01  0.8472E+01  0.9876E+01  0.1159E+02  0.1335E+02  0.1519E+02  0.1708E+02  0.1900E+02  0.2093E+02  0.2288E+02  0.2485E+02  0.2683E+02  0.2882E+02  0.3082E+02  0.3281E+02  0.3481E+02  0.3682E+02  0.3882E+02  0.4083E+02  0.4284E+02  0.4485E+02  0.4686E+02  0.4886E+02  0.5035E+02  0.5123E+02
     22.0867       70.0000  0.6369E+01  0.7217E+01  0.8473E+01  0.9876E+01  0.1159E+02  0.1335E+02  0.1519E+02  0.1708E+02  0.1900E+02  0.2093E+02  0.2288E+02  0.2485E+02  0.2683E+02  0.2882E+02  0.3082E+02  0.3281E+02  0.3481E+02  0.3682E+02  0.3882E+02  0.4083E+02  0.4284E+02  0.4485E+02  0.4686E+02  0.4886E+02  0.5035E+02  0.5123E+02
     22.2222       80.0000  0.6369E+01  0.7217E+01  0.8473E+01  0.9876E+01  0.1159E+02  0.1335E+02  0.1519E+02  0.1708E+02  0.1900E+02  0.2093E+02  0.2288E+02  0.2485E+02  0.2683E+02  0.2882E+02  0.3082E+02  0.3281E+02  0.3481E+02  0.3682E+02  0.3882E+02  0.4083E+02  0.4284E+02  0.4485E+02  0.4686E+02  0.4886E+02  0.5035E+02  0.5123E+02
     22.3577       90.0000  0.6369E+01  0.7217E+01  0.8473E+01  0.9877E+01  0.1159E+02  0.1335E+02  0.1519E+02  0.1708E+02  0.1900E+02  0.2093E+02  0.2288E+02  0.2485E+02  0.2683E+02  0.2882E+02  0.3082E+02  0.3281E+02  0.3481E+02  0.3682E+02  0.3882E+02  0.4083E+02  0.4284E+02  0.4485E+02  0.4686E+02  0.4886E+02  0.5035E+02  0.5123E+02
     22.4932      100.0000  0.6369E+01  0.7217E+01  0.8472E+01  0.9877E+01  0.1159E+02  0.1335E+02  0.1519E+02  0.1708E+02  0.1900E+02  0.2093E+02  0.2288E+02  0.2485E+02  0.2683E+02  0.2882E+02  0.3082E+02  0.3281E+02  0.3481E+02  0.3682E+02  0.3882E+02  0.4083E+02  0.4284E+02  0.4485E+02  0.4686E+02  0.4886E+02  0.5035E+02  0.5123E+02
     22.6287      110.0000  0.6369E+01  0.7217E+01  0.8473E+01  0.9877E+01  0.1159E+02  0.1335E+02  0.1519E+02  0.1708E+02  0.1900E+02  0.2093E+02  0.2288E+02  0.2485E+02  0.2683E+02  0.2882E+02  0.3082E+02  0.3281E+02  0.3481E+02  0.3682E+02  0.3882E+02  0.4083E+02  0.4284E+02  0.4485E+02  0.4686E+02  0.4886E+02  0.5035E+02  0.5123E+02
     22.7642      120.0000  0.6369E+01  0.7217E+01  0.8473E+01  0.9877E+01  0.1159E+02  0.1335E+02  0.1519E+02  0.1708E+02  0.1900E+02  0.2093E+02  0.2288E+02  0.2485E+02  0.2683E+02  0.2882E+02  0.3082E+02  0.3281E+02  0.3481E+02  0.3682E+02  0.3882E+02  0.4083E+02  0.4284E+02  0.4485E+02  0.4686E+02  0.4886E+02  0.5035E+02  0.5123E+02
     22.8997      130.0000  0.6369E+01  0.7217E+01  0.8473E+01  0.9877E+01  0.1159E+02  0.1335E+02  0.1519E+02  0.1708E+02  0.1900E+02  0.2093E+02  0.2288E+02  0.2485E+02  0.2683E+02  0.2882E+02  0.3082E+02  0.3281E+02  0.3481E+02  0.3682E+02  0.3882E+02  0.4083E+02  0.4284E+02  0.4485E+02  0.4686E+02  0.4886E+02  0.5035E+02  0.5123E+02
     23.0352      140.0000  0.6369E+01  0.7217E+01  0.8473E+01  0.9877E+01  0.1159E+02  0.1335E+02  0.1519E+02  0.1708E+02  0.1900E+02  0.2093E+02  0.2288E+02  0.2485E+02  0.2683E+02  0.2882E+02  0.3082E+02  0.3281E+02  0.3481E+02  0.3682E+02  0.3882E+02  0.4083E+02  0.4284E+02  0.4485E+02  0.4686E+02  0.4886E+02  0.5035E+02  0.5123E+02
     23.1707      150.0000  0.6369E+01  0.7217E+01  0.8473E+01  0.9877E+01  0.1159E+02  0.1335E+02  0.1519E+02  0.1708E+02  0.1900E+02  0.2093E+02  0.2288E+02  0.2485E+02  0.2683E+02  0.2882E+02  0.3082E+02  0.3281E+02  0.3481E+02  0.3682E+02  0.3882E+02  0.4083E+02  0.4284E+02  0.4485E+02  0.4686E+02  0.4886E+02  0.5035E+02  0.5123E+02
     23.3062      160.0000  0.6369E+01  0.7217E+01  0.8473E+01  0.9877E+01  0.1159E+02  0.1335E+02  0.1519E+02  0.1708E+02  0.1900E+02  0.2093E+02  0.2288E+02  0.2485E+02  0.2683E+02  0.2882E+02  0.3082E+02  0.3281E+02  0.3481E+02  0.3682E+02  0.3882E+02  0.4083E+02  0.4284E+02  0.4485E+02  0.4686E+02  0.4886E+02  0.5035E+02  0.5123E+02
     23.4417      170.0000  0.6369E+01  0.7217E+01  0.8473E+01  0.9877E+01  0.1159E+02  0.1335E+02  0.1519E+02  0.1708E+02  0.1900E+02  0.2093E+02  0.2288E+02  0.2485E+02  0.2683E+02  0.2882E+02  0.3082E+02  0.3281E+02  0.3481E+02  0.3682E+02  0.3882E+02  0.4083E+02  0.4284E+02  0.4485E+02  0.4686E+02  0.4886E+02  0.5035E+02  0.5123E+02
     23.5772      180.0000  0.6369E+01  0.7217E+01  0.8473E+01  0.9877E+01  0.1159E+02  0.1335E+02  0.1519E+02  0.1708E+02  0.1900E+02  0.2093E+02  0.2288E+02  0.2485E+02  0.2683E+02  0.2882E+02  0.3082E+02  0.3281E+02  0.3481E+02  0.3682E+02  0.3882E+02  0.4083E+02  0.4284E+02  0.4485E+02  0.4686E+02  0.4886E+02  0.5035E+02  0.5123E+02
     23.7127      190.0000  0.6369E+01  0.7217E+01  0.8473E+01  0.9877E+01  0.1159E+02  0.1335E+02  0.1519E+02  0.1708E+02  0.1900E+02  0.2093E+02  0.2288E+02  0.2485E+02  0.2683E+02  0.2882E+02  0.3082E+02  0.3281E+02  0.3481E+02  0.3682E+02  0.3882E+02  0.4083E+02  0.4284E+02  0.4485E+02  0.4686E+02  0.4886E+02  0.5035E+02  0.5123E+02
     23.8482      200.0000  0.6369E+01  0.7217E+01  0.8473E+01  0.9877E+01  0.1159E+02  0.1335E+02  0.1519E+02  0.1708E+02  0.1900E+02  0.2093E+02  0.2288E+02  0.2485E+02  0.2683E+02  0.2882E+02  0.3082E+02  0.3281E+02  0.3481E+02  0.3682E+02  0.3882E+02  0.4083E+02  0.4284E+02  0.4485E+02  0.4686E+02  0.4886E+02  0.5035E+02  0.5123E+02
     23.9837      210.0000  0.6369E+01  0.7217E+01  0.8473E+01  0.9877E+01  0.1159E+02  0.1335E+02  0.1519E+02  0.1708E+02  0.1900E+02  0.2093E+02  0.2288E+02  0.2485E+02  0.2683E+02  0.2882E+02  0.3082E+02  0.3281E+02  0.3481E+02  0.3682E+02  0.3882E+02  0.4083E+02  0.4284E+02  0.4485E+02  0.4686E+02  0.4886E+02  0.5035E+02  0.5123E+02
     24.1192      220.0000  0.6369E+01  0.7217E+01  0.8473E+01  0.9877E+01  0.1159E+02  0.1335E+02  0.1519E+02  0.1708E+02  0.1900E+02  0.2093E+02  0.2288E+02  0.2485E+02  0.2683E+02  0.2882E+02  0.3082E+02  0.3281E+02  0.3481E+02  0.3682E+02  0.3882E+02  0.4083E+02  0.4284E+02  0.4485E+02  0.4686E+02  0.4886E+02  0.5035E+02  0.5123E+02
     24.2547      230.0000  0.6369E+01  0.7217E+01  0.8473E+01  0.9877E+01  0.1159E+02  0.1335E+02  0.1519E+02  0.1708E+02  0.1900E+02  0.2093E+02  0.2288E+02  0.2485E+02  0.2683E+02  0.2882E+02  0.3082E+02  0.3281E+02  0.3481E+02  0.3682E+02  0.3882E+02  0.4083E+02  0.4284E+02  0.4485E+02  0.4686E+02  0.4886E+02  0.5035E+02  0.5123E+02
     24.3902      240.0000  0.6369E+01  0.7217E+01  0.8473E+01  0.9877E+01  0.1159E+02  0.1335E+02  0.1519E+02  0.1708E+02  0.1900E+02  0.2093E+02  0.2288E+02  0.2485E+02  0.2683E+02  0.2882E+02  0.3082E+02  0.3281E+02  0.3481E+02  0.3682E+02  0.3882E+02  0.4083E+02  0.4284E+02  0.4485E+02  0.4686E+02  0.4886E+02  0.5035E+02  0.5123E+02
     24.5257      250.0000  0.6369E+01  0.7217E+01  0.8473E+01  0.9877E+01  0.1159E+02  0.1335E+02  0.1519E+02  0.1708E+02  0.1900E+02  0.2093E+02  0.2288E+02  0.2485E+02  0.2683E+02  0.2882E+02  0.3082E+02  0.3281E+02  0.3481E+02  0.3682E+02  0.3882E+02  0.4083E+02  0.4284E+02  0.4485E+02  0.4686E+02  0.4886E+02  0.5035E+02  0.5123E+02
     24.6612      260.0000  0.6369E+01  0.7217E+01  0.8473E+01  0.9877E+01  0.1159E+02  0.1335E+02  0.1519E+02  0.1708E+02  0.1900E+02  0.2093E+02  0.2288E+02  0.2485E+02  0.2683E+02  0.2882E+02  0.3082E+02  0.3281E+02  0.3481E+02  0.3682E+02  0.3882E+02  0.4083E+02  0.4284E+02  0.4485E+02  0.4686E+02  0.4886E+02  0.5035E+02  0.5123E+02
     24.7967      270.0000  0.6369E+01  0.7217E+01  0.8473E+01  0.9878E+01  0.1159E+02  0.1335E+02  0.1519E+02  0.1708E+02  0.1900E+02  0.2093E+02  0.2288E+02  0.2485E+02  0.2683E+02  0.2882E+02  0.3082E+02  0.3281E+02  0.3481E+02  0.3682E+02  0.3882E+02  0.4083E+02  0.4284E+02  0.4485E+02  0.4686E+02  0.4886E+02  0.5035E+02  0.5123E+02
     24.9322      280.0000  0.6369E+01  0.7217E+01  0.8473E+01  0.9878E+01  0.1159E+02  0.1335E+02  0.1519E+02  0.1708E+02  0.1900E+02  0.2093E+02  0.2288E+02  0.2485E+02  0.2683E+02  0.2882E+02  0.3082E+02  0.3281E+02  0.3481E+02  0.3682E+02  0.3882E+02  0.4083E+02  0.4284E+02  0.4485E+02  0.4686E+02  0.4886E+02  0.5035E+02  0.5123E+02
     25.0678      290.0000  0.6369E+01  0.7217E+01  0.8473E+01  0.9878E+01  0.1159E+02  0.1335E+02  0.1519E+02  0.1708E+02  0.1900E+02  0.2093E+02  0.2288E+02  0.2485E+02  0.2683E+02  0.2882E+02  0.3082E+02  0.3281E+02  0.3481E+02  0.3682E+02  0.3882E+02  0.4083E+02  0.4284E+02  0.4485E+02  0.4686E+02  0.4886E+02  0.5035E+02  0.5123E+02
     25.2033      300.0000  0.6369E+01  0.7217E+01  0.8473E+01  0.9878E+01  0.1159E+02  0.1335E+02  0.1519E+02  0.1708E+02  0.1900E+02  0.2093E+02  0.2288E+02  0.2485E+02  0.2683E+02  0.2882E+02  0.3082E+02  0.3281E+02  0.3481E+02  0.3682E+02  0.3882E+02  0.4083E+02  0.4284E+02  0.4485E+02  0.4686E+02  0.4886E+02  0.5035E+02  0.5123E+02
     25.3388      310.0000  0.6369E+01  0.7217E+01  0.8473E+01  0.9878E+01  0.1159E+02  0.1335E+02  0.1519E+02  0.1708E+02  0.1900E+02  0.2093E+02  0.2288E+02  0.2485E+02  0.2683E+02  0.2882E+02  0.3082E+02  0.3281E+02  0.3481E+02  0.3682E+02  0.3882E+02  0.4083E+02  0.4284E+02  0.4485E+02  0.4686E+02  0.4886E+02  0.5035E+02  0.5123E+02
     25.4743      320.0000  0.6369E+01  0.7217E+01  0.8473E+01  0.9878E+01  0.1159E+02  0.1335E+02  0.1519E+02  0.1708E+02  0.1900E+02  0.2093E+02  0.2288E+02  0.2485E+02  0.2683E+02  0.2882E+02  0.3082E+02  0.3281E+02  0.3481E+02  0.3682E+02  0.3882E+02  0.4083E+02  0.4284E+02  0.4485E+02  0.4686E+02  0.4886E+02  0.5035E+02  0.5123E+02
     25.6098      330.0000  0.6369E+01  0.7217E+01  0.8473E+01  0.9878E+01  0.1159E+02  0.1335E+02  0.1519E+02  0.1708E+02  0.1900E+02  0.2093E+02  0.2288E+02  0.2485E+02  0.2683E+02  0.2882E+02  0.3082E+02  0.3281E+02  0.3481E+02  0.3682E+02  0.3882E+02  0.4083E+02  0.4284E+02  0.4485E+02  0.4686E+02  0.4886E+02  0.5035E+02  0.5123E+02
     25.7453      340.0000  0.6369E+01  0.7217E+01  0.8473E+01  0.9878E+01  0.1159E+02  0.1335E+02  0.1519E+02  0.1708E+02  0.1900E+02  0.2093E+02  0.2288E+02  0.2485E+02  0.2683E+02  0.2882E+02  0.3082E+02  0.3281E+02  0.3481E+02  0.3682E+02  0.3882E+02  0.4083E+02  0.4284E+02  0.4485E+02  0.4686E+02  0.4886E+02  0.5035E+02  0.5123E+02
     25.8808      350.0000  0.6369E+01  0.7217E+01  0.8473E+01  0.9878E+01  0.1159E+02  0.1335E+02  0.1519E+02  0.1708E+02  0.1900E+02  0.2093E+02  0.2288E+02  0.2485E+02  0.2683E+02  0.2882E+02  0.3082E+02  0.3281E+02  0.3481E+02  0.3682E+02  0.3882E+02  0.4083E+02  0.4284E+02  0.4485E+02  0.4686E+02  0.4886E+02  0.5035E+02  0.5123E+02
     26.0163      360.0000  0.6369E+01  0.7217E+01  0.8473E+01  0.9878E+01  0.1159E+02  0.1335E+02  0.1519E+02  0.1708E+02  0.1900E+02  0.2093E+02  0.2288E+02  0.2485E+02  0.2683E+02  0.2882E+02  0.3082E+02  0.3281E+02  0.3481E+02  0.3682E+02  0.3882E+02  0.4083E+02  0.4284E+02  0.4485E+02  0.4686E+02  0.4886E+02  0.5035E+02  0.5123E+02
     26.1518       10.0000  0.6369E+01  0.7217E+01  0.8473E+01  0.9878E+01  0.1159E+02  0.1335E+02  0.1519E+02  0.1708E+02  0.1900E+02  0.2093E+02  0.2288E+02  0.2485E+02  0.2683E+02  0.2882E+02  0.3082E+02  0.3281E+02  0.3481E+02  0.3682E+02  0.3882E+02  0.4083E+02  0.4284E+02  0.4485E+02  0.4686E+02  0.4886E+02  0.5035E+02  0.5123E+02
     26.2873       20.0000  0.6369E+01  0.7217E+01  0.8473E+01  0.9878E+01  0.1159E+02  0.1335E+02  0.1519E+02  0.1708E+02  0.1900E+02  0.2093E+02  0.2288E+02  0.2485E+02  0.2683E+02  0.2882E+02  0.3082E+02  0.3281E+02  0.3481E+02  0.3682E+02  0.3882E+02  0.4083E+02  0.4284E+02  0.4485E+02  0.4686E+02  0.4886E+02  0.5035E+02  0.5123E+02
     26.4228       30.0000  0.6369E+01  0.7217E+01  0.8473E+01  0.9878E+01  0.1159E+02  0.1335E+02  0.1519E+02  0.1708E+02  0.1900E+02  0.2093E+02  0.2288E+02  0.2485E+02  0.2683E+02  0.2882E+02  0.3082E+02  0.3281E+02  0.3481E+02  0.3682E+02  0.3882E+02  0.4083E+02  0.4284E+02  0.4485E+02  0.4686E+02  0.4886E+02  0.5035E+02  0.5123E+02
     26.5583       40.0000  0.6369E+01  0.7217E+01  0.8473E+01  0.9878E+01  0.1159E+02  0.1335E+02  0.1519E+02  0.1708E+02  0.1900E+02  0.2093E+02  0.2288E+02  0.2485E+02  0.2683E+02  0.2882E+02  0.3082E+02  0.3281E+02  0.3481E+02  0.3682E+02  0.3882E+02  0.4083E+02  0.4284E+02  0.4485E+02  0.4686E+02  0.4886E+02  0.5035E+02  0.5123E+02
     26.6938       50.0000  0.6369E+01  0.7217E+01  0.8473E+01  0.9878E+01  0.1159E+02  0.1335E+02  0.1519E+02  0.1708E+02  0.1900E+02  0.2093E+02  0.2288E+02  0.2485E+02  0.2683E+02  0.2882E+02  0.3082E+02  0.3281E+02  0.3481E+02  0.3682E+02  0.3882E+02  0.4083E+02  0.4284E+02  0.4485E+02  0.4686E+02  0.4886E+02  0.5035E+02  0.5123E+02
     26.8293       60.0000  0.6369E+01  0.7217E+01  0.8473E+01  0.9878E+01  0.1159E+02  0.1335E+02  0.1519E+02  0.1708E+02  0.1900E+02  0.2093E+02  0.2288E+02  0.2485E+02  0.2683E+02  0.2882E+02  0.3082E+02  0.3281E+02  0.3481E+02  0.3682E+02  0.3882E+02  0.4083E+02  0.4284E+02  0.4485E+02  0.4686E+02  0.4886E+02  0.5035E+02  0.5123E+02
     26.9648       70.0000  0.6369E+01  0.7217E+01  0.8473E+01  0.9878E+01  0.1159E+02  0.1335E+02  0.1519E+02  0.1708E+02  0.1900E+02  0.2093E+02  0.2288E+02  0.2485E+02  0.2683E+02  0.2882E+02  0.3082E+02  0.3281E+02  0.3481E+02  0.3682E+02  0.3882E+02  0.4083E+02  0.4284E+02  0.4485E+02  0.4686E+02  0.4886E+02  0.5035E+02  0.5123E+02
     27.1003       80.0000  0.6369E+01  0.7217E+01  0.8473E+01  0.9878E+01  0.1159E+02  0.1335E+02  0.1519E+02  0.1708E+02  0.1900E+02  0.2093E+02  0.2288E+02  0.2485E+02  0.2683E+02  0.2882E+02  0.3082E+02  0.3281E+02  0.3481E+02  0.3682E+02  0.3882E+02  0.4083E+02  0.4284E+02  0.4485E+02  0.4686E+02  0.4886E+02  0.5035E+02  0.5123E+02
     27.2358       90.0000  0.6369E+01  0.7217E+01  0.8473E+01  0.9878E+01  0.1159E+02  0.1335E+02  0.1519E+02  0.1708E+02  0.1900E+02  0.2093E+02  0.2288E+02  0.2485E+02  0.2683E+02  0.2882E+02  0.3082E+02  0.3281E+02  0.3481E+02  0.3682E+02  0.3882E+02  0.4083E+02  0.4284E+02  0.4485E+02  0.4686E+02  0.4886E+02  0.5035E+02  0.5123E+02
     27.3713      100.0000  0.6369E+01  0.7217E+01  0.8473E+01  0.9878E+01  0.1159E+02  0.1335E+02  0.1519E+02  0.1708E+02  0.1900E+02  0.2093E+02  0.2288E+02  0.2485E+02  0.2683E+02  0.2882E+02  0.3082E+02  0.3281E+02  0.3481E+02  0.3682E+02  0.3882E+02  0.4083E+02  0.4284E+02  0.4485E+02  0.4686E+02  0.4886E+02  0.5035E+02  0.5123E+02
     27.5068      110.0000  0.6369E+01  0.7217E+01  0.8473E+01  0.9878E+01  0.1159E+02  0.1335E+02  0.1519E+02  0.1708E+02  0.1900E+02  0.2093E+02  0.2288E+02  0.2485E+02  0.2683E+02  0.2882E+02  0.3082E+02  0.3281E+02  0.3481E+02  0.3682E+02  0.3882E+02  0.4083E+02  0.4284E+02  0.4485E+02  0.4686E+02  0.4886E+02  0.5035E+02  0.5123E+02
     27.6423      120.0000  0.6369E+01  0.7217E+01  0.8473E+01  0.9878E+01  0.1159E+02  0.1335E+02  0.1519E+02  0.1708E+02  0.1900E+02  0.2093E+02  0.2288E+02  0.2485E+02  0.2683E+02  0.2882E+02  0.3082E+02  0.3281E+02  0.3481E+02  0.3682E+02  0.3882E+02  0.4083E+02  0.4284E+02  0.4485E+02  0.4686E+02  0.4886E+02  0.5035E+02  0.5123E+02
     27.7778      130.0000  0.6369E+01  0.7217E+01  0.8473E+01  0.9878E+01  0.1159E+02  0.1335E+02  0.1519E+02  0.1708E+02  0.1900E+02  0.2093E+02  0.2288E+02  0.2485E+02  0.2683E+02  0.2882E+02  0.3082E+02  0.3281E+02  0.3481E+02  0.3682E+02  0.3882E+02  0.4083E+02  0.4284E+02  0.4485E+02  0.4686E+02  0.4886E+02  0.5035E+02  0.5123E+02
     27.9133      140.0000  0.6369E+01  0.7217E+01  0.8473E+01  0.9878E+01  0.1159E+02  0.1335E+02  0.1519E+02  0.1708E+02  0.1900E+02  0.2093E+02  0.2288E+02  0.2485E+02  0.2683E+02  0.2882E+02  0.3082E+02  0.3281E+02  0.3481E+02  0.3682E+02  0.3882E+02  0.4083E+02  0.4284E+02  0.4485E+02  0.4686E+02  0.4886E+02  0.5035E+02  0.5123E+02
     28.0488      150.0000  0.6369E+01  0.7217E+01  0.8473E+01  0.9878E+01  0.1159E+02  0.1335E+02  0.1519E+02  0.1708E+02  0.1900E+02  0.2093E+02  0.2288E+02  0.2485E+02  0.2683E+02  0.2882E+02  0.3082E+02  0.3281E+02  0.3481E+02  0.3682E+02  0.3882E+02  0.4083E+02  0.4284E+02  0.4485E+02  0.4686E+02  0.4886E+02  0.5035E+02  0.5123E+02
     28.1843      160.0000  0.6369E+01  0.7217E+01  0.8473E+01  0.9878E+01  0.1159E+02  0.1335E+02  0.1519E+02  0.1708E+02  0.1900E+02  0.2093E+02  0.2288E+02  0.2485E+02  0.2683E+02  0.2882E+02  0.3082E+02  0.3281E+02  0.3481E+02  0.3682E+02  0.3882E+02  0.4083E+02  0.4284E+02  0.4485E+02  0.4686E+02  0.4886E+02  0.5035E+02  0.5123E+02
     28.3198      170.0000  0.6369E+01  0.7217E+01  0.8473E+01  0.9878E+01  0.1159E+02  0.1335E+02  0.1519E+02  0.1708E+02  0.1900E+02  0.2093E+02  0.2288E+02  0.2485E+02  0.2683E+02  0.2882E+02  0.3082E+02  0.3281E+02  0.3481E+02  0.3682E+02  0.3882E+02  0.4083E+02  0.4284E+02  0.4485E+02  0.4686E+02  0.4886E+02  0.5035E+02  0.5123E+02
     28.4553      180.0000  0.6369E+01  0.7217E+01  0.8473E+01  0.9878E+01  0.1159E+02  0.1335E+02  0.1519E+02  0.1708E+02  0.1900E+02  0.2093E+02  0.2288E+02  0.2485E+02  0.2683E+02  0.2882E+02  0.3082E+02  0.3281E+02  0.3481E+02  0.3682E+02  0.3882E+02  0.4083E+02  0.4284E+02  0.4485E+02  0.4686E+02  0.4886E+02  0.5035E+02  0.5123E+02
     28.5908      190.0000  0.6369E+01  0.7217E+01  0.8473E+01  0.9878E+01  0.1159E+02  0.1335E+02  0.1519E+02  0.1708E+02  0.1900E+02  0.2093E+02  0.2288E+02  0.2485E+02  0.2683E+02  0.2882E+02  0.3082E+02  0.3281E+02  0.3481E+02  0.3682E+02  0.3882E+02  0.4083E+02  0.4284E+02  0.4485E+02  0.4686E+02  0.4886E+02  0.5035E+02  0.5123E+02
     28.7263      200.0000  0.6369E+01  0.7217E+01  0.8473E+01  0.9878E+01  0.1159E+02  0.1335E+02  0.1519E+02  0.1708E+02  0.1900E+02  0.2093E+02  0.2288E+02  0.2485E+02  0.2683E+02  0.2882E+02  0.3082E+02  0.3281E+02  0.3481E+02  0.3682E+02  0.3882E+02  0.4083E+02  0.4284E+02  0.4485E+02  0.4686E+02  0.4886E+02  0.5035E+02  0.5123E+02
     28.8618      210.0000  0.6369E+01  0.7217E+01  0.8473E+01  0.9879E+01  0.1159E+02  0.1335E+02  0.1519E+02  0.1708E+02  0.1900E+02  0.2093E+02  0.2288E+02  0.2485E+02  0.2683E+02  0.2882E+02  0.3082E+02  0.3281E+02  0.3481E+02  0.3682E+02  0.3882E+02  0.4083E+02  0.4284E+02  0.4485E+02  0.4686E+02  0.4886E+02  0.5035E+02  0.5123E+02
     28.9973      220.0000  0.6369E+01  0.7217E+01  0.8474E+01  0.9879E+01  0.1159E+02  0.1335E+02  0.1519E+02  0.1708E+02  0.1900E+02  0.2093E+02  0.2288E+02  0.2485E+02  0.2683E+02  0.2882E+02  0.3082E+02  0.3281E+02  0.3481E+02  0.3682E+02  0.3882E+02  0.4083E+02  0.4284E+02  0.4485E+02  0.4686E+02  0.4886E+02  0.5035E+02  0.5123E+02
     29.1328      230.0000  0.6369E+01  0.7217E+01  0.8474E+01  0.9879E+01  0.1159E+02  0.1335E+02  0.1519E+02  0.1708E+02  0.1900E+02  0.2093E+02  0.2288E+02  0.2485E+02  0.2683E+02  0.2882E+02  0.3082E+02  0.3281E+02  0.3481E+02  0.3682E+02  0.3882E+02  0.4083E+02  0.4284E+02  0.4485E+02  0.4686E+02  0.4886E+02  0.5035E+02  0.5123E+02
     29.2683      240.0000  0.6369E+01  0.7217E+01  0.8474E+01  0.9879E+01  0.1159E+02  0.1335E+02  0.1519E+02  0.1708E+02  0.1900E+02  0.2093E+02  0.2288E+02  0.2485E+02  0.2683E+02  0.2882E+02  0.3082E+02  0.3281E+02  0.3481E+02  0.3682E+02  0.3882E+02  0.4083E+02  0.4284E+02  0.4485E+02  0.4686E+02  0.4886E+02  0.5035E+02  0.5123E+02
     29.4038      250.0000  0.6369E+01  0.7217E+01  0.8474E+01  0.9879E+01  0.1159E+02  0.1335E+02  0.1519E+02  0.1708E+02  0.1900E+02  0.2093E+02  0.2288E+02  0.2485E+02  0.2683E+02  0.2882E+02  0.3082E+02  0.3281E+02  0.3481E+02  0.3682E+02  0.3882E+02  0.4083E+02  0.4284E+02  0.4485E+02  0.4686E+02  0.4886E+02  0.5035E+02  0.5123E+02
     29.5393      260.0000  0.6369E+01  0.7217E+01  0.8474E+01  0.9879E+01  0.1159E+02  0.1335E+02  0.1519E+02  0.1708E+02  0.1900E+02  0.2093E+02  0.2288E+02  0.2485E+02  0.2683E+02  0.2882E+02  0.3082E+02  0.3281E+02  0.3481E+02  0.3682E+02  0.3882E+02  0.4083E+02  0.4284E+02  0.4485E+02  0.4686E+02  0.4886E+02  0.5035E+02  0.5123E+02
     29.6748      270.0000  0.6369E+01  0.7217E+01  0.8474E+01  0.9879E+01  0.1159E+02  0.1335E+02  0.1519E+02  0.1708E+02  0.1900E+02  0.2093E+02  0.2288E+02  0.2485E+02  0.2683E+02  0.2882E+02  0.3082E+02  0.3281E+02  0.3481E+02  0.3682E+02  0.3882E+02  0.4083E+02  0.4284E+02  0.4485E+02  0.4686E+02  0.4886E+02  0.5035E+02  0.5123E+02
     29.8103      280.0000  0.6369E+01  0.7217E+01  0.8473E+01  0.9879E+01  0.1159E+02  0.1335E+02  0.1519E+02  0.1708E+02  0.1900E+02  0.2093E+02  0.2288E+02  0.2485E+02  0.2683E+02  0.2882E+02  0.3082E+02  0.3281E+02  0.3481E+02  0.3682E+02  0.3882E+02  0.4083E+02  0.4284E+02  0.4485E+02  0.4686E+02  0.4886E+02  0.5035E+02  0.5123E+02
     29.9458      290.0000  0.6369E+01  0.7217E+01  0.8474E+01  0.9879E+01  0.1159E+02  0.1335E+02  0.1519E+02  0.1708E+02  0.1900E+02  0.2093E+02  0.2288E+02  0.2485E+02  0.2683E+02  0.2882E+02  0.3082E+02  0.3281E+02  0.3481E+02  0.3682E+02  0.3882E+02  0.4083E+02  0.4284E+02  0.4485E+02  0.4686E+02  0.4886E+02  0.5035E+02  0.5123E+02
