Time history of radial distribution for BEM variable: Ct[-] for blade 3
                          rCurvi[m] (curvilinear radial distance)
                                0.7893      2.3680      3.9467      5.5254      7.1040      8.6827     10.2614     11.8401     13.4188     14.9974     16.5761     18.1548     19.7335     21.3121     22.8908     24.4695     26.0482     27.6268     29.2055     30.7842     32.3629     33.9416     35.5202     37.0989     38.2829     39.0723
                          zB[m] (radial coordinate along blade axis)
     time[s]  azimuth[deg]      0.1833      1.7549      3.3294      4.9066      6.4848      8.0632      9.6423     11.2252     12.8089     14.3906     15.9682     17.5466     19.1253     20.7040     22.2825     23.8605     25.4378     27.0144     28.5901     30.1649     31.7388     33.3118     34.8842     36.4562     37.6335     38.4193
      0.0000      120.0000 -0.1808E+00 -0.3432E+00 -0.3100E+00 -0.1638E+00 -0.6581E-01 -0.3932E-01  0.2506E-01  0.4525E-01  0.5194E-01  0.5442E-01  0.5524E-01  0.5472E-01  0.5316E-01  0.5172E-01  0.5021E-01  0.4916E-01  0.4999E-01  0.5210E-01  0.5328E-01  0.5381E-01  0.5427E-01  0.5451E-01  0.5457E-01  0.5402E-01  0.4891E-01  0.1796E-01
      0.1355      130.0000 -0.1808E+00 -0.2093E+00  0.7978E-02  0.5894E-02  0.8665E-01  0.3576E-01  0.3579E-01  0.4530E-01  0.5129E-01  0.5415E-01  0.5500E-01  0.5440E-01  0.5269E-01  0.5105E-01  0.4931E-01  0.4807E-01  0.4931E-01  0.5237E-01  0.5406E-01  0.5490E-01  0.5554E-01  0.5583E-01  0.5570E-01  0.5475E-01  0.4903E-01  0.1639E-01
      0.2710      140.0000 -0.1808E+00 -0.2219E+00  0.1339E-01  0.1541E-01  0.8935E-01  0.3781E-01  0.3606E-01  0.4534E-01  0.5132E-01  0.5418E-01  0.5503E-01  0.5441E-01  0.5270E-01  0.5106E-01  0.4931E-01  0.4808E-01  0.4932E-01  0.5228E-01  0.5373E-01  0.5438E-01  0.5487E-01  0.5507E-01  0.5495E-01  0.5417E-01  0.4891E-01  0.1649E-01
      0.4065      150.0000 -0.1808E+00 -0.2341E+00 -0.1146E-01 -0.7491E-02  0.7140E-01  0.3138E-01  0.3587E-01  0.4544E-01  0.5139E-01  0.5422E-01  0.5505E-01  0.5443E-01  0.5271E-01  0.5106E-01  0.4932E-01  0.4809E-01  0.4933E-01  0.5218E-01  0.5342E-01  0.5395E-01  0.5439E-01  0.5459E-01  0.5460E-01  0.5401E-01  0.4890E-01  0.1655E-01
      0.5420      160.0000 -0.1808E+00 -0.2450E+00 -0.4806E-01 -0.3115E-01  0.4549E-01  0.2202E-01  0.3489E-01  0.4554E-01  0.5145E-01  0.5425E-01  0.5506E-01  0.5443E-01  0.5271E-01  0.5107E-01  0.4933E-01  0.4810E-01  0.4933E-01  0.5212E-01  0.5331E-01  0.5383E-01  0.5427E-01  0.5450E-01  0.5454E-01  0.5400E-01  0.4890E-01  0.1659E-01
      0.6775      170.0000 -0.1808E+00 -0.2546E+00 -0.8010E-01 -0.4814E-01  0.2403E-01  0.1018E-01  0.3322E-01  0.4559E-01  0.5148E-01  0.5427E-01  0.5507E-01  0.5444E-01  0.5272E-01  0.5108E-01  0.4934E-01  0.4811E-01  0.4934E-01  0.5210E-01  0.5328E-01  0.5380E-01  0.5425E-01  0.5448E-01  0.5454E-01  0.5400E-01  0.4890E-01  0.1661E-01
      0.8130      180.0000 -0.1808E+00 -0.2633E+00 -0.1088E+00 -0.6884E-01  0.6065E-02 -0.2295E-03  0.3153E-01  0.4562E-01  0.5150E-01  0.5428E-01  0.5508E-01  0.5444E-01  0.5273E-01  0.5109E-01  0.4935E-01  0.4812E-01  0.4935E-01  0.5209E-01  0.5327E-01  0.5379E-01  0.5424E-01  0.5447E-01  0.5454E-01  0.5400E-01  0.4890E-01  0.1661E-01
      0.9485      190.0000 -0.1808E+00 -0.2709E+00 -0.1341E+00 -0.8472E-01 -0.6720E-02 -0.8965E-02  0.3009E-01  0.4564E-01  0.5152E-01  0.5428E-01  0.5508E-01  0.5445E-01  0.5273E-01  0.5109E-01  0.4936E-01  0.4813E-01  0.4935E-01  0.5209E-01  0.5326E-01  0.5379E-01  0.5424E-01  0.5448E-01  0.5454E-01  0.5400E-01  0.4890E-01  0.1662E-01
      1.0840      200.0000 -0.1808E+00 -0.2778E+00 -0.1566E+00 -0.9792E-01 -0.2002E-01 -0.1612E-01  0.2891E-01  0.4565E-01  0.5153E-01  0.5429E-01  0.5508E-01  0.5445E-01  0.5273E-01  0.5110E-01  0.4937E-01  0.4814E-01  0.4936E-01  0.5209E-01  0.5326E-01  0.5379E-01  0.5424E-01  0.5448E-01  0.5454E-01  0.5400E-01  0.4890E-01  0.1662E-01
      1.2195      210.0000 -0.1808E+00 -0.2839E+00 -0.1763E+00 -0.1090E+00 -0.2999E-01 -0.2186E-01  0.2796E-01  0.4565E-01  0.5154E-01  0.5429E-01  0.5509E-01  0.5445E-01  0.5274E-01  0.5111E-01  0.4938E-01  0.4816E-01  0.4937E-01  0.5209E-01  0.5326E-01  0.5379E-01  0.5424E-01  0.5448E-01  0.5454E-01  0.5400E-01  0.4890E-01  0.1662E-01
      1.3550      220.0000 -0.1808E+00 -0.2894E+00 -0.1937E+00 -0.1183E+00 -0.3801E-01 -0.2589E-01  0.2728E-01  0.4564E-01  0.5154E-01  0.5429E-01  0.5509E-01  0.5446E-01  0.5274E-01  0.5111E-01  0.4939E-01  0.4817E-01  0.4937E-01  0.5209E-01  0.5326E-01  0.5379E-01  0.5424E-01  0.5448E-01  0.5454E-01  0.5400E-01  0.4890E-01  0.1662E-01
      1.4905      230.0000 -0.1808E+00 -0.2944E+00 -0.2089E+00 -0.1261E+00 -0.4450E-01 -0.2974E-01  0.2668E-01  0.4564E-01  0.5155E-01  0.5429E-01  0.5509E-01  0.5446E-01  0.5275E-01  0.5112E-01  0.4939E-01  0.4818E-01  0.4938E-01  0.5209E-01  0.5326E-01  0.5379E-01  0.5424E-01  0.5448E-01  0.5454E-01  0.5400E-01  0.4890E-01  0.1662E-01
      1.6260      240.0000 -0.1808E+00 -0.2988E+00 -0.2223E+00 -0.1326E+00 -0.4975E-01 -0.3259E-01  0.2624E-01  0.4563E-01  0.5155E-01  0.5429E-01  0.5509E-01  0.5446E-01  0.5275E-01  0.5112E-01  0.4940E-01  0.4819E-01  0.4939E-01  0.5209E-01  0.5326E-01  0.5379E-01  0.5424E-01  0.5448E-01  0.5454E-01  0.5401E-01  0.4890E-01  0.1662E-01
      1.7615      250.0000 -0.1808E+00 -0.3028E+00 -0.2340E+00 -0.1380E+00 -0.5398E-01 -0.3480E-01  0.2590E-01  0.4563E-01  0.5155E-01  0.5429E-01  0.5509E-01  0.5446E-01  0.5276E-01  0.5113E-01  0.4941E-01  0.4820E-01  0.4939E-01  0.5209E-01  0.5326E-01  0.5379E-01  0.5424E-01  0.5448E-01  0.5454E-01  0.5401E-01  0.4890E-01  0.1662E-01
      1.8970      260.0000 -0.1808E+00 -0.3065E+00 -0.2443E+00 -0.1425E+00 -0.5737E-01 -0.3653E-01  0.2564E-01  0.4562E-01  0.5156E-01  0.5429E-01  0.5509E-01  0.5446E-01  0.5276E-01  0.5114E-01  0.4942E-01  0.4821E-01  0.4940E-01  0.5209E-01  0.5326E-01  0.5379E-01  0.5424E-01  0.5448E-01  0.5454E-01  0.5401E-01  0.4890E-01  0.1662E-01
      2.0325      270.0000 -0.1808E+00 -0.3097E+00 -0.2532E+00 -0.1463E+00 -0.6010E-01 -0.3787E-01  0.2544E-01  0.4561E-01  0.5156E-01  0.5429E-01  0.5509E-01  0.5447E-01  0.5276E-01  0.5114E-01  0.4943E-01  0.4822E-01  0.4940E-01  0.5209E-01  0.5327E-01  0.5379E-01  0.5425E-01  0.5448E-01  0.5454E-01  0.5401E-01  0.4890E-01  0.1662E-01
      2.1680      280.0000 -0.1808E+00 -0.3126E+00 -0.2600E+00 -0.1494E+00 -0.6228E-01 -0.3891E-01  0.2529E-01  0.4560E-01  0.5156E-01  0.5429E-01  0.5509E-01  0.5447E-01  0.5277E-01  0.5115E-01  0.4943E-01  0.4822E-01  0.4941E-01  0.5209E-01  0.5327E-01  0.5379E-01  0.5425E-01  0.5448E-01  0.5455E-01  0.5401E-01  0.4890E-01  0.1662E-01
      2.3035      290.0000 -0.1808E+00 -0.3152E+00 -0.2667E+00 -0.1516E+00 -0.6402E-01 -0.3972E-01  0.2517E-01  0.4559E-01  0.5156E-01  0.5429E-01  0.5509E-01  0.5447E-01  0.5277E-01  0.5115E-01  0.4944E-01  0.4823E-01  0.4942E-01  0.5209E-01  0.5327E-01  0.5379E-01  0.5425E-01  0.5448E-01  0.5455E-01  0.5401E-01  0.4890E-01  0.1662E-01
      2.4390      300.0000 -0.1808E+00 -0.3176E+00 -0.2726E+00 -0.1537E+00 -0.6523E-01 -0.4034E-01  0.2508E-01  0.4559E-01  0.5156E-01  0.5429E-01  0.5509E-01  0.5447E-01  0.5277E-01  0.5116E-01  0.4945E-01  0.4824E-01  0.4942E-01  0.5209E-01  0.5327E-01  0.5379E-01  0.5425E-01  0.5449E-01  0.5455E-01  0.5401E-01  0.4890E-01  0.1662E-01
      2.5745      310.0000 -0.1808E+00 -0.3197E+00 -0.2778E+00 -0.1556E+00 -0.6631E-01 -0.4082E-01  0.2501E-01  0.4558E-01  0.5156E-01  0.5429E-01  0.5509E-01  0.5447E-01  0.5278E-01  0.5116E-01  0.4946E-01  0.4825E-01  0.4943E-01  0.5209E-01  0.5327E-01  0.5379E-01  0.5425E-01  0.5449E-01  0.5455E-01  0.5401E-01  0.4890E-01  0.1662E-01
      2.7100      320.0000 -0.1808E+00 -0.3217E+00 -0.2823E+00 -0.1571E+00 -0.6717E-01 -0.4113E-01  0.2496E-01  0.4557E-01  0.5157E-01  0.5429E-01  0.5509E-01  0.5448E-01  0.5278E-01  0.5117E-01  0.4946E-01  0.4826E-01  0.4943E-01  0.5209E-01  0.5327E-01  0.5379E-01  0.5425E-01  0.5449E-01  0.5455E-01  0.5401E-01  0.4890E-01  0.1662E-01
      2.8455      330.0000 -0.1808E+00 -0.3235E+00 -0.2863E+00 -0.1584E+00 -0.6784E-01 -0.4139E-01  0.2492E-01  0.4556E-01  0.5157E-01  0.5429E-01  0.5509E-01  0.5448E-01  0.5278E-01  0.5117E-01  0.4947E-01  0.4827E-01  0.4944E-01  0.5209E-01  0.5327E-01  0.5379E-01  0.5425E-01  0.5449E-01  0.5455E-01  0.5401E-01  0.4890E-01  0.1662E-01
      2.9810      340.0000 -0.1808E+00 -0.3251E+00 -0.2897E+00 -0.1595E+00 -0.6837E-01 -0.4158E-01  0.2489E-01  0.4555E-01  0.5157E-01  0.5429E-01  0.5510E-01  0.5448E-01  0.5279E-01  0.5118E-01  0.4948E-01  0.4828E-01  0.4944E-01  0.5209E-01  0.5327E-01  0.5379E-01  0.5425E-01  0.5449E-01  0.5455E-01  0.5401E-01  0.4890E-01  0.1662E-01
      3.1165      350.0000 -0.1808E+00 -0.3266E+00 -0.2927E+00 -0.1604E+00 -0.6878E-01 -0.4172E-01  0.2487E-01  0.4554E-01  0.5157E-01  0.5429E-01  0.5510E-01  0.5448E-01  0.5279E-01  0.5118E-01  0.4948E-01  0.4829E-01  0.4945E-01  0.5209E-01  0.5327E-01  0.5379E-01  0.5425E-01  0.5449E-01  0.5455E-01  0.5401E-01  0.4890E-01  0.1662E-01
      3.2520      360.0000 -0.1808E+00 -0.3280E+00 -0.2953E+00 -0.1611E+00 -0.6910E-01 -0.4182E-01  0.2486E-01  0.4554E-01  0.5157E-01  0.5429E-01  0.5510E-01  0.5448E-01  0.5279E-01  0.5119E-01  0.4949E-01  0.4829E-01  0.4945E-01  0.5209E-01  0.5327E-01  0.5379E-01  0.5425E-01  0.5449E-01  0.5455E-01  0.5401E-01  0.4890E-01  0.1662E-01
      3.3875       10.0000 -0.1808E+00 -0.3292E+00 -0.2975E+00 -0.1617E+00 -0.6933E-01 -0.4189E-01  0.2485E-01  0.4553E-01  0.5157E-01  0.5429E-01  0.5510E-01  0.5449E-01  0.5280E-01  0.5119E-01  0.4950E-01  0.4830E-01  0.4946E-01  0.5209E-01  0.5327E-01  0.5379E-01  0.5425E-01  0.5449E-01  0.5455E-01  0.5401E-01  0.4890E-01  0.1662E-01
      3.5230       20.0000 -0.1808E+00 -0.3304E+00 -0.2994E+00 -0.1622E+00 -0.6950E-01 -0.4193E-01  0.2484E-01  0.4552E-01  0.5158E-01  0.5429E-01  0.5510E-01  0.5449E-01  0.5280E-01  0.5120E-01  0.4950E-01  0.4831E-01  0.4946E-01  0.5209E-01  0.5327E-01  0.5379E-01  0.5425E-01  0.5449E-01  0.5455E-01  0.5401E-01  0.4890E-01  0.1662E-01
      3.6585       30.0000 -0.1808E+00 -0.3314E+00 -0.3011E+00 -0.1627E+00 -0.6962E-01 -0.4196E-01  0.2484E-01  0.4552E-01  0.5158E-01  0.5429E-01  0.5510E-01  0.5449E-01  0.5280E-01  0.5120E-01  0.4951E-01  0.4832E-01  0.4947E-01  0.5209E-01  0.5327E-01  0.5379E-01  0.5425E-01  0.5449E-01  0.5455E-01  0.5401E-01  0.4890E-01  0.1662E-01
      3.7940       40.0000 -0.1808E+00 -0.3324E+00 -0.3025E+00 -0.1630E+00 -0.6970E-01 -0.4196E-01  0.2484E-01  0.4551E-01  0.5158E-01  0.5429E-01  0.5510E-01  0.5449E-01  0.5281E-01  0.5121E-01  0.4952E-01  0.4832E-01  0.4947E-01  0.5209E-01  0.5327E-01  0.5379E-01  0.5425E-01  0.5449E-01  0.5455E-01  0.5401E-01  0.4890E-01  0.1662E-01
      3.9295       50.0000 -0.1808E+00 -0.3333E+00 -0.3037E+00 -0.1633E+00 -0.6975E-01 -0.4196E-01  0.2485E-01  0.4551E-01  0.5158E-01  0.5429E-01  0.5510E-01  0.5449E-01  0.5281E-01  0.5121E-01  0.4952E-01  0.4833E-01  0.4948E-01  0.5209E-01  0.5327E-01  0.5379E-01  0.5425E-01  0.5449E-01  0.5455E-01  0.5401E-01  0.4890E-01  0.1662E-01
      4.0650       60.0000 -0.1808E+00 -0.3341E+00 -0.3047E+00 -0.1635E+00 -0.6977E-01 -0.4195E-01  0.2485E-01  0.4550E-01  0.5159E-01  0.5429E-01  0.5510E-01  0.5450E-01  0.5281E-01  0.5122E-01  0.4953E-01  0.4834E-01  0.4948E-01  0.5209E-01  0.5327E-01  0.5379E-01  0.5425E-01  0.5449E-01  0.5455E-01  0.5401E-01  0.4890E-01  0.1662E-01
      4.2005       70.0000 -0.1808E+00 -0.3349E+00 -0.3056E+00 -0.1637E+00 -0.6977E-01 -0.4193E-01  0.2486E-01  0.4550E-01  0.5159E-01  0.5429E-01  0.5510E-01  0.5450E-01  0.5282E-01  0.5122E-01  0.4953E-01  0.4835E-01  0.4949E-01  0.5209E-01  0.5327E-01  0.5379E-01  0.5425E-01  0.5449E-01  0.5455E-01  0.5401E-01  0.4890E-01  0.1662E-01
      4.3360       80.0000 -0.1808E+00 -0.3355E+00 -0.3063E+00 -0.1639E+00 -0.6975E-01 -0.4190E-01  0.2487E-01  0.4550E-01  0.5159E-01  0.5429E-01  0.5510E-01  0.5450E-01  0.5282E-01  0.5123E-01  0.4954E-01  0.4835E-01  0.4949E-01  0.5209E-01  0.5327E-01  0.5379E-01  0.5425E-01  0.5449E-01  0.5455E-01  0.5402E-01  0.4890E-01  0.1662E-01
      4.4715       90.0000 -0.1808E+00 -0.3362E+00 -0.3070E+00 -0.1640E+00 -0.6972E-01 -0.4187E-01  0.2487E-01  0.4549E-01  0.5159E-01  0.5429E-01  0.5511E-01  0.5450E-01  0.5282E-01  0.5123E-01  0.4955E-01  0.4836E-01  0.4949E-01  0.5209E-01  0.5327E-01  0.5379E-01  0.5425E-01  0.5449E-01  0.5455E-01  0.5402E-01  0.4890E-01  0.1662E-01
      4.6070      100.0000 -0.1808E+00 -0.3367E+00 -0.3075E+00 -0.1641E+00 -0.6968E-01 -0.4184E-01  0.2488E-01  0.4549E-01  0.5160E-01  0.5429E-01  0.5511E-01  0.5450E-01  0.5283E-01  0.5123E-01  0.4955E-01  0.4837E-01  0.4950E-01  0.5209E-01  0.5327E-01  0.5380E-01  0.5425E-01  0.5449E-01  0.5455E-01  0.5402E-01  0.4890E-01  0.1662E-01
      4.7425      110.0000 -0.1808E+00 -0.3373E+00 -0.3079E+00 -0.1642E+00 -0.6962E-01 -0.4181E-01  0.2489E-01  0.4549E-01  0.5160E-01  0.5430E-01  0.5511E-01  0.5450E-01  0.5283E-01  0.5124E-01  0.4956E-01  0.4837E-01  0.4950E-01  0.5209E-01  0.5327E-01  0.5380E-01  0.5425E-01  0.5449E-01  0.5455E-01  0.5402E-01  0.4890E-01  0.1662E-01
      4.8780      120.0000 -0.1808E+00 -0.3378E+00 -0.3083E+00 -0.1643E+00 -0.6957E-01 -0.4177E-01  0.2490E-01  0.4548E-01  0.5160E-01  0.5430E-01  0.5511E-01  0.5451E-01  0.5283E-01  0.5124E-01  0.4956E-01  0.4838E-01  0.4951E-01  0.5209E-01  0.5327E-01  0.5380E-01  0.5425E-01  0.5449E-01  0.5456E-01  0.5402E-01  0.4890E-01  0.1662E-01
      5.0136      130.0000 -0.1808E+00 -0.3382E+00 -0.3087E+00 -0.1643E+00 -0.6950E-01 -0.4173E-01  0.2491E-01  0.4548E-01  0.5160E-01  0.5430E-01  0.5511E-01  0.5451E-01  0.5283E-01  0.5125E-01  0.4957E-01  0.4839E-01  0.4951E-01  0.5209E-01  0.5327E-01  0.5380E-01  0.5425E-01  0.5449E-01  0.5456E-01  0.5402E-01  0.4890E-01  0.1662E-01
      5.1491      140.0000 -0.1808E+00 -0.3386E+00 -0.3089E+00 -0.1644E+00 -0.6944E-01 -0.4170E-01  0.2492E-01  0.4548E-01  0.5161E-01  0.5430E-01  0.5511E-01  0.5451E-01  0.5284E-01  0.5125E-01  0.4957E-01  0.4839E-01  0.4951E-01  0.5209E-01  0.5327E-01  0.5380E-01  0.5425E-01  0.5449E-01  0.5456E-01  0.5402E-01  0.4890E-01  0.1662E-01
      5.2846      150.0000 -0.1808E+00 -0.3390E+00 -0.3092E+00 -0.1644E+00 -0.6937E-01 -0.4166E-01  0.2493E-01  0.4548E-01  0.5161E-01  0.5430E-01  0.5511E-01  0.5451E-01  0.5284E-01  0.5125E-01  0.4958E-01  0.4840E-01  0.4952E-01  0.5209E-01  0.5327E-01  0.5380E-01  0.5425E-01  0.5450E-01  0.5456E-01  0.5402E-01  0.4890E-01  0.1662E-01
      5.4201      160.0000 -0.1808E+00 -0.3393E+00 -0.3094E+00 -0.1644E+00 -0.6930E-01 -0.4162E-01  0.2493E-01  0.4547E-01  0.5161E-01  0.5430E-01  0.5511E-01  0.5451E-01  0.5284E-01  0.5126E-01  0.4958E-01  0.4840E-01  0.4952E-01  0.5209E-01  0.5327E-01  0.5380E-01  0.5425E-01  0.5449E-01  0.5456E-01  0.5402E-01  0.4890E-01  0.1662E-01
      5.5556      170.0000 -0.1808E+00 -0.3397E+00 -0.3095E+00 -0.1644E+00 -0.6922E-01 -0.4158E-01  0.2494E-01  0.4547E-01  0.5162E-01  0.5430E-01  0.5511E-01  0.5451E-01  0.5284E-01  0.5126E-01  0.4959E-01  0.4841E-01  0.4952E-01  0.5209E-01  0.5327E-01  0.5380E-01  0.5425E-01  0.5449E-01  0.5456E-01  0.5402E-01  0.4890E-01  0.1662E-01
      5.6911      180.0000 -0.1808E+00 -0.3400E+00 -0.3097E+00 -0.1645E+00 -0.6915E-01 -0.4154E-01  0.2495E-01  0.4547E-01  0.5162E-01  0.5430E-01  0.5511E-01  0.5452E-01  0.5285E-01  0.5126E-01  0.4959E-01  0.4842E-01  0.4953E-01  0.5209E-01  0.5327E-01  0.5380E-01  0.5425E-01  0.5449E-01  0.5456E-01  0.5402E-01  0.4890E-01  0.1662E-01
      5.8266      190.0000 -0.1808E+00 -0.3402E+00 -0.3098E+00 -0.1645E+00 -0.6908E-01 -0.4150E-01  0.2496E-01  0.4547E-01  0.5162E-01  0.5430E-01  0.5512E-01  0.5452E-01  0.5285E-01  0.5127E-01  0.4960E-01  0.4842E-01  0.4953E-01  0.5209E-01  0.5327E-01  0.5380E-01  0.5426E-01  0.5449E-01  0.5456E-01  0.5402E-01  0.4890E-01  0.1662E-01
      5.9621      200.0000 -0.1808E+00 -0.3405E+00 -0.3099E+00 -0.1645E+00 -0.6900E-01 -0.4146E-01  0.2497E-01  0.4547E-01  0.5162E-01  0.5430E-01  0.5512E-01  0.5452E-01  0.5285E-01  0.5127E-01  0.4960E-01  0.4843E-01  0.4953E-01  0.5209E-01  0.5327E-01  0.5380E-01  0.5426E-01  0.5449E-01  0.5456E-01  0.5402E-01  0.4890E-01  0.1662E-01
      6.0976      210.0000 -0.1808E+00 -0.3407E+00 -0.3100E+00 -0.1645E+00 -0.6893E-01 -0.4143E-01  0.2498E-01  0.4546E-01  0.5163E-01  0.5430E-01  0.5512E-01  0.5452E-01  0.5285E-01  0.5128E-01  0.4961E-01  0.4843E-01  0.4954E-01  0.5209E-01  0.5327E-01  0.5380E-01  0.5426E-01  0.5450E-01  0.5456E-01  0.5402E-01  0.4890E-01  0.1662E-01
      6.2331      220.0000 -0.1808E+00 -0.3409E+00 -0.3100E+00 -0.1645E+00 -0.6886E-01 -0.4139E-01  0.2499E-01  0.4546E-01  0.5163E-01  0.5431E-01  0.5512E-01  0.5452E-01  0.5286E-01  0.5128E-01  0.4961E-01  0.4844E-01  0.4954E-01  0.5209E-01  0.5327E-01  0.5380E-01  0.5426E-01  0.5450E-01  0.5456E-01  0.5402E-01  0.4890E-01  0.1662E-01
      6.3686      230.0000 -0.1808E+00 -0.3411E+00 -0.3101E+00 -0.1644E+00 -0.6878E-01 -0.4135E-01  0.2500E-01  0.4546E-01  0.5163E-01  0.5431E-01  0.5512E-01  0.5452E-01  0.5286E-01  0.5128E-01  0.4961E-01  0.4844E-01  0.4954E-01  0.5209E-01  0.5327E-01  0.5380E-01  0.5426E-01  0.5450E-01  0.5456E-01  0.5402E-01  0.4890E-01  0.1662E-01
      6.5041      240.0000 -0.1808E+00 -0.3413E+00 -0.3101E+00 -0.1644E+00 -0.6871E-01 -0.4132E-01  0.2500E-01  0.4546E-01  0.5163E-01  0.5431E-01  0.5512E-01  0.5452E-01  0.5286E-01  0.5128E-01  0.4962E-01  0.4845E-01  0.4955E-01  0.5209E-01  0.5327E-01  0.5380E-01  0.5426E-01  0.5450E-01  0.5456E-01  0.5402E-01  0.4890E-01  0.1662E-01
      6.6396      250.0000 -0.1808E+00 -0.3415E+00 -0.3102E+00 -0.1644E+00 -0.6864E-01 -0.4128E-01  0.2501E-01  0.4546E-01  0.5164E-01  0.5431E-01  0.5512E-01  0.5453E-01  0.5286E-01  0.5129E-01  0.4962E-01  0.4845E-01  0.4955E-01  0.5209E-01  0.5327E-01  0.5380E-01  0.5426E-01  0.5450E-01  0.5456E-01  0.5402E-01  0.4890E-01  0.1662E-01
      6.7751      260.0000 -0.1808E+00 -0.3416E+00 -0.3102E+00 -0.1644E+00 -0.6857E-01 -0.4124E-01  0.2502E-01  0.4546E-01  0.5164E-01  0.5431E-01  0.5512E-01  0.5453E-01  0.5287E-01  0.5129E-01  0.4963E-01  0.4846E-01  0.4955E-01  0.5209E-01  0.5327E-01  0.5380E-01  0.5426E-01  0.5450E-01  0.5456E-01  0.5402E-01  0.4890E-01  0.1662E-01
      6.9106      270.0000 -0.1808E+00 -0.3418E+00 -0.3102E+00 -0.1644E+00 -0.6850E-01 -0.4121E-01  0.2503E-01  0.4546E-01  0.5164E-01  0.5431E-01  0.5512E-01  0.5453E-01  0.5287E-01  0.5129E-01  0.4963E-01  0.4846E-01  0.4956E-01  0.5209E-01  0.5327E-01  0.5380E-01  0.5426E-01  0.5449E-01  0.5456E-01  0.5402E-01  0.4890E-01  0.1662E-01
      7.0461      280.0000 -0.1808E+00 -0.3419E+00 -0.3102E+00 -0.1644E+00 -0.6843E-01 -0.4117E-01  0.2504E-01  0.4545E-01  0.5164E-01  0.5431E-01  0.5512E-01  0.5453E-01  0.5287E-01  0.5130E-01  0.4963E-01  0.4847E-01  0.4956E-01  0.5209E-01  0.5327E-01  0.5380E-01  0.5426E-01  0.5450E-01  0.5456E-01  0.5402E-01  0.4890E-01  0.1662E-01
      7.1816      290.0000 -0.1808E+00 -0.3420E+00 -0.3103E+00 -0.1644E+00 -0.6836E-01 -0.4114E-01  0.2504E-01  0.4545E-01  0.5164E-01  0.5431E-01  0.5512E-01  0.5453E-01  0.5287E-01  0.5130E-01  0.4964E-01  0.4847E-01  0.4956E-01  0.5209E-01  0.5327E-01  0.5380E-01  0.5426E-01  0.5450E-01  0.5456E-01  0.5402E-01  0.4890E-01  0.1662E-01
      7.3171      300.0000 -0.1808E+00 -0.3421E+00 -0.3103E+00 -0.1644E+00 -0.6830E-01 -0.4111E-01  0.2505E-01  0.4545E-01  0.5165E-01  0.5431E-01  0.5513E-01  0.5453E-01  0.5287E-01  0.5130E-01  0.4964E-01  0.4848E-01  0.4956E-01  0.5209E-01  0.5327E-01  0.5380E-01  0.5426E-01  0.5450E-01  0.5456E-01  0.5402E-01  0.4890E-01  0.1662E-01
      7.4526      310.0000 -0.1808E+00 -0.3422E+00 -0.3103E+00 -0.1644E+00 -0.6823E-01 -0.4107E-01  0.2506E-01  0.4545E-01  0.5165E-01  0.5431E-01  0.5513E-01  0.5453E-01  0.5288E-01  0.5131E-01  0.4965E-01  0.4848E-01  0.4957E-01  0.5209E-01  0.5327E-01  0.5380E-01  0.5426E-01  0.5450E-01  0.5456E-01  0.5402E-01  0.4890E-01  0.1662E-01
      7.5881      320.0000 -0.1808E+00 -0.3423E+00 -0.3103E+00 -0.1644E+00 -0.6817E-01 -0.4104E-01  0.2507E-01  0.4545E-01  0.5165E-01  0.5431E-01  0.5513E-01  0.5453E-01  0.5288E-01  0.5131E-01  0.4965E-01  0.4849E-01  0.4957E-01  0.5209E-01  0.5327E-01  0.5380E-01  0.5426E-01  0.5450E-01  0.5456E-01  0.5402E-01  0.4890E-01  0.1662E-01
      7.7236      330.0000 -0.1808E+00 -0.3424E+00 -0.3103E+00 -0.1643E+00 -0.6810E-01 -0.4101E-01  0.2507E-01  0.4545E-01  0.5165E-01  0.5431E-01  0.5513E-01  0.5454E-01  0.5288E-01  0.5131E-01  0.4965E-01  0.4849E-01  0.4957E-01  0.5209E-01  0.5327E-01  0.5380E-01  0.5426E-01  0.5450E-01  0.5456E-01  0.5402E-01  0.4890E-01  0.1662E-01
      7.8591      340.0000 -0.1808E+00 -0.3425E+00 -0.3103E+00 -0.1643E+00 -0.6804E-01 -0.4097E-01  0.2508E-01  0.4545E-01  0.5165E-01  0.5431E-01  0.5513E-01  0.5454E-01  0.5288E-01  0.5131E-01  0.4966E-01  0.4849E-01  0.4958E-01  0.5209E-01  0.5327E-01  0.5380E-01  0.5426E-01  0.5450E-01  0.5456E-01  0.5402E-01  0.4890E-01  0.1662E-01
      7.9946      350.0000 -0.1808E+00 -0.3425E+00 -0.3103E+00 -0.1643E+00 -0.6798E-01 -0.4094E-01  0.2509E-01  0.4544E-01  0.5166E-01  0.5431E-01  0.5513E-01  0.5454E-01  0.5288E-01  0.5132E-01  0.4966E-01  0.4850E-01  0.4958E-01  0.5209E-01  0.5327E-01  0.5380E-01  0.5426E-01  0.5450E-01  0.5456E-01  0.5402E-01  0.4890E-01  0.1662E-01
      8.1301      360.0000 -0.1808E+00 -0.3426E+00 -0.3103E+00 -0.1643E+00 -0.6792E-01 -0.4091E-01  0.2510E-01  0.4544E-01  0.5166E-01  0.5432E-01  0.5513E-01  0.5454E-01  0.5289E-01  0.5132E-01  0.4966E-01  0.4850E-01  0.4958E-01  0.5209E-01  0.5327E-01  0.5380E-01  0.5426E-01  0.5450E-01  0.5456E-01  0.5402E-01  0.4890E-01  0.1662E-01
      8.2656       10.0000 -0.1808E+00 -0.3427E+00 -0.3103E+00 -0.1643E+00 -0.6786E-01 -0.4088E-01  0.2510E-01  0.4544E-01  0.5166E-01  0.5432E-01  0.5513E-01  0.5454E-01  0.5289E-01  0.5132E-01  0.4967E-01  0.4851E-01  0.4958E-01  0.5209E-01  0.5327E-01  0.5380E-01  0.5426E-01  0.5450E-01  0.5456E-01  0.5402E-01  0.4890E-01  0.1662E-01
      8.4011       20.0000 -0.1808E+00 -0.3427E+00 -0.3103E+00 -0.1643E+00 -0.6780E-01 -0.4085E-01  0.2511E-01  0.4544E-01  0.5166E-01  0.5432E-01  0.5513E-01  0.5454E-01  0.5289E-01  0.5132E-01  0.4967E-01  0.4851E-01  0.4959E-01  0.5209E-01  0.5327E-01  0.5380E-01  0.5426E-01  0.5450E-01  0.5456E-01  0.5402E-01  0.4890E-01  0.1662E-01
      8.5366       30.0000 -0.1808E+00 -0.3428E+00 -0.3103E+00 -0.1643E+00 -0.6775E-01 -0.4082E-01  0.2511E-01  0.4544E-01  0.5166E-01  0.5432E-01  0.5513E-01  0.5454E-01  0.5289E-01  0.5133E-01  0.4967E-01  0.4851E-01  0.4959E-01  0.5209E-01  0.5327E-01  0.5380E-01  0.5426E-01  0.5450E-01  0.5456E-01  0.5402E-01  0.4890E-01  0.1662E-01
      8.6721       40.0000 -0.1808E+00 -0.3428E+00 -0.3103E+00 -0.1643E+00 -0.6769E-01 -0.4079E-01  0.2512E-01  0.4544E-01  0.5167E-01  0.5432E-01  0.5513E-01  0.5454E-01  0.5289E-01  0.5133E-01  0.4968E-01  0.4852E-01  0.4959E-01  0.5209E-01  0.5327E-01  0.5380E-01  0.5426E-01  0.5450E-01  0.5456E-01  0.5402E-01  0.4890E-01  0.1662E-01
      8.8076       50.0000 -0.1808E+00 -0.3429E+00 -0.3103E+00 -0.1643E+00 -0.6764E-01 -0.4076E-01  0.2513E-01  0.4544E-01  0.5167E-01  0.5432E-01  0.5513E-01  0.5454E-01  0.5289E-01  0.5133E-01  0.4968E-01  0.4852E-01  0.4959E-01  0.5209E-01  0.5327E-01  0.5380E-01  0.5426E-01  0.5450E-01  0.5456E-01  0.5402E-01  0.4890E-01  0.1662E-01
      8.9431       60.0000 -0.1808E+00 -0.3429E+00 -0.3103E+00 -0.1642E+00 -0.6759E-01 -0.4073E-01  0.2513E-01  0.4544E-01  0.5167E-01  0.5432E-01  0.5513E-01  0.5455E-01  0.5290E-01  0.5133E-01  0.4968E-01  0.4852E-01  0.4959E-01  0.5209E-01  0.5327E-01  0.5380E-01  0.5426E-01  0.5450E-01  0.5456E-01  0.5402E-01  0.4890E-01  0.1662E-01
      9.0786       70.0000 -0.1808E+00 -0.3429E+00 -0.3103E+00 -0.1642E+00 -0.6753E-01 -0.4070E-01  0.2514E-01  0.4544E-01  0.5167E-01  0.5432E-01  0.5513E-01  0.5455E-01  0.5290E-01  0.5134E-01  0.4969E-01  0.4853E-01  0.4960E-01  0.5209E-01  0.5327E-01  0.5380E-01  0.5426E-01  0.5450E-01  0.5456E-01  0.5402E-01  0.4890E-01  0.1662E-01
      9.2141       80.0000 -0.1808E+00 -0.3430E+00 -0.3103E+00 -0.1642E+00 -0.6748E-01 -0.4067E-01  0.2515E-01  0.4544E-01  0.5167E-01  0.5432E-01  0.5514E-01  0.5455E-01  0.5290E-01  0.5134E-01  0.4969E-01  0.4853E-01  0.4960E-01  0.5209E-01  0.5327E-01  0.5380E-01  0.5426E-01  0.5450E-01  0.5456E-01  0.5402E-01  0.4890E-01  0.1662E-01
      9.3496       90.0000 -0.1808E+00 -0.3430E+00 -0.3103E+00 -0.1642E+00 -0.6743E-01 -0.4065E-01  0.2515E-01  0.4544E-01  0.5167E-01  0.5432E-01  0.5514E-01  0.5455E-01  0.5290E-01  0.5134E-01  0.4969E-01  0.4854E-01  0.4960E-01  0.5209E-01  0.5327E-01  0.5380E-01  0.5426E-01  0.5450E-01  0.5456E-01  0.5402E-01  0.4890E-01  0.1662E-01
      9.4851      100.0000 -0.1808E+00 -0.3430E+00 -0.3103E+00 -0.1642E+00 -0.6738E-01 -0.4062E-01  0.2516E-01  0.4543E-01  0.5168E-01  0.5432E-01  0.5514E-01  0.5455E-01  0.5290E-01  0.5134E-01  0.4969E-01  0.4854E-01  0.4960E-01  0.5209E-01  0.5327E-01  0.5380E-01  0.5426E-01  0.5450E-01  0.5456E-01  0.5402E-01  0.4890E-01  0.1662E-01
      9.6206      110.0000 -0.1808E+00 -0.3431E+00 -0.3103E+00 -0.1642E+00 -0.6733E-01 -0.4059E-01  0.2516E-01  0.4543E-01  0.5168E-01  0.5432E-01  0.5514E-01  0.5455E-01  0.5290E-01  0.5135E-01  0.4970E-01  0.4854E-01  0.4960E-01  0.5209E-01  0.5327E-01  0.5380E-01  0.5426E-01  0.5450E-01  0.5456E-01  0.5402E-01  0.4890E-01  0.1662E-01
      9.7561      120.0000 -0.1808E+00 -0.3431E+00 -0.3103E+00 -0.1642E+00 -0.6729E-01 -0.4057E-01  0.2517E-01  0.4543E-01  0.5168E-01  0.5432E-01  0.5514E-01  0.5455E-01  0.5290E-01  0.5135E-01  0.4970E-01  0.4855E-01  0.4961E-01  0.5209E-01  0.5327E-01  0.5380E-01  0.5426E-01  0.5450E-01  0.5456E-01  0.5402E-01  0.4890E-01  0.1662E-01
      9.8916      130.0000 -0.1808E+00 -0.3431E+00 -0.3103E+00 -0.1642E+00 -0.6724E-01 -0.4054E-01  0.2517E-01  0.4543E-01  0.5168E-01  0.5432E-01  0.5514E-01  0.5455E-01  0.5291E-01  0.5135E-01  0.4970E-01  0.4855E-01  0.4961E-01  0.5209E-01  0.5327E-01  0.5380E-01  0.5426E-01  0.5450E-01  0.5456E-01  0.5402E-01  0.4890E-01  0.1662E-01
     10.0271      140.0000 -0.1808E+00 -0.3431E+00 -0.3102E+00 -0.1642E+00 -0.6719E-01 -0.4051E-01  0.2518E-01  0.4543E-01  0.5168E-01  0.5432E-01  0.5514E-01  0.5455E-01  0.5291E-01  0.5135E-01  0.4971E-01  0.4855E-01  0.4961E-01  0.5209E-01  0.5327E-01  0.5380E-01  0.5426E-01  0.5450E-01  0.5456E-01  0.5402E-01  0.4890E-01  0.1662E-01
     10.1626      150.0000 -0.1808E+00 -0.3431E+00 -0.3102E+00 -0.1642E+00 -0.6715E-01 -0.4049E-01  0.2519E-01  0.4543E-01  0.5168E-01  0.5432E-01  0.5514E-01  0.5455E-01  0.5291E-01  0.5135E-01  0.4971E-01  0.4855E-01  0.4961E-01  0.5209E-01  0.5327E-01  0.5380E-01  0.5426E-01  0.5450E-01  0.5456E-01  0.5402E-01  0.4890E-01  0.1662E-01
     10.2981      160.0000 -0.1808E+00 -0.3431E+00 -0.3102E+00 -0.1642E+00 -0.6711E-01 -0.4046E-01  0.2519E-01  0.4543E-01  0.5168E-01  0.5432E-01  0.5514E-01  0.5456E-01  0.5291E-01  0.5136E-01  0.4971E-01  0.4856E-01  0.4961E-01  0.5209E-01  0.5327E-01  0.5380E-01  0.5426E-01  0.5450E-01  0.5456E-01  0.5402E-01  0.4890E-01  0.1662E-01
     10.4336      170.0000 -0.1808E+00 -0.3432E+00 -0.3102E+00 -0.1641E+00 -0.6706E-01 -0.4044E-01  0.2520E-01  0.4543E-01  0.5169E-01  0.5433E-01  0.5514E-01  0.5456E-01  0.5291E-01  0.5136E-01  0.4971E-01  0.4856E-01  0.4962E-01  0.5209E-01  0.5327E-01  0.5380E-01  0.5426E-01  0.5450E-01  0.5456E-01  0.5402E-01  0.4890E-01  0.1662E-01
     10.5691      180.0000 -0.1808E+00 -0.3432E+00 -0.3102E+00 -0.1641E+00 -0.6702E-01 -0.4041E-01  0.2520E-01  0.4543E-01  0.5169E-01  0.5433E-01  0.5514E-01  0.5456E-01  0.5291E-01  0.5136E-01  0.4972E-01  0.4856E-01  0.4962E-01  0.5209E-01  0.5327E-01  0.5380E-01  0.5426E-01  0.5450E-01  0.5456E-01  0.5402E-01  0.4890E-01  0.1662E-01
     10.7046      190.0000 -0.1808E+00 -0.3432E+00 -0.3102E+00 -0.1641E+00 -0.6698E-01 -0.4039E-01  0.2521E-01  0.4543E-01  0.5169E-01  0.5433E-01  0.5514E-01  0.5456E-01  0.5291E-01  0.5136E-01  0.4972E-01  0.4857E-01  0.4962E-01  0.5209E-01  0.5327E-01  0.5380E-01  0.5426E-01  0.5450E-01  0.5456E-01  0.5402E-01  0.4890E-01  0.1662E-01
     10.8401      200.0000 -0.1808E+00 -0.3432E+00 -0.3102E+00 -0.1641E+00 -0.6694E-01 -0.4036E-01  0.2521E-01  0.4543E-01  0.5169E-01  0.5433E-01  0.5514E-01  0.5456E-01  0.5292E-01  0.5136E-01  0.4972E-01  0.4857E-01  0.4962E-01  0.5209E-01  0.5327E-01  0.5380E-01  0.5426E-01  0.5450E-01  0.5456E-01  0.5402E-01  0.4890E-01  0.1662E-01
     10.9756      210.0000 -0.1808E+00 -0.3432E+00 -0.3102E+00 -0.1641E+00 -0.6690E-01 -0.4034E-01  0.2522E-01  0.4543E-01  0.5169E-01  0.5433E-01  0.5514E-01  0.5456E-01  0.5292E-01  0.5136E-01  0.4972E-01  0.4857E-01  0.4962E-01  0.5209E-01  0.5327E-01  0.5380E-01  0.5426E-01  0.5450E-01  0.5456E-01  0.5402E-01  0.4890E-01  0.1662E-01
     11.1111      220.0000 -0.1808E+00 -0.3432E+00 -0.3102E+00 -0.1641E+00 -0.6686E-01 -0.4032E-01  0.2522E-01  0.4543E-01  0.5169E-01  0.5433E-01  0.5514E-01  0.5456E-01  0.5292E-01  0.5137E-01  0.4972E-01  0.4857E-01  0.4962E-01  0.5209E-01  0.5327E-01  0.5380E-01  0.5426E-01  0.5450E-01  0.5456E-01  0.5402E-01  0.4890E-01  0.1662E-01
     11.2466      230.0000 -0.1808E+00 -0.3432E+00 -0.3102E+00 -0.1641E+00 -0.6682E-01 -0.4029E-01  0.2523E-01  0.4542E-01  0.5169E-01  0.5433E-01  0.5514E-01  0.5456E-01  0.5292E-01  0.5137E-01  0.4973E-01  0.4858E-01  0.4963E-01  0.5209E-01  0.5327E-01  0.5380E-01  0.5426E-01  0.5450E-01  0.5456E-01  0.5402E-01  0.4890E-01  0.1662E-01
     11.3821      240.0000 -0.1808E+00 -0.3432E+00 -0.3102E+00 -0.1641E+00 -0.6678E-01 -0.4027E-01  0.2523E-01  0.4542E-01  0.5169E-01  0.5433E-01  0.5514E-01  0.5456E-01  0.5292E-01  0.5137E-01  0.4973E-01  0.4858E-01  0.4963E-01  0.5209E-01  0.5327E-01  0.5380E-01  0.5426E-01  0.5450E-01  0.5456E-01  0.5402E-01  0.4890E-01  0.1662E-01
     11.5176      250.0000 -0.1808E+00 -0.3432E+00 -0.3102E+00 -0.1641E+00 -0.6675E-01 -0.4025E-01  0.2523E-01  0.4542E-01  0.5169E-01  0.5433E-01  0.5514E-01  0.5456E-01  0.5292E-01  0.5137E-01  0.4973E-01  0.4858E-01  0.4963E-01  0.5209E-01  0.5327E-01  0.5380E-01  0.5426E-01  0.5450E-01  0.5456E-01  0.5402E-01  0.4890E-01  0.1662E-01
     11.6531      260.0000 -0.1808E+00 -0.3432E+00 -0.3102E+00 -0.1641E+00 -0.6671E-01 -0.4022E-01  0.2524E-01  0.4542E-01  0.5170E-01  0.5433E-01  0.5514E-01  0.5456E-01  0.5292E-01  0.5137E-01  0.4973E-01  0.4858E-01  0.4963E-01  0.5209E-01  0.5327E-01  0.5380E-01  0.5426E-01  0.5450E-01  0.5456E-01  0.5402E-01  0.4890E-01  0.1662E-01
     11.7886      270.0000 -0.1808E+00 -0.3432E+00 -0.3102E+00 -0.1641E+00 -0.6668E-01 -0.4020E-01  0.2524E-01  0.4542E-01  0.5170E-01  0.5433E-01  0.5514E-01  0.5456E-01  0.5292E-01  0.5137E-01  0.4974E-01  0.4859E-01  0.4963E-01  0.5209E-01  0.5327E-01  0.5380E-01  0.5426E-01  0.5450E-01  0.5456E-01  0.5402E-01  0.4890E-01  0.1662E-01
     11.9241      280.0000 -0.1808E+00 -0.3433E+00 -0.3102E+00 -0.1641E+00 -0.6664E-01 -0.4018E-01  0.2525E-01  0.4542E-01  0.5170E-01  0.5433E-01  0.5515E-01  0.5456E-01  0.5292E-01  0.5138E-01  0.4974E-01  0.4859E-01  0.4963E-01  0.5209E-01  0.5327E-01  0.5380E-01  0.5426E-01  0.5450E-01  0.5456E-01  0.5402E-01  0.4890E-01  0.1662E-01
     12.0596      290.0000 -0.1808E+00 -0.3433E+00 -0.3102E+00 -0.1641E+00 -0.6661E-01 -0.4016E-01  0.2525E-01  0.4542E-01  0.5170E-01  0.5433E-01  0.5515E-01  0.5456E-01  0.5293E-01  0.5138E-01  0.4974E-01  0.4859E-01  0.4963E-01  0.5209E-01  0.5327E-01  0.5380E-01  0.5426E-01  0.5450E-01  0.5456E-01  0.5402E-01  0.4890E-01  0.1662E-01
     12.1951      300.0000 -0.1808E+00 -0.3433E+00 -0.3102E+00 -0.1640E+00 -0.6657E-01 -0.4014E-01  0.2526E-01  0.4542E-01  0.5170E-01  0.5433E-01  0.5515E-01  0.5457E-01  0.5293E-01  0.5138E-01  0.4974E-01  0.4859E-01  0.4964E-01  0.5209E-01  0.5328E-01  0.5380E-01  0.5426E-01  0.5450E-01  0.5456E-01  0.5402E-01  0.4890E-01  0.1662E-01
     12.3306      310.0000 -0.1808E+00 -0.3433E+00 -0.3102E+00 -0.1640E+00 -0.6654E-01 -0.4012E-01  0.2526E-01  0.4542E-01  0.5170E-01  0.5433E-01  0.5515E-01  0.5457E-01  0.5293E-01  0.5138E-01  0.4974E-01  0.4860E-01  0.4964E-01  0.5209E-01  0.5328E-01  0.5380E-01  0.5426E-01  0.5450E-01  0.5456E-01  0.5402E-01  0.4890E-01  0.1662E-01
     12.4661      320.0000 -0.1808E+00 -0.3433E+00 -0.3102E+00 -0.1640E+00 -0.6651E-01 -0.4010E-01  0.2526E-01  0.4542E-01  0.5170E-01  0.5433E-01  0.5515E-01  0.5457E-01  0.5293E-01  0.5138E-01  0.4975E-01  0.4860E-01  0.4964E-01  0.5209E-01  0.5328E-01  0.5380E-01  0.5426E-01  0.5450E-01  0.5456E-01  0.5402E-01  0.4890E-01  0.1662E-01
     12.6016      330.0000 -0.1808E+00 -0.3433E+00 -0.3102E+00 -0.1640E+00 -0.6648E-01 -0.4008E-01  0.2527E-01  0.4542E-01  0.5170E-01  0.5433E-01  0.5515E-01  0.5457E-01  0.5293E-01  0.5138E-01  0.4975E-01  0.4860E-01  0.4964E-01  0.5209E-01  0.5328E-01  0.5380E-01  0.5426E-01  0.5450E-01  0.5456E-01  0.5402E-01  0.4890E-01  0.1662E-01
     12.7371      340.0000 -0.1808E+00 -0.3433E+00 -0.3102E+00 -0.1640E+00 -0.6645E-01 -0.4006E-01  0.2527E-01  0.4542E-01  0.5170E-01  0.5433E-01  0.5515E-01  0.5457E-01  0.5293E-01  0.5138E-01  0.4975E-01  0.4860E-01  0.4964E-01  0.5210E-01  0.5328E-01  0.5380E-01  0.5426E-01  0.5450E-01  0.5456E-01  0.5402E-01  0.4890E-01  0.1662E-01
     12.8726      350.0000 -0.1808E+00 -0.3433E+00 -0.3102E+00 -0.1640E+00 -0.6642E-01 -0.4004E-01  0.2528E-01  0.4542E-01  0.5170E-01  0.5433E-01  0.5515E-01  0.5457E-01  0.5293E-01  0.5139E-01  0.4975E-01  0.4860E-01  0.4964E-01  0.5209E-01  0.5328E-01  0.5380E-01  0.5426E-01  0.5450E-01  0.5456E-01  0.5402E-01  0.4890E-01  0.1662E-01
     13.0081      360.0000 -0.1808E+00 -0.3433E+00 -0.3102E+00 -0.1640E+00 -0.6639E-01 -0.4002E-01  0.2528E-01  0.4542E-01  0.5171E-01  0.5433E-01  0.5515E-01  0.5457E-01  0.5293E-01  0.5139E-01  0.4975E-01  0.4861E-01  0.4964E-01  0.5209E-01  0.5328E-01  0.5380E-01  0.5426E-01  0.5450E-01  0.5456E-01  0.5402E-01  0.4890E-01  0.1662E-01
     13.1436       10.0000 -0.1808E+00 -0.3433E+00 -0.3102E+00 -0.1640E+00 -0.6636E-01 -0.4000E-01  0.2528E-01  0.4542E-01  0.5171E-01  0.5433E-01  0.5515E-01  0.5457E-01  0.5293E-01  0.5139E-01  0.4975E-01  0.4861E-01  0.4964E-01  0.5209E-01  0.5328E-01  0.5380E-01  0.5426E-01  0.5450E-01  0.5456E-01  0.5402E-01  0.4890E-01  0.1662E-01
     13.2791       20.0000 -0.1808E+00 -0.3433E+00 -0.3102E+00 -0.1640E+00 -0.6633E-01 -0.3998E-01  0.2529E-01  0.4542E-01  0.5171E-01  0.5433E-01  0.5515E-01  0.5457E-01  0.5293E-01  0.5139E-01  0.4976E-01  0.4861E-01  0.4965E-01  0.5209E-01  0.5328E-01  0.5380E-01  0.5426E-01  0.5450E-01  0.5456E-01  0.5402E-01  0.4890E-01  0.1662E-01
     13.4146       30.0000 -0.1808E+00 -0.3433E+00 -0.3101E+00 -0.1640E+00 -0.6630E-01 -0.3996E-01  0.2529E-01  0.4542E-01  0.5171E-01  0.5433E-01  0.5515E-01  0.5457E-01  0.5294E-01  0.5139E-01  0.4976E-01  0.4861E-01  0.4965E-01  0.5209E-01  0.5328E-01  0.5380E-01  0.5426E-01  0.5450E-01  0.5456E-01  0.5402E-01  0.4890E-01  0.1662E-01
     13.5501       40.0000 -0.1808E+00 -0.3433E+00 -0.3101E+00 -0.1640E+00 -0.6628E-01 -0.3994E-01  0.2529E-01  0.4542E-01  0.5171E-01  0.5433E-01  0.5515E-01  0.5457E-01  0.5294E-01  0.5139E-01  0.4976E-01  0.4861E-01  0.4965E-01  0.5209E-01  0.5328E-01  0.5380E-01  0.5426E-01  0.5450E-01  0.5456E-01  0.5402E-01  0.4890E-01  0.1662E-01
     13.6856       50.0000 -0.1808E+00 -0.3433E+00 -0.3101E+00 -0.1640E+00 -0.6625E-01 -0.3992E-01  0.2530E-01  0.4542E-01  0.5171E-01  0.5433E-01  0.5515E-01  0.5457E-01  0.5294E-01  0.5139E-01  0.4976E-01  0.4862E-01  0.4965E-01  0.5209E-01  0.5328E-01  0.5380E-01  0.5426E-01  0.5450E-01  0.5456E-01  0.5402E-01  0.4890E-01  0.1662E-01
     13.8211       60.0000 -0.1808E+00 -0.3433E+00 -0.3101E+00 -0.1640E+00 -0.6622E-01 -0.3990E-01  0.2530E-01  0.4542E-01  0.5171E-01  0.5434E-01  0.5515E-01  0.5457E-01  0.5294E-01  0.5140E-01  0.4976E-01  0.4862E-01  0.4965E-01  0.5210E-01  0.5328E-01  0.5380E-01  0.5426E-01  0.5450E-01  0.5456E-01  0.5402E-01  0.4890E-01  0.1662E-01
     13.9566       70.0000 -0.1808E+00 -0.3433E+00 -0.3101E+00 -0.1640E+00 -0.6620E-01 -0.3989E-01  0.2530E-01  0.4542E-01  0.5171E-01  0.5434E-01  0.5515E-01  0.5457E-01  0.5294E-01  0.5140E-01  0.4976E-01  0.4862E-01  0.4965E-01  0.5210E-01  0.5328E-01  0.5380E-01  0.5426E-01  0.5450E-01  0.5456E-01  0.5402E-01  0.4890E-01  0.1662E-01
     14.0921       80.0000 -0.1808E+00 -0.3433E+00 -0.3101E+00 -0.1640E+00 -0.6617E-01 -0.3987E-01  0.2531E-01  0.4541E-01  0.5171E-01  0.5434E-01  0.5515E-01  0.5457E-01  0.5294E-01  0.5140E-01  0.4977E-01  0.4862E-01  0.4965E-01  0.5210E-01  0.5328E-01  0.5380E-01  0.5426E-01  0.5450E-01  0.5456E-01  0.5402E-01  0.4890E-01  0.1662E-01
     14.2276       90.0000 -0.1808E+00 -0.3433E+00 -0.3101E+00 -0.1640E+00 -0.6615E-01 -0.3985E-01  0.2531E-01  0.4541E-01  0.5171E-01  0.5434E-01  0.5515E-01  0.5457E-01  0.5294E-01  0.5140E-01  0.4977E-01  0.4862E-01  0.4965E-01  0.5209E-01  0.5328E-01  0.5380E-01  0.5426E-01  0.5450E-01  0.5456E-01  0.5402E-01  0.4890E-01  0.1662E-01
     14.3631      100.0000 -0.1808E+00 -0.3433E+00 -0.3101E+00 -0.1640E+00 -0.6612E-01 -0.3983E-01  0.2531E-01  0.4541E-01  0.5171E-01  0.5434E-01  0.5515E-01  0.5457E-01  0.5294E-01  0.5140E-01  0.4977E-01  0.4862E-01  0.4965E-01  0.5209E-01  0.5328E-01  0.5380E-01  0.5426E-01  0.5450E-01  0.5456E-01  0.5402E-01  0.4890E-01  0.1662E-01
     14.4986      110.0000 -0.1808E+00 -0.3433E+00 -0.3101E+00 -0.1640E+00 -0.6610E-01 -0.3982E-01  0.2532E-01  0.4541E-01  0.5171E-01  0.5434E-01  0.5515E-01  0.5457E-01  0.5294E-01  0.5140E-01  0.4977E-01  0.4863E-01  0.4965E-01  0.5209E-01  0.5328E-01  0.5380E-01  0.5426E-01  0.5450E-01  0.5456E-01  0.5402E-01  0.4890E-01  0.1662E-01
     14.6341      120.0000 -0.1808E+00 -0.3433E+00 -0.3101E+00 -0.1640E+00 -0.6608E-01 -0.3980E-01  0.2532E-01  0.4541E-01  0.5172E-01  0.5434E-01  0.5515E-01  0.5458E-01  0.5294E-01  0.5140E-01  0.4977E-01  0.4863E-01  0.4966E-01  0.5209E-01  0.5328E-01  0.5380E-01  0.5426E-01  0.5450E-01  0.5456E-01  0.5402E-01  0.4890E-01  0.1662E-01
     14.7696      130.0000 -0.1808E+00 -0.3433E+00 -0.3101E+00 -0.1640E+00 -0.6605E-01 -0.3978E-01  0.2532E-01  0.4541E-01  0.5172E-01  0.5434E-01  0.5515E-01  0.5458E-01  0.5294E-01  0.5140E-01  0.4977E-01  0.4863E-01  0.4966E-01  0.5209E-01  0.5328E-01  0.5380E-01  0.5426E-01  0.5450E-01  0.5456E-01  0.5402E-01  0.4890E-01  0.1662E-01
     14.9051      140.0000 -0.1808E+00 -0.3433E+00 -0.3101E+00 -0.1639E+00 -0.6603E-01 -0.3977E-01  0.2533E-01  0.4541E-01  0.5172E-01  0.5434E-01  0.5515E-01  0.5458E-01  0.5294E-01  0.5140E-01  0.4977E-01  0.4863E-01  0.4966E-01  0.5210E-01  0.5328E-01  0.5380E-01  0.5426E-01  0.5450E-01  0.5456E-01  0.5402E-01  0.4890E-01  0.1662E-01
     15.0407      150.0000 -0.1808E+00 -0.3433E+00 -0.3101E+00 -0.1639E+00 -0.6601E-01 -0.3975E-01  0.2533E-01  0.4541E-01  0.5172E-01  0.5434E-01  0.5515E-01  0.5458E-01  0.5295E-01  0.5141E-01  0.4977E-01  0.4863E-01  0.4966E-01  0.5210E-01  0.5328E-01  0.5380E-01  0.5426E-01  0.5450E-01  0.5456E-01  0.5402E-01  0.4890E-01  0.1662E-01
     15.1762      160.0000 -0.1808E+00 -0.3433E+00 -0.3101E+00 -0.1639E+00 -0.6599E-01 -0.3973E-01  0.2533E-01  0.4541E-01  0.5172E-01  0.5434E-01  0.5515E-01  0.5458E-01  0.5295E-01  0.5141E-01  0.4978E-01  0.4863E-01  0.4966E-01  0.5210E-01  0.5328E-01  0.5380E-01  0.5426E-01  0.5450E-01  0.5456E-01  0.5402E-01  0.4890E-01  0.1662E-01
     15.3117      170.0000 -0.1808E+00 -0.3433E+00 -0.3101E+00 -0.1639E+00 -0.6597E-01 -0.3972E-01  0.2533E-01  0.4541E-01  0.5172E-01  0.5434E-01  0.5515E-01  0.5458E-01  0.5295E-01  0.5141E-01  0.4978E-01  0.4863E-01  0.4966E-01  0.5210E-01  0.5328E-01  0.5380E-01  0.5426E-01  0.5450E-01  0.5456E-01  0.5402E-01  0.4890E-01  0.1662E-01
     15.4472      180.0000 -0.1808E+00 -0.3433E+00 -0.3101E+00 -0.1639E+00 -0.6594E-01 -0.3970E-01  0.2534E-01  0.4541E-01  0.5172E-01  0.5434E-01  0.5515E-01  0.5458E-01  0.5295E-01  0.5141E-01  0.4978E-01  0.4864E-01  0.4966E-01  0.5209E-01  0.5328E-01  0.5380E-01  0.5426E-01  0.5450E-01  0.5456E-01  0.5402E-01  0.4890E-01  0.1662E-01
     15.5827      190.0000 -0.1808E+00 -0.3433E+00 -0.3101E+00 -0.1639E+00 -0.6592E-01 -0.3969E-01  0.2534E-01  0.4541E-01  0.5172E-01  0.5434E-01  0.5515E-01  0.5458E-01  0.5295E-01  0.5141E-01  0.4978E-01  0.4864E-01  0.4966E-01  0.5209E-01  0.5328E-01  0.5380E-01  0.5426E-01  0.5450E-01  0.5456E-01  0.5402E-01  0.4890E-01  0.1662E-01
     15.7182      200.0000 -0.1808E+00 -0.3433E+00 -0.3101E+00 -0.1639E+00 -0.6590E-01 -0.3967E-01  0.2534E-01  0.4541E-01  0.5172E-01  0.5434E-01  0.5515E-01  0.5458E-01  0.5295E-01  0.5141E-01  0.4978E-01  0.4864E-01  0.4966E-01  0.5209E-01  0.5328E-01  0.5380E-01  0.5426E-01  0.5450E-01  0.5456E-01  0.5402E-01  0.4890E-01  0.1662E-01
     15.8537      210.0000 -0.1808E+00 -0.3433E+00 -0.3101E+00 -0.1639E+00 -0.6588E-01 -0.3966E-01  0.2534E-01  0.4541E-01  0.5172E-01  0.5434E-01  0.5515E-01  0.5458E-01  0.5295E-01  0.5141E-01  0.4978E-01  0.4864E-01  0.4966E-01  0.5209E-01  0.5328E-01  0.5380E-01  0.5426E-01  0.5450E-01  0.5456E-01  0.5402E-01  0.4890E-01  0.1662E-01
     15.9892      220.0000 -0.1808E+00 -0.3433E+00 -0.3101E+00 -0.1639E+00 -0.6587E-01 -0.3964E-01  0.2535E-01  0.4541E-01  0.5172E-01  0.5434E-01  0.5516E-01  0.5458E-01  0.5295E-01  0.5141E-01  0.4978E-01  0.4864E-01  0.4966E-01  0.5210E-01  0.5328E-01  0.5380E-01  0.5426E-01  0.5450E-01  0.5456E-01  0.5402E-01  0.4890E-01  0.1662E-01
     16.1247      230.0000 -0.1808E+00 -0.3433E+00 -0.3101E+00 -0.1639E+00 -0.6585E-01 -0.3963E-01  0.2535E-01  0.4541E-01  0.5172E-01  0.5434E-01  0.5516E-01  0.5458E-01  0.5295E-01  0.5141E-01  0.4978E-01  0.4864E-01  0.4967E-01  0.5210E-01  0.5328E-01  0.5380E-01  0.5426E-01  0.5450E-01  0.5456E-01  0.5402E-01  0.4890E-01  0.1662E-01
     16.2602      240.0000 -0.1808E+00 -0.3433E+00 -0.3101E+00 -0.1639E+00 -0.6583E-01 -0.3961E-01  0.2535E-01  0.4541E-01  0.5172E-01  0.5434E-01  0.5516E-01  0.5458E-01  0.5295E-01  0.5141E-01  0.4979E-01  0.4864E-01  0.4967E-01  0.5210E-01  0.5328E-01  0.5380E-01  0.5426E-01  0.5450E-01  0.5456E-01  0.5402E-01  0.4890E-01  0.1662E-01
     16.3957      250.0000 -0.1808E+00 -0.3433E+00 -0.3101E+00 -0.1639E+00 -0.6581E-01 -0.3960E-01  0.2535E-01  0.4541E-01  0.5172E-01  0.5434E-01  0.5516E-01  0.5458E-01  0.5295E-01  0.5141E-01  0.4979E-01  0.4865E-01  0.4967E-01  0.5210E-01  0.5328E-01  0.5380E-01  0.5426E-01  0.5450E-01  0.5456E-01  0.5402E-01  0.4890E-01  0.1662E-01
     16.5312      260.0000 -0.1808E+00 -0.3433E+00 -0.3101E+00 -0.1639E+00 -0.6579E-01 -0.3958E-01  0.2536E-01  0.4541E-01  0.5172E-01  0.5434E-01  0.5516E-01  0.5458E-01  0.5295E-01  0.5142E-01  0.4979E-01  0.4865E-01  0.4967E-01  0.5210E-01  0.5328E-01  0.5380E-01  0.5426E-01  0.5450E-01  0.5456E-01  0.5402E-01  0.4890E-01  0.1662E-01
     16.6667      270.0000 -0.1808E+00 -0.3433E+00 -0.3101E+00 -0.1639E+00 -0.6578E-01 -0.3957E-01  0.2536E-01  0.4541E-01  0.5172E-01  0.5434E-01  0.5516E-01  0.5458E-01  0.5295E-01  0.5142E-01  0.4979E-01  0.4865E-01  0.4967E-01  0.5209E-01  0.5328E-01  0.5380E-01  0.5426E-01  0.5450E-01  0.5456E-01  0.5402E-01  0.4890E-01  0.1662E-01
     16.8022      280.0000 -0.1808E+00 -0.3433E+00 -0.3101E+00 -0.1639E+00 -0.6576E-01 -0.3956E-01  0.2536E-01  0.4541E-01  0.5172E-01  0.5434E-01  0.5516E-01  0.5458E-01  0.5295E-01  0.5142E-01  0.4979E-01  0.4865E-01  0.4967E-01  0.5209E-01  0.5328E-01  0.5380E-01  0.5426E-01  0.5450E-01  0.5456E-01  0.5402E-01  0.4890E-01  0.1662E-01
     16.9377      290.0000 -0.1808E+00 -0.3433E+00 -0.3101E+00 -0.1639E+00 -0.6574E-01 -0.3954E-01  0.2536E-01  0.4541E-01  0.5172E-01  0.5434E-01  0.5516E-01  0.5458E-01  0.5295E-01  0.5142E-01  0.4979E-01  0.4865E-01  0.4967E-01  0.5209E-01  0.5328E-01  0.5380E-01  0.5426E-01  0.5450E-01  0.5456E-01  0.5402E-01  0.4890E-01  0.1662E-01
     17.0732      300.0000 -0.1808E+00 -0.3433E+00 -0.3101E+00 -0.1639E+00 -0.6573E-01 -0.3953E-01  0.2537E-01  0.4541E-01  0.5173E-01  0.5434E-01  0.5516E-01  0.5458E-01  0.5295E-01  0.5142E-01  0.4979E-01  0.4865E-01  0.4967E-01  0.5209E-01  0.5328E-01  0.5380E-01  0.5426E-01  0.5450E-01  0.5456E-01  0.5402E-01  0.4890E-01  0.1662E-01
     17.2087      310.0000 -0.1808E+00 -0.3432E+00 -0.3101E+00 -0.1639E+00 -0.6571E-01 -0.3952E-01  0.2537E-01  0.4541E-01  0.5173E-01  0.5434E-01  0.5516E-01  0.5458E-01  0.5296E-01  0.5142E-01  0.4979E-01  0.4865E-01  0.4967E-01  0.5210E-01  0.5328E-01  0.5380E-01  0.5426E-01  0.5450E-01  0.5456E-01  0.5402E-01  0.4890E-01  0.1662E-01
     17.3442      320.0000 -0.1808E+00 -0.3432E+00 -0.3101E+00 -0.1639E+00 -0.6569E-01 -0.3950E-01  0.2537E-01  0.4541E-01  0.5173E-01  0.5434E-01  0.5516E-01  0.5458E-01  0.5296E-01  0.5142E-01  0.4979E-01  0.4865E-01  0.4967E-01  0.5210E-01  0.5328E-01  0.5380E-01  0.5426E-01  0.5450E-01  0.5456E-01  0.5402E-01  0.4890E-01  0.1662E-01
     17.4797      330.0000 -0.1808E+00 -0.3432E+00 -0.3101E+00 -0.1639E+00 -0.6568E-01 -0.3949E-01  0.2537E-01  0.4541E-01  0.5173E-01  0.5434E-01  0.5516E-01  0.5458E-01  0.5296E-01  0.5142E-01  0.4979E-01  0.4865E-01  0.4967E-01  0.5210E-01  0.5328E-01  0.5380E-01  0.5426E-01  0.5450E-01  0.5456E-01  0.5402E-01  0.4890E-01  0.1662E-01
     17.6152      340.0000 -0.1808E+00 -0.3432E+00 -0.3101E+00 -0.1639E+00 -0.6566E-01 -0.3948E-01  0.2537E-01  0.4541E-01  0.5173E-01  0.5434E-01  0.5516E-01  0.5458E-01  0.5296E-01  0.5142E-01  0.4980E-01  0.4866E-01  0.4967E-01  0.5210E-01  0.5328E-01  0.5380E-01  0.5426E-01  0.5450E-01  0.5456E-01  0.5402E-01  0.4890E-01  0.1662E-01
     17.7507      350.0000 -0.1808E+00 -0.3432E+00 -0.3101E+00 -0.1639E+00 -0.6565E-01 -0.3947E-01  0.2538E-01  0.4541E-01  0.5173E-01  0.5434E-01  0.5516E-01  0.5458E-01  0.5296E-01  0.5142E-01  0.4980E-01  0.4866E-01  0.4967E-01  0.5210E-01  0.5328E-01  0.5380E-01  0.5426E-01  0.5450E-01  0.5456E-01  0.5402E-01  0.4890E-01  0.1662E-01
     17.8862      360.0000 -0.1808E+00 -0.3432E+00 -0.3101E+00 -0.1639E+00 -0.6563E-01 -0.3945E-01  0.2538E-01  0.4541E-01  0.5173E-01  0.5434E-01  0.5516E-01  0.5458E-01  0.5296E-01  0.5142E-01  0.4980E-01  0.4866E-01  0.4967E-01  0.5209E-01  0.5328E-01  0.5380E-01  0.5426E-01  0.5450E-01  0.5456E-01  0.5402E-01  0.4890E-01  0.1662E-01
     18.0217       10.0000 -0.1808E+00 -0.3432E+00 -0.3101E+00 -0.1639E+00 -0.6562E-01 -0.3944E-01  0.2538E-01  0.4541E-01  0.5173E-01  0.5434E-01  0.5516E-01  0.5458E-01  0.5296E-01  0.5142E-01  0.4980E-01  0.4866E-01  0.4967E-01  0.5209E-01  0.5328E-01  0.5380E-01  0.5426E-01  0.5450E-01  0.5456E-01  0.5402E-01  0.4890E-01  0.1662E-01
     18.1572       20.0000 -0.1808E+00 -0.3432E+00 -0.3101E+00 -0.1639E+00 -0.6561E-01 -0.3943E-01  0.2538E-01  0.4541E-01  0.5173E-01  0.5434E-01  0.5516E-01  0.5458E-01  0.5296E-01  0.5142E-01  0.4980E-01  0.4866E-01  0.4967E-01  0.5209E-01  0.5328E-01  0.5380E-01  0.5426E-01  0.5450E-01  0.5456E-01  0.5402E-01  0.4890E-01  0.1662E-01
     18.2927       30.0000 -0.1808E+00 -0.3432E+00 -0.3101E+00 -0.1639E+00 -0.6559E-01 -0.3942E-01  0.2538E-01  0.4541E-01  0.5173E-01  0.5434E-01  0.5516E-01  0.5459E-01  0.5296E-01  0.5142E-01  0.4980E-01  0.4866E-01  0.4968E-01  0.5209E-01  0.5328E-01  0.5380E-01  0.5426E-01  0.5450E-01  0.5456E-01  0.5402E-01  0.4890E-01  0.1662E-01
     18.4282       40.0000 -0.1808E+00 -0.3432E+00 -0.3101E+00 -0.1639E+00 -0.6558E-01 -0.3941E-01  0.2539E-01  0.4541E-01  0.5173E-01  0.5434E-01  0.5516E-01  0.5459E-01  0.5296E-01  0.5143E-01  0.4980E-01  0.4866E-01  0.4968E-01  0.5210E-01  0.5328E-01  0.5380E-01  0.5426E-01  0.5450E-01  0.5456E-01  0.5402E-01  0.4890E-01  0.1662E-01
     18.5637       50.0000 -0.1808E+00 -0.3432E+00 -0.3101E+00 -0.1639E+00 -0.6557E-01 -0.3940E-01  0.2539E-01  0.4541E-01  0.5173E-01  0.5434E-01  0.5516E-01  0.5459E-01  0.5296E-01  0.5143E-01  0.4980E-01  0.4866E-01  0.4968E-01  0.5210E-01  0.5328E-01  0.5380E-01  0.5426E-01  0.5450E-01  0.5456E-01  0.5402E-01  0.4890E-01  0.1662E-01
     18.6992       60.0000 -0.1808E+00 -0.3432E+00 -0.3101E+00 -0.1639E+00 -0.6555E-01 -0.3938E-01  0.2539E-01  0.4541E-01  0.5173E-01  0.5434E-01  0.5516E-01  0.5459E-01  0.5296E-01  0.5143E-01  0.4980E-01  0.4866E-01  0.4968E-01  0.5210E-01  0.5328E-01  0.5380E-01  0.5426E-01  0.5450E-01  0.5456E-01  0.5402E-01  0.4890E-01  0.1662E-01
     18.8347       70.0000 -0.1808E+00 -0.3432E+00 -0.3101E+00 -0.1639E+00 -0.6554E-01 -0.3937E-01  0.2539E-01  0.4541E-01  0.5173E-01  0.5434E-01  0.5516E-01  0.5459E-01  0.5296E-01  0.5143E-01  0.4980E-01  0.4866E-01  0.4968E-01  0.5210E-01  0.5328E-01  0.5380E-01  0.5426E-01  0.5450E-01  0.5456E-01  0.5402E-01  0.4890E-01  0.1662E-01
     18.9702       80.0000 -0.1808E+00 -0.3432E+00 -0.3101E+00 -0.1639E+00 -0.6553E-01 -0.3936E-01  0.2539E-01  0.4541E-01  0.5173E-01  0.5434E-01  0.5516E-01  0.5459E-01  0.5296E-01  0.5143E-01  0.4980E-01  0.4867E-01  0.4968E-01  0.5210E-01  0.5328E-01  0.5380E-01  0.5426E-01  0.5450E-01  0.5456E-01  0.5402E-01  0.4890E-01  0.1662E-01
     19.1057       90.0000 -0.1808E+00 -0.3432E+00 -0.3101E+00 -0.1639E+00 -0.6552E-01 -0.3935E-01  0.2540E-01  0.4541E-01  0.5173E-01  0.5434E-01  0.5516E-01  0.5459E-01  0.5296E-01  0.5143E-01  0.4980E-01  0.4867E-01  0.4968E-01  0.5209E-01  0.5328E-01  0.5380E-01  0.5426E-01  0.5450E-01  0.5456E-01  0.5402E-01  0.4890E-01  0.1662E-01
     19.2412      100.0000 -0.1808E+00 -0.3432E+00 -0.3100E+00 -0.1639E+00 -0.6550E-01 -0.3934E-01  0.2540E-01  0.4541E-01  0.5173E-01  0.5434E-01  0.5516E-01  0.5459E-01  0.5296E-01  0.5143E-01  0.4981E-01  0.4867E-01  0.4968E-01  0.5209E-01  0.5328E-01  0.5380E-01  0.5426E-01  0.5450E-01  0.5456E-01  0.5402E-01  0.4890E-01  0.1662E-01
     19.3767      110.0000 -0.1808E+00 -0.3432E+00 -0.3101E+00 -0.1639E+00 -0.6549E-01 -0.3933E-01  0.2540E-01  0.4541E-01  0.5173E-01  0.5434E-01  0.5516E-01  0.5459E-01  0.5296E-01  0.5143E-01  0.4981E-01  0.4867E-01  0.4968E-01  0.5209E-01  0.5328E-01  0.5380E-01  0.5426E-01  0.5450E-01  0.5456E-01  0.5402E-01  0.4890E-01  0.1662E-01
     19.5122      120.0000 -0.1808E+00 -0.3432E+00 -0.3101E+00 -0.1639E+00 -0.6548E-01 -0.3932E-01  0.2540E-01  0.4541E-01  0.5173E-01  0.5434E-01  0.5516E-01  0.5459E-01  0.5296E-01  0.5143E-01  0.4981E-01  0.4867E-01  0.4968E-01  0.5210E-01  0.5328E-01  0.5380E-01  0.5426E-01  0.5450E-01  0.5456E-01  0.5402E-01  0.4890E-01  0.1662E-01
     19.6477      130.0000 -0.1808E+00 -0.3432E+00 -0.3100E+00 -0.1639E+00 -0.6547E-01 -0.3931E-01  0.2540E-01  0.4541E-01  0.5173E-01  0.5434E-01  0.5516E-01  0.5459E-01  0.5296E-01  0.5143E-01  0.4981E-01  0.4867E-01  0.4968E-01  0.5210E-01  0.5328E-01  0.5380E-01  0.5426E-01  0.5450E-01  0.5456E-01  0.5402E-01  0.4890E-01  0.1662E-01
     19.7832      140.0000 -0.1808E+00 -0.3432E+00 -0.3100E+00 -0.1638E+00 -0.6546E-01 -0.3930E-01  0.2540E-01  0.4541E-01  0.5173E-01  0.5434E-01  0.5516E-01  0.5459E-01  0.5296E-01  0.5143E-01  0.4981E-01  0.4867E-01  0.4968E-01  0.5210E-01  0.5328E-01  0.5380E-01  0.5426E-01  0.5450E-01  0.5456E-01  0.5402E-01  0.4890E-01  0.1662E-01
     19.9187      150.0000 -0.1808E+00 -0.3432E+00 -0.3100E+00 -0.1638E+00 -0.6545E-01 -0.3929E-01  0.2540E-01  0.4541E-01  0.5173E-01  0.5434E-01  0.5516E-01  0.5459E-01  0.5296E-01  0.5143E-01  0.4981E-01  0.4867E-01  0.4968E-01  0.5210E-01  0.5328E-01  0.5380E-01  0.5426E-01  0.5450E-01  0.5456E-01  0.5402E-01  0.4890E-01  0.1662E-01
     20.0542      160.0000 -0.1808E+00 -0.3432E+00 -0.3100E+00 -0.1638E+00 -0.6544E-01 -0.3928E-01  0.2541E-01  0.4541E-01  0.5173E-01  0.5434E-01  0.5516E-01  0.5459E-01  0.5296E-01  0.5143E-01  0.4981E-01  0.4867E-01  0.4968E-01  0.5210E-01  0.5328E-01  0.5380E-01  0.5426E-01  0.5450E-01  0.5456E-01  0.5402E-01  0.4890E-01  0.1662E-01
     20.1897      170.0000 -0.1808E+00 -0.3432E+00 -0.3100E+00 -0.1638E+00 -0.6543E-01 -0.3927E-01  0.2541E-01  0.4541E-01  0.5173E-01  0.5434E-01  0.5516E-01  0.5459E-01  0.5297E-01  0.5143E-01  0.4981E-01  0.4867E-01  0.4968E-01  0.5210E-01  0.5328E-01  0.5380E-01  0.5426E-01  0.5450E-01  0.5456E-01  0.5402E-01  0.4890E-01  0.1662E-01
     20.3252      180.0000 -0.1808E+00 -0.3432E+00 -0.3100E+00 -0.1638E+00 -0.6542E-01 -0.3926E-01  0.2541E-01  0.4541E-01  0.5173E-01  0.5434E-01  0.5516E-01  0.5459E-01  0.5297E-01  0.5143E-01  0.4981E-01  0.4867E-01  0.4968E-01  0.5209E-01  0.5328E-01  0.5380E-01  0.5426E-01  0.5450E-01  0.5456E-01  0.5402E-01  0.4890E-01  0.1662E-01
     20.4607      190.0000 -0.1808E+00 -0.3432E+00 -0.3100E+00 -0.1638E+00 -0.6541E-01 -0.3925E-01  0.2541E-01  0.4541E-01  0.5173E-01  0.5434E-01  0.5516E-01  0.5459E-01  0.5297E-01  0.5143E-01  0.4981E-01  0.4867E-01  0.4968E-01  0.5209E-01  0.5328E-01  0.5380E-01  0.5426E-01  0.5450E-01  0.5456E-01  0.5402E-01  0.4890E-01  0.1662E-01
     20.5962      200.0000 -0.1808E+00 -0.3432E+00 -0.3100E+00 -0.1638E+00 -0.6540E-01 -0.3924E-01  0.2541E-01  0.4541E-01  0.5173E-01  0.5434E-01  0.5516E-01  0.5459E-01  0.5297E-01  0.5143E-01  0.4981E-01  0.4867E-01  0.4968E-01  0.5209E-01  0.5328E-01  0.5380E-01  0.5426E-01  0.5450E-01  0.5456E-01  0.5402E-01  0.4890E-01  0.1662E-01
     20.7317      210.0000 -0.1808E+00 -0.3432E+00 -0.3100E+00 -0.1638E+00 -0.6539E-01 -0.3923E-01  0.2541E-01  0.4541E-01  0.5173E-01  0.5434E-01  0.5516E-01  0.5459E-01  0.5297E-01  0.5143E-01  0.4981E-01  0.4867E-01  0.4968E-01  0.5210E-01  0.5328E-01  0.5380E-01  0.5426E-01  0.5450E-01  0.5456E-01  0.5402E-01  0.4890E-01  0.1662E-01
     20.8672      220.0000 -0.1808E+00 -0.3432E+00 -0.3100E+00 -0.1638E+00 -0.6538E-01 -0.3922E-01  0.2542E-01  0.4541E-01  0.5174E-01  0.5434E-01  0.5516E-01  0.5459E-01  0.5297E-01  0.5144E-01  0.4981E-01  0.4868E-01  0.4968E-01  0.5210E-01  0.5328E-01  0.5380E-01  0.5426E-01  0.5450E-01  0.5456E-01  0.5402E-01  0.4890E-01  0.1662E-01
     21.0027      230.0000 -0.1808E+00 -0.3432E+00 -0.3100E+00 -0.1638E+00 -0.6537E-01 -0.3921E-01  0.2542E-01  0.4541E-01  0.5174E-01  0.5435E-01  0.5516E-01  0.5459E-01  0.5297E-01  0.5144E-01  0.4981E-01  0.4868E-01  0.4968E-01  0.5210E-01  0.5328E-01  0.5380E-01  0.5426E-01  0.5450E-01  0.5456E-01  0.5402E-01  0.4890E-01  0.1662E-01
     21.1382      240.0000 -0.1808E+00 -0.3432E+00 -0.3100E+00 -0.1638E+00 -0.6536E-01 -0.3920E-01  0.2542E-01  0.4541E-01  0.5174E-01  0.5435E-01  0.5516E-01  0.5459E-01  0.5297E-01  0.5144E-01  0.4981E-01  0.4868E-01  0.4968E-01  0.5210E-01  0.5328E-01  0.5380E-01  0.5426E-01  0.5450E-01  0.5456E-01  0.5402E-01  0.4890E-01  0.1662E-01
     21.2737      250.0000 -0.1808E+00 -0.3432E+00 -0.3100E+00 -0.1638E+00 -0.6535E-01 -0.3919E-01  0.2542E-01  0.4540E-01  0.5174E-01  0.5435E-01  0.5516E-01  0.5459E-01  0.5297E-01  0.5144E-01  0.4981E-01  0.4868E-01  0.4969E-01  0.5210E-01  0.5328E-01  0.5380E-01  0.5426E-01  0.5450E-01  0.5456E-01  0.5402E-01  0.4890E-01  0.1662E-01
     21.4092      260.0000 -0.1808E+00 -0.3432E+00 -0.3100E+00 -0.1638E+00 -0.6534E-01 -0.3919E-01  0.2542E-01  0.4540E-01  0.5174E-01  0.5435E-01  0.5516E-01  0.5459E-01  0.5297E-01  0.5144E-01  0.4982E-01  0.4868E-01  0.4969E-01  0.5210E-01  0.5328E-01  0.5380E-01  0.5426E-01  0.5450E-01  0.5456E-01  0.5402E-01  0.4890E-01  0.1662E-01
     21.5447      270.0000 -0.1808E+00 -0.3432E+00 -0.3100E+00 -0.1638E+00 -0.6533E-01 -0.3918E-01  0.2542E-01  0.4541E-01  0.5174E-01  0.5435E-01  0.5516E-01  0.5459E-01  0.5297E-01  0.5144E-01  0.4982E-01  0.4868E-01  0.4969E-01  0.5210E-01  0.5328E-01  0.5380E-01  0.5426E-01  0.5450E-01  0.5456E-01  0.5402E-01  0.4890E-01  0.1662E-01
     21.6802      280.0000 -0.1808E+00 -0.3432E+00 -0.3100E+00 -0.1638E+00 -0.6533E-01 -0.3917E-01  0.2542E-01  0.4540E-01  0.5174E-01  0.5435E-01  0.5516E-01  0.5459E-01  0.5297E-01  0.5144E-01  0.4982E-01  0.4868E-01  0.4969E-01  0.5209E-01  0.5328E-01  0.5380E-01  0.5426E-01  0.5450E-01  0.5456E-01  0.5402E-01  0.4890E-01  0.1662E-01
     21.8157      290.0000 -0.1808E+00 -0.3432E+00 -0.3100E+00 -0.1638E+00 -0.6532E-01 -0.3916E-01  0.2542E-01  0.4540E-01  0.5174E-01  0.5435E-01  0.5516E-01  0.5459E-01  0.5297E-01  0.5144E-01  0.4982E-01  0.4868E-01  0.4969E-01  0.5209E-01  0.5328E-01  0.5380E-01  0.5426E-01  0.5450E-01  0.5456E-01  0.5402E-01  0.4890E-01  0.1662E-01
     21.9512      300.0000 -0.1808E+00 -0.3432E+00 -0.3100E+00 -0.1638E+00 -0.6531E-01 -0.3915E-01  0.2543E-01  0.4540E-01  0.5174E-01  0.5435E-01  0.5516E-01  0.5459E-01  0.5297E-01  0.5144E-01  0.4982E-01  0.4868E-01  0.4969E-01  0.5210E-01  0.5328E-01  0.5380E-01  0.5426E-01  0.5450E-01  0.5456E-01  0.5402E-01  0.4890E-01  0.1662E-01
     22.0867      310.0000 -0.1808E+00 -0.3432E+00 -0.3100E+00 -0.1638E+00 -0.6530E-01 -0.3914E-01  0.2543E-01  0.4540E-01  0.5174E-01  0.5435E-01  0.5516E-01  0.5459E-01  0.5297E-01  0.5144E-01  0.4982E-01  0.4868E-01  0.4969E-01  0.5210E-01  0.5328E-01  0.5380E-01  0.5426E-01  0.5450E-01  0.5456E-01  0.5402E-01  0.4890E-01  0.1662E-01
     22.2222      320.0000 -0.1808E+00 -0.3432E+00 -0.3100E+00 -0.1638E+00 -0.6530E-01 -0.3913E-01  0.2543E-01  0.4540E-01  0.5174E-01  0.5435E-01  0.5516E-01  0.5459E-01  0.5297E-01  0.5144E-01  0.4982E-01  0.4868E-01  0.4969E-01  0.5210E-01  0.5328E-01  0.5380E-01  0.5426E-01  0.5450E-01  0.5456E-01  0.5402E-01  0.4890E-01  0.1662E-01
     22.3577      330.0000 -0.1808E+00 -0.3432E+00 -0.3100E+00 -0.1638E+00 -0.6529E-01 -0.3913E-01  0.2543E-01  0.4540E-01  0.5174E-01  0.5435E-01  0.5516E-01  0.5459E-01  0.5297E-01  0.5144E-01  0.4982E-01  0.4868E-01  0.4969E-01  0.5210E-01  0.5328E-01  0.5380E-01  0.5426E-01  0.5450E-01  0.5456E-01  0.5402E-01  0.4890E-01  0.1662E-01
     22.4932      340.0000 -0.1808E+00 -0.3432E+00 -0.3100E+00 -0.1638E+00 -0.6528E-01 -0.3912E-01  0.2543E-01  0.4540E-01  0.5174E-01  0.5435E-01  0.5516E-01  0.5459E-01  0.5297E-01  0.5144E-01  0.4982E-01  0.4868E-01  0.4969E-01  0.5210E-01  0.5328E-01  0.5380E-01  0.5426E-01  0.5450E-01  0.5456E-01  0.5402E-01  0.4890E-01  0.1662E-01
     22.6287      350.0000 -0.1808E+00 -0.3432E+00 -0.3100E+00 -0.1638E+00 -0.6527E-01 -0.3911E-01  0.2543E-01  0.4540E-01  0.5174E-01  0.5435E-01  0.5516E-01  0.5459E-01  0.5297E-01  0.5144E-01  0.4982E-01  0.4868E-01  0.4969E-01  0.5210E-01  0.5328E-01  0.5380E-01  0.5426E-01  0.5450E-01  0.5456E-01  0.5402E-01  0.4890E-01  0.1662E-01
     22.7642      360.0000 -0.1808E+00 -0.3432E+00 -0.3100E+00 -0.1638E+00 -0.6527E-01 -0.3910E-01  0.2543E-01  0.4540E-01  0.5174E-01  0.5435E-01  0.5516E-01  0.5459E-01  0.5297E-01  0.5144E-01  0.4982E-01  0.4868E-01  0.4969E-01  0.5210E-01  0.5328E-01  0.5380E-01  0.5426E-01  0.5450E-01  0.5456E-01  0.5402E-01  0.4890E-01  0.1662E-01
     22.8997       10.0000 -0.1808E+00 -0.3432E+00 -0.3100E+00 -0.1638E+00 -0.6526E-01 -0.3910E-01  0.2543E-01  0.4540E-01  0.5174E-01  0.5435E-01  0.5516E-01  0.5459E-01  0.5297E-01  0.5144E-01  0.4982E-01  0.4868E-01  0.4969E-01  0.5209E-01  0.5328E-01  0.5380E-01  0.5426E-01  0.5450E-01  0.5456E-01  0.5402E-01  0.4890E-01  0.1662E-01
     23.0352       20.0000 -0.1808E+00 -0.3432E+00 -0.3100E+00 -0.1638E+00 -0.6525E-01 -0.3909E-01  0.2543E-01  0.4540E-01  0.5174E-01  0.5435E-01  0.5516E-01  0.5459E-01  0.5297E-01  0.5144E-01  0.4982E-01  0.4868E-01  0.4969E-01  0.5209E-01  0.5328E-01  0.5380E-01  0.5426E-01  0.5450E-01  0.5456E-01  0.5402E-01  0.4890E-01  0.1662E-01
     23.1707       30.0000 -0.1808E+00 -0.3432E+00 -0.3100E+00 -0.1638E+00 -0.6525E-01 -0.3908E-01  0.2544E-01  0.4540E-01  0.5174E-01  0.5435E-01  0.5516E-01  0.5459E-01  0.5297E-01  0.5144E-01  0.4982E-01  0.4868E-01  0.4969E-01  0.5210E-01  0.5328E-01  0.5380E-01  0.5426E-01  0.5450E-01  0.5456E-01  0.5402E-01  0.4890E-01  0.1662E-01
     23.3062       40.0000 -0.1808E+00 -0.3432E+00 -0.3100E+00 -0.1638E+00 -0.6524E-01 -0.3907E-01  0.2544E-01  0.4540E-01  0.5174E-01  0.5435E-01  0.5516E-01  0.5459E-01  0.5297E-01  0.5144E-01  0.4982E-01  0.4869E-01  0.4969E-01  0.5210E-01  0.5328E-01  0.5380E-01  0.5426E-01  0.5450E-01  0.5456E-01  0.5402E-01  0.4890E-01  0.1662E-01
     23.4417       50.0000 -0.1808E+00 -0.3432E+00 -0.3100E+00 -0.1638E+00 -0.6523E-01 -0.3907E-01  0.2544E-01  0.4540E-01  0.5174E-01  0.5435E-01  0.5516E-01  0.5459E-01  0.5297E-01  0.5144E-01  0.4982E-01  0.4869E-01  0.4969E-01  0.5210E-01  0.5328E-01  0.5380E-01  0.5426E-01  0.5450E-01  0.5456E-01  0.5402E-01  0.4890E-01  0.1662E-01
     23.5772       60.0000 -0.1808E+00 -0.3432E+00 -0.3100E+00 -0.1638E+00 -0.6523E-01 -0.3906E-01  0.2544E-01  0.4540E-01  0.5174E-01  0.5435E-01  0.5516E-01  0.5459E-01  0.5297E-01  0.5144E-01  0.4982E-01  0.4869E-01  0.4969E-01  0.5210E-01  0.5328E-01  0.5381E-01  0.5426E-01  0.5450E-01  0.5456E-01  0.5402E-01  0.4890E-01  0.1662E-01
     23.7127       70.0000 -0.1808E+00 -0.3432E+00 -0.3100E+00 -0.1638E+00 -0.6522E-01 -0.3905E-01  0.2544E-01  0.4540E-01  0.5174E-01  0.5435E-01  0.5516E-01  0.5459E-01  0.5297E-01  0.5144E-01  0.4982E-01  0.4869E-01  0.4969E-01  0.5210E-01  0.5328E-01  0.5381E-01  0.5426E-01  0.5450E-01  0.5456E-01  0.5402E-01  0.4890E-01  0.1662E-01
     23.8482       80.0000 -0.1808E+00 -0.3432E+00 -0.3100E+00 -0.1638E+00 -0.6521E-01 -0.3905E-01  0.2544E-01  0.4540E-01  0.5174E-01  0.5435E-01  0.5516E-01  0.5459E-01  0.5297E-01  0.5144E-01  0.4982E-01  0.4869E-01  0.4969E-01  0.5210E-01  0.5328E-01  0.5381E-01  0.5426E-01  0.5450E-01  0.5456E-01  0.5402E-01  0.4890E-01  0.1662E-01
     23.9837       90.0000 -0.1808E+00 -0.3432E+00 -0.3100E+00 -0.1638E+00 -0.6521E-01 -0.3904E-01  0.2544E-01  0.4540E-01  0.5174E-01  0.5435E-01  0.5516E-01  0.5459E-01  0.5297E-01  0.5144E-01  0.4982E-01  0.4869E-01  0.4969E-01  0.5210E-01  0.5328E-01  0.5380E-01  0.5426E-01  0.5450E-01  0.5456E-01  0.5402E-01  0.4890E-01  0.1662E-01
     24.1192      100.0000 -0.1808E+00 -0.3432E+00 -0.3100E+00 -0.1638E+00 -0.6520E-01 -0.3903E-01  0.2544E-01  0.4540E-01  0.5174E-01  0.5435E-01  0.5516E-01  0.5459E-01  0.5297E-01  0.5144E-01  0.4982E-01  0.4869E-01  0.4969E-01  0.5209E-01  0.5328E-01  0.5381E-01  0.5426E-01  0.5450E-01  0.5456E-01  0.5402E-01  0.4890E-01  0.1662E-01
     24.2547      110.0000 -0.1808E+00 -0.3432E+00 -0.3100E+00 -0.1638E+00 -0.6520E-01 -0.3903E-01  0.2544E-01  0.4540E-01  0.5174E-01  0.5435E-01  0.5516E-01  0.5459E-01  0.5297E-01  0.5144E-01  0.4982E-01  0.4869E-01  0.4969E-01  0.5210E-01  0.5328E-01  0.5381E-01  0.5426E-01  0.5450E-01  0.5456E-01  0.5402E-01  0.4890E-01  0.1662E-01
     24.3902      120.0000 -0.1808E+00 -0.3432E+00 -0.3100E+00 -0.1638E+00 -0.6519E-01 -0.3902E-01  0.2544E-01  0.4540E-01  0.5174E-01  0.5435E-01  0.5516E-01  0.5459E-01  0.5297E-01  0.5144E-01  0.4983E-01  0.4869E-01  0.4969E-01  0.5210E-01  0.5328E-01  0.5381E-01  0.5426E-01  0.5450E-01  0.5456E-01  0.5402E-01  0.4890E-01  0.1662E-01
     24.5257      130.0000 -0.1808E+00 -0.3432E+00 -0.3100E+00 -0.1638E+00 -0.6519E-01 -0.3901E-01  0.2544E-01  0.4540E-01  0.5174E-01  0.5435E-01  0.5516E-01  0.5459E-01  0.5297E-01  0.5145E-01  0.4983E-01  0.4869E-01  0.4969E-01  0.5210E-01  0.5328E-01  0.5381E-01  0.5426E-01  0.5450E-01  0.5456E-01  0.5402E-01  0.4890E-01  0.1662E-01
     24.6612      140.0000 -0.1808E+00 -0.3432E+00 -0.3100E+00 -0.1638E+00 -0.6518E-01 -0.3901E-01  0.2545E-01  0.4540E-01  0.5174E-01  0.5435E-01  0.5516E-01  0.5459E-01  0.5297E-01  0.5145E-01  0.4983E-01  0.4869E-01  0.4969E-01  0.5210E-01  0.5328E-01  0.5381E-01  0.5426E-01  0.5450E-01  0.5456E-01  0.5402E-01  0.4890E-01  0.1662E-01
     24.7967      150.0000 -0.1808E+00 -0.3432E+00 -0.3100E+00 -0.1638E+00 -0.6517E-01 -0.3900E-01  0.2545E-01  0.4540E-01  0.5174E-01  0.5435E-01  0.5516E-01  0.5459E-01  0.5297E-01  0.5145E-01  0.4983E-01  0.4869E-01  0.4969E-01  0.5210E-01  0.5328E-01  0.5381E-01  0.5426E-01  0.5450E-01  0.5456E-01  0.5402E-01  0.4890E-01  0.1662E-01
     24.9322      160.0000 -0.1808E+00 -0.3432E+00 -0.3100E+00 -0.1638E+00 -0.6517E-01 -0.3899E-01  0.2545E-01  0.4540E-01  0.5174E-01  0.5435E-01  0.5516E-01  0.5459E-01  0.5297E-01  0.5145E-01  0.4983E-01  0.4869E-01  0.4969E-01  0.5210E-01  0.5328E-01  0.5381E-01  0.5426E-01  0.5450E-01  0.5456E-01  0.5402E-01  0.4890E-01  0.1662E-01
     25.0678      170.0000 -0.1808E+00 -0.3432E+00 -0.3100E+00 -0.1638E+00 -0.6516E-01 -0.3899E-01  0.2545E-01  0.4540E-01  0.5174E-01  0.5435E-01  0.5516E-01  0.5459E-01  0.5297E-01  0.5145E-01  0.4983E-01  0.4869E-01  0.4969E-01  0.5210E-01  0.5328E-01  0.5381E-01  0.5426E-01  0.5450E-01  0.5456E-01  0.5402E-01  0.4890E-01  0.1662E-01
     25.2033      180.0000 -0.1808E+00 -0.3432E+00 -0.3100E+00 -0.1638E+00 -0.6516E-01 -0.3898E-01  0.2545E-01  0.4540E-01  0.5174E-01  0.5435E-01  0.5516E-01  0.5459E-01  0.5298E-01  0.5145E-01  0.4983E-01  0.4869E-01  0.4969E-01  0.5210E-01  0.5328E-01  0.5381E-01  0.5426E-01  0.5450E-01  0.5456E-01  0.5402E-01  0.4890E-01  0.1662E-01
     25.3388      190.0000 -0.1808E+00 -0.3432E+00 -0.3100E+00 -0.1638E+00 -0.6516E-01 -0.3898E-01  0.2545E-01  0.4540E-01  0.5174E-01  0.5435E-01  0.5516E-01  0.5459E-01  0.5298E-01  0.5145E-01  0.4983E-01  0.4869E-01  0.4969E-01  0.5209E-01  0.5328E-01  0.5381E-01  0.5426E-01  0.5450E-01  0.5456E-01  0.5402E-01  0.4890E-01  0.1662E-01
     25.4743      200.0000 -0.1808E+00 -0.3432E+00 -0.3100E+00 -0.1638E+00 -0.6515E-01 -0.3897E-01  0.2545E-01  0.4540E-01  0.5174E-01  0.5435E-01  0.5516E-01  0.5459E-01  0.5298E-01  0.5145E-01  0.4983E-01  0.4869E-01  0.4969E-01  0.5210E-01  0.5328E-01  0.5381E-01  0.5426E-01  0.5450E-01  0.5456E-01  0.5402E-01  0.4890E-01  0.1662E-01
     25.6098      210.0000 -0.1808E+00 -0.3432E+00 -0.3100E+00 -0.1638E+00 -0.6515E-01 -0.3896E-01  0.2545E-01  0.4540E-01  0.5174E-01  0.5435E-01  0.5516E-01  0.5459E-01  0.5298E-01  0.5145E-01  0.4983E-01  0.4869E-01  0.4969E-01  0.5210E-01  0.5328E-01  0.5381E-01  0.5426E-01  0.5450E-01  0.5456E-01  0.5402E-01  0.4890E-01  0.1662E-01
     25.7453      220.0000 -0.1808E+00 -0.3432E+00 -0.3100E+00 -0.1638E+00 -0.6514E-01 -0.3896E-01  0.2545E-01  0.4540E-01  0.5174E-01  0.5435E-01  0.5516E-01  0.5459E-01  0.5298E-01  0.5145E-01  0.4983E-01  0.4869E-01  0.4969E-01  0.5210E-01  0.5328E-01  0.5381E-01  0.5426E-01  0.5450E-01  0.5456E-01  0.5402E-01  0.4890E-01  0.1662E-01
     25.8808      230.0000 -0.1808E+00 -0.3432E+00 -0.3100E+00 -0.1638E+00 -0.6514E-01 -0.3895E-01  0.2545E-01  0.4540E-01  0.5174E-01  0.5435E-01  0.5516E-01  0.5459E-01  0.5298E-01  0.5145E-01  0.4983E-01  0.4869E-01  0.4969E-01  0.5210E-01  0.5328E-01  0.5381E-01  0.5426E-01  0.5450E-01  0.5456E-01  0.5402E-01  0.4890E-01  0.1662E-01
     26.0163      240.0000 -0.1808E+00 -0.3432E+00 -0.3100E+00 -0.1638E+00 -0.6513E-01 -0.3895E-01  0.2545E-01  0.4540E-01  0.5174E-01  0.5435E-01  0.5516E-01  0.5459E-01  0.5298E-01  0.5145E-01  0.4983E-01  0.4869E-01  0.4969E-01  0.5210E-01  0.5328E-01  0.5381E-01  0.5426E-01  0.5450E-01  0.5456E-01  0.5402E-01  0.4890E-01  0.1662E-01
     26.1518      250.0000 -0.1808E+00 -0.3432E+00 -0.3100E+00 -0.1638E+00 -0.6513E-01 -0.3894E-01  0.2545E-01  0.4540E-01  0.5174E-01  0.5435E-01  0.5517E-01  0.5460E-01  0.5298E-01  0.5145E-01  0.4983E-01  0.4869E-01  0.4969E-01  0.5210E-01  0.5328E-01  0.5381E-01  0.5426E-01  0.5450E-01  0.5456E-01  0.5402E-01  0.4890E-01  0.1662E-01
     26.2873      260.0000 -0.1808E+00 -0.3432E+00 -0.3100E+00 -0.1638E+00 -0.6512E-01 -0.3894E-01  0.2545E-01  0.4540E-01  0.5174E-01  0.5435E-01  0.5517E-01  0.5460E-01  0.5298E-01  0.5145E-01  0.4983E-01  0.4869E-01  0.4969E-01  0.5210E-01  0.5328E-01  0.5381E-01  0.5426E-01  0.5450E-01  0.5456E-01  0.5402E-01  0.4890E-01  0.1662E-01
     26.4228      270.0000 -0.1808E+00 -0.3432E+00 -0.3100E+00 -0.1638E+00 -0.6512E-01 -0.3893E-01  0.2546E-01  0.4540E-01  0.5174E-01  0.5435E-01  0.5517E-01  0.5460E-01  0.5298E-01  0.5145E-01  0.4983E-01  0.4869E-01  0.4969E-01  0.5210E-01  0.5328E-01  0.5381E-01  0.5426E-01  0.5450E-01  0.5456E-01  0.5402E-01  0.4890E-01  0.1662E-01
     26.5583      280.0000 -0.1808E+00 -0.3432E+00 -0.3100E+00 -0.1638E+00 -0.6512E-01 -0.3893E-01  0.2546E-01  0.4540E-01  0.5174E-01  0.5435E-01  0.5517E-01  0.5460E-01  0.5298E-01  0.5145E-01  0.4983E-01  0.4869E-01  0.4969E-01  0.5210E-01  0.5328E-01  0.5381E-01  0.5426E-01  0.5450E-01  0.5456E-01  0.5402E-01  0.4890E-01  0.1662E-01
     26.6938      290.0000 -0.1808E+00 -0.3432E+00 -0.3100E+00 -0.1638E+00 -0.6511E-01 -0.3892E-01  0.2546E-01  0.4540E-01  0.5174E-01  0.5435E-01  0.5517E-01  0.5460E-01  0.5298E-01  0.5145E-01  0.4983E-01  0.4869E-01  0.4970E-01  0.5210E-01  0.5328E-01  0.5381E-01  0.5426E-01  0.5450E-01  0.5456E-01  0.5402E-01  0.4890E-01  0.1662E-01
     26.8293      300.0000 -0.1808E+00 -0.3432E+00 -0.3100E+00 -0.1638E+00 -0.6511E-01 -0.3891E-01  0.2546E-01  0.4540E-01  0.5174E-01  0.5435E-01  0.5517E-01  0.5460E-01  0.5298E-01  0.5145E-01  0.4983E-01  0.4869E-01  0.4970E-01  0.5210E-01  0.5328E-01  0.5381E-01  0.5426E-01  0.5450E-01  0.5456E-01  0.5402E-01  0.4890E-01  0.1662E-01
     26.9648      310.0000 -0.1808E+00 -0.3432E+00 -0.3100E+00 -0.1638E+00 -0.6510E-01 -0.3891E-01  0.2546E-01  0.4540E-01  0.5174E-01  0.5435E-01  0.5517E-01  0.5460E-01  0.5298E-01  0.5145E-01  0.4983E-01  0.4870E-01  0.4970E-01  0.5210E-01  0.5328E-01  0.5381E-01  0.5426E-01  0.5450E-01  0.5456E-01  0.5402E-01  0.4890E-01  0.1662E-01
     27.1003      320.0000 -0.1808E+00 -0.3432E+00 -0.3100E+00 -0.1638E+00 -0.6510E-01 -0.3890E-01  0.2546E-01  0.4540E-01  0.5174E-01  0.5435E-01  0.5517E-01  0.5460E-01  0.5298E-01  0.5145E-01  0.4983E-01  0.4870E-01  0.4970E-01  0.5210E-01  0.5328E-01  0.5381E-01  0.5426E-01  0.5450E-01  0.5456E-01  0.5402E-01  0.4890E-01  0.1662E-01
     27.2358      330.0000 -0.1808E+00 -0.3432E+00 -0.3100E+00 -0.1638E+00 -0.6510E-01 -0.3890E-01  0.2546E-01  0.4540E-01  0.5174E-01  0.5435E-01  0.5517E-01  0.5460E-01  0.5298E-01  0.5145E-01  0.4983E-01  0.4870E-01  0.4970E-01  0.5210E-01  0.5328E-01  0.5381E-01  0.5426E-01  0.5450E-01  0.5456E-01  0.5402E-01  0.4890E-01  0.1662E-01
     27.3713      340.0000 -0.1808E+00 -0.3432E+00 -0.3100E+00 -0.1638E+00 -0.6509E-01 -0.3889E-01  0.2546E-01  0.4540E-01  0.5174E-01  0.5435E-01  0.5517E-01  0.5460E-01  0.5298E-01  0.5145E-01  0.4983E-01  0.4870E-01  0.4970E-01  0.5210E-01  0.5328E-01  0.5381E-01  0.5426E-01  0.5450E-01  0.5456E-01  0.5402E-01  0.4890E-01  0.1662E-01
     27.5068      350.0000 -0.1808E+00 -0.3432E+00 -0.3100E+00 -0.1638E+00 -0.6509E-01 -0.3889E-01  0.2546E-01  0.4540E-01  0.5174E-01  0.5435E-01  0.5517E-01  0.5460E-01  0.5298E-01  0.5145E-01  0.4983E-01  0.4870E-01  0.4970E-01  0.5210E-01  0.5328E-01  0.5381E-01  0.5426E-01  0.5450E-01  0.5456E-01  0.5402E-01  0.4890E-01  0.1662E-01
     27.6423      360.0000 -0.1808E+00 -0.3432E+00 -0.3100E+00 -0.1638E+00 -0.6509E-01 -0.3889E-01  0.2546E-01  0.4540E-01  0.5174E-01  0.5435E-01  0.5517E-01  0.5460E-01  0.5298E-01  0.5145E-01  0.4983E-01  0.4870E-01  0.4970E-01  0.5210E-01  0.5328E-01  0.5381E-01  0.5426E-01  0.5450E-01  0.5456E-01  0.5402E-01  0.4890E-01  0.1662E-01
     27.7778       10.0000 -0.1808E+00 -0.3432E+00 -0.3100E+00 -0.1638E+00 -0.6508E-01 -0.3888E-01  0.2546E-01  0.4540E-01  0.5174E-01  0.5435E-01  0.5517E-01  0.5460E-01  0.5298E-01  0.5145E-01  0.4983E-01  0.4870E-01  0.4970E-01  0.5210E-01  0.5328E-01  0.5381E-01  0.5426E-01  0.5450E-01  0.5456E-01  0.5402E-01  0.4890E-01  0.1662E-01
     27.9133       20.0000 -0.1808E+00 -0.3432E+00 -0.3100E+00 -0.1638E+00 -0.6508E-01 -0.3888E-01  0.2546E-01  0.4540E-01  0.5174E-01  0.5435E-01  0.5517E-01  0.5460E-01  0.5298E-01  0.5145E-01  0.4983E-01  0.4870E-01  0.4970E-01  0.5210E-01  0.5328E-01  0.5381E-01  0.5426E-01  0.5450E-01  0.5456E-01  0.5402E-01  0.4890E-01  0.1662E-01
     28.0488       30.0000 -0.1808E+00 -0.3432E+00 -0.3100E+00 -0.1638E+00 -0.6508E-01 -0.3887E-01  0.2546E-01  0.4540E-01  0.5174E-01  0.5435E-01  0.5517E-01  0.5460E-01  0.5298E-01  0.5145E-01  0.4983E-01  0.4870E-01  0.4970E-01  0.5210E-01  0.5328E-01  0.5381E-01  0.5426E-01  0.5450E-01  0.5456E-01  0.5402E-01  0.4890E-01  0.1662E-01
     28.1843       40.0000 -0.1808E+00 -0.3432E+00 -0.3100E+00 -0.1638E+00 -0.6507E-01 -0.3887E-01  0.2546E-01  0.4540E-01  0.5174E-01  0.5435E-01  0.5517E-01  0.5460E-01  0.5298E-01  0.5145E-01  0.4983E-01  0.4870E-01  0.4970E-01  0.5210E-01  0.5328E-01  0.5381E-01  0.5426E-01  0.5450E-01  0.5456E-01  0.5402E-01  0.4890E-01  0.1662E-01
     28.3198       50.0000 -0.1808E+00 -0.3432E+00 -0.3100E+00 -0.1638E+00 -0.6507E-01 -0.3886E-01  0.2546E-01  0.4540E-01  0.5174E-01  0.5435E-01  0.5517E-01  0.5460E-01  0.5298E-01  0.5145E-01  0.4983E-01  0.4870E-01  0.4970E-01  0.5210E-01  0.5328E-01  0.5381E-01  0.5426E-01  0.5450E-01  0.5456E-01  0.5402E-01  0.4890E-01  0.1662E-01
     28.4553       60.0000 -0.1808E+00 -0.3432E+00 -0.3100E+00 -0.1638E+00 -0.6507E-01 -0.3886E-01  0.2546E-01  0.4540E-01  0.5174E-01  0.5435E-01  0.5517E-01  0.5460E-01  0.5298E-01  0.5145E-01  0.4983E-01  0.4870E-01  0.4970E-01  0.5210E-01  0.5328E-01  0.5381E-01  0.5426E-01  0.5450E-01  0.5456E-01  0.5402E-01  0.4890E-01  0.1662E-01
     28.5908       70.0000 -0.1808E+00 -0.3432E+00 -0.3100E+00 -0.1638E+00 -0.6506E-01 -0.3885E-01  0.2546E-01  0.4540E-01  0.5174E-01  0.5435E-01  0.5517E-01  0.5460E-01  0.5298E-01  0.5145E-01  0.4983E-01  0.4870E-01  0.4970E-01  0.5210E-01  0.5328E-01  0.5381E-01  0.5426E-01  0.5450E-01  0.5456E-01  0.5402E-01  0.4890E-01  0.1662E-01
     28.7263       80.0000 -0.1808E+00 -0.3432E+00 -0.3100E+00 -0.1638E+00 -0.6506E-01 -0.3885E-01  0.2547E-01  0.4540E-01  0.5174E-01  0.5435E-01  0.5517E-01  0.5460E-01  0.5298E-01  0.5145E-01  0.4983E-01  0.4870E-01  0.4970E-01  0.5210E-01  0.5328E-01  0.5381E-01  0.5426E-01  0.5450E-01  0.5456E-01  0.5402E-01  0.4890E-01  0.1662E-01
     28.8618       90.0000 -0.1808E+00 -0.3432E+00 -0.3100E+00 -0.1638E+00 -0.6506E-01 -0.3884E-01  0.2547E-01  0.4540E-01  0.5174E-01  0.5435E-01  0.5517E-01  0.5460E-01  0.5298E-01  0.5145E-01  0.4983E-01  0.4870E-01  0.4970E-01  0.5210E-01  0.5328E-01  0.5381E-01  0.5426E-01  0.5450E-01  0.5456E-01  0.5402E-01  0.4890E-01  0.1662E-01
     28.9973      100.0000 -0.1808E+00 -0.3432E+00 -0.3100E+00 -0.1638E+00 -0.6505E-01 -0.3884E-01  0.2547E-01  0.4540E-01  0.5174E-01  0.5435E-01  0.5517E-01  0.5460E-01  0.5298E-01  0.5145E-01  0.4983E-01  0.4870E-01  0.4970E-01  0.5210E-01  0.5328E-01  0.5381E-01  0.5426E-01  0.5450E-01  0.5456E-01  0.5402E-01  0.4890E-01  0.1662E-01
     29.1328      110.0000 -0.1808E+00 -0.3432E+00 -0.3100E+00 -0.1638E+00 -0.6505E-01 -0.3884E-01  0.2547E-01  0.4540E-01  0.5174E-01  0.5435E-01  0.5517E-01  0.5460E-01  0.5298E-01  0.5145E-01  0.4983E-01  0.4870E-01  0.4970E-01  0.5210E-01  0.5328E-01  0.5381E-01  0.5426E-01  0.5450E-01  0.5456E-01  0.5402E-01  0.4890E-01  0.1662E-01
     29.2683      120.0000 -0.1808E+00 -0.3432E+00 -0.3100E+00 -0.1638E+00 -0.6505E-01 -0.3883E-01  0.2547E-01  0.4540E-01  0.5174E-01  0.5435E-01  0.5517E-01  0.5460E-01  0.5298E-01  0.5145E-01  0.4983E-01  0.4870E-01  0.4970E-01  0.5210E-01  0.5328E-01  0.5381E-01  0.5426E-01  0.5450E-01  0.5456E-01  0.5402E-01  0.4890E-01  0.1662E-01
     29.4038      130.0000 -0.1808E+00 -0.3432E+00 -0.3100E+00 -0.1638E+00 -0.6505E-01 -0.3883E-01  0.2547E-01  0.4540E-01  0.5174E-01  0.5435E-01  0.5517E-01  0.5460E-01  0.5298E-01  0.5145E-01  0.4983E-01  0.4870E-01  0.4970E-01  0.5210E-01  0.5328E-01  0.5381E-01  0.5426E-01  0.5450E-01  0.5456E-01  0.5402E-01  0.4890E-01  0.1662E-01
     29.5393      140.0000 -0.1808E+00 -0.3432E+00 -0.3100E+00 -0.1638E+00 -0.6504E-01 -0.3882E-01  0.2547E-01  0.4540E-01  0.5174E-01  0.5435E-01  0.5517E-01  0.5460E-01  0.5298E-01  0.5145E-01  0.4983E-01  0.4870E-01  0.4970E-01  0.5210E-01  0.5328E-01  0.5381E-01  0.5426E-01  0.5450E-01  0.5456E-01  0.5402E-01  0.4890E-01  0.1662E-01
     29.6748      150.0000 -0.1808E+00 -0.3432E+00 -0.3100E+00 -0.1638E+00 -0.6504E-01 -0.3882E-01  0.2547E-01  0.4540E-01  0.5174E-01  0.5435E-01  0.5517E-01  0.5460E-01  0.5298E-01  0.5145E-01  0.4984E-01  0.4870E-01  0.4970E-01  0.5210E-01  0.5328E-01  0.5381E-01  0.5426E-01  0.5450E-01  0.5456E-01  0.5402E-01  0.4890E-01  0.1662E-01
     29.8103      160.0000 -0.1808E+00 -0.3432E+00 -0.3100E+00 -0.1638E+00 -0.6504E-01 -0.3882E-01  0.2547E-01  0.4540E-01  0.5174E-01  0.5435E-01  0.5517E-01  0.5460E-01  0.5298E-01  0.5145E-01  0.4984E-01  0.4870E-01  0.4970E-01  0.5210E-01  0.5328E-01  0.5381E-01  0.5426E-01  0.5450E-01  0.5456E-01  0.5402E-01  0.4890E-01  0.1662E-01
     29.9458      170.0000 -0.1808E+00 -0.3432E+00 -0.3100E+00 -0.1638E+00 -0.6504E-01 -0.3881E-01  0.2547E-01  0.4540E-01  0.5174E-01  0.5435E-01  0.5517E-01  0.5460E-01  0.5298E-01  0.5145E-01  0.4984E-01  0.4870E-01  0.4970E-01  0.5210E-01  0.5328E-01  0.5381E-01  0.5426E-01  0.5450E-01  0.5456E-01  0.5402E-01  0.4890E-01  0.1662E-01
