Time history of radial distribution for BEM variable: RotChordy[rad/s] for blade 3
                          rCurvi[m] (curvilinear radial distance)
                                0.7893      2.3680      3.9467      5.5254      7.1040      8.6827     10.2614     11.8401     13.4188     14.9974     16.5761     18.1548     19.7335     21.3121     22.8908     24.4695     26.0482     27.6268     29.2055     30.7842     32.3629     33.9416     35.5202     37.0989     38.2829     39.0723
                          zB[m] (radial coordinate along blade axis)
     time[s]  azimuth[deg]      0.1833      1.7549      3.3294      4.9066      6.4848      8.0632      9.6423     11.2252     12.8089     14.3906     15.9682     17.5466     19.1253     20.7040     22.2825     23.8605     25.4378     27.0144     28.5901     30.1649     31.7388     33.3118     34.8842     36.4562     37.6335     38.4193
      0.0000      120.0000  0.1824E-01  0.1140E+00  0.1439E+00  0.1658E+00  0.1870E+00  0.2081E+00  0.2273E+00  0.2245E+00  0.1951E+00  0.1555E+00  0.1262E+00  0.1058E+00  0.8957E-01  0.7651E-01  0.6579E-01  0.5609E-01  0.4647E-01  0.3730E-01  0.2941E-01  0.2288E-01  0.1668E-01  0.1086E-01  0.6208E-02  0.3456E-02  0.1341E-01  0.5807E-01
      0.1355      130.0000  0.1824E-01  0.1140E+00  0.1439E+00  0.1658E+00  0.1870E+00  0.2081E+00  0.2273E+00  0.2245E+00  0.1951E+00  0.1555E+00  0.1262E+00  0.1058E+00  0.8957E-01  0.7651E-01  0.6579E-01  0.5609E-01  0.4647E-01  0.3730E-01  0.2941E-01  0.2288E-01  0.1668E-01  0.1086E-01  0.6208E-02  0.3456E-02  0.1341E-01  0.5807E-01
      0.2710      140.0000  0.1824E-01  0.1140E+00  0.1439E+00  0.1658E+00  0.1870E+00  0.2081E+00  0.2273E+00  0.2245E+00  0.1951E+00  0.1555E+00  0.1262E+00  0.1058E+00  0.8957E-01  0.7651E-01  0.6579E-01  0.5609E-01  0.4647E-01  0.3730E-01  0.2941E-01  0.2288E-01  0.1668E-01  0.1086E-01  0.6208E-02  0.3456E-02  0.1341E-01  0.5807E-01
      0.4065      150.0000  0.1824E-01  0.1140E+00  0.1439E+00  0.1658E+00  0.1870E+00  0.2081E+00  0.2273E+00  0.2245E+00  0.1951E+00  0.1555E+00  0.1262E+00  0.1058E+00  0.8957E-01  0.7651E-01  0.6579E-01  0.5609E-01  0.4647E-01  0.3730E-01  0.2941E-01  0.2288E-01  0.1668E-01  0.1086E-01  0.6208E-02  0.3456E-02  0.1341E-01  0.5807E-01
      0.5420      160.0000  0.1824E-01  0.1140E+00  0.1439E+00  0.1658E+00  0.1870E+00  0.2081E+00  0.2273E+00  0.2245E+00  0.1951E+00  0.1555E+00  0.1262E+00  0.1058E+00  0.8957E-01  0.7651E-01  0.6579E-01  0.5609E-01  0.4647E-01  0.3730E-01  0.2941E-01  0.2288E-01  0.1668E-01  0.1086E-01  0.6208E-02  0.3456E-02  0.1341E-01  0.5807E-01
      0.6775      170.0000  0.1824E-01  0.1140E+00  0.1439E+00  0.1658E+00  0.1870E+00  0.2081E+00  0.2273E+00  0.2245E+00  0.1951E+00  0.1555E+00  0.1262E+00  0.1058E+00  0.8957E-01  0.7651E-01  0.6579E-01  0.5609E-01  0.4647E-01  0.3730E-01  0.2941E-01  0.2288E-01  0.1668E-01  0.1086E-01  0.6208E-02  0.3456E-02  0.1341E-01  0.5807E-01
      0.8130      180.0000  0.1824E-01  0.1140E+00  0.1439E+00  0.1658E+00  0.1870E+00  0.2081E+00  0.2273E+00  0.2245E+00  0.1951E+00  0.1555E+00  0.1262E+00  0.1058E+00  0.8957E-01  0.7651E-01  0.6579E-01  0.5609E-01  0.4647E-01  0.3730E-01  0.2941E-01  0.2288E-01  0.1668E-01  0.1086E-01  0.6208E-02  0.3456E-02  0.1341E-01  0.5807E-01
      0.9485      190.0000  0.1824E-01  0.1140E+00  0.1439E+00  0.1658E+00  0.1870E+00  0.2081E+00  0.2273E+00  0.2245E+00  0.1951E+00  0.1555E+00  0.1262E+00  0.1058E+00  0.8957E-01  0.7651E-01  0.6579E-01  0.5609E-01  0.4647E-01  0.3730E-01  0.2941E-01  0.2288E-01  0.1668E-01  0.1086E-01  0.6208E-02  0.3456E-02  0.1341E-01  0.5807E-01
      1.0840      200.0000  0.1824E-01  0.1140E+00  0.1439E+00  0.1658E+00  0.1870E+00  0.2081E+00  0.2273E+00  0.2245E+00  0.1951E+00  0.1555E+00  0.1262E+00  0.1058E+00  0.8957E-01  0.7651E-01  0.6579E-01  0.5609E-01  0.4647E-01  0.3730E-01  0.2941E-01  0.2288E-01  0.1668E-01  0.1086E-01  0.6208E-02  0.3456E-02  0.1341E-01  0.5807E-01
      1.2195      210.0000  0.1824E-01  0.1140E+00  0.1439E+00  0.1658E+00  0.1870E+00  0.2081E+00  0.2273E+00  0.2245E+00  0.1951E+00  0.1555E+00  0.1262E+00  0.1058E+00  0.8957E-01  0.7651E-01  0.6579E-01  0.5609E-01  0.4647E-01  0.3730E-01  0.2941E-01  0.2288E-01  0.1668E-01  0.1086E-01  0.6208E-02  0.3456E-02  0.1341E-01  0.5807E-01
      1.3550      220.0000  0.1824E-01  0.1140E+00  0.1439E+00  0.1658E+00  0.1870E+00  0.2081E+00  0.2273E+00  0.2245E+00  0.1951E+00  0.1555E+00  0.1262E+00  0.1058E+00  0.8957E-01  0.7651E-01  0.6579E-01  0.5609E-01  0.4647E-01  0.3730E-01  0.2941E-01  0.2288E-01  0.1668E-01  0.1086E-01  0.6208E-02  0.3456E-02  0.1341E-01  0.5807E-01
      1.4905      230.0000  0.1824E-01  0.1140E+00  0.1439E+00  0.1658E+00  0.1870E+00  0.2081E+00  0.2273E+00  0.2245E+00  0.1951E+00  0.1555E+00  0.1262E+00  0.1058E+00  0.8957E-01  0.7651E-01  0.6579E-01  0.5609E-01  0.4647E-01  0.3730E-01  0.2941E-01  0.2288E-01  0.1668E-01  0.1086E-01  0.6208E-02  0.3456E-02  0.1341E-01  0.5807E-01
      1.6260      240.0000  0.1824E-01  0.1140E+00  0.1439E+00  0.1658E+00  0.1870E+00  0.2081E+00  0.2273E+00  0.2245E+00  0.1951E+00  0.1555E+00  0.1262E+00  0.1058E+00  0.8957E-01  0.7651E-01  0.6579E-01  0.5609E-01  0.4647E-01  0.3730E-01  0.2941E-01  0.2288E-01  0.1668E-01  0.1086E-01  0.6208E-02  0.3456E-02  0.1341E-01  0.5807E-01
      1.7615      250.0000  0.1824E-01  0.1140E+00  0.1439E+00  0.1658E+00  0.1870E+00  0.2081E+00  0.2273E+00  0.2245E+00  0.1951E+00  0.1555E+00  0.1262E+00  0.1058E+00  0.8957E-01  0.7651E-01  0.6579E-01  0.5609E-01  0.4647E-01  0.3730E-01  0.2941E-01  0.2288E-01  0.1668E-01  0.1086E-01  0.6208E-02  0.3456E-02  0.1341E-01  0.5807E-01
      1.8970      260.0000  0.1824E-01  0.1140E+00  0.1439E+00  0.1658E+00  0.1870E+00  0.2081E+00  0.2273E+00  0.2245E+00  0.1951E+00  0.1555E+00  0.1262E+00  0.1058E+00  0.8957E-01  0.7651E-01  0.6579E-01  0.5609E-01  0.4647E-01  0.3730E-01  0.2941E-01  0.2288E-01  0.1668E-01  0.1086E-01  0.6208E-02  0.3456E-02  0.1341E-01  0.5807E-01
      2.0325      270.0000  0.1824E-01  0.1140E+00  0.1439E+00  0.1658E+00  0.1870E+00  0.2081E+00  0.2273E+00  0.2245E+00  0.1951E+00  0.1555E+00  0.1262E+00  0.1058E+00  0.8957E-01  0.7651E-01  0.6579E-01  0.5609E-01  0.4647E-01  0.3730E-01  0.2941E-01  0.2288E-01  0.1668E-01  0.1086E-01  0.6208E-02  0.3456E-02  0.1341E-01  0.5807E-01
      2.1680      280.0000  0.1824E-01  0.1140E+00  0.1439E+00  0.1658E+00  0.1870E+00  0.2081E+00  0.2273E+00  0.2245E+00  0.1951E+00  0.1555E+00  0.1262E+00  0.1058E+00  0.8957E-01  0.7651E-01  0.6579E-01  0.5609E-01  0.4647E-01  0.3730E-01  0.2941E-01  0.2288E-01  0.1668E-01  0.1086E-01  0.6208E-02  0.3456E-02  0.1341E-01  0.5807E-01
      2.3035      290.0000  0.1824E-01  0.1140E+00  0.1439E+00  0.1658E+00  0.1870E+00  0.2081E+00  0.2273E+00  0.2245E+00  0.1951E+00  0.1555E+00  0.1262E+00  0.1058E+00  0.8957E-01  0.7651E-01  0.6579E-01  0.5609E-01  0.4647E-01  0.3730E-01  0.2941E-01  0.2288E-01  0.1668E-01  0.1086E-01  0.6208E-02  0.3456E-02  0.1341E-01  0.5807E-01
      2.4390      300.0000  0.1824E-01  0.1140E+00  0.1439E+00  0.1658E+00  0.1870E+00  0.2081E+00  0.2273E+00  0.2245E+00  0.1951E+00  0.1555E+00  0.1262E+00  0.1058E+00  0.8957E-01  0.7651E-01  0.6579E-01  0.5609E-01  0.4647E-01  0.3730E-01  0.2941E-01  0.2288E-01  0.1668E-01  0.1086E-01  0.6208E-02  0.3456E-02  0.1341E-01  0.5807E-01
      2.5745      310.0000  0.1824E-01  0.1140E+00  0.1439E+00  0.1658E+00  0.1870E+00  0.2081E+00  0.2273E+00  0.2245E+00  0.1951E+00  0.1555E+00  0.1262E+00  0.1058E+00  0.8957E-01  0.7651E-01  0.6579E-01  0.5609E-01  0.4647E-01  0.3730E-01  0.2941E-01  0.2288E-01  0.1668E-01  0.1086E-01  0.6208E-02  0.3456E-02  0.1341E-01  0.5807E-01
      2.7100      320.0000  0.1824E-01  0.1140E+00  0.1439E+00  0.1658E+00  0.1870E+00  0.2081E+00  0.2273E+00  0.2245E+00  0.1951E+00  0.1555E+00  0.1262E+00  0.1058E+00  0.8957E-01  0.7651E-01  0.6579E-01  0.5609E-01  0.4647E-01  0.3730E-01  0.2941E-01  0.2288E-01  0.1668E-01  0.1086E-01  0.6208E-02  0.3456E-02  0.1341E-01  0.5807E-01
      2.8455      330.0000  0.1824E-01  0.1140E+00  0.1439E+00  0.1658E+00  0.1870E+00  0.2081E+00  0.2273E+00  0.2245E+00  0.1951E+00  0.1555E+00  0.1262E+00  0.1058E+00  0.8957E-01  0.7651E-01  0.6579E-01  0.5609E-01  0.4647E-01  0.3730E-01  0.2941E-01  0.2288E-01  0.1668E-01  0.1086E-01  0.6208E-02  0.3456E-02  0.1341E-01  0.5807E-01
      2.9810      340.0000  0.1824E-01  0.1140E+00  0.1439E+00  0.1658E+00  0.1870E+00  0.2081E+00  0.2273E+00  0.2245E+00  0.1951E+00  0.1555E+00  0.1262E+00  0.1058E+00  0.8957E-01  0.7651E-01  0.6579E-01  0.5609E-01  0.4647E-01  0.3730E-01  0.2941E-01  0.2288E-01  0.1668E-01  0.1086E-01  0.6208E-02  0.3456E-02  0.1341E-01  0.5807E-01
      3.1165      350.0000  0.1824E-01  0.1140E+00  0.1439E+00  0.1658E+00  0.1870E+00  0.2081E+00  0.2273E+00  0.2245E+00  0.1951E+00  0.1555E+00  0.1262E+00  0.1058E+00  0.8957E-01  0.7651E-01  0.6579E-01  0.5609E-01  0.4647E-01  0.3730E-01  0.2941E-01  0.2288E-01  0.1668E-01  0.1086E-01  0.6208E-02  0.3456E-02  0.1341E-01  0.5807E-01
      3.2520      360.0000  0.1824E-01  0.1140E+00  0.1439E+00  0.1658E+00  0.1870E+00  0.2081E+00  0.2273E+00  0.2245E+00  0.1951E+00  0.1555E+00  0.1262E+00  0.1058E+00  0.8957E-01  0.7651E-01  0.6579E-01  0.5609E-01  0.4647E-01  0.3730E-01  0.2941E-01  0.2288E-01  0.1668E-01  0.1086E-01  0.6208E-02  0.3456E-02  0.1341E-01  0.5807E-01
      3.3875       10.0000  0.1824E-01  0.1140E+00  0.1439E+00  0.1658E+00  0.1870E+00  0.2081E+00  0.2273E+00  0.2245E+00  0.1951E+00  0.1555E+00  0.1262E+00  0.1058E+00  0.8957E-01  0.7651E-01  0.6579E-01  0.5609E-01  0.4647E-01  0.3730E-01  0.2941E-01  0.2288E-01  0.1668E-01  0.1086E-01  0.6208E-02  0.3456E-02  0.1341E-01  0.5807E-01
      3.5230       20.0000  0.1824E-01  0.1140E+00  0.1439E+00  0.1658E+00  0.1870E+00  0.2081E+00  0.2273E+00  0.2245E+00  0.1951E+00  0.1555E+00  0.1262E+00  0.1058E+00  0.8957E-01  0.7651E-01  0.6579E-01  0.5609E-01  0.4647E-01  0.3730E-01  0.2941E-01  0.2288E-01  0.1668E-01  0.1086E-01  0.6208E-02  0.3456E-02  0.1341E-01  0.5807E-01
      3.6585       30.0000  0.1824E-01  0.1140E+00  0.1439E+00  0.1658E+00  0.1870E+00  0.2081E+00  0.2273E+00  0.2245E+00  0.1951E+00  0.1555E+00  0.1262E+00  0.1058E+00  0.8957E-01  0.7651E-01  0.6579E-01  0.5609E-01  0.4647E-01  0.3730E-01  0.2941E-01  0.2288E-01  0.1668E-01  0.1086E-01  0.6208E-02  0.3456E-02  0.1341E-01  0.5807E-01
      3.7940       40.0000  0.1824E-01  0.1140E+00  0.1439E+00  0.1658E+00  0.1870E+00  0.2081E+00  0.2273E+00  0.2245E+00  0.1951E+00  0.1555E+00  0.1262E+00  0.1058E+00  0.8957E-01  0.7651E-01  0.6579E-01  0.5609E-01  0.4647E-01  0.3730E-01  0.2941E-01  0.2288E-01  0.1668E-01  0.1086E-01  0.6208E-02  0.3456E-02  0.1341E-01  0.5807E-01
      3.9295       50.0000  0.1824E-01  0.1140E+00  0.1439E+00  0.1658E+00  0.1870E+00  0.2081E+00  0.2273E+00  0.2245E+00  0.1951E+00  0.1555E+00  0.1262E+00  0.1058E+00  0.8957E-01  0.7651E-01  0.6579E-01  0.5609E-01  0.4647E-01  0.3730E-01  0.2941E-01  0.2288E-01  0.1668E-01  0.1086E-01  0.6208E-02  0.3456E-02  0.1341E-01  0.5807E-01
      4.0650       60.0000  0.1824E-01  0.1140E+00  0.1439E+00  0.1658E+00  0.1870E+00  0.2081E+00  0.2273E+00  0.2245E+00  0.1951E+00  0.1555E+00  0.1262E+00  0.1058E+00  0.8957E-01  0.7651E-01  0.6579E-01  0.5609E-01  0.4647E-01  0.3730E-01  0.2941E-01  0.2288E-01  0.1668E-01  0.1086E-01  0.6208E-02  0.3456E-02  0.1341E-01  0.5807E-01
      4.2005       70.0000  0.1824E-01  0.1140E+00  0.1439E+00  0.1658E+00  0.1870E+00  0.2081E+00  0.2273E+00  0.2245E+00  0.1951E+00  0.1555E+00  0.1262E+00  0.1058E+00  0.8957E-01  0.7651E-01  0.6579E-01  0.5609E-01  0.4647E-01  0.3730E-01  0.2941E-01  0.2288E-01  0.1668E-01  0.1086E-01  0.6208E-02  0.3456E-02  0.1341E-01  0.5807E-01
      4.3360       80.0000  0.1824E-01  0.1140E+00  0.1439E+00  0.1658E+00  0.1870E+00  0.2081E+00  0.2273E+00  0.2245E+00  0.1951E+00  0.1555E+00  0.1262E+00  0.1058E+00  0.8957E-01  0.7651E-01  0.6579E-01  0.5609E-01  0.4647E-01  0.3730E-01  0.2941E-01  0.2288E-01  0.1668E-01  0.1086E-01  0.6208E-02  0.3456E-02  0.1341E-01  0.5807E-01
      4.4715       90.0000  0.1824E-01  0.1140E+00  0.1439E+00  0.1658E+00  0.1870E+00  0.2081E+00  0.2273E+00  0.2245E+00  0.1951E+00  0.1555E+00  0.1262E+00  0.1058E+00  0.8957E-01  0.7651E-01  0.6579E-01  0.5609E-01  0.4647E-01  0.3730E-01  0.2941E-01  0.2288E-01  0.1668E-01  0.1086E-01  0.6208E-02  0.3456E-02  0.1341E-01  0.5807E-01
      4.6070      100.0000  0.1824E-01  0.1140E+00  0.1439E+00  0.1658E+00  0.1870E+00  0.2081E+00  0.2273E+00  0.2245E+00  0.1951E+00  0.1555E+00  0.1262E+00  0.1058E+00  0.8957E-01  0.7651E-01  0.6579E-01  0.5609E-01  0.4647E-01  0.3730E-01  0.2941E-01  0.2288E-01  0.1668E-01  0.1086E-01  0.6208E-02  0.3456E-02  0.1341E-01  0.5807E-01
      4.7425      110.0000  0.1824E-01  0.1140E+00  0.1439E+00  0.1658E+00  0.1870E+00  0.2081E+00  0.2273E+00  0.2245E+00  0.1951E+00  0.1555E+00  0.1262E+00  0.1058E+00  0.8957E-01  0.7651E-01  0.6579E-01  0.5609E-01  0.4647E-01  0.3730E-01  0.2941E-01  0.2288E-01  0.1668E-01  0.1086E-01  0.6208E-02  0.3456E-02  0.1341E-01  0.5807E-01
      4.8780      120.0000  0.1824E-01  0.1140E+00  0.1439E+00  0.1658E+00  0.1870E+00  0.2081E+00  0.2273E+00  0.2245E+00  0.1951E+00  0.1555E+00  0.1262E+00  0.1058E+00  0.8957E-01  0.7651E-01  0.6579E-01  0.5609E-01  0.4647E-01  0.3730E-01  0.2941E-01  0.2288E-01  0.1668E-01  0.1086E-01  0.6208E-02  0.3456E-02  0.1341E-01  0.5807E-01
      5.0136      130.0000  0.1824E-01  0.1140E+00  0.1439E+00  0.1658E+00  0.1870E+00  0.2081E+00  0.2273E+00  0.2245E+00  0.1951E+00  0.1555E+00  0.1262E+00  0.1058E+00  0.8957E-01  0.7651E-01  0.6579E-01  0.5609E-01  0.4647E-01  0.3730E-01  0.2941E-01  0.2288E-01  0.1668E-01  0.1086E-01  0.6208E-02  0.3456E-02  0.1341E-01  0.5807E-01
      5.1491      140.0000  0.1824E-01  0.1140E+00  0.1439E+00  0.1658E+00  0.1870E+00  0.2081E+00  0.2273E+00  0.2245E+00  0.1951E+00  0.1555E+00  0.1262E+00  0.1058E+00  0.8957E-01  0.7651E-01  0.6579E-01  0.5609E-01  0.4647E-01  0.3730E-01  0.2941E-01  0.2288E-01  0.1668E-01  0.1086E-01  0.6208E-02  0.3456E-02  0.1341E-01  0.5807E-01
      5.2846      150.0000  0.1824E-01  0.1140E+00  0.1439E+00  0.1658E+00  0.1870E+00  0.2081E+00  0.2273E+00  0.2245E+00  0.1951E+00  0.1555E+00  0.1262E+00  0.1058E+00  0.8957E-01  0.7651E-01  0.6579E-01  0.5609E-01  0.4647E-01  0.3730E-01  0.2941E-01  0.2288E-01  0.1668E-01  0.1086E-01  0.6208E-02  0.3456E-02  0.1341E-01  0.5807E-01
      5.4201      160.0000  0.1824E-01  0.1140E+00  0.1439E+00  0.1658E+00  0.1870E+00  0.2081E+00  0.2273E+00  0.2245E+00  0.1951E+00  0.1555E+00  0.1262E+00  0.1058E+00  0.8957E-01  0.7651E-01  0.6579E-01  0.5609E-01  0.4647E-01  0.3730E-01  0.2941E-01  0.2288E-01  0.1668E-01  0.1086E-01  0.6208E-02  0.3456E-02  0.1341E-01  0.5807E-01
      5.5556      170.0000  0.1824E-01  0.1140E+00  0.1439E+00  0.1658E+00  0.1870E+00  0.2081E+00  0.2273E+00  0.2245E+00  0.1951E+00  0.1555E+00  0.1262E+00  0.1058E+00  0.8957E-01  0.7651E-01  0.6579E-01  0.5609E-01  0.4647E-01  0.3730E-01  0.2941E-01  0.2288E-01  0.1668E-01  0.1086E-01  0.6208E-02  0.3456E-02  0.1341E-01  0.5807E-01
      5.6911      180.0000  0.1824E-01  0.1140E+00  0.1439E+00  0.1658E+00  0.1870E+00  0.2081E+00  0.2273E+00  0.2245E+00  0.1951E+00  0.1555E+00  0.1262E+00  0.1058E+00  0.8957E-01  0.7651E-01  0.6579E-01  0.5609E-01  0.4647E-01  0.3730E-01  0.2941E-01  0.2288E-01  0.1668E-01  0.1086E-01  0.6208E-02  0.3456E-02  0.1341E-01  0.5807E-01
      5.8266      190.0000  0.1824E-01  0.1140E+00  0.1439E+00  0.1658E+00  0.1870E+00  0.2081E+00  0.2273E+00  0.2245E+00  0.1951E+00  0.1555E+00  0.1262E+00  0.1058E+00  0.8957E-01  0.7651E-01  0.6579E-01  0.5609E-01  0.4647E-01  0.3730E-01  0.2941E-01  0.2288E-01  0.1668E-01  0.1086E-01  0.6208E-02  0.3456E-02  0.1341E-01  0.5807E-01
      5.9621      200.0000  0.1824E-01  0.1140E+00  0.1439E+00  0.1658E+00  0.1870E+00  0.2081E+00  0.2273E+00  0.2245E+00  0.1951E+00  0.1555E+00  0.1262E+00  0.1058E+00  0.8957E-01  0.7651E-01  0.6579E-01  0.5609E-01  0.4647E-01  0.3730E-01  0.2941E-01  0.2288E-01  0.1668E-01  0.1086E-01  0.6208E-02  0.3456E-02  0.1341E-01  0.5807E-01
      6.0976      210.0000  0.1824E-01  0.1140E+00  0.1439E+00  0.1658E+00  0.1870E+00  0.2081E+00  0.2273E+00  0.2245E+00  0.1951E+00  0.1555E+00  0.1262E+00  0.1058E+00  0.8957E-01  0.7651E-01  0.6579E-01  0.5609E-01  0.4647E-01  0.3730E-01  0.2941E-01  0.2288E-01  0.1668E-01  0.1086E-01  0.6208E-02  0.3456E-02  0.1341E-01  0.5807E-01
      6.2331      220.0000  0.1824E-01  0.1140E+00  0.1439E+00  0.1658E+00  0.1870E+00  0.2081E+00  0.2273E+00  0.2245E+00  0.1951E+00  0.1555E+00  0.1262E+00  0.1058E+00  0.8957E-01  0.7651E-01  0.6579E-01  0.5609E-01  0.4647E-01  0.3730E-01  0.2941E-01  0.2288E-01  0.1668E-01  0.1086E-01  0.6208E-02  0.3456E-02  0.1341E-01  0.5807E-01
      6.3686      230.0000  0.1824E-01  0.1140E+00  0.1439E+00  0.1658E+00  0.1870E+00  0.2081E+00  0.2273E+00  0.2245E+00  0.1951E+00  0.1555E+00  0.1262E+00  0.1058E+00  0.8957E-01  0.7651E-01  0.6579E-01  0.5609E-01  0.4647E-01  0.3730E-01  0.2941E-01  0.2288E-01  0.1668E-01  0.1086E-01  0.6208E-02  0.3456E-02  0.1341E-01  0.5807E-01
      6.5041      240.0000  0.1824E-01  0.1140E+00  0.1439E+00  0.1658E+00  0.1870E+00  0.2081E+00  0.2273E+00  0.2245E+00  0.1951E+00  0.1555E+00  0.1262E+00  0.1058E+00  0.8957E-01  0.7651E-01  0.6579E-01  0.5609E-01  0.4647E-01  0.3730E-01  0.2941E-01  0.2288E-01  0.1668E-01  0.1086E-01  0.6208E-02  0.3456E-02  0.1341E-01  0.5807E-01
      6.6396      250.0000  0.1824E-01  0.1140E+00  0.1439E+00  0.1658E+00  0.1870E+00  0.2081E+00  0.2273E+00  0.2245E+00  0.1951E+00  0.1555E+00  0.1262E+00  0.1058E+00  0.8957E-01  0.7651E-01  0.6579E-01  0.5609E-01  0.4647E-01  0.3730E-01  0.2941E-01  0.2288E-01  0.1668E-01  0.1086E-01  0.6208E-02  0.3456E-02  0.1341E-01  0.5807E-01
      6.7751      260.0000  0.1824E-01  0.1140E+00  0.1439E+00  0.1658E+00  0.1870E+00  0.2081E+00  0.2273E+00  0.2245E+00  0.1951E+00  0.1555E+00  0.1262E+00  0.1058E+00  0.8957E-01  0.7651E-01  0.6579E-01  0.5609E-01  0.4647E-01  0.3730E-01  0.2941E-01  0.2288E-01  0.1668E-01  0.1086E-01  0.6208E-02  0.3456E-02  0.1341E-01  0.5807E-01
      6.9106      270.0000  0.1824E-01  0.1140E+00  0.1439E+00  0.1658E+00  0.1870E+00  0.2081E+00  0.2273E+00  0.2245E+00  0.1951E+00  0.1555E+00  0.1262E+00  0.1058E+00  0.8957E-01  0.7651E-01  0.6579E-01  0.5609E-01  0.4647E-01  0.3730E-01  0.2941E-01  0.2288E-01  0.1668E-01  0.1086E-01  0.6208E-02  0.3456E-02  0.1341E-01  0.5807E-01
      7.0461      280.0000  0.1824E-01  0.1140E+00  0.1439E+00  0.1658E+00  0.1870E+00  0.2081E+00  0.2273E+00  0.2245E+00  0.1951E+00  0.1555E+00  0.1262E+00  0.1058E+00  0.8957E-01  0.7651E-01  0.6579E-01  0.5609E-01  0.4647E-01  0.3730E-01  0.2941E-01  0.2288E-01  0.1668E-01  0.1086E-01  0.6208E-02  0.3456E-02  0.1341E-01  0.5807E-01
      7.1816      290.0000  0.1824E-01  0.1140E+00  0.1439E+00  0.1658E+00  0.1870E+00  0.2081E+00  0.2273E+00  0.2245E+00  0.1951E+00  0.1555E+00  0.1262E+00  0.1058E+00  0.8957E-01  0.7651E-01  0.6579E-01  0.5609E-01  0.4647E-01  0.3730E-01  0.2941E-01  0.2288E-01  0.1668E-01  0.1086E-01  0.6208E-02  0.3456E-02  0.1341E-01  0.5807E-01
      7.3171      300.0000  0.1824E-01  0.1140E+00  0.1439E+00  0.1658E+00  0.1870E+00  0.2081E+00  0.2273E+00  0.2245E+00  0.1951E+00  0.1555E+00  0.1262E+00  0.1058E+00  0.8957E-01  0.7651E-01  0.6579E-01  0.5609E-01  0.4647E-01  0.3730E-01  0.2941E-01  0.2288E-01  0.1668E-01  0.1086E-01  0.6208E-02  0.3456E-02  0.1341E-01  0.5807E-01
      7.4526      310.0000  0.1824E-01  0.1140E+00  0.1439E+00  0.1658E+00  0.1870E+00  0.2081E+00  0.2273E+00  0.2245E+00  0.1951E+00  0.1555E+00  0.1262E+00  0.1058E+00  0.8957E-01  0.7651E-01  0.6579E-01  0.5609E-01  0.4647E-01  0.3730E-01  0.2941E-01  0.2288E-01  0.1668E-01  0.1086E-01  0.6208E-02  0.3456E-02  0.1341E-01  0.5807E-01
      7.5881      320.0000  0.1824E-01  0.1140E+00  0.1439E+00  0.1658E+00  0.1870E+00  0.2081E+00  0.2273E+00  0.2245E+00  0.1951E+00  0.1555E+00  0.1262E+00  0.1058E+00  0.8957E-01  0.7651E-01  0.6579E-01  0.5609E-01  0.4647E-01  0.3730E-01  0.2941E-01  0.2288E-01  0.1668E-01  0.1086E-01  0.6208E-02  0.3456E-02  0.1341E-01  0.5807E-01
      7.7236      330.0000  0.1824E-01  0.1140E+00  0.1439E+00  0.1658E+00  0.1870E+00  0.2081E+00  0.2273E+00  0.2245E+00  0.1951E+00  0.1555E+00  0.1262E+00  0.1058E+00  0.8957E-01  0.7651E-01  0.6579E-01  0.5609E-01  0.4647E-01  0.3730E-01  0.2941E-01  0.2288E-01  0.1668E-01  0.1086E-01  0.6208E-02  0.3456E-02  0.1341E-01  0.5807E-01
      7.8591      340.0000  0.1824E-01  0.1140E+00  0.1439E+00  0.1658E+00  0.1870E+00  0.2081E+00  0.2273E+00  0.2245E+00  0.1951E+00  0.1555E+00  0.1262E+00  0.1058E+00  0.8957E-01  0.7651E-01  0.6579E-01  0.5609E-01  0.4647E-01  0.3730E-01  0.2941E-01  0.2288E-01  0.1668E-01  0.1086E-01  0.6208E-02  0.3456E-02  0.1341E-01  0.5807E-01
      7.9946      350.0000  0.1824E-01  0.1140E+00  0.1439E+00  0.1658E+00  0.1870E+00  0.2081E+00  0.2273E+00  0.2245E+00  0.1951E+00  0.1555E+00  0.1262E+00  0.1058E+00  0.8957E-01  0.7651E-01  0.6579E-01  0.5609E-01  0.4647E-01  0.3730E-01  0.2941E-01  0.2288E-01  0.1668E-01  0.1086E-01  0.6208E-02  0.3456E-02  0.1341E-01  0.5807E-01
      8.1301      360.0000  0.1824E-01  0.1140E+00  0.1439E+00  0.1658E+00  0.1870E+00  0.2081E+00  0.2273E+00  0.2245E+00  0.1951E+00  0.1555E+00  0.1262E+00  0.1058E+00  0.8957E-01  0.7651E-01  0.6579E-01  0.5609E-01  0.4647E-01  0.3730E-01  0.2941E-01  0.2288E-01  0.1668E-01  0.1086E-01  0.6208E-02  0.3456E-02  0.1341E-01  0.5807E-01
      8.2656       10.0000  0.1824E-01  0.1140E+00  0.1439E+00  0.1658E+00  0.1870E+00  0.2081E+00  0.2273E+00  0.2245E+00  0.1951E+00  0.1555E+00  0.1262E+00  0.1058E+00  0.8957E-01  0.7651E-01  0.6579E-01  0.5609E-01  0.4647E-01  0.3730E-01  0.2941E-01  0.2288E-01  0.1668E-01  0.1086E-01  0.6208E-02  0.3456E-02  0.1341E-01  0.5807E-01
      8.4011       20.0000  0.1824E-01  0.1140E+00  0.1439E+00  0.1658E+00  0.1870E+00  0.2081E+00  0.2273E+00  0.2245E+00  0.1951E+00  0.1555E+00  0.1262E+00  0.1058E+00  0.8957E-01  0.7651E-01  0.6579E-01  0.5609E-01  0.4647E-01  0.3730E-01  0.2941E-01  0.2288E-01  0.1668E-01  0.1086E-01  0.6208E-02  0.3456E-02  0.1341E-01  0.5807E-01
      8.5366       30.0000  0.1824E-01  0.1140E+00  0.1439E+00  0.1658E+00  0.1870E+00  0.2081E+00  0.2273E+00  0.2245E+00  0.1951E+00  0.1555E+00  0.1262E+00  0.1058E+00  0.8957E-01  0.7651E-01  0.6579E-01  0.5609E-01  0.4647E-01  0.3730E-01  0.2941E-01  0.2288E-01  0.1668E-01  0.1086E-01  0.6208E-02  0.3456E-02  0.1341E-01  0.5807E-01
      8.6721       40.0000  0.1824E-01  0.1140E+00  0.1439E+00  0.1658E+00  0.1870E+00  0.2081E+00  0.2273E+00  0.2245E+00  0.1951E+00  0.1555E+00  0.1262E+00  0.1058E+00  0.8957E-01  0.7651E-01  0.6579E-01  0.5609E-01  0.4647E-01  0.3730E-01  0.2941E-01  0.2288E-01  0.1668E-01  0.1086E-01  0.6208E-02  0.3456E-02  0.1341E-01  0.5807E-01
      8.8076       50.0000  0.1824E-01  0.1140E+00  0.1439E+00  0.1658E+00  0.1870E+00  0.2081E+00  0.2273E+00  0.2245E+00  0.1951E+00  0.1555E+00  0.1262E+00  0.1058E+00  0.8957E-01  0.7651E-01  0.6579E-01  0.5609E-01  0.4647E-01  0.3730E-01  0.2941E-01  0.2288E-01  0.1668E-01  0.1086E-01  0.6208E-02  0.3456E-02  0.1341E-01  0.5807E-01
      8.9431       60.0000  0.1824E-01  0.1140E+00  0.1439E+00  0.1658E+00  0.1870E+00  0.2081E+00  0.2273E+00  0.2245E+00  0.1951E+00  0.1555E+00  0.1262E+00  0.1058E+00  0.8957E-01  0.7651E-01  0.6579E-01  0.5609E-01  0.4647E-01  0.3730E-01  0.2941E-01  0.2288E-01  0.1668E-01  0.1086E-01  0.6208E-02  0.3456E-02  0.1341E-01  0.5807E-01
      9.0786       70.0000  0.1824E-01  0.1140E+00  0.1439E+00  0.1658E+00  0.1870E+00  0.2081E+00  0.2273E+00  0.2245E+00  0.1951E+00  0.1555E+00  0.1262E+00  0.1058E+00  0.8957E-01  0.7651E-01  0.6579E-01  0.5609E-01  0.4647E-01  0.3730E-01  0.2941E-01  0.2288E-01  0.1668E-01  0.1086E-01  0.6208E-02  0.3456E-02  0.1341E-01  0.5807E-01
      9.2141       80.0000  0.1824E-01  0.1140E+00  0.1439E+00  0.1658E+00  0.1870E+00  0.2081E+00  0.2273E+00  0.2245E+00  0.1951E+00  0.1555E+00  0.1262E+00  0.1058E+00  0.8957E-01  0.7651E-01  0.6579E-01  0.5609E-01  0.4647E-01  0.3730E-01  0.2941E-01  0.2288E-01  0.1668E-01  0.1086E-01  0.6208E-02  0.3456E-02  0.1341E-01  0.5807E-01
      9.3496       90.0000  0.1824E-01  0.1140E+00  0.1439E+00  0.1658E+00  0.1870E+00  0.2081E+00  0.2273E+00  0.2245E+00  0.1951E+00  0.1555E+00  0.1262E+00  0.1058E+00  0.8957E-01  0.7651E-01  0.6579E-01  0.5609E-01  0.4647E-01  0.3730E-01  0.2941E-01  0.2288E-01  0.1668E-01  0.1086E-01  0.6208E-02  0.3456E-02  0.1341E-01  0.5807E-01
      9.4851      100.0000  0.1824E-01  0.1140E+00  0.1439E+00  0.1658E+00  0.1870E+00  0.2081E+00  0.2273E+00  0.2245E+00  0.1951E+00  0.1555E+00  0.1262E+00  0.1058E+00  0.8957E-01  0.7651E-01  0.6579E-01  0.5609E-01  0.4647E-01  0.3730E-01  0.2941E-01  0.2288E-01  0.1668E-01  0.1086E-01  0.6208E-02  0.3456E-02  0.1341E-01  0.5807E-01
      9.6206      110.0000  0.1824E-01  0.1140E+00  0.1439E+00  0.1658E+00  0.1870E+00  0.2081E+00  0.2273E+00  0.2245E+00  0.1951E+00  0.1555E+00  0.1262E+00  0.1058E+00  0.8957E-01  0.7651E-01  0.6579E-01  0.5609E-01  0.4647E-01  0.3730E-01  0.2941E-01  0.2288E-01  0.1668E-01  0.1086E-01  0.6208E-02  0.3456E-02  0.1341E-01  0.5807E-01
      9.7561      120.0000  0.1824E-01  0.1140E+00  0.1439E+00  0.1658E+00  0.1870E+00  0.2081E+00  0.2273E+00  0.2245E+00  0.1951E+00  0.1555E+00  0.1262E+00  0.1058E+00  0.8957E-01  0.7651E-01  0.6579E-01  0.5609E-01  0.4647E-01  0.3730E-01  0.2941E-01  0.2288E-01  0.1668E-01  0.1086E-01  0.6208E-02  0.3456E-02  0.1341E-01  0.5807E-01
      9.8916      130.0000  0.1824E-01  0.1140E+00  0.1439E+00  0.1658E+00  0.1870E+00  0.2081E+00  0.2273E+00  0.2245E+00  0.1951E+00  0.1555E+00  0.1262E+00  0.1058E+00  0.8957E-01  0.7651E-01  0.6579E-01  0.5609E-01  0.4647E-01  0.3730E-01  0.2941E-01  0.2288E-01  0.1668E-01  0.1086E-01  0.6208E-02  0.3456E-02  0.1341E-01  0.5807E-01
     10.0271      140.0000  0.1824E-01  0.1140E+00  0.1439E+00  0.1658E+00  0.1870E+00  0.2081E+00  0.2273E+00  0.2245E+00  0.1951E+00  0.1555E+00  0.1262E+00  0.1058E+00  0.8957E-01  0.7651E-01  0.6579E-01  0.5609E-01  0.4647E-01  0.3730E-01  0.2941E-01  0.2288E-01  0.1668E-01  0.1086E-01  0.6208E-02  0.3456E-02  0.1341E-01  0.5807E-01
     10.1626      150.0000  0.1824E-01  0.1140E+00  0.1439E+00  0.1658E+00  0.1870E+00  0.2081E+00  0.2273E+00  0.2245E+00  0.1951E+00  0.1555E+00  0.1262E+00  0.1058E+00  0.8957E-01  0.7651E-01  0.6579E-01  0.5609E-01  0.4647E-01  0.3730E-01  0.2941E-01  0.2288E-01  0.1668E-01  0.1086E-01  0.6208E-02  0.3456E-02  0.1341E-01  0.5807E-01
     10.2981      160.0000  0.1824E-01  0.1140E+00  0.1439E+00  0.1658E+00  0.1870E+00  0.2081E+00  0.2273E+00  0.2245E+00  0.1951E+00  0.1555E+00  0.1262E+00  0.1058E+00  0.8957E-01  0.7651E-01  0.6579E-01  0.5609E-01  0.4647E-01  0.3730E-01  0.2941E-01  0.2288E-01  0.1668E-01  0.1086E-01  0.6208E-02  0.3456E-02  0.1341E-01  0.5807E-01
     10.4336      170.0000  0.1824E-01  0.1140E+00  0.1439E+00  0.1658E+00  0.1870E+00  0.2081E+00  0.2273E+00  0.2245E+00  0.1951E+00  0.1555E+00  0.1262E+00  0.1058E+00  0.8957E-01  0.7651E-01  0.6579E-01  0.5609E-01  0.4647E-01  0.3730E-01  0.2941E-01  0.2288E-01  0.1668E-01  0.1086E-01  0.6208E-02  0.3456E-02  0.1341E-01  0.5807E-01
     10.5691      180.0000  0.1824E-01  0.1140E+00  0.1439E+00  0.1658E+00  0.1870E+00  0.2081E+00  0.2273E+00  0.2245E+00  0.1951E+00  0.1555E+00  0.1262E+00  0.1058E+00  0.8957E-01  0.7651E-01  0.6579E-01  0.5609E-01  0.4647E-01  0.3730E-01  0.2941E-01  0.2288E-01  0.1668E-01  0.1086E-01  0.6208E-02  0.3456E-02  0.1341E-01  0.5807E-01
     10.7046      190.0000  0.1824E-01  0.1140E+00  0.1439E+00  0.1658E+00  0.1870E+00  0.2081E+00  0.2273E+00  0.2245E+00  0.1951E+00  0.1555E+00  0.1262E+00  0.1058E+00  0.8957E-01  0.7651E-01  0.6579E-01  0.5609E-01  0.4647E-01  0.3730E-01  0.2941E-01  0.2288E-01  0.1668E-01  0.1086E-01  0.6208E-02  0.3456E-02  0.1341E-01  0.5807E-01
     10.8401      200.0000  0.1824E-01  0.1140E+00  0.1439E+00  0.1658E+00  0.1870E+00  0.2081E+00  0.2273E+00  0.2245E+00  0.1951E+00  0.1555E+00  0.1262E+00  0.1058E+00  0.8957E-01  0.7651E-01  0.6579E-01  0.5609E-01  0.4647E-01  0.3730E-01  0.2941E-01  0.2288E-01  0.1668E-01  0.1086E-01  0.6208E-02  0.3456E-02  0.1341E-01  0.5807E-01
     10.9756      210.0000  0.1824E-01  0.1140E+00  0.1439E+00  0.1658E+00  0.1870E+00  0.2081E+00  0.2273E+00  0.2245E+00  0.1951E+00  0.1555E+00  0.1262E+00  0.1058E+00  0.8957E-01  0.7651E-01  0.6579E-01  0.5609E-01  0.4647E-01  0.3730E-01  0.2941E-01  0.2288E-01  0.1668E-01  0.1086E-01  0.6208E-02  0.3456E-02  0.1341E-01  0.5807E-01
     11.1111      220.0000  0.1824E-01  0.1140E+00  0.1439E+00  0.1658E+00  0.1870E+00  0.2081E+00  0.2273E+00  0.2245E+00  0.1951E+00  0.1555E+00  0.1262E+00  0.1058E+00  0.8957E-01  0.7651E-01  0.6579E-01  0.5609E-01  0.4647E-01  0.3730E-01  0.2941E-01  0.2288E-01  0.1668E-01  0.1086E-01  0.6208E-02  0.3456E-02  0.1341E-01  0.5807E-01
     11.2466      230.0000  0.1824E-01  0.1140E+00  0.1439E+00  0.1658E+00  0.1870E+00  0.2081E+00  0.2273E+00  0.2245E+00  0.1951E+00  0.1555E+00  0.1262E+00  0.1058E+00  0.8957E-01  0.7651E-01  0.6579E-01  0.5609E-01  0.4647E-01  0.3730E-01  0.2941E-01  0.2288E-01  0.1668E-01  0.1086E-01  0.6208E-02  0.3456E-02  0.1341E-01  0.5807E-01
     11.3821      240.0000  0.1824E-01  0.1140E+00  0.1439E+00  0.1658E+00  0.1870E+00  0.2081E+00  0.2273E+00  0.2245E+00  0.1951E+00  0.1555E+00  0.1262E+00  0.1058E+00  0.8957E-01  0.7651E-01  0.6579E-01  0.5609E-01  0.4647E-01  0.3730E-01  0.2941E-01  0.2288E-01  0.1668E-01  0.1086E-01  0.6208E-02  0.3456E-02  0.1341E-01  0.5807E-01
     11.5176      250.0000  0.1824E-01  0.1140E+00  0.1439E+00  0.1658E+00  0.1870E+00  0.2081E+00  0.2273E+00  0.2245E+00  0.1951E+00  0.1555E+00  0.1262E+00  0.1058E+00  0.8957E-01  0.7651E-01  0.6579E-01  0.5609E-01  0.4647E-01  0.3730E-01  0.2941E-01  0.2288E-01  0.1668E-01  0.1086E-01  0.6208E-02  0.3456E-02  0.1341E-01  0.5807E-01
     11.6531      260.0000  0.1824E-01  0.1140E+00  0.1439E+00  0.1658E+00  0.1870E+00  0.2081E+00  0.2273E+00  0.2245E+00  0.1951E+00  0.1555E+00  0.1262E+00  0.1058E+00  0.8957E-01  0.7651E-01  0.6579E-01  0.5609E-01  0.4647E-01  0.3730E-01  0.2941E-01  0.2288E-01  0.1668E-01  0.1086E-01  0.6208E-02  0.3456E-02  0.1341E-01  0.5807E-01
     11.7886      270.0000  0.1824E-01  0.1140E+00  0.1439E+00  0.1658E+00  0.1870E+00  0.2081E+00  0.2273E+00  0.2245E+00  0.1951E+00  0.1555E+00  0.1262E+00  0.1058E+00  0.8957E-01  0.7651E-01  0.6579E-01  0.5609E-01  0.4647E-01  0.3730E-01  0.2941E-01  0.2288E-01  0.1668E-01  0.1086E-01  0.6208E-02  0.3456E-02  0.1341E-01  0.5807E-01
     11.9241      280.0000  0.1824E-01  0.1140E+00  0.1439E+00  0.1658E+00  0.1870E+00  0.2081E+00  0.2273E+00  0.2245E+00  0.1951E+00  0.1555E+00  0.1262E+00  0.1058E+00  0.8957E-01  0.7651E-01  0.6579E-01  0.5609E-01  0.4647E-01  0.3730E-01  0.2941E-01  0.2288E-01  0.1668E-01  0.1086E-01  0.6208E-02  0.3456E-02  0.1341E-01  0.5807E-01
     12.0596      290.0000  0.1824E-01  0.1140E+00  0.1439E+00  0.1658E+00  0.1870E+00  0.2081E+00  0.2273E+00  0.2245E+00  0.1951E+00  0.1555E+00  0.1262E+00  0.1058E+00  0.8957E-01  0.7651E-01  0.6579E-01  0.5609E-01  0.4647E-01  0.3730E-01  0.2941E-01  0.2288E-01  0.1668E-01  0.1086E-01  0.6208E-02  0.3456E-02  0.1341E-01  0.5807E-01
     12.1951      300.0000  0.1824E-01  0.1140E+00  0.1439E+00  0.1658E+00  0.1870E+00  0.2081E+00  0.2273E+00  0.2245E+00  0.1951E+00  0.1555E+00  0.1262E+00  0.1058E+00  0.8957E-01  0.7651E-01  0.6579E-01  0.5609E-01  0.4647E-01  0.3730E-01  0.2941E-01  0.2288E-01  0.1668E-01  0.1086E-01  0.6208E-02  0.3456E-02  0.1341E-01  0.5807E-01
     12.3306      310.0000  0.1824E-01  0.1140E+00  0.1439E+00  0.1658E+00  0.1870E+00  0.2081E+00  0.2273E+00  0.2245E+00  0.1951E+00  0.1555E+00  0.1262E+00  0.1058E+00  0.8957E-01  0.7651E-01  0.6579E-01  0.5609E-01  0.4647E-01  0.3730E-01  0.2941E-01  0.2288E-01  0.1668E-01  0.1086E-01  0.6208E-02  0.3456E-02  0.1341E-01  0.5807E-01
     12.4661      320.0000  0.1824E-01  0.1140E+00  0.1439E+00  0.1658E+00  0.1870E+00  0.2081E+00  0.2273E+00  0.2245E+00  0.1951E+00  0.1555E+00  0.1262E+00  0.1058E+00  0.8957E-01  0.7651E-01  0.6579E-01  0.5609E-01  0.4647E-01  0.3730E-01  0.2941E-01  0.2288E-01  0.1668E-01  0.1086E-01  0.6208E-02  0.3456E-02  0.1341E-01  0.5807E-01
