Time history of radial distribution for BEM variable: RotChordz[rad/s] for blade 3
                          rCurvi[m] (curvilinear radial distance)
                                0.7893      2.3680      3.9467      5.5254      7.1040      8.6827     10.2614     11.8401     13.4188     14.9974     16.5761     18.1548     19.7335     21.3121     22.8908     24.4695     26.0482     27.6268     29.2055     30.7842     32.3629     33.9416     35.5202     37.0989     38.2829     39.0723
                          zB[m] (radial coordinate along blade axis)
     time[s]  azimuth[deg]      0.1833      1.7549      3.3294      4.9066      6.4848      8.0632      9.6423     11.2252     12.8089     14.3906     15.9682     17.5466     19.1253     20.7040     22.2825     23.8605     25.4378     27.0144     28.5901     30.1649     31.7388     33.3118     34.8842     36.4562     37.6335     38.4193
      0.0000      120.0000  0.2023E-03  0.1796E-02  0.3144E-02  0.4231E-02  0.4392E-02  0.1266E-02 -0.5657E-02 -0.1379E-01 -0.2063E-01 -0.2504E-01 -0.2758E-01 -0.3123E-01 -0.3579E-01 -0.4137E-01 -0.4804E-01 -0.5571E-01 -0.6419E-01 -0.7351E-01 -0.8367E-01 -0.9454E-01 -0.1059E+00 -0.1169E+00 -0.1271E+00 -0.1353E+00 -0.1380E+00 -0.1383E+00
      0.1355      130.0000  0.2023E-03  0.1796E-02  0.3144E-02  0.4231E-02  0.4392E-02  0.1266E-02 -0.5657E-02 -0.1379E-01 -0.2063E-01 -0.2504E-01 -0.2758E-01 -0.3123E-01 -0.3579E-01 -0.4137E-01 -0.4804E-01 -0.5571E-01 -0.6419E-01 -0.7351E-01 -0.8367E-01 -0.9454E-01 -0.1059E+00 -0.1169E+00 -0.1271E+00 -0.1353E+00 -0.1380E+00 -0.1383E+00
      0.2710      140.0000  0.2023E-03  0.1796E-02  0.3144E-02  0.4231E-02  0.4392E-02  0.1266E-02 -0.5657E-02 -0.1379E-01 -0.2063E-01 -0.2504E-01 -0.2758E-01 -0.3123E-01 -0.3579E-01 -0.4137E-01 -0.4804E-01 -0.5571E-01 -0.6419E-01 -0.7351E-01 -0.8367E-01 -0.9454E-01 -0.1059E+00 -0.1169E+00 -0.1271E+00 -0.1353E+00 -0.1380E+00 -0.1383E+00
      0.4065      150.0000  0.2023E-03  0.1796E-02  0.3144E-02  0.4231E-02  0.4392E-02  0.1266E-02 -0.5657E-02 -0.1379E-01 -0.2063E-01 -0.2504E-01 -0.2758E-01 -0.3123E-01 -0.3579E-01 -0.4137E-01 -0.4804E-01 -0.5571E-01 -0.6419E-01 -0.7351E-01 -0.8367E-01 -0.9454E-01 -0.1059E+00 -0.1169E+00 -0.1271E+00 -0.1353E+00 -0.1380E+00 -0.1383E+00
      0.5420      160.0000  0.2023E-03  0.1796E-02  0.3144E-02  0.4231E-02  0.4392E-02  0.1266E-02 -0.5657E-02 -0.1379E-01 -0.2063E-01 -0.2504E-01 -0.2758E-01 -0.3123E-01 -0.3579E-01 -0.4137E-01 -0.4804E-01 -0.5571E-01 -0.6419E-01 -0.7351E-01 -0.8367E-01 -0.9454E-01 -0.1059E+00 -0.1169E+00 -0.1271E+00 -0.1353E+00 -0.1380E+00 -0.1383E+00
      0.6775      170.0000  0.2023E-03  0.1796E-02  0.3144E-02  0.4231E-02  0.4392E-02  0.1266E-02 -0.5657E-02 -0.1379E-01 -0.2063E-01 -0.2504E-01 -0.2758E-01 -0.3123E-01 -0.3579E-01 -0.4137E-01 -0.4804E-01 -0.5571E-01 -0.6419E-01 -0.7351E-01 -0.8367E-01 -0.9454E-01 -0.1059E+00 -0.1169E+00 -0.1271E+00 -0.1353E+00 -0.1380E+00 -0.1383E+00
      0.8130      180.0000  0.2023E-03  0.1796E-02  0.3144E-02  0.4231E-02  0.4392E-02  0.1266E-02 -0.5657E-02 -0.1379E-01 -0.2063E-01 -0.2504E-01 -0.2758E-01 -0.3123E-01 -0.3579E-01 -0.4137E-01 -0.4804E-01 -0.5571E-01 -0.6419E-01 -0.7351E-01 -0.8367E-01 -0.9454E-01 -0.1059E+00 -0.1169E+00 -0.1271E+00 -0.1353E+00 -0.1380E+00 -0.1383E+00
      0.9485      190.0000  0.2023E-03  0.1796E-02  0.3144E-02  0.4231E-02  0.4392E-02  0.1266E-02 -0.5657E-02 -0.1379E-01 -0.2063E-01 -0.2504E-01 -0.2758E-01 -0.3123E-01 -0.3579E-01 -0.4137E-01 -0.4804E-01 -0.5571E-01 -0.6419E-01 -0.7351E-01 -0.8367E-01 -0.9454E-01 -0.1059E+00 -0.1169E+00 -0.1271E+00 -0.1353E+00 -0.1380E+00 -0.1383E+00
      1.0840      200.0000  0.2023E-03  0.1796E-02  0.3144E-02  0.4231E-02  0.4392E-02  0.1266E-02 -0.5657E-02 -0.1379E-01 -0.2063E-01 -0.2504E-01 -0.2758E-01 -0.3123E-01 -0.3579E-01 -0.4137E-01 -0.4804E-01 -0.5571E-01 -0.6419E-01 -0.7351E-01 -0.8367E-01 -0.9454E-01 -0.1059E+00 -0.1169E+00 -0.1271E+00 -0.1353E+00 -0.1380E+00 -0.1383E+00
      1.2195      210.0000  0.2023E-03  0.1796E-02  0.3144E-02  0.4231E-02  0.4392E-02  0.1266E-02 -0.5657E-02 -0.1379E-01 -0.2063E-01 -0.2504E-01 -0.2758E-01 -0.3123E-01 -0.3579E-01 -0.4137E-01 -0.4804E-01 -0.5571E-01 -0.6419E-01 -0.7351E-01 -0.8367E-01 -0.9454E-01 -0.1059E+00 -0.1169E+00 -0.1271E+00 -0.1353E+00 -0.1380E+00 -0.1383E+00
      1.3550      220.0000  0.2023E-03  0.1796E-02  0.3144E-02  0.4231E-02  0.4392E-02  0.1266E-02 -0.5657E-02 -0.1379E-01 -0.2063E-01 -0.2504E-01 -0.2758E-01 -0.3123E-01 -0.3579E-01 -0.4137E-01 -0.4804E-01 -0.5571E-01 -0.6419E-01 -0.7351E-01 -0.8367E-01 -0.9454E-01 -0.1059E+00 -0.1169E+00 -0.1271E+00 -0.1353E+00 -0.1380E+00 -0.1383E+00
      1.4905      230.0000  0.2023E-03  0.1796E-02  0.3144E-02  0.4231E-02  0.4392E-02  0.1266E-02 -0.5657E-02 -0.1379E-01 -0.2063E-01 -0.2504E-01 -0.2758E-01 -0.3123E-01 -0.3579E-01 -0.4137E-01 -0.4804E-01 -0.5571E-01 -0.6419E-01 -0.7351E-01 -0.8367E-01 -0.9454E-01 -0.1059E+00 -0.1169E+00 -0.1271E+00 -0.1353E+00 -0.1380E+00 -0.1383E+00
      1.6260      240.0000  0.2023E-03  0.1796E-02  0.3144E-02  0.4231E-02  0.4392E-02  0.1266E-02 -0.5657E-02 -0.1379E-01 -0.2063E-01 -0.2504E-01 -0.2758E-01 -0.3123E-01 -0.3579E-01 -0.4137E-01 -0.4804E-01 -0.5571E-01 -0.6419E-01 -0.7351E-01 -0.8367E-01 -0.9454E-01 -0.1059E+00 -0.1169E+00 -0.1271E+00 -0.1353E+00 -0.1380E+00 -0.1383E+00
      1.7615      250.0000  0.2023E-03  0.1796E-02  0.3144E-02  0.4231E-02  0.4392E-02  0.1266E-02 -0.5657E-02 -0.1379E-01 -0.2063E-01 -0.2504E-01 -0.2758E-01 -0.3123E-01 -0.3579E-01 -0.4137E-01 -0.4804E-01 -0.5571E-01 -0.6419E-01 -0.7351E-01 -0.8367E-01 -0.9454E-01 -0.1059E+00 -0.1169E+00 -0.1271E+00 -0.1353E+00 -0.1380E+00 -0.1383E+00
      1.8970      260.0000  0.2023E-03  0.1796E-02  0.3144E-02  0.4231E-02  0.4392E-02  0.1266E-02 -0.5657E-02 -0.1379E-01 -0.2063E-01 -0.2504E-01 -0.2758E-01 -0.3123E-01 -0.3579E-01 -0.4137E-01 -0.4804E-01 -0.5571E-01 -0.6419E-01 -0.7351E-01 -0.8367E-01 -0.9454E-01 -0.1059E+00 -0.1169E+00 -0.1271E+00 -0.1353E+00 -0.1380E+00 -0.1383E+00
      2.0325      270.0000  0.2023E-03  0.1796E-02  0.3144E-02  0.4231E-02  0.4392E-02  0.1266E-02 -0.5657E-02 -0.1379E-01 -0.2063E-01 -0.2504E-01 -0.2758E-01 -0.3123E-01 -0.3579E-01 -0.4137E-01 -0.4804E-01 -0.5571E-01 -0.6419E-01 -0.7351E-01 -0.8367E-01 -0.9454E-01 -0.1059E+00 -0.1169E+00 -0.1271E+00 -0.1353E+00 -0.1380E+00 -0.1383E+00
      2.1680      280.0000  0.2023E-03  0.1796E-02  0.3144E-02  0.4231E-02  0.4392E-02  0.1266E-02 -0.5657E-02 -0.1379E-01 -0.2063E-01 -0.2504E-01 -0.2758E-01 -0.3123E-01 -0.3579E-01 -0.4137E-01 -0.4804E-01 -0.5571E-01 -0.6419E-01 -0.7351E-01 -0.8367E-01 -0.9454E-01 -0.1059E+00 -0.1169E+00 -0.1271E+00 -0.1353E+00 -0.1380E+00 -0.1383E+00
      2.3035      290.0000  0.2023E-03  0.1796E-02  0.3144E-02  0.4231E-02  0.4392E-02  0.1266E-02 -0.5657E-02 -0.1379E-01 -0.2063E-01 -0.2504E-01 -0.2758E-01 -0.3123E-01 -0.3579E-01 -0.4137E-01 -0.4804E-01 -0.5571E-01 -0.6419E-01 -0.7351E-01 -0.8367E-01 -0.9454E-01 -0.1059E+00 -0.1169E+00 -0.1271E+00 -0.1353E+00 -0.1380E+00 -0.1383E+00
      2.4390      300.0000  0.2023E-03  0.1796E-02  0.3144E-02  0.4231E-02  0.4392E-02  0.1266E-02 -0.5657E-02 -0.1379E-01 -0.2063E-01 -0.2504E-01 -0.2758E-01 -0.3123E-01 -0.3579E-01 -0.4137E-01 -0.4804E-01 -0.5571E-01 -0.6419E-01 -0.7351E-01 -0.8367E-01 -0.9454E-01 -0.1059E+00 -0.1169E+00 -0.1271E+00 -0.1353E+00 -0.1380E+00 -0.1383E+00
      2.5745      310.0000  0.2023E-03  0.1796E-02  0.3144E-02  0.4231E-02  0.4392E-02  0.1266E-02 -0.5657E-02 -0.1379E-01 -0.2063E-01 -0.2504E-01 -0.2758E-01 -0.3123E-01 -0.3579E-01 -0.4137E-01 -0.4804E-01 -0.5571E-01 -0.6419E-01 -0.7351E-01 -0.8367E-01 -0.9454E-01 -0.1059E+00 -0.1169E+00 -0.1271E+00 -0.1353E+00 -0.1380E+00 -0.1383E+00
      2.7100      320.0000  0.2023E-03  0.1796E-02  0.3144E-02  0.4231E-02  0.4392E-02  0.1266E-02 -0.5657E-02 -0.1379E-01 -0.2063E-01 -0.2504E-01 -0.2758E-01 -0.3123E-01 -0.3579E-01 -0.4137E-01 -0.4804E-01 -0.5571E-01 -0.6419E-01 -0.7351E-01 -0.8367E-01 -0.9454E-01 -0.1059E+00 -0.1169E+00 -0.1271E+00 -0.1353E+00 -0.1380E+00 -0.1383E+00
      2.8455      330.0000  0.2023E-03  0.1796E-02  0.3144E-02  0.4231E-02  0.4392E-02  0.1266E-02 -0.5657E-02 -0.1379E-01 -0.2063E-01 -0.2504E-01 -0.2758E-01 -0.3123E-01 -0.3579E-01 -0.4137E-01 -0.4804E-01 -0.5571E-01 -0.6419E-01 -0.7351E-01 -0.8367E-01 -0.9454E-01 -0.1059E+00 -0.1169E+00 -0.1271E+00 -0.1353E+00 -0.1380E+00 -0.1383E+00
      2.9810      340.0000  0.2023E-03  0.1796E-02  0.3144E-02  0.4231E-02  0.4392E-02  0.1266E-02 -0.5657E-02 -0.1379E-01 -0.2063E-01 -0.2504E-01 -0.2758E-01 -0.3123E-01 -0.3579E-01 -0.4137E-01 -0.4804E-01 -0.5571E-01 -0.6419E-01 -0.7351E-01 -0.8367E-01 -0.9454E-01 -0.1059E+00 -0.1169E+00 -0.1271E+00 -0.1353E+00 -0.1380E+00 -0.1383E+00
      3.1165      350.0000  0.2023E-03  0.1796E-02  0.3144E-02  0.4231E-02  0.4392E-02  0.1266E-02 -0.5657E-02 -0.1379E-01 -0.2063E-01 -0.2504E-01 -0.2758E-01 -0.3123E-01 -0.3579E-01 -0.4137E-01 -0.4804E-01 -0.5571E-01 -0.6419E-01 -0.7351E-01 -0.8367E-01 -0.9454E-01 -0.1059E+00 -0.1169E+00 -0.1271E+00 -0.1353E+00 -0.1380E+00 -0.1383E+00
      3.2520      360.0000  0.2023E-03  0.1796E-02  0.3144E-02  0.4231E-02  0.4392E-02  0.1266E-02 -0.5657E-02 -0.1379E-01 -0.2063E-01 -0.2504E-01 -0.2758E-01 -0.3123E-01 -0.3579E-01 -0.4137E-01 -0.4804E-01 -0.5571E-01 -0.6419E-01 -0.7351E-01 -0.8367E-01 -0.9454E-01 -0.1059E+00 -0.1169E+00 -0.1271E+00 -0.1353E+00 -0.1380E+00 -0.1383E+00
      3.3875       10.0000  0.2023E-03  0.1796E-02  0.3144E-02  0.4231E-02  0.4392E-02  0.1266E-02 -0.5657E-02 -0.1379E-01 -0.2063E-01 -0.2504E-01 -0.2758E-01 -0.3123E-01 -0.3579E-01 -0.4137E-01 -0.4804E-01 -0.5571E-01 -0.6419E-01 -0.7351E-01 -0.8367E-01 -0.9454E-01 -0.1059E+00 -0.1169E+00 -0.1271E+00 -0.1353E+00 -0.1380E+00 -0.1383E+00
      3.5230       20.0000  0.2023E-03  0.1796E-02  0.3144E-02  0.4231E-02  0.4392E-02  0.1266E-02 -0.5657E-02 -0.1379E-01 -0.2063E-01 -0.2504E-01 -0.2758E-01 -0.3123E-01 -0.3579E-01 -0.4137E-01 -0.4804E-01 -0.5571E-01 -0.6419E-01 -0.7351E-01 -0.8367E-01 -0.9454E-01 -0.1059E+00 -0.1169E+00 -0.1271E+00 -0.1353E+00 -0.1380E+00 -0.1383E+00
      3.6585       30.0000  0.2023E-03  0.1796E-02  0.3144E-02  0.4231E-02  0.4392E-02  0.1266E-02 -0.5657E-02 -0.1379E-01 -0.2063E-01 -0.2504E-01 -0.2758E-01 -0.3123E-01 -0.3579E-01 -0.4137E-01 -0.4804E-01 -0.5571E-01 -0.6419E-01 -0.7351E-01 -0.8367E-01 -0.9454E-01 -0.1059E+00 -0.1169E+00 -0.1271E+00 -0.1353E+00 -0.1380E+00 -0.1383E+00
      3.7940       40.0000  0.2023E-03  0.1796E-02  0.3144E-02  0.4231E-02  0.4392E-02  0.1266E-02 -0.5657E-02 -0.1379E-01 -0.2063E-01 -0.2504E-01 -0.2758E-01 -0.3123E-01 -0.3579E-01 -0.4137E-01 -0.4804E-01 -0.5571E-01 -0.6419E-01 -0.7351E-01 -0.8367E-01 -0.9454E-01 -0.1059E+00 -0.1169E+00 -0.1271E+00 -0.1353E+00 -0.1380E+00 -0.1383E+00
      3.9295       50.0000  0.2023E-03  0.1796E-02  0.3144E-02  0.4231E-02  0.4392E-02  0.1266E-02 -0.5657E-02 -0.1379E-01 -0.2063E-01 -0.2504E-01 -0.2758E-01 -0.3123E-01 -0.3579E-01 -0.4137E-01 -0.4804E-01 -0.5571E-01 -0.6419E-01 -0.7351E-01 -0.8367E-01 -0.9454E-01 -0.1059E+00 -0.1169E+00 -0.1271E+00 -0.1353E+00 -0.1380E+00 -0.1383E+00
      4.0650       60.0000  0.2023E-03  0.1796E-02  0.3144E-02  0.4231E-02  0.4392E-02  0.1266E-02 -0.5657E-02 -0.1379E-01 -0.2063E-01 -0.2504E-01 -0.2758E-01 -0.3123E-01 -0.3579E-01 -0.4137E-01 -0.4804E-01 -0.5571E-01 -0.6419E-01 -0.7351E-01 -0.8367E-01 -0.9454E-01 -0.1059E+00 -0.1169E+00 -0.1271E+00 -0.1353E+00 -0.1380E+00 -0.1383E+00
      4.2005       70.0000  0.2023E-03  0.1796E-02  0.3144E-02  0.4231E-02  0.4392E-02  0.1266E-02 -0.5657E-02 -0.1379E-01 -0.2063E-01 -0.2504E-01 -0.2758E-01 -0.3123E-01 -0.3579E-01 -0.4137E-01 -0.4804E-01 -0.5571E-01 -0.6419E-01 -0.7351E-01 -0.8367E-01 -0.9454E-01 -0.1059E+00 -0.1169E+00 -0.1271E+00 -0.1353E+00 -0.1380E+00 -0.1383E+00
      4.3360       80.0000  0.2023E-03  0.1796E-02  0.3144E-02  0.4231E-02  0.4392E-02  0.1266E-02 -0.5657E-02 -0.1379E-01 -0.2063E-01 -0.2504E-01 -0.2758E-01 -0.3123E-01 -0.3579E-01 -0.4137E-01 -0.4804E-01 -0.5571E-01 -0.6419E-01 -0.7351E-01 -0.8367E-01 -0.9454E-01 -0.1059E+00 -0.1169E+00 -0.1271E+00 -0.1353E+00 -0.1380E+00 -0.1383E+00
      4.4715       90.0000  0.2023E-03  0.1796E-02  0.3144E-02  0.4231E-02  0.4392E-02  0.1266E-02 -0.5657E-02 -0.1379E-01 -0.2063E-01 -0.2504E-01 -0.2758E-01 -0.3123E-01 -0.3579E-01 -0.4137E-01 -0.4804E-01 -0.5571E-01 -0.6419E-01 -0.7351E-01 -0.8367E-01 -0.9454E-01 -0.1059E+00 -0.1169E+00 -0.1271E+00 -0.1353E+00 -0.1380E+00 -0.1383E+00
      4.6070      100.0000  0.2023E-03  0.1796E-02  0.3144E-02  0.4231E-02  0.4392E-02  0.1266E-02 -0.5657E-02 -0.1379E-01 -0.2063E-01 -0.2504E-01 -0.2758E-01 -0.3123E-01 -0.3579E-01 -0.4137E-01 -0.4804E-01 -0.5571E-01 -0.6419E-01 -0.7351E-01 -0.8367E-01 -0.9454E-01 -0.1059E+00 -0.1169E+00 -0.1271E+00 -0.1353E+00 -0.1380E+00 -0.1383E+00
      4.7425      110.0000  0.2023E-03  0.1796E-02  0.3144E-02  0.4231E-02  0.4392E-02  0.1266E-02 -0.5657E-02 -0.1379E-01 -0.2063E-01 -0.2504E-01 -0.2758E-01 -0.3123E-01 -0.3579E-01 -0.4137E-01 -0.4804E-01 -0.5571E-01 -0.6419E-01 -0.7351E-01 -0.8367E-01 -0.9454E-01 -0.1059E+00 -0.1169E+00 -0.1271E+00 -0.1353E+00 -0.1380E+00 -0.1383E+00
      4.8780      120.0000  0.2023E-03  0.1796E-02  0.3144E-02  0.4231E-02  0.4392E-02  0.1266E-02 -0.5657E-02 -0.1379E-01 -0.2063E-01 -0.2504E-01 -0.2758E-01 -0.3123E-01 -0.3579E-01 -0.4137E-01 -0.4804E-01 -0.5571E-01 -0.6419E-01 -0.7351E-01 -0.8367E-01 -0.9454E-01 -0.1059E+00 -0.1169E+00 -0.1271E+00 -0.1353E+00 -0.1380E+00 -0.1383E+00
      5.0136      130.0000  0.2023E-03  0.1796E-02  0.3144E-02  0.4231E-02  0.4392E-02  0.1266E-02 -0.5657E-02 -0.1379E-01 -0.2063E-01 -0.2504E-01 -0.2758E-01 -0.3123E-01 -0.3579E-01 -0.4137E-01 -0.4804E-01 -0.5571E-01 -0.6419E-01 -0.7351E-01 -0.8367E-01 -0.9454E-01 -0.1059E+00 -0.1169E+00 -0.1271E+00 -0.1353E+00 -0.1380E+00 -0.1383E+00
      5.1491      140.0000  0.2023E-03  0.1796E-02  0.3144E-02  0.4231E-02  0.4392E-02  0.1266E-02 -0.5657E-02 -0.1379E-01 -0.2063E-01 -0.2504E-01 -0.2758E-01 -0.3123E-01 -0.3579E-01 -0.4137E-01 -0.4804E-01 -0.5571E-01 -0.6419E-01 -0.7351E-01 -0.8367E-01 -0.9454E-01 -0.1059E+00 -0.1169E+00 -0.1271E+00 -0.1353E+00 -0.1380E+00 -0.1383E+00
      5.2846      150.0000  0.2023E-03  0.1796E-02  0.3144E-02  0.4231E-02  0.4392E-02  0.1266E-02 -0.5657E-02 -0.1379E-01 -0.2063E-01 -0.2504E-01 -0.2758E-01 -0.3123E-01 -0.3579E-01 -0.4137E-01 -0.4804E-01 -0.5571E-01 -0.6419E-01 -0.7351E-01 -0.8367E-01 -0.9454E-01 -0.1059E+00 -0.1169E+00 -0.1271E+00 -0.1353E+00 -0.1380E+00 -0.1383E+00
      5.4201      160.0000  0.2023E-03  0.1796E-02  0.3144E-02  0.4231E-02  0.4392E-02  0.1266E-02 -0.5657E-02 -0.1379E-01 -0.2063E-01 -0.2504E-01 -0.2758E-01 -0.3123E-01 -0.3579E-01 -0.4137E-01 -0.4804E-01 -0.5571E-01 -0.6419E-01 -0.7351E-01 -0.8367E-01 -0.9454E-01 -0.1059E+00 -0.1169E+00 -0.1271E+00 -0.1353E+00 -0.1380E+00 -0.1383E+00
      5.5556      170.0000  0.2023E-03  0.1796E-02  0.3144E-02  0.4231E-02  0.4392E-02  0.1266E-02 -0.5657E-02 -0.1379E-01 -0.2063E-01 -0.2504E-01 -0.2758E-01 -0.3123E-01 -0.3579E-01 -0.4137E-01 -0.4804E-01 -0.5571E-01 -0.6419E-01 -0.7351E-01 -0.8367E-01 -0.9454E-01 -0.1059E+00 -0.1169E+00 -0.1271E+00 -0.1353E+00 -0.1380E+00 -0.1383E+00
      5.6911      180.0000  0.2023E-03  0.1796E-02  0.3144E-02  0.4231E-02  0.4392E-02  0.1266E-02 -0.5657E-02 -0.1379E-01 -0.2063E-01 -0.2504E-01 -0.2758E-01 -0.3123E-01 -0.3579E-01 -0.4137E-01 -0.4804E-01 -0.5571E-01 -0.6419E-01 -0.7351E-01 -0.8367E-01 -0.9454E-01 -0.1059E+00 -0.1169E+00 -0.1271E+00 -0.1353E+00 -0.1380E+00 -0.1383E+00
      5.8266      190.0000  0.2023E-03  0.1796E-02  0.3144E-02  0.4231E-02  0.4392E-02  0.1266E-02 -0.5657E-02 -0.1379E-01 -0.2063E-01 -0.2504E-01 -0.2758E-01 -0.3123E-01 -0.3579E-01 -0.4137E-01 -0.4804E-01 -0.5571E-01 -0.6419E-01 -0.7351E-01 -0.8367E-01 -0.9454E-01 -0.1059E+00 -0.1169E+00 -0.1271E+00 -0.1353E+00 -0.1380E+00 -0.1383E+00
      5.9621      200.0000  0.2023E-03  0.1796E-02  0.3144E-02  0.4231E-02  0.4392E-02  0.1266E-02 -0.5657E-02 -0.1379E-01 -0.2063E-01 -0.2504E-01 -0.2758E-01 -0.3123E-01 -0.3579E-01 -0.4137E-01 -0.4804E-01 -0.5571E-01 -0.6419E-01 -0.7351E-01 -0.8367E-01 -0.9454E-01 -0.1059E+00 -0.1169E+00 -0.1271E+00 -0.1353E+00 -0.1380E+00 -0.1383E+00
      6.0976      210.0000  0.2023E-03  0.1796E-02  0.3144E-02  0.4231E-02  0.4392E-02  0.1266E-02 -0.5657E-02 -0.1379E-01 -0.2063E-01 -0.2504E-01 -0.2758E-01 -0.3123E-01 -0.3579E-01 -0.4137E-01 -0.4804E-01 -0.5571E-01 -0.6419E-01 -0.7351E-01 -0.8367E-01 -0.9454E-01 -0.1059E+00 -0.1169E+00 -0.1271E+00 -0.1353E+00 -0.1380E+00 -0.1383E+00
      6.2331      220.0000  0.2023E-03  0.1796E-02  0.3144E-02  0.4231E-02  0.4392E-02  0.1266E-02 -0.5657E-02 -0.1379E-01 -0.2063E-01 -0.2504E-01 -0.2758E-01 -0.3123E-01 -0.3579E-01 -0.4137E-01 -0.4804E-01 -0.5571E-01 -0.6419E-01 -0.7351E-01 -0.8367E-01 -0.9454E-01 -0.1059E+00 -0.1169E+00 -0.1271E+00 -0.1353E+00 -0.1380E+00 -0.1383E+00
      6.3686      230.0000  0.2023E-03  0.1796E-02  0.3144E-02  0.4231E-02  0.4392E-02  0.1266E-02 -0.5657E-02 -0.1379E-01 -0.2063E-01 -0.2504E-01 -0.2758E-01 -0.3123E-01 -0.3579E-01 -0.4137E-01 -0.4804E-01 -0.5571E-01 -0.6419E-01 -0.7351E-01 -0.8367E-01 -0.9454E-01 -0.1059E+00 -0.1169E+00 -0.1271E+00 -0.1353E+00 -0.1380E+00 -0.1383E+00
      6.5041      240.0000  0.2023E-03  0.1796E-02  0.3144E-02  0.4231E-02  0.4392E-02  0.1266E-02 -0.5657E-02 -0.1379E-01 -0.2063E-01 -0.2504E-01 -0.2758E-01 -0.3123E-01 -0.3579E-01 -0.4137E-01 -0.4804E-01 -0.5571E-01 -0.6419E-01 -0.7351E-01 -0.8367E-01 -0.9454E-01 -0.1059E+00 -0.1169E+00 -0.1271E+00 -0.1353E+00 -0.1380E+00 -0.1383E+00
      6.6396      250.0000  0.2023E-03  0.1796E-02  0.3144E-02  0.4231E-02  0.4392E-02  0.1266E-02 -0.5657E-02 -0.1379E-01 -0.2063E-01 -0.2504E-01 -0.2758E-01 -0.3123E-01 -0.3579E-01 -0.4137E-01 -0.4804E-01 -0.5571E-01 -0.6419E-01 -0.7351E-01 -0.8367E-01 -0.9454E-01 -0.1059E+00 -0.1169E+00 -0.1271E+00 -0.1353E+00 -0.1380E+00 -0.1383E+00
      6.7751      260.0000  0.2023E-03  0.1796E-02  0.3144E-02  0.4231E-02  0.4392E-02  0.1266E-02 -0.5657E-02 -0.1379E-01 -0.2063E-01 -0.2504E-01 -0.2758E-01 -0.3123E-01 -0.3579E-01 -0.4137E-01 -0.4804E-01 -0.5571E-01 -0.6419E-01 -0.7351E-01 -0.8367E-01 -0.9454E-01 -0.1059E+00 -0.1169E+00 -0.1271E+00 -0.1353E+00 -0.1380E+00 -0.1383E+00
      6.9106      270.0000  0.2023E-03  0.1796E-02  0.3144E-02  0.4231E-02  0.4392E-02  0.1266E-02 -0.5657E-02 -0.1379E-01 -0.2063E-01 -0.2504E-01 -0.2758E-01 -0.3123E-01 -0.3579E-01 -0.4137E-01 -0.4804E-01 -0.5571E-01 -0.6419E-01 -0.7351E-01 -0.8367E-01 -0.9454E-01 -0.1059E+00 -0.1169E+00 -0.1271E+00 -0.1353E+00 -0.1380E+00 -0.1383E+00
      7.0461      280.0000  0.2023E-03  0.1796E-02  0.3144E-02  0.4231E-02  0.4392E-02  0.1266E-02 -0.5657E-02 -0.1379E-01 -0.2063E-01 -0.2504E-01 -0.2758E-01 -0.3123E-01 -0.3579E-01 -0.4137E-01 -0.4804E-01 -0.5571E-01 -0.6419E-01 -0.7351E-01 -0.8367E-01 -0.9454E-01 -0.1059E+00 -0.1169E+00 -0.1271E+00 -0.1353E+00 -0.1380E+00 -0.1383E+00
      7.1816      290.0000  0.2023E-03  0.1796E-02  0.3144E-02  0.4231E-02  0.4392E-02  0.1266E-02 -0.5657E-02 -0.1379E-01 -0.2063E-01 -0.2504E-01 -0.2758E-01 -0.3123E-01 -0.3579E-01 -0.4137E-01 -0.4804E-01 -0.5571E-01 -0.6419E-01 -0.7351E-01 -0.8367E-01 -0.9454E-01 -0.1059E+00 -0.1169E+00 -0.1271E+00 -0.1353E+00 -0.1380E+00 -0.1383E+00
      7.3171      300.0000  0.2023E-03  0.1796E-02  0.3144E-02  0.4231E-02  0.4392E-02  0.1266E-02 -0.5657E-02 -0.1379E-01 -0.2063E-01 -0.2504E-01 -0.2758E-01 -0.3123E-01 -0.3579E-01 -0.4137E-01 -0.4804E-01 -0.5571E-01 -0.6419E-01 -0.7351E-01 -0.8367E-01 -0.9454E-01 -0.1059E+00 -0.1169E+00 -0.1271E+00 -0.1353E+00 -0.1380E+00 -0.1383E+00
      7.4526      310.0000  0.2023E-03  0.1796E-02  0.3144E-02  0.4231E-02  0.4392E-02  0.1266E-02 -0.5657E-02 -0.1379E-01 -0.2063E-01 -0.2504E-01 -0.2758E-01 -0.3123E-01 -0.3579E-01 -0.4137E-01 -0.4804E-01 -0.5571E-01 -0.6419E-01 -0.7351E-01 -0.8367E-01 -0.9454E-01 -0.1059E+00 -0.1169E+00 -0.1271E+00 -0.1353E+00 -0.1380E+00 -0.1383E+00
      7.5881      320.0000  0.2023E-03  0.1796E-02  0.3144E-02  0.4231E-02  0.4392E-02  0.1266E-02 -0.5657E-02 -0.1379E-01 -0.2063E-01 -0.2504E-01 -0.2758E-01 -0.3123E-01 -0.3579E-01 -0.4137E-01 -0.4804E-01 -0.5571E-01 -0.6419E-01 -0.7351E-01 -0.8367E-01 -0.9454E-01 -0.1059E+00 -0.1169E+00 -0.1271E+00 -0.1353E+00 -0.1380E+00 -0.1383E+00
      7.7236      330.0000  0.2023E-03  0.1796E-02  0.3144E-02  0.4231E-02  0.4392E-02  0.1266E-02 -0.5657E-02 -0.1379E-01 -0.2063E-01 -0.2504E-01 -0.2758E-01 -0.3123E-01 -0.3579E-01 -0.4137E-01 -0.4804E-01 -0.5571E-01 -0.6419E-01 -0.7351E-01 -0.8367E-01 -0.9454E-01 -0.1059E+00 -0.1169E+00 -0.1271E+00 -0.1353E+00 -0.1380E+00 -0.1383E+00
