Time history of radial distribution for BEM variable: uEff[m/s] for blade 3
                          rCurvi[m] (curvilinear radial distance)
                                0.7893      2.3680      3.9467      5.5254      7.1040      8.6827     10.2614     11.8401     13.4188     14.9974     16.5761     18.1548     19.7335     21.3121     22.8908     24.4695     26.0482     27.6268     29.2055     30.7842     32.3629     33.9416     35.5202     37.0989     38.2829     39.0723
                          zB[m] (radial coordinate along blade axis)
     time[s]  azimuth[deg]      0.1833      1.7549      3.3294      4.9066      6.4848      8.0632      9.6423     11.2252     12.8089     14.3906     15.9682     17.5466     19.1253     20.7040     22.2825     23.8605     25.4378     27.0144     28.5901     30.1649     31.7388     33.3118     34.8842     36.4562     37.6335     38.4193
      0.0000      120.0000  0.6369E+01  0.7216E+01  0.8471E+01  0.9929E+01  0.1161E+02  0.1338E+02  0.1520E+02  0.1709E+02  0.1901E+02  0.2093E+02  0.2288E+02  0.2485E+02  0.2683E+02  0.2882E+02  0.3081E+02  0.3281E+02  0.3482E+02  0.3682E+02  0.3883E+02  0.4084E+02  0.4285E+02  0.4486E+02  0.4687E+02  0.4887E+02  0.5035E+02  0.5123E+02
      0.1355      130.0000  0.6369E+01  0.7276E+01  0.8664E+01  0.1018E+02  0.1182E+02  0.1352E+02  0.1523E+02  0.1710E+02  0.1901E+02  0.2093E+02  0.2288E+02  0.2484E+02  0.2683E+02  0.2882E+02  0.3081E+02  0.3281E+02  0.3482E+02  0.3682E+02  0.3883E+02  0.4084E+02  0.4285E+02  0.4486E+02  0.4687E+02  0.4887E+02  0.5035E+02  0.5123E+02
      0.2710      140.0000  0.6369E+01  0.7269E+01  0.8678E+01  0.1021E+02  0.1183E+02  0.1352E+02  0.1523E+02  0.1710E+02  0.1901E+02  0.2093E+02  0.2288E+02  0.2484E+02  0.2683E+02  0.2882E+02  0.3081E+02  0.3281E+02  0.3482E+02  0.3682E+02  0.3883E+02  0.4084E+02  0.4285E+02  0.4486E+02  0.4687E+02  0.4887E+02  0.5035E+02  0.5123E+02
      0.4065      150.0000  0.6369E+01  0.7266E+01  0.8655E+01  0.1020E+02  0.1180E+02  0.1352E+02  0.1523E+02  0.1710E+02  0.1901E+02  0.2093E+02  0.2288E+02  0.2484E+02  0.2683E+02  0.2882E+02  0.3081E+02  0.3281E+02  0.3482E+02  0.3682E+02  0.3883E+02  0.4084E+02  0.4285E+02  0.4486E+02  0.4687E+02  0.4887E+02  0.5035E+02  0.5123E+02
      0.5420      160.0000  0.6369E+01  0.7262E+01  0.8643E+01  0.1018E+02  0.1179E+02  0.1350E+02  0.1523E+02  0.1710E+02  0.1901E+02  0.2093E+02  0.2288E+02  0.2484E+02  0.2683E+02  0.2882E+02  0.3081E+02  0.3281E+02  0.3482E+02  0.3682E+02  0.3883E+02  0.4084E+02  0.4285E+02  0.4486E+02  0.4687E+02  0.4887E+02  0.5035E+02  0.5123E+02
      0.6775      170.0000  0.6369E+01  0.7259E+01  0.8630E+01  0.1014E+02  0.1177E+02  0.1349E+02  0.1523E+02  0.1710E+02  0.1901E+02  0.2093E+02  0.2288E+02  0.2484E+02  0.2683E+02  0.2882E+02  0.3081E+02  0.3281E+02  0.3482E+02  0.3682E+02  0.3883E+02  0.4084E+02  0.4285E+02  0.4486E+02  0.4687E+02  0.4887E+02  0.5035E+02  0.5123E+02
      0.8130      180.0000  0.6369E+01  0.7255E+01  0.8617E+01  0.1011E+02  0.1176E+02  0.1348E+02  0.1523E+02  0.1709E+02  0.1901E+02  0.2093E+02  0.2288E+02  0.2484E+02  0.2683E+02  0.2882E+02  0.3081E+02  0.3281E+02  0.3482E+02  0.3682E+02  0.3883E+02  0.4084E+02  0.4285E+02  0.4486E+02  0.4687E+02  0.4887E+02  0.5035E+02  0.5123E+02
      0.9485      190.0000  0.6369E+01  0.7252E+01  0.8604E+01  0.1009E+02  0.1172E+02  0.1347E+02  0.1522E+02  0.1709E+02  0.1901E+02  0.2093E+02  0.2288E+02  0.2484E+02  0.2683E+02  0.2882E+02  0.3081E+02  0.3281E+02  0.3482E+02  0.3682E+02  0.3883E+02  0.4084E+02  0.4285E+02  0.4486E+02  0.4687E+02  0.4887E+02  0.5035E+02  0.5123E+02
      1.0840      200.0000  0.6369E+01  0.7249E+01  0.8591E+01  0.1007E+02  0.1171E+02  0.1346E+02  0.1522E+02  0.1709E+02  0.1901E+02  0.2093E+02  0.2288E+02  0.2484E+02  0.2683E+02  0.2882E+02  0.3081E+02  0.3281E+02  0.3482E+02  0.3682E+02  0.3883E+02  0.4084E+02  0.4285E+02  0.4486E+02  0.4687E+02  0.4887E+02  0.5035E+02  0.5123E+02
      1.2195      210.0000  0.6369E+01  0.7246E+01  0.8578E+01  0.1005E+02  0.1170E+02  0.1344E+02  0.1522E+02  0.1709E+02  0.1901E+02  0.2093E+02  0.2288E+02  0.2484E+02  0.2683E+02  0.2882E+02  0.3081E+02  0.3281E+02  0.3482E+02  0.3682E+02  0.3883E+02  0.4084E+02  0.4285E+02  0.4486E+02  0.4687E+02  0.4887E+02  0.5035E+02  0.5123E+02
      1.3550      220.0000  0.6369E+01  0.7243E+01  0.8566E+01  0.1004E+02  0.1168E+02  0.1343E+02  0.1522E+02  0.1709E+02  0.1901E+02  0.2093E+02  0.2288E+02  0.2484E+02  0.2683E+02  0.2882E+02  0.3081E+02  0.3281E+02  0.3482E+02  0.3682E+02  0.3883E+02  0.4084E+02  0.4285E+02  0.4486E+02  0.4687E+02  0.4887E+02  0.5035E+02  0.5123E+02
      1.4905      230.0000  0.6369E+01  0.7240E+01  0.8554E+01  0.1002E+02  0.1167E+02  0.1342E+02  0.1521E+02  0.1709E+02  0.1901E+02  0.2093E+02  0.2288E+02  0.2484E+02  0.2683E+02  0.2882E+02  0.3081E+02  0.3281E+02  0.3482E+02  0.3682E+02  0.3883E+02  0.4084E+02  0.4285E+02  0.4486E+02  0.4687E+02  0.4887E+02  0.5035E+02  0.5123E+02
      1.6260      240.0000  0.6369E+01  0.7237E+01  0.8542E+01  0.1000E+02  0.1166E+02  0.1341E+02  0.1521E+02  0.1709E+02  0.1901E+02  0.2093E+02  0.2288E+02  0.2484E+02  0.2683E+02  0.2882E+02  0.3081E+02  0.3281E+02  0.3482E+02  0.3682E+02  0.3883E+02  0.4084E+02  0.4285E+02  0.4486E+02  0.4687E+02  0.4887E+02  0.5035E+02  0.5123E+02
      1.7615      250.0000  0.6369E+01  0.7235E+01  0.8532E+01  0.9986E+01  0.1165E+02  0.1340E+02  0.1521E+02  0.1709E+02  0.1901E+02  0.2093E+02  0.2288E+02  0.2484E+02  0.2683E+02  0.2882E+02  0.3081E+02  0.3281E+02  0.3482E+02  0.3682E+02  0.3883E+02  0.4084E+02  0.4285E+02  0.4486E+02  0.4687E+02  0.4887E+02  0.5035E+02  0.5123E+02
      1.8970      260.0000  0.6369E+01  0.7233E+01  0.8522E+01  0.9973E+01  0.1164E+02  0.1340E+02  0.1521E+02  0.1709E+02  0.1901E+02  0.2093E+02  0.2288E+02  0.2484E+02  0.2683E+02  0.2882E+02  0.3081E+02  0.3281E+02  0.3482E+02  0.3682E+02  0.3883E+02  0.4084E+02  0.4285E+02  0.4486E+02  0.4687E+02  0.4887E+02  0.5035E+02  0.5123E+02
      2.0325      270.0000  0.6369E+01  0.7230E+01  0.8513E+01  0.9960E+01  0.1163E+02  0.1339E+02  0.1520E+02  0.1709E+02  0.1901E+02  0.2093E+02  0.2288E+02  0.2484E+02  0.2683E+02  0.2882E+02  0.3081E+02  0.3281E+02  0.3482E+02  0.3682E+02  0.3883E+02  0.4084E+02  0.4285E+02  0.4486E+02  0.4687E+02  0.4887E+02  0.5035E+02  0.5123E+02
      2.1680      280.0000  0.6369E+01  0.7228E+01  0.8502E+01  0.9949E+01  0.1162E+02  0.1339E+02  0.1520E+02  0.1709E+02  0.1901E+02  0.2093E+02  0.2288E+02  0.2484E+02  0.2683E+02  0.2882E+02  0.3081E+02  0.3281E+02  0.3482E+02  0.3682E+02  0.3883E+02  0.4084E+02  0.4285E+02  0.4486E+02  0.4687E+02  0.4887E+02  0.5035E+02  0.5123E+02
      2.3035      290.0000  0.6369E+01  0.7225E+01  0.8492E+01  0.9936E+01  0.1162E+02  0.1338E+02  0.1520E+02  0.1709E+02  0.1901E+02  0.2093E+02  0.2288E+02  0.2484E+02  0.2683E+02  0.2882E+02  0.3081E+02  0.3281E+02  0.3482E+02  0.3682E+02  0.3883E+02  0.4084E+02  0.4285E+02  0.4486E+02  0.4687E+02  0.4887E+02  0.5035E+02  0.5123E+02
      2.4390      300.0000  0.6369E+01  0.7223E+01  0.8483E+01  0.9925E+01  0.1161E+02  0.1338E+02  0.1520E+02  0.1709E+02  0.1901E+02  0.2093E+02  0.2288E+02  0.2484E+02  0.2683E+02  0.2882E+02  0.3081E+02  0.3281E+02  0.3482E+02  0.3682E+02  0.3883E+02  0.4084E+02  0.4285E+02  0.4486E+02  0.4687E+02  0.4887E+02  0.5035E+02  0.5123E+02
      2.5745      310.0000  0.6369E+01  0.7221E+01  0.8475E+01  0.9916E+01  0.1160E+02  0.1338E+02  0.1520E+02  0.1709E+02  0.1901E+02  0.2093E+02  0.2288E+02  0.2484E+02  0.2683E+02  0.2882E+02  0.3081E+02  0.3281E+02  0.3482E+02  0.3682E+02  0.3883E+02  0.4084E+02  0.4285E+02  0.4486E+02  0.4687E+02  0.4887E+02  0.5035E+02  0.5123E+02
      2.7100      320.0000  0.6369E+01  0.7219E+01  0.8469E+01  0.9908E+01  0.1160E+02  0.1337E+02  0.1520E+02  0.1709E+02  0.1901E+02  0.2093E+02  0.2288E+02  0.2484E+02  0.2683E+02  0.2882E+02  0.3081E+02  0.3281E+02  0.3482E+02  0.3682E+02  0.3883E+02  0.4084E+02  0.4285E+02  0.4486E+02  0.4687E+02  0.4887E+02  0.5035E+02  0.5123E+02
      2.8455      330.0000  0.6369E+01  0.7218E+01  0.8464E+01  0.9902E+01  0.1159E+02  0.1337E+02  0.1520E+02  0.1709E+02  0.1901E+02  0.2093E+02  0.2288E+02  0.2484E+02  0.2683E+02  0.2882E+02  0.3081E+02  0.3281E+02  0.3482E+02  0.3682E+02  0.3883E+02  0.4084E+02  0.4285E+02  0.4486E+02  0.4687E+02  0.4887E+02  0.5035E+02  0.5123E+02
      2.9810      340.0000  0.6369E+01  0.7217E+01  0.8459E+01  0.9897E+01  0.1159E+02  0.1337E+02  0.1520E+02  0.1709E+02  0.1901E+02  0.2093E+02  0.2288E+02  0.2484E+02  0.2683E+02  0.2882E+02  0.3081E+02  0.3281E+02  0.3482E+02  0.3682E+02  0.3883E+02  0.4084E+02  0.4285E+02  0.4486E+02  0.4687E+02  0.4887E+02  0.5035E+02  0.5123E+02
      3.1165      350.0000  0.6369E+01  0.7216E+01  0.8455E+01  0.9893E+01  0.1159E+02  0.1337E+02  0.1520E+02  0.1709E+02  0.1901E+02  0.2093E+02  0.2288E+02  0.2484E+02  0.2683E+02  0.2882E+02  0.3081E+02  0.3281E+02  0.3482E+02  0.3682E+02  0.3883E+02  0.4084E+02  0.4285E+02  0.4486E+02  0.4687E+02  0.4887E+02  0.5035E+02  0.5123E+02
      3.2520      360.0000  0.6369E+01  0.7215E+01  0.8452E+01  0.9890E+01  0.1159E+02  0.1336E+02  0.1520E+02  0.1709E+02  0.1901E+02  0.2093E+02  0.2288E+02  0.2484E+02  0.2683E+02  0.2882E+02  0.3081E+02  0.3281E+02  0.3482E+02  0.3682E+02  0.3883E+02  0.4084E+02  0.4285E+02  0.4486E+02  0.4687E+02  0.4887E+02  0.5035E+02  0.5123E+02
      3.3875       10.0000  0.6369E+01  0.7214E+01  0.8449E+01  0.9887E+01  0.1158E+02  0.1336E+02  0.1520E+02  0.1709E+02  0.1901E+02  0.2093E+02  0.2288E+02  0.2484E+02  0.2683E+02  0.2882E+02  0.3081E+02  0.3281E+02  0.3482E+02  0.3682E+02  0.3883E+02  0.4084E+02  0.4285E+02  0.4486E+02  0.4687E+02  0.4887E+02  0.5035E+02  0.5123E+02
      3.5230       20.0000  0.6369E+01  0.7213E+01  0.8447E+01  0.9885E+01  0.1158E+02  0.1336E+02  0.1520E+02  0.1709E+02  0.1901E+02  0.2093E+02  0.2288E+02  0.2484E+02  0.2683E+02  0.2882E+02  0.3081E+02  0.3281E+02  0.3482E+02  0.3682E+02  0.3883E+02  0.4084E+02  0.4285E+02  0.4486E+02  0.4687E+02  0.4887E+02  0.5035E+02  0.5123E+02
      3.6585       30.0000  0.6369E+01  0.7212E+01  0.8446E+01  0.9884E+01  0.1158E+02  0.1336E+02  0.1520E+02  0.1709E+02  0.1901E+02  0.2093E+02  0.2288E+02  0.2484E+02  0.2683E+02  0.2882E+02  0.3081E+02  0.3281E+02  0.3482E+02  0.3682E+02  0.3883E+02  0.4084E+02  0.4285E+02  0.4486E+02  0.4687E+02  0.4887E+02  0.5035E+02  0.5123E+02
      3.7940       40.0000  0.6369E+01  0.7212E+01  0.8444E+01  0.9882E+01  0.1158E+02  0.1336E+02  0.1520E+02  0.1709E+02  0.1901E+02  0.2093E+02  0.2288E+02  0.2484E+02  0.2683E+02  0.2882E+02  0.3081E+02  0.3281E+02  0.3482E+02  0.3682E+02  0.3883E+02  0.4084E+02  0.4285E+02  0.4486E+02  0.4687E+02  0.4887E+02  0.5035E+02  0.5123E+02
      3.9295       50.0000  0.6369E+01  0.7211E+01  0.8443E+01  0.9882E+01  0.1158E+02  0.1336E+02  0.1520E+02  0.1709E+02  0.1901E+02  0.2093E+02  0.2288E+02  0.2484E+02  0.2683E+02  0.2882E+02  0.3081E+02  0.3281E+02  0.3482E+02  0.3682E+02  0.3883E+02  0.4084E+02  0.4285E+02  0.4486E+02  0.4687E+02  0.4887E+02  0.5035E+02  0.5123E+02
      4.0650       60.0000  0.6369E+01  0.7211E+01  0.8442E+01  0.9881E+01  0.1158E+02  0.1336E+02  0.1520E+02  0.1709E+02  0.1901E+02  0.2093E+02  0.2288E+02  0.2484E+02  0.2683E+02  0.2882E+02  0.3081E+02  0.3281E+02  0.3482E+02  0.3682E+02  0.3883E+02  0.4084E+02  0.4285E+02  0.4486E+02  0.4687E+02  0.4887E+02  0.5035E+02  0.5123E+02
      4.2005       70.0000  0.6369E+01  0.7210E+01  0.8441E+01  0.9881E+01  0.1158E+02  0.1336E+02  0.1520E+02  0.1709E+02  0.1901E+02  0.2093E+02  0.2288E+02  0.2484E+02  0.2683E+02  0.2882E+02  0.3081E+02  0.3281E+02  0.3482E+02  0.3682E+02  0.3883E+02  0.4084E+02  0.4285E+02  0.4486E+02  0.4687E+02  0.4887E+02  0.5035E+02  0.5123E+02
      4.3360       80.0000  0.6369E+01  0.7210E+01  0.8441E+01  0.9881E+01  0.1158E+02  0.1336E+02  0.1520E+02  0.1709E+02  0.1901E+02  0.2093E+02  0.2288E+02  0.2484E+02  0.2683E+02  0.2882E+02  0.3081E+02  0.3281E+02  0.3482E+02  0.3682E+02  0.3883E+02  0.4084E+02  0.4285E+02  0.4486E+02  0.4687E+02  0.4887E+02  0.5035E+02  0.5123E+02
      4.4715       90.0000  0.6369E+01  0.7210E+01  0.8441E+01  0.9881E+01  0.1158E+02  0.1336E+02  0.1520E+02  0.1709E+02  0.1901E+02  0.2093E+02  0.2288E+02  0.2484E+02  0.2683E+02  0.2882E+02  0.3081E+02  0.3281E+02  0.3482E+02  0.3682E+02  0.3883E+02  0.4084E+02  0.4285E+02  0.4486E+02  0.4687E+02  0.4887E+02  0.5035E+02  0.5123E+02
      4.6070      100.0000  0.6369E+01  0.7210E+01  0.8441E+01  0.9881E+01  0.1158E+02  0.1336E+02  0.1520E+02  0.1709E+02  0.1901E+02  0.2093E+02  0.2288E+02  0.2484E+02  0.2683E+02  0.2882E+02  0.3081E+02  0.3281E+02  0.3482E+02  0.3682E+02  0.3883E+02  0.4084E+02  0.4285E+02  0.4486E+02  0.4687E+02  0.4887E+02  0.5035E+02  0.5123E+02
      4.7425      110.0000  0.6369E+01  0.7209E+01  0.8440E+01  0.9881E+01  0.1158E+02  0.1336E+02  0.1520E+02  0.1709E+02  0.1901E+02  0.2093E+02  0.2288E+02  0.2484E+02  0.2683E+02  0.2882E+02  0.3081E+02  0.3281E+02  0.3482E+02  0.3682E+02  0.3883E+02  0.4084E+02  0.4285E+02  0.4486E+02  0.4687E+02  0.4887E+02  0.5035E+02  0.5123E+02
      4.8780      120.0000  0.6369E+01  0.7209E+01  0.8440E+01  0.9882E+01  0.1158E+02  0.1336E+02  0.1520E+02  0.1709E+02  0.1901E+02  0.2093E+02  0.2288E+02  0.2484E+02  0.2683E+02  0.2882E+02  0.3081E+02  0.3281E+02  0.3482E+02  0.3682E+02  0.3883E+02  0.4084E+02  0.4285E+02  0.4486E+02  0.4687E+02  0.4887E+02  0.5035E+02  0.5123E+02
      5.0136      130.0000  0.6369E+01  0.7209E+01  0.8441E+01  0.9882E+01  0.1158E+02  0.1336E+02  0.1520E+02  0.1709E+02  0.1901E+02  0.2093E+02  0.2288E+02  0.2484E+02  0.2683E+02  0.2882E+02  0.3081E+02  0.3281E+02  0.3482E+02  0.3682E+02  0.3883E+02  0.4084E+02  0.4285E+02  0.4486E+02  0.4687E+02  0.4887E+02  0.5035E+02  0.5123E+02
      5.1491      140.0000  0.6369E+01  0.7209E+01  0.8441E+01  0.9883E+01  0.1158E+02  0.1336E+02  0.1520E+02  0.1709E+02  0.1901E+02  0.2093E+02  0.2288E+02  0.2484E+02  0.2683E+02  0.2882E+02  0.3081E+02  0.3281E+02  0.3482E+02  0.3682E+02  0.3883E+02  0.4084E+02  0.4285E+02  0.4486E+02  0.4687E+02  0.4887E+02  0.5035E+02  0.5123E+02
      5.2846      150.0000  0.6369E+01  0.7209E+01  0.8441E+01  0.9883E+01  0.1158E+02  0.1336E+02  0.1520E+02  0.1709E+02  0.1901E+02  0.2093E+02  0.2288E+02  0.2484E+02  0.2683E+02  0.2882E+02  0.3081E+02  0.3281E+02  0.3482E+02  0.3682E+02  0.3883E+02  0.4084E+02  0.4285E+02  0.4486E+02  0.4687E+02  0.4887E+02  0.5035E+02  0.5123E+02
      5.4201      160.0000  0.6369E+01  0.7209E+01  0.8441E+01  0.9884E+01  0.1158E+02  0.1336E+02  0.1520E+02  0.1709E+02  0.1901E+02  0.2093E+02  0.2288E+02  0.2484E+02  0.2683E+02  0.2882E+02  0.3081E+02  0.3281E+02  0.3482E+02  0.3682E+02  0.3883E+02  0.4084E+02  0.4285E+02  0.4486E+02  0.4687E+02  0.4887E+02  0.5035E+02  0.5123E+02
      5.5556      170.0000  0.6369E+01  0.7209E+01  0.8442E+01  0.9884E+01  0.1159E+02  0.1336E+02  0.1520E+02  0.1709E+02  0.1901E+02  0.2093E+02  0.2288E+02  0.2484E+02  0.2683E+02  0.2882E+02  0.3081E+02  0.3281E+02  0.3482E+02  0.3682E+02  0.3883E+02  0.4084E+02  0.4285E+02  0.4486E+02  0.4687E+02  0.4887E+02  0.5035E+02  0.5123E+02
      5.6911      180.0000  0.6369E+01  0.7209E+01  0.8442E+01  0.9885E+01  0.1159E+02  0.1336E+02  0.1520E+02  0.1709E+02  0.1901E+02  0.2093E+02  0.2288E+02  0.2484E+02  0.2683E+02  0.2882E+02  0.3081E+02  0.3281E+02  0.3482E+02  0.3682E+02  0.3883E+02  0.4084E+02  0.4285E+02  0.4486E+02  0.4687E+02  0.4887E+02  0.5035E+02  0.5123E+02
      5.8266      190.0000  0.6369E+01  0.7209E+01  0.8442E+01  0.9886E+01  0.1159E+02  0.1336E+02  0.1520E+02  0.1709E+02  0.1901E+02  0.2093E+02  0.2288E+02  0.2485E+02  0.2683E+02  0.2882E+02  0.3081E+02  0.3281E+02  0.3482E+02  0.3682E+02  0.3883E+02  0.4084E+02  0.4285E+02  0.4486E+02  0.4687E+02  0.4887E+02  0.5035E+02  0.5123E+02
      5.9621      200.0000  0.6369E+01  0.7209E+01  0.8443E+01  0.9887E+01  0.1159E+02  0.1336E+02  0.1520E+02  0.1709E+02  0.1901E+02  0.2093E+02  0.2288E+02  0.2485E+02  0.2683E+02  0.2882E+02  0.3081E+02  0.3281E+02  0.3482E+02  0.3682E+02  0.3883E+02  0.4084E+02  0.4285E+02  0.4486E+02  0.4687E+02  0.4887E+02  0.5035E+02  0.5123E+02
      6.0976      210.0000  0.6369E+01  0.7209E+01  0.8443E+01  0.9887E+01  0.1159E+02  0.1336E+02  0.1520E+02  0.1709E+02  0.1901E+02  0.2093E+02  0.2288E+02  0.2485E+02  0.2683E+02  0.2882E+02  0.3081E+02  0.3281E+02  0.3482E+02  0.3682E+02  0.3883E+02  0.4084E+02  0.4285E+02  0.4486E+02  0.4687E+02  0.4887E+02  0.5035E+02  0.5123E+02
      6.2331      220.0000  0.6369E+01  0.7209E+01  0.8443E+01  0.9888E+01  0.1159E+02  0.1336E+02  0.1520E+02  0.1709E+02  0.1901E+02  0.2093E+02  0.2288E+02  0.2485E+02  0.2683E+02  0.2882E+02  0.3081E+02  0.3281E+02  0.3482E+02  0.3682E+02  0.3883E+02  0.4084E+02  0.4285E+02  0.4486E+02  0.4687E+02  0.4887E+02  0.5035E+02  0.5123E+02
      6.3686      230.0000  0.6369E+01  0.7209E+01  0.8444E+01  0.9889E+01  0.1159E+02  0.1337E+02  0.1520E+02  0.1709E+02  0.1901E+02  0.2093E+02  0.2288E+02  0.2485E+02  0.2683E+02  0.2882E+02  0.3081E+02  0.3281E+02  0.3482E+02  0.3682E+02  0.3883E+02  0.4084E+02  0.4285E+02  0.4486E+02  0.4687E+02  0.4887E+02  0.5035E+02  0.5123E+02
      6.5041      240.0000  0.6369E+01  0.7209E+01  0.8444E+01  0.9889E+01  0.1159E+02  0.1337E+02  0.1520E+02  0.1709E+02  0.1901E+02  0.2093E+02  0.2288E+02  0.2485E+02  0.2683E+02  0.2882E+02  0.3081E+02  0.3281E+02  0.3482E+02  0.3682E+02  0.3883E+02  0.4084E+02  0.4285E+02  0.4486E+02  0.4687E+02  0.4887E+02  0.5035E+02  0.5123E+02
      6.6396      250.0000  0.6369E+01  0.7209E+01  0.8445E+01  0.9890E+01  0.1159E+02  0.1337E+02  0.1520E+02  0.1709E+02  0.1901E+02  0.2093E+02  0.2288E+02  0.2485E+02  0.2683E+02  0.2882E+02  0.3081E+02  0.3281E+02  0.3482E+02  0.3682E+02  0.3883E+02  0.4084E+02  0.4285E+02  0.4486E+02  0.4687E+02  0.4887E+02  0.5035E+02  0.5123E+02
      6.7751      260.0000  0.6369E+01  0.7209E+01  0.8445E+01  0.9891E+01  0.1159E+02  0.1337E+02  0.1520E+02  0.1709E+02  0.1901E+02  0.2093E+02  0.2288E+02  0.2485E+02  0.2683E+02  0.2882E+02  0.3081E+02  0.3281E+02  0.3482E+02  0.3682E+02  0.3883E+02  0.4084E+02  0.4285E+02  0.4486E+02  0.4687E+02  0.4887E+02  0.5035E+02  0.5123E+02
      6.9106      270.0000  0.6369E+01  0.7209E+01  0.8446E+01  0.9891E+01  0.1159E+02  0.1337E+02  0.1520E+02  0.1709E+02  0.1901E+02  0.2093E+02  0.2288E+02  0.2485E+02  0.2683E+02  0.2882E+02  0.3081E+02  0.3281E+02  0.3482E+02  0.3682E+02  0.3883E+02  0.4084E+02  0.4285E+02  0.4486E+02  0.4687E+02  0.4887E+02  0.5035E+02  0.5123E+02
      7.0461      280.0000  0.6369E+01  0.7209E+01  0.8446E+01  0.9892E+01  0.1159E+02  0.1337E+02  0.1520E+02  0.1709E+02  0.1901E+02  0.2093E+02  0.2288E+02  0.2485E+02  0.2683E+02  0.2882E+02  0.3081E+02  0.3281E+02  0.3482E+02  0.3682E+02  0.3883E+02  0.4084E+02  0.4285E+02  0.4486E+02  0.4687E+02  0.4887E+02  0.5035E+02  0.5123E+02
      7.1816      290.0000  0.6369E+01  0.7209E+01  0.8447E+01  0.9893E+01  0.1159E+02  0.1337E+02  0.1520E+02  0.1709E+02  0.1901E+02  0.2093E+02  0.2288E+02  0.2485E+02  0.2683E+02  0.2882E+02  0.3081E+02  0.3281E+02  0.3482E+02  0.3682E+02  0.3883E+02  0.4084E+02  0.4285E+02  0.4486E+02  0.4687E+02  0.4887E+02  0.5035E+02  0.5123E+02
      7.3171      300.0000  0.6369E+01  0.7209E+01  0.8447E+01  0.9893E+01  0.1159E+02  0.1337E+02  0.1520E+02  0.1709E+02  0.1901E+02  0.2093E+02  0.2288E+02  0.2485E+02  0.2683E+02  0.2882E+02  0.3081E+02  0.3281E+02  0.3482E+02  0.3682E+02  0.3883E+02  0.4084E+02  0.4285E+02  0.4486E+02  0.4687E+02  0.4887E+02  0.5035E+02  0.5123E+02
      7.4526      310.0000  0.6369E+01  0.7210E+01  0.8447E+01  0.9894E+01  0.1159E+02  0.1337E+02  0.1520E+02  0.1709E+02  0.1901E+02  0.2093E+02  0.2288E+02  0.2485E+02  0.2683E+02  0.2882E+02  0.3081E+02  0.3281E+02  0.3482E+02  0.3682E+02  0.3883E+02  0.4084E+02  0.4285E+02  0.4486E+02  0.4687E+02  0.4887E+02  0.5035E+02  0.5123E+02
      7.5881      320.0000  0.6369E+01  0.7210E+01  0.8448E+01  0.9895E+01  0.1159E+02  0.1337E+02  0.1520E+02  0.1709E+02  0.1901E+02  0.2093E+02  0.2288E+02  0.2485E+02  0.2683E+02  0.2882E+02  0.3081E+02  0.3281E+02  0.3482E+02  0.3682E+02  0.3883E+02  0.4084E+02  0.4285E+02  0.4486E+02  0.4687E+02  0.4887E+02  0.5035E+02  0.5123E+02
      7.7236      330.0000  0.6369E+01  0.7210E+01  0.8448E+01  0.9895E+01  0.1159E+02  0.1337E+02  0.1520E+02  0.1709E+02  0.1901E+02  0.2093E+02  0.2288E+02  0.2485E+02  0.2683E+02  0.2882E+02  0.3081E+02  0.3281E+02  0.3482E+02  0.3682E+02  0.3883E+02  0.4084E+02  0.4285E+02  0.4486E+02  0.4687E+02  0.4887E+02  0.5035E+02  0.5123E+02
      7.8591      340.0000  0.6369E+01  0.7210E+01  0.8449E+01  0.9896E+01  0.1159E+02  0.1337E+02  0.1520E+02  0.1709E+02  0.1901E+02  0.2093E+02  0.2288E+02  0.2485E+02  0.2683E+02  0.2882E+02  0.3081E+02  0.3281E+02  0.3482E+02  0.3682E+02  0.3883E+02  0.4084E+02  0.4285E+02  0.4486E+02  0.4687E+02  0.4887E+02  0.5035E+02  0.5123E+02
      7.9946      350.0000  0.6369E+01  0.7210E+01  0.8449E+01  0.9897E+01  0.1159E+02  0.1337E+02  0.1520E+02  0.1709E+02  0.1901E+02  0.2093E+02  0.2288E+02  0.2485E+02  0.2683E+02  0.2882E+02  0.3081E+02  0.3281E+02  0.3482E+02  0.3682E+02  0.3883E+02  0.4084E+02  0.4285E+02  0.4486E+02  0.4687E+02  0.4887E+02  0.5035E+02  0.5123E+02
      8.1301      360.0000  0.6369E+01  0.7210E+01  0.8449E+01  0.9897E+01  0.1159E+02  0.1337E+02  0.1520E+02  0.1709E+02  0.1901E+02  0.2093E+02  0.2288E+02  0.2485E+02  0.2683E+02  0.2882E+02  0.3081E+02  0.3281E+02  0.3482E+02  0.3682E+02  0.3883E+02  0.4084E+02  0.4285E+02  0.4486E+02  0.4687E+02  0.4887E+02  0.5035E+02  0.5123E+02
      8.2656       10.0000  0.6369E+01  0.7210E+01  0.8450E+01  0.9898E+01  0.1159E+02  0.1337E+02  0.1520E+02  0.1709E+02  0.1901E+02  0.2093E+02  0.2288E+02  0.2485E+02  0.2683E+02  0.2882E+02  0.3081E+02  0.3281E+02  0.3482E+02  0.3682E+02  0.3883E+02  0.4084E+02  0.4285E+02  0.4486E+02  0.4687E+02  0.4887E+02  0.5035E+02  0.5123E+02
      8.4011       20.0000  0.6369E+01  0.7210E+01  0.8450E+01  0.9898E+01  0.1159E+02  0.1337E+02  0.1520E+02  0.1709E+02  0.1901E+02  0.2093E+02  0.2288E+02  0.2485E+02  0.2683E+02  0.2882E+02  0.3081E+02  0.3281E+02  0.3482E+02  0.3682E+02  0.3883E+02  0.4084E+02  0.4285E+02  0.4486E+02  0.4687E+02  0.4887E+02  0.5035E+02  0.5123E+02
      8.5366       30.0000  0.6369E+01  0.7210E+01  0.8451E+01  0.9899E+01  0.1160E+02  0.1337E+02  0.1520E+02  0.1709E+02  0.1901E+02  0.2093E+02  0.2288E+02  0.2485E+02  0.2683E+02  0.2882E+02  0.3081E+02  0.3281E+02  0.3482E+02  0.3682E+02  0.3883E+02  0.4084E+02  0.4285E+02  0.4486E+02  0.4687E+02  0.4887E+02  0.5035E+02  0.5123E+02
      8.6721       40.0000  0.6369E+01  0.7210E+01  0.8451E+01  0.9900E+01  0.1160E+02  0.1337E+02  0.1520E+02  0.1709E+02  0.1901E+02  0.2093E+02  0.2288E+02  0.2485E+02  0.2683E+02  0.2882E+02  0.3081E+02  0.3281E+02  0.3482E+02  0.3682E+02  0.3883E+02  0.4084E+02  0.4285E+02  0.4486E+02  0.4687E+02  0.4887E+02  0.5035E+02  0.5123E+02
      8.8076       50.0000  0.6369E+01  0.7211E+01  0.8451E+01  0.9900E+01  0.1160E+02  0.1337E+02  0.1520E+02  0.1709E+02  0.1901E+02  0.2093E+02  0.2288E+02  0.2485E+02  0.2683E+02  0.2882E+02  0.3081E+02  0.3281E+02  0.3482E+02  0.3682E+02  0.3883E+02  0.4084E+02  0.4285E+02  0.4486E+02  0.4687E+02  0.4887E+02  0.5035E+02  0.5123E+02
      8.9431       60.0000  0.6369E+01  0.7211E+01  0.8452E+01  0.9901E+01  0.1160E+02  0.1337E+02  0.1520E+02  0.1709E+02  0.1901E+02  0.2093E+02  0.2288E+02  0.2485E+02  0.2683E+02  0.2882E+02  0.3081E+02  0.3281E+02  0.3482E+02  0.3682E+02  0.3883E+02  0.4084E+02  0.4285E+02  0.4486E+02  0.4687E+02  0.4887E+02  0.5035E+02  0.5123E+02
      9.0786       70.0000  0.6369E+01  0.7211E+01  0.8452E+01  0.9901E+01  0.1160E+02  0.1337E+02  0.1520E+02  0.1709E+02  0.1901E+02  0.2093E+02  0.2288E+02  0.2485E+02  0.2683E+02  0.2882E+02  0.3081E+02  0.3281E+02  0.3482E+02  0.3682E+02  0.3883E+02  0.4084E+02  0.4285E+02  0.4486E+02  0.4687E+02  0.4887E+02  0.5035E+02  0.5123E+02
      9.2141       80.0000  0.6369E+01  0.7211E+01  0.8452E+01  0.9902E+01  0.1160E+02  0.1337E+02  0.1520E+02  0.1709E+02  0.1901E+02  0.2093E+02  0.2288E+02  0.2485E+02  0.2683E+02  0.2882E+02  0.3081E+02  0.3281E+02  0.3482E+02  0.3682E+02  0.3883E+02  0.4084E+02  0.4285E+02  0.4486E+02  0.4687E+02  0.4887E+02  0.5035E+02  0.5123E+02
      9.3496       90.0000  0.6369E+01  0.7211E+01  0.8453E+01  0.9902E+01  0.1160E+02  0.1337E+02  0.1520E+02  0.1709E+02  0.1901E+02  0.2093E+02  0.2288E+02  0.2485E+02  0.2683E+02  0.2882E+02  0.3081E+02  0.3281E+02  0.3482E+02  0.3682E+02  0.3883E+02  0.4084E+02  0.4285E+02  0.4486E+02  0.4687E+02  0.4887E+02  0.5035E+02  0.5123E+02
      9.4851      100.0000  0.6369E+01  0.7211E+01  0.8453E+01  0.9903E+01  0.1160E+02  0.1337E+02  0.1520E+02  0.1709E+02  0.1901E+02  0.2093E+02  0.2288E+02  0.2485E+02  0.2683E+02  0.2882E+02  0.3081E+02  0.3281E+02  0.3482E+02  0.3682E+02  0.3883E+02  0.4084E+02  0.4285E+02  0.4486E+02  0.4687E+02  0.4887E+02  0.5035E+02  0.5123E+02
      9.6206      110.0000  0.6369E+01  0.7211E+01  0.8454E+01  0.9903E+01  0.1160E+02  0.1337E+02  0.1520E+02  0.1709E+02  0.1901E+02  0.2093E+02  0.2288E+02  0.2485E+02  0.2683E+02  0.2882E+02  0.3081E+02  0.3281E+02  0.3482E+02  0.3682E+02  0.3883E+02  0.4084E+02  0.4285E+02  0.4486E+02  0.4687E+02  0.4887E+02  0.5035E+02  0.5123E+02
      9.7561      120.0000  0.6369E+01  0.7211E+01  0.8454E+01  0.9904E+01  0.1160E+02  0.1337E+02  0.1520E+02  0.1709E+02  0.1901E+02  0.2093E+02  0.2288E+02  0.2485E+02  0.2683E+02  0.2882E+02  0.3081E+02  0.3281E+02  0.3482E+02  0.3682E+02  0.3883E+02  0.4084E+02  0.4285E+02  0.4486E+02  0.4687E+02  0.4887E+02  0.5035E+02  0.5123E+02
      9.8916      130.0000  0.6369E+01  0.7211E+01  0.8454E+01  0.9904E+01  0.1160E+02  0.1337E+02  0.1520E+02  0.1709E+02  0.1901E+02  0.2093E+02  0.2288E+02  0.2485E+02  0.2683E+02  0.2882E+02  0.3081E+02  0.3281E+02  0.3482E+02  0.3682E+02  0.3883E+02  0.4084E+02  0.4285E+02  0.4486E+02  0.4687E+02  0.4887E+02  0.5035E+02  0.5123E+02
     10.0271      140.0000  0.6369E+01  0.7211E+01  0.8455E+01  0.9905E+01  0.1160E+02  0.1337E+02  0.1520E+02  0.1709E+02  0.1901E+02  0.2093E+02  0.2288E+02  0.2485E+02  0.2683E+02  0.2882E+02  0.3081E+02  0.3281E+02  0.3482E+02  0.3682E+02  0.3883E+02  0.4084E+02  0.4285E+02  0.4486E+02  0.4687E+02  0.4887E+02  0.5035E+02  0.5123E+02
     10.1626      150.0000  0.6369E+01  0.7211E+01  0.8455E+01  0.9905E+01  0.1160E+02  0.1337E+02  0.1520E+02  0.1709E+02  0.1901E+02  0.2093E+02  0.2288E+02  0.2485E+02  0.2683E+02  0.2882E+02  0.3081E+02  0.3281E+02  0.3482E+02  0.3682E+02  0.3883E+02  0.4084E+02  0.4285E+02  0.4486E+02  0.4687E+02  0.4887E+02  0.5035E+02  0.5123E+02
     10.2981      160.0000  0.6369E+01  0.7212E+01  0.8455E+01  0.9906E+01  0.1160E+02  0.1337E+02  0.1520E+02  0.1709E+02  0.1901E+02  0.2093E+02  0.2288E+02  0.2485E+02  0.2683E+02  0.2882E+02  0.3081E+02  0.3281E+02  0.3482E+02  0.3682E+02  0.3883E+02  0.4084E+02  0.4285E+02  0.4486E+02  0.4687E+02  0.4887E+02  0.5035E+02  0.5123E+02
     10.4336      170.0000  0.6369E+01  0.7212E+01  0.8455E+01  0.9906E+01  0.1160E+02  0.1337E+02  0.1520E+02  0.1709E+02  0.1901E+02  0.2093E+02  0.2288E+02  0.2485E+02  0.2683E+02  0.2882E+02  0.3081E+02  0.3281E+02  0.3482E+02  0.3682E+02  0.3883E+02  0.4084E+02  0.4285E+02  0.4486E+02  0.4687E+02  0.4887E+02  0.5035E+02  0.5123E+02
     10.5691      180.0000  0.6369E+01  0.7212E+01  0.8456E+01  0.9906E+01  0.1160E+02  0.1337E+02  0.1520E+02  0.1709E+02  0.1901E+02  0.2093E+02  0.2288E+02  0.2485E+02  0.2683E+02  0.2882E+02  0.3081E+02  0.3281E+02  0.3482E+02  0.3682E+02  0.3883E+02  0.4084E+02  0.4285E+02  0.4486E+02  0.4687E+02  0.4887E+02  0.5035E+02  0.5123E+02
     10.7046      190.0000  0.6369E+01  0.7212E+01  0.8456E+01  0.9907E+01  0.1160E+02  0.1337E+02  0.1520E+02  0.1709E+02  0.1901E+02  0.2093E+02  0.2288E+02  0.2485E+02  0.2683E+02  0.2882E+02  0.3081E+02  0.3281E+02  0.3482E+02  0.3682E+02  0.3883E+02  0.4084E+02  0.4285E+02  0.4486E+02  0.4687E+02  0.4887E+02  0.5035E+02  0.5123E+02
     10.8401      200.0000  0.6369E+01  0.7212E+01  0.8456E+01  0.9907E+01  0.1160E+02  0.1337E+02  0.1520E+02  0.1709E+02  0.1901E+02  0.2093E+02  0.2288E+02  0.2485E+02  0.2683E+02  0.2882E+02  0.3081E+02  0.3281E+02  0.3482E+02  0.3682E+02  0.3883E+02  0.4084E+02  0.4285E+02  0.4486E+02  0.4687E+02  0.4887E+02  0.5035E+02  0.5123E+02
     10.9756      210.0000  0.6369E+01  0.7212E+01  0.8457E+01  0.9908E+01  0.1160E+02  0.1337E+02  0.1520E+02  0.1709E+02  0.1901E+02  0.2093E+02  0.2288E+02  0.2485E+02  0.2683E+02  0.2882E+02  0.3081E+02  0.3281E+02  0.3482E+02  0.3682E+02  0.3883E+02  0.4084E+02  0.4285E+02  0.4486E+02  0.4687E+02  0.4887E+02  0.5035E+02  0.5123E+02
     11.1111      220.0000  0.6369E+01  0.7212E+01  0.8457E+01  0.9908E+01  0.1160E+02  0.1337E+02  0.1520E+02  0.1709E+02  0.1901E+02  0.2093E+02  0.2288E+02  0.2485E+02  0.2683E+02  0.2882E+02  0.3081E+02  0.3281E+02  0.3482E+02  0.3682E+02  0.3883E+02  0.4084E+02  0.4285E+02  0.4486E+02  0.4687E+02  0.4887E+02  0.5035E+02  0.5123E+02
     11.2466      230.0000  0.6369E+01  0.7212E+01  0.8457E+01  0.9908E+01  0.1160E+02  0.1337E+02  0.1520E+02  0.1709E+02  0.1901E+02  0.2093E+02  0.2288E+02  0.2485E+02  0.2683E+02  0.2882E+02  0.3081E+02  0.3281E+02  0.3482E+02  0.3682E+02  0.3883E+02  0.4084E+02  0.4285E+02  0.4486E+02  0.4687E+02  0.4887E+02  0.5035E+02  0.5123E+02
     11.3821      240.0000  0.6369E+01  0.7212E+01  0.8457E+01  0.9909E+01  0.1160E+02  0.1337E+02  0.1520E+02  0.1709E+02  0.1901E+02  0.2093E+02  0.2288E+02  0.2485E+02  0.2683E+02  0.2882E+02  0.3081E+02  0.3281E+02  0.3482E+02  0.3682E+02  0.3883E+02  0.4084E+02  0.4285E+02  0.4486E+02  0.4687E+02  0.4887E+02  0.5035E+02  0.5123E+02
     11.5176      250.0000  0.6369E+01  0.7212E+01  0.8458E+01  0.9909E+01  0.1160E+02  0.1337E+02  0.1520E+02  0.1709E+02  0.1901E+02  0.2093E+02  0.2288E+02  0.2485E+02  0.2683E+02  0.2882E+02  0.3081E+02  0.3281E+02  0.3482E+02  0.3682E+02  0.3883E+02  0.4084E+02  0.4285E+02  0.4486E+02  0.4687E+02  0.4887E+02  0.5035E+02  0.5123E+02
     11.6531      260.0000  0.6369E+01  0.7212E+01  0.8458E+01  0.9910E+01  0.1160E+02  0.1337E+02  0.1520E+02  0.1709E+02  0.1901E+02  0.2093E+02  0.2288E+02  0.2485E+02  0.2683E+02  0.2882E+02  0.3081E+02  0.3281E+02  0.3482E+02  0.3682E+02  0.3883E+02  0.4084E+02  0.4285E+02  0.4486E+02  0.4687E+02  0.4887E+02  0.5035E+02  0.5123E+02
     11.7886      270.0000  0.6369E+01  0.7212E+01  0.8458E+01  0.9910E+01  0.1160E+02  0.1337E+02  0.1520E+02  0.1709E+02  0.1901E+02  0.2093E+02  0.2288E+02  0.2485E+02  0.2683E+02  0.2882E+02  0.3081E+02  0.3281E+02  0.3482E+02  0.3682E+02  0.3883E+02  0.4084E+02  0.4285E+02  0.4486E+02  0.4687E+02  0.4887E+02  0.5035E+02  0.5123E+02
     11.9241      280.0000  0.6369E+01  0.7213E+01  0.8458E+01  0.9910E+01  0.1160E+02  0.1337E+02  0.1520E+02  0.1709E+02  0.1901E+02  0.2093E+02  0.2288E+02  0.2485E+02  0.2683E+02  0.2882E+02  0.3081E+02  0.3281E+02  0.3482E+02  0.3682E+02  0.3883E+02  0.4084E+02  0.4285E+02  0.4486E+02  0.4687E+02  0.4887E+02  0.5035E+02  0.5123E+02
     12.0596      290.0000  0.6369E+01  0.7213E+01  0.8459E+01  0.9911E+01  0.1160E+02  0.1337E+02  0.1520E+02  0.1709E+02  0.1901E+02  0.2093E+02  0.2288E+02  0.2485E+02  0.2683E+02  0.2882E+02  0.3081E+02  0.3281E+02  0.3482E+02  0.3682E+02  0.3883E+02  0.4084E+02  0.4285E+02  0.4486E+02  0.4687E+02  0.4887E+02  0.5035E+02  0.5123E+02
     12.1951      300.0000  0.6369E+01  0.7213E+01  0.8459E+01  0.9911E+01  0.1160E+02  0.1337E+02  0.1520E+02  0.1709E+02  0.1901E+02  0.2093E+02  0.2288E+02  0.2485E+02  0.2683E+02  0.2882E+02  0.3081E+02  0.3281E+02  0.3482E+02  0.3682E+02  0.3883E+02  0.4084E+02  0.4285E+02  0.4486E+02  0.4687E+02  0.4887E+02  0.5035E+02  0.5123E+02
     12.3306      310.0000  0.6369E+01  0.7213E+01  0.8459E+01  0.9911E+01  0.1160E+02  0.1337E+02  0.1520E+02  0.1709E+02  0.1901E+02  0.2093E+02  0.2288E+02  0.2485E+02  0.2683E+02  0.2882E+02  0.3081E+02  0.3281E+02  0.3482E+02  0.3682E+02  0.3883E+02  0.4084E+02  0.4285E+02  0.4486E+02  0.4687E+02  0.4887E+02  0.5035E+02  0.5123E+02
     12.4661      320.0000  0.6369E+01  0.7213E+01  0.8459E+01  0.9912E+01  0.1160E+02  0.1337E+02  0.1520E+02  0.1709E+02  0.1901E+02  0.2093E+02  0.2288E+02  0.2485E+02  0.2683E+02  0.2882E+02  0.3081E+02  0.3281E+02  0.3482E+02  0.3682E+02  0.3883E+02  0.4084E+02  0.4285E+02  0.4486E+02  0.4687E+02  0.4887E+02  0.5035E+02  0.5123E+02
     12.6016      330.0000  0.6369E+01  0.7213E+01  0.8460E+01  0.9912E+01  0.1160E+02  0.1337E+02  0.1520E+02  0.1709E+02  0.1901E+02  0.2093E+02  0.2288E+02  0.2485E+02  0.2683E+02  0.2882E+02  0.3081E+02  0.3281E+02  0.3482E+02  0.3682E+02  0.3883E+02  0.4084E+02  0.4285E+02  0.4486E+02  0.4687E+02  0.4887E+02  0.5035E+02  0.5123E+02
     12.7371      340.0000  0.6369E+01  0.7213E+01  0.8460E+01  0.9912E+01  0.1160E+02  0.1337E+02  0.1520E+02  0.1709E+02  0.1901E+02  0.2093E+02  0.2288E+02  0.2485E+02  0.2683E+02  0.2882E+02  0.3081E+02  0.3281E+02  0.3482E+02  0.3682E+02  0.3883E+02  0.4084E+02  0.4285E+02  0.4486E+02  0.4687E+02  0.4887E+02  0.5035E+02  0.5123E+02
     12.8726      350.0000  0.6369E+01  0.7213E+01  0.8460E+01  0.9913E+01  0.1160E+02  0.1337E+02  0.1520E+02  0.1709E+02  0.1901E+02  0.2093E+02  0.2288E+02  0.2485E+02  0.2683E+02  0.2882E+02  0.3081E+02  0.3281E+02  0.3482E+02  0.3682E+02  0.3883E+02  0.4084E+02  0.4285E+02  0.4486E+02  0.4687E+02  0.4887E+02  0.5035E+02  0.5123E+02
     13.0081      360.0000  0.6369E+01  0.7213E+01  0.8460E+01  0.9913E+01  0.1160E+02  0.1337E+02  0.1520E+02  0.1709E+02  0.1901E+02  0.2093E+02  0.2288E+02  0.2485E+02  0.2683E+02  0.2882E+02  0.3081E+02  0.3281E+02  0.3482E+02  0.3682E+02  0.3883E+02  0.4084E+02  0.4285E+02  0.4486E+02  0.4687E+02  0.4887E+02  0.5035E+02  0.5123E+02
     13.1436       10.0000  0.6369E+01  0.7213E+01  0.8460E+01  0.9913E+01  0.1160E+02  0.1337E+02  0.1520E+02  0.1709E+02  0.1901E+02  0.2093E+02  0.2288E+02  0.2485E+02  0.2683E+02  0.2882E+02  0.3081E+02  0.3281E+02  0.3482E+02  0.3682E+02  0.3883E+02  0.4084E+02  0.4285E+02  0.4486E+02  0.4687E+02  0.4887E+02  0.5035E+02  0.5123E+02
     13.2791       20.0000  0.6369E+01  0.7213E+01  0.8461E+01  0.9914E+01  0.1160E+02  0.1337E+02  0.1520E+02  0.1709E+02  0.1901E+02  0.2093E+02  0.2288E+02  0.2485E+02  0.2683E+02  0.2882E+02  0.3081E+02  0.3281E+02  0.3482E+02  0.3682E+02  0.3883E+02  0.4084E+02  0.4285E+02  0.4486E+02  0.4687E+02  0.4887E+02  0.5035E+02  0.5123E+02
     13.4146       30.0000  0.6369E+01  0.7213E+01  0.8461E+01  0.9914E+01  0.1160E+02  0.1337E+02  0.1520E+02  0.1709E+02  0.1901E+02  0.2093E+02  0.2288E+02  0.2485E+02  0.2683E+02  0.2882E+02  0.3081E+02  0.3281E+02  0.3482E+02  0.3682E+02  0.3883E+02  0.4084E+02  0.4285E+02  0.4486E+02  0.4687E+02  0.4887E+02  0.5035E+02  0.5123E+02
     13.5501       40.0000  0.6369E+01  0.7213E+01  0.8461E+01  0.9914E+01  0.1160E+02  0.1337E+02  0.1520E+02  0.1709E+02  0.1901E+02  0.2093E+02  0.2288E+02  0.2485E+02  0.2683E+02  0.2882E+02  0.3081E+02  0.3281E+02  0.3482E+02  0.3682E+02  0.3883E+02  0.4084E+02  0.4285E+02  0.4486E+02  0.4687E+02  0.4887E+02  0.5035E+02  0.5123E+02
     13.6856       50.0000  0.6369E+01  0.7213E+01  0.8461E+01  0.9914E+01  0.1161E+02  0.1337E+02  0.1520E+02  0.1709E+02  0.1901E+02  0.2093E+02  0.2288E+02  0.2485E+02  0.2683E+02  0.2882E+02  0.3081E+02  0.3281E+02  0.3482E+02  0.3682E+02  0.3883E+02  0.4084E+02  0.4285E+02  0.4486E+02  0.4687E+02  0.4887E+02  0.5035E+02  0.5123E+02
     13.8211       60.0000  0.6369E+01  0.7214E+01  0.8461E+01  0.9915E+01  0.1161E+02  0.1337E+02  0.1520E+02  0.1709E+02  0.1901E+02  0.2093E+02  0.2288E+02  0.2485E+02  0.2683E+02  0.2882E+02  0.3081E+02  0.3281E+02  0.3482E+02  0.3682E+02  0.3883E+02  0.4084E+02  0.4285E+02  0.4486E+02  0.4687E+02  0.4887E+02  0.5035E+02  0.5123E+02
     13.9566       70.0000  0.6369E+01  0.7214E+01  0.8462E+01  0.9915E+01  0.1161E+02  0.1337E+02  0.1520E+02  0.1709E+02  0.1901E+02  0.2093E+02  0.2288E+02  0.2485E+02  0.2683E+02  0.2882E+02  0.3081E+02  0.3281E+02  0.3482E+02  0.3682E+02  0.3883E+02  0.4084E+02  0.4285E+02  0.4486E+02  0.4687E+02  0.4887E+02  0.5035E+02  0.5123E+02
     14.0921       80.0000  0.6369E+01  0.7214E+01  0.8462E+01  0.9915E+01  0.1161E+02  0.1337E+02  0.1520E+02  0.1709E+02  0.1901E+02  0.2093E+02  0.2288E+02  0.2485E+02  0.2683E+02  0.2882E+02  0.3081E+02  0.3281E+02  0.3482E+02  0.3682E+02  0.3883E+02  0.4084E+02  0.4285E+02  0.4486E+02  0.4687E+02  0.4887E+02  0.5035E+02  0.5123E+02
     14.2276       90.0000  0.6369E+01  0.7214E+01  0.8462E+01  0.9915E+01  0.1161E+02  0.1337E+02  0.1520E+02  0.1709E+02  0.1901E+02  0.2093E+02  0.2288E+02  0.2485E+02  0.2683E+02  0.2882E+02  0.3081E+02  0.3281E+02  0.3482E+02  0.3682E+02  0.3883E+02  0.4084E+02  0.4285E+02  0.4486E+02  0.4687E+02  0.4887E+02  0.5035E+02  0.5123E+02
     14.3631      100.0000  0.6369E+01  0.7214E+01  0.8462E+01  0.9916E+01  0.1161E+02  0.1337E+02  0.1520E+02  0.1709E+02  0.1901E+02  0.2093E+02  0.2288E+02  0.2485E+02  0.2683E+02  0.2882E+02  0.3081E+02  0.3281E+02  0.3482E+02  0.3682E+02  0.3883E+02  0.4084E+02  0.4285E+02  0.4486E+02  0.4687E+02  0.4887E+02  0.5035E+02  0.5123E+02
     14.4986      110.0000  0.6369E+01  0.7214E+01  0.8462E+01  0.9916E+01  0.1161E+02  0.1337E+02  0.1520E+02  0.1709E+02  0.1901E+02  0.2093E+02  0.2288E+02  0.2485E+02  0.2683E+02  0.2882E+02  0.3081E+02  0.3281E+02  0.3482E+02  0.3682E+02  0.3883E+02  0.4084E+02  0.4285E+02  0.4486E+02  0.4687E+02  0.4887E+02  0.5035E+02  0.5123E+02
     14.6341      120.0000  0.6369E+01  0.7214E+01  0.8462E+01  0.9916E+01  0.1161E+02  0.1338E+02  0.1520E+02  0.1709E+02  0.1901E+02  0.2093E+02  0.2288E+02  0.2485E+02  0.2683E+02  0.2882E+02  0.3081E+02  0.3281E+02  0.3482E+02  0.3682E+02  0.3883E+02  0.4084E+02  0.4285E+02  0.4486E+02  0.4687E+02  0.4887E+02  0.5035E+02  0.5123E+02
     14.7696      130.0000  0.6369E+01  0.7214E+01  0.8463E+01  0.9916E+01  0.1161E+02  0.1338E+02  0.1520E+02  0.1709E+02  0.1901E+02  0.2093E+02  0.2288E+02  0.2485E+02  0.2683E+02  0.2882E+02  0.3081E+02  0.3281E+02  0.3482E+02  0.3682E+02  0.3883E+02  0.4084E+02  0.4285E+02  0.4486E+02  0.4687E+02  0.4887E+02  0.5035E+02  0.5123E+02
     14.9051      140.0000  0.6369E+01  0.7214E+01  0.8463E+01  0.9917E+01  0.1161E+02  0.1338E+02  0.1520E+02  0.1709E+02  0.1901E+02  0.2093E+02  0.2288E+02  0.2485E+02  0.2683E+02  0.2882E+02  0.3081E+02  0.3281E+02  0.3482E+02  0.3682E+02  0.3883E+02  0.4084E+02  0.4285E+02  0.4486E+02  0.4687E+02  0.4887E+02  0.5035E+02  0.5123E+02
     15.0407      150.0000  0.6369E+01  0.7214E+01  0.8463E+01  0.9917E+01  0.1161E+02  0.1338E+02  0.1520E+02  0.1709E+02  0.1901E+02  0.2093E+02  0.2288E+02  0.2485E+02  0.2683E+02  0.2882E+02  0.3081E+02  0.3281E+02  0.3482E+02  0.3682E+02  0.3883E+02  0.4084E+02  0.4285E+02  0.4486E+02  0.4687E+02  0.4887E+02  0.5035E+02  0.5123E+02
     15.1762      160.0000  0.6369E+01  0.7214E+01  0.8463E+01  0.9917E+01  0.1161E+02  0.1338E+02  0.1520E+02  0.1709E+02  0.1901E+02  0.2093E+02  0.2288E+02  0.2485E+02  0.2683E+02  0.2882E+02  0.3081E+02  0.3281E+02  0.3482E+02  0.3682E+02  0.3883E+02  0.4084E+02  0.4285E+02  0.4486E+02  0.4687E+02  0.4887E+02  0.5035E+02  0.5123E+02
     15.3117      170.0000  0.6369E+01  0.7214E+01  0.8463E+01  0.9917E+01  0.1161E+02  0.1338E+02  0.1520E+02  0.1709E+02  0.1901E+02  0.2093E+02  0.2288E+02  0.2485E+02  0.2683E+02  0.2882E+02  0.3081E+02  0.3281E+02  0.3482E+02  0.3682E+02  0.3883E+02  0.4084E+02  0.4285E+02  0.4486E+02  0.4687E+02  0.4887E+02  0.5035E+02  0.5123E+02
     15.4472      180.0000  0.6369E+01  0.7214E+01  0.8463E+01  0.9918E+01  0.1161E+02  0.1338E+02  0.1520E+02  0.1709E+02  0.1901E+02  0.2093E+02  0.2288E+02  0.2485E+02  0.2683E+02  0.2882E+02  0.3081E+02  0.3281E+02  0.3482E+02  0.3682E+02  0.3883E+02  0.4084E+02  0.4285E+02  0.4486E+02  0.4687E+02  0.4887E+02  0.5035E+02  0.5123E+02
     15.5827      190.0000  0.6369E+01  0.7214E+01  0.8464E+01  0.9918E+01  0.1161E+02  0.1338E+02  0.1520E+02  0.1709E+02  0.1901E+02  0.2093E+02  0.2288E+02  0.2485E+02  0.2683E+02  0.2882E+02  0.3081E+02  0.3281E+02  0.3482E+02  0.3682E+02  0.3883E+02  0.4084E+02  0.4285E+02  0.4486E+02  0.4687E+02  0.4887E+02  0.5035E+02  0.5123E+02
     15.7182      200.0000  0.6369E+01  0.7214E+01  0.8464E+01  0.9918E+01  0.1161E+02  0.1338E+02  0.1520E+02  0.1709E+02  0.1901E+02  0.2093E+02  0.2288E+02  0.2485E+02  0.2683E+02  0.2882E+02  0.3081E+02  0.3281E+02  0.3482E+02  0.3682E+02  0.3883E+02  0.4084E+02  0.4285E+02  0.4486E+02  0.4687E+02  0.4887E+02  0.5035E+02  0.5123E+02
     15.8537      210.0000  0.6369E+01  0.7214E+01  0.8464E+01  0.9918E+01  0.1161E+02  0.1338E+02  0.1520E+02  0.1709E+02  0.1901E+02  0.2093E+02  0.2288E+02  0.2485E+02  0.2683E+02  0.2882E+02  0.3081E+02  0.3281E+02  0.3482E+02  0.3682E+02  0.3883E+02  0.4084E+02  0.4285E+02  0.4486E+02  0.4687E+02  0.4887E+02  0.5035E+02  0.5123E+02
     15.9892      220.0000  0.6369E+01  0.7214E+01  0.8464E+01  0.9918E+01  0.1161E+02  0.1338E+02  0.1520E+02  0.1709E+02  0.1901E+02  0.2093E+02  0.2288E+02  0.2485E+02  0.2683E+02  0.2882E+02  0.3081E+02  0.3281E+02  0.3482E+02  0.3682E+02  0.3883E+02  0.4084E+02  0.4285E+02  0.4486E+02  0.4687E+02  0.4887E+02  0.5035E+02  0.5123E+02
     16.1247      230.0000  0.6369E+01  0.7214E+01  0.8464E+01  0.9919E+01  0.1161E+02  0.1338E+02  0.1520E+02  0.1709E+02  0.1901E+02  0.2093E+02  0.2288E+02  0.2485E+02  0.2683E+02  0.2882E+02  0.3081E+02  0.3281E+02  0.3482E+02  0.3682E+02  0.3883E+02  0.4084E+02  0.4285E+02  0.4486E+02  0.4687E+02  0.4887E+02  0.5035E+02  0.5123E+02
     16.2602      240.0000  0.6369E+01  0.7214E+01  0.8464E+01  0.9919E+01  0.1161E+02  0.1338E+02  0.1520E+02  0.1709E+02  0.1901E+02  0.2093E+02  0.2288E+02  0.2485E+02  0.2683E+02  0.2882E+02  0.3081E+02  0.3281E+02  0.3482E+02  0.3682E+02  0.3883E+02  0.4084E+02  0.4285E+02  0.4486E+02  0.4687E+02  0.4887E+02  0.5035E+02  0.5123E+02
     16.3957      250.0000  0.6369E+01  0.7214E+01  0.8464E+01  0.9919E+01  0.1161E+02  0.1338E+02  0.1520E+02  0.1709E+02  0.1901E+02  0.2093E+02  0.2288E+02  0.2485E+02  0.2683E+02  0.2882E+02  0.3081E+02  0.3281E+02  0.3482E+02  0.3682E+02  0.3883E+02  0.4084E+02  0.4285E+02  0.4486E+02  0.4687E+02  0.4887E+02  0.5035E+02  0.5123E+02
     16.5312      260.0000  0.6369E+01  0.7214E+01  0.8465E+01  0.9919E+01  0.1161E+02  0.1338E+02  0.1520E+02  0.1709E+02  0.1901E+02  0.2093E+02  0.2288E+02  0.2485E+02  0.2683E+02  0.2882E+02  0.3081E+02  0.3281E+02  0.3482E+02  0.3682E+02  0.3883E+02  0.4084E+02  0.4285E+02  0.4486E+02  0.4687E+02  0.4887E+02  0.5035E+02  0.5123E+02
     16.6667      270.0000  0.6369E+01  0.7214E+01  0.8465E+01  0.9919E+01  0.1161E+02  0.1338E+02  0.1520E+02  0.1709E+02  0.1901E+02  0.2093E+02  0.2288E+02  0.2485E+02  0.2683E+02  0.2882E+02  0.3081E+02  0.3281E+02  0.3482E+02  0.3682E+02  0.3883E+02  0.4084E+02  0.4285E+02  0.4486E+02  0.4687E+02  0.4887E+02  0.5035E+02  0.5123E+02
     16.8022      280.0000  0.6369E+01  0.7215E+01  0.8465E+01  0.9920E+01  0.1161E+02  0.1338E+02  0.1520E+02  0.1709E+02  0.1901E+02  0.2093E+02  0.2288E+02  0.2485E+02  0.2683E+02  0.2882E+02  0.3081E+02  0.3281E+02  0.3482E+02  0.3682E+02  0.3883E+02  0.4084E+02  0.4285E+02  0.4486E+02  0.4687E+02  0.4887E+02  0.5035E+02  0.5123E+02
     16.9377      290.0000  0.6369E+01  0.7215E+01  0.8465E+01  0.9920E+01  0.1161E+02  0.1338E+02  0.1520E+02  0.1709E+02  0.1901E+02  0.2093E+02  0.2288E+02  0.2485E+02  0.2683E+02  0.2882E+02  0.3081E+02  0.3281E+02  0.3482E+02  0.3682E+02  0.3883E+02  0.4084E+02  0.4285E+02  0.4486E+02  0.4687E+02  0.4887E+02  0.5035E+02  0.5123E+02
     17.0732      300.0000  0.6369E+01  0.7215E+01  0.8465E+01  0.9920E+01  0.1161E+02  0.1338E+02  0.1520E+02  0.1709E+02  0.1901E+02  0.2093E+02  0.2288E+02  0.2485E+02  0.2683E+02  0.2882E+02  0.3081E+02  0.3281E+02  0.3482E+02  0.3682E+02  0.3883E+02  0.4084E+02  0.4285E+02  0.4486E+02  0.4687E+02  0.4887E+02  0.5035E+02  0.5123E+02
     17.2087      310.0000  0.6369E+01  0.7215E+01  0.8465E+01  0.9920E+01  0.1161E+02  0.1338E+02  0.1520E+02  0.1709E+02  0.1901E+02  0.2093E+02  0.2288E+02  0.2485E+02  0.2683E+02  0.2882E+02  0.3081E+02  0.3281E+02  0.3482E+02  0.3682E+02  0.3883E+02  0.4084E+02  0.4285E+02  0.4486E+02  0.4687E+02  0.4887E+02  0.5035E+02  0.5123E+02
     17.3442      320.0000  0.6369E+01  0.7215E+01  0.8465E+01  0.9920E+01  0.1161E+02  0.1338E+02  0.1520E+02  0.1709E+02  0.1901E+02  0.2093E+02  0.2288E+02  0.2485E+02  0.2683E+02  0.2882E+02  0.3081E+02  0.3281E+02  0.3482E+02  0.3682E+02  0.3883E+02  0.4084E+02  0.4285E+02  0.4486E+02  0.4687E+02  0.4887E+02  0.5035E+02  0.5123E+02
     17.4797      330.0000  0.6369E+01  0.7215E+01  0.8465E+01  0.9920E+01  0.1161E+02  0.1338E+02  0.1520E+02  0.1709E+02  0.1901E+02  0.2093E+02  0.2288E+02  0.2485E+02  0.2683E+02  0.2882E+02  0.3081E+02  0.3281E+02  0.3482E+02  0.3682E+02  0.3883E+02  0.4084E+02  0.4285E+02  0.4486E+02  0.4687E+02  0.4887E+02  0.5035E+02  0.5123E+02
     17.6152      340.0000  0.6369E+01  0.7215E+01  0.8465E+01  0.9921E+01  0.1161E+02  0.1338E+02  0.1520E+02  0.1709E+02  0.1901E+02  0.2093E+02  0.2288E+02  0.2485E+02  0.2683E+02  0.2882E+02  0.3081E+02  0.3281E+02  0.3482E+02  0.3682E+02  0.3883E+02  0.4084E+02  0.4285E+02  0.4486E+02  0.4687E+02  0.4887E+02  0.5035E+02  0.5123E+02
     17.7507      350.0000  0.6369E+01  0.7215E+01  0.8466E+01  0.9921E+01  0.1161E+02  0.1338E+02  0.1520E+02  0.1709E+02  0.1901E+02  0.2093E+02  0.2288E+02  0.2485E+02  0.2683E+02  0.2882E+02  0.3081E+02  0.3281E+02  0.3482E+02  0.3682E+02  0.3883E+02  0.4084E+02  0.4285E+02  0.4486E+02  0.4687E+02  0.4887E+02  0.5035E+02  0.5123E+02
     17.8862      360.0000  0.6369E+01  0.7215E+01  0.8466E+01  0.9921E+01  0.1161E+02  0.1338E+02  0.1520E+02  0.1709E+02  0.1901E+02  0.2093E+02  0.2288E+02  0.2485E+02  0.2683E+02  0.2882E+02  0.3081E+02  0.3281E+02  0.3482E+02  0.3682E+02  0.3883E+02  0.4084E+02  0.4285E+02  0.4486E+02  0.4687E+02  0.4887E+02  0.5035E+02  0.5123E+02
     18.0217       10.0000  0.6369E+01  0.7215E+01  0.8466E+01  0.9921E+01  0.1161E+02  0.1338E+02  0.1520E+02  0.1709E+02  0.1901E+02  0.2093E+02  0.2288E+02  0.2485E+02  0.2683E+02  0.2882E+02  0.3081E+02  0.3281E+02  0.3482E+02  0.3682E+02  0.3883E+02  0.4084E+02  0.4285E+02  0.4486E+02  0.4687E+02  0.4887E+02  0.5035E+02  0.5123E+02
     18.1572       20.0000  0.6369E+01  0.7215E+01  0.8466E+01  0.9921E+01  0.1161E+02  0.1338E+02  0.1520E+02  0.1709E+02  0.1901E+02  0.2093E+02  0.2288E+02  0.2485E+02  0.2683E+02  0.2882E+02  0.3081E+02  0.3281E+02  0.3482E+02  0.3682E+02  0.3883E+02  0.4084E+02  0.4285E+02  0.4486E+02  0.4687E+02  0.4887E+02  0.5035E+02  0.5123E+02
     18.2927       30.0000  0.6369E+01  0.7215E+01  0.8466E+01  0.9921E+01  0.1161E+02  0.1338E+02  0.1520E+02  0.1709E+02  0.1901E+02  0.2093E+02  0.2288E+02  0.2485E+02  0.2683E+02  0.2882E+02  0.3081E+02  0.3281E+02  0.3482E+02  0.3682E+02  0.3883E+02  0.4084E+02  0.4285E+02  0.4486E+02  0.4687E+02  0.4887E+02  0.5035E+02  0.5123E+02
     18.4282       40.0000  0.6369E+01  0.7215E+01  0.8466E+01  0.9921E+01  0.1161E+02  0.1338E+02  0.1520E+02  0.1709E+02  0.1901E+02  0.2093E+02  0.2288E+02  0.2485E+02  0.2683E+02  0.2882E+02  0.3081E+02  0.3281E+02  0.3482E+02  0.3682E+02  0.3883E+02  0.4084E+02  0.4285E+02  0.4486E+02  0.4687E+02  0.4887E+02  0.5035E+02  0.5123E+02
     18.5637       50.0000  0.6369E+01  0.7215E+01  0.8466E+01  0.9922E+01  0.1161E+02  0.1338E+02  0.1520E+02  0.1709E+02  0.1901E+02  0.2093E+02  0.2288E+02  0.2485E+02  0.2683E+02  0.2882E+02  0.3081E+02  0.3281E+02  0.3482E+02  0.3682E+02  0.3883E+02  0.4084E+02  0.4285E+02  0.4486E+02  0.4687E+02  0.4887E+02  0.5035E+02  0.5123E+02
     18.6992       60.0000  0.6369E+01  0.7215E+01  0.8466E+01  0.9922E+01  0.1161E+02  0.1338E+02  0.1520E+02  0.1709E+02  0.1901E+02  0.2093E+02  0.2288E+02  0.2485E+02  0.2683E+02  0.2882E+02  0.3081E+02  0.3281E+02  0.3482E+02  0.3682E+02  0.3883E+02  0.4084E+02  0.4285E+02  0.4486E+02  0.4687E+02  0.4887E+02  0.5035E+02  0.5123E+02
     18.8347       70.0000  0.6369E+01  0.7215E+01  0.8466E+01  0.9922E+01  0.1161E+02  0.1338E+02  0.1520E+02  0.1709E+02  0.1901E+02  0.2093E+02  0.2288E+02  0.2485E+02  0.2683E+02  0.2882E+02  0.3081E+02  0.3281E+02  0.3482E+02  0.3682E+02  0.3883E+02  0.4084E+02  0.4285E+02  0.4486E+02  0.4687E+02  0.4887E+02  0.5035E+02  0.5123E+02
     18.9702       80.0000  0.6369E+01  0.7215E+01  0.8466E+01  0.9922E+01  0.1161E+02  0.1338E+02  0.1520E+02  0.1709E+02  0.1901E+02  0.2093E+02  0.2288E+02  0.2485E+02  0.2683E+02  0.2882E+02  0.3081E+02  0.3281E+02  0.3482E+02  0.3682E+02  0.3883E+02  0.4084E+02  0.4285E+02  0.4486E+02  0.4687E+02  0.4887E+02  0.5035E+02  0.5123E+02
     19.1057       90.0000  0.6369E+01  0.7215E+01  0.8467E+01  0.9922E+01  0.1161E+02  0.1338E+02  0.1520E+02  0.1709E+02  0.1901E+02  0.2093E+02  0.2288E+02  0.2485E+02  0.2683E+02  0.2882E+02  0.3081E+02  0.3281E+02  0.3482E+02  0.3682E+02  0.3883E+02  0.4084E+02  0.4285E+02  0.4486E+02  0.4687E+02  0.4887E+02  0.5035E+02  0.5123E+02
     19.2412      100.0000  0.6369E+01  0.7215E+01  0.8467E+01  0.9922E+01  0.1161E+02  0.1338E+02  0.1520E+02  0.1709E+02  0.1901E+02  0.2093E+02  0.2288E+02  0.2485E+02  0.2683E+02  0.2882E+02  0.3081E+02  0.3281E+02  0.3482E+02  0.3682E+02  0.3883E+02  0.4084E+02  0.4285E+02  0.4486E+02  0.4687E+02  0.4887E+02  0.5035E+02  0.5123E+02
     19.3767      110.0000  0.6369E+01  0.7215E+01  0.8467E+01  0.9922E+01  0.1161E+02  0.1338E+02  0.1520E+02  0.1709E+02  0.1901E+02  0.2093E+02  0.2288E+02  0.2485E+02  0.2683E+02  0.2882E+02  0.3081E+02  0.3281E+02  0.3482E+02  0.3682E+02  0.3883E+02  0.4084E+02  0.4285E+02  0.4486E+02  0.4687E+02  0.4887E+02  0.5035E+02  0.5123E+02
     19.5122      120.0000  0.6369E+01  0.7215E+01  0.8467E+01  0.9922E+01  0.1161E+02  0.1338E+02  0.1520E+02  0.1709E+02  0.1901E+02  0.2093E+02  0.2288E+02  0.2485E+02  0.2683E+02  0.2882E+02  0.3081E+02  0.3281E+02  0.3482E+02  0.3682E+02  0.3883E+02  0.4084E+02  0.4285E+02  0.4486E+02  0.4687E+02  0.4887E+02  0.5035E+02  0.5123E+02
     19.6477      130.0000  0.6369E+01  0.7215E+01  0.8467E+01  0.9923E+01  0.1161E+02  0.1338E+02  0.1520E+02  0.1709E+02  0.1901E+02  0.2093E+02  0.2288E+02  0.2485E+02  0.2683E+02  0.2882E+02  0.3081E+02  0.3281E+02  0.3482E+02  0.3682E+02  0.3883E+02  0.4084E+02  0.4285E+02  0.4486E+02  0.4687E+02  0.4887E+02  0.5035E+02  0.5123E+02
     19.7832      140.0000  0.6369E+01  0.7215E+01  0.8467E+01  0.9923E+01  0.1161E+02  0.1338E+02  0.1520E+02  0.1709E+02  0.1901E+02  0.2093E+02  0.2288E+02  0.2485E+02  0.2683E+02  0.2882E+02  0.3081E+02  0.3281E+02  0.3482E+02  0.3682E+02  0.3883E+02  0.4084E+02  0.4285E+02  0.4486E+02  0.4687E+02  0.4887E+02  0.5035E+02  0.5123E+02
     19.9187      150.0000  0.6369E+01  0.7215E+01  0.8467E+01  0.9923E+01  0.1161E+02  0.1338E+02  0.1520E+02  0.1709E+02  0.1901E+02  0.2093E+02  0.2288E+02  0.2485E+02  0.2683E+02  0.2882E+02  0.3081E+02  0.3281E+02  0.3482E+02  0.3682E+02  0.3883E+02  0.4084E+02  0.4285E+02  0.4486E+02  0.4687E+02  0.4887E+02  0.5035E+02  0.5123E+02
     20.0542      160.0000  0.6369E+01  0.7215E+01  0.8467E+01  0.9923E+01  0.1161E+02  0.1338E+02  0.1520E+02  0.1709E+02  0.1901E+02  0.2093E+02  0.2288E+02  0.2485E+02  0.2683E+02  0.2882E+02  0.3081E+02  0.3281E+02  0.3482E+02  0.3682E+02  0.3883E+02  0.4084E+02  0.4285E+02  0.4486E+02  0.4687E+02  0.4887E+02  0.5035E+02  0.5123E+02
     20.1897      170.0000  0.6369E+01  0.7215E+01  0.8467E+01  0.9923E+01  0.1161E+02  0.1338E+02  0.1520E+02  0.1709E+02  0.1901E+02  0.2093E+02  0.2288E+02  0.2485E+02  0.2683E+02  0.2882E+02  0.3081E+02  0.3281E+02  0.3482E+02  0.3682E+02  0.3883E+02  0.4084E+02  0.4285E+02  0.4486E+02  0.4687E+02  0.4887E+02  0.5035E+02  0.5123E+02
     20.3252      180.0000  0.6369E+01  0.7215E+01  0.8467E+01  0.9923E+01  0.1161E+02  0.1338E+02  0.1520E+02  0.1709E+02  0.1901E+02  0.2093E+02  0.2288E+02  0.2485E+02  0.2683E+02  0.2882E+02  0.3081E+02  0.3281E+02  0.3482E+02  0.3682E+02  0.3883E+02  0.4084E+02  0.4285E+02  0.4486E+02  0.4687E+02  0.4887E+02  0.5035E+02  0.5123E+02
     20.4607      190.0000  0.6369E+01  0.7215E+01  0.8467E+01  0.9923E+01  0.1161E+02  0.1338E+02  0.1520E+02  0.1709E+02  0.1901E+02  0.2093E+02  0.2288E+02  0.2485E+02  0.2683E+02  0.2882E+02  0.3081E+02  0.3281E+02  0.3482E+02  0.3682E+02  0.3883E+02  0.4084E+02  0.4285E+02  0.4486E+02  0.4687E+02  0.4887E+02  0.5035E+02  0.5123E+02
     20.5962      200.0000  0.6369E+01  0.7215E+01  0.8467E+01  0.9923E+01  0.1161E+02  0.1338E+02  0.1520E+02  0.1709E+02  0.1901E+02  0.2093E+02  0.2288E+02  0.2485E+02  0.2683E+02  0.2882E+02  0.3081E+02  0.3281E+02  0.3482E+02  0.3682E+02  0.3883E+02  0.4084E+02  0.4285E+02  0.4486E+02  0.4687E+02  0.4887E+02  0.5035E+02  0.5123E+02
     20.7317      210.0000  0.6369E+01  0.7215E+01  0.8467E+01  0.9923E+01  0.1161E+02  0.1338E+02  0.1520E+02  0.1709E+02  0.1901E+02  0.2093E+02  0.2288E+02  0.2485E+02  0.2683E+02  0.2882E+02  0.3081E+02  0.3281E+02  0.3482E+02  0.3682E+02  0.3883E+02  0.4084E+02  0.4285E+02  0.4486E+02  0.4687E+02  0.4887E+02  0.5035E+02  0.5123E+02
     20.8672      220.0000  0.6369E+01  0.7215E+01  0.8468E+01  0.9924E+01  0.1161E+02  0.1338E+02  0.1520E+02  0.1709E+02  0.1901E+02  0.2093E+02  0.2288E+02  0.2485E+02  0.2683E+02  0.2882E+02  0.3081E+02  0.3281E+02  0.3482E+02  0.3682E+02  0.3883E+02  0.4084E+02  0.4285E+02  0.4486E+02  0.4687E+02  0.4887E+02  0.5035E+02  0.5123E+02
     21.0027      230.0000  0.6369E+01  0.7215E+01  0.8468E+01  0.9924E+01  0.1161E+02  0.1338E+02  0.1520E+02  0.1709E+02  0.1901E+02  0.2093E+02  0.2288E+02  0.2485E+02  0.2683E+02  0.2882E+02  0.3081E+02  0.3281E+02  0.3482E+02  0.3682E+02  0.3883E+02  0.4084E+02  0.4285E+02  0.4486E+02  0.4687E+02  0.4887E+02  0.5035E+02  0.5123E+02
     21.1382      240.0000  0.6369E+01  0.7215E+01  0.8468E+01  0.9924E+01  0.1161E+02  0.1338E+02  0.1520E+02  0.1709E+02  0.1901E+02  0.2093E+02  0.2288E+02  0.2485E+02  0.2683E+02  0.2882E+02  0.3081E+02  0.3281E+02  0.3482E+02  0.3682E+02  0.3883E+02  0.4084E+02  0.4285E+02  0.4486E+02  0.4687E+02  0.4887E+02  0.5035E+02  0.5123E+02
     21.2737      250.0000  0.6369E+01  0.7215E+01  0.8468E+01  0.9924E+01  0.1161E+02  0.1338E+02  0.1520E+02  0.1709E+02  0.1901E+02  0.2093E+02  0.2288E+02  0.2485E+02  0.2683E+02  0.2882E+02  0.3081E+02  0.3281E+02  0.3482E+02  0.3682E+02  0.3883E+02  0.4084E+02  0.4285E+02  0.4486E+02  0.4687E+02  0.4887E+02  0.5035E+02  0.5123E+02
     21.4092      260.0000  0.6369E+01  0.7215E+01  0.8468E+01  0.9924E+01  0.1161E+02  0.1338E+02  0.1520E+02  0.1709E+02  0.1901E+02  0.2093E+02  0.2288E+02  0.2485E+02  0.2683E+02  0.2882E+02  0.3081E+02  0.3281E+02  0.3482E+02  0.3682E+02  0.3883E+02  0.4084E+02  0.4285E+02  0.4486E+02  0.4687E+02  0.4887E+02  0.5035E+02  0.5123E+02
     21.5447      270.0000  0.6369E+01  0.7215E+01  0.8468E+01  0.9924E+01  0.1161E+02  0.1338E+02  0.1520E+02  0.1709E+02  0.1901E+02  0.2093E+02  0.2288E+02  0.2485E+02  0.2683E+02  0.2882E+02  0.3081E+02  0.3281E+02  0.3482E+02  0.3682E+02  0.3883E+02  0.4084E+02  0.4285E+02  0.4486E+02  0.4687E+02  0.4887E+02  0.5035E+02  0.5123E+02
     21.6802      280.0000  0.6369E+01  0.7215E+01  0.8468E+01  0.9924E+01  0.1161E+02  0.1338E+02  0.1520E+02  0.1709E+02  0.1901E+02  0.2093E+02  0.2288E+02  0.2485E+02  0.2683E+02  0.2882E+02  0.3081E+02  0.3281E+02  0.3482E+02  0.3682E+02  0.3883E+02  0.4084E+02  0.4285E+02  0.4486E+02  0.4687E+02  0.4887E+02  0.5035E+02  0.5123E+02
     21.8157      290.0000  0.6369E+01  0.7216E+01  0.8468E+01  0.9924E+01  0.1161E+02  0.1338E+02  0.1520E+02  0.1709E+02  0.1901E+02  0.2093E+02  0.2288E+02  0.2485E+02  0.2683E+02  0.2882E+02  0.3081E+02  0.3281E+02  0.3482E+02  0.3682E+02  0.3883E+02  0.4084E+02  0.4285E+02  0.4486E+02  0.4687E+02  0.4887E+02  0.5035E+02  0.5123E+02
     21.9512      300.0000  0.6369E+01  0.7216E+01  0.8468E+01  0.9924E+01  0.1161E+02  0.1338E+02  0.1520E+02  0.1709E+02  0.1901E+02  0.2093E+02  0.2288E+02  0.2485E+02  0.2683E+02  0.2882E+02  0.3081E+02  0.3281E+02  0.3482E+02  0.3682E+02  0.3883E+02  0.4084E+02  0.4285E+02  0.4486E+02  0.4687E+02  0.4887E+02  0.5035E+02  0.5123E+02
     22.0867      310.0000  0.6369E+01  0.7216E+01  0.8468E+01  0.9924E+01  0.1161E+02  0.1338E+02  0.1520E+02  0.1709E+02  0.1901E+02  0.2093E+02  0.2288E+02  0.2485E+02  0.2683E+02  0.2882E+02  0.3081E+02  0.3281E+02  0.3482E+02  0.3682E+02  0.3883E+02  0.4084E+02  0.4285E+02  0.4486E+02  0.4687E+02  0.4887E+02  0.5035E+02  0.5123E+02
     22.2222      320.0000  0.6369E+01  0.7216E+01  0.8468E+01  0.9924E+01  0.1161E+02  0.1338E+02  0.1520E+02  0.1709E+02  0.1901E+02  0.2093E+02  0.2288E+02  0.2485E+02  0.2683E+02  0.2882E+02  0.3081E+02  0.3281E+02  0.3482E+02  0.3682E+02  0.3883E+02  0.4084E+02  0.4285E+02  0.4486E+02  0.4687E+02  0.4887E+02  0.5035E+02  0.5123E+02
     22.3577      330.0000  0.6369E+01  0.7216E+01  0.8468E+01  0.9925E+01  0.1161E+02  0.1338E+02  0.1520E+02  0.1709E+02  0.1901E+02  0.2093E+02  0.2288E+02  0.2485E+02  0.2683E+02  0.2882E+02  0.3081E+02  0.3281E+02  0.3482E+02  0.3682E+02  0.3883E+02  0.4084E+02  0.4285E+02  0.4486E+02  0.4687E+02  0.4887E+02  0.5035E+02  0.5123E+02
     22.4932      340.0000  0.6369E+01  0.7216E+01  0.8468E+01  0.9925E+01  0.1161E+02  0.1338E+02  0.1520E+02  0.1709E+02  0.1901E+02  0.2093E+02  0.2288E+02  0.2485E+02  0.2683E+02  0.2882E+02  0.3081E+02  0.3281E+02  0.3482E+02  0.3682E+02  0.3883E+02  0.4084E+02  0.4285E+02  0.4486E+02  0.4687E+02  0.4887E+02  0.5035E+02  0.5123E+02
     22.6287      350.0000  0.6369E+01  0.7216E+01  0.8468E+01  0.9925E+01  0.1161E+02  0.1338E+02  0.1520E+02  0.1709E+02  0.1901E+02  0.2093E+02  0.2288E+02  0.2485E+02  0.2683E+02  0.2882E+02  0.3081E+02  0.3281E+02  0.3482E+02  0.3682E+02  0.3883E+02  0.4084E+02  0.4285E+02  0.4486E+02  0.4687E+02  0.4887E+02  0.5035E+02  0.5123E+02
     22.7642      360.0000  0.6369E+01  0.7216E+01  0.8468E+01  0.9925E+01  0.1161E+02  0.1338E+02  0.1520E+02  0.1709E+02  0.1901E+02  0.2093E+02  0.2288E+02  0.2485E+02  0.2683E+02  0.2882E+02  0.3081E+02  0.3281E+02  0.3482E+02  0.3682E+02  0.3883E+02  0.4084E+02  0.4285E+02  0.4486E+02  0.4687E+02  0.4887E+02  0.5035E+02  0.5123E+02
     22.8997       10.0000  0.6369E+01  0.7216E+01  0.8468E+01  0.9925E+01  0.1161E+02  0.1338E+02  0.1520E+02  0.1709E+02  0.1901E+02  0.2093E+02  0.2288E+02  0.2485E+02  0.2683E+02  0.2882E+02  0.3081E+02  0.3281E+02  0.3482E+02  0.3682E+02  0.3883E+02  0.4084E+02  0.4285E+02  0.4486E+02  0.4687E+02  0.4887E+02  0.5035E+02  0.5123E+02
     23.0352       20.0000  0.6369E+01  0.7216E+01  0.8468E+01  0.9925E+01  0.1161E+02  0.1338E+02  0.1520E+02  0.1709E+02  0.1901E+02  0.2093E+02  0.2288E+02  0.2485E+02  0.2683E+02  0.2882E+02  0.3081E+02  0.3281E+02  0.3482E+02  0.3682E+02  0.3883E+02  0.4084E+02  0.4285E+02  0.4486E+02  0.4687E+02  0.4887E+02  0.5035E+02  0.5123E+02
     23.1707       30.0000  0.6369E+01  0.7216E+01  0.8469E+01  0.9925E+01  0.1161E+02  0.1338E+02  0.1520E+02  0.1709E+02  0.1901E+02  0.2093E+02  0.2288E+02  0.2485E+02  0.2683E+02  0.2882E+02  0.3081E+02  0.3281E+02  0.3482E+02  0.3682E+02  0.3883E+02  0.4084E+02  0.4285E+02  0.4486E+02  0.4687E+02  0.4887E+02  0.5035E+02  0.5123E+02
     23.3062       40.0000  0.6369E+01  0.7216E+01  0.8469E+01  0.9925E+01  0.1161E+02  0.1338E+02  0.1520E+02  0.1709E+02  0.1901E+02  0.2093E+02  0.2288E+02  0.2485E+02  0.2683E+02  0.2882E+02  0.3081E+02  0.3281E+02  0.3482E+02  0.3682E+02  0.3883E+02  0.4084E+02  0.4285E+02  0.4486E+02  0.4687E+02  0.4887E+02  0.5035E+02  0.5123E+02
     23.4417       50.0000  0.6369E+01  0.7216E+01  0.8469E+01  0.9925E+01  0.1161E+02  0.1338E+02  0.1520E+02  0.1709E+02  0.1901E+02  0.2093E+02  0.2288E+02  0.2485E+02  0.2683E+02  0.2882E+02  0.3081E+02  0.3281E+02  0.3482E+02  0.3682E+02  0.3883E+02  0.4084E+02  0.4285E+02  0.4486E+02  0.4687E+02  0.4887E+02  0.5035E+02  0.5123E+02
     23.5772       60.0000  0.6369E+01  0.7216E+01  0.8469E+01  0.9925E+01  0.1161E+02  0.1338E+02  0.1520E+02  0.1709E+02  0.1901E+02  0.2093E+02  0.2288E+02  0.2485E+02  0.2683E+02  0.2882E+02  0.3081E+02  0.3281E+02  0.3482E+02  0.3682E+02  0.3883E+02  0.4084E+02  0.4285E+02  0.4486E+02  0.4687E+02  0.4887E+02  0.5035E+02  0.5123E+02
     23.7127       70.0000  0.6369E+01  0.7216E+01  0.8469E+01  0.9925E+01  0.1161E+02  0.1338E+02  0.1520E+02  0.1709E+02  0.1901E+02  0.2093E+02  0.2288E+02  0.2485E+02  0.2683E+02  0.2882E+02  0.3081E+02  0.3281E+02  0.3482E+02  0.3682E+02  0.3883E+02  0.4084E+02  0.4285E+02  0.4486E+02  0.4687E+02  0.4887E+02  0.5035E+02  0.5123E+02
     23.8482       80.0000  0.6369E+01  0.7216E+01  0.8469E+01  0.9925E+01  0.1161E+02  0.1338E+02  0.1520E+02  0.1709E+02  0.1901E+02  0.2093E+02  0.2288E+02  0.2485E+02  0.2683E+02  0.2882E+02  0.3081E+02  0.3281E+02  0.3482E+02  0.3682E+02  0.3883E+02  0.4084E+02  0.4285E+02  0.4486E+02  0.4687E+02  0.4887E+02  0.5035E+02  0.5123E+02
     23.9837       90.0000  0.6369E+01  0.7216E+01  0.8469E+01  0.9925E+01  0.1161E+02  0.1338E+02  0.1520E+02  0.1709E+02  0.1901E+02  0.2093E+02  0.2288E+02  0.2485E+02  0.2683E+02  0.2882E+02  0.3081E+02  0.3281E+02  0.3482E+02  0.3682E+02  0.3883E+02  0.4084E+02  0.4285E+02  0.4486E+02  0.4687E+02  0.4887E+02  0.5035E+02  0.5123E+02
     24.1192      100.0000  0.6369E+01  0.7216E+01  0.8469E+01  0.9925E+01  0.1161E+02  0.1338E+02  0.1520E+02  0.1709E+02  0.1901E+02  0.2093E+02  0.2288E+02  0.2485E+02  0.2683E+02  0.2882E+02  0.3081E+02  0.3281E+02  0.3482E+02  0.3682E+02  0.3883E+02  0.4084E+02  0.4285E+02  0.4486E+02  0.4687E+02  0.4887E+02  0.5035E+02  0.5123E+02
     24.2547      110.0000  0.6369E+01  0.7216E+01  0.8469E+01  0.9925E+01  0.1161E+02  0.1338E+02  0.1520E+02  0.1709E+02  0.1901E+02  0.2093E+02  0.2288E+02  0.2485E+02  0.2683E+02  0.2882E+02  0.3081E+02  0.3281E+02  0.3482E+02  0.3682E+02  0.3883E+02  0.4084E+02  0.4285E+02  0.4486E+02  0.4687E+02  0.4887E+02  0.5035E+02  0.5123E+02
     24.3902      120.0000  0.6369E+01  0.7216E+01  0.8469E+01  0.9926E+01  0.1161E+02  0.1338E+02  0.1520E+02  0.1709E+02  0.1901E+02  0.2093E+02  0.2288E+02  0.2485E+02  0.2683E+02  0.2882E+02  0.3081E+02  0.3281E+02  0.3482E+02  0.3682E+02  0.3883E+02  0.4084E+02  0.4285E+02  0.4486E+02  0.4687E+02  0.4887E+02  0.5035E+02  0.5123E+02
     24.5257      130.0000  0.6369E+01  0.7216E+01  0.8469E+01  0.9926E+01  0.1161E+02  0.1338E+02  0.1520E+02  0.1709E+02  0.1901E+02  0.2093E+02  0.2288E+02  0.2485E+02  0.2683E+02  0.2882E+02  0.3081E+02  0.3281E+02  0.3482E+02  0.3682E+02  0.3883E+02  0.4084E+02  0.4285E+02  0.4486E+02  0.4687E+02  0.4887E+02  0.5035E+02  0.5123E+02
     24.6612      140.0000  0.6369E+01  0.7216E+01  0.8469E+01  0.9926E+01  0.1161E+02  0.1338E+02  0.1520E+02  0.1709E+02  0.1901E+02  0.2093E+02  0.2288E+02  0.2485E+02  0.2683E+02  0.2882E+02  0.3081E+02  0.3281E+02  0.3482E+02  0.3682E+02  0.3883E+02  0.4084E+02  0.4285E+02  0.4486E+02  0.4687E+02  0.4887E+02  0.5035E+02  0.5123E+02
     24.7967      150.0000  0.6369E+01  0.7216E+01  0.8469E+01  0.9926E+01  0.1161E+02  0.1338E+02  0.1520E+02  0.1709E+02  0.1901E+02  0.2093E+02  0.2288E+02  0.2485E+02  0.2683E+02  0.2882E+02  0.3081E+02  0.3281E+02  0.3482E+02  0.3682E+02  0.3883E+02  0.4084E+02  0.4285E+02  0.4486E+02  0.4687E+02  0.4887E+02  0.5035E+02  0.5123E+02
     24.9322      160.0000  0.6369E+01  0.7216E+01  0.8469E+01  0.9926E+01  0.1161E+02  0.1338E+02  0.1520E+02  0.1709E+02  0.1901E+02  0.2093E+02  0.2288E+02  0.2485E+02  0.2683E+02  0.2882E+02  0.3081E+02  0.3281E+02  0.3482E+02  0.3682E+02  0.3883E+02  0.4084E+02  0.4285E+02  0.4486E+02  0.4687E+02  0.4887E+02  0.5035E+02  0.5123E+02
     25.0678      170.0000  0.6369E+01  0.7216E+01  0.8469E+01  0.9926E+01  0.1161E+02  0.1338E+02  0.1520E+02  0.1709E+02  0.1901E+02  0.2093E+02  0.2288E+02  0.2485E+02  0.2683E+02  0.2882E+02  0.3081E+02  0.3281E+02  0.3482E+02  0.3682E+02  0.3883E+02  0.4084E+02  0.4285E+02  0.4486E+02  0.4687E+02  0.4887E+02  0.5035E+02  0.5123E+02
     25.2033      180.0000  0.6369E+01  0.7216E+01  0.8469E+01  0.9926E+01  0.1161E+02  0.1338E+02  0.1520E+02  0.1709E+02  0.1901E+02  0.2093E+02  0.2288E+02  0.2485E+02  0.2683E+02  0.2882E+02  0.3081E+02  0.3281E+02  0.3482E+02  0.3682E+02  0.3883E+02  0.4084E+02  0.4285E+02  0.4486E+02  0.4687E+02  0.4887E+02  0.5035E+02  0.5123E+02
     25.3388      190.0000  0.6369E+01  0.7216E+01  0.8469E+01  0.9926E+01  0.1161E+02  0.1338E+02  0.1520E+02  0.1709E+02  0.1901E+02  0.2093E+02  0.2288E+02  0.2485E+02  0.2683E+02  0.2882E+02  0.3081E+02  0.3281E+02  0.3482E+02  0.3682E+02  0.3883E+02  0.4084E+02  0.4285E+02  0.4486E+02  0.4687E+02  0.4887E+02  0.5035E+02  0.5123E+02
     25.4743      200.0000  0.6369E+01  0.7216E+01  0.8469E+01  0.9926E+01  0.1161E+02  0.1338E+02  0.1520E+02  0.1709E+02  0.1901E+02  0.2093E+02  0.2288E+02  0.2485E+02  0.2683E+02  0.2882E+02  0.3081E+02  0.3281E+02  0.3482E+02  0.3682E+02  0.3883E+02  0.4084E+02  0.4285E+02  0.4486E+02  0.4687E+02  0.4887E+02  0.5035E+02  0.5123E+02
     25.6098      210.0000  0.6369E+01  0.7216E+01  0.8469E+01  0.9926E+01  0.1161E+02  0.1338E+02  0.1520E+02  0.1709E+02  0.1901E+02  0.2093E+02  0.2288E+02  0.2485E+02  0.2683E+02  0.2882E+02  0.3081E+02  0.3281E+02  0.3482E+02  0.3682E+02  0.3883E+02  0.4084E+02  0.4285E+02  0.4486E+02  0.4687E+02  0.4887E+02  0.5035E+02  0.5123E+02
     25.7453      220.0000  0.6369E+01  0.7216E+01  0.8469E+01  0.9926E+01  0.1161E+02  0.1338E+02  0.1520E+02  0.1709E+02  0.1901E+02  0.2093E+02  0.2288E+02  0.2485E+02  0.2683E+02  0.2882E+02  0.3081E+02  0.3281E+02  0.3482E+02  0.3682E+02  0.3883E+02  0.4084E+02  0.4285E+02  0.4486E+02  0.4687E+02  0.4887E+02  0.5035E+02  0.5123E+02
     25.8808      230.0000  0.6369E+01  0.7216E+01  0.8469E+01  0.9926E+01  0.1161E+02  0.1338E+02  0.1520E+02  0.1709E+02  0.1901E+02  0.2093E+02  0.2288E+02  0.2485E+02  0.2683E+02  0.2882E+02  0.3081E+02  0.3281E+02  0.3482E+02  0.3682E+02  0.3883E+02  0.4084E+02  0.4285E+02  0.4486E+02  0.4687E+02  0.4887E+02  0.5035E+02  0.5123E+02
     26.0163      240.0000  0.6369E+01  0.7216E+01  0.8469E+01  0.9926E+01  0.1161E+02  0.1338E+02  0.1520E+02  0.1709E+02  0.1901E+02  0.2093E+02  0.2288E+02  0.2485E+02  0.2683E+02  0.2882E+02  0.3081E+02  0.3281E+02  0.3482E+02  0.3682E+02  0.3883E+02  0.4084E+02  0.4285E+02  0.4486E+02  0.4687E+02  0.4887E+02  0.5035E+02  0.5123E+02
     26.1518      250.0000  0.6369E+01  0.7216E+01  0.8469E+01  0.9926E+01  0.1161E+02  0.1338E+02  0.1520E+02  0.1709E+02  0.1901E+02  0.2093E+02  0.2288E+02  0.2485E+02  0.2683E+02  0.2882E+02  0.3081E+02  0.3281E+02  0.3482E+02  0.3682E+02  0.3883E+02  0.4084E+02  0.4285E+02  0.4486E+02  0.4687E+02  0.4887E+02  0.5035E+02  0.5123E+02
     26.2873      260.0000  0.6369E+01  0.7216E+01  0.8469E+01  0.9926E+01  0.1161E+02  0.1338E+02  0.1520E+02  0.1709E+02  0.1901E+02  0.2093E+02  0.2288E+02  0.2485E+02  0.2683E+02  0.2882E+02  0.3081E+02  0.3281E+02  0.3482E+02  0.3682E+02  0.3883E+02  0.4084E+02  0.4285E+02  0.4486E+02  0.4687E+02  0.4887E+02  0.5035E+02  0.5123E+02
     26.4228      270.0000  0.6369E+01  0.7216E+01  0.8469E+01  0.9926E+01  0.1161E+02  0.1338E+02  0.1520E+02  0.1709E+02  0.1901E+02  0.2093E+02  0.2288E+02  0.2485E+02  0.2683E+02  0.2882E+02  0.3081E+02  0.3281E+02  0.3482E+02  0.3682E+02  0.3883E+02  0.4084E+02  0.4285E+02  0.4486E+02  0.4687E+02  0.4887E+02  0.5035E+02  0.5123E+02
     26.5583      280.0000  0.6369E+01  0.7216E+01  0.8469E+01  0.9926E+01  0.1161E+02  0.1338E+02  0.1520E+02  0.1709E+02  0.1901E+02  0.2093E+02  0.2288E+02  0.2485E+02  0.2683E+02  0.2882E+02  0.3081E+02  0.3281E+02  0.3482E+02  0.3682E+02  0.3883E+02  0.4084E+02  0.4285E+02  0.4486E+02  0.4687E+02  0.4887E+02  0.5035E+02  0.5123E+02
     26.6938      290.0000  0.6369E+01  0.7216E+01  0.8470E+01  0.9926E+01  0.1161E+02  0.1338E+02  0.1520E+02  0.1709E+02  0.1901E+02  0.2093E+02  0.2288E+02  0.2485E+02  0.2683E+02  0.2882E+02  0.3081E+02  0.3281E+02  0.3482E+02  0.3682E+02  0.3883E+02  0.4084E+02  0.4285E+02  0.4486E+02  0.4687E+02  0.4887E+02  0.5035E+02  0.5123E+02
     26.8293      300.0000  0.6369E+01  0.7216E+01  0.8470E+01  0.9926E+01  0.1161E+02  0.1338E+02  0.1520E+02  0.1709E+02  0.1901E+02  0.2093E+02  0.2288E+02  0.2485E+02  0.2683E+02  0.2882E+02  0.3081E+02  0.3281E+02  0.3482E+02  0.3682E+02  0.3883E+02  0.4084E+02  0.4285E+02  0.4486E+02  0.4687E+02  0.4887E+02  0.5035E+02  0.5123E+02
     26.9648      310.0000  0.6369E+01  0.7216E+01  0.8470E+01  0.9927E+01  0.1161E+02  0.1338E+02  0.1520E+02  0.1709E+02  0.1901E+02  0.2093E+02  0.2288E+02  0.2485E+02  0.2683E+02  0.2882E+02  0.3081E+02  0.3281E+02  0.3482E+02  0.3682E+02  0.3883E+02  0.4084E+02  0.4285E+02  0.4486E+02  0.4687E+02  0.4887E+02  0.5035E+02  0.5123E+02
     27.1003      320.0000  0.6369E+01  0.7216E+01  0.8470E+01  0.9927E+01  0.1161E+02  0.1338E+02  0.1520E+02  0.1709E+02  0.1901E+02  0.2093E+02  0.2288E+02  0.2485E+02  0.2683E+02  0.2882E+02  0.3081E+02  0.3281E+02  0.3482E+02  0.3682E+02  0.3883E+02  0.4084E+02  0.4285E+02  0.4486E+02  0.4687E+02  0.4887E+02  0.5035E+02  0.5123E+02
     27.2358      330.0000  0.6369E+01  0.7216E+01  0.8470E+01  0.9927E+01  0.1161E+02  0.1338E+02  0.1520E+02  0.1709E+02  0.1901E+02  0.2093E+02  0.2288E+02  0.2485E+02  0.2683E+02  0.2882E+02  0.3081E+02  0.3281E+02  0.3482E+02  0.3682E+02  0.3883E+02  0.4084E+02  0.4285E+02  0.4486E+02  0.4687E+02  0.4887E+02  0.5035E+02  0.5123E+02
     27.3713      340.0000  0.6369E+01  0.7216E+01  0.8470E+01  0.9927E+01  0.1161E+02  0.1338E+02  0.1520E+02  0.1709E+02  0.1901E+02  0.2093E+02  0.2288E+02  0.2485E+02  0.2683E+02  0.2882E+02  0.3081E+02  0.3281E+02  0.3482E+02  0.3682E+02  0.3883E+02  0.4084E+02  0.4285E+02  0.4486E+02  0.4687E+02  0.4887E+02  0.5035E+02  0.5123E+02
     27.5068      350.0000  0.6369E+01  0.7216E+01  0.8470E+01  0.9927E+01  0.1161E+02  0.1338E+02  0.1520E+02  0.1709E+02  0.1901E+02  0.2093E+02  0.2288E+02  0.2485E+02  0.2683E+02  0.2882E+02  0.3081E+02  0.3281E+02  0.3482E+02  0.3682E+02  0.3883E+02  0.4084E+02  0.4285E+02  0.4486E+02  0.4687E+02  0.4887E+02  0.5035E+02  0.5123E+02
     27.6423      360.0000  0.6369E+01  0.7216E+01  0.8470E+01  0.9927E+01  0.1161E+02  0.1338E+02  0.1520E+02  0.1709E+02  0.1901E+02  0.2093E+02  0.2288E+02  0.2485E+02  0.2683E+02  0.2882E+02  0.3081E+02  0.3281E+02  0.3482E+02  0.3682E+02  0.3883E+02  0.4084E+02  0.4285E+02  0.4486E+02  0.4687E+02  0.4887E+02  0.5035E+02  0.5123E+02
     27.7778       10.0000  0.6369E+01  0.7216E+01  0.8470E+01  0.9927E+01  0.1161E+02  0.1338E+02  0.1520E+02  0.1709E+02  0.1901E+02  0.2093E+02  0.2288E+02  0.2485E+02  0.2683E+02  0.2882E+02  0.3081E+02  0.3281E+02  0.3482E+02  0.3682E+02  0.3883E+02  0.4084E+02  0.4285E+02  0.4486E+02  0.4687E+02  0.4887E+02  0.5035E+02  0.5123E+02
     27.9133       20.0000  0.6369E+01  0.7216E+01  0.8470E+01  0.9927E+01  0.1161E+02  0.1338E+02  0.1520E+02  0.1709E+02  0.1901E+02  0.2093E+02  0.2288E+02  0.2485E+02  0.2683E+02  0.2882E+02  0.3081E+02  0.3281E+02  0.3482E+02  0.3682E+02  0.3883E+02  0.4084E+02  0.4285E+02  0.4486E+02  0.4687E+02  0.4887E+02  0.5035E+02  0.5123E+02
     28.0488       30.0000  0.6369E+01  0.7216E+01  0.8470E+01  0.9927E+01  0.1161E+02  0.1338E+02  0.1520E+02  0.1709E+02  0.1901E+02  0.2093E+02  0.2288E+02  0.2485E+02  0.2683E+02  0.2882E+02  0.3081E+02  0.3281E+02  0.3482E+02  0.3682E+02  0.3883E+02  0.4084E+02  0.4285E+02  0.4486E+02  0.4687E+02  0.4887E+02  0.5035E+02  0.5123E+02
     28.1843       40.0000  0.6369E+01  0.7216E+01  0.8470E+01  0.9927E+01  0.1161E+02  0.1338E+02  0.1520E+02  0.1709E+02  0.1901E+02  0.2093E+02  0.2288E+02  0.2485E+02  0.2683E+02  0.2882E+02  0.3081E+02  0.3281E+02  0.3482E+02  0.3682E+02  0.3883E+02  0.4084E+02  0.4285E+02  0.4486E+02  0.4687E+02  0.4887E+02  0.5035E+02  0.5123E+02
     28.3198       50.0000  0.6369E+01  0.7216E+01  0.8470E+01  0.9927E+01  0.1161E+02  0.1338E+02  0.1520E+02  0.1709E+02  0.1901E+02  0.2093E+02  0.2288E+02  0.2485E+02  0.2683E+02  0.2882E+02  0.3081E+02  0.3281E+02  0.3482E+02  0.3682E+02  0.3883E+02  0.4084E+02  0.4285E+02  0.4486E+02  0.4687E+02  0.4887E+02  0.5035E+02  0.5123E+02
     28.4553       60.0000  0.6369E+01  0.7216E+01  0.8470E+01  0.9927E+01  0.1161E+02  0.1338E+02  0.1520E+02  0.1709E+02  0.1901E+02  0.2093E+02  0.2288E+02  0.2485E+02  0.2683E+02  0.2882E+02  0.3081E+02  0.3281E+02  0.3482E+02  0.3682E+02  0.3883E+02  0.4084E+02  0.4285E+02  0.4486E+02  0.4687E+02  0.4887E+02  0.5035E+02  0.5123E+02
     28.5908       70.0000  0.6369E+01  0.7216E+01  0.8470E+01  0.9927E+01  0.1161E+02  0.1338E+02  0.1520E+02  0.1709E+02  0.1901E+02  0.2093E+02  0.2288E+02  0.2485E+02  0.2683E+02  0.2882E+02  0.3081E+02  0.3281E+02  0.3482E+02  0.3682E+02  0.3883E+02  0.4084E+02  0.4285E+02  0.4486E+02  0.4687E+02  0.4887E+02  0.5035E+02  0.5123E+02
     28.7263       80.0000  0.6369E+01  0.7216E+01  0.8470E+01  0.9927E+01  0.1161E+02  0.1338E+02  0.1520E+02  0.1709E+02  0.1901E+02  0.2093E+02  0.2288E+02  0.2485E+02  0.2683E+02  0.2882E+02  0.3081E+02  0.3281E+02  0.3482E+02  0.3682E+02  0.3883E+02  0.4084E+02  0.4285E+02  0.4486E+02  0.4687E+02  0.4887E+02  0.5035E+02  0.5123E+02
     28.8618       90.0000  0.6369E+01  0.7216E+01  0.8470E+01  0.9927E+01  0.1161E+02  0.1338E+02  0.1520E+02  0.1709E+02  0.1901E+02  0.2093E+02  0.2288E+02  0.2485E+02  0.2683E+02  0.2882E+02  0.3081E+02  0.3281E+02  0.3482E+02  0.3682E+02  0.3883E+02  0.4084E+02  0.4285E+02  0.4486E+02  0.4687E+02  0.4887E+02  0.5035E+02  0.5123E+02
     28.9973      100.0000  0.6369E+01  0.7216E+01  0.8470E+01  0.9927E+01  0.1161E+02  0.1338E+02  0.1520E+02  0.1709E+02  0.1901E+02  0.2093E+02  0.2288E+02  0.2485E+02  0.2683E+02  0.2882E+02  0.3081E+02  0.3281E+02  0.3482E+02  0.3682E+02  0.3883E+02  0.4084E+02  0.4285E+02  0.4486E+02  0.4687E+02  0.4887E+02  0.5035E+02  0.5123E+02
     29.1328      110.0000  0.6369E+01  0.7216E+01  0.8470E+01  0.9927E+01  0.1161E+02  0.1338E+02  0.1520E+02  0.1709E+02  0.1901E+02  0.2093E+02  0.2288E+02  0.2485E+02  0.2683E+02  0.2882E+02  0.3081E+02  0.3281E+02  0.3482E+02  0.3682E+02  0.3883E+02  0.4084E+02  0.4285E+02  0.4486E+02  0.4687E+02  0.4887E+02  0.5035E+02  0.5123E+02
     29.2683      120.0000  0.6369E+01  0.7216E+01  0.8470E+01  0.9927E+01  0.1161E+02  0.1338E+02  0.1520E+02  0.1709E+02  0.1901E+02  0.2093E+02  0.2288E+02  0.2485E+02  0.2683E+02  0.2882E+02  0.3081E+02  0.3281E+02  0.3482E+02  0.3682E+02  0.3883E+02  0.4084E+02  0.4285E+02  0.4486E+02  0.4687E+02  0.4887E+02  0.5035E+02  0.5123E+02
     29.4038      130.0000  0.6369E+01  0.7216E+01  0.8470E+01  0.9927E+01  0.1161E+02  0.1338E+02  0.1520E+02  0.1709E+02  0.1901E+02  0.2093E+02  0.2288E+02  0.2485E+02  0.2683E+02  0.2882E+02  0.3081E+02  0.3281E+02  0.3482E+02  0.3682E+02  0.3883E+02  0.4084E+02  0.4285E+02  0.4486E+02  0.4687E+02  0.4887E+02  0.5035E+02  0.5123E+02
     29.5393      140.0000  0.6369E+01  0.7216E+01  0.8470E+01  0.9927E+01  0.1161E+02  0.1338E+02  0.1520E+02  0.1709E+02  0.1901E+02  0.2093E+02  0.2288E+02  0.2485E+02  0.2683E+02  0.2882E+02  0.3081E+02  0.3281E+02  0.3482E+02  0.3682E+02  0.3883E+02  0.4084E+02  0.4285E+02  0.4486E+02  0.4687E+02  0.4887E+02  0.5035E+02  0.5123E+02
     29.6748      150.0000  0.6369E+01  0.7216E+01  0.8470E+01  0.9927E+01  0.1161E+02  0.1338E+02  0.1520E+02  0.1709E+02  0.1901E+02  0.2093E+02  0.2288E+02  0.2485E+02  0.2683E+02  0.2882E+02  0.3081E+02  0.3281E+02  0.3482E+02  0.3682E+02  0.3883E+02  0.4084E+02  0.4285E+02  0.4486E+02  0.4687E+02  0.4887E+02  0.5035E+02  0.5123E+02
     29.8103      160.0000  0.6369E+01  0.7216E+01  0.8470E+01  0.9927E+01  0.1161E+02  0.1338E+02  0.1520E+02  0.1709E+02  0.1901E+02  0.2093E+02  0.2288E+02  0.2485E+02  0.2683E+02  0.2882E+02  0.3081E+02  0.3281E+02  0.3482E+02  0.3682E+02  0.3883E+02  0.4084E+02  0.4285E+02  0.4486E+02  0.4687E+02  0.4887E+02  0.5035E+02  0.5123E+02
     29.9458      170.0000  0.6369E+01  0.7216E+01  0.8470E+01  0.9927E+01  0.1161E+02  0.1338E+02  0.1520E+02  0.1709E+02  0.1901E+02  0.2093E+02  0.2288E+02  0.2485E+02  0.2683E+02  0.2882E+02  0.3081E+02  0.3281E+02  0.3482E+02  0.3682E+02  0.3883E+02  0.4084E+02  0.4285E+02  0.4486E+02  0.4687E+02  0.4887E+02  0.5035E+02  0.5123E+02
