Time history of radial distribution for BEM variable: uInd[m/s] for blade 3
                          rCurvi[m] (curvilinear radial distance)
                                0.7893      2.3680      3.9467      5.5254      7.1040      8.6827     10.2614     11.8401     13.4188     14.9974     16.5761     18.1548     19.7335     21.3121     22.8908     24.4695     26.0482     27.6268     29.2055     30.7842     32.3629     33.9416     35.5202     37.0989     38.2829     39.0723
                          zB[m] (radial coordinate along blade axis)
     time[s]  azimuth[deg]      0.1833      1.7549      3.3294      4.9066      6.4848      8.0632      9.6423     11.2252     12.8089     14.3906     15.9682     17.5466     19.1253     20.7040     22.2825     23.8605     25.4378     27.0144     28.5901     30.1649     31.7388     33.3118     34.8842     36.4562     37.6335     38.4193
      0.0000      120.0000  0.0000E+00 -0.1957E-01 -0.2044E+00 -0.1054E+01 -0.1117E+01 -0.1368E+01 -0.1663E+01 -0.1799E+01 -0.1878E+01 -0.2008E+01 -0.2100E+01 -0.2142E+01 -0.2240E+01 -0.2320E+01 -0.2388E+01 -0.2450E+01 -0.2442E+01 -0.2329E+01 -0.2244E+01 -0.2165E+01 -0.2127E+01 -0.2127E+01 -0.2097E+01 -0.2009E+01 -0.1642E+01 -0.1217E+01
      0.1355      130.0000 -0.4847E-08 -0.2066E-01 -0.2087E+00 -0.1055E+01 -0.1111E+01 -0.1362E+01 -0.1656E+01 -0.1794E+01 -0.1874E+01 -0.2006E+01 -0.2098E+01 -0.2141E+01 -0.2240E+01 -0.2319E+01 -0.2387E+01 -0.2450E+01 -0.2442E+01 -0.2329E+01 -0.2244E+01 -0.2166E+01 -0.2128E+01 -0.2127E+01 -0.2098E+01 -0.2010E+01 -0.1642E+01 -0.1210E+01
      0.2710      140.0000 -0.1074E-07 -0.2199E-01 -0.2148E+00 -0.1065E+01 -0.1116E+01 -0.1364E+01 -0.1654E+01 -0.1792E+01 -0.1873E+01 -0.2005E+01 -0.2098E+01 -0.2141E+01 -0.2240E+01 -0.2319E+01 -0.2387E+01 -0.2449E+01 -0.2442E+01 -0.2329E+01 -0.2244E+01 -0.2166E+01 -0.2128E+01 -0.2128E+01 -0.2099E+01 -0.2011E+01 -0.1643E+01 -0.1204E+01
      0.4065      150.0000 -0.1670E-07 -0.2334E-01 -0.2211E+00 -0.1076E+01 -0.1124E+01 -0.1369E+01 -0.1655E+01 -0.1792E+01 -0.1873E+01 -0.2005E+01 -0.2098E+01 -0.2141E+01 -0.2240E+01 -0.2319E+01 -0.2387E+01 -0.2449E+01 -0.2442E+01 -0.2329E+01 -0.2244E+01 -0.2166E+01 -0.2128E+01 -0.2128E+01 -0.2099E+01 -0.2011E+01 -0.1643E+01 -0.1200E+01
      0.5420      160.0000 -0.2229E-07 -0.2463E-01 -0.2269E+00 -0.1087E+01 -0.1132E+01 -0.1375E+01 -0.1656E+01 -0.1792E+01 -0.1873E+01 -0.2005E+01 -0.2098E+01 -0.2141E+01 -0.2240E+01 -0.2319E+01 -0.2387E+01 -0.2449E+01 -0.2442E+01 -0.2329E+01 -0.2244E+01 -0.2166E+01 -0.2128E+01 -0.2128E+01 -0.2099E+01 -0.2011E+01 -0.1643E+01 -0.1198E+01
      0.6775      170.0000 -0.2744E-07 -0.2583E-01 -0.2324E+00 -0.1098E+01 -0.1140E+01 -0.1381E+01 -0.1658E+01 -0.1792E+01 -0.1873E+01 -0.2005E+01 -0.2098E+01 -0.2141E+01 -0.2239E+01 -0.2319E+01 -0.2387E+01 -0.2449E+01 -0.2442E+01 -0.2329E+01 -0.2244E+01 -0.2166E+01 -0.2128E+01 -0.2128E+01 -0.2099E+01 -0.2011E+01 -0.1643E+01 -0.1197E+01
      0.8130      180.0000 -0.3213E-07 -0.2694E-01 -0.2375E+00 -0.1107E+01 -0.1148E+01 -0.1386E+01 -0.1659E+01 -0.1792E+01 -0.1873E+01 -0.2005E+01 -0.2098E+01 -0.2141E+01 -0.2239E+01 -0.2319E+01 -0.2386E+01 -0.2448E+01 -0.2442E+01 -0.2329E+01 -0.2244E+01 -0.2166E+01 -0.2128E+01 -0.2128E+01 -0.2099E+01 -0.2011E+01 -0.1642E+01 -0.1196E+01
      0.9485      190.0000 -0.3639E-07 -0.2796E-01 -0.2422E+00 -0.1115E+01 -0.1155E+01 -0.1391E+01 -0.1660E+01 -0.1792E+01 -0.1873E+01 -0.2006E+01 -0.2098E+01 -0.2141E+01 -0.2239E+01 -0.2319E+01 -0.2386E+01 -0.2448E+01 -0.2442E+01 -0.2329E+01 -0.2244E+01 -0.2166E+01 -0.2128E+01 -0.2128E+01 -0.2099E+01 -0.2011E+01 -0.1642E+01 -0.1196E+01
      1.0840      200.0000 -0.4023E-07 -0.2889E-01 -0.2464E+00 -0.1122E+01 -0.1160E+01 -0.1395E+01 -0.1661E+01 -0.1792E+01 -0.1873E+01 -0.2006E+01 -0.2098E+01 -0.2141E+01 -0.2239E+01 -0.2319E+01 -0.2386E+01 -0.2448E+01 -0.2441E+01 -0.2329E+01 -0.2244E+01 -0.2166E+01 -0.2128E+01 -0.2128E+01 -0.2099E+01 -0.2011E+01 -0.1642E+01 -0.1196E+01
      1.2195      210.0000 -0.4369E-07 -0.2973E-01 -0.2502E+00 -0.1128E+01 -0.1165E+01 -0.1399E+01 -0.1662E+01 -0.1793E+01 -0.1873E+01 -0.2006E+01 -0.2098E+01 -0.2141E+01 -0.2239E+01 -0.2318E+01 -0.2386E+01 -0.2448E+01 -0.2441E+01 -0.2329E+01 -0.2244E+01 -0.2166E+01 -0.2128E+01 -0.2128E+01 -0.2099E+01 -0.2010E+01 -0.1642E+01 -0.1196E+01
      1.3550      220.0000 -0.4679E-07 -0.3049E-01 -0.2536E+00 -0.1134E+01 -0.1169E+01 -0.1402E+01 -0.1663E+01 -0.1793E+01 -0.1873E+01 -0.2006E+01 -0.2098E+01 -0.2141E+01 -0.2239E+01 -0.2318E+01 -0.2386E+01 -0.2447E+01 -0.2441E+01 -0.2329E+01 -0.2244E+01 -0.2166E+01 -0.2128E+01 -0.2128E+01 -0.2099E+01 -0.2010E+01 -0.1642E+01 -0.1196E+01
      1.4905      230.0000 -0.4956E-07 -0.3118E-01 -0.2566E+00 -0.1139E+01 -0.1173E+01 -0.1405E+01 -0.1664E+01 -0.1793E+01 -0.1873E+01 -0.2006E+01 -0.2098E+01 -0.2141E+01 -0.2239E+01 -0.2318E+01 -0.2386E+01 -0.2447E+01 -0.2441E+01 -0.2329E+01 -0.2244E+01 -0.2166E+01 -0.2128E+01 -0.2128E+01 -0.2099E+01 -0.2010E+01 -0.1642E+01 -0.1196E+01
      1.6260      240.0000 -0.5202E-07 -0.3179E-01 -0.2593E+00 -0.1143E+01 -0.1176E+01 -0.1407E+01 -0.1664E+01 -0.1793E+01 -0.1873E+01 -0.2006E+01 -0.2098E+01 -0.2141E+01 -0.2239E+01 -0.2318E+01 -0.2385E+01 -0.2447E+01 -0.2441E+01 -0.2329E+01 -0.2244E+01 -0.2166E+01 -0.2128E+01 -0.2128E+01 -0.2098E+01 -0.2010E+01 -0.1642E+01 -0.1196E+01
      1.7615      250.0000 -0.5419E-07 -0.3233E-01 -0.2615E+00 -0.1147E+01 -0.1178E+01 -0.1409E+01 -0.1665E+01 -0.1793E+01 -0.1873E+01 -0.2006E+01 -0.2098E+01 -0.2141E+01 -0.2239E+01 -0.2318E+01 -0.2385E+01 -0.2447E+01 -0.2441E+01 -0.2329E+01 -0.2244E+01 -0.2166E+01 -0.2128E+01 -0.2128E+01 -0.2098E+01 -0.2010E+01 -0.1642E+01 -0.1196E+01
      1.8970      260.0000 -0.5610E-07 -0.3280E-01 -0.2635E+00 -0.1150E+01 -0.1180E+01 -0.1410E+01 -0.1665E+01 -0.1793E+01 -0.1873E+01 -0.2006E+01 -0.2098E+01 -0.2141E+01 -0.2239E+01 -0.2318E+01 -0.2385E+01 -0.2447E+01 -0.2441E+01 -0.2329E+01 -0.2244E+01 -0.2166E+01 -0.2128E+01 -0.2128E+01 -0.2098E+01 -0.2010E+01 -0.1642E+01 -0.1196E+01
      2.0325      270.0000 -0.5776E-07 -0.3322E-01 -0.2651E+00 -0.1152E+01 -0.1182E+01 -0.1411E+01 -0.1666E+01 -0.1793E+01 -0.1873E+01 -0.2006E+01 -0.2098E+01 -0.2141E+01 -0.2239E+01 -0.2318E+01 -0.2385E+01 -0.2446E+01 -0.2441E+01 -0.2329E+01 -0.2244E+01 -0.2166E+01 -0.2128E+01 -0.2128E+01 -0.2098E+01 -0.2010E+01 -0.1642E+01 -0.1196E+01
      2.1680      280.0000 -0.5920E-07 -0.3356E-01 -0.2664E+00 -0.1154E+01 -0.1183E+01 -0.1412E+01 -0.1666E+01 -0.1793E+01 -0.1873E+01 -0.2006E+01 -0.2098E+01 -0.2141E+01 -0.2239E+01 -0.2318E+01 -0.2385E+01 -0.2446E+01 -0.2440E+01 -0.2329E+01 -0.2244E+01 -0.2166E+01 -0.2128E+01 -0.2128E+01 -0.2098E+01 -0.2010E+01 -0.1642E+01 -0.1196E+01
      2.3035      290.0000 -0.6042E-07 -0.3384E-01 -0.2673E+00 -0.1155E+01 -0.1184E+01 -0.1413E+01 -0.1666E+01 -0.1793E+01 -0.1873E+01 -0.2006E+01 -0.2098E+01 -0.2141E+01 -0.2239E+01 -0.2318E+01 -0.2385E+01 -0.2446E+01 -0.2440E+01 -0.2329E+01 -0.2244E+01 -0.2166E+01 -0.2128E+01 -0.2128E+01 -0.2098E+01 -0.2010E+01 -0.1642E+01 -0.1196E+01
      2.4390      300.0000 -0.6143E-07 -0.3405E-01 -0.2679E+00 -0.1156E+01 -0.1184E+01 -0.1414E+01 -0.1666E+01 -0.1794E+01 -0.1873E+01 -0.2006E+01 -0.2098E+01 -0.2141E+01 -0.2239E+01 -0.2318E+01 -0.2385E+01 -0.2446E+01 -0.2440E+01 -0.2329E+01 -0.2244E+01 -0.2166E+01 -0.2128E+01 -0.2128E+01 -0.2098E+01 -0.2010E+01 -0.1642E+01 -0.1196E+01
      2.5745      310.0000 -0.6223E-07 -0.3421E-01 -0.2683E+00 -0.1157E+01 -0.1185E+01 -0.1414E+01 -0.1666E+01 -0.1794E+01 -0.1873E+01 -0.2006E+01 -0.2098E+01 -0.2141E+01 -0.2239E+01 -0.2318E+01 -0.2385E+01 -0.2446E+01 -0.2440E+01 -0.2329E+01 -0.2244E+01 -0.2166E+01 -0.2128E+01 -0.2128E+01 -0.2098E+01 -0.2010E+01 -0.1642E+01 -0.1196E+01
      2.7100      320.0000 -0.6285E-07 -0.3433E-01 -0.2684E+00 -0.1157E+01 -0.1184E+01 -0.1414E+01 -0.1666E+01 -0.1794E+01 -0.1873E+01 -0.2006E+01 -0.2098E+01 -0.2140E+01 -0.2239E+01 -0.2317E+01 -0.2384E+01 -0.2446E+01 -0.2440E+01 -0.2329E+01 -0.2244E+01 -0.2166E+01 -0.2128E+01 -0.2128E+01 -0.2098E+01 -0.2010E+01 -0.1642E+01 -0.1196E+01
      2.8455      330.0000 -0.6329E-07 -0.3440E-01 -0.2684E+00 -0.1156E+01 -0.1184E+01 -0.1414E+01 -0.1666E+01 -0.1794E+01 -0.1873E+01 -0.2006E+01 -0.2098E+01 -0.2140E+01 -0.2239E+01 -0.2317E+01 -0.2384E+01 -0.2445E+01 -0.2440E+01 -0.2329E+01 -0.2244E+01 -0.2166E+01 -0.2128E+01 -0.2128E+01 -0.2098E+01 -0.2010E+01 -0.1642E+01 -0.1196E+01
      2.9810      340.0000 -0.6358E-07 -0.3443E-01 -0.2682E+00 -0.1156E+01 -0.1184E+01 -0.1414E+01 -0.1667E+01 -0.1794E+01 -0.1873E+01 -0.2006E+01 -0.2098E+01 -0.2140E+01 -0.2239E+01 -0.2317E+01 -0.2384E+01 -0.2445E+01 -0.2440E+01 -0.2329E+01 -0.2244E+01 -0.2166E+01 -0.2128E+01 -0.2128E+01 -0.2098E+01 -0.2010E+01 -0.1642E+01 -0.1196E+01
      3.1165      350.0000 -0.6373E-07 -0.3443E-01 -0.2678E+00 -0.1155E+01 -0.1183E+01 -0.1414E+01 -0.1666E+01 -0.1794E+01 -0.1873E+01 -0.2006E+01 -0.2098E+01 -0.2140E+01 -0.2239E+01 -0.2317E+01 -0.2384E+01 -0.2445E+01 -0.2440E+01 -0.2329E+01 -0.2244E+01 -0.2166E+01 -0.2128E+01 -0.2128E+01 -0.2098E+01 -0.2010E+01 -0.1642E+01 -0.1196E+01
      3.2520      360.0000 -0.6376E-07 -0.3440E-01 -0.2674E+00 -0.1154E+01 -0.1182E+01 -0.1413E+01 -0.1666E+01 -0.1794E+01 -0.1873E+01 -0.2006E+01 -0.2098E+01 -0.2140E+01 -0.2239E+01 -0.2317E+01 -0.2384E+01 -0.2445E+01 -0.2440E+01 -0.2329E+01 -0.2244E+01 -0.2166E+01 -0.2128E+01 -0.2128E+01 -0.2098E+01 -0.2010E+01 -0.1642E+01 -0.1196E+01
      3.3875       10.0000 -0.6367E-07 -0.3435E-01 -0.2668E+00 -0.1153E+01 -0.1181E+01 -0.1413E+01 -0.1666E+01 -0.1794E+01 -0.1873E+01 -0.2006E+01 -0.2098E+01 -0.2140E+01 -0.2239E+01 -0.2317E+01 -0.2384E+01 -0.2445E+01 -0.2439E+01 -0.2329E+01 -0.2244E+01 -0.2166E+01 -0.2128E+01 -0.2127E+01 -0.2098E+01 -0.2010E+01 -0.1642E+01 -0.1196E+01
      3.5230       20.0000 -0.6350E-07 -0.3427E-01 -0.2662E+00 -0.1152E+01 -0.1180E+01 -0.1412E+01 -0.1666E+01 -0.1794E+01 -0.1873E+01 -0.2006E+01 -0.2098E+01 -0.2140E+01 -0.2239E+01 -0.2317E+01 -0.2384E+01 -0.2445E+01 -0.2439E+01 -0.2329E+01 -0.2244E+01 -0.2166E+01 -0.2128E+01 -0.2127E+01 -0.2098E+01 -0.2010E+01 -0.1642E+01 -0.1196E+01
      3.6585       30.0000 -0.6323E-07 -0.3417E-01 -0.2655E+00 -0.1151E+01 -0.1179E+01 -0.1412E+01 -0.1666E+01 -0.1794E+01 -0.1873E+01 -0.2006E+01 -0.2098E+01 -0.2140E+01 -0.2239E+01 -0.2317E+01 -0.2384E+01 -0.2444E+01 -0.2439E+01 -0.2329E+01 -0.2244E+01 -0.2166E+01 -0.2128E+01 -0.2127E+01 -0.2098E+01 -0.2010E+01 -0.1642E+01 -0.1196E+01
      3.7940       40.0000 -0.6289E-07 -0.3406E-01 -0.2647E+00 -0.1149E+01 -0.1178E+01 -0.1411E+01 -0.1666E+01 -0.1794E+01 -0.1873E+01 -0.2006E+01 -0.2098E+01 -0.2140E+01 -0.2239E+01 -0.2317E+01 -0.2383E+01 -0.2444E+01 -0.2439E+01 -0.2329E+01 -0.2244E+01 -0.2166E+01 -0.2128E+01 -0.2127E+01 -0.2098E+01 -0.2010E+01 -0.1642E+01 -0.1196E+01
      3.9295       50.0000 -0.6247E-07 -0.3393E-01 -0.2639E+00 -0.1148E+01 -0.1177E+01 -0.1411E+01 -0.1666E+01 -0.1794E+01 -0.1873E+01 -0.2006E+01 -0.2098E+01 -0.2140E+01 -0.2239E+01 -0.2317E+01 -0.2383E+01 -0.2444E+01 -0.2439E+01 -0.2329E+01 -0.2244E+01 -0.2166E+01 -0.2128E+01 -0.2127E+01 -0.2098E+01 -0.2010E+01 -0.1642E+01 -0.1196E+01
      4.0650       60.0000 -0.6200E-07 -0.3379E-01 -0.2631E+00 -0.1146E+01 -0.1176E+01 -0.1410E+01 -0.1666E+01 -0.1794E+01 -0.1873E+01 -0.2006E+01 -0.2098E+01 -0.2140E+01 -0.2239E+01 -0.2317E+01 -0.2383E+01 -0.2444E+01 -0.2439E+01 -0.2329E+01 -0.2244E+01 -0.2166E+01 -0.2128E+01 -0.2127E+01 -0.2098E+01 -0.2010E+01 -0.1642E+01 -0.1196E+01
      4.2005       70.0000 -0.6147E-07 -0.3364E-01 -0.2622E+00 -0.1145E+01 -0.1175E+01 -0.1410E+01 -0.1666E+01 -0.1794E+01 -0.1873E+01 -0.2006E+01 -0.2098E+01 -0.2140E+01 -0.2238E+01 -0.2317E+01 -0.2383E+01 -0.2444E+01 -0.2439E+01 -0.2329E+01 -0.2244E+01 -0.2166E+01 -0.2128E+01 -0.2127E+01 -0.2098E+01 -0.2010E+01 -0.1642E+01 -0.1196E+01
      4.3360       80.0000 -0.6090E-07 -0.3348E-01 -0.2614E+00 -0.1143E+01 -0.1173E+01 -0.1409E+01 -0.1666E+01 -0.1794E+01 -0.1873E+01 -0.2006E+01 -0.2098E+01 -0.2140E+01 -0.2238E+01 -0.2317E+01 -0.2383E+01 -0.2444E+01 -0.2439E+01 -0.2329E+01 -0.2244E+01 -0.2166E+01 -0.2128E+01 -0.2127E+01 -0.2098E+01 -0.2010E+01 -0.1642E+01 -0.1196E+01
      4.4715       90.0000 -0.6028E-07 -0.3331E-01 -0.2605E+00 -0.1142E+01 -0.1172E+01 -0.1409E+01 -0.1666E+01 -0.1794E+01 -0.1873E+01 -0.2006E+01 -0.2098E+01 -0.2140E+01 -0.2238E+01 -0.2317E+01 -0.2383E+01 -0.2444E+01 -0.2439E+01 -0.2329E+01 -0.2244E+01 -0.2166E+01 -0.2128E+01 -0.2127E+01 -0.2098E+01 -0.2010E+01 -0.1642E+01 -0.1196E+01
      4.6070      100.0000 -0.5963E-07 -0.3314E-01 -0.2596E+00 -0.1140E+01 -0.1171E+01 -0.1408E+01 -0.1666E+01 -0.1794E+01 -0.1872E+01 -0.2006E+01 -0.2099E+01 -0.2140E+01 -0.2238E+01 -0.2317E+01 -0.2383E+01 -0.2443E+01 -0.2439E+01 -0.2329E+01 -0.2244E+01 -0.2166E+01 -0.2128E+01 -0.2127E+01 -0.2098E+01 -0.2010E+01 -0.1642E+01 -0.1196E+01
      4.7425      110.0000 -0.5894E-07 -0.3296E-01 -0.2587E+00 -0.1139E+01 -0.1170E+01 -0.1407E+01 -0.1665E+01 -0.1794E+01 -0.1872E+01 -0.2006E+01 -0.2099E+01 -0.2140E+01 -0.2238E+01 -0.2316E+01 -0.2383E+01 -0.2443E+01 -0.2439E+01 -0.2329E+01 -0.2244E+01 -0.2166E+01 -0.2128E+01 -0.2127E+01 -0.2098E+01 -0.2010E+01 -0.1642E+01 -0.1196E+01
      4.8780      120.0000 -0.5823E-07 -0.3277E-01 -0.2578E+00 -0.1137E+01 -0.1169E+01 -0.1407E+01 -0.1665E+01 -0.1794E+01 -0.1872E+01 -0.2006E+01 -0.2099E+01 -0.2140E+01 -0.2238E+01 -0.2316E+01 -0.2383E+01 -0.2443E+01 -0.2439E+01 -0.2329E+01 -0.2244E+01 -0.2166E+01 -0.2128E+01 -0.2127E+01 -0.2098E+01 -0.2010E+01 -0.1642E+01 -0.1196E+01
      5.0136      130.0000 -0.5750E-07 -0.3258E-01 -0.2568E+00 -0.1136E+01 -0.1168E+01 -0.1406E+01 -0.1665E+01 -0.1794E+01 -0.1872E+01 -0.2006E+01 -0.2099E+01 -0.2140E+01 -0.2238E+01 -0.2316E+01 -0.2383E+01 -0.2443E+01 -0.2438E+01 -0.2329E+01 -0.2244E+01 -0.2166E+01 -0.2128E+01 -0.2127E+01 -0.2098E+01 -0.2010E+01 -0.1642E+01 -0.1196E+01
      5.1491      140.0000 -0.5674E-07 -0.3239E-01 -0.2559E+00 -0.1134E+01 -0.1167E+01 -0.1406E+01 -0.1665E+01 -0.1794E+01 -0.1872E+01 -0.2006E+01 -0.2099E+01 -0.2140E+01 -0.2238E+01 -0.2316E+01 -0.2382E+01 -0.2443E+01 -0.2438E+01 -0.2329E+01 -0.2244E+01 -0.2166E+01 -0.2128E+01 -0.2127E+01 -0.2098E+01 -0.2010E+01 -0.1642E+01 -0.1196E+01
      5.2846      150.0000 -0.5597E-07 -0.3219E-01 -0.2550E+00 -0.1133E+01 -0.1165E+01 -0.1405E+01 -0.1665E+01 -0.1794E+01 -0.1872E+01 -0.2006E+01 -0.2099E+01 -0.2140E+01 -0.2238E+01 -0.2316E+01 -0.2382E+01 -0.2443E+01 -0.2438E+01 -0.2329E+01 -0.2244E+01 -0.2166E+01 -0.2128E+01 -0.2127E+01 -0.2098E+01 -0.2010E+01 -0.1642E+01 -0.1196E+01
      5.4201      160.0000 -0.5519E-07 -0.3200E-01 -0.2541E+00 -0.1132E+01 -0.1164E+01 -0.1404E+01 -0.1665E+01 -0.1794E+01 -0.1872E+01 -0.2006E+01 -0.2099E+01 -0.2140E+01 -0.2238E+01 -0.2316E+01 -0.2382E+01 -0.2443E+01 -0.2438E+01 -0.2329E+01 -0.2244E+01 -0.2166E+01 -0.2128E+01 -0.2127E+01 -0.2098E+01 -0.2010E+01 -0.1642E+01 -0.1196E+01
      5.5556      170.0000 -0.5439E-07 -0.3180E-01 -0.2533E+00 -0.1130E+01 -0.1163E+01 -0.1404E+01 -0.1665E+01 -0.1794E+01 -0.1872E+01 -0.2006E+01 -0.2099E+01 -0.2140E+01 -0.2238E+01 -0.2316E+01 -0.2382E+01 -0.2443E+01 -0.2438E+01 -0.2329E+01 -0.2244E+01 -0.2166E+01 -0.2128E+01 -0.2127E+01 -0.2098E+01 -0.2010E+01 -0.1642E+01 -0.1196E+01
      5.6911      180.0000 -0.5359E-07 -0.3160E-01 -0.2524E+00 -0.1129E+01 -0.1162E+01 -0.1403E+01 -0.1665E+01 -0.1794E+01 -0.1872E+01 -0.2006E+01 -0.2099E+01 -0.2140E+01 -0.2238E+01 -0.2316E+01 -0.2382E+01 -0.2442E+01 -0.2438E+01 -0.2329E+01 -0.2244E+01 -0.2166E+01 -0.2127E+01 -0.2127E+01 -0.2098E+01 -0.2010E+01 -0.1642E+01 -0.1196E+01
      5.8266      190.0000 -0.5278E-07 -0.3140E-01 -0.2515E+00 -0.1127E+01 -0.1161E+01 -0.1403E+01 -0.1665E+01 -0.1794E+01 -0.1872E+01 -0.2006E+01 -0.2099E+01 -0.2140E+01 -0.2238E+01 -0.2316E+01 -0.2382E+01 -0.2442E+01 -0.2438E+01 -0.2329E+01 -0.2244E+01 -0.2166E+01 -0.2127E+01 -0.2127E+01 -0.2098E+01 -0.2010E+01 -0.1642E+01 -0.1196E+01
      5.9621      200.0000 -0.5196E-07 -0.3120E-01 -0.2507E+00 -0.1126E+01 -0.1160E+01 -0.1402E+01 -0.1665E+01 -0.1794E+01 -0.1872E+01 -0.2006E+01 -0.2099E+01 -0.2140E+01 -0.2238E+01 -0.2316E+01 -0.2382E+01 -0.2442E+01 -0.2438E+01 -0.2329E+01 -0.2244E+01 -0.2166E+01 -0.2127E+01 -0.2127E+01 -0.2098E+01 -0.2010E+01 -0.1642E+01 -0.1196E+01
      6.0976      210.0000 -0.5114E-07 -0.3101E-01 -0.2498E+00 -0.1125E+01 -0.1159E+01 -0.1401E+01 -0.1664E+01 -0.1794E+01 -0.1872E+01 -0.2006E+01 -0.2099E+01 -0.2140E+01 -0.2238E+01 -0.2316E+01 -0.2382E+01 -0.2442E+01 -0.2438E+01 -0.2329E+01 -0.2244E+01 -0.2166E+01 -0.2127E+01 -0.2127E+01 -0.2098E+01 -0.2010E+01 -0.1642E+01 -0.1196E+01
      6.2331      220.0000 -0.5032E-07 -0.3081E-01 -0.2490E+00 -0.1123E+01 -0.1158E+01 -0.1401E+01 -0.1664E+01 -0.1794E+01 -0.1872E+01 -0.2006E+01 -0.2099E+01 -0.2140E+01 -0.2238E+01 -0.2316E+01 -0.2382E+01 -0.2442E+01 -0.2438E+01 -0.2329E+01 -0.2244E+01 -0.2166E+01 -0.2127E+01 -0.2127E+01 -0.2098E+01 -0.2010E+01 -0.1642E+01 -0.1196E+01
      6.3686      230.0000 -0.4950E-07 -0.3061E-01 -0.2481E+00 -0.1122E+01 -0.1157E+01 -0.1400E+01 -0.1664E+01 -0.1794E+01 -0.1872E+01 -0.2006E+01 -0.2099E+01 -0.2140E+01 -0.2238E+01 -0.2316E+01 -0.2382E+01 -0.2442E+01 -0.2438E+01 -0.2329E+01 -0.2244E+01 -0.2166E+01 -0.2127E+01 -0.2127E+01 -0.2098E+01 -0.2010E+01 -0.1642E+01 -0.1196E+01
      6.5041      240.0000 -0.4868E-07 -0.3042E-01 -0.2473E+00 -0.1121E+01 -0.1156E+01 -0.1400E+01 -0.1664E+01 -0.1794E+01 -0.1872E+01 -0.2006E+01 -0.2099E+01 -0.2140E+01 -0.2238E+01 -0.2316E+01 -0.2382E+01 -0.2442E+01 -0.2438E+01 -0.2329E+01 -0.2244E+01 -0.2166E+01 -0.2127E+01 -0.2127E+01 -0.2098E+01 -0.2010E+01 -0.1642E+01 -0.1196E+01
      6.6396      250.0000 -0.4787E-07 -0.3022E-01 -0.2465E+00 -0.1119E+01 -0.1155E+01 -0.1399E+01 -0.1664E+01 -0.1794E+01 -0.1872E+01 -0.2006E+01 -0.2099E+01 -0.2140E+01 -0.2238E+01 -0.2316E+01 -0.2382E+01 -0.2442E+01 -0.2438E+01 -0.2329E+01 -0.2244E+01 -0.2166E+01 -0.2127E+01 -0.2127E+01 -0.2098E+01 -0.2010E+01 -0.1642E+01 -0.1196E+01
      6.7751      260.0000 -0.4705E-07 -0.3003E-01 -0.2458E+00 -0.1118E+01 -0.1154E+01 -0.1399E+01 -0.1664E+01 -0.1794E+01 -0.1872E+01 -0.2006E+01 -0.2099E+01 -0.2140E+01 -0.2238E+01 -0.2316E+01 -0.2381E+01 -0.2442E+01 -0.2438E+01 -0.2329E+01 -0.2244E+01 -0.2166E+01 -0.2127E+01 -0.2127E+01 -0.2098E+01 -0.2010E+01 -0.1642E+01 -0.1196E+01
      6.9106      270.0000 -0.4625E-07 -0.2984E-01 -0.2450E+00 -0.1117E+01 -0.1153E+01 -0.1398E+01 -0.1664E+01 -0.1794E+01 -0.1872E+01 -0.2006E+01 -0.2099E+01 -0.2140E+01 -0.2238E+01 -0.2316E+01 -0.2381E+01 -0.2441E+01 -0.2438E+01 -0.2329E+01 -0.2244E+01 -0.2166E+01 -0.2127E+01 -0.2127E+01 -0.2098E+01 -0.2010E+01 -0.1642E+01 -0.1196E+01
      7.0461      280.0000 -0.4544E-07 -0.2965E-01 -0.2442E+00 -0.1116E+01 -0.1153E+01 -0.1398E+01 -0.1664E+01 -0.1794E+01 -0.1872E+01 -0.2006E+01 -0.2099E+01 -0.2140E+01 -0.2238E+01 -0.2316E+01 -0.2381E+01 -0.2441E+01 -0.2438E+01 -0.2329E+01 -0.2244E+01 -0.2166E+01 -0.2127E+01 -0.2127E+01 -0.2098E+01 -0.2010E+01 -0.1642E+01 -0.1196E+01
      7.1816      290.0000 -0.4465E-07 -0.2947E-01 -0.2435E+00 -0.1115E+01 -0.1152E+01 -0.1397E+01 -0.1664E+01 -0.1794E+01 -0.1872E+01 -0.2006E+01 -0.2099E+01 -0.2140E+01 -0.2238E+01 -0.2316E+01 -0.2381E+01 -0.2441E+01 -0.2437E+01 -0.2329E+01 -0.2244E+01 -0.2166E+01 -0.2127E+01 -0.2127E+01 -0.2098E+01 -0.2010E+01 -0.1642E+01 -0.1196E+01
      7.3171      300.0000 -0.4386E-07 -0.2929E-01 -0.2427E+00 -0.1113E+01 -0.1151E+01 -0.1397E+01 -0.1664E+01 -0.1794E+01 -0.1872E+01 -0.2006E+01 -0.2099E+01 -0.2140E+01 -0.2238E+01 -0.2315E+01 -0.2381E+01 -0.2441E+01 -0.2437E+01 -0.2329E+01 -0.2244E+01 -0.2166E+01 -0.2127E+01 -0.2127E+01 -0.2098E+01 -0.2010E+01 -0.1642E+01 -0.1196E+01
      7.4526      310.0000 -0.4307E-07 -0.2910E-01 -0.2420E+00 -0.1112E+01 -0.1150E+01 -0.1396E+01 -0.1663E+01 -0.1794E+01 -0.1872E+01 -0.2006E+01 -0.2099E+01 -0.2140E+01 -0.2238E+01 -0.2315E+01 -0.2381E+01 -0.2441E+01 -0.2437E+01 -0.2329E+01 -0.2244E+01 -0.2166E+01 -0.2127E+01 -0.2127E+01 -0.2098E+01 -0.2010E+01 -0.1642E+01 -0.1196E+01
      7.5881      320.0000 -0.4230E-07 -0.2892E-01 -0.2413E+00 -0.1111E+01 -0.1149E+01 -0.1396E+01 -0.1663E+01 -0.1794E+01 -0.1872E+01 -0.2006E+01 -0.2099E+01 -0.2140E+01 -0.2238E+01 -0.2315E+01 -0.2381E+01 -0.2441E+01 -0.2437E+01 -0.2329E+01 -0.2244E+01 -0.2166E+01 -0.2127E+01 -0.2127E+01 -0.2098E+01 -0.2010E+01 -0.1642E+01 -0.1196E+01
      7.7236      330.0000 -0.4153E-07 -0.2875E-01 -0.2406E+00 -0.1110E+01 -0.1148E+01 -0.1395E+01 -0.1663E+01 -0.1794E+01 -0.1872E+01 -0.2006E+01 -0.2099E+01 -0.2140E+01 -0.2238E+01 -0.2315E+01 -0.2381E+01 -0.2441E+01 -0.2437E+01 -0.2329E+01 -0.2244E+01 -0.2166E+01 -0.2127E+01 -0.2127E+01 -0.2098E+01 -0.2010E+01 -0.1642E+01 -0.1196E+01
      7.8591      340.0000 -0.4077E-07 -0.2857E-01 -0.2399E+00 -0.1109E+01 -0.1147E+01 -0.1395E+01 -0.1663E+01 -0.1794E+01 -0.1872E+01 -0.2006E+01 -0.2099E+01 -0.2140E+01 -0.2238E+01 -0.2315E+01 -0.2381E+01 -0.2441E+01 -0.2437E+01 -0.2329E+01 -0.2244E+01 -0.2166E+01 -0.2127E+01 -0.2127E+01 -0.2098E+01 -0.2010E+01 -0.1642E+01 -0.1196E+01
      7.9946      350.0000 -0.4002E-07 -0.2840E-01 -0.2393E+00 -0.1108E+01 -0.1147E+01 -0.1394E+01 -0.1663E+01 -0.1794E+01 -0.1872E+01 -0.2006E+01 -0.2099E+01 -0.2140E+01 -0.2238E+01 -0.2315E+01 -0.2381E+01 -0.2441E+01 -0.2437E+01 -0.2329E+01 -0.2244E+01 -0.2166E+01 -0.2127E+01 -0.2127E+01 -0.2098E+01 -0.2010E+01 -0.1642E+01 -0.1196E+01
      8.1301      360.0000 -0.3928E-07 -0.2823E-01 -0.2386E+00 -0.1107E+01 -0.1146E+01 -0.1394E+01 -0.1663E+01 -0.1794E+01 -0.1872E+01 -0.2006E+01 -0.2099E+01 -0.2140E+01 -0.2238E+01 -0.2315E+01 -0.2381E+01 -0.2441E+01 -0.2437E+01 -0.2329E+01 -0.2244E+01 -0.2166E+01 -0.2127E+01 -0.2127E+01 -0.2098E+01 -0.2010E+01 -0.1642E+01 -0.1196E+01
      8.2656       10.0000 -0.3855E-07 -0.2807E-01 -0.2380E+00 -0.1106E+01 -0.1145E+01 -0.1393E+01 -0.1663E+01 -0.1794E+01 -0.1872E+01 -0.2006E+01 -0.2099E+01 -0.2140E+01 -0.2238E+01 -0.2315E+01 -0.2381E+01 -0.2441E+01 -0.2437E+01 -0.2329E+01 -0.2244E+01 -0.2166E+01 -0.2127E+01 -0.2127E+01 -0.2098E+01 -0.2010E+01 -0.1642E+01 -0.1196E+01
      8.4011       20.0000 -0.3783E-07 -0.2790E-01 -0.2373E+00 -0.1105E+01 -0.1144E+01 -0.1393E+01 -0.1663E+01 -0.1794E+01 -0.1872E+01 -0.2006E+01 -0.2099E+01 -0.2140E+01 -0.2238E+01 -0.2315E+01 -0.2381E+01 -0.2440E+01 -0.2437E+01 -0.2329E+01 -0.2244E+01 -0.2166E+01 -0.2127E+01 -0.2127E+01 -0.2098E+01 -0.2010E+01 -0.1642E+01 -0.1196E+01
      8.5366       30.0000 -0.3712E-07 -0.2774E-01 -0.2367E+00 -0.1104E+01 -0.1144E+01 -0.1392E+01 -0.1663E+01 -0.1794E+01 -0.1872E+01 -0.2006E+01 -0.2099E+01 -0.2140E+01 -0.2238E+01 -0.2315E+01 -0.2381E+01 -0.2440E+01 -0.2437E+01 -0.2329E+01 -0.2244E+01 -0.2166E+01 -0.2127E+01 -0.2127E+01 -0.2098E+01 -0.2010E+01 -0.1642E+01 -0.1196E+01
      8.6721       40.0000 -0.3642E-07 -0.2758E-01 -0.2361E+00 -0.1103E+01 -0.1143E+01 -0.1392E+01 -0.1663E+01 -0.1794E+01 -0.1872E+01 -0.2006E+01 -0.2099E+01 -0.2140E+01 -0.2238E+01 -0.2315E+01 -0.2381E+01 -0.2440E+01 -0.2437E+01 -0.2329E+01 -0.2244E+01 -0.2166E+01 -0.2127E+01 -0.2127E+01 -0.2098E+01 -0.2010E+01 -0.1642E+01 -0.1196E+01
      8.8076       50.0000 -0.3573E-07 -0.2743E-01 -0.2355E+00 -0.1102E+01 -0.1142E+01 -0.1391E+01 -0.1663E+01 -0.1794E+01 -0.1872E+01 -0.2006E+01 -0.2099E+01 -0.2140E+01 -0.2238E+01 -0.2315E+01 -0.2381E+01 -0.2440E+01 -0.2437E+01 -0.2329E+01 -0.2244E+01 -0.2166E+01 -0.2127E+01 -0.2127E+01 -0.2098E+01 -0.2010E+01 -0.1642E+01 -0.1196E+01
      8.9431       60.0000 -0.3505E-07 -0.2727E-01 -0.2349E+00 -0.1101E+01 -0.1142E+01 -0.1391E+01 -0.1663E+01 -0.1794E+01 -0.1872E+01 -0.2006E+01 -0.2099E+01 -0.2140E+01 -0.2238E+01 -0.2315E+01 -0.2380E+01 -0.2440E+01 -0.2437E+01 -0.2329E+01 -0.2244E+01 -0.2166E+01 -0.2127E+01 -0.2127E+01 -0.2098E+01 -0.2010E+01 -0.1642E+01 -0.1196E+01
      9.0786       70.0000 -0.3438E-07 -0.2712E-01 -0.2343E+00 -0.1100E+01 -0.1141E+01 -0.1391E+01 -0.1663E+01 -0.1794E+01 -0.1872E+01 -0.2006E+01 -0.2099E+01 -0.2140E+01 -0.2238E+01 -0.2315E+01 -0.2380E+01 -0.2440E+01 -0.2437E+01 -0.2329E+01 -0.2244E+01 -0.2166E+01 -0.2127E+01 -0.2127E+01 -0.2098E+01 -0.2010E+01 -0.1642E+01 -0.1196E+01
      9.2141       80.0000 -0.3372E-07 -0.2697E-01 -0.2338E+00 -0.1099E+01 -0.1140E+01 -0.1390E+01 -0.1662E+01 -0.1794E+01 -0.1872E+01 -0.2006E+01 -0.2099E+01 -0.2140E+01 -0.2238E+01 -0.2315E+01 -0.2380E+01 -0.2440E+01 -0.2437E+01 -0.2329E+01 -0.2244E+01 -0.2166E+01 -0.2127E+01 -0.2127E+01 -0.2098E+01 -0.2010E+01 -0.1642E+01 -0.1196E+01
      9.3496       90.0000 -0.3307E-07 -0.2683E-01 -0.2332E+00 -0.1098E+01 -0.1140E+01 -0.1390E+01 -0.1662E+01 -0.1794E+01 -0.1872E+01 -0.2006E+01 -0.2099E+01 -0.2140E+01 -0.2238E+01 -0.2315E+01 -0.2380E+01 -0.2440E+01 -0.2437E+01 -0.2329E+01 -0.2244E+01 -0.2166E+01 -0.2127E+01 -0.2127E+01 -0.2098E+01 -0.2010E+01 -0.1642E+01 -0.1196E+01
      9.4851      100.0000 -0.3243E-07 -0.2668E-01 -0.2327E+00 -0.1098E+01 -0.1139E+01 -0.1389E+01 -0.1662E+01 -0.1794E+01 -0.1872E+01 -0.2006E+01 -0.2099E+01 -0.2140E+01 -0.2238E+01 -0.2315E+01 -0.2380E+01 -0.2440E+01 -0.2437E+01 -0.2329E+01 -0.2244E+01 -0.2166E+01 -0.2127E+01 -0.2127E+01 -0.2098E+01 -0.2010E+01 -0.1642E+01 -0.1196E+01
      9.6206      110.0000 -0.3180E-07 -0.2654E-01 -0.2321E+00 -0.1097E+01 -0.1138E+01 -0.1389E+01 -0.1662E+01 -0.1794E+01 -0.1872E+01 -0.2006E+01 -0.2099E+01 -0.2140E+01 -0.2238E+01 -0.2315E+01 -0.2380E+01 -0.2440E+01 -0.2437E+01 -0.2329E+01 -0.2244E+01 -0.2166E+01 -0.2127E+01 -0.2127E+01 -0.2098E+01 -0.2010E+01 -0.1642E+01 -0.1196E+01
      9.7561      120.0000 -0.3118E-07 -0.2641E-01 -0.2316E+00 -0.1096E+01 -0.1138E+01 -0.1389E+01 -0.1662E+01 -0.1794E+01 -0.1872E+01 -0.2006E+01 -0.2099E+01 -0.2140E+01 -0.2237E+01 -0.2315E+01 -0.2380E+01 -0.2440E+01 -0.2437E+01 -0.2329E+01 -0.2244E+01 -0.2166E+01 -0.2127E+01 -0.2127E+01 -0.2098E+01 -0.2010E+01 -0.1642E+01 -0.1196E+01
      9.8916      130.0000 -0.3058E-07 -0.2627E-01 -0.2311E+00 -0.1095E+01 -0.1137E+01 -0.1388E+01 -0.1662E+01 -0.1794E+01 -0.1872E+01 -0.2006E+01 -0.2099E+01 -0.2140E+01 -0.2237E+01 -0.2315E+01 -0.2380E+01 -0.2440E+01 -0.2437E+01 -0.2329E+01 -0.2244E+01 -0.2166E+01 -0.2127E+01 -0.2127E+01 -0.2098E+01 -0.2010E+01 -0.1642E+01 -0.1196E+01
     10.0271      140.0000 -0.2998E-07 -0.2614E-01 -0.2306E+00 -0.1094E+01 -0.1137E+01 -0.1388E+01 -0.1662E+01 -0.1794E+01 -0.1871E+01 -0.2006E+01 -0.2099E+01 -0.2140E+01 -0.2237E+01 -0.2315E+01 -0.2380E+01 -0.2440E+01 -0.2437E+01 -0.2329E+01 -0.2244E+01 -0.2166E+01 -0.2127E+01 -0.2127E+01 -0.2098E+01 -0.2010E+01 -0.1642E+01 -0.1196E+01
     10.1626      150.0000 -0.2939E-07 -0.2601E-01 -0.2301E+00 -0.1094E+01 -0.1136E+01 -0.1387E+01 -0.1662E+01 -0.1794E+01 -0.1871E+01 -0.2006E+01 -0.2099E+01 -0.2140E+01 -0.2237E+01 -0.2315E+01 -0.2380E+01 -0.2440E+01 -0.2436E+01 -0.2329E+01 -0.2244E+01 -0.2166E+01 -0.2127E+01 -0.2127E+01 -0.2098E+01 -0.2010E+01 -0.1642E+01 -0.1196E+01
     10.2981      160.0000 -0.2881E-07 -0.2588E-01 -0.2296E+00 -0.1093E+01 -0.1136E+01 -0.1387E+01 -0.1662E+01 -0.1794E+01 -0.1871E+01 -0.2006E+01 -0.2099E+01 -0.2140E+01 -0.2237E+01 -0.2315E+01 -0.2380E+01 -0.2440E+01 -0.2436E+01 -0.2329E+01 -0.2244E+01 -0.2166E+01 -0.2127E+01 -0.2127E+01 -0.2098E+01 -0.2010E+01 -0.1642E+01 -0.1196E+01
     10.4336      170.0000 -0.2825E-07 -0.2575E-01 -0.2291E+00 -0.1092E+01 -0.1135E+01 -0.1387E+01 -0.1662E+01 -0.1794E+01 -0.1871E+01 -0.2006E+01 -0.2099E+01 -0.2140E+01 -0.2237E+01 -0.2315E+01 -0.2380E+01 -0.2439E+01 -0.2436E+01 -0.2329E+01 -0.2244E+01 -0.2166E+01 -0.2127E+01 -0.2127E+01 -0.2098E+01 -0.2010E+01 -0.1642E+01 -0.1196E+01
     10.5691      180.0000 -0.2769E-07 -0.2563E-01 -0.2286E+00 -0.1091E+01 -0.1134E+01 -0.1386E+01 -0.1662E+01 -0.1794E+01 -0.1871E+01 -0.2006E+01 -0.2099E+01 -0.2140E+01 -0.2237E+01 -0.2315E+01 -0.2380E+01 -0.2439E+01 -0.2436E+01 -0.2329E+01 -0.2244E+01 -0.2166E+01 -0.2127E+01 -0.2127E+01 -0.2098E+01 -0.2010E+01 -0.1642E+01 -0.1196E+01
     10.7046      190.0000 -0.2714E-07 -0.2551E-01 -0.2282E+00 -0.1091E+01 -0.1134E+01 -0.1386E+01 -0.1662E+01 -0.1794E+01 -0.1871E+01 -0.2006E+01 -0.2099E+01 -0.2140E+01 -0.2237E+01 -0.2315E+01 -0.2380E+01 -0.2439E+01 -0.2436E+01 -0.2329E+01 -0.2244E+01 -0.2166E+01 -0.2127E+01 -0.2127E+01 -0.2098E+01 -0.2010E+01 -0.1642E+01 -0.1196E+01
     10.8401      200.0000 -0.2660E-07 -0.2539E-01 -0.2277E+00 -0.1090E+01 -0.1133E+01 -0.1385E+01 -0.1662E+01 -0.1794E+01 -0.1871E+01 -0.2006E+01 -0.2099E+01 -0.2140E+01 -0.2237E+01 -0.2315E+01 -0.2380E+01 -0.2439E+01 -0.2436E+01 -0.2329E+01 -0.2244E+01 -0.2166E+01 -0.2127E+01 -0.2127E+01 -0.2098E+01 -0.2010E+01 -0.1642E+01 -0.1196E+01
     10.9756      210.0000 -0.2608E-07 -0.2527E-01 -0.2273E+00 -0.1089E+01 -0.1133E+01 -0.1385E+01 -0.1662E+01 -0.1795E+01 -0.1871E+01 -0.2006E+01 -0.2099E+01 -0.2140E+01 -0.2237E+01 -0.2315E+01 -0.2380E+01 -0.2439E+01 -0.2436E+01 -0.2329E+01 -0.2244E+01 -0.2166E+01 -0.2127E+01 -0.2127E+01 -0.2098E+01 -0.2010E+01 -0.1642E+01 -0.1196E+01
     11.1111      220.0000 -0.2556E-07 -0.2516E-01 -0.2269E+00 -0.1089E+01 -0.1132E+01 -0.1385E+01 -0.1662E+01 -0.1795E+01 -0.1871E+01 -0.2006E+01 -0.2099E+01 -0.2140E+01 -0.2237E+01 -0.2315E+01 -0.2380E+01 -0.2439E+01 -0.2436E+01 -0.2329E+01 -0.2244E+01 -0.2166E+01 -0.2127E+01 -0.2127E+01 -0.2098E+01 -0.2010E+01 -0.1642E+01 -0.1196E+01
     11.2466      230.0000 -0.2505E-07 -0.2504E-01 -0.2264E+00 -0.1088E+01 -0.1132E+01 -0.1384E+01 -0.1662E+01 -0.1795E+01 -0.1871E+01 -0.2006E+01 -0.2099E+01 -0.2140E+01 -0.2237E+01 -0.2315E+01 -0.2380E+01 -0.2439E+01 -0.2436E+01 -0.2329E+01 -0.2244E+01 -0.2166E+01 -0.2127E+01 -0.2127E+01 -0.2098E+01 -0.2010E+01 -0.1642E+01 -0.1196E+01
     11.3821      240.0000 -0.2455E-07 -0.2493E-01 -0.2260E+00 -0.1087E+01 -0.1131E+01 -0.1384E+01 -0.1661E+01 -0.1795E+01 -0.1871E+01 -0.2006E+01 -0.2099E+01 -0.2140E+01 -0.2237E+01 -0.2314E+01 -0.2380E+01 -0.2439E+01 -0.2436E+01 -0.2329E+01 -0.2244E+01 -0.2166E+01 -0.2127E+01 -0.2127E+01 -0.2098E+01 -0.2010E+01 -0.1642E+01 -0.1196E+01
     11.5176      250.0000 -0.2406E-07 -0.2483E-01 -0.2256E+00 -0.1087E+01 -0.1131E+01 -0.1384E+01 -0.1661E+01 -0.1795E+01 -0.1871E+01 -0.2006E+01 -0.2099E+01 -0.2140E+01 -0.2237E+01 -0.2314E+01 -0.2380E+01 -0.2439E+01 -0.2436E+01 -0.2329E+01 -0.2244E+01 -0.2166E+01 -0.2127E+01 -0.2127E+01 -0.2098E+01 -0.2010E+01 -0.1642E+01 -0.1196E+01
     11.6531      260.0000 -0.2358E-07 -0.2472E-01 -0.2252E+00 -0.1086E+01 -0.1130E+01 -0.1383E+01 -0.1661E+01 -0.1795E+01 -0.1871E+01 -0.2006E+01 -0.2099E+01 -0.2140E+01 -0.2237E+01 -0.2314E+01 -0.2380E+01 -0.2439E+01 -0.2436E+01 -0.2329E+01 -0.2244E+01 -0.2166E+01 -0.2127E+01 -0.2127E+01 -0.2098E+01 -0.2010E+01 -0.1642E+01 -0.1196E+01
     11.7886      270.0000 -0.2311E-07 -0.2462E-01 -0.2248E+00 -0.1085E+01 -0.1130E+01 -0.1383E+01 -0.1661E+01 -0.1795E+01 -0.1871E+01 -0.2006E+01 -0.2099E+01 -0.2140E+01 -0.2237E+01 -0.2314E+01 -0.2379E+01 -0.2439E+01 -0.2436E+01 -0.2329E+01 -0.2244E+01 -0.2166E+01 -0.2127E+01 -0.2127E+01 -0.2098E+01 -0.2010E+01 -0.1642E+01 -0.1196E+01
     11.9241      280.0000 -0.2265E-07 -0.2451E-01 -0.2244E+00 -0.1085E+01 -0.1130E+01 -0.1383E+01 -0.1661E+01 -0.1795E+01 -0.1871E+01 -0.2006E+01 -0.2099E+01 -0.2140E+01 -0.2237E+01 -0.2314E+01 -0.2379E+01 -0.2439E+01 -0.2436E+01 -0.2329E+01 -0.2244E+01 -0.2166E+01 -0.2127E+01 -0.2127E+01 -0.2098E+01 -0.2010E+01 -0.1642E+01 -0.1196E+01
     12.0596      290.0000 -0.2219E-07 -0.2441E-01 -0.2240E+00 -0.1084E+01 -0.1129E+01 -0.1382E+01 -0.1661E+01 -0.1795E+01 -0.1871E+01 -0.2006E+01 -0.2099E+01 -0.2140E+01 -0.2237E+01 -0.2314E+01 -0.2379E+01 -0.2439E+01 -0.2436E+01 -0.2329E+01 -0.2244E+01 -0.2166E+01 -0.2127E+01 -0.2127E+01 -0.2098E+01 -0.2010E+01 -0.1642E+01 -0.1196E+01
     12.1951      300.0000 -0.2175E-07 -0.2432E-01 -0.2237E+00 -0.1084E+01 -0.1129E+01 -0.1382E+01 -0.1661E+01 -0.1795E+01 -0.1871E+01 -0.2006E+01 -0.2099E+01 -0.2140E+01 -0.2237E+01 -0.2314E+01 -0.2379E+01 -0.2439E+01 -0.2436E+01 -0.2329E+01 -0.2244E+01 -0.2166E+01 -0.2127E+01 -0.2127E+01 -0.2098E+01 -0.2010E+01 -0.1642E+01 -0.1196E+01
     12.3306      310.0000 -0.2131E-07 -0.2422E-01 -0.2233E+00 -0.1083E+01 -0.1128E+01 -0.1382E+01 -0.1661E+01 -0.1795E+01 -0.1871E+01 -0.2006E+01 -0.2099E+01 -0.2140E+01 -0.2237E+01 -0.2314E+01 -0.2379E+01 -0.2439E+01 -0.2436E+01 -0.2329E+01 -0.2244E+01 -0.2166E+01 -0.2127E+01 -0.2127E+01 -0.2098E+01 -0.2010E+01 -0.1642E+01 -0.1196E+01
     12.4661      320.0000 -0.2088E-07 -0.2413E-01 -0.2229E+00 -0.1082E+01 -0.1128E+01 -0.1381E+01 -0.1661E+01 -0.1795E+01 -0.1871E+01 -0.2006E+01 -0.2099E+01 -0.2140E+01 -0.2237E+01 -0.2314E+01 -0.2379E+01 -0.2439E+01 -0.2436E+01 -0.2329E+01 -0.2244E+01 -0.2166E+01 -0.2127E+01 -0.2127E+01 -0.2098E+01 -0.2010E+01 -0.1642E+01 -0.1196E+01
     12.6016      330.0000 -0.2046E-07 -0.2403E-01 -0.2226E+00 -0.1082E+01 -0.1127E+01 -0.1381E+01 -0.1661E+01 -0.1795E+01 -0.1871E+01 -0.2006E+01 -0.2099E+01 -0.2140E+01 -0.2237E+01 -0.2314E+01 -0.2379E+01 -0.2439E+01 -0.2436E+01 -0.2329E+01 -0.2244E+01 -0.2166E+01 -0.2127E+01 -0.2127E+01 -0.2098E+01 -0.2010E+01 -0.1642E+01 -0.1196E+01
     12.7371      340.0000 -0.2005E-07 -0.2394E-01 -0.2222E+00 -0.1081E+01 -0.1127E+01 -0.1381E+01 -0.1661E+01 -0.1795E+01 -0.1871E+01 -0.2006E+01 -0.2099E+01 -0.2140E+01 -0.2237E+01 -0.2314E+01 -0.2379E+01 -0.2439E+01 -0.2436E+01 -0.2329E+01 -0.2244E+01 -0.2166E+01 -0.2127E+01 -0.2127E+01 -0.2098E+01 -0.2010E+01 -0.1642E+01 -0.1196E+01
     12.8726      350.0000 -0.1965E-07 -0.2386E-01 -0.2219E+00 -0.1081E+01 -0.1127E+01 -0.1381E+01 -0.1661E+01 -0.1795E+01 -0.1871E+01 -0.2006E+01 -0.2099E+01 -0.2140E+01 -0.2237E+01 -0.2314E+01 -0.2379E+01 -0.2439E+01 -0.2436E+01 -0.2329E+01 -0.2244E+01 -0.2166E+01 -0.2127E+01 -0.2127E+01 -0.2098E+01 -0.2010E+01 -0.1642E+01 -0.1196E+01
     13.0081      360.0000 -0.1925E-07 -0.2377E-01 -0.2216E+00 -0.1080E+01 -0.1126E+01 -0.1380E+01 -0.1661E+01 -0.1795E+01 -0.1871E+01 -0.2006E+01 -0.2099E+01 -0.2140E+01 -0.2237E+01 -0.2314E+01 -0.2379E+01 -0.2439E+01 -0.2436E+01 -0.2329E+01 -0.2244E+01 -0.2166E+01 -0.2127E+01 -0.2127E+01 -0.2098E+01 -0.2010E+01 -0.1642E+01 -0.1196E+01
     13.1436       10.0000 -0.1886E-07 -0.2368E-01 -0.2212E+00 -0.1080E+01 -0.1126E+01 -0.1380E+01 -0.1661E+01 -0.1795E+01 -0.1871E+01 -0.2006E+01 -0.2099E+01 -0.2140E+01 -0.2237E+01 -0.2314E+01 -0.2379E+01 -0.2438E+01 -0.2436E+01 -0.2329E+01 -0.2244E+01 -0.2166E+01 -0.2127E+01 -0.2127E+01 -0.2098E+01 -0.2010E+01 -0.1642E+01 -0.1196E+01
     13.2791       20.0000 -0.1848E-07 -0.2360E-01 -0.2209E+00 -0.1079E+01 -0.1126E+01 -0.1380E+01 -0.1661E+01 -0.1795E+01 -0.1871E+01 -0.2006E+01 -0.2099E+01 -0.2140E+01 -0.2237E+01 -0.2314E+01 -0.2379E+01 -0.2438E+01 -0.2436E+01 -0.2329E+01 -0.2244E+01 -0.2166E+01 -0.2127E+01 -0.2127E+01 -0.2098E+01 -0.2010E+01 -0.1642E+01 -0.1196E+01
     13.4146       30.0000 -0.1811E-07 -0.2352E-01 -0.2206E+00 -0.1079E+01 -0.1125E+01 -0.1379E+01 -0.1661E+01 -0.1795E+01 -0.1871E+01 -0.2006E+01 -0.2099E+01 -0.2140E+01 -0.2237E+01 -0.2314E+01 -0.2379E+01 -0.2438E+01 -0.2436E+01 -0.2329E+01 -0.2244E+01 -0.2166E+01 -0.2127E+01 -0.2127E+01 -0.2098E+01 -0.2010E+01 -0.1642E+01 -0.1196E+01
     13.5501       40.0000 -0.1774E-07 -0.2344E-01 -0.2203E+00 -0.1078E+01 -0.1125E+01 -0.1379E+01 -0.1661E+01 -0.1795E+01 -0.1871E+01 -0.2006E+01 -0.2099E+01 -0.2140E+01 -0.2237E+01 -0.2314E+01 -0.2379E+01 -0.2438E+01 -0.2436E+01 -0.2329E+01 -0.2244E+01 -0.2166E+01 -0.2127E+01 -0.2127E+01 -0.2098E+01 -0.2010E+01 -0.1642E+01 -0.1196E+01
     13.6856       50.0000 -0.1738E-07 -0.2336E-01 -0.2200E+00 -0.1078E+01 -0.1125E+01 -0.1379E+01 -0.1661E+01 -0.1795E+01 -0.1871E+01 -0.2006E+01 -0.2099E+01 -0.2140E+01 -0.2237E+01 -0.2314E+01 -0.2379E+01 -0.2438E+01 -0.2436E+01 -0.2329E+01 -0.2244E+01 -0.2166E+01 -0.2127E+01 -0.2127E+01 -0.2098E+01 -0.2010E+01 -0.1642E+01 -0.1196E+01
     13.8211       60.0000 -0.1703E-07 -0.2328E-01 -0.2197E+00 -0.1077E+01 -0.1124E+01 -0.1379E+01 -0.1661E+01 -0.1795E+01 -0.1871E+01 -0.2006E+01 -0.2099E+01 -0.2140E+01 -0.2237E+01 -0.2314E+01 -0.2379E+01 -0.2438E+01 -0.2436E+01 -0.2329E+01 -0.2244E+01 -0.2166E+01 -0.2127E+01 -0.2127E+01 -0.2098E+01 -0.2010E+01 -0.1642E+01 -0.1196E+01
     13.9566       70.0000 -0.1668E-07 -0.2321E-01 -0.2194E+00 -0.1077E+01 -0.1124E+01 -0.1378E+01 -0.1661E+01 -0.1795E+01 -0.1871E+01 -0.2006E+01 -0.2099E+01 -0.2140E+01 -0.2237E+01 -0.2314E+01 -0.2379E+01 -0.2438E+01 -0.2436E+01 -0.2329E+01 -0.2244E+01 -0.2166E+01 -0.2127E+01 -0.2127E+01 -0.2098E+01 -0.2010E+01 -0.1642E+01 -0.1196E+01
     14.0921       80.0000 -0.1634E-07 -0.2313E-01 -0.2191E+00 -0.1077E+01 -0.1124E+01 -0.1378E+01 -0.1661E+01 -0.1795E+01 -0.1871E+01 -0.2006E+01 -0.2099E+01 -0.2140E+01 -0.2237E+01 -0.2314E+01 -0.2379E+01 -0.2438E+01 -0.2436E+01 -0.2329E+01 -0.2244E+01 -0.2166E+01 -0.2127E+01 -0.2127E+01 -0.2098E+01 -0.2010E+01 -0.1642E+01 -0.1196E+01
     14.2276       90.0000 -0.1601E-07 -0.2306E-01 -0.2189E+00 -0.1076E+01 -0.1123E+01 -0.1378E+01 -0.1661E+01 -0.1795E+01 -0.1871E+01 -0.2006E+01 -0.2099E+01 -0.2140E+01 -0.2237E+01 -0.2314E+01 -0.2379E+01 -0.2438E+01 -0.2436E+01 -0.2329E+01 -0.2244E+01 -0.2166E+01 -0.2127E+01 -0.2127E+01 -0.2098E+01 -0.2010E+01 -0.1642E+01 -0.1196E+01
     14.3631      100.0000 -0.1569E-07 -0.2299E-01 -0.2186E+00 -0.1076E+01 -0.1123E+01 -0.1377E+01 -0.1661E+01 -0.1795E+01 -0.1871E+01 -0.2006E+01 -0.2099E+01 -0.2140E+01 -0.2237E+01 -0.2314E+01 -0.2379E+01 -0.2438E+01 -0.2436E+01 -0.2329E+01 -0.2244E+01 -0.2166E+01 -0.2127E+01 -0.2127E+01 -0.2098E+01 -0.2010E+01 -0.1642E+01 -0.1196E+01
     14.4986      110.0000 -0.1537E-07 -0.2292E-01 -0.2183E+00 -0.1075E+01 -0.1123E+01 -0.1377E+01 -0.1660E+01 -0.1795E+01 -0.1871E+01 -0.2006E+01 -0.2099E+01 -0.2140E+01 -0.2237E+01 -0.2314E+01 -0.2379E+01 -0.2438E+01 -0.2436E+01 -0.2329E+01 -0.2244E+01 -0.2166E+01 -0.2127E+01 -0.2127E+01 -0.2098E+01 -0.2010E+01 -0.1642E+01 -0.1196E+01
     14.6341      120.0000 -0.1506E-07 -0.2285E-01 -0.2180E+00 -0.1075E+01 -0.1122E+01 -0.1377E+01 -0.1660E+01 -0.1795E+01 -0.1871E+01 -0.2006E+01 -0.2099E+01 -0.2140E+01 -0.2237E+01 -0.2314E+01 -0.2379E+01 -0.2438E+01 -0.2436E+01 -0.2329E+01 -0.2244E+01 -0.2166E+01 -0.2127E+01 -0.2127E+01 -0.2098E+01 -0.2010E+01 -0.1642E+01 -0.1196E+01
     14.7696      130.0000 -0.1475E-07 -0.2278E-01 -0.2178E+00 -0.1075E+01 -0.1122E+01 -0.1377E+01 -0.1660E+01 -0.1795E+01 -0.1871E+01 -0.2006E+01 -0.2099E+01 -0.2140E+01 -0.2237E+01 -0.2314E+01 -0.2379E+01 -0.2438E+01 -0.2436E+01 -0.2329E+01 -0.2244E+01 -0.2166E+01 -0.2127E+01 -0.2127E+01 -0.2098E+01 -0.2010E+01 -0.1642E+01 -0.1196E+01
     14.9051      140.0000 -0.1445E-07 -0.2272E-01 -0.2175E+00 -0.1074E+01 -0.1122E+01 -0.1376E+01 -0.1660E+01 -0.1795E+01 -0.1871E+01 -0.2006E+01 -0.2099E+01 -0.2140E+01 -0.2237E+01 -0.2314E+01 -0.2379E+01 -0.2438E+01 -0.2436E+01 -0.2329E+01 -0.2244E+01 -0.2166E+01 -0.2127E+01 -0.2127E+01 -0.2098E+01 -0.2010E+01 -0.1642E+01 -0.1196E+01
     15.0407      150.0000 -0.1416E-07 -0.2266E-01 -0.2173E+00 -0.1074E+01 -0.1121E+01 -0.1376E+01 -0.1660E+01 -0.1795E+01 -0.1871E+01 -0.2006E+01 -0.2099E+01 -0.2140E+01 -0.2237E+01 -0.2314E+01 -0.2379E+01 -0.2438E+01 -0.2436E+01 -0.2329E+01 -0.2244E+01 -0.2166E+01 -0.2127E+01 -0.2127E+01 -0.2098E+01 -0.2010E+01 -0.1642E+01 -0.1196E+01
     15.1762      160.0000 -0.1387E-07 -0.2259E-01 -0.2170E+00 -0.1073E+01 -0.1121E+01 -0.1376E+01 -0.1660E+01 -0.1795E+01 -0.1871E+01 -0.2006E+01 -0.2099E+01 -0.2140E+01 -0.2237E+01 -0.2314E+01 -0.2379E+01 -0.2438E+01 -0.2436E+01 -0.2329E+01 -0.2244E+01 -0.2166E+01 -0.2127E+01 -0.2127E+01 -0.2098E+01 -0.2010E+01 -0.1642E+01 -0.1196E+01
     15.3117      170.0000 -0.1359E-07 -0.2253E-01 -0.2168E+00 -0.1073E+01 -0.1121E+01 -0.1376E+01 -0.1660E+01 -0.1795E+01 -0.1871E+01 -0.2006E+01 -0.2099E+01 -0.2140E+01 -0.2237E+01 -0.2314E+01 -0.2379E+01 -0.2438E+01 -0.2436E+01 -0.2329E+01 -0.2244E+01 -0.2166E+01 -0.2127E+01 -0.2127E+01 -0.2098E+01 -0.2010E+01 -0.1642E+01 -0.1196E+01
     15.4472      180.0000 -0.1331E-07 -0.2247E-01 -0.2166E+00 -0.1073E+01 -0.1121E+01 -0.1375E+01 -0.1660E+01 -0.1795E+01 -0.1871E+01 -0.2006E+01 -0.2099E+01 -0.2140E+01 -0.2237E+01 -0.2314E+01 -0.2379E+01 -0.2438E+01 -0.2436E+01 -0.2329E+01 -0.2244E+01 -0.2166E+01 -0.2127E+01 -0.2127E+01 -0.2098E+01 -0.2010E+01 -0.1642E+01 -0.1196E+01
     15.5827      190.0000 -0.1304E-07 -0.2241E-01 -0.2163E+00 -0.1072E+01 -0.1120E+01 -0.1375E+01 -0.1660E+01 -0.1795E+01 -0.1871E+01 -0.2006E+01 -0.2099E+01 -0.2140E+01 -0.2237E+01 -0.2314E+01 -0.2379E+01 -0.2438E+01 -0.2435E+01 -0.2329E+01 -0.2244E+01 -0.2166E+01 -0.2127E+01 -0.2127E+01 -0.2098E+01 -0.2010E+01 -0.1642E+01 -0.1196E+01
     15.7182      200.0000 -0.1278E-07 -0.2235E-01 -0.2161E+00 -0.1072E+01 -0.1120E+01 -0.1375E+01 -0.1660E+01 -0.1795E+01 -0.1871E+01 -0.2006E+01 -0.2099E+01 -0.2140E+01 -0.2237E+01 -0.2314E+01 -0.2379E+01 -0.2438E+01 -0.2435E+01 -0.2329E+01 -0.2244E+01 -0.2166E+01 -0.2127E+01 -0.2127E+01 -0.2098E+01 -0.2010E+01 -0.1642E+01 -0.1196E+01
     15.8537      210.0000 -0.1252E-07 -0.2230E-01 -0.2159E+00 -0.1072E+01 -0.1120E+01 -0.1375E+01 -0.1660E+01 -0.1795E+01 -0.1871E+01 -0.2006E+01 -0.2099E+01 -0.2140E+01 -0.2237E+01 -0.2314E+01 -0.2379E+01 -0.2438E+01 -0.2435E+01 -0.2329E+01 -0.2244E+01 -0.2166E+01 -0.2127E+01 -0.2127E+01 -0.2098E+01 -0.2010E+01 -0.1642E+01 -0.1196E+01
     15.9892      220.0000 -0.1226E-07 -0.2224E-01 -0.2157E+00 -0.1071E+01 -0.1120E+01 -0.1375E+01 -0.1660E+01 -0.1795E+01 -0.1871E+01 -0.2006E+01 -0.2099E+01 -0.2140E+01 -0.2237E+01 -0.2314E+01 -0.2379E+01 -0.2438E+01 -0.2435E+01 -0.2329E+01 -0.2244E+01 -0.2166E+01 -0.2127E+01 -0.2127E+01 -0.2098E+01 -0.2010E+01 -0.1642E+01 -0.1196E+01
     16.1247      230.0000 -0.1201E-07 -0.2219E-01 -0.2155E+00 -0.1071E+01 -0.1119E+01 -0.1374E+01 -0.1660E+01 -0.1795E+01 -0.1871E+01 -0.2006E+01 -0.2099E+01 -0.2140E+01 -0.2237E+01 -0.2314E+01 -0.2379E+01 -0.2438E+01 -0.2435E+01 -0.2329E+01 -0.2244E+01 -0.2166E+01 -0.2127E+01 -0.2127E+01 -0.2098E+01 -0.2010E+01 -0.1642E+01 -0.1196E+01
     16.2602      240.0000 -0.1177E-07 -0.2213E-01 -0.2152E+00 -0.1071E+01 -0.1119E+01 -0.1374E+01 -0.1660E+01 -0.1795E+01 -0.1871E+01 -0.2006E+01 -0.2099E+01 -0.2140E+01 -0.2237E+01 -0.2314E+01 -0.2379E+01 -0.2438E+01 -0.2435E+01 -0.2329E+01 -0.2244E+01 -0.2166E+01 -0.2127E+01 -0.2127E+01 -0.2098E+01 -0.2010E+01 -0.1642E+01 -0.1196E+01
     16.3957      250.0000 -0.1153E-07 -0.2208E-01 -0.2150E+00 -0.1070E+01 -0.1119E+01 -0.1374E+01 -0.1660E+01 -0.1795E+01 -0.1871E+01 -0.2006E+01 -0.2099E+01 -0.2140E+01 -0.2237E+01 -0.2314E+01 -0.2379E+01 -0.2438E+01 -0.2435E+01 -0.2329E+01 -0.2244E+01 -0.2166E+01 -0.2127E+01 -0.2127E+01 -0.2098E+01 -0.2010E+01 -0.1642E+01 -0.1196E+01
     16.5312      260.0000 -0.1129E-07 -0.2203E-01 -0.2148E+00 -0.1070E+01 -0.1119E+01 -0.1374E+01 -0.1660E+01 -0.1795E+01 -0.1871E+01 -0.2006E+01 -0.2099E+01 -0.2140E+01 -0.2237E+01 -0.2314E+01 -0.2379E+01 -0.2438E+01 -0.2435E+01 -0.2329E+01 -0.2244E+01 -0.2166E+01 -0.2127E+01 -0.2127E+01 -0.2098E+01 -0.2010E+01 -0.1642E+01 -0.1196E+01
     16.6667      270.0000 -0.1106E-07 -0.2198E-01 -0.2146E+00 -0.1070E+01 -0.1119E+01 -0.1373E+01 -0.1660E+01 -0.1795E+01 -0.1871E+01 -0.2006E+01 -0.2099E+01 -0.2140E+01 -0.2237E+01 -0.2314E+01 -0.2379E+01 -0.2438E+01 -0.2435E+01 -0.2329E+01 -0.2244E+01 -0.2166E+01 -0.2127E+01 -0.2127E+01 -0.2098E+01 -0.2010E+01 -0.1642E+01 -0.1196E+01
     16.8022      280.0000 -0.1084E-07 -0.2193E-01 -0.2144E+00 -0.1069E+01 -0.1118E+01 -0.1373E+01 -0.1660E+01 -0.1795E+01 -0.1871E+01 -0.2006E+01 -0.2099E+01 -0.2140E+01 -0.2237E+01 -0.2314E+01 -0.2379E+01 -0.2438E+01 -0.2435E+01 -0.2329E+01 -0.2244E+01 -0.2166E+01 -0.2127E+01 -0.2127E+01 -0.2098E+01 -0.2010E+01 -0.1642E+01 -0.1196E+01
     16.9377      290.0000 -0.1062E-07 -0.2188E-01 -0.2143E+00 -0.1069E+01 -0.1118E+01 -0.1373E+01 -0.1660E+01 -0.1795E+01 -0.1871E+01 -0.2006E+01 -0.2099E+01 -0.2140E+01 -0.2237E+01 -0.2314E+01 -0.2378E+01 -0.2438E+01 -0.2435E+01 -0.2329E+01 -0.2244E+01 -0.2166E+01 -0.2127E+01 -0.2127E+01 -0.2098E+01 -0.2010E+01 -0.1642E+01 -0.1196E+01
     17.0732      300.0000 -0.1040E-07 -0.2184E-01 -0.2141E+00 -0.1069E+01 -0.1118E+01 -0.1373E+01 -0.1660E+01 -0.1795E+01 -0.1871E+01 -0.2006E+01 -0.2099E+01 -0.2140E+01 -0.2237E+01 -0.2314E+01 -0.2378E+01 -0.2438E+01 -0.2435E+01 -0.2329E+01 -0.2244E+01 -0.2166E+01 -0.2127E+01 -0.2127E+01 -0.2098E+01 -0.2010E+01 -0.1642E+01 -0.1196E+01
     17.2087      310.0000 -0.1019E-07 -0.2179E-01 -0.2139E+00 -0.1069E+01 -0.1118E+01 -0.1373E+01 -0.1660E+01 -0.1795E+01 -0.1871E+01 -0.2006E+01 -0.2099E+01 -0.2140E+01 -0.2237E+01 -0.2314E+01 -0.2378E+01 -0.2438E+01 -0.2435E+01 -0.2329E+01 -0.2244E+01 -0.2166E+01 -0.2127E+01 -0.2127E+01 -0.2098E+01 -0.2010E+01 -0.1642E+01 -0.1196E+01
     17.3442      320.0000 -0.9979E-08 -0.2174E-01 -0.2137E+00 -0.1068E+01 -0.1117E+01 -0.1372E+01 -0.1660E+01 -0.1795E+01 -0.1871E+01 -0.2006E+01 -0.2099E+01 -0.2140E+01 -0.2237E+01 -0.2314E+01 -0.2378E+01 -0.2438E+01 -0.2435E+01 -0.2329E+01 -0.2244E+01 -0.2166E+01 -0.2127E+01 -0.2127E+01 -0.2098E+01 -0.2010E+01 -0.1642E+01 -0.1196E+01
     17.4797      330.0000 -0.9775E-08 -0.2170E-01 -0.2135E+00 -0.1068E+01 -0.1117E+01 -0.1372E+01 -0.1660E+01 -0.1795E+01 -0.1871E+01 -0.2006E+01 -0.2099E+01 -0.2140E+01 -0.2237E+01 -0.2314E+01 -0.2378E+01 -0.2438E+01 -0.2435E+01 -0.2329E+01 -0.2244E+01 -0.2166E+01 -0.2127E+01 -0.2127E+01 -0.2098E+01 -0.2010E+01 -0.1642E+01 -0.1196E+01
     17.6152      340.0000 -0.9575E-08 -0.2166E-01 -0.2134E+00 -0.1068E+01 -0.1117E+01 -0.1372E+01 -0.1660E+01 -0.1795E+01 -0.1871E+01 -0.2006E+01 -0.2099E+01 -0.2140E+01 -0.2237E+01 -0.2314E+01 -0.2378E+01 -0.2437E+01 -0.2435E+01 -0.2329E+01 -0.2244E+01 -0.2166E+01 -0.2127E+01 -0.2127E+01 -0.2098E+01 -0.2010E+01 -0.1642E+01 -0.1196E+01
     17.7507      350.0000 -0.9379E-08 -0.2161E-01 -0.2132E+00 -0.1068E+01 -0.1117E+01 -0.1372E+01 -0.1660E+01 -0.1795E+01 -0.1871E+01 -0.2006E+01 -0.2099E+01 -0.2140E+01 -0.2237E+01 -0.2314E+01 -0.2378E+01 -0.2437E+01 -0.2435E+01 -0.2329E+01 -0.2244E+01 -0.2166E+01 -0.2127E+01 -0.2127E+01 -0.2098E+01 -0.2010E+01 -0.1642E+01 -0.1196E+01
     17.8862      360.0000 -0.9188E-08 -0.2157E-01 -0.2130E+00 -0.1067E+01 -0.1117E+01 -0.1372E+01 -0.1660E+01 -0.1795E+01 -0.1871E+01 -0.2006E+01 -0.2099E+01 -0.2140E+01 -0.2237E+01 -0.2314E+01 -0.2378E+01 -0.2437E+01 -0.2435E+01 -0.2329E+01 -0.2244E+01 -0.2166E+01 -0.2127E+01 -0.2127E+01 -0.2098E+01 -0.2010E+01 -0.1642E+01 -0.1196E+01
     18.0217       10.0000 -0.9000E-08 -0.2153E-01 -0.2129E+00 -0.1067E+01 -0.1117E+01 -0.1372E+01 -0.1660E+01 -0.1795E+01 -0.1871E+01 -0.2006E+01 -0.2099E+01 -0.2140E+01 -0.2237E+01 -0.2314E+01 -0.2378E+01 -0.2437E+01 -0.2435E+01 -0.2329E+01 -0.2244E+01 -0.2166E+01 -0.2127E+01 -0.2127E+01 -0.2098E+01 -0.2010E+01 -0.1642E+01 -0.1196E+01
     18.1572       20.0000 -0.8816E-08 -0.2149E-01 -0.2127E+00 -0.1067E+01 -0.1116E+01 -0.1371E+01 -0.1660E+01 -0.1795E+01 -0.1871E+01 -0.2006E+01 -0.2099E+01 -0.2140E+01 -0.2237E+01 -0.2314E+01 -0.2378E+01 -0.2437E+01 -0.2435E+01 -0.2329E+01 -0.2244E+01 -0.2166E+01 -0.2127E+01 -0.2127E+01 -0.2098E+01 -0.2010E+01 -0.1642E+01 -0.1196E+01
     18.2927       30.0000 -0.8636E-08 -0.2145E-01 -0.2125E+00 -0.1067E+01 -0.1116E+01 -0.1371E+01 -0.1660E+01 -0.1795E+01 -0.1871E+01 -0.2006E+01 -0.2099E+01 -0.2140E+01 -0.2237E+01 -0.2314E+01 -0.2378E+01 -0.2437E+01 -0.2435E+01 -0.2329E+01 -0.2244E+01 -0.2166E+01 -0.2127E+01 -0.2127E+01 -0.2098E+01 -0.2010E+01 -0.1642E+01 -0.1196E+01
     18.4282       40.0000 -0.8459E-08 -0.2141E-01 -0.2124E+00 -0.1066E+01 -0.1116E+01 -0.1371E+01 -0.1660E+01 -0.1795E+01 -0.1871E+01 -0.2006E+01 -0.2099E+01 -0.2140E+01 -0.2237E+01 -0.2314E+01 -0.2378E+01 -0.2437E+01 -0.2435E+01 -0.2329E+01 -0.2244E+01 -0.2166E+01 -0.2127E+01 -0.2127E+01 -0.2098E+01 -0.2010E+01 -0.1642E+01 -0.1196E+01
     18.5637       50.0000 -0.8286E-08 -0.2138E-01 -0.2122E+00 -0.1066E+01 -0.1116E+01 -0.1371E+01 -0.1660E+01 -0.1795E+01 -0.1871E+01 -0.2006E+01 -0.2099E+01 -0.2140E+01 -0.2237E+01 -0.2314E+01 -0.2378E+01 -0.2437E+01 -0.2435E+01 -0.2329E+01 -0.2244E+01 -0.2166E+01 -0.2127E+01 -0.2127E+01 -0.2098E+01 -0.2010E+01 -0.1642E+01 -0.1196E+01
     18.6992       60.0000 -0.8117E-08 -0.2134E-01 -0.2121E+00 -0.1066E+01 -0.1116E+01 -0.1371E+01 -0.1660E+01 -0.1795E+01 -0.1871E+01 -0.2006E+01 -0.2099E+01 -0.2140E+01 -0.2237E+01 -0.2314E+01 -0.2378E+01 -0.2437E+01 -0.2435E+01 -0.2329E+01 -0.2244E+01 -0.2166E+01 -0.2127E+01 -0.2127E+01 -0.2098E+01 -0.2010E+01 -0.1642E+01 -0.1196E+01
     18.8347       70.0000 -0.7951E-08 -0.2130E-01 -0.2119E+00 -0.1066E+01 -0.1116E+01 -0.1370E+01 -0.1660E+01 -0.1795E+01 -0.1871E+01 -0.2006E+01 -0.2099E+01 -0.2140E+01 -0.2237E+01 -0.2314E+01 -0.2378E+01 -0.2437E+01 -0.2435E+01 -0.2329E+01 -0.2244E+01 -0.2166E+01 -0.2127E+01 -0.2127E+01 -0.2098E+01 -0.2010E+01 -0.1642E+01 -0.1196E+01
     18.9702       80.0000 -0.7788E-08 -0.2127E-01 -0.2118E+00 -0.1065E+01 -0.1115E+01 -0.1370E+01 -0.1660E+01 -0.1795E+01 -0.1871E+01 -0.2006E+01 -0.2099E+01 -0.2140E+01 -0.2237E+01 -0.2314E+01 -0.2378E+01 -0.2437E+01 -0.2435E+01 -0.2329E+01 -0.2244E+01 -0.2166E+01 -0.2127E+01 -0.2127E+01 -0.2098E+01 -0.2010E+01 -0.1642E+01 -0.1196E+01
     19.1057       90.0000 -0.7629E-08 -0.2123E-01 -0.2116E+00 -0.1065E+01 -0.1115E+01 -0.1370E+01 -0.1660E+01 -0.1795E+01 -0.1871E+01 -0.2006E+01 -0.2099E+01 -0.2140E+01 -0.2237E+01 -0.2314E+01 -0.2378E+01 -0.2437E+01 -0.2435E+01 -0.2329E+01 -0.2244E+01 -0.2166E+01 -0.2127E+01 -0.2127E+01 -0.2098E+01 -0.2010E+01 -0.1642E+01 -0.1196E+01
     19.2412      100.0000 -0.7473E-08 -0.2120E-01 -0.2115E+00 -0.1065E+01 -0.1115E+01 -0.1370E+01 -0.1660E+01 -0.1795E+01 -0.1871E+01 -0.2006E+01 -0.2099E+01 -0.2140E+01 -0.2237E+01 -0.2314E+01 -0.2378E+01 -0.2437E+01 -0.2435E+01 -0.2329E+01 -0.2244E+01 -0.2166E+01 -0.2127E+01 -0.2127E+01 -0.2098E+01 -0.2010E+01 -0.1642E+01 -0.1196E+01
     19.3767      110.0000 -0.7320E-08 -0.2117E-01 -0.2114E+00 -0.1065E+01 -0.1115E+01 -0.1370E+01 -0.1660E+01 -0.1795E+01 -0.1871E+01 -0.2006E+01 -0.2099E+01 -0.2140E+01 -0.2237E+01 -0.2314E+01 -0.2378E+01 -0.2437E+01 -0.2435E+01 -0.2329E+01 -0.2244E+01 -0.2166E+01 -0.2127E+01 -0.2127E+01 -0.2098E+01 -0.2010E+01 -0.1642E+01 -0.1196E+01
     19.5122      120.0000 -0.7171E-08 -0.2113E-01 -0.2112E+00 -0.1065E+01 -0.1115E+01 -0.1370E+01 -0.1660E+01 -0.1795E+01 -0.1871E+01 -0.2006E+01 -0.2099E+01 -0.2140E+01 -0.2237E+01 -0.2314E+01 -0.2378E+01 -0.2437E+01 -0.2435E+01 -0.2329E+01 -0.2244E+01 -0.2166E+01 -0.2127E+01 -0.2127E+01 -0.2098E+01 -0.2010E+01 -0.1642E+01 -0.1196E+01
     19.6477      130.0000 -0.7024E-08 -0.2110E-01 -0.2111E+00 -0.1064E+01 -0.1115E+01 -0.1369E+01 -0.1659E+01 -0.1795E+01 -0.1871E+01 -0.2006E+01 -0.2099E+01 -0.2140E+01 -0.2237E+01 -0.2314E+01 -0.2378E+01 -0.2437E+01 -0.2435E+01 -0.2329E+01 -0.2244E+01 -0.2166E+01 -0.2127E+01 -0.2127E+01 -0.2098E+01 -0.2010E+01 -0.1642E+01 -0.1196E+01
     19.7832      140.0000 -0.6880E-08 -0.2107E-01 -0.2110E+00 -0.1064E+01 -0.1114E+01 -0.1369E+01 -0.1659E+01 -0.1795E+01 -0.1871E+01 -0.2006E+01 -0.2099E+01 -0.2140E+01 -0.2237E+01 -0.2314E+01 -0.2378E+01 -0.2437E+01 -0.2435E+01 -0.2329E+01 -0.2244E+01 -0.2166E+01 -0.2127E+01 -0.2127E+01 -0.2098E+01 -0.2010E+01 -0.1642E+01 -0.1196E+01
     19.9187      150.0000 -0.6740E-08 -0.2104E-01 -0.2109E+00 -0.1064E+01 -0.1114E+01 -0.1369E+01 -0.1659E+01 -0.1795E+01 -0.1871E+01 -0.2006E+01 -0.2099E+01 -0.2140E+01 -0.2237E+01 -0.2314E+01 -0.2378E+01 -0.2437E+01 -0.2435E+01 -0.2329E+01 -0.2244E+01 -0.2166E+01 -0.2127E+01 -0.2127E+01 -0.2098E+01 -0.2010E+01 -0.1642E+01 -0.1196E+01
     20.0542      160.0000 -0.6602E-08 -0.2101E-01 -0.2107E+00 -0.1064E+01 -0.1114E+01 -0.1369E+01 -0.1659E+01 -0.1795E+01 -0.1871E+01 -0.2006E+01 -0.2099E+01 -0.2140E+01 -0.2237E+01 -0.2314E+01 -0.2378E+01 -0.2437E+01 -0.2435E+01 -0.2329E+01 -0.2244E+01 -0.2166E+01 -0.2127E+01 -0.2127E+01 -0.2098E+01 -0.2010E+01 -0.1642E+01 -0.1196E+01
     20.1897      170.0000 -0.6467E-08 -0.2098E-01 -0.2106E+00 -0.1064E+01 -0.1114E+01 -0.1369E+01 -0.1659E+01 -0.1795E+01 -0.1871E+01 -0.2006E+01 -0.2099E+01 -0.2140E+01 -0.2237E+01 -0.2314E+01 -0.2378E+01 -0.2437E+01 -0.2435E+01 -0.2329E+01 -0.2244E+01 -0.2166E+01 -0.2127E+01 -0.2127E+01 -0.2098E+01 -0.2010E+01 -0.1642E+01 -0.1196E+01
     20.3252      180.0000 -0.6335E-08 -0.2095E-01 -0.2105E+00 -0.1063E+01 -0.1114E+01 -0.1369E+01 -0.1659E+01 -0.1795E+01 -0.1871E+01 -0.2006E+01 -0.2099E+01 -0.2140E+01 -0.2237E+01 -0.2314E+01 -0.2378E+01 -0.2437E+01 -0.2435E+01 -0.2329E+01 -0.2244E+01 -0.2166E+01 -0.2127E+01 -0.2127E+01 -0.2098E+01 -0.2010E+01 -0.1642E+01 -0.1196E+01
     20.4607      190.0000 -0.6206E-08 -0.2092E-01 -0.2104E+00 -0.1063E+01 -0.1114E+01 -0.1369E+01 -0.1659E+01 -0.1795E+01 -0.1871E+01 -0.2006E+01 -0.2099E+01 -0.2140E+01 -0.2237E+01 -0.2314E+01 -0.2378E+01 -0.2437E+01 -0.2435E+01 -0.2329E+01 -0.2244E+01 -0.2166E+01 -0.2127E+01 -0.2127E+01 -0.2098E+01 -0.2010E+01 -0.1642E+01 -0.1196E+01
     20.5962      200.0000 -0.6079E-08 -0.2090E-01 -0.2103E+00 -0.1063E+01 -0.1114E+01 -0.1368E+01 -0.1659E+01 -0.1795E+01 -0.1871E+01 -0.2006E+01 -0.2099E+01 -0.2140E+01 -0.2237E+01 -0.2314E+01 -0.2378E+01 -0.2437E+01 -0.2435E+01 -0.2329E+01 -0.2244E+01 -0.2166E+01 -0.2127E+01 -0.2127E+01 -0.2098E+01 -0.2010E+01 -0.1642E+01 -0.1196E+01
     20.7317      210.0000 -0.5954E-08 -0.2087E-01 -0.2102E+00 -0.1063E+01 -0.1114E+01 -0.1368E+01 -0.1659E+01 -0.1795E+01 -0.1871E+01 -0.2006E+01 -0.2099E+01 -0.2140E+01 -0.2237E+01 -0.2314E+01 -0.2378E+01 -0.2437E+01 -0.2435E+01 -0.2329E+01 -0.2244E+01 -0.2166E+01 -0.2127E+01 -0.2127E+01 -0.2098E+01 -0.2010E+01 -0.1642E+01 -0.1196E+01
     20.8672      220.0000 -0.5833E-08 -0.2084E-01 -0.2101E+00 -0.1063E+01 -0.1113E+01 -0.1368E+01 -0.1659E+01 -0.1795E+01 -0.1871E+01 -0.2006E+01 -0.2099E+01 -0.2140E+01 -0.2237E+01 -0.2314E+01 -0.2378E+01 -0.2437E+01 -0.2435E+01 -0.2329E+01 -0.2244E+01 -0.2166E+01 -0.2127E+01 -0.2127E+01 -0.2098E+01 -0.2010E+01 -0.1642E+01 -0.1196E+01
     21.0027      230.0000 -0.5713E-08 -0.2082E-01 -0.2099E+00 -0.1063E+01 -0.1113E+01 -0.1368E+01 -0.1659E+01 -0.1795E+01 -0.1871E+01 -0.2006E+01 -0.2099E+01 -0.2140E+01 -0.2237E+01 -0.2313E+01 -0.2378E+01 -0.2437E+01 -0.2435E+01 -0.2329E+01 -0.2244E+01 -0.2166E+01 -0.2127E+01 -0.2127E+01 -0.2098E+01 -0.2010E+01 -0.1642E+01 -0.1196E+01
     21.1382      240.0000 -0.5597E-08 -0.2079E-01 -0.2098E+00 -0.1062E+01 -0.1113E+01 -0.1368E+01 -0.1659E+01 -0.1795E+01 -0.1871E+01 -0.2006E+01 -0.2099E+01 -0.2140E+01 -0.2237E+01 -0.2313E+01 -0.2378E+01 -0.2437E+01 -0.2435E+01 -0.2329E+01 -0.2244E+01 -0.2166E+01 -0.2127E+01 -0.2127E+01 -0.2098E+01 -0.2010E+01 -0.1642E+01 -0.1196E+01
     21.2737      250.0000 -0.5482E-08 -0.2077E-01 -0.2097E+00 -0.1062E+01 -0.1113E+01 -0.1368E+01 -0.1659E+01 -0.1795E+01 -0.1871E+01 -0.2006E+01 -0.2099E+01 -0.2140E+01 -0.2237E+01 -0.2313E+01 -0.2378E+01 -0.2437E+01 -0.2435E+01 -0.2329E+01 -0.2244E+01 -0.2166E+01 -0.2127E+01 -0.2127E+01 -0.2098E+01 -0.2010E+01 -0.1642E+01 -0.1196E+01
     21.4092      260.0000 -0.5370E-08 -0.2074E-01 -0.2096E+00 -0.1062E+01 -0.1113E+01 -0.1368E+01 -0.1659E+01 -0.1795E+01 -0.1871E+01 -0.2006E+01 -0.2099E+01 -0.2140E+01 -0.2237E+01 -0.2313E+01 -0.2378E+01 -0.2437E+01 -0.2435E+01 -0.2329E+01 -0.2244E+01 -0.2166E+01 -0.2127E+01 -0.2127E+01 -0.2098E+01 -0.2010E+01 -0.1642E+01 -0.1196E+01
     21.5447      270.0000 -0.5260E-08 -0.2072E-01 -0.2095E+00 -0.1062E+01 -0.1113E+01 -0.1367E+01 -0.1659E+01 -0.1795E+01 -0.1871E+01 -0.2006E+01 -0.2099E+01 -0.2140E+01 -0.2237E+01 -0.2313E+01 -0.2378E+01 -0.2437E+01 -0.2435E+01 -0.2329E+01 -0.2244E+01 -0.2166E+01 -0.2127E+01 -0.2127E+01 -0.2098E+01 -0.2010E+01 -0.1642E+01 -0.1196E+01
     21.6802      280.0000 -0.5153E-08 -0.2069E-01 -0.2094E+00 -0.1062E+01 -0.1113E+01 -0.1367E+01 -0.1659E+01 -0.1795E+01 -0.1871E+01 -0.2006E+01 -0.2099E+01 -0.2140E+01 -0.2237E+01 -0.2313E+01 -0.2378E+01 -0.2437E+01 -0.2435E+01 -0.2329E+01 -0.2244E+01 -0.2166E+01 -0.2127E+01 -0.2127E+01 -0.2098E+01 -0.2010E+01 -0.1642E+01 -0.1196E+01
     21.8157      290.0000 -0.5047E-08 -0.2067E-01 -0.2093E+00 -0.1062E+01 -0.1113E+01 -0.1367E+01 -0.1659E+01 -0.1795E+01 -0.1871E+01 -0.2006E+01 -0.2099E+01 -0.2140E+01 -0.2237E+01 -0.2313E+01 -0.2378E+01 -0.2437E+01 -0.2435E+01 -0.2329E+01 -0.2244E+01 -0.2166E+01 -0.2127E+01 -0.2127E+01 -0.2098E+01 -0.2010E+01 -0.1642E+01 -0.1196E+01
     21.9512      300.0000 -0.4944E-08 -0.2065E-01 -0.2093E+00 -0.1062E+01 -0.1113E+01 -0.1367E+01 -0.1659E+01 -0.1795E+01 -0.1871E+01 -0.2006E+01 -0.2099E+01 -0.2140E+01 -0.2237E+01 -0.2313E+01 -0.2378E+01 -0.2437E+01 -0.2435E+01 -0.2329E+01 -0.2244E+01 -0.2166E+01 -0.2127E+01 -0.2127E+01 -0.2098E+01 -0.2010E+01 -0.1642E+01 -0.1196E+01
     22.0867      310.0000 -0.4843E-08 -0.2063E-01 -0.2092E+00 -0.1061E+01 -0.1112E+01 -0.1367E+01 -0.1659E+01 -0.1795E+01 -0.1871E+01 -0.2006E+01 -0.2099E+01 -0.2140E+01 -0.2237E+01 -0.2313E+01 -0.2378E+01 -0.2437E+01 -0.2435E+01 -0.2329E+01 -0.2244E+01 -0.2166E+01 -0.2127E+01 -0.2127E+01 -0.2098E+01 -0.2010E+01 -0.1642E+01 -0.1196E+01
     22.2222      320.0000 -0.4744E-08 -0.2060E-01 -0.2091E+00 -0.1061E+01 -0.1112E+01 -0.1367E+01 -0.1659E+01 -0.1795E+01 -0.1871E+01 -0.2006E+01 -0.2099E+01 -0.2140E+01 -0.2237E+01 -0.2313E+01 -0.2378E+01 -0.2437E+01 -0.2435E+01 -0.2329E+01 -0.2244E+01 -0.2166E+01 -0.2127E+01 -0.2127E+01 -0.2098E+01 -0.2010E+01 -0.1642E+01 -0.1196E+01
     22.3577      330.0000 -0.4646E-08 -0.2058E-01 -0.2090E+00 -0.1061E+01 -0.1112E+01 -0.1367E+01 -0.1659E+01 -0.1795E+01 -0.1871E+01 -0.2006E+01 -0.2099E+01 -0.2140E+01 -0.2237E+01 -0.2313E+01 -0.2378E+01 -0.2437E+01 -0.2435E+01 -0.2329E+01 -0.2244E+01 -0.2166E+01 -0.2127E+01 -0.2127E+01 -0.2098E+01 -0.2010E+01 -0.1642E+01 -0.1196E+01
     22.4932      340.0000 -0.4551E-08 -0.2056E-01 -0.2089E+00 -0.1061E+01 -0.1112E+01 -0.1367E+01 -0.1659E+01 -0.1795E+01 -0.1871E+01 -0.2006E+01 -0.2099E+01 -0.2140E+01 -0.2237E+01 -0.2313E+01 -0.2378E+01 -0.2437E+01 -0.2435E+01 -0.2329E+01 -0.2244E+01 -0.2166E+01 -0.2127E+01 -0.2127E+01 -0.2098E+01 -0.2010E+01 -0.1642E+01 -0.1196E+01
     22.6287      350.0000 -0.4458E-08 -0.2054E-01 -0.2088E+00 -0.1061E+01 -0.1112E+01 -0.1366E+01 -0.1659E+01 -0.1795E+01 -0.1871E+01 -0.2006E+01 -0.2099E+01 -0.2140E+01 -0.2237E+01 -0.2313E+01 -0.2378E+01 -0.2437E+01 -0.2435E+01 -0.2329E+01 -0.2244E+01 -0.2166E+01 -0.2127E+01 -0.2127E+01 -0.2098E+01 -0.2010E+01 -0.1642E+01 -0.1196E+01
     22.7642      360.0000 -0.4367E-08 -0.2052E-01 -0.2087E+00 -0.1061E+01 -0.1112E+01 -0.1366E+01 -0.1659E+01 -0.1795E+01 -0.1871E+01 -0.2006E+01 -0.2099E+01 -0.2140E+01 -0.2237E+01 -0.2313E+01 -0.2378E+01 -0.2437E+01 -0.2435E+01 -0.2329E+01 -0.2244E+01 -0.2166E+01 -0.2127E+01 -0.2127E+01 -0.2098E+01 -0.2010E+01 -0.1642E+01 -0.1196E+01
     22.8997       10.0000 -0.4278E-08 -0.2050E-01 -0.2086E+00 -0.1061E+01 -0.1112E+01 -0.1366E+01 -0.1659E+01 -0.1795E+01 -0.1871E+01 -0.2006E+01 -0.2099E+01 -0.2140E+01 -0.2237E+01 -0.2313E+01 -0.2378E+01 -0.2437E+01 -0.2435E+01 -0.2329E+01 -0.2244E+01 -0.2166E+01 -0.2127E+01 -0.2127E+01 -0.2098E+01 -0.2010E+01 -0.1642E+01 -0.1196E+01
     23.0352       20.0000 -0.4190E-08 -0.2048E-01 -0.2086E+00 -0.1061E+01 -0.1112E+01 -0.1366E+01 -0.1659E+01 -0.1795E+01 -0.1871E+01 -0.2006E+01 -0.2099E+01 -0.2140E+01 -0.2237E+01 -0.2313E+01 -0.2378E+01 -0.2437E+01 -0.2435E+01 -0.2329E+01 -0.2244E+01 -0.2166E+01 -0.2127E+01 -0.2127E+01 -0.2098E+01 -0.2010E+01 -0.1642E+01 -0.1196E+01
     23.1707       30.0000 -0.4104E-08 -0.2047E-01 -0.2085E+00 -0.1060E+01 -0.1112E+01 -0.1366E+01 -0.1659E+01 -0.1795E+01 -0.1871E+01 -0.2006E+01 -0.2099E+01 -0.2140E+01 -0.2237E+01 -0.2313E+01 -0.2378E+01 -0.2437E+01 -0.2435E+01 -0.2329E+01 -0.2244E+01 -0.2166E+01 -0.2127E+01 -0.2127E+01 -0.2098E+01 -0.2010E+01 -0.1642E+01 -0.1196E+01
     23.3062       40.0000 -0.4020E-08 -0.2045E-01 -0.2084E+00 -0.1060E+01 -0.1112E+01 -0.1366E+01 -0.1659E+01 -0.1795E+01 -0.1871E+01 -0.2006E+01 -0.2099E+01 -0.2140E+01 -0.2237E+01 -0.2313E+01 -0.2378E+01 -0.2437E+01 -0.2435E+01 -0.2329E+01 -0.2244E+01 -0.2166E+01 -0.2127E+01 -0.2127E+01 -0.2098E+01 -0.2010E+01 -0.1642E+01 -0.1196E+01
     23.4417       50.0000 -0.3938E-08 -0.2043E-01 -0.2083E+00 -0.1060E+01 -0.1112E+01 -0.1366E+01 -0.1659E+01 -0.1795E+01 -0.1871E+01 -0.2006E+01 -0.2099E+01 -0.2140E+01 -0.2237E+01 -0.2313E+01 -0.2378E+01 -0.2437E+01 -0.2435E+01 -0.2329E+01 -0.2244E+01 -0.2166E+01 -0.2127E+01 -0.2127E+01 -0.2098E+01 -0.2010E+01 -0.1642E+01 -0.1196E+01
     23.5772       60.0000 -0.3857E-08 -0.2041E-01 -0.2083E+00 -0.1060E+01 -0.1111E+01 -0.1366E+01 -0.1659E+01 -0.1795E+01 -0.1871E+01 -0.2006E+01 -0.2099E+01 -0.2140E+01 -0.2237E+01 -0.2313E+01 -0.2378E+01 -0.2437E+01 -0.2435E+01 -0.2329E+01 -0.2244E+01 -0.2166E+01 -0.2127E+01 -0.2127E+01 -0.2098E+01 -0.2010E+01 -0.1642E+01 -0.1196E+01
     23.7127       70.0000 -0.3778E-08 -0.2039E-01 -0.2082E+00 -0.1060E+01 -0.1111E+01 -0.1366E+01 -0.1659E+01 -0.1795E+01 -0.1871E+01 -0.2006E+01 -0.2099E+01 -0.2140E+01 -0.2237E+01 -0.2313E+01 -0.2378E+01 -0.2437E+01 -0.2435E+01 -0.2329E+01 -0.2244E+01 -0.2166E+01 -0.2127E+01 -0.2127E+01 -0.2098E+01 -0.2010E+01 -0.1642E+01 -0.1196E+01
     23.8482       80.0000 -0.3701E-08 -0.2038E-01 -0.2081E+00 -0.1060E+01 -0.1111E+01 -0.1365E+01 -0.1659E+01 -0.1795E+01 -0.1871E+01 -0.2006E+01 -0.2099E+01 -0.2140E+01 -0.2237E+01 -0.2313E+01 -0.2378E+01 -0.2437E+01 -0.2435E+01 -0.2329E+01 -0.2244E+01 -0.2166E+01 -0.2127E+01 -0.2127E+01 -0.2098E+01 -0.2010E+01 -0.1642E+01 -0.1196E+01
     23.9837       90.0000 -0.3625E-08 -0.2036E-01 -0.2080E+00 -0.1060E+01 -0.1111E+01 -0.1365E+01 -0.1659E+01 -0.1795E+01 -0.1871E+01 -0.2006E+01 -0.2099E+01 -0.2140E+01 -0.2237E+01 -0.2313E+01 -0.2378E+01 -0.2437E+01 -0.2435E+01 -0.2329E+01 -0.2244E+01 -0.2166E+01 -0.2127E+01 -0.2127E+01 -0.2098E+01 -0.2010E+01 -0.1642E+01 -0.1196E+01
     24.1192      100.0000 -0.3551E-08 -0.2035E-01 -0.2080E+00 -0.1060E+01 -0.1111E+01 -0.1365E+01 -0.1659E+01 -0.1795E+01 -0.1871E+01 -0.2006E+01 -0.2099E+01 -0.2140E+01 -0.2237E+01 -0.2313E+01 -0.2378E+01 -0.2437E+01 -0.2435E+01 -0.2329E+01 -0.2244E+01 -0.2166E+01 -0.2127E+01 -0.2127E+01 -0.2098E+01 -0.2010E+01 -0.1642E+01 -0.1196E+01
     24.2547      110.0000 -0.3478E-08 -0.2033E-01 -0.2079E+00 -0.1060E+01 -0.1111E+01 -0.1365E+01 -0.1659E+01 -0.1795E+01 -0.1871E+01 -0.2006E+01 -0.2099E+01 -0.2140E+01 -0.2237E+01 -0.2313E+01 -0.2378E+01 -0.2437E+01 -0.2435E+01 -0.2329E+01 -0.2244E+01 -0.2166E+01 -0.2127E+01 -0.2127E+01 -0.2098E+01 -0.2010E+01 -0.1642E+01 -0.1196E+01
     24.3902      120.0000 -0.3407E-08 -0.2031E-01 -0.2078E+00 -0.1059E+01 -0.1111E+01 -0.1365E+01 -0.1659E+01 -0.1795E+01 -0.1871E+01 -0.2006E+01 -0.2099E+01 -0.2140E+01 -0.2237E+01 -0.2313E+01 -0.2378E+01 -0.2437E+01 -0.2435E+01 -0.2329E+01 -0.2244E+01 -0.2166E+01 -0.2127E+01 -0.2127E+01 -0.2098E+01 -0.2010E+01 -0.1642E+01 -0.1196E+01
     24.5257      130.0000 -0.3337E-08 -0.2030E-01 -0.2078E+00 -0.1059E+01 -0.1111E+01 -0.1365E+01 -0.1659E+01 -0.1795E+01 -0.1871E+01 -0.2006E+01 -0.2099E+01 -0.2140E+01 -0.2237E+01 -0.2313E+01 -0.2378E+01 -0.2437E+01 -0.2435E+01 -0.2329E+01 -0.2244E+01 -0.2166E+01 -0.2127E+01 -0.2127E+01 -0.2098E+01 -0.2010E+01 -0.1642E+01 -0.1196E+01
     24.6612      140.0000 -0.3269E-08 -0.2028E-01 -0.2077E+00 -0.1059E+01 -0.1111E+01 -0.1365E+01 -0.1659E+01 -0.1795E+01 -0.1871E+01 -0.2006E+01 -0.2099E+01 -0.2140E+01 -0.2237E+01 -0.2313E+01 -0.2378E+01 -0.2437E+01 -0.2435E+01 -0.2329E+01 -0.2244E+01 -0.2166E+01 -0.2127E+01 -0.2127E+01 -0.2098E+01 -0.2010E+01 -0.1642E+01 -0.1196E+01
     24.7967      150.0000 -0.3202E-08 -0.2027E-01 -0.2077E+00 -0.1059E+01 -0.1111E+01 -0.1365E+01 -0.1659E+01 -0.1795E+01 -0.1871E+01 -0.2006E+01 -0.2099E+01 -0.2140E+01 -0.2237E+01 -0.2313E+01 -0.2378E+01 -0.2437E+01 -0.2435E+01 -0.2329E+01 -0.2244E+01 -0.2166E+01 -0.2127E+01 -0.2127E+01 -0.2098E+01 -0.2010E+01 -0.1642E+01 -0.1196E+01
     24.9322      160.0000 -0.3137E-08 -0.2025E-01 -0.2076E+00 -0.1059E+01 -0.1111E+01 -0.1365E+01 -0.1659E+01 -0.1795E+01 -0.1871E+01 -0.2006E+01 -0.2099E+01 -0.2140E+01 -0.2237E+01 -0.2313E+01 -0.2378E+01 -0.2437E+01 -0.2435E+01 -0.2329E+01 -0.2244E+01 -0.2166E+01 -0.2127E+01 -0.2127E+01 -0.2098E+01 -0.2010E+01 -0.1642E+01 -0.1196E+01
     25.0678      170.0000 -0.3072E-08 -0.2024E-01 -0.2075E+00 -0.1059E+01 -0.1111E+01 -0.1365E+01 -0.1659E+01 -0.1795E+01 -0.1871E+01 -0.2006E+01 -0.2099E+01 -0.2140E+01 -0.2237E+01 -0.2313E+01 -0.2378E+01 -0.2437E+01 -0.2435E+01 -0.2329E+01 -0.2244E+01 -0.2166E+01 -0.2127E+01 -0.2127E+01 -0.2098E+01 -0.2010E+01 -0.1642E+01 -0.1196E+01
     25.2033      180.0000 -0.3010E-08 -0.2023E-01 -0.2075E+00 -0.1059E+01 -0.1111E+01 -0.1364E+01 -0.1659E+01 -0.1795E+01 -0.1871E+01 -0.2006E+01 -0.2099E+01 -0.2140E+01 -0.2237E+01 -0.2313E+01 -0.2378E+01 -0.2437E+01 -0.2435E+01 -0.2329E+01 -0.2244E+01 -0.2166E+01 -0.2127E+01 -0.2127E+01 -0.2098E+01 -0.2010E+01 -0.1642E+01 -0.1196E+01
     25.3388      190.0000 -0.2948E-08 -0.2021E-01 -0.2074E+00 -0.1059E+01 -0.1111E+01 -0.1364E+01 -0.1659E+01 -0.1795E+01 -0.1871E+01 -0.2006E+01 -0.2099E+01 -0.2140E+01 -0.2237E+01 -0.2313E+01 -0.2378E+01 -0.2437E+01 -0.2435E+01 -0.2329E+01 -0.2244E+01 -0.2166E+01 -0.2127E+01 -0.2127E+01 -0.2098E+01 -0.2010E+01 -0.1642E+01 -0.1196E+01
     25.4743      200.0000 -0.2888E-08 -0.2020E-01 -0.2074E+00 -0.1059E+01 -0.1111E+01 -0.1364E+01 -0.1659E+01 -0.1795E+01 -0.1871E+01 -0.2006E+01 -0.2099E+01 -0.2140E+01 -0.2237E+01 -0.2313E+01 -0.2378E+01 -0.2437E+01 -0.2435E+01 -0.2329E+01 -0.2244E+01 -0.2166E+01 -0.2127E+01 -0.2127E+01 -0.2098E+01 -0.2010E+01 -0.1642E+01 -0.1196E+01
     25.6098      210.0000 -0.2829E-08 -0.2019E-01 -0.2073E+00 -0.1059E+01 -0.1110E+01 -0.1364E+01 -0.1659E+01 -0.1795E+01 -0.1871E+01 -0.2006E+01 -0.2099E+01 -0.2140E+01 -0.2237E+01 -0.2313E+01 -0.2378E+01 -0.2437E+01 -0.2435E+01 -0.2329E+01 -0.2244E+01 -0.2166E+01 -0.2127E+01 -0.2127E+01 -0.2098E+01 -0.2010E+01 -0.1642E+01 -0.1196E+01
     25.7453      220.0000 -0.2771E-08 -0.2017E-01 -0.2072E+00 -0.1059E+01 -0.1110E+01 -0.1364E+01 -0.1659E+01 -0.1795E+01 -0.1871E+01 -0.2006E+01 -0.2099E+01 -0.2140E+01 -0.2237E+01 -0.2313E+01 -0.2378E+01 -0.2437E+01 -0.2435E+01 -0.2329E+01 -0.2244E+01 -0.2166E+01 -0.2127E+01 -0.2127E+01 -0.2098E+01 -0.2010E+01 -0.1642E+01 -0.1196E+01
     25.8808      230.0000 -0.2714E-08 -0.2016E-01 -0.2072E+00 -0.1059E+01 -0.1110E+01 -0.1364E+01 -0.1659E+01 -0.1795E+01 -0.1871E+01 -0.2006E+01 -0.2099E+01 -0.2140E+01 -0.2237E+01 -0.2313E+01 -0.2378E+01 -0.2437E+01 -0.2435E+01 -0.2329E+01 -0.2244E+01 -0.2166E+01 -0.2127E+01 -0.2127E+01 -0.2098E+01 -0.2010E+01 -0.1642E+01 -0.1196E+01
     26.0163      240.0000 -0.2658E-08 -0.2015E-01 -0.2071E+00 -0.1058E+01 -0.1110E+01 -0.1364E+01 -0.1659E+01 -0.1795E+01 -0.1871E+01 -0.2006E+01 -0.2099E+01 -0.2140E+01 -0.2237E+01 -0.2313E+01 -0.2378E+01 -0.2437E+01 -0.2435E+01 -0.2329E+01 -0.2244E+01 -0.2166E+01 -0.2127E+01 -0.2127E+01 -0.2098E+01 -0.2010E+01 -0.1642E+01 -0.1196E+01
     26.1518      250.0000 -0.2604E-08 -0.2014E-01 -0.2071E+00 -0.1058E+01 -0.1110E+01 -0.1364E+01 -0.1659E+01 -0.1795E+01 -0.1871E+01 -0.2006E+01 -0.2099E+01 -0.2140E+01 -0.2237E+01 -0.2313E+01 -0.2378E+01 -0.2437E+01 -0.2435E+01 -0.2329E+01 -0.2244E+01 -0.2166E+01 -0.2127E+01 -0.2127E+01 -0.2098E+01 -0.2010E+01 -0.1642E+01 -0.1196E+01
     26.2873      260.0000 -0.2551E-08 -0.2013E-01 -0.2070E+00 -0.1058E+01 -0.1110E+01 -0.1364E+01 -0.1659E+01 -0.1795E+01 -0.1871E+01 -0.2006E+01 -0.2099E+01 -0.2140E+01 -0.2237E+01 -0.2313E+01 -0.2378E+01 -0.2437E+01 -0.2435E+01 -0.2329E+01 -0.2244E+01 -0.2166E+01 -0.2127E+01 -0.2127E+01 -0.2098E+01 -0.2010E+01 -0.1642E+01 -0.1196E+01
     26.4228      270.0000 -0.2498E-08 -0.2012E-01 -0.2070E+00 -0.1058E+01 -0.1110E+01 -0.1364E+01 -0.1659E+01 -0.1795E+01 -0.1871E+01 -0.2006E+01 -0.2099E+01 -0.2140E+01 -0.2237E+01 -0.2313E+01 -0.2378E+01 -0.2437E+01 -0.2435E+01 -0.2329E+01 -0.2244E+01 -0.2166E+01 -0.2127E+01 -0.2127E+01 -0.2098E+01 -0.2010E+01 -0.1642E+01 -0.1196E+01
     26.5583      280.0000 -0.2447E-08 -0.2010E-01 -0.2069E+00 -0.1058E+01 -0.1110E+01 -0.1364E+01 -0.1659E+01 -0.1795E+01 -0.1871E+01 -0.2006E+01 -0.2099E+01 -0.2140E+01 -0.2237E+01 -0.2313E+01 -0.2378E+01 -0.2437E+01 -0.2435E+01 -0.2329E+01 -0.2244E+01 -0.2166E+01 -0.2127E+01 -0.2127E+01 -0.2098E+01 -0.2010E+01 -0.1642E+01 -0.1196E+01
     26.6938      290.0000 -0.2397E-08 -0.2009E-01 -0.2069E+00 -0.1058E+01 -0.1110E+01 -0.1364E+01 -0.1659E+01 -0.1795E+01 -0.1871E+01 -0.2006E+01 -0.2099E+01 -0.2140E+01 -0.2237E+01 -0.2313E+01 -0.2378E+01 -0.2437E+01 -0.2435E+01 -0.2329E+01 -0.2244E+01 -0.2166E+01 -0.2127E+01 -0.2127E+01 -0.2098E+01 -0.2010E+01 -0.1642E+01 -0.1196E+01
     26.8293      300.0000 -0.2348E-08 -0.2008E-01 -0.2068E+00 -0.1058E+01 -0.1110E+01 -0.1363E+01 -0.1659E+01 -0.1795E+01 -0.1871E+01 -0.2006E+01 -0.2099E+01 -0.2140E+01 -0.2237E+01 -0.2313E+01 -0.2378E+01 -0.2437E+01 -0.2435E+01 -0.2329E+01 -0.2244E+01 -0.2166E+01 -0.2127E+01 -0.2127E+01 -0.2098E+01 -0.2010E+01 -0.1642E+01 -0.1196E+01
     26.9648      310.0000 -0.2300E-08 -0.2007E-01 -0.2068E+00 -0.1058E+01 -0.1110E+01 -0.1363E+01 -0.1659E+01 -0.1795E+01 -0.1871E+01 -0.2006E+01 -0.2099E+01 -0.2140E+01 -0.2237E+01 -0.2313E+01 -0.2378E+01 -0.2437E+01 -0.2435E+01 -0.2329E+01 -0.2244E+01 -0.2166E+01 -0.2127E+01 -0.2127E+01 -0.2098E+01 -0.2010E+01 -0.1642E+01 -0.1196E+01
     27.1003      320.0000 -0.2253E-08 -0.2006E-01 -0.2068E+00 -0.1058E+01 -0.1110E+01 -0.1363E+01 -0.1659E+01 -0.1795E+01 -0.1871E+01 -0.2006E+01 -0.2099E+01 -0.2140E+01 -0.2237E+01 -0.2313E+01 -0.2378E+01 -0.2437E+01 -0.2435E+01 -0.2329E+01 -0.2244E+01 -0.2166E+01 -0.2127E+01 -0.2127E+01 -0.2098E+01 -0.2010E+01 -0.1642E+01 -0.1196E+01
     27.2358      330.0000 -0.2207E-08 -0.2005E-01 -0.2067E+00 -0.1058E+01 -0.1110E+01 -0.1363E+01 -0.1659E+01 -0.1795E+01 -0.1871E+01 -0.2006E+01 -0.2099E+01 -0.2140E+01 -0.2237E+01 -0.2313E+01 -0.2378E+01 -0.2437E+01 -0.2435E+01 -0.2329E+01 -0.2244E+01 -0.2166E+01 -0.2127E+01 -0.2127E+01 -0.2098E+01 -0.2010E+01 -0.1642E+01 -0.1196E+01
     27.3713      340.0000 -0.2162E-08 -0.2004E-01 -0.2067E+00 -0.1058E+01 -0.1110E+01 -0.1363E+01 -0.1659E+01 -0.1795E+01 -0.1871E+01 -0.2006E+01 -0.2099E+01 -0.2140E+01 -0.2237E+01 -0.2313E+01 -0.2378E+01 -0.2437E+01 -0.2435E+01 -0.2329E+01 -0.2244E+01 -0.2166E+01 -0.2127E+01 -0.2127E+01 -0.2098E+01 -0.2010E+01 -0.1642E+01 -0.1196E+01
     27.5068      350.0000 -0.2117E-08 -0.2003E-01 -0.2066E+00 -0.1058E+01 -0.1110E+01 -0.1363E+01 -0.1659E+01 -0.1795E+01 -0.1871E+01 -0.2006E+01 -0.2099E+01 -0.2140E+01 -0.2237E+01 -0.2313E+01 -0.2378E+01 -0.2437E+01 -0.2435E+01 -0.2329E+01 -0.2244E+01 -0.2166E+01 -0.2127E+01 -0.2127E+01 -0.2098E+01 -0.2010E+01 -0.1642E+01 -0.1196E+01
     27.6423      360.0000 -0.2074E-08 -0.2002E-01 -0.2066E+00 -0.1058E+01 -0.1110E+01 -0.1363E+01 -0.1659E+01 -0.1795E+01 -0.1871E+01 -0.2006E+01 -0.2099E+01 -0.2140E+01 -0.2237E+01 -0.2313E+01 -0.2378E+01 -0.2437E+01 -0.2435E+01 -0.2329E+01 -0.2244E+01 -0.2166E+01 -0.2127E+01 -0.2127E+01 -0.2098E+01 -0.2010E+01 -0.1642E+01 -0.1196E+01
     27.7778       10.0000 -0.2032E-08 -0.2001E-01 -0.2065E+00 -0.1058E+01 -0.1110E+01 -0.1363E+01 -0.1659E+01 -0.1795E+01 -0.1871E+01 -0.2006E+01 -0.2099E+01 -0.2140E+01 -0.2237E+01 -0.2313E+01 -0.2378E+01 -0.2437E+01 -0.2435E+01 -0.2329E+01 -0.2244E+01 -0.2166E+01 -0.2127E+01 -0.2127E+01 -0.2098E+01 -0.2010E+01 -0.1642E+01 -0.1196E+01
     27.9133       20.0000 -0.1990E-08 -0.2000E-01 -0.2065E+00 -0.1057E+01 -0.1110E+01 -0.1363E+01 -0.1659E+01 -0.1795E+01 -0.1871E+01 -0.2006E+01 -0.2099E+01 -0.2140E+01 -0.2237E+01 -0.2313E+01 -0.2378E+01 -0.2437E+01 -0.2435E+01 -0.2329E+01 -0.2244E+01 -0.2166E+01 -0.2127E+01 -0.2127E+01 -0.2098E+01 -0.2010E+01 -0.1642E+01 -0.1196E+01
     28.0488       30.0000 -0.1949E-08 -0.2000E-01 -0.2065E+00 -0.1057E+01 -0.1110E+01 -0.1363E+01 -0.1659E+01 -0.1795E+01 -0.1871E+01 -0.2006E+01 -0.2099E+01 -0.2140E+01 -0.2237E+01 -0.2313E+01 -0.2378E+01 -0.2437E+01 -0.2435E+01 -0.2329E+01 -0.2244E+01 -0.2166E+01 -0.2127E+01 -0.2127E+01 -0.2098E+01 -0.2010E+01 -0.1642E+01 -0.1196E+01
     28.1843       40.0000 -0.1909E-08 -0.1999E-01 -0.2064E+00 -0.1057E+01 -0.1110E+01 -0.1363E+01 -0.1659E+01 -0.1795E+01 -0.1871E+01 -0.2006E+01 -0.2099E+01 -0.2140E+01 -0.2237E+01 -0.2313E+01 -0.2378E+01 -0.2437E+01 -0.2435E+01 -0.2329E+01 -0.2244E+01 -0.2166E+01 -0.2127E+01 -0.2127E+01 -0.2098E+01 -0.2010E+01 -0.1642E+01 -0.1196E+01
     28.3198       50.0000 -0.1870E-08 -0.1998E-01 -0.2064E+00 -0.1057E+01 -0.1109E+01 -0.1363E+01 -0.1659E+01 -0.1795E+01 -0.1871E+01 -0.2006E+01 -0.2099E+01 -0.2140E+01 -0.2237E+01 -0.2313E+01 -0.2378E+01 -0.2437E+01 -0.2435E+01 -0.2329E+01 -0.2244E+01 -0.2166E+01 -0.2127E+01 -0.2127E+01 -0.2098E+01 -0.2010E+01 -0.1642E+01 -0.1196E+01
     28.4553       60.0000 -0.1832E-08 -0.1997E-01 -0.2064E+00 -0.1057E+01 -0.1109E+01 -0.1363E+01 -0.1659E+01 -0.1795E+01 -0.1871E+01 -0.2006E+01 -0.2099E+01 -0.2140E+01 -0.2237E+01 -0.2313E+01 -0.2378E+01 -0.2437E+01 -0.2435E+01 -0.2329E+01 -0.2244E+01 -0.2166E+01 -0.2127E+01 -0.2127E+01 -0.2098E+01 -0.2010E+01 -0.1642E+01 -0.1196E+01
     28.5908       70.0000 -0.1794E-08 -0.1996E-01 -0.2063E+00 -0.1057E+01 -0.1109E+01 -0.1363E+01 -0.1659E+01 -0.1795E+01 -0.1871E+01 -0.2006E+01 -0.2099E+01 -0.2140E+01 -0.2237E+01 -0.2313E+01 -0.2378E+01 -0.2437E+01 -0.2435E+01 -0.2329E+01 -0.2244E+01 -0.2166E+01 -0.2127E+01 -0.2127E+01 -0.2098E+01 -0.2010E+01 -0.1642E+01 -0.1196E+01
     28.7263       80.0000 -0.1758E-08 -0.1995E-01 -0.2063E+00 -0.1057E+01 -0.1109E+01 -0.1362E+01 -0.1659E+01 -0.1795E+01 -0.1871E+01 -0.2006E+01 -0.2099E+01 -0.2140E+01 -0.2237E+01 -0.2313E+01 -0.2378E+01 -0.2437E+01 -0.2435E+01 -0.2329E+01 -0.2244E+01 -0.2166E+01 -0.2127E+01 -0.2127E+01 -0.2098E+01 -0.2010E+01 -0.1642E+01 -0.1196E+01
     28.8618       90.0000 -0.1722E-08 -0.1995E-01 -0.2062E+00 -0.1057E+01 -0.1109E+01 -0.1362E+01 -0.1659E+01 -0.1795E+01 -0.1871E+01 -0.2006E+01 -0.2099E+01 -0.2140E+01 -0.2237E+01 -0.2313E+01 -0.2378E+01 -0.2437E+01 -0.2435E+01 -0.2329E+01 -0.2244E+01 -0.2166E+01 -0.2127E+01 -0.2127E+01 -0.2098E+01 -0.2010E+01 -0.1642E+01 -0.1196E+01
     28.9973      100.0000 -0.1687E-08 -0.1994E-01 -0.2062E+00 -0.1057E+01 -0.1109E+01 -0.1362E+01 -0.1659E+01 -0.1795E+01 -0.1871E+01 -0.2006E+01 -0.2099E+01 -0.2140E+01 -0.2237E+01 -0.2313E+01 -0.2378E+01 -0.2437E+01 -0.2435E+01 -0.2329E+01 -0.2244E+01 -0.2166E+01 -0.2127E+01 -0.2127E+01 -0.2098E+01 -0.2010E+01 -0.1642E+01 -0.1196E+01
     29.1328      110.0000 -0.1652E-08 -0.1993E-01 -0.2062E+00 -0.1057E+01 -0.1109E+01 -0.1362E+01 -0.1659E+01 -0.1795E+01 -0.1871E+01 -0.2006E+01 -0.2099E+01 -0.2140E+01 -0.2237E+01 -0.2313E+01 -0.2378E+01 -0.2437E+01 -0.2435E+01 -0.2329E+01 -0.2244E+01 -0.2166E+01 -0.2127E+01 -0.2127E+01 -0.2098E+01 -0.2010E+01 -0.1642E+01 -0.1196E+01
     29.2683      120.0000 -0.1618E-08 -0.1992E-01 -0.2061E+00 -0.1057E+01 -0.1109E+01 -0.1362E+01 -0.1659E+01 -0.1795E+01 -0.1871E+01 -0.2006E+01 -0.2099E+01 -0.2140E+01 -0.2237E+01 -0.2313E+01 -0.2378E+01 -0.2437E+01 -0.2435E+01 -0.2329E+01 -0.2244E+01 -0.2166E+01 -0.2127E+01 -0.2127E+01 -0.2098E+01 -0.2010E+01 -0.1642E+01 -0.1196E+01
     29.4038      130.0000 -0.1585E-08 -0.1992E-01 -0.2061E+00 -0.1057E+01 -0.1109E+01 -0.1362E+01 -0.1659E+01 -0.1795E+01 -0.1871E+01 -0.2006E+01 -0.2099E+01 -0.2140E+01 -0.2237E+01 -0.2313E+01 -0.2378E+01 -0.2437E+01 -0.2435E+01 -0.2329E+01 -0.2244E+01 -0.2166E+01 -0.2127E+01 -0.2127E+01 -0.2098E+01 -0.2010E+01 -0.1642E+01 -0.1196E+01
     29.5393      140.0000 -0.1553E-08 -0.1991E-01 -0.2061E+00 -0.1057E+01 -0.1109E+01 -0.1362E+01 -0.1659E+01 -0.1795E+01 -0.1871E+01 -0.2006E+01 -0.2099E+01 -0.2140E+01 -0.2237E+01 -0.2313E+01 -0.2378E+01 -0.2437E+01 -0.2435E+01 -0.2329E+01 -0.2244E+01 -0.2166E+01 -0.2127E+01 -0.2127E+01 -0.2098E+01 -0.2010E+01 -0.1642E+01 -0.1196E+01
     29.6748      150.0000 -0.1521E-08 -0.1990E-01 -0.2060E+00 -0.1057E+01 -0.1109E+01 -0.1362E+01 -0.1659E+01 -0.1795E+01 -0.1871E+01 -0.2006E+01 -0.2099E+01 -0.2140E+01 -0.2237E+01 -0.2313E+01 -0.2378E+01 -0.2437E+01 -0.2435E+01 -0.2329E+01 -0.2244E+01 -0.2166E+01 -0.2127E+01 -0.2127E+01 -0.2098E+01 -0.2010E+01 -0.1642E+01 -0.1196E+01
     29.8103      160.0000 -0.1490E-08 -0.1990E-01 -0.2060E+00 -0.1057E+01 -0.1109E+01 -0.1362E+01 -0.1659E+01 -0.1795E+01 -0.1871E+01 -0.2006E+01 -0.2099E+01 -0.2140E+01 -0.2237E+01 -0.2313E+01 -0.2378E+01 -0.2437E+01 -0.2435E+01 -0.2329E+01 -0.2244E+01 -0.2166E+01 -0.2127E+01 -0.2127E+01 -0.2098E+01 -0.2010E+01 -0.1642E+01 -0.1196E+01
     29.9458      170.0000 -0.1459E-08 -0.1989E-01 -0.2060E+00 -0.1057E+01 -0.1109E+01 -0.1362E+01 -0.1659E+01 -0.1795E+01 -0.1871E+01 -0.2006E+01 -0.2099E+01 -0.2140E+01 -0.2237E+01 -0.2313E+01 -0.2378E+01 -0.2437E+01 -0.2435E+01 -0.2329E+01 -0.2244E+01 -0.2166E+01 -0.2127E+01 -0.2127E+01 -0.2098E+01 -0.2010E+01 -0.1642E+01 -0.1196E+01
