Time history of radial distribution for BEM variable: Cm[-] for blade 1
                          rCurvi[m] (curvilinear radial distance)
                                0.7893      2.3680      3.9467      5.5254      7.1040      8.6827     10.2614     11.8401     13.4188     14.9974     16.5761     18.1548     19.7335     21.3121     22.8908     24.4695     26.0482     27.6268     29.2055     30.7842     32.3629     33.9416     35.5202     37.0989     38.2829     39.0723
                          zB[m] (radial coordinate along blade axis)
     time[s]  azimuth[deg]      0.1833      1.7549      3.3294      4.9066      6.4848      8.0632      9.6423     11.2252     12.8089     14.3906     15.9682     17.5466     19.1253     20.7040     22.2825     23.8605     25.4378     27.0144     28.5901     30.1649     31.7388     33.3118     34.8842     36.4562     37.6335     38.4193
      0.0000        0.0000 -0.3020E-04 -0.7679E-02 -0.4943E-01 -0.9953E-01 -0.1109E+00 -0.6081E-03  0.4557E-03  0.1009E-02  0.1324E-02  0.1388E-02  0.1323E-02  0.1297E-02  0.1292E-02  0.1306E-02  0.1339E-02  0.1380E-02  0.1417E-02  0.1457E-02  0.1493E-02  0.1518E-02  0.1521E-02  0.1494E-02  0.1407E-02  0.1202E-02  0.8163E-03  0.4943E-03
      0.1355       10.0000 -0.3020E-04 -0.7641E-02 -0.6560E-01 -0.1119E+00 -0.1181E+00 -0.3327E-02  0.7150E-03  0.1449E-02  0.1556E-02  0.1501E-02  0.1379E-02  0.1325E-02  0.1306E-02  0.1314E-02  0.1344E-02  0.1383E-02  0.1417E-02  0.1456E-02  0.1491E-02  0.1515E-02  0.1518E-02  0.1491E-02  0.1404E-02  0.1200E-02  0.8157E-03  0.5015E-03
      0.2710       20.0000 -0.3020E-04 -0.7607E-02 -0.5137E-01 -0.9835E-01 -0.1103E+00 -0.7528E-03  0.6326E-03  0.1153E-02  0.1399E-02  0.1425E-02  0.1342E-02  0.1307E-02  0.1297E-02  0.1309E-02  0.1341E-02  0.1381E-02  0.1417E-02  0.1456E-02  0.1492E-02  0.1516E-02  0.1519E-02  0.1492E-02  0.1405E-02  0.1201E-02  0.8161E-03  0.5004E-03
      0.4065       30.0000 -0.3020E-04 -0.7714E-02 -0.4686E-01 -0.1001E+00 -0.1083E+00 -0.2117E-02  0.4279E-03  0.1039E-02  0.1344E-02  0.1399E-02  0.1329E-02  0.1302E-02  0.1295E-02  0.1309E-02  0.1341E-02  0.1381E-02  0.1417E-02  0.1457E-02  0.1493E-02  0.1517E-02  0.1520E-02  0.1493E-02  0.1406E-02  0.1201E-02  0.8162E-03  0.4982E-03
      0.5420       40.0000 -0.3020E-04 -0.8233E-02 -0.4831E-01 -0.1070E+00 -0.1098E+00 -0.4916E-03  0.1911E-03  0.1020E-02  0.1335E-02  0.1394E-02  0.1327E-02  0.1301E-02  0.1294E-02  0.1308E-02  0.1341E-02  0.1381E-02  0.1417E-02  0.1457E-02  0.1493E-02  0.1517E-02  0.1521E-02  0.1493E-02  0.1406E-02  0.1202E-02  0.8163E-03  0.4963E-03
      0.6775       50.0000 -0.3021E-04 -0.9321E-02 -0.5096E-01 -0.9321E-01 -0.1130E+00 -0.1225E-02 -0.6007E-03  0.1016E-02  0.1333E-02  0.1393E-02  0.1327E-02  0.1301E-02  0.1294E-02  0.1308E-02  0.1341E-02  0.1381E-02  0.1417E-02  0.1457E-02  0.1493E-02  0.1518E-02  0.1521E-02  0.1494E-02  0.1407E-02  0.1202E-02  0.8163E-03  0.4952E-03
      0.8130       60.0000 -0.3021E-04 -0.1098E-01 -0.5613E-01 -0.9537E-01 -0.1195E+00 -0.3200E-02 -0.1862E-02  0.1004E-02  0.1327E-02  0.1390E-02  0.1326E-02  0.1300E-02  0.1294E-02  0.1308E-02  0.1341E-02  0.1381E-02  0.1417E-02  0.1457E-02  0.1493E-02  0.1518E-02  0.1521E-02  0.1494E-02  0.1407E-02  0.1202E-02  0.8163E-03  0.4947E-03
      0.9485       70.0000 -0.3022E-04 -0.1310E-01 -0.6368E-01 -0.9846E-01 -0.1080E+00 -0.6963E-02 -0.3107E-02  0.1014E-02  0.1331E-02  0.1393E-02  0.1327E-02  0.1300E-02  0.1294E-02  0.1308E-02  0.1341E-02  0.1381E-02  0.1417E-02  0.1457E-02  0.1493E-02  0.1518E-02  0.1521E-02  0.1494E-02  0.1407E-02  0.1202E-02  0.8163E-03  0.4944E-03
      1.0840       80.0000 -0.3023E-04 -0.1550E-01 -0.7287E-01 -0.1034E+00 -0.1099E+00 -0.1192E-01 -0.4016E-02  0.1014E-02  0.1332E-02  0.1393E-02  0.1327E-02  0.1300E-02  0.1294E-02  0.1308E-02  0.1341E-02  0.1381E-02  0.1417E-02  0.1457E-02  0.1493E-02  0.1518E-02  0.1521E-02  0.1494E-02  0.1407E-02  0.1202E-02  0.8163E-03  0.4943E-03
      1.2195       90.0000 -0.3024E-04 -0.1799E-01 -0.8271E-01 -0.1098E+00 -0.1134E+00 -0.1694E-01 -0.4379E-02  0.1014E-02  0.1331E-02  0.1392E-02  0.1326E-02  0.1300E-02  0.1294E-02  0.1308E-02  0.1341E-02  0.1381E-02  0.1417E-02  0.1457E-02  0.1493E-02  0.1518E-02  0.1521E-02  0.1493E-02  0.1407E-02  0.1202E-02  0.8163E-03  0.4943E-03
      1.3550      100.0000 -0.3026E-04 -0.2036E-01 -0.9214E-01 -0.1166E+00 -0.1186E+00 -0.2098E-01  0.4587E-03  0.1013E-02  0.1331E-02  0.1392E-02  0.1326E-02  0.1300E-02  0.1294E-02  0.1308E-02  0.1341E-02  0.1381E-02  0.1417E-02  0.1457E-02  0.1493E-02  0.1518E-02  0.1521E-02  0.1494E-02  0.1407E-02  0.1202E-02  0.8163E-03  0.4943E-03
      1.4905      110.0000 -0.3027E-04 -0.2244E-01 -0.1003E+00 -0.1229E+00 -0.1246E+00 -0.3788E-03  0.3104E-03  0.1013E-02  0.1331E-02  0.1392E-02  0.1326E-02  0.1300E-02  0.1294E-02  0.1308E-02  0.1341E-02  0.1381E-02  0.1417E-02  0.1457E-02  0.1493E-02  0.1518E-02  0.1521E-02  0.1494E-02  0.1407E-02  0.1202E-02  0.8163E-03  0.4943E-03
      1.6260      120.0000 -0.3028E-04 -0.2408E-01 -0.1063E+00 -0.1280E+00 -0.1304E+00 -0.1134E-02 -0.1995E-04  0.1013E-02  0.1331E-02  0.1392E-02  0.1326E-02  0.1300E-02  0.1294E-02  0.1308E-02  0.1341E-02  0.1381E-02  0.1417E-02  0.1457E-02  0.1493E-02  0.1518E-02  0.1521E-02  0.1494E-02  0.1407E-02  0.1202E-02  0.8163E-03  0.4943E-03
      1.7615      130.0000 -0.3028E-04 -0.2519E-01 -0.1099E+00 -0.1314E+00 -0.1350E+00 -0.2731E-02 -0.4436E-03  0.1013E-02  0.1331E-02  0.1392E-02  0.1326E-02  0.1300E-02  0.1294E-02  0.1308E-02  0.1341E-02  0.1381E-02  0.1417E-02  0.1457E-02  0.1493E-02  0.1518E-02  0.1521E-02  0.1494E-02  0.1407E-02  0.1202E-02  0.8163E-03  0.4943E-03
      1.8970      140.0000 -0.3029E-04 -0.2572E-01 -0.1109E+00 -0.1329E+00 -0.1380E+00 -0.4812E-02 -0.8458E-03  0.1014E-02  0.1331E-02  0.1392E-02  0.1326E-02  0.1300E-02  0.1294E-02  0.1308E-02  0.1341E-02  0.1381E-02  0.1417E-02  0.1457E-02  0.1493E-02  0.1518E-02  0.1521E-02  0.1494E-02  0.1407E-02  0.1202E-02  0.8163E-03  0.4943E-03
      2.0325      150.0000 -0.3029E-04 -0.2567E-01 -0.1094E+00 -0.1324E+00 -0.1390E+00 -0.6884E-02 -0.1139E-02  0.1014E-02  0.1331E-02  0.1392E-02  0.1326E-02  0.1300E-02  0.1294E-02  0.1308E-02  0.1341E-02  0.1381E-02  0.1417E-02  0.1457E-02  0.1493E-02  0.1518E-02  0.1521E-02  0.1494E-02  0.1407E-02  0.1202E-02  0.8163E-03  0.4943E-03
      2.1680      160.0000 -0.3029E-04 -0.2362E-01 -0.1005E+00 -0.1302E+00 -0.1381E+00 -0.8550E-02 -0.1277E-02  0.1014E-02  0.1331E-02  0.1392E-02  0.1326E-02  0.1300E-02  0.1294E-02  0.1308E-02  0.1341E-02  0.1381E-02  0.1417E-02  0.1457E-02  0.1493E-02  0.1518E-02  0.1521E-02  0.1494E-02  0.1407E-02  0.1202E-02  0.8163E-03  0.4943E-03
      2.3035      170.0000 -0.3029E-04 -0.2145E-01 -0.9179E-01 -0.1245E+00 -0.1358E+00 -0.9571E-02 -0.1256E-02  0.1014E-02  0.1331E-02  0.1392E-02  0.1326E-02  0.1300E-02  0.1294E-02  0.1308E-02  0.1341E-02  0.1381E-02  0.1417E-02  0.1457E-02  0.1493E-02  0.1518E-02  0.1521E-02  0.1494E-02  0.1407E-02  0.1202E-02  0.8163E-03  0.4943E-03
      2.4390      180.0000 -0.3028E-04 -0.1928E-01 -0.8339E-01 -0.1190E+00 -0.1308E+00 -0.9867E-02 -0.1101E-02  0.1013E-02  0.1330E-02  0.1392E-02  0.1326E-02  0.1300E-02  0.1294E-02  0.1308E-02  0.1341E-02  0.1381E-02  0.1417E-02  0.1457E-02  0.1493E-02  0.1518E-02  0.1521E-02  0.1493E-02  0.1407E-02  0.1202E-02  0.8163E-03  0.4943E-03
      2.5745      190.0000 -0.3027E-04 -0.1719E-01 -0.7565E-01 -0.1139E+00 -0.1260E+00 -0.9483E-02 -0.7834E-03  0.1013E-02  0.1330E-02  0.1392E-02  0.1326E-02  0.1300E-02  0.1294E-02  0.1308E-02  0.1341E-02  0.1381E-02  0.1417E-02  0.1457E-02  0.1493E-02  0.1518E-02  0.1521E-02  0.1494E-02  0.1407E-02  0.1202E-02  0.8163E-03  0.4943E-03
      2.7100      200.0000 -0.3026E-04 -0.1526E-01 -0.6884E-01 -0.1093E+00 -0.1216E+00 -0.8564E-02 -0.4633E-03  0.1014E-02  0.1330E-02  0.1392E-02  0.1326E-02  0.1300E-02  0.1294E-02  0.1308E-02  0.1341E-02  0.1381E-02  0.1417E-02  0.1457E-02  0.1493E-02  0.1518E-02  0.1521E-02  0.1494E-02  0.1407E-02  0.1202E-02  0.8163E-03  0.4943E-03
      2.8455      210.0000 -0.3025E-04 -0.1353E-01 -0.6309E-01 -0.1055E+00 -0.1178E+00 -0.6945E-02  0.4565E-03  0.1014E-02  0.1330E-02  0.1392E-02  0.1326E-02  0.1300E-02  0.1294E-02  0.1308E-02  0.1341E-02  0.1381E-02  0.1417E-02  0.1457E-02  0.1493E-02  0.1518E-02  0.1521E-02  0.1494E-02  0.1407E-02  0.1202E-02  0.8163E-03  0.4943E-03
      2.9810      220.0000 -0.3024E-04 -0.1204E-01 -0.5844E-01 -0.1024E+00 -0.1148E+00 -0.5360E-02  0.4330E-03  0.1015E-02  0.1330E-02  0.1392E-02  0.1326E-02  0.1300E-02  0.1294E-02  0.1308E-02  0.1341E-02  0.1381E-02  0.1417E-02  0.1457E-02  0.1493E-02  0.1518E-02  0.1521E-02  0.1494E-02  0.1407E-02  0.1202E-02  0.8163E-03  0.4943E-03
      3.1165      230.0000 -0.3023E-04 -0.1079E-01 -0.5486E-01 -0.1001E+00 -0.1126E+00 -0.3934E-02  0.3818E-03  0.1015E-02  0.1330E-02  0.1392E-02  0.1326E-02  0.1300E-02  0.1294E-02  0.1308E-02  0.1341E-02  0.1381E-02  0.1417E-02  0.1457E-02  0.1493E-02  0.1518E-02  0.1521E-02  0.1494E-02  0.1407E-02  0.1202E-02  0.8163E-03  0.4943E-03
      3.2520      240.0000 -0.3023E-04 -0.9790E-02 -0.5226E-01 -0.9850E-01 -0.1111E+00 -0.2750E-02  0.3247E-03  0.1015E-02  0.1331E-02  0.1392E-02  0.1326E-02  0.1300E-02  0.1294E-02  0.1308E-02  0.1341E-02  0.1381E-02  0.1417E-02  0.1457E-02  0.1493E-02  0.1518E-02  0.1521E-02  0.1494E-02  0.1407E-02  0.1202E-02  0.8163E-03  0.4943E-03
      3.3875      250.0000 -0.3022E-04 -0.9017E-02 -0.5051E-01 -0.9749E-01 -0.1102E+00 -0.1842E-02  0.2778E-03  0.1015E-02  0.1331E-02  0.1392E-02  0.1326E-02  0.1300E-02  0.1294E-02  0.1308E-02  0.1341E-02  0.1381E-02  0.1417E-02  0.1457E-02  0.1493E-02  0.1518E-02  0.1521E-02  0.1494E-02  0.1407E-02  0.1202E-02  0.8163E-03  0.4943E-03
      3.5230      260.0000 -0.3021E-04 -0.8449E-02 -0.4946E-01 -0.9697E-01 -0.1097E+00 -0.1203E-02  0.2496E-03  0.1015E-02  0.1330E-02  0.1392E-02  0.1326E-02  0.1300E-02  0.1294E-02  0.1308E-02  0.1341E-02  0.1381E-02  0.1417E-02  0.1457E-02  0.1493E-02  0.1518E-02  0.1521E-02  0.1494E-02  0.1407E-02  0.1202E-02  0.8163E-03  0.4943E-03
      3.6585      270.0000 -0.3021E-04 -0.8061E-02 -0.4896E-01 -0.9681E-01 -0.1096E+00 -0.8008E-03  0.2426E-03  0.1016E-02  0.1331E-02  0.1392E-02  0.1326E-02  0.1300E-02  0.1294E-02  0.1308E-02  0.1341E-02  0.1381E-02  0.1417E-02  0.1457E-02  0.1493E-02  0.1518E-02  0.1521E-02  0.1493E-02  0.1407E-02  0.1202E-02  0.8163E-03  0.4943E-03
      3.7940      280.0000 -0.3021E-04 -0.7821E-02 -0.4886E-01 -0.9689E-01 -0.1097E+00 -0.5879E-03  0.2532E-03  0.1015E-02  0.1330E-02  0.1392E-02  0.1326E-02  0.1300E-02  0.1293E-02  0.1308E-02  0.1340E-02  0.1381E-02  0.1417E-02  0.1457E-02  0.1493E-02  0.1518E-02  0.1521E-02  0.1494E-02  0.1407E-02  0.1202E-02  0.8163E-03  0.4943E-03
      3.9295      290.0000 -0.3020E-04 -0.7699E-02 -0.4904E-01 -0.9713E-01 -0.1099E+00 -0.5119E-03  0.2784E-03  0.1015E-02  0.1330E-02  0.1392E-02  0.1326E-02  0.1300E-02  0.1293E-02  0.1308E-02  0.1340E-02  0.1381E-02  0.1417E-02  0.1457E-02  0.1493E-02  0.1518E-02  0.1521E-02  0.1494E-02  0.1407E-02  0.1202E-02  0.8163E-03  0.4943E-03
      4.0650      300.0000 -0.3020E-04 -0.7666E-02 -0.4937E-01 -0.9743E-01 -0.1102E+00 -0.5234E-03  0.3155E-03  0.1015E-02  0.1330E-02  0.1392E-02  0.1326E-02  0.1299E-02  0.1293E-02  0.1308E-02  0.1340E-02  0.1381E-02  0.1417E-02  0.1457E-02  0.1493E-02  0.1518E-02  0.1521E-02  0.1494E-02  0.1407E-02  0.1202E-02  0.8163E-03  0.4943E-03
      4.2005      310.0000 -0.3020E-04 -0.7696E-02 -0.4977E-01 -0.9774E-01 -0.1104E+00 -0.5807E-03  0.3528E-03  0.1015E-02  0.1330E-02  0.1392E-02  0.1326E-02  0.1299E-02  0.1293E-02  0.1308E-02  0.1340E-02  0.1381E-02  0.1417E-02  0.1457E-02  0.1493E-02  0.1518E-02  0.1521E-02  0.1494E-02  0.1407E-02  0.1202E-02  0.8163E-03  0.4943E-03
      4.3360      320.0000 -0.3020E-04 -0.7766E-02 -0.5017E-01 -0.9802E-01 -0.1106E+00 -0.6521E-03  0.3864E-03  0.1015E-02  0.1330E-02  0.1392E-02  0.1326E-02  0.1299E-02  0.1293E-02  0.1308E-02  0.1340E-02  0.1381E-02  0.1417E-02  0.1457E-02  0.1493E-02  0.1518E-02  0.1521E-02  0.1494E-02  0.1407E-02  0.1202E-02  0.8163E-03  0.4943E-03
      4.4715      330.0000 -0.3020E-04 -0.7856E-02 -0.5052E-01 -0.9824E-01 -0.1107E+00 -0.7164E-03  0.4138E-03  0.1015E-02  0.1330E-02  0.1392E-02  0.1326E-02  0.1299E-02  0.1293E-02  0.1308E-02  0.1340E-02  0.1381E-02  0.1417E-02  0.1457E-02  0.1493E-02  0.1518E-02  0.1521E-02  0.1494E-02  0.1407E-02  0.1202E-02  0.8163E-03  0.4943E-03
      4.6070      340.0000 -0.3020E-04 -0.7951E-02 -0.5079E-01 -0.9839E-01 -0.1108E+00 -0.7617E-03  0.4343E-03  0.1015E-02  0.1330E-02  0.1391E-02  0.1325E-02  0.1299E-02  0.1293E-02  0.1308E-02  0.1340E-02  0.1381E-02  0.1417E-02  0.1457E-02  0.1493E-02  0.1518E-02  0.1521E-02  0.1494E-02  0.1407E-02  0.1202E-02  0.8163E-03  0.4943E-03
      4.7425      350.0000 -0.3020E-04 -0.8040E-02 -0.5097E-01 -0.9847E-01 -0.1108E+00 -0.7835E-03  0.4480E-03  0.1015E-02  0.1330E-02  0.1391E-02  0.1325E-02  0.1299E-02  0.1293E-02  0.1308E-02  0.1340E-02  0.1381E-02  0.1417E-02  0.1457E-02  0.1493E-02  0.1518E-02  0.1521E-02  0.1493E-02  0.1407E-02  0.1202E-02  0.8163E-03  0.4943E-03
      4.8780      360.0000 -0.3020E-04 -0.8115E-02 -0.5105E-01 -0.9849E-01 -0.1107E+00 -0.7830E-03  0.4562E-03  0.1015E-02  0.1330E-02  0.1391E-02  0.1325E-02  0.1299E-02  0.1293E-02  0.1308E-02  0.1340E-02  0.1381E-02  0.1417E-02  0.1457E-02  0.1493E-02  0.1518E-02  0.1521E-02  0.1493E-02  0.1407E-02  0.1202E-02  0.8163E-03  0.4943E-03
      5.0136       10.0000 -0.3020E-04 -0.8171E-02 -0.5104E-01 -0.9845E-01 -0.1106E+00 -0.7644E-03  0.4592E-03  0.1014E-02  0.1329E-02  0.1391E-02  0.1325E-02  0.1299E-02  0.1293E-02  0.1308E-02  0.1340E-02  0.1381E-02  0.1417E-02  0.1457E-02  0.1493E-02  0.1518E-02  0.1521E-02  0.1494E-02  0.1407E-02  0.1202E-02  0.8163E-03  0.4943E-03
      5.1491       20.0000 -0.3020E-04 -0.8206E-02 -0.5096E-01 -0.9839E-01 -0.1105E+00 -0.7334E-03  0.4602E-03  0.1015E-02  0.1329E-02  0.1391E-02  0.1325E-02  0.1299E-02  0.1293E-02  0.1307E-02  0.1340E-02  0.1381E-02  0.1417E-02  0.1457E-02  0.1493E-02  0.1518E-02  0.1521E-02  0.1494E-02  0.1407E-02  0.1202E-02  0.8163E-03  0.4943E-03
      5.2846       30.0000 -0.3020E-04 -0.8221E-02 -0.5082E-01 -0.9830E-01 -0.1104E+00 -0.6961E-03  0.4592E-03  0.1015E-02  0.1329E-02  0.1391E-02  0.1325E-02  0.1299E-02  0.1293E-02  0.1307E-02  0.1340E-02  0.1381E-02  0.1417E-02  0.1457E-02  0.1493E-02  0.1518E-02  0.1521E-02  0.1494E-02  0.1407E-02  0.1202E-02  0.8163E-03  0.4943E-03
      5.4201       40.0000 -0.3020E-04 -0.8217E-02 -0.5065E-01 -0.9820E-01 -0.1103E+00 -0.6577E-03  0.4576E-03  0.1014E-02  0.1329E-02  0.1391E-02  0.1325E-02  0.1299E-02  0.1293E-02  0.1307E-02  0.1340E-02  0.1381E-02  0.1417E-02  0.1457E-02  0.1493E-02  0.1518E-02  0.1521E-02  0.1494E-02  0.1407E-02  0.1202E-02  0.8163E-03  0.4943E-03
      5.5556       50.0000 -0.3020E-04 -0.8196E-02 -0.5045E-01 -0.9811E-01 -0.1103E+00 -0.6220E-03  0.4560E-03  0.1014E-02  0.1329E-02  0.1391E-02  0.1325E-02  0.1299E-02  0.1293E-02  0.1307E-02  0.1340E-02  0.1381E-02  0.1417E-02  0.1457E-02  0.1493E-02  0.1518E-02  0.1521E-02  0.1494E-02  0.1407E-02  0.1202E-02  0.8163E-03  0.4943E-03
      5.6911       60.0000 -0.3020E-04 -0.8162E-02 -0.5024E-01 -0.9802E-01 -0.1102E+00 -0.5917E-03  0.4549E-03  0.1014E-02  0.1329E-02  0.1391E-02  0.1325E-02  0.1299E-02  0.1293E-02  0.1307E-02  0.1340E-02  0.1381E-02  0.1417E-02  0.1457E-02  0.1493E-02  0.1518E-02  0.1521E-02  0.1494E-02  0.1407E-02  0.1202E-02  0.8163E-03  0.4943E-03
      5.8266       70.0000 -0.3020E-04 -0.8118E-02 -0.5004E-01 -0.9795E-01 -0.1102E+00 -0.5681E-03  0.4543E-03  0.1014E-02  0.1329E-02  0.1391E-02  0.1325E-02  0.1299E-02  0.1293E-02  0.1307E-02  0.1340E-02  0.1381E-02  0.1417E-02  0.1457E-02  0.1493E-02  0.1518E-02  0.1521E-02  0.1494E-02  0.1407E-02  0.1202E-02  0.8163E-03  0.4943E-03
      5.9621       80.0000 -0.3020E-04 -0.8068E-02 -0.4985E-01 -0.9790E-01 -0.1102E+00 -0.5512E-03  0.4544E-03  0.1014E-02  0.1329E-02  0.1391E-02  0.1325E-02  0.1299E-02  0.1293E-02  0.1307E-02  0.1340E-02  0.1381E-02  0.1417E-02  0.1457E-02  0.1493E-02  0.1518E-02  0.1521E-02  0.1493E-02  0.1407E-02  0.1202E-02  0.8163E-03  0.4943E-03
      6.0976       90.0000 -0.3020E-04 -0.8015E-02 -0.4968E-01 -0.9786E-01 -0.1102E+00 -0.5404E-03  0.4551E-03  0.1014E-02  0.1329E-02  0.1391E-02  0.1325E-02  0.1299E-02  0.1293E-02  0.1307E-02  0.1340E-02  0.1381E-02  0.1417E-02  0.1457E-02  0.1493E-02  0.1518E-02  0.1521E-02  0.1493E-02  0.1407E-02  0.1202E-02  0.8163E-03  0.4943E-03
      6.2331      100.0000 -0.3020E-04 -0.7962E-02 -0.4954E-01 -0.9784E-01 -0.1102E+00 -0.5348E-03  0.4553E-03  0.1013E-02  0.1328E-02  0.1391E-02  0.1325E-02  0.1299E-02  0.1293E-02  0.1307E-02  0.1340E-02  0.1381E-02  0.1417E-02  0.1457E-02  0.1493E-02  0.1518E-02  0.1521E-02  0.1494E-02  0.1407E-02  0.1202E-02  0.8163E-03  0.4943E-03
      6.3686      110.0000 -0.3020E-04 -0.7911E-02 -0.4943E-01 -0.9784E-01 -0.1102E+00 -0.5330E-03  0.4564E-03  0.1014E-02  0.1328E-02  0.1391E-02  0.1325E-02  0.1299E-02  0.1293E-02  0.1307E-02  0.1340E-02  0.1381E-02  0.1417E-02  0.1457E-02  0.1493E-02  0.1518E-02  0.1521E-02  0.1494E-02  0.1407E-02  0.1202E-02  0.8163E-03  0.4943E-03
      6.5041      120.0000 -0.3020E-04 -0.7863E-02 -0.4934E-01 -0.9785E-01 -0.1102E+00 -0.5337E-03  0.4573E-03  0.1014E-02  0.1328E-02  0.1391E-02  0.1325E-02  0.1299E-02  0.1293E-02  0.1307E-02  0.1340E-02  0.1381E-02  0.1417E-02  0.1457E-02  0.1493E-02  0.1518E-02  0.1521E-02  0.1494E-02  0.1407E-02  0.1202E-02  0.8163E-03  0.4943E-03
      6.6396      130.0000 -0.3020E-04 -0.7820E-02 -0.4928E-01 -0.9788E-01 -0.1102E+00 -0.5359E-03  0.4580E-03  0.1013E-02  0.1328E-02  0.1391E-02  0.1325E-02  0.1299E-02  0.1293E-02  0.1307E-02  0.1340E-02  0.1381E-02  0.1417E-02  0.1457E-02  0.1493E-02  0.1518E-02  0.1521E-02  0.1494E-02  0.1407E-02  0.1202E-02  0.8163E-03  0.4943E-03
      6.7751      140.0000 -0.3020E-04 -0.7783E-02 -0.4923E-01 -0.9791E-01 -0.1102E+00 -0.5387E-03  0.4586E-03  0.1013E-02  0.1328E-02  0.1390E-02  0.1325E-02  0.1299E-02  0.1293E-02  0.1307E-02  0.1340E-02  0.1381E-02  0.1417E-02  0.1457E-02  0.1493E-02  0.1518E-02  0.1521E-02  0.1494E-02  0.1407E-02  0.1202E-02  0.8163E-03  0.4943E-03
      6.9106      150.0000 -0.3020E-04 -0.7753E-02 -0.4921E-01 -0.9794E-01 -0.1103E+00 -0.5414E-03  0.4590E-03  0.1013E-02  0.1328E-02  0.1390E-02  0.1325E-02  0.1299E-02  0.1293E-02  0.1307E-02  0.1340E-02  0.1381E-02  0.1417E-02  0.1457E-02  0.1493E-02  0.1518E-02  0.1521E-02  0.1494E-02  0.1407E-02  0.1202E-02  0.8163E-03  0.4943E-03
      7.0461      160.0000 -0.3020E-04 -0.7728E-02 -0.4920E-01 -0.9798E-01 -0.1103E+00 -0.5438E-03  0.4592E-03  0.1013E-02  0.1328E-02  0.1390E-02  0.1325E-02  0.1299E-02  0.1293E-02  0.1307E-02  0.1340E-02  0.1381E-02  0.1417E-02  0.1457E-02  0.1493E-02  0.1518E-02  0.1521E-02  0.1493E-02  0.1407E-02  0.1202E-02  0.8163E-03  0.4943E-03
      7.1816      170.0000 -0.3020E-04 -0.7708E-02 -0.4920E-01 -0.9801E-01 -0.1103E+00 -0.5455E-03  0.4594E-03  0.1013E-02  0.1328E-02  0.1390E-02  0.1325E-02  0.1299E-02  0.1293E-02  0.1307E-02  0.1340E-02  0.1381E-02  0.1417E-02  0.1457E-02  0.1493E-02  0.1518E-02  0.1521E-02  0.1493E-02  0.1407E-02  0.1202E-02  0.8163E-03  0.4943E-03
      7.3171      180.0000 -0.3020E-04 -0.7694E-02 -0.4921E-01 -0.9805E-01 -0.1103E+00 -0.5467E-03  0.4597E-03  0.1013E-02  0.1328E-02  0.1390E-02  0.1325E-02  0.1299E-02  0.1293E-02  0.1307E-02  0.1340E-02  0.1381E-02  0.1417E-02  0.1457E-02  0.1493E-02  0.1518E-02  0.1521E-02  0.1493E-02  0.1407E-02  0.1202E-02  0.8163E-03  0.4943E-03
      7.4526      190.0000 -0.3020E-04 -0.7685E-02 -0.4922E-01 -0.9808E-01 -0.1103E+00 -0.5474E-03  0.4591E-03  0.1012E-02  0.1328E-02  0.1390E-02  0.1325E-02  0.1299E-02  0.1293E-02  0.1307E-02  0.1340E-02  0.1381E-02  0.1417E-02  0.1457E-02  0.1493E-02  0.1518E-02  0.1521E-02  0.1494E-02  0.1407E-02  0.1202E-02  0.8163E-03  0.4943E-03
      7.5881      200.0000 -0.3020E-04 -0.7679E-02 -0.4923E-01 -0.9811E-01 -0.1104E+00 -0.5477E-03  0.4592E-03  0.1013E-02  0.1328E-02  0.1390E-02  0.1325E-02  0.1299E-02  0.1293E-02  0.1307E-02  0.1340E-02  0.1381E-02  0.1417E-02  0.1457E-02  0.1493E-02  0.1518E-02  0.1521E-02  0.1494E-02  0.1407E-02  0.1202E-02  0.8163E-03  0.4943E-03
      7.7236      210.0000 -0.3020E-04 -0.7676E-02 -0.4925E-01 -0.9814E-01 -0.1104E+00 -0.5478E-03  0.4592E-03  0.1013E-02  0.1328E-02  0.1390E-02  0.1325E-02  0.1299E-02  0.1293E-02  0.1307E-02  0.1340E-02  0.1381E-02  0.1417E-02  0.1457E-02  0.1493E-02  0.1518E-02  0.1521E-02  0.1494E-02  0.1407E-02  0.1202E-02  0.8163E-03  0.4943E-03
      7.8591      220.0000 -0.3020E-04 -0.7675E-02 -0.4926E-01 -0.9817E-01 -0.1104E+00 -0.5478E-03  0.4590E-03  0.1013E-02  0.1327E-02  0.1390E-02  0.1325E-02  0.1299E-02  0.1293E-02  0.1307E-02  0.1340E-02  0.1381E-02  0.1417E-02  0.1457E-02  0.1493E-02  0.1518E-02  0.1521E-02  0.1494E-02  0.1407E-02  0.1202E-02  0.8163E-03  0.4943E-03
      7.9946      230.0000 -0.3020E-04 -0.7676E-02 -0.4927E-01 -0.9820E-01 -0.1104E+00 -0.5479E-03  0.4590E-03  0.1013E-02  0.1327E-02  0.1390E-02  0.1324E-02  0.1299E-02  0.1293E-02  0.1307E-02  0.1340E-02  0.1381E-02  0.1417E-02  0.1457E-02  0.1493E-02  0.1518E-02  0.1521E-02  0.1494E-02  0.1407E-02  0.1202E-02  0.8163E-03  0.4943E-03
      8.1301      240.0000 -0.3020E-04 -0.7677E-02 -0.4928E-01 -0.9822E-01 -0.1104E+00 -0.5480E-03  0.4589E-03  0.1012E-02  0.1327E-02  0.1390E-02  0.1324E-02  0.1299E-02  0.1293E-02  0.1307E-02  0.1340E-02  0.1381E-02  0.1417E-02  0.1457E-02  0.1493E-02  0.1518E-02  0.1521E-02  0.1494E-02  0.1407E-02  0.1202E-02  0.8163E-03  0.4943E-03
      8.2656      250.0000 -0.3020E-04 -0.7680E-02 -0.4928E-01 -0.9825E-01 -0.1104E+00 -0.5483E-03  0.4589E-03  0.1012E-02  0.1327E-02  0.1390E-02  0.1324E-02  0.1299E-02  0.1293E-02  0.1307E-02  0.1340E-02  0.1381E-02  0.1417E-02  0.1457E-02  0.1493E-02  0.1518E-02  0.1521E-02  0.1493E-02  0.1407E-02  0.1202E-02  0.8163E-03  0.4943E-03
      8.4011      260.0000 -0.3020E-04 -0.7682E-02 -0.4929E-01 -0.9827E-01 -0.1104E+00 -0.5488E-03  0.4588E-03  0.1012E-02  0.1327E-02  0.1390E-02  0.1324E-02  0.1299E-02  0.1293E-02  0.1307E-02  0.1340E-02  0.1381E-02  0.1417E-02  0.1457E-02  0.1493E-02  0.1518E-02  0.1521E-02  0.1493E-02  0.1407E-02  0.1202E-02  0.8163E-03  0.4943E-03
      8.5366      270.0000 -0.3020E-04 -0.7684E-02 -0.4929E-01 -0.9829E-01 -0.1105E+00 -0.5494E-03  0.4591E-03  0.1013E-02  0.1327E-02  0.1390E-02  0.1324E-02  0.1298E-02  0.1293E-02  0.1307E-02  0.1340E-02  0.1380E-02  0.1417E-02  0.1457E-02  0.1493E-02  0.1518E-02  0.1521E-02  0.1493E-02  0.1407E-02  0.1202E-02  0.8163E-03  0.4943E-03
      8.6721      280.0000 -0.3020E-04 -0.7686E-02 -0.4929E-01 -0.9831E-01 -0.1105E+00 -0.5501E-03  0.4585E-03  0.1012E-02  0.1327E-02  0.1390E-02  0.1324E-02  0.1298E-02  0.1293E-02  0.1307E-02  0.1340E-02  0.1380E-02  0.1417E-02  0.1457E-02  0.1493E-02  0.1518E-02  0.1521E-02  0.1494E-02  0.1407E-02  0.1202E-02  0.8163E-03  0.4943E-03
      8.8076      290.0000 -0.3020E-04 -0.7688E-02 -0.4929E-01 -0.9833E-01 -0.1105E+00 -0.5509E-03  0.4587E-03  0.1012E-02  0.1327E-02  0.1390E-02  0.1324E-02  0.1298E-02  0.1293E-02  0.1307E-02  0.1340E-02  0.1380E-02  0.1417E-02  0.1457E-02  0.1493E-02  0.1518E-02  0.1521E-02  0.1494E-02  0.1407E-02  0.1202E-02  0.8163E-03  0.4943E-03
      8.9431      300.0000 -0.3020E-04 -0.7689E-02 -0.4929E-01 -0.9835E-01 -0.1105E+00 -0.5518E-03  0.4587E-03  0.1012E-02  0.1327E-02  0.1390E-02  0.1324E-02  0.1298E-02  0.1293E-02  0.1307E-02  0.1340E-02  0.1380E-02  0.1417E-02  0.1457E-02  0.1493E-02  0.1518E-02  0.1521E-02  0.1494E-02  0.1407E-02  0.1202E-02  0.8163E-03  0.4943E-03
      9.0786      310.0000 -0.3020E-04 -0.7689E-02 -0.4929E-01 -0.9837E-01 -0.1105E+00 -0.5527E-03  0.4587E-03  0.1012E-02  0.1327E-02  0.1390E-02  0.1324E-02  0.1298E-02  0.1293E-02  0.1307E-02  0.1340E-02  0.1380E-02  0.1417E-02  0.1457E-02  0.1493E-02  0.1518E-02  0.1521E-02  0.1494E-02  0.1407E-02  0.1202E-02  0.8163E-03  0.4943E-03
      9.2141      320.0000 -0.3020E-04 -0.7689E-02 -0.4928E-01 -0.9839E-01 -0.1105E+00 -0.5537E-03  0.4586E-03  0.1012E-02  0.1327E-02  0.1390E-02  0.1324E-02  0.1298E-02  0.1293E-02  0.1307E-02  0.1340E-02  0.1380E-02  0.1417E-02  0.1457E-02  0.1493E-02  0.1518E-02  0.1521E-02  0.1494E-02  0.1407E-02  0.1202E-02  0.8163E-03  0.4943E-03
      9.3496      330.0000 -0.3020E-04 -0.7689E-02 -0.4928E-01 -0.9842E-01 -0.1105E+00 -0.5546E-03  0.4586E-03  0.1012E-02  0.1327E-02  0.1390E-02  0.1324E-02  0.1298E-02  0.1293E-02  0.1307E-02  0.1340E-02  0.1380E-02  0.1417E-02  0.1457E-02  0.1493E-02  0.1518E-02  0.1521E-02  0.1494E-02  0.1407E-02  0.1202E-02  0.8163E-03  0.4943E-03
      9.4851      340.0000 -0.3020E-04 -0.7688E-02 -0.4928E-01 -0.9844E-01 -0.1105E+00 -0.5555E-03  0.4585E-03  0.1012E-02  0.1327E-02  0.1390E-02  0.1324E-02  0.1298E-02  0.1293E-02  0.1307E-02  0.1340E-02  0.1380E-02  0.1417E-02  0.1457E-02  0.1493E-02  0.1518E-02  0.1521E-02  0.1493E-02  0.1407E-02  0.1202E-02  0.8163E-03  0.4943E-03
      9.6206      350.0000 -0.3020E-04 -0.7687E-02 -0.4928E-01 -0.9846E-01 -0.1106E+00 -0.5564E-03  0.4585E-03  0.1012E-02  0.1327E-02  0.1389E-02  0.1324E-02  0.1298E-02  0.1293E-02  0.1307E-02  0.1340E-02  0.1380E-02  0.1417E-02  0.1457E-02  0.1493E-02  0.1518E-02  0.1521E-02  0.1493E-02  0.1407E-02  0.1202E-02  0.8163E-03  0.4943E-03
      9.7561      360.0000 -0.3020E-04 -0.7686E-02 -0.4928E-01 -0.9848E-01 -0.1106E+00 -0.5572E-03  0.4588E-03  0.1012E-02  0.1327E-02  0.1389E-02  0.1324E-02  0.1298E-02  0.1293E-02  0.1307E-02  0.1340E-02  0.1380E-02  0.1417E-02  0.1457E-02  0.1493E-02  0.1518E-02  0.1521E-02  0.1493E-02  0.1407E-02  0.1202E-02  0.8163E-03  0.4943E-03
      9.8916       10.0000 -0.3020E-04 -0.7685E-02 -0.4928E-01 -0.9850E-01 -0.1106E+00 -0.5581E-03  0.4581E-03  0.1011E-02  0.1326E-02  0.1389E-02  0.1324E-02  0.1298E-02  0.1292E-02  0.1307E-02  0.1340E-02  0.1380E-02  0.1417E-02  0.1457E-02  0.1493E-02  0.1518E-02  0.1521E-02  0.1494E-02  0.1407E-02  0.1202E-02  0.8163E-03  0.4943E-03
     10.0271       20.0000 -0.3020E-04 -0.7683E-02 -0.4928E-01 -0.9852E-01 -0.1106E+00 -0.5589E-03  0.4583E-03  0.1011E-02  0.1326E-02  0.1389E-02  0.1324E-02  0.1298E-02  0.1292E-02  0.1307E-02  0.1340E-02  0.1380E-02  0.1417E-02  0.1457E-02  0.1493E-02  0.1518E-02  0.1521E-02  0.1494E-02  0.1407E-02  0.1202E-02  0.8163E-03  0.4943E-03
     10.1626       30.0000 -0.3020E-04 -0.7682E-02 -0.4928E-01 -0.9854E-01 -0.1106E+00 -0.5597E-03  0.4583E-03  0.1011E-02  0.1326E-02  0.1389E-02  0.1324E-02  0.1298E-02  0.1292E-02  0.1307E-02  0.1340E-02  0.1380E-02  0.1417E-02  0.1457E-02  0.1493E-02  0.1518E-02  0.1521E-02  0.1494E-02  0.1407E-02  0.1202E-02  0.8163E-03  0.4943E-03
     10.2981       40.0000 -0.3020E-04 -0.7681E-02 -0.4929E-01 -0.9856E-01 -0.1106E+00 -0.5605E-03  0.4583E-03  0.1011E-02  0.1326E-02  0.1389E-02  0.1324E-02  0.1298E-02  0.1292E-02  0.1307E-02  0.1340E-02  0.1380E-02  0.1417E-02  0.1457E-02  0.1493E-02  0.1518E-02  0.1521E-02  0.1494E-02  0.1407E-02  0.1202E-02  0.8163E-03  0.4943E-03
     10.4336       50.0000 -0.3020E-04 -0.7680E-02 -0.4929E-01 -0.9858E-01 -0.1106E+00 -0.5613E-03  0.4582E-03  0.1011E-02  0.1326E-02  0.1389E-02  0.1324E-02  0.1298E-02  0.1292E-02  0.1307E-02  0.1340E-02  0.1380E-02  0.1417E-02  0.1457E-02  0.1493E-02  0.1518E-02  0.1521E-02  0.1494E-02  0.1407E-02  0.1202E-02  0.8163E-03  0.4943E-03
     10.5691       60.0000 -0.3020E-04 -0.7679E-02 -0.4929E-01 -0.9860E-01 -0.1106E+00 -0.5620E-03  0.4582E-03  0.1011E-02  0.1326E-02  0.1389E-02  0.1324E-02  0.1298E-02  0.1292E-02  0.1307E-02  0.1340E-02  0.1380E-02  0.1417E-02  0.1457E-02  0.1493E-02  0.1518E-02  0.1521E-02  0.1494E-02  0.1407E-02  0.1202E-02  0.8163E-03  0.4943E-03
     10.7046       70.0000 -0.3020E-04 -0.7678E-02 -0.4929E-01 -0.9861E-01 -0.1106E+00 -0.5628E-03  0.4581E-03  0.1011E-02  0.1326E-02  0.1389E-02  0.1324E-02  0.1298E-02  0.1292E-02  0.1307E-02  0.1340E-02  0.1380E-02  0.1417E-02  0.1457E-02  0.1493E-02  0.1518E-02  0.1521E-02  0.1493E-02  0.1407E-02  0.1202E-02  0.8163E-03  0.4943E-03
     10.8401       80.0000 -0.3020E-04 -0.7678E-02 -0.4930E-01 -0.9863E-01 -0.1107E+00 -0.5636E-03  0.4581E-03  0.1011E-02  0.1326E-02  0.1389E-02  0.1324E-02  0.1298E-02  0.1292E-02  0.1307E-02  0.1340E-02  0.1380E-02  0.1417E-02  0.1457E-02  0.1493E-02  0.1518E-02  0.1521E-02  0.1493E-02  0.1407E-02  0.1202E-02  0.8163E-03  0.4943E-03
     10.9756       90.0000 -0.3020E-04 -0.7677E-02 -0.4930E-01 -0.9865E-01 -0.1107E+00 -0.5643E-03  0.4584E-03  0.1011E-02  0.1326E-02  0.1389E-02  0.1324E-02  0.1298E-02  0.1292E-02  0.1307E-02  0.1340E-02  0.1380E-02  0.1417E-02  0.1457E-02  0.1493E-02  0.1518E-02  0.1521E-02  0.1493E-02  0.1407E-02  0.1202E-02  0.8163E-03  0.4943E-03
     11.1111      100.0000 -0.3020E-04 -0.7677E-02 -0.4930E-01 -0.9867E-01 -0.1107E+00 -0.5651E-03  0.4578E-03  0.1010E-02  0.1326E-02  0.1389E-02  0.1324E-02  0.1298E-02  0.1292E-02  0.1307E-02  0.1340E-02  0.1380E-02  0.1417E-02  0.1457E-02  0.1493E-02  0.1518E-02  0.1521E-02  0.1494E-02  0.1407E-02  0.1202E-02  0.8163E-03  0.4943E-03
     11.2466      110.0000 -0.3020E-04 -0.7677E-02 -0.4930E-01 -0.9868E-01 -0.1107E+00 -0.5658E-03  0.4580E-03  0.1011E-02  0.1326E-02  0.1389E-02  0.1324E-02  0.1298E-02  0.1292E-02  0.1307E-02  0.1340E-02  0.1380E-02  0.1417E-02  0.1457E-02  0.1493E-02  0.1518E-02  0.1521E-02  0.1494E-02  0.1407E-02  0.1202E-02  0.8163E-03  0.4943E-03
     11.3821      120.0000 -0.3020E-04 -0.7677E-02 -0.4931E-01 -0.9870E-01 -0.1107E+00 -0.5666E-03  0.4580E-03  0.1011E-02  0.1326E-02  0.1389E-02  0.1324E-02  0.1298E-02  0.1292E-02  0.1307E-02  0.1340E-02  0.1380E-02  0.1417E-02  0.1457E-02  0.1493E-02  0.1518E-02  0.1521E-02  0.1494E-02  0.1407E-02  0.1202E-02  0.8163E-03  0.4943E-03
     11.5176      130.0000 -0.3020E-04 -0.7677E-02 -0.4931E-01 -0.9872E-01 -0.1107E+00 -0.5673E-03  0.4579E-03  0.1011E-02  0.1326E-02  0.1389E-02  0.1324E-02  0.1298E-02  0.1292E-02  0.1307E-02  0.1340E-02  0.1380E-02  0.1417E-02  0.1457E-02  0.1493E-02  0.1518E-02  0.1521E-02  0.1494E-02  0.1407E-02  0.1202E-02  0.8163E-03  0.4943E-03
     11.6531      140.0000 -0.3020E-04 -0.7677E-02 -0.4931E-01 -0.9873E-01 -0.1107E+00 -0.5680E-03  0.4579E-03  0.1011E-02  0.1326E-02  0.1389E-02  0.1324E-02  0.1298E-02  0.1292E-02  0.1307E-02  0.1340E-02  0.1380E-02  0.1417E-02  0.1457E-02  0.1493E-02  0.1518E-02  0.1521E-02  0.1494E-02  0.1407E-02  0.1202E-02  0.8163E-03  0.4943E-03
     11.7886      150.0000 -0.3020E-04 -0.7677E-02 -0.4931E-01 -0.9875E-01 -0.1107E+00 -0.5687E-03  0.4579E-03  0.1011E-02  0.1326E-02  0.1389E-02  0.1324E-02  0.1298E-02  0.1292E-02  0.1307E-02  0.1340E-02  0.1380E-02  0.1417E-02  0.1457E-02  0.1493E-02  0.1518E-02  0.1521E-02  0.1494E-02  0.1407E-02  0.1202E-02  0.8163E-03  0.4943E-03
     11.9241      160.0000 -0.3020E-04 -0.7677E-02 -0.4932E-01 -0.9876E-01 -0.1107E+00 -0.5694E-03  0.4578E-03  0.1011E-02  0.1326E-02  0.1389E-02  0.1324E-02  0.1298E-02  0.1292E-02  0.1307E-02  0.1340E-02  0.1380E-02  0.1417E-02  0.1457E-02  0.1493E-02  0.1518E-02  0.1521E-02  0.1493E-02  0.1407E-02  0.1202E-02  0.8163E-03  0.4943E-03
     12.0596      170.0000 -0.3020E-04 -0.7677E-02 -0.4932E-01 -0.9878E-01 -0.1107E+00 -0.5701E-03  0.4578E-03  0.1011E-02  0.1326E-02  0.1389E-02  0.1324E-02  0.1298E-02  0.1292E-02  0.1307E-02  0.1340E-02  0.1380E-02  0.1417E-02  0.1457E-02  0.1493E-02  0.1518E-02  0.1521E-02  0.1493E-02  0.1407E-02  0.1202E-02  0.8163E-03  0.4943E-03
     12.1951      180.0000 -0.3020E-04 -0.7677E-02 -0.4932E-01 -0.9879E-01 -0.1108E+00 -0.5708E-03  0.4581E-03  0.1011E-02  0.1326E-02  0.1389E-02  0.1324E-02  0.1298E-02  0.1292E-02  0.1307E-02  0.1340E-02  0.1380E-02  0.1417E-02  0.1457E-02  0.1493E-02  0.1518E-02  0.1521E-02  0.1493E-02  0.1407E-02  0.1202E-02  0.8163E-03  0.4943E-03
     12.3306      190.0000 -0.3020E-04 -0.7677E-02 -0.4932E-01 -0.9881E-01 -0.1108E+00 -0.5715E-03  0.4574E-03  0.1010E-02  0.1325E-02  0.1389E-02  0.1324E-02  0.1298E-02  0.1292E-02  0.1307E-02  0.1340E-02  0.1380E-02  0.1417E-02  0.1457E-02  0.1493E-02  0.1518E-02  0.1521E-02  0.1494E-02  0.1407E-02  0.1202E-02  0.8163E-03  0.4943E-03
     12.4661      200.0000 -0.3020E-04 -0.7677E-02 -0.4933E-01 -0.9882E-01 -0.1108E+00 -0.5722E-03  0.4577E-03  0.1010E-02  0.1326E-02  0.1389E-02  0.1324E-02  0.1298E-02  0.1292E-02  0.1307E-02  0.1340E-02  0.1380E-02  0.1417E-02  0.1457E-02  0.1493E-02  0.1518E-02  0.1521E-02  0.1494E-02  0.1407E-02  0.1202E-02  0.8163E-03  0.4943E-03
     12.6016      210.0000 -0.3020E-04 -0.7677E-02 -0.4933E-01 -0.9884E-01 -0.1108E+00 -0.5728E-03  0.4576E-03  0.1010E-02  0.1325E-02  0.1389E-02  0.1324E-02  0.1298E-02  0.1292E-02  0.1307E-02  0.1340E-02  0.1380E-02  0.1417E-02  0.1457E-02  0.1493E-02  0.1518E-02  0.1521E-02  0.1494E-02  0.1407E-02  0.1202E-02  0.8163E-03  0.4943E-03
     12.7371      220.0000 -0.3020E-04 -0.7677E-02 -0.4933E-01 -0.9885E-01 -0.1108E+00 -0.5735E-03  0.4576E-03  0.1010E-02  0.1325E-02  0.1389E-02  0.1324E-02  0.1298E-02  0.1292E-02  0.1307E-02  0.1340E-02  0.1380E-02  0.1417E-02  0.1457E-02  0.1493E-02  0.1518E-02  0.1521E-02  0.1494E-02  0.1407E-02  0.1202E-02  0.8163E-03  0.4943E-03
     12.8726      230.0000 -0.3020E-04 -0.7677E-02 -0.4933E-01 -0.9886E-01 -0.1108E+00 -0.5742E-03  0.4576E-03  0.1010E-02  0.1325E-02  0.1389E-02  0.1324E-02  0.1298E-02  0.1292E-02  0.1307E-02  0.1340E-02  0.1380E-02  0.1417E-02  0.1457E-02  0.1493E-02  0.1518E-02  0.1521E-02  0.1494E-02  0.1407E-02  0.1202E-02  0.8163E-03  0.4943E-03
     13.0081      240.0000 -0.3020E-04 -0.7678E-02 -0.4933E-01 -0.9888E-01 -0.1108E+00 -0.5748E-03  0.4576E-03  0.1010E-02  0.1325E-02  0.1389E-02  0.1324E-02  0.1298E-02  0.1292E-02  0.1307E-02  0.1340E-02  0.1380E-02  0.1417E-02  0.1457E-02  0.1493E-02  0.1518E-02  0.1521E-02  0.1494E-02  0.1407E-02  0.1202E-02  0.8163E-03  0.4943E-03
     13.1436      250.0000 -0.3020E-04 -0.7678E-02 -0.4933E-01 -0.9889E-01 -0.1108E+00 -0.5754E-03  0.4575E-03  0.1010E-02  0.1325E-02  0.1389E-02  0.1324E-02  0.1298E-02  0.1292E-02  0.1307E-02  0.1340E-02  0.1380E-02  0.1417E-02  0.1457E-02  0.1493E-02  0.1518E-02  0.1521E-02  0.1493E-02  0.1407E-02  0.1202E-02  0.8163E-03  0.4943E-03
     13.2791      260.0000 -0.3020E-04 -0.7678E-02 -0.4934E-01 -0.9890E-01 -0.1108E+00 -0.5761E-03  0.4575E-03  0.1010E-02  0.1325E-02  0.1389E-02  0.1324E-02  0.1298E-02  0.1292E-02  0.1307E-02  0.1340E-02  0.1380E-02  0.1417E-02  0.1457E-02  0.1493E-02  0.1518E-02  0.1521E-02  0.1493E-02  0.1407E-02  0.1202E-02  0.8163E-03  0.4943E-03
     13.4146      270.0000 -0.3020E-04 -0.7678E-02 -0.4934E-01 -0.9891E-01 -0.1108E+00 -0.5767E-03  0.4578E-03  0.1011E-02  0.1325E-02  0.1389E-02  0.1324E-02  0.1298E-02  0.1292E-02  0.1307E-02  0.1340E-02  0.1380E-02  0.1417E-02  0.1457E-02  0.1493E-02  0.1518E-02  0.1521E-02  0.1493E-02  0.1407E-02  0.1202E-02  0.8163E-03  0.4943E-03
     13.5501      280.0000 -0.3020E-04 -0.7678E-02 -0.4934E-01 -0.9892E-01 -0.1108E+00 -0.5773E-03  0.4572E-03  0.1010E-02  0.1325E-02  0.1389E-02  0.1324E-02  0.1298E-02  0.1292E-02  0.1307E-02  0.1340E-02  0.1380E-02  0.1417E-02  0.1457E-02  0.1493E-02  0.1518E-02  0.1521E-02  0.1494E-02  0.1407E-02  0.1202E-02  0.8163E-03  0.4943E-03
     13.6856      290.0000 -0.3020E-04 -0.7678E-02 -0.4934E-01 -0.9894E-01 -0.1108E+00 -0.5779E-03  0.4574E-03  0.1010E-02  0.1325E-02  0.1389E-02  0.1324E-02  0.1298E-02  0.1292E-02  0.1307E-02  0.1340E-02  0.1380E-02  0.1417E-02  0.1457E-02  0.1493E-02  0.1518E-02  0.1521E-02  0.1494E-02  0.1407E-02  0.1202E-02  0.8163E-03  0.4943E-03
     13.8211      300.0000 -0.3020E-04 -0.7678E-02 -0.4934E-01 -0.9895E-01 -0.1108E+00 -0.5785E-03  0.4574E-03  0.1010E-02  0.1325E-02  0.1389E-02  0.1324E-02  0.1298E-02  0.1292E-02  0.1307E-02  0.1340E-02  0.1380E-02  0.1417E-02  0.1457E-02  0.1493E-02  0.1518E-02  0.1521E-02  0.1494E-02  0.1407E-02  0.1202E-02  0.8163E-03  0.4943E-03
     13.9566      310.0000 -0.3020E-04 -0.7678E-02 -0.4934E-01 -0.9896E-01 -0.1109E+00 -0.5791E-03  0.4573E-03  0.1010E-02  0.1325E-02  0.1389E-02  0.1324E-02  0.1298E-02  0.1292E-02  0.1307E-02  0.1340E-02  0.1380E-02  0.1417E-02  0.1457E-02  0.1493E-02  0.1518E-02  0.1521E-02  0.1494E-02  0.1407E-02  0.1202E-02  0.8163E-03  0.4943E-03
     14.0921      320.0000 -0.3020E-04 -0.7678E-02 -0.4935E-01 -0.9897E-01 -0.1109E+00 -0.5797E-03  0.4573E-03  0.1010E-02  0.1325E-02  0.1389E-02  0.1323E-02  0.1298E-02  0.1292E-02  0.1307E-02  0.1340E-02  0.1380E-02  0.1417E-02  0.1457E-02  0.1493E-02  0.1518E-02  0.1521E-02  0.1494E-02  0.1407E-02  0.1202E-02  0.8163E-03  0.4943E-03
     14.2276      330.0000 -0.3020E-04 -0.7678E-02 -0.4935E-01 -0.9898E-01 -0.1109E+00 -0.5802E-03  0.4573E-03  0.1010E-02  0.1325E-02  0.1389E-02  0.1323E-02  0.1298E-02  0.1292E-02  0.1307E-02  0.1340E-02  0.1380E-02  0.1417E-02  0.1457E-02  0.1493E-02  0.1518E-02  0.1521E-02  0.1494E-02  0.1407E-02  0.1202E-02  0.8163E-03  0.4943E-03
     14.3631      340.0000 -0.3020E-04 -0.7678E-02 -0.4935E-01 -0.9899E-01 -0.1109E+00 -0.5808E-03  0.4573E-03  0.1010E-02  0.1325E-02  0.1389E-02  0.1323E-02  0.1298E-02  0.1292E-02  0.1307E-02  0.1340E-02  0.1380E-02  0.1417E-02  0.1457E-02  0.1493E-02  0.1518E-02  0.1521E-02  0.1493E-02  0.1407E-02  0.1202E-02  0.8163E-03  0.4943E-03
     14.4986      350.0000 -0.3020E-04 -0.7678E-02 -0.4935E-01 -0.9900E-01 -0.1109E+00 -0.5814E-03  0.4573E-03  0.1010E-02  0.1325E-02  0.1389E-02  0.1323E-02  0.1298E-02  0.1292E-02  0.1307E-02  0.1340E-02  0.1380E-02  0.1417E-02  0.1457E-02  0.1493E-02  0.1518E-02  0.1521E-02  0.1493E-02  0.1407E-02  0.1202E-02  0.8163E-03  0.4943E-03
     14.6341      360.0000 -0.3020E-04 -0.7678E-02 -0.4935E-01 -0.9901E-01 -0.1109E+00 -0.5819E-03  0.4576E-03  0.1010E-02  0.1325E-02  0.1389E-02  0.1323E-02  0.1298E-02  0.1292E-02  0.1307E-02  0.1340E-02  0.1380E-02  0.1417E-02  0.1457E-02  0.1493E-02  0.1518E-02  0.1521E-02  0.1493E-02  0.1407E-02  0.1202E-02  0.8163E-03  0.4943E-03
     14.7696       10.0000 -0.3020E-04 -0.7678E-02 -0.4935E-01 -0.9902E-01 -0.1109E+00 -0.5825E-03  0.4569E-03  0.1009E-02  0.1325E-02  0.1388E-02  0.1323E-02  0.1298E-02  0.1292E-02  0.1307E-02  0.1340E-02  0.1380E-02  0.1417E-02  0.1457E-02  0.1493E-02  0.1518E-02  0.1521E-02  0.1494E-02  0.1407E-02  0.1202E-02  0.8163E-03  0.4943E-03
     14.9051       20.0000 -0.3020E-04 -0.7678E-02 -0.4936E-01 -0.9903E-01 -0.1109E+00 -0.5830E-03  0.4572E-03  0.1010E-02  0.1325E-02  0.1389E-02  0.1323E-02  0.1298E-02  0.1292E-02  0.1307E-02  0.1340E-02  0.1380E-02  0.1417E-02  0.1457E-02  0.1493E-02  0.1518E-02  0.1521E-02  0.1494E-02  0.1407E-02  0.1202E-02  0.8163E-03  0.4943E-03
     15.0407       30.0000 -0.3020E-04 -0.7678E-02 -0.4936E-01 -0.9904E-01 -0.1109E+00 -0.5836E-03  0.4571E-03  0.1010E-02  0.1325E-02  0.1388E-02  0.1323E-02  0.1298E-02  0.1292E-02  0.1307E-02  0.1340E-02  0.1380E-02  0.1417E-02  0.1457E-02  0.1493E-02  0.1518E-02  0.1521E-02  0.1494E-02  0.1407E-02  0.1202E-02  0.8163E-03  0.4943E-03
     15.1762       40.0000 -0.3020E-04 -0.7678E-02 -0.4936E-01 -0.9905E-01 -0.1109E+00 -0.5841E-03  0.4571E-03  0.1010E-02  0.1325E-02  0.1388E-02  0.1323E-02  0.1298E-02  0.1292E-02  0.1307E-02  0.1340E-02  0.1380E-02  0.1417E-02  0.1457E-02  0.1493E-02  0.1518E-02  0.1521E-02  0.1494E-02  0.1407E-02  0.1202E-02  0.8163E-03  0.4943E-03
     15.3117       50.0000 -0.3020E-04 -0.7678E-02 -0.4936E-01 -0.9906E-01 -0.1109E+00 -0.5846E-03  0.4571E-03  0.1010E-02  0.1325E-02  0.1388E-02  0.1323E-02  0.1298E-02  0.1292E-02  0.1307E-02  0.1340E-02  0.1380E-02  0.1417E-02  0.1457E-02  0.1493E-02  0.1518E-02  0.1521E-02  0.1494E-02  0.1407E-02  0.1202E-02  0.8163E-03  0.4943E-03
     15.4472       60.0000 -0.3020E-04 -0.7678E-02 -0.4936E-01 -0.9907E-01 -0.1109E+00 -0.5851E-03  0.4571E-03  0.1010E-02  0.1325E-02  0.1388E-02  0.1323E-02  0.1298E-02  0.1292E-02  0.1307E-02  0.1340E-02  0.1380E-02  0.1417E-02  0.1457E-02  0.1493E-02  0.1518E-02  0.1521E-02  0.1494E-02  0.1407E-02  0.1202E-02  0.8163E-03  0.4943E-03
     15.5827       70.0000 -0.3020E-04 -0.7678E-02 -0.4936E-01 -0.9908E-01 -0.1109E+00 -0.5857E-03  0.4570E-03  0.1010E-02  0.1325E-02  0.1388E-02  0.1323E-02  0.1298E-02  0.1292E-02  0.1307E-02  0.1340E-02  0.1380E-02  0.1417E-02  0.1457E-02  0.1493E-02  0.1518E-02  0.1521E-02  0.1493E-02  0.1407E-02  0.1202E-02  0.8163E-03  0.4943E-03
     15.7182       80.0000 -0.3020E-04 -0.7678E-02 -0.4936E-01 -0.9909E-01 -0.1109E+00 -0.5862E-03  0.4570E-03  0.1010E-02  0.1325E-02  0.1388E-02  0.1323E-02  0.1298E-02  0.1292E-02  0.1307E-02  0.1340E-02  0.1380E-02  0.1417E-02  0.1457E-02  0.1493E-02  0.1518E-02  0.1521E-02  0.1493E-02  0.1407E-02  0.1202E-02  0.8163E-03  0.4943E-03
     15.8537       90.0000 -0.3020E-04 -0.7678E-02 -0.4937E-01 -0.9910E-01 -0.1109E+00 -0.5867E-03  0.4573E-03  0.1010E-02  0.1325E-02  0.1388E-02  0.1323E-02  0.1298E-02  0.1292E-02  0.1307E-02  0.1340E-02  0.1380E-02  0.1417E-02  0.1457E-02  0.1493E-02  0.1518E-02  0.1521E-02  0.1493E-02  0.1407E-02  0.1202E-02  0.8163E-03  0.4943E-03
     15.9892      100.0000 -0.3020E-04 -0.7678E-02 -0.4937E-01 -0.9911E-01 -0.1109E+00 -0.5872E-03  0.4567E-03  0.1009E-02  0.1325E-02  0.1388E-02  0.1323E-02  0.1298E-02  0.1292E-02  0.1307E-02  0.1340E-02  0.1380E-02  0.1417E-02  0.1457E-02  0.1493E-02  0.1518E-02  0.1521E-02  0.1494E-02  0.1407E-02  0.1202E-02  0.8163E-03  0.4943E-03
     16.1247      110.0000 -0.3020E-04 -0.7678E-02 -0.4937E-01 -0.9911E-01 -0.1109E+00 -0.5877E-03  0.4569E-03  0.1009E-02  0.1325E-02  0.1388E-02  0.1323E-02  0.1298E-02  0.1292E-02  0.1307E-02  0.1340E-02  0.1380E-02  0.1417E-02  0.1457E-02  0.1493E-02  0.1518E-02  0.1521E-02  0.1494E-02  0.1407E-02  0.1202E-02  0.8163E-03  0.4943E-03
     16.2602      120.0000 -0.3020E-04 -0.7678E-02 -0.4937E-01 -0.9912E-01 -0.1109E+00 -0.5881E-03  0.4569E-03  0.1009E-02  0.1325E-02  0.1388E-02  0.1323E-02  0.1298E-02  0.1292E-02  0.1307E-02  0.1340E-02  0.1380E-02  0.1417E-02  0.1457E-02  0.1493E-02  0.1518E-02  0.1521E-02  0.1494E-02  0.1407E-02  0.1202E-02  0.8163E-03  0.4943E-03
     16.3957      130.0000 -0.3020E-04 -0.7678E-02 -0.4937E-01 -0.9913E-01 -0.1110E+00 -0.5886E-03  0.4569E-03  0.1009E-02  0.1325E-02  0.1388E-02  0.1323E-02  0.1298E-02  0.1292E-02  0.1307E-02  0.1340E-02  0.1380E-02  0.1417E-02  0.1457E-02  0.1493E-02  0.1518E-02  0.1521E-02  0.1494E-02  0.1407E-02  0.1202E-02  0.8163E-03  0.4943E-03
     16.5312      140.0000 -0.3020E-04 -0.7678E-02 -0.4937E-01 -0.9914E-01 -0.1110E+00 -0.5891E-03  0.4569E-03  0.1009E-02  0.1325E-02  0.1388E-02  0.1323E-02  0.1298E-02  0.1292E-02  0.1307E-02  0.1340E-02  0.1380E-02  0.1417E-02  0.1457E-02  0.1493E-02  0.1518E-02  0.1521E-02  0.1494E-02  0.1407E-02  0.1202E-02  0.8163E-03  0.4943E-03
     16.6667      150.0000 -0.3020E-04 -0.7678E-02 -0.4937E-01 -0.9915E-01 -0.1110E+00 -0.5896E-03  0.4569E-03  0.1009E-02  0.1325E-02  0.1388E-02  0.1323E-02  0.1298E-02  0.1292E-02  0.1307E-02  0.1340E-02  0.1380E-02  0.1417E-02  0.1457E-02  0.1493E-02  0.1518E-02  0.1521E-02  0.1494E-02  0.1407E-02  0.1202E-02  0.8163E-03  0.4943E-03
     16.8022      160.0000 -0.3020E-04 -0.7678E-02 -0.4937E-01 -0.9915E-01 -0.1110E+00 -0.5900E-03  0.4569E-03  0.1009E-02  0.1325E-02  0.1388E-02  0.1323E-02  0.1298E-02  0.1292E-02  0.1307E-02  0.1340E-02  0.1380E-02  0.1417E-02  0.1457E-02  0.1493E-02  0.1518E-02  0.1521E-02  0.1493E-02  0.1407E-02  0.1202E-02  0.8163E-03  0.4943E-03
     16.9377      170.0000 -0.3020E-04 -0.7678E-02 -0.4937E-01 -0.9916E-01 -0.1110E+00 -0.5905E-03  0.4569E-03  0.1009E-02  0.1325E-02  0.1388E-02  0.1323E-02  0.1298E-02  0.1292E-02  0.1307E-02  0.1340E-02  0.1380E-02  0.1417E-02  0.1457E-02  0.1493E-02  0.1518E-02  0.1521E-02  0.1493E-02  0.1407E-02  0.1202E-02  0.8163E-03  0.4943E-03
     17.0732      180.0000 -0.3020E-04 -0.7678E-02 -0.4938E-01 -0.9917E-01 -0.1110E+00 -0.5909E-03  0.4572E-03  0.1010E-02  0.1325E-02  0.1388E-02  0.1323E-02  0.1298E-02  0.1292E-02  0.1307E-02  0.1340E-02  0.1380E-02  0.1417E-02  0.1457E-02  0.1493E-02  0.1518E-02  0.1521E-02  0.1493E-02  0.1407E-02  0.1202E-02  0.8163E-03  0.4943E-03
     17.2087      190.0000 -0.3020E-04 -0.7678E-02 -0.4938E-01 -0.9918E-01 -0.1110E+00 -0.5914E-03  0.4565E-03  0.1009E-02  0.1324E-02  0.1388E-02  0.1323E-02  0.1298E-02  0.1292E-02  0.1307E-02  0.1340E-02  0.1380E-02  0.1417E-02  0.1457E-02  0.1493E-02  0.1518E-02  0.1521E-02  0.1494E-02  0.1407E-02  0.1202E-02  0.8163E-03  0.4943E-03
     17.3442      200.0000 -0.3020E-04 -0.7678E-02 -0.4938E-01 -0.9918E-01 -0.1110E+00 -0.5918E-03  0.4568E-03  0.1009E-02  0.1325E-02  0.1388E-02  0.1323E-02  0.1298E-02  0.1292E-02  0.1307E-02  0.1340E-02  0.1380E-02  0.1417E-02  0.1457E-02  0.1493E-02  0.1518E-02  0.1521E-02  0.1494E-02  0.1407E-02  0.1202E-02  0.8163E-03  0.4943E-03
     17.4797      210.0000 -0.3020E-04 -0.7678E-02 -0.4938E-01 -0.9919E-01 -0.1110E+00 -0.5922E-03  0.4568E-03  0.1009E-02  0.1325E-02  0.1388E-02  0.1323E-02  0.1298E-02  0.1292E-02  0.1307E-02  0.1340E-02  0.1380E-02  0.1417E-02  0.1457E-02  0.1493E-02  0.1518E-02  0.1521E-02  0.1494E-02  0.1407E-02  0.1202E-02  0.8163E-03  0.4943E-03
     17.6152      220.0000 -0.3020E-04 -0.7678E-02 -0.4938E-01 -0.9920E-01 -0.1110E+00 -0.5927E-03  0.4567E-03  0.1009E-02  0.1325E-02  0.1388E-02  0.1323E-02  0.1298E-02  0.1292E-02  0.1307E-02  0.1340E-02  0.1380E-02  0.1417E-02  0.1457E-02  0.1493E-02  0.1518E-02  0.1521E-02  0.1494E-02  0.1407E-02  0.1202E-02  0.8163E-03  0.4943E-03
     17.7507      230.0000 -0.3020E-04 -0.7678E-02 -0.4938E-01 -0.9920E-01 -0.1110E+00 -0.5931E-03  0.4567E-03  0.1009E-02  0.1324E-02  0.1388E-02  0.1323E-02  0.1298E-02  0.1292E-02  0.1307E-02  0.1340E-02  0.1380E-02  0.1417E-02  0.1457E-02  0.1493E-02  0.1518E-02  0.1521E-02  0.1494E-02  0.1407E-02  0.1202E-02  0.8163E-03  0.4943E-03
     17.8862      240.0000 -0.3020E-04 -0.7678E-02 -0.4938E-01 -0.9921E-01 -0.1110E+00 -0.5935E-03  0.4567E-03  0.1009E-02  0.1324E-02  0.1388E-02  0.1323E-02  0.1298E-02  0.1292E-02  0.1307E-02  0.1340E-02  0.1380E-02  0.1417E-02  0.1457E-02  0.1493E-02  0.1518E-02  0.1521E-02  0.1494E-02  0.1407E-02  0.1202E-02  0.8163E-03  0.4943E-03
     18.0217      250.0000 -0.3020E-04 -0.7678E-02 -0.4938E-01 -0.9922E-01 -0.1110E+00 -0.5939E-03  0.4567E-03  0.1009E-02  0.1324E-02  0.1388E-02  0.1323E-02  0.1298E-02  0.1292E-02  0.1307E-02  0.1340E-02  0.1380E-02  0.1417E-02  0.1457E-02  0.1493E-02  0.1518E-02  0.1521E-02  0.1493E-02  0.1407E-02  0.1202E-02  0.8163E-03  0.4943E-03
     18.1572      260.0000 -0.3020E-04 -0.7678E-02 -0.4938E-01 -0.9922E-01 -0.1110E+00 -0.5943E-03  0.4567E-03  0.1009E-02  0.1324E-02  0.1388E-02  0.1323E-02  0.1298E-02  0.1292E-02  0.1307E-02  0.1340E-02  0.1380E-02  0.1417E-02  0.1457E-02  0.1493E-02  0.1518E-02  0.1521E-02  0.1493E-02  0.1407E-02  0.1202E-02  0.8163E-03  0.4943E-03
     18.2927      270.0000 -0.3020E-04 -0.7678E-02 -0.4939E-01 -0.9923E-01 -0.1110E+00 -0.5947E-03  0.4570E-03  0.1010E-02  0.1324E-02  0.1388E-02  0.1323E-02  0.1298E-02  0.1292E-02  0.1307E-02  0.1340E-02  0.1380E-02  0.1417E-02  0.1457E-02  0.1493E-02  0.1518E-02  0.1521E-02  0.1493E-02  0.1407E-02  0.1202E-02  0.8163E-03  0.4943E-03
     18.4282      280.0000 -0.3020E-04 -0.7678E-02 -0.4938E-01 -0.9923E-01 -0.1110E+00 -0.5951E-03  0.4564E-03  0.1009E-02  0.1324E-02  0.1388E-02  0.1323E-02  0.1298E-02  0.1292E-02  0.1307E-02  0.1340E-02  0.1380E-02  0.1417E-02  0.1457E-02  0.1493E-02  0.1518E-02  0.1521E-02  0.1494E-02  0.1407E-02  0.1202E-02  0.8163E-03  0.4943E-03
     18.5637      290.0000 -0.3020E-04 -0.7678E-02 -0.4939E-01 -0.9924E-01 -0.1110E+00 -0.5955E-03  0.4566E-03  0.1009E-02  0.1324E-02  0.1388E-02  0.1323E-02  0.1298E-02  0.1292E-02  0.1307E-02  0.1340E-02  0.1380E-02  0.1417E-02  0.1457E-02  0.1493E-02  0.1518E-02  0.1521E-02  0.1494E-02  0.1407E-02  0.1202E-02  0.8163E-03  0.4943E-03
     18.6992      300.0000 -0.3020E-04 -0.7678E-02 -0.4939E-01 -0.9925E-01 -0.1110E+00 -0.5959E-03  0.4566E-03  0.1009E-02  0.1324E-02  0.1388E-02  0.1323E-02  0.1298E-02  0.1292E-02  0.1307E-02  0.1340E-02  0.1380E-02  0.1417E-02  0.1457E-02  0.1493E-02  0.1518E-02  0.1521E-02  0.1494E-02  0.1407E-02  0.1202E-02  0.8163E-03  0.4943E-03
     18.8347      310.0000 -0.3020E-04 -0.7678E-02 -0.4939E-01 -0.9925E-01 -0.1110E+00 -0.5963E-03  0.4566E-03  0.1009E-02  0.1324E-02  0.1388E-02  0.1323E-02  0.1298E-02  0.1292E-02  0.1307E-02  0.1340E-02  0.1380E-02  0.1417E-02  0.1457E-02  0.1493E-02  0.1518E-02  0.1521E-02  0.1494E-02  0.1407E-02  0.1202E-02  0.8163E-03  0.4943E-03
     18.9702      320.0000 -0.3020E-04 -0.7678E-02 -0.4939E-01 -0.9926E-01 -0.1110E+00 -0.5967E-03  0.4566E-03  0.1009E-02  0.1324E-02  0.1388E-02  0.1323E-02  0.1298E-02  0.1292E-02  0.1307E-02  0.1340E-02  0.1380E-02  0.1417E-02  0.1457E-02  0.1493E-02  0.1518E-02  0.1521E-02  0.1494E-02  0.1407E-02  0.1202E-02  0.8163E-03  0.4943E-03
     19.1057      330.0000 -0.3020E-04 -0.7678E-02 -0.4939E-01 -0.9926E-01 -0.1110E+00 -0.5971E-03  0.4566E-03  0.1009E-02  0.1324E-02  0.1388E-02  0.1323E-02  0.1298E-02  0.1292E-02  0.1307E-02  0.1340E-02  0.1380E-02  0.1417E-02  0.1457E-02  0.1493E-02  0.1518E-02  0.1521E-02  0.1494E-02  0.1407E-02  0.1202E-02  0.8163E-03  0.4943E-03
     19.2412      340.0000 -0.3020E-04 -0.7678E-02 -0.4939E-01 -0.9927E-01 -0.1110E+00 -0.5974E-03  0.4566E-03  0.1009E-02  0.1324E-02  0.1388E-02  0.1323E-02  0.1298E-02  0.1292E-02  0.1307E-02  0.1340E-02  0.1380E-02  0.1417E-02  0.1457E-02  0.1493E-02  0.1518E-02  0.1521E-02  0.1493E-02  0.1407E-02  0.1202E-02  0.8163E-03  0.4943E-03
     19.3767      350.0000 -0.3020E-04 -0.7678E-02 -0.4939E-01 -0.9927E-01 -0.1110E+00 -0.5978E-03  0.4566E-03  0.1009E-02  0.1324E-02  0.1388E-02  0.1323E-02  0.1298E-02  0.1292E-02  0.1307E-02  0.1340E-02  0.1380E-02  0.1417E-02  0.1457E-02  0.1493E-02  0.1518E-02  0.1521E-02  0.1493E-02  0.1407E-02  0.1202E-02  0.8163E-03  0.4943E-03
     19.5122      360.0000 -0.3020E-04 -0.7678E-02 -0.4939E-01 -0.9928E-01 -0.1110E+00 -0.5982E-03  0.4569E-03  0.1009E-02  0.1324E-02  0.1388E-02  0.1323E-02  0.1298E-02  0.1292E-02  0.1307E-02  0.1340E-02  0.1380E-02  0.1417E-02  0.1457E-02  0.1493E-02  0.1518E-02  0.1521E-02  0.1493E-02  0.1407E-02  0.1202E-02  0.8163E-03  0.4943E-03
     19.6477       10.0000 -0.3020E-04 -0.7678E-02 -0.4939E-01 -0.9928E-01 -0.1110E+00 -0.5985E-03  0.4562E-03  0.1009E-02  0.1324E-02  0.1388E-02  0.1323E-02  0.1298E-02  0.1292E-02  0.1307E-02  0.1340E-02  0.1380E-02  0.1417E-02  0.1457E-02  0.1493E-02  0.1518E-02  0.1521E-02  0.1494E-02  0.1407E-02  0.1202E-02  0.8163E-03  0.4943E-03
     19.7832       20.0000 -0.3020E-04 -0.7678E-02 -0.4939E-01 -0.9929E-01 -0.1110E+00 -0.5989E-03  0.4565E-03  0.1009E-02  0.1324E-02  0.1388E-02  0.1323E-02  0.1298E-02  0.1292E-02  0.1307E-02  0.1340E-02  0.1380E-02  0.1417E-02  0.1457E-02  0.1493E-02  0.1518E-02  0.1521E-02  0.1494E-02  0.1407E-02  0.1202E-02  0.8163E-03  0.4943E-03
     19.9187       30.0000 -0.3020E-04 -0.7678E-02 -0.4939E-01 -0.9929E-01 -0.1110E+00 -0.5992E-03  0.4565E-03  0.1009E-02  0.1324E-02  0.1388E-02  0.1323E-02  0.1298E-02  0.1292E-02  0.1307E-02  0.1340E-02  0.1380E-02  0.1417E-02  0.1457E-02  0.1493E-02  0.1518E-02  0.1521E-02  0.1494E-02  0.1407E-02  0.1202E-02  0.8163E-03  0.4943E-03
     20.0542       40.0000 -0.3020E-04 -0.7678E-02 -0.4940E-01 -0.9930E-01 -0.1110E+00 -0.5996E-03  0.4565E-03  0.1009E-02  0.1324E-02  0.1388E-02  0.1323E-02  0.1298E-02  0.1292E-02  0.1307E-02  0.1340E-02  0.1380E-02  0.1417E-02  0.1457E-02  0.1493E-02  0.1518E-02  0.1521E-02  0.1494E-02  0.1407E-02  0.1202E-02  0.8163E-03  0.4943E-03
     20.1897       50.0000 -0.3020E-04 -0.7678E-02 -0.4940E-01 -0.9930E-01 -0.1111E+00 -0.5999E-03  0.4565E-03  0.1009E-02  0.1324E-02  0.1388E-02  0.1323E-02  0.1298E-02  0.1292E-02  0.1307E-02  0.1340E-02  0.1380E-02  0.1417E-02  0.1457E-02  0.1493E-02  0.1518E-02  0.1521E-02  0.1494E-02  0.1407E-02  0.1202E-02  0.8163E-03  0.4943E-03
     20.3252       60.0000 -0.3020E-04 -0.7678E-02 -0.4940E-01 -0.9931E-01 -0.1111E+00 -0.6003E-03  0.4565E-03  0.1009E-02  0.1324E-02  0.1388E-02  0.1323E-02  0.1298E-02  0.1292E-02  0.1307E-02  0.1340E-02  0.1380E-02  0.1417E-02  0.1457E-02  0.1493E-02  0.1518E-02  0.1521E-02  0.1494E-02  0.1407E-02  0.1202E-02  0.8163E-03  0.4943E-03
     20.4607       70.0000 -0.3020E-04 -0.7678E-02 -0.4940E-01 -0.9931E-01 -0.1111E+00 -0.6006E-03  0.4564E-03  0.1009E-02  0.1324E-02  0.1388E-02  0.1323E-02  0.1298E-02  0.1292E-02  0.1306E-02  0.1340E-02  0.1380E-02  0.1417E-02  0.1457E-02  0.1493E-02  0.1518E-02  0.1521E-02  0.1493E-02  0.1407E-02  0.1202E-02  0.8163E-03  0.4943E-03
     20.5962       80.0000 -0.3020E-04 -0.7678E-02 -0.4940E-01 -0.9931E-01 -0.1111E+00 -0.6009E-03  0.4564E-03  0.1009E-02  0.1324E-02  0.1388E-02  0.1323E-02  0.1298E-02  0.1292E-02  0.1306E-02  0.1339E-02  0.1380E-02  0.1417E-02  0.1457E-02  0.1493E-02  0.1518E-02  0.1521E-02  0.1493E-02  0.1407E-02  0.1202E-02  0.8163E-03  0.4943E-03
     20.7317       90.0000 -0.3020E-04 -0.7678E-02 -0.4940E-01 -0.9932E-01 -0.1111E+00 -0.6012E-03  0.4568E-03  0.1009E-02  0.1324E-02  0.1388E-02  0.1323E-02  0.1298E-02  0.1292E-02  0.1307E-02  0.1340E-02  0.1380E-02  0.1417E-02  0.1457E-02  0.1493E-02  0.1518E-02  0.1521E-02  0.1493E-02  0.1407E-02  0.1202E-02  0.8163E-03  0.4943E-03
     20.8672      100.0000 -0.3020E-04 -0.7678E-02 -0.4940E-01 -0.9932E-01 -0.1111E+00 -0.6016E-03  0.4561E-03  0.1009E-02  0.1324E-02  0.1388E-02  0.1323E-02  0.1298E-02  0.1292E-02  0.1306E-02  0.1340E-02  0.1380E-02  0.1417E-02  0.1457E-02  0.1493E-02  0.1518E-02  0.1521E-02  0.1494E-02  0.1407E-02  0.1202E-02  0.8163E-03  0.4943E-03
     21.0027      110.0000 -0.3020E-04 -0.7678E-02 -0.4940E-01 -0.9933E-01 -0.1111E+00 -0.6019E-03  0.4564E-03  0.1009E-02  0.1324E-02  0.1388E-02  0.1323E-02  0.1298E-02  0.1292E-02  0.1306E-02  0.1340E-02  0.1380E-02  0.1417E-02  0.1457E-02  0.1493E-02  0.1518E-02  0.1521E-02  0.1494E-02  0.1407E-02  0.1202E-02  0.8163E-03  0.4943E-03
     21.1382      120.0000 -0.3020E-04 -0.7678E-02 -0.4940E-01 -0.9933E-01 -0.1111E+00 -0.6022E-03  0.4564E-03  0.1009E-02  0.1324E-02  0.1388E-02  0.1323E-02  0.1298E-02  0.1292E-02  0.1306E-02  0.1340E-02  0.1380E-02  0.1417E-02  0.1457E-02  0.1493E-02  0.1518E-02  0.1521E-02  0.1494E-02  0.1407E-02  0.1202E-02  0.8163E-03  0.4943E-03
     21.2737      130.0000 -0.3020E-04 -0.7678E-02 -0.4940E-01 -0.9934E-01 -0.1111E+00 -0.6025E-03  0.4564E-03  0.1009E-02  0.1324E-02  0.1388E-02  0.1323E-02  0.1298E-02  0.1292E-02  0.1306E-02  0.1340E-02  0.1380E-02  0.1417E-02  0.1457E-02  0.1493E-02  0.1518E-02  0.1521E-02  0.1494E-02  0.1407E-02  0.1202E-02  0.8163E-03  0.4943E-03
     21.4092      140.0000 -0.3020E-04 -0.7678E-02 -0.4940E-01 -0.9934E-01 -0.1111E+00 -0.6028E-03  0.4564E-03  0.1009E-02  0.1324E-02  0.1388E-02  0.1323E-02  0.1298E-02  0.1292E-02  0.1306E-02  0.1339E-02  0.1380E-02  0.1417E-02  0.1457E-02  0.1493E-02  0.1518E-02  0.1521E-02  0.1494E-02  0.1407E-02  0.1202E-02  0.8163E-03  0.4943E-03
     21.5447      150.0000 -0.3020E-04 -0.7678E-02 -0.4940E-01 -0.9934E-01 -0.1111E+00 -0.6031E-03  0.4564E-03  0.1009E-02  0.1324E-02  0.1388E-02  0.1323E-02  0.1298E-02  0.1292E-02  0.1306E-02  0.1339E-02  0.1380E-02  0.1417E-02  0.1457E-02  0.1493E-02  0.1518E-02  0.1521E-02  0.1494E-02  0.1407E-02  0.1202E-02  0.8163E-03  0.4943E-03
     21.6802      160.0000 -0.3020E-04 -0.7678E-02 -0.4940E-01 -0.9935E-01 -0.1111E+00 -0.6034E-03  0.4563E-03  0.1009E-02  0.1324E-02  0.1388E-02  0.1323E-02  0.1297E-02  0.1292E-02  0.1306E-02  0.1339E-02  0.1380E-02  0.1417E-02  0.1457E-02  0.1493E-02  0.1518E-02  0.1521E-02  0.1493E-02  0.1407E-02  0.1202E-02  0.8163E-03  0.4943E-03
     21.8157      170.0000 -0.3020E-04 -0.7678E-02 -0.4940E-01 -0.9935E-01 -0.1111E+00 -0.6037E-03  0.4563E-03  0.1009E-02  0.1324E-02  0.1388E-02  0.1323E-02  0.1297E-02  0.1292E-02  0.1306E-02  0.1339E-02  0.1380E-02  0.1417E-02  0.1457E-02  0.1493E-02  0.1518E-02  0.1521E-02  0.1493E-02  0.1407E-02  0.1202E-02  0.8163E-03  0.4943E-03
     21.9512      180.0000 -0.3020E-04 -0.7678E-02 -0.4941E-01 -0.9935E-01 -0.1111E+00 -0.6040E-03  0.4567E-03  0.1009E-02  0.1324E-02  0.1388E-02  0.1323E-02  0.1298E-02  0.1292E-02  0.1306E-02  0.1340E-02  0.1380E-02  0.1417E-02  0.1457E-02  0.1493E-02  0.1518E-02  0.1521E-02  0.1493E-02  0.1407E-02  0.1202E-02  0.8163E-03  0.4943E-03
     22.0867      190.0000 -0.3020E-04 -0.7678E-02 -0.4940E-01 -0.9936E-01 -0.1111E+00 -0.6043E-03  0.4560E-03  0.1008E-02  0.1324E-02  0.1388E-02  0.1323E-02  0.1297E-02  0.1292E-02  0.1306E-02  0.1339E-02  0.1380E-02  0.1417E-02  0.1457E-02  0.1493E-02  0.1518E-02  0.1521E-02  0.1494E-02  0.1407E-02  0.1202E-02  0.8163E-03  0.4943E-03
     22.2222      200.0000 -0.3020E-04 -0.7678E-02 -0.4940E-01 -0.9936E-01 -0.1111E+00 -0.6046E-03  0.4563E-03  0.1009E-02  0.1324E-02  0.1388E-02  0.1323E-02  0.1297E-02  0.1292E-02  0.1306E-02  0.1339E-02  0.1380E-02  0.1417E-02  0.1457E-02  0.1493E-02  0.1518E-02  0.1521E-02  0.1494E-02  0.1407E-02  0.1202E-02  0.8163E-03  0.4943E-03
     22.3577      210.0000 -0.3020E-04 -0.7678E-02 -0.4941E-01 -0.9936E-01 -0.1111E+00 -0.6049E-03  0.4563E-03  0.1009E-02  0.1324E-02  0.1388E-02  0.1323E-02  0.1297E-02  0.1292E-02  0.1306E-02  0.1339E-02  0.1380E-02  0.1417E-02  0.1457E-02  0.1493E-02  0.1518E-02  0.1521E-02  0.1494E-02  0.1407E-02  0.1202E-02  0.8163E-03  0.4943E-03
     22.4932      220.0000 -0.3020E-04 -0.7678E-02 -0.4941E-01 -0.9937E-01 -0.1111E+00 -0.6051E-03  0.4563E-03  0.1009E-02  0.1324E-02  0.1388E-02  0.1323E-02  0.1297E-02  0.1292E-02  0.1306E-02  0.1339E-02  0.1380E-02  0.1417E-02  0.1457E-02  0.1493E-02  0.1518E-02  0.1521E-02  0.1494E-02  0.1407E-02  0.1202E-02  0.8163E-03  0.4943E-03
     22.6287      230.0000 -0.3020E-04 -0.7678E-02 -0.4941E-01 -0.9937E-01 -0.1111E+00 -0.6054E-03  0.4563E-03  0.1009E-02  0.1324E-02  0.1388E-02  0.1323E-02  0.1297E-02  0.1292E-02  0.1306E-02  0.1339E-02  0.1380E-02  0.1417E-02  0.1457E-02  0.1493E-02  0.1518E-02  0.1521E-02  0.1494E-02  0.1407E-02  0.1202E-02  0.8163E-03  0.4943E-03
     22.7642      240.0000 -0.3020E-04 -0.7678E-02 -0.4941E-01 -0.9937E-01 -0.1111E+00 -0.6057E-03  0.4563E-03  0.1009E-02  0.1324E-02  0.1388E-02  0.1323E-02  0.1297E-02  0.1292E-02  0.1306E-02  0.1339E-02  0.1380E-02  0.1417E-02  0.1457E-02  0.1493E-02  0.1518E-02  0.1521E-02  0.1494E-02  0.1407E-02  0.1202E-02  0.8163E-03  0.4943E-03
     22.8997      250.0000 -0.3020E-04 -0.7678E-02 -0.4941E-01 -0.9938E-01 -0.1111E+00 -0.6060E-03  0.4562E-03  0.1009E-02  0.1324E-02  0.1388E-02  0.1323E-02  0.1297E-02  0.1292E-02  0.1306E-02  0.1339E-02  0.1380E-02  0.1417E-02  0.1457E-02  0.1493E-02  0.1518E-02  0.1521E-02  0.1493E-02  0.1407E-02  0.1202E-02  0.8163E-03  0.4943E-03
     23.0352      260.0000 -0.3020E-04 -0.7678E-02 -0.4941E-01 -0.9938E-01 -0.1111E+00 -0.6062E-03  0.4563E-03  0.1009E-02  0.1324E-02  0.1388E-02  0.1323E-02  0.1297E-02  0.1292E-02  0.1306E-02  0.1339E-02  0.1380E-02  0.1417E-02  0.1457E-02  0.1493E-02  0.1518E-02  0.1521E-02  0.1493E-02  0.1407E-02  0.1202E-02  0.8163E-03  0.4943E-03
     23.1707      270.0000 -0.3020E-04 -0.7678E-02 -0.4941E-01 -0.9938E-01 -0.1111E+00 -0.6065E-03  0.4566E-03  0.1009E-02  0.1324E-02  0.1388E-02  0.1323E-02  0.1297E-02  0.1292E-02  0.1306E-02  0.1340E-02  0.1380E-02  0.1417E-02  0.1457E-02  0.1493E-02  0.1518E-02  0.1521E-02  0.1493E-02  0.1407E-02  0.1202E-02  0.8163E-03  0.4943E-03
     23.3062      280.0000 -0.3020E-04 -0.7678E-02 -0.4941E-01 -0.9939E-01 -0.1111E+00 -0.6068E-03  0.4560E-03  0.1008E-02  0.1324E-02  0.1388E-02  0.1323E-02  0.1297E-02  0.1292E-02  0.1306E-02  0.1339E-02  0.1380E-02  0.1417E-02  0.1457E-02  0.1493E-02  0.1518E-02  0.1521E-02  0.1494E-02  0.1407E-02  0.1202E-02  0.8163E-03  0.4943E-03
     23.4417      290.0000 -0.3020E-04 -0.7678E-02 -0.4941E-01 -0.9939E-01 -0.1111E+00 -0.6070E-03  0.4562E-03  0.1009E-02  0.1324E-02  0.1388E-02  0.1323E-02  0.1297E-02  0.1292E-02  0.1306E-02  0.1339E-02  0.1380E-02  0.1417E-02  0.1457E-02  0.1493E-02  0.1518E-02  0.1521E-02  0.1494E-02  0.1407E-02  0.1202E-02  0.8163E-03  0.4943E-03
     23.5772      300.0000 -0.3020E-04 -0.7678E-02 -0.4941E-01 -0.9939E-01 -0.1111E+00 -0.6073E-03  0.4562E-03  0.1009E-02  0.1324E-02  0.1388E-02  0.1323E-02  0.1297E-02  0.1292E-02  0.1306E-02  0.1339E-02  0.1380E-02  0.1417E-02  0.1457E-02  0.1493E-02  0.1518E-02  0.1521E-02  0.1494E-02  0.1407E-02  0.1202E-02  0.8163E-03  0.4943E-03
     23.7127      310.0000 -0.3020E-04 -0.7679E-02 -0.4941E-01 -0.9939E-01 -0.1111E+00 -0.6075E-03  0.4562E-03  0.1009E-02  0.1324E-02  0.1388E-02  0.1323E-02  0.1297E-02  0.1292E-02  0.1306E-02  0.1339E-02  0.1380E-02  0.1417E-02  0.1457E-02  0.1493E-02  0.1518E-02  0.1521E-02  0.1494E-02  0.1407E-02  0.1202E-02  0.8163E-03  0.4943E-03
     23.8482      320.0000 -0.3020E-04 -0.7679E-02 -0.4941E-01 -0.9940E-01 -0.1111E+00 -0.6078E-03  0.4562E-03  0.1009E-02  0.1324E-02  0.1388E-02  0.1323E-02  0.1297E-02  0.1292E-02  0.1306E-02  0.1339E-02  0.1380E-02  0.1417E-02  0.1457E-02  0.1493E-02  0.1518E-02  0.1521E-02  0.1494E-02  0.1407E-02  0.1202E-02  0.8163E-03  0.4943E-03
     23.9837      330.0000 -0.3020E-04 -0.7679E-02 -0.4941E-01 -0.9940E-01 -0.1111E+00 -0.6080E-03  0.4562E-03  0.1009E-02  0.1324E-02  0.1388E-02  0.1323E-02  0.1297E-02  0.1292E-02  0.1306E-02  0.1339E-02  0.1380E-02  0.1417E-02  0.1457E-02  0.1493E-02  0.1518E-02  0.1521E-02  0.1494E-02  0.1407E-02  0.1202E-02  0.8163E-03  0.4943E-03
     24.1192      340.0000 -0.3020E-04 -0.7679E-02 -0.4941E-01 -0.9940E-01 -0.1111E+00 -0.6082E-03  0.4562E-03  0.1009E-02  0.1324E-02  0.1388E-02  0.1323E-02  0.1297E-02  0.1292E-02  0.1306E-02  0.1339E-02  0.1380E-02  0.1417E-02  0.1457E-02  0.1493E-02  0.1518E-02  0.1521E-02  0.1493E-02  0.1407E-02  0.1202E-02  0.8163E-03  0.4943E-03
     24.2547      350.0000 -0.3020E-04 -0.7679E-02 -0.4941E-01 -0.9940E-01 -0.1111E+00 -0.6085E-03  0.4562E-03  0.1009E-02  0.1324E-02  0.1388E-02  0.1323E-02  0.1297E-02  0.1292E-02  0.1306E-02  0.1339E-02  0.1380E-02  0.1417E-02  0.1457E-02  0.1493E-02  0.1518E-02  0.1521E-02  0.1493E-02  0.1407E-02  0.1202E-02  0.8163E-03  0.4943E-03
     24.3902      360.0000 -0.3020E-04 -0.7679E-02 -0.4941E-01 -0.9941E-01 -0.1111E+00 -0.6087E-03  0.4565E-03  0.1009E-02  0.1324E-02  0.1388E-02  0.1323E-02  0.1297E-02  0.1292E-02  0.1306E-02  0.1339E-02  0.1380E-02  0.1417E-02  0.1457E-02  0.1493E-02  0.1518E-02  0.1521E-02  0.1493E-02  0.1407E-02  0.1202E-02  0.8163E-03  0.4943E-03
     24.5257       10.0000 -0.3020E-04 -0.7679E-02 -0.4941E-01 -0.9941E-01 -0.1111E+00 -0.6090E-03  0.4559E-03  0.1008E-02  0.1324E-02  0.1388E-02  0.1323E-02  0.1297E-02  0.1292E-02  0.1306E-02  0.1339E-02  0.1380E-02  0.1417E-02  0.1457E-02  0.1493E-02  0.1518E-02  0.1521E-02  0.1494E-02  0.1407E-02  0.1202E-02  0.8163E-03  0.4943E-03
     24.6612       20.0000 -0.3020E-04 -0.7679E-02 -0.4941E-01 -0.9941E-01 -0.1111E+00 -0.6092E-03  0.4561E-03  0.1009E-02  0.1324E-02  0.1388E-02  0.1323E-02  0.1297E-02  0.1292E-02  0.1306E-02  0.1339E-02  0.1380E-02  0.1417E-02  0.1457E-02  0.1493E-02  0.1518E-02  0.1521E-02  0.1494E-02  0.1407E-02  0.1202E-02  0.8163E-03  0.4943E-03
     24.7967       30.0000 -0.3020E-04 -0.7679E-02 -0.4941E-01 -0.9941E-01 -0.1111E+00 -0.6094E-03  0.4561E-03  0.1009E-02  0.1324E-02  0.1388E-02  0.1323E-02  0.1297E-02  0.1292E-02  0.1306E-02  0.1339E-02  0.1380E-02  0.1417E-02  0.1457E-02  0.1493E-02  0.1518E-02  0.1521E-02  0.1494E-02  0.1407E-02  0.1202E-02  0.8163E-03  0.4943E-03
     24.9322       40.0000 -0.3020E-04 -0.7679E-02 -0.4941E-01 -0.9942E-01 -0.1111E+00 -0.6096E-03  0.4561E-03  0.1009E-02  0.1324E-02  0.1388E-02  0.1323E-02  0.1297E-02  0.1292E-02  0.1306E-02  0.1339E-02  0.1380E-02  0.1417E-02  0.1457E-02  0.1493E-02  0.1518E-02  0.1521E-02  0.1494E-02  0.1407E-02  0.1202E-02  0.8163E-03  0.4943E-03
     25.0678       50.0000 -0.3020E-04 -0.7679E-02 -0.4941E-01 -0.9942E-01 -0.1111E+00 -0.6099E-03  0.4561E-03  0.1009E-02  0.1324E-02  0.1388E-02  0.1323E-02  0.1297E-02  0.1292E-02  0.1306E-02  0.1339E-02  0.1380E-02  0.1417E-02  0.1457E-02  0.1493E-02  0.1518E-02  0.1521E-02  0.1494E-02  0.1407E-02  0.1202E-02  0.8163E-03  0.4943E-03
     25.2033       60.0000 -0.3020E-04 -0.7679E-02 -0.4941E-01 -0.9942E-01 -0.1111E+00 -0.6101E-03  0.4561E-03  0.1009E-02  0.1324E-02  0.1388E-02  0.1323E-02  0.1297E-02  0.1292E-02  0.1306E-02  0.1339E-02  0.1380E-02  0.1417E-02  0.1457E-02  0.1493E-02  0.1518E-02  0.1521E-02  0.1494E-02  0.1407E-02  0.1202E-02  0.8163E-03  0.4943E-03
     25.3388       70.0000 -0.3020E-04 -0.7679E-02 -0.4941E-01 -0.9942E-01 -0.1111E+00 -0.6103E-03  0.4561E-03  0.1009E-02  0.1324E-02  0.1388E-02  0.1323E-02  0.1297E-02  0.1292E-02  0.1306E-02  0.1339E-02  0.1380E-02  0.1417E-02  0.1457E-02  0.1493E-02  0.1518E-02  0.1521E-02  0.1493E-02  0.1407E-02  0.1202E-02  0.8163E-03  0.4943E-03
     25.4743       80.0000 -0.3020E-04 -0.7679E-02 -0.4941E-01 -0.9943E-01 -0.1111E+00 -0.6105E-03  0.4561E-03  0.1009E-02  0.1324E-02  0.1388E-02  0.1323E-02  0.1297E-02  0.1292E-02  0.1306E-02  0.1339E-02  0.1380E-02  0.1417E-02  0.1457E-02  0.1493E-02  0.1518E-02  0.1521E-02  0.1493E-02  0.1407E-02  0.1202E-02  0.8163E-03  0.4943E-03
     25.6098       90.0000 -0.3020E-04 -0.7679E-02 -0.4942E-01 -0.9943E-01 -0.1111E+00 -0.6107E-03  0.4564E-03  0.1009E-02  0.1324E-02  0.1388E-02  0.1323E-02  0.1297E-02  0.1292E-02  0.1306E-02  0.1339E-02  0.1380E-02  0.1417E-02  0.1457E-02  0.1493E-02  0.1518E-02  0.1521E-02  0.1493E-02  0.1407E-02  0.1202E-02  0.8163E-03  0.4943E-03
     25.7453      100.0000 -0.3020E-04 -0.7679E-02 -0.4941E-01 -0.9943E-01 -0.1111E+00 -0.6109E-03  0.4558E-03  0.1008E-02  0.1324E-02  0.1388E-02  0.1323E-02  0.1297E-02  0.1292E-02  0.1306E-02  0.1339E-02  0.1380E-02  0.1417E-02  0.1457E-02  0.1493E-02  0.1518E-02  0.1521E-02  0.1494E-02  0.1407E-02  0.1202E-02  0.8163E-03  0.4943E-03
     25.8808      110.0000 -0.3020E-04 -0.7679E-02 -0.4942E-01 -0.9943E-01 -0.1111E+00 -0.6111E-03  0.4561E-03  0.1009E-02  0.1324E-02  0.1388E-02  0.1323E-02  0.1297E-02  0.1292E-02  0.1306E-02  0.1339E-02  0.1380E-02  0.1417E-02  0.1457E-02  0.1493E-02  0.1518E-02  0.1521E-02  0.1494E-02  0.1407E-02  0.1202E-02  0.8163E-03  0.4943E-03
     26.0163      120.0000 -0.3020E-04 -0.7679E-02 -0.4942E-01 -0.9943E-01 -0.1111E+00 -0.6113E-03  0.4561E-03  0.1009E-02  0.1324E-02  0.1388E-02  0.1323E-02  0.1297E-02  0.1292E-02  0.1306E-02  0.1339E-02  0.1380E-02  0.1417E-02  0.1457E-02  0.1493E-02  0.1518E-02  0.1521E-02  0.1494E-02  0.1407E-02  0.1202E-02  0.8163E-03  0.4943E-03
     26.1518      130.0000 -0.3020E-04 -0.7679E-02 -0.4942E-01 -0.9944E-01 -0.1111E+00 -0.6115E-03  0.4561E-03  0.1009E-02  0.1324E-02  0.1388E-02  0.1323E-02  0.1297E-02  0.1292E-02  0.1306E-02  0.1339E-02  0.1380E-02  0.1417E-02  0.1457E-02  0.1493E-02  0.1518E-02  0.1521E-02  0.1494E-02  0.1407E-02  0.1202E-02  0.8163E-03  0.4943E-03
     26.2873      140.0000 -0.3020E-04 -0.7679E-02 -0.4942E-01 -0.9944E-01 -0.1111E+00 -0.6117E-03  0.4561E-03  0.1009E-02  0.1324E-02  0.1388E-02  0.1323E-02  0.1297E-02  0.1292E-02  0.1306E-02  0.1339E-02  0.1380E-02  0.1417E-02  0.1457E-02  0.1493E-02  0.1518E-02  0.1521E-02  0.1494E-02  0.1407E-02  0.1202E-02  0.8163E-03  0.4943E-03
     26.4228      150.0000 -0.3020E-04 -0.7679E-02 -0.4942E-01 -0.9944E-01 -0.1111E+00 -0.6119E-03  0.4561E-03  0.1009E-02  0.1324E-02  0.1388E-02  0.1323E-02  0.1297E-02  0.1292E-02  0.1306E-02  0.1339E-02  0.1380E-02  0.1417E-02  0.1457E-02  0.1493E-02  0.1518E-02  0.1521E-02  0.1494E-02  0.1407E-02  0.1202E-02  0.8163E-03  0.4943E-03
     26.5583      160.0000 -0.3020E-04 -0.7679E-02 -0.4942E-01 -0.9944E-01 -0.1111E+00 -0.6121E-03  0.4560E-03  0.1009E-02  0.1324E-02  0.1388E-02  0.1323E-02  0.1297E-02  0.1292E-02  0.1306E-02  0.1339E-02  0.1380E-02  0.1417E-02  0.1457E-02  0.1493E-02  0.1518E-02  0.1521E-02  0.1493E-02  0.1407E-02  0.1202E-02  0.8163E-03  0.4943E-03
     26.6938      170.0000 -0.3020E-04 -0.7679E-02 -0.4942E-01 -0.9944E-01 -0.1111E+00 -0.6123E-03  0.4561E-03  0.1009E-02  0.1324E-02  0.1388E-02  0.1323E-02  0.1297E-02  0.1292E-02  0.1306E-02  0.1339E-02  0.1380E-02  0.1417E-02  0.1457E-02  0.1493E-02  0.1518E-02  0.1521E-02  0.1493E-02  0.1407E-02  0.1202E-02  0.8163E-03  0.4943E-03
     26.8293      180.0000 -0.3020E-04 -0.7679E-02 -0.4942E-01 -0.9944E-01 -0.1111E+00 -0.6125E-03  0.4564E-03  0.1009E-02  0.1324E-02  0.1388E-02  0.1323E-02  0.1297E-02  0.1292E-02  0.1306E-02  0.1339E-02  0.1380E-02  0.1417E-02  0.1457E-02  0.1493E-02  0.1518E-02  0.1521E-02  0.1493E-02  0.1407E-02  0.1202E-02  0.8163E-03  0.4943E-03
     26.9648      190.0000 -0.3020E-04 -0.7679E-02 -0.4942E-01 -0.9945E-01 -0.1111E+00 -0.6127E-03  0.4558E-03  0.1008E-02  0.1324E-02  0.1388E-02  0.1323E-02  0.1297E-02  0.1292E-02  0.1306E-02  0.1339E-02  0.1380E-02  0.1417E-02  0.1457E-02  0.1493E-02  0.1518E-02  0.1521E-02  0.1494E-02  0.1407E-02  0.1202E-02  0.8163E-03  0.4943E-03
     27.1003      200.0000 -0.3020E-04 -0.7679E-02 -0.4942E-01 -0.9945E-01 -0.1111E+00 -0.6129E-03  0.4560E-03  0.1009E-02  0.1324E-02  0.1388E-02  0.1323E-02  0.1297E-02  0.1292E-02  0.1306E-02  0.1339E-02  0.1380E-02  0.1417E-02  0.1457E-02  0.1493E-02  0.1518E-02  0.1521E-02  0.1494E-02  0.1407E-02  0.1202E-02  0.8163E-03  0.4943E-03
     27.2358      210.0000 -0.3020E-04 -0.7679E-02 -0.4942E-01 -0.9945E-01 -0.1111E+00 -0.6131E-03  0.4560E-03  0.1009E-02  0.1324E-02  0.1388E-02  0.1323E-02  0.1297E-02  0.1292E-02  0.1306E-02  0.1339E-02  0.1380E-02  0.1417E-02  0.1457E-02  0.1493E-02  0.1518E-02  0.1521E-02  0.1494E-02  0.1407E-02  0.1202E-02  0.8163E-03  0.4943E-03
     27.3713      220.0000 -0.3020E-04 -0.7679E-02 -0.4942E-01 -0.9945E-01 -0.1111E+00 -0.6132E-03  0.4560E-03  0.1009E-02  0.1324E-02  0.1388E-02  0.1323E-02  0.1297E-02  0.1292E-02  0.1306E-02  0.1339E-02  0.1380E-02  0.1417E-02  0.1457E-02  0.1493E-02  0.1518E-02  0.1521E-02  0.1494E-02  0.1407E-02  0.1202E-02  0.8163E-03  0.4943E-03
     27.5068      230.0000 -0.3020E-04 -0.7679E-02 -0.4942E-01 -0.9945E-01 -0.1111E+00 -0.6134E-03  0.4560E-03  0.1009E-02  0.1324E-02  0.1388E-02  0.1323E-02  0.1297E-02  0.1292E-02  0.1306E-02  0.1339E-02  0.1380E-02  0.1417E-02  0.1457E-02  0.1493E-02  0.1518E-02  0.1521E-02  0.1494E-02  0.1407E-02  0.1202E-02  0.8163E-03  0.4943E-03
     27.6423      240.0000 -0.3020E-04 -0.7679E-02 -0.4942E-01 -0.9945E-01 -0.1111E+00 -0.6136E-03  0.4560E-03  0.1009E-02  0.1324E-02  0.1388E-02  0.1323E-02  0.1297E-02  0.1292E-02  0.1306E-02  0.1339E-02  0.1380E-02  0.1417E-02  0.1457E-02  0.1493E-02  0.1518E-02  0.1521E-02  0.1494E-02  0.1407E-02  0.1202E-02  0.8163E-03  0.4943E-03
     27.7778      250.0000 -0.3020E-04 -0.7679E-02 -0.4942E-01 -0.9946E-01 -0.1111E+00 -0.6138E-03  0.4560E-03  0.1009E-02  0.1324E-02  0.1388E-02  0.1323E-02  0.1297E-02  0.1292E-02  0.1306E-02  0.1339E-02  0.1380E-02  0.1417E-02  0.1457E-02  0.1493E-02  0.1518E-02  0.1521E-02  0.1493E-02  0.1407E-02  0.1202E-02  0.8163E-03  0.4943E-03
     27.9133      260.0000 -0.3020E-04 -0.7679E-02 -0.4942E-01 -0.9946E-01 -0.1111E+00 -0.6139E-03  0.4560E-03  0.1009E-02  0.1324E-02  0.1388E-02  0.1323E-02  0.1297E-02  0.1292E-02  0.1306E-02  0.1339E-02  0.1380E-02  0.1417E-02  0.1457E-02  0.1493E-02  0.1518E-02  0.1521E-02  0.1493E-02  0.1407E-02  0.1202E-02  0.8163E-03  0.4943E-03
     28.0488      270.0000 -0.3020E-04 -0.7679E-02 -0.4942E-01 -0.9946E-01 -0.1111E+00 -0.6141E-03  0.4563E-03  0.1009E-02  0.1324E-02  0.1388E-02  0.1323E-02  0.1297E-02  0.1292E-02  0.1306E-02  0.1339E-02  0.1380E-02  0.1417E-02  0.1457E-02  0.1493E-02  0.1518E-02  0.1521E-02  0.1493E-02  0.1407E-02  0.1202E-02  0.8163E-03  0.4943E-03
     28.1843      280.0000 -0.3020E-04 -0.7679E-02 -0.4942E-01 -0.9946E-01 -0.1111E+00 -0.6143E-03  0.4557E-03  0.1008E-02  0.1324E-02  0.1388E-02  0.1323E-02  0.1297E-02  0.1292E-02  0.1306E-02  0.1339E-02  0.1380E-02  0.1417E-02  0.1457E-02  0.1493E-02  0.1518E-02  0.1521E-02  0.1494E-02  0.1407E-02  0.1202E-02  0.8163E-03  0.4943E-03
     28.3198      290.0000 -0.3020E-04 -0.7679E-02 -0.4942E-01 -0.9946E-01 -0.1111E+00 -0.6144E-03  0.4560E-03  0.1009E-02  0.1324E-02  0.1388E-02  0.1323E-02  0.1297E-02  0.1292E-02  0.1306E-02  0.1339E-02  0.1380E-02  0.1417E-02  0.1457E-02  0.1493E-02  0.1518E-02  0.1521E-02  0.1494E-02  0.1407E-02  0.1202E-02  0.8163E-03  0.4943E-03
     28.4553      300.0000 -0.3020E-04 -0.7679E-02 -0.4942E-01 -0.9946E-01 -0.1111E+00 -0.6146E-03  0.4560E-03  0.1009E-02  0.1324E-02  0.1388E-02  0.1323E-02  0.1297E-02  0.1292E-02  0.1306E-02  0.1339E-02  0.1380E-02  0.1417E-02  0.1457E-02  0.1493E-02  0.1518E-02  0.1521E-02  0.1494E-02  0.1407E-02  0.1202E-02  0.8163E-03  0.4943E-03
     28.5908      310.0000 -0.3020E-04 -0.7679E-02 -0.4942E-01 -0.9946E-01 -0.1111E+00 -0.6148E-03  0.4559E-03  0.1009E-02  0.1324E-02  0.1388E-02  0.1323E-02  0.1297E-02  0.1292E-02  0.1306E-02  0.1339E-02  0.1380E-02  0.1417E-02  0.1457E-02  0.1493E-02  0.1518E-02  0.1521E-02  0.1494E-02  0.1407E-02  0.1202E-02  0.8163E-03  0.4943E-03
     28.7263      320.0000 -0.3020E-04 -0.7679E-02 -0.4942E-01 -0.9947E-01 -0.1111E+00 -0.6149E-03  0.4558E-03  0.1009E-02  0.1324E-02  0.1388E-02  0.1323E-02  0.1297E-02  0.1292E-02  0.1306E-02  0.1339E-02  0.1380E-02  0.1417E-02  0.1457E-02  0.1493E-02  0.1518E-02  0.1521E-02  0.1494E-02  0.1407E-02  0.1202E-02  0.8163E-03  0.4943E-03
     28.8618      330.0000 -0.3020E-04 -0.7679E-02 -0.4942E-01 -0.9947E-01 -0.1111E+00 -0.6151E-03  0.4557E-03  0.1009E-02  0.1324E-02  0.1388E-02  0.1323E-02  0.1297E-02  0.1292E-02  0.1306E-02  0.1339E-02  0.1380E-02  0.1417E-02  0.1457E-02  0.1493E-02  0.1518E-02  0.1521E-02  0.1494E-02  0.1407E-02  0.1202E-02  0.8163E-03  0.4943E-03
     28.9973      340.0000 -0.3020E-04 -0.7679E-02 -0.4942E-01 -0.9947E-01 -0.1111E+00 -0.6153E-03  0.4555E-03  0.1009E-02  0.1324E-02  0.1388E-02  0.1323E-02  0.1297E-02  0.1292E-02  0.1306E-02  0.1339E-02  0.1380E-02  0.1417E-02  0.1457E-02  0.1493E-02  0.1518E-02  0.1521E-02  0.1493E-02  0.1407E-02  0.1202E-02  0.8163E-03  0.4943E-03
     29.1328      350.0000 -0.3020E-04 -0.7679E-02 -0.4942E-01 -0.9947E-01 -0.1112E+00 -0.6154E-03  0.4554E-03  0.1009E-02  0.1324E-02  0.1388E-02  0.1323E-02  0.1297E-02  0.1292E-02  0.1306E-02  0.1339E-02  0.1380E-02  0.1417E-02  0.1457E-02  0.1493E-02  0.1518E-02  0.1521E-02  0.1493E-02  0.1407E-02  0.1202E-02  0.8163E-03  0.4943E-03
     29.2683      360.0000 -0.3020E-04 -0.7679E-02 -0.4942E-01 -0.9947E-01 -0.1112E+00 -0.6155E-03  0.4555E-03  0.1009E-02  0.1324E-02  0.1388E-02  0.1323E-02  0.1297E-02  0.1292E-02  0.1306E-02  0.1339E-02  0.1380E-02  0.1417E-02  0.1457E-02  0.1493E-02  0.1518E-02  0.1521E-02  0.1493E-02  0.1407E-02  0.1202E-02  0.8163E-03  0.4943E-03
     29.4038       10.0000 -0.3020E-04 -0.7679E-02 -0.4942E-01 -0.9947E-01 -0.1112E+00 -0.6157E-03  0.4548E-03  0.1008E-02  0.1324E-02  0.1388E-02  0.1323E-02  0.1297E-02  0.1292E-02  0.1306E-02  0.1339E-02  0.1380E-02  0.1417E-02  0.1457E-02  0.1493E-02  0.1518E-02  0.1521E-02  0.1494E-02  0.1407E-02  0.1202E-02  0.8163E-03  0.4943E-03
     29.5393       20.0000 -0.3020E-04 -0.7679E-02 -0.4942E-01 -0.9947E-01 -0.1112E+00 -0.6159E-03  0.4560E-03  0.1009E-02  0.1324E-02  0.1388E-02  0.1323E-02  0.1297E-02  0.1292E-02  0.1306E-02  0.1339E-02  0.1380E-02  0.1417E-02  0.1457E-02  0.1493E-02  0.1518E-02  0.1521E-02  0.1494E-02  0.1407E-02  0.1202E-02  0.8163E-03  0.4943E-03
     29.6748       30.0000 -0.3020E-04 -0.7679E-02 -0.4942E-01 -0.9947E-01 -0.1112E+00 -0.6160E-03  0.4559E-03  0.1009E-02  0.1324E-02  0.1388E-02  0.1323E-02  0.1297E-02  0.1292E-02  0.1306E-02  0.1339E-02  0.1380E-02  0.1417E-02  0.1457E-02  0.1493E-02  0.1518E-02  0.1521E-02  0.1494E-02  0.1407E-02  0.1202E-02  0.8163E-03  0.4943E-03
     29.8103       40.0000 -0.3020E-04 -0.7679E-02 -0.4942E-01 -0.9948E-01 -0.1112E+00 -0.6161E-03  0.4558E-03  0.1009E-02  0.1324E-02  0.1388E-02  0.1323E-02  0.1297E-02  0.1292E-02  0.1306E-02  0.1339E-02  0.1380E-02  0.1417E-02  0.1457E-02  0.1493E-02  0.1518E-02  0.1521E-02  0.1494E-02  0.1407E-02  0.1202E-02  0.8163E-03  0.4943E-03
     29.9458       50.0000 -0.3020E-04 -0.7679E-02 -0.4942E-01 -0.9948E-01 -0.1112E+00 -0.6163E-03  0.4557E-03  0.1009E-02  0.1324E-02  0.1388E-02  0.1323E-02  0.1297E-02  0.1292E-02  0.1306E-02  0.1339E-02  0.1380E-02  0.1417E-02  0.1457E-02  0.1493E-02  0.1518E-02  0.1521E-02  0.1494E-02  0.1407E-02  0.1202E-02  0.8163E-03  0.4943E-03
