Time history of radial distribution for BEM variable: velIndz[m/s] for blade 1
                          rCurvi[m] (curvilinear radial distance)
                                0.7893      2.3680      3.9467      5.5254      7.1040      8.6827     10.2614     11.8401     13.4188     14.9974     16.5761     18.1548     19.7335     21.3121     22.8908     24.4695     26.0482     27.6268     29.2055     30.7842     32.3629     33.9416     35.5202     37.0989     38.2829     39.0723
                          zB[m] (radial coordinate along blade axis)
     time[s]  azimuth[deg]      0.1833      1.7549      3.3294      4.9066      6.4848      8.0632      9.6423     11.2252     12.8089     14.3906     15.9682     17.5466     19.1253     20.7040     22.2825     23.8605     25.4378     27.0144     28.5901     30.1649     31.7388     33.3118     34.8842     36.4562     37.6335     38.4193
      0.0000        0.0000  0.0000E+00  0.3325E-03  0.2939E-02  0.8292E-02  0.6318E-02  0.8486E-02  0.1752E-01  0.2766E-01  0.3736E-01  0.4701E-01  0.5567E-01  0.6493E-01  0.7529E-01  0.8764E-01  0.1025E+00  0.1200E+00  0.1395E+00  0.1609E+00  0.1843E+00  0.2083E+00  0.2333E+00  0.2578E+00  0.2717E+00  0.2634E+00  0.2089E+00  0.1524E+00
      0.1355        9.7434  0.0000E+00  0.3321E-03  0.2934E-02  0.8273E-02  0.6282E-02  0.8448E-02  0.1748E-01  0.2760E-01  0.3729E-01  0.4696E-01  0.5563E-01  0.6492E-01  0.7529E-01  0.8767E-01  0.1025E+00  0.1200E+00  0.1395E+00  0.1610E+00  0.1844E+00  0.2084E+00  0.2333E+00  0.2577E+00  0.2715E+00  0.2632E+00  0.2087E+00  0.1523E+00
      0.2710       19.4868  0.0000E+00  0.3315E-03  0.2933E-02  0.8260E-02  0.6261E-02  0.8437E-02  0.1748E-01  0.2759E-01  0.3728E-01  0.4695E-01  0.5563E-01  0.6492E-01  0.7531E-01  0.8770E-01  0.1026E+00  0.1201E+00  0.1396E+00  0.1610E+00  0.1845E+00  0.2086E+00  0.2333E+00  0.2576E+00  0.2713E+00  0.2629E+00  0.2084E+00  0.1521E+00
      0.4065       29.2302  0.0000E+00  0.3306E-03  0.2933E-02  0.8253E-02  0.6249E-02  0.8437E-02  0.1749E-01  0.2758E-01  0.3726E-01  0.4693E-01  0.5562E-01  0.6492E-01  0.7532E-01  0.8772E-01  0.1026E+00  0.1201E+00  0.1396E+00  0.1611E+00  0.1846E+00  0.2086E+00  0.2333E+00  0.2574E+00  0.2710E+00  0.2625E+00  0.2082E+00  0.1519E+00
      0.5420       38.9735  0.0000E+00  0.3294E-03  0.2935E-02  0.8254E-02  0.6246E-02  0.8443E-02  0.1750E-01  0.2757E-01  0.3724E-01  0.4691E-01  0.5560E-01  0.6491E-01  0.7532E-01  0.8773E-01  0.1026E+00  0.1201E+00  0.1396E+00  0.1611E+00  0.1847E+00  0.2087E+00  0.2332E+00  0.2571E+00  0.2707E+00  0.2621E+00  0.2078E+00  0.1517E+00
      0.6775       48.7169  0.0000E+00  0.3278E-03  0.2938E-02  0.8262E-02  0.6249E-02  0.8454E-02  0.1751E-01  0.2756E-01  0.3722E-01  0.4689E-01  0.5559E-01  0.6490E-01  0.7531E-01  0.8772E-01  0.1026E+00  0.1200E+00  0.1395E+00  0.1610E+00  0.1847E+00  0.2087E+00  0.2331E+00  0.2568E+00  0.2702E+00  0.2616E+00  0.2074E+00  0.1515E+00
      0.8130       58.4603  0.0000E+00  0.3261E-03  0.2942E-02  0.8276E-02  0.6259E-02  0.8468E-02  0.1752E-01  0.2755E-01  0.3719E-01  0.4687E-01  0.5557E-01  0.6489E-01  0.7530E-01  0.8770E-01  0.1025E+00  0.1200E+00  0.1394E+00  0.1610E+00  0.1846E+00  0.2086E+00  0.2329E+00  0.2564E+00  0.2697E+00  0.2610E+00  0.2070E+00  0.1512E+00
      0.9485       68.2037  0.0000E+00  0.3241E-03  0.2946E-02  0.8295E-02  0.6275E-02  0.8486E-02  0.1753E-01  0.2754E-01  0.3717E-01  0.4684E-01  0.5555E-01  0.6487E-01  0.7528E-01  0.8767E-01  0.1025E+00  0.1199E+00  0.1393E+00  0.1608E+00  0.1845E+00  0.2084E+00  0.2326E+00  0.2559E+00  0.2691E+00  0.2604E+00  0.2065E+00  0.1510E+00
      1.0840       77.9471  0.0000E+00  0.3219E-03  0.2951E-02  0.8320E-02  0.6296E-02  0.8505E-02  0.1754E-01  0.2753E-01  0.3714E-01  0.4682E-01  0.5553E-01  0.6485E-01  0.7526E-01  0.8763E-01  0.1024E+00  0.1198E+00  0.1392E+00  0.1607E+00  0.1843E+00  0.2082E+00  0.2323E+00  0.2553E+00  0.2684E+00  0.2598E+00  0.2060E+00  0.1507E+00
      1.2195       87.6905  0.0000E+00  0.3195E-03  0.2955E-02  0.8352E-02  0.6322E-02  0.8526E-02  0.1755E-01  0.2752E-01  0.3711E-01  0.4679E-01  0.5550E-01  0.6482E-01  0.7522E-01  0.8757E-01  0.1023E+00  0.1197E+00  0.1390E+00  0.1605E+00  0.1841E+00  0.2079E+00  0.2319E+00  0.2548E+00  0.2678E+00  0.2591E+00  0.2055E+00  0.1504E+00
      1.3550       97.4339  0.0000E+00  0.3172E-03  0.2959E-02  0.8382E-02  0.6351E-02  0.8547E-02  0.1756E-01  0.2750E-01  0.3709E-01  0.4677E-01  0.5548E-01  0.6479E-01  0.7518E-01  0.8751E-01  0.1022E+00  0.1195E+00  0.1388E+00  0.1603E+00  0.1838E+00  0.2077E+00  0.2315E+00  0.2542E+00  0.2672E+00  0.2586E+00  0.2051E+00  0.1502E+00
      1.4905      107.1773  0.0000E+00  0.3148E-03  0.2962E-02  0.8413E-02  0.6382E-02  0.8568E-02  0.1757E-01  0.2749E-01  0.3706E-01  0.4674E-01  0.5545E-01  0.6476E-01  0.7513E-01  0.8743E-01  0.1021E+00  0.1194E+00  0.1387E+00  0.1601E+00  0.1836E+00  0.2074E+00  0.2312E+00  0.2538E+00  0.2667E+00  0.2581E+00  0.2048E+00  0.1500E+00
      1.6260      116.9206  0.0000E+00  0.3126E-03  0.2964E-02  0.8445E-02  0.6414E-02  0.8587E-02  0.1757E-01  0.2748E-01  0.3703E-01  0.4671E-01  0.5542E-01  0.6472E-01  0.7508E-01  0.8735E-01  0.1020E+00  0.1192E+00  0.1385E+00  0.1598E+00  0.1833E+00  0.2072E+00  0.2310E+00  0.2535E+00  0.2664E+00  0.2578E+00  0.2046E+00  0.1499E+00
      1.7615      126.6640  0.0000E+00  0.3107E-03  0.2964E-02  0.8475E-02  0.6445E-02  0.8604E-02  0.1758E-01  0.2747E-01  0.3701E-01  0.4669E-01  0.5539E-01  0.6468E-01  0.7502E-01  0.8727E-01  0.1019E+00  0.1191E+00  0.1383E+00  0.1597E+00  0.1831E+00  0.2070E+00  0.2308E+00  0.2533E+00  0.2662E+00  0.2576E+00  0.2045E+00  0.1499E+00
      1.8970      136.4074  0.0000E+00  0.3090E-03  0.2959E-02  0.8498E-02  0.6474E-02  0.8619E-02  0.1758E-01  0.2746E-01  0.3699E-01  0.4667E-01  0.5536E-01  0.6464E-01  0.7496E-01  0.8719E-01  0.1018E+00  0.1189E+00  0.1382E+00  0.1595E+00  0.1830E+00  0.2069E+00  0.2308E+00  0.2533E+00  0.2662E+00  0.2577E+00  0.2046E+00  0.1500E+00
      2.0325      146.1508  0.0000E+00  0.3077E-03  0.2955E-02  0.8522E-02  0.6502E-02  0.8629E-02  0.1758E-01  0.2744E-01  0.3698E-01  0.4664E-01  0.5533E-01  0.6460E-01  0.7490E-01  0.8710E-01  0.1017E+00  0.1188E+00  0.1381E+00  0.1594E+00  0.1828E+00  0.2068E+00  0.2309E+00  0.2534E+00  0.2665E+00  0.2580E+00  0.2049E+00  0.1501E+00
      2.1680      155.8942  0.0000E+00  0.3068E-03  0.2948E-02  0.8541E-02  0.6527E-02  0.8636E-02  0.1757E-01  0.2744E-01  0.3696E-01  0.4663E-01  0.5530E-01  0.6455E-01  0.7484E-01  0.8702E-01  0.1016E+00  0.1187E+00  0.1380E+00  0.1593E+00  0.1828E+00  0.2068E+00  0.2310E+00  0.2537E+00  0.2669E+00  0.2584E+00  0.2053E+00  0.1504E+00
      2.3035      165.6376  0.0000E+00  0.3064E-03  0.2940E-02  0.8555E-02  0.6548E-02  0.8638E-02  0.1757E-01  0.2743E-01  0.3696E-01  0.4661E-01  0.5527E-01  0.6451E-01  0.7478E-01  0.8694E-01  0.1015E+00  0.1187E+00  0.1379E+00  0.1593E+00  0.1828E+00  0.2069E+00  0.2313E+00  0.2542E+00  0.2675E+00  0.2591E+00  0.2059E+00  0.1507E+00
      2.4390      175.3810  0.0000E+00  0.3064E-03  0.2929E-02  0.8563E-02  0.6564E-02  0.8636E-02  0.1756E-01  0.2742E-01  0.3695E-01  0.4660E-01  0.5524E-01  0.6447E-01  0.7472E-01  0.8687E-01  0.1014E+00  0.1186E+00  0.1379E+00  0.1593E+00  0.1828E+00  0.2071E+00  0.2316E+00  0.2547E+00  0.2682E+00  0.2599E+00  0.2065E+00  0.1511E+00
      2.5745      185.1244  0.0000E+00  0.3069E-03  0.2918E-02  0.8565E-02  0.6575E-02  0.8630E-02  0.1755E-01  0.2742E-01  0.3695E-01  0.4659E-01  0.5522E-01  0.6443E-01  0.7467E-01  0.8681E-01  0.1014E+00  0.1186E+00  0.1379E+00  0.1593E+00  0.1828E+00  0.2072E+00  0.2320E+00  0.2554E+00  0.2689E+00  0.2607E+00  0.2073E+00  0.1515E+00
      2.7100      194.8677  0.0000E+00  0.3078E-03  0.2905E-02  0.8562E-02  0.6582E-02  0.8621E-02  0.1754E-01  0.2742E-01  0.3696E-01  0.4658E-01  0.5520E-01  0.6440E-01  0.7462E-01  0.8676E-01  0.1013E+00  0.1186E+00  0.1379E+00  0.1593E+00  0.1829E+00  0.2074E+00  0.2324E+00  0.2560E+00  0.2697E+00  0.2617E+00  0.2080E+00  0.1519E+00
      2.8455      204.6111  0.0000E+00  0.3091E-03  0.2891E-02  0.8555E-02  0.6585E-02  0.8608E-02  0.1752E-01  0.2742E-01  0.3697E-01  0.4658E-01  0.5519E-01  0.6438E-01  0.7459E-01  0.8672E-01  0.1013E+00  0.1186E+00  0.1380E+00  0.1594E+00  0.1830E+00  0.2076E+00  0.2328E+00  0.2566E+00  0.2704E+00  0.2626E+00  0.2087E+00  0.1523E+00
      2.9810      214.3545  0.0000E+00  0.3107E-03  0.2878E-02  0.8544E-02  0.6583E-02  0.8592E-02  0.1751E-01  0.2742E-01  0.3698E-01  0.4659E-01  0.5518E-01  0.6436E-01  0.7456E-01  0.8669E-01  0.1013E+00  0.1186E+00  0.1380E+00  0.1594E+00  0.1830E+00  0.2077E+00  0.2330E+00  0.2571E+00  0.2711E+00  0.2634E+00  0.2094E+00  0.1527E+00
      3.1165      224.0979  0.0000E+00  0.3125E-03  0.2865E-02  0.8529E-02  0.6577E-02  0.8574E-02  0.1749E-01  0.2742E-01  0.3700E-01  0.4660E-01  0.5519E-01  0.6435E-01  0.7455E-01  0.8668E-01  0.1013E+00  0.1186E+00  0.1381E+00  0.1595E+00  0.1831E+00  0.2078E+00  0.2333E+00  0.2575E+00  0.2716E+00  0.2642E+00  0.2100E+00  0.1530E+00
      3.2520      233.8413  0.0000E+00  0.3145E-03  0.2855E-02  0.8511E-02  0.6567E-02  0.8555E-02  0.1747E-01  0.2743E-01  0.3702E-01  0.4661E-01  0.5519E-01  0.6436E-01  0.7454E-01  0.8668E-01  0.1013E+00  0.1187E+00  0.1381E+00  0.1595E+00  0.1831E+00  0.2078E+00  0.2334E+00  0.2578E+00  0.2720E+00  0.2648E+00  0.2104E+00  0.1532E+00
      3.3875      243.5847  0.0000E+00  0.3167E-03  0.2845E-02  0.8490E-02  0.6554E-02  0.8535E-02  0.1746E-01  0.2743E-01  0.3704E-01  0.4663E-01  0.5521E-01  0.6437E-01  0.7455E-01  0.8670E-01  0.1013E+00  0.1187E+00  0.1382E+00  0.1596E+00  0.1831E+00  0.2077E+00  0.2334E+00  0.2579E+00  0.2722E+00  0.2652E+00  0.2107E+00  0.1534E+00
      3.5230      253.3281  0.0000E+00  0.3188E-03  0.2835E-02  0.8468E-02  0.6538E-02  0.8515E-02  0.1744E-01  0.2744E-01  0.3707E-01  0.4665E-01  0.5523E-01  0.6439E-01  0.7458E-01  0.8673E-01  0.1014E+00  0.1188E+00  0.1383E+00  0.1596E+00  0.1830E+00  0.2077E+00  0.2333E+00  0.2580E+00  0.2723E+00  0.2654E+00  0.2109E+00  0.1535E+00
      3.6585      263.0714  0.0000E+00  0.3210E-03  0.2828E-02  0.8444E-02  0.6519E-02  0.8495E-02  0.1743E-01  0.2745E-01  0.3709E-01  0.4668E-01  0.5526E-01  0.6442E-01  0.7461E-01  0.8677E-01  0.1014E+00  0.1188E+00  0.1383E+00  0.1596E+00  0.1830E+00  0.2075E+00  0.2332E+00  0.2579E+00  0.2722E+00  0.2655E+00  0.2109E+00  0.1535E+00
      3.7940      272.8148  0.0000E+00  0.3230E-03  0.2823E-02  0.8420E-02  0.6498E-02  0.8475E-02  0.1742E-01  0.2746E-01  0.3712E-01  0.4671E-01  0.5529E-01  0.6445E-01  0.7465E-01  0.8683E-01  0.1015E+00  0.1189E+00  0.1384E+00  0.1597E+00  0.1829E+00  0.2074E+00  0.2330E+00  0.2578E+00  0.2721E+00  0.2655E+00  0.2109E+00  0.1535E+00
      3.9295      282.5582  0.0000E+00  0.3250E-03  0.2820E-02  0.8395E-02  0.6476E-02  0.8457E-02  0.1741E-01  0.2747E-01  0.3715E-01  0.4673E-01  0.5532E-01  0.6449E-01  0.7470E-01  0.8689E-01  0.1016E+00  0.1190E+00  0.1385E+00  0.1597E+00  0.1829E+00  0.2072E+00  0.2327E+00  0.2576E+00  0.2719E+00  0.2654E+00  0.2107E+00  0.1534E+00
      4.0650      292.3016  0.0000E+00  0.3268E-03  0.2819E-02  0.8369E-02  0.6451E-02  0.8439E-02  0.1740E-01  0.2748E-01  0.3717E-01  0.4676E-01  0.5535E-01  0.6453E-01  0.7475E-01  0.8697E-01  0.1017E+00  0.1191E+00  0.1385E+00  0.1597E+00  0.1829E+00  0.2071E+00  0.2325E+00  0.2574E+00  0.2717E+00  0.2652E+00  0.2105E+00  0.1533E+00
      4.2005      302.0450  0.0000E+00  0.3283E-03  0.2820E-02  0.8344E-02  0.6425E-02  0.8423E-02  0.1740E-01  0.2749E-01  0.3720E-01  0.4679E-01  0.5539E-01  0.6458E-01  0.7481E-01  0.8705E-01  0.1018E+00  0.1192E+00  0.1386E+00  0.1598E+00  0.1829E+00  0.2070E+00  0.2324E+00  0.2572E+00  0.2715E+00  0.2649E+00  0.2102E+00  0.1532E+00
      4.3360      311.7884  0.0000E+00  0.3297E-03  0.2822E-02  0.8319E-02  0.6398E-02  0.8409E-02  0.1739E-01  0.2750E-01  0.3722E-01  0.4681E-01  0.5542E-01  0.6462E-01  0.7487E-01  0.8713E-01  0.1019E+00  0.1193E+00  0.1387E+00  0.1599E+00  0.1830E+00  0.2070E+00  0.2322E+00  0.2571E+00  0.2714E+00  0.2646E+00  0.2100E+00  0.1530E+00
      4.4715      321.5318  0.0000E+00  0.3308E-03  0.2825E-02  0.8295E-02  0.6372E-02  0.8397E-02  0.1739E-01  0.2751E-01  0.3723E-01  0.4683E-01  0.5545E-01  0.6467E-01  0.7494E-01  0.8721E-01  0.1020E+00  0.1194E+00  0.1388E+00  0.1600E+00  0.1831E+00  0.2070E+00  0.2322E+00  0.2570E+00  0.2713E+00  0.2643E+00  0.2097E+00  0.1529E+00
      4.6070      331.2752  0.0000E+00  0.3316E-03  0.2829E-02  0.8273E-02  0.6345E-02  0.8387E-02  0.1739E-01  0.2752E-01  0.3725E-01  0.4685E-01  0.5548E-01  0.6471E-01  0.7500E-01  0.8729E-01  0.1021E+00  0.1195E+00  0.1389E+00  0.1601E+00  0.1832E+00  0.2071E+00  0.2322E+00  0.2570E+00  0.2712E+00  0.2641E+00  0.2095E+00  0.1528E+00
      4.7425      341.0185  0.0000E+00  0.3321E-03  0.2834E-02  0.8253E-02  0.6320E-02  0.8380E-02  0.1740E-01  0.2752E-01  0.3726E-01  0.4687E-01  0.5551E-01  0.6475E-01  0.7505E-01  0.8737E-01  0.1022E+00  0.1196E+00  0.1390E+00  0.1602E+00  0.1834E+00  0.2073E+00  0.2323E+00  0.2570E+00  0.2712E+00  0.2639E+00  0.2093E+00  0.1526E+00
      4.8780      350.7619  0.0000E+00  0.3324E-03  0.2840E-02  0.8236E-02  0.6296E-02  0.8375E-02  0.1740E-01  0.2753E-01  0.3726E-01  0.4688E-01  0.5552E-01  0.6478E-01  0.7510E-01  0.8745E-01  0.1023E+00  0.1197E+00  0.1392E+00  0.1604E+00  0.1836E+00  0.2075E+00  0.2324E+00  0.2571E+00  0.2712E+00  0.2636E+00  0.2091E+00  0.1525E+00
      5.0136        0.5053  0.0000E+00  0.3324E-03  0.2847E-02  0.8222E-02  0.6276E-02  0.8374E-02  0.1741E-01  0.2754E-01  0.3727E-01  0.4688E-01  0.5554E-01  0.6481E-01  0.7515E-01  0.8751E-01  0.1023E+00  0.1198E+00  0.1393E+00  0.1605E+00  0.1838E+00  0.2077E+00  0.2326E+00  0.2572E+00  0.2712E+00  0.2634E+00  0.2089E+00  0.1524E+00
      5.1491       10.2487  0.0000E+00  0.3320E-03  0.2854E-02  0.8212E-02  0.6259E-02  0.8375E-02  0.1742E-01  0.2754E-01  0.3726E-01  0.4688E-01  0.5555E-01  0.6483E-01  0.7519E-01  0.8757E-01  0.1024E+00  0.1199E+00  0.1393E+00  0.1607E+00  0.1840E+00  0.2079E+00  0.2328E+00  0.2572E+00  0.2712E+00  0.2632E+00  0.2087E+00  0.1522E+00
      5.2846       19.9921  0.0000E+00  0.3314E-03  0.2862E-02  0.8206E-02  0.6246E-02  0.8380E-02  0.1743E-01  0.2754E-01  0.3726E-01  0.4688E-01  0.5555E-01  0.6484E-01  0.7522E-01  0.8761E-01  0.1025E+00  0.1200E+00  0.1394E+00  0.1608E+00  0.1842E+00  0.2081E+00  0.2329E+00  0.2572E+00  0.2711E+00  0.2629E+00  0.2084E+00  0.1521E+00
      5.4201       29.7355  0.0000E+00  0.3305E-03  0.2870E-02  0.8206E-02  0.6239E-02  0.8389E-02  0.1744E-01  0.2754E-01  0.3724E-01  0.4687E-01  0.5556E-01  0.6485E-01  0.7524E-01  0.8764E-01  0.1025E+00  0.1200E+00  0.1395E+00  0.1609E+00  0.1844E+00  0.2083E+00  0.2330E+00  0.2571E+00  0.2709E+00  0.2625E+00  0.2081E+00  0.1519E+00
      5.5556       39.4789  0.0000E+00  0.3292E-03  0.2878E-02  0.8212E-02  0.6237E-02  0.8401E-02  0.1746E-01  0.2754E-01  0.3723E-01  0.4686E-01  0.5555E-01  0.6486E-01  0.7526E-01  0.8766E-01  0.1025E+00  0.1200E+00  0.1395E+00  0.1609E+00  0.1845E+00  0.2084E+00  0.2329E+00  0.2569E+00  0.2706E+00  0.2621E+00  0.2078E+00  0.1517E+00
      5.6911       49.2223  0.0000E+00  0.3277E-03  0.2887E-02  0.8225E-02  0.6242E-02  0.8416E-02  0.1747E-01  0.2754E-01  0.3721E-01  0.4685E-01  0.5554E-01  0.6486E-01  0.7526E-01  0.8766E-01  0.1025E+00  0.1200E+00  0.1394E+00  0.1609E+00  0.1845E+00  0.2084E+00  0.2329E+00  0.2566E+00  0.2701E+00  0.2616E+00  0.2074E+00  0.1515E+00
      5.8266       58.9656  0.0000E+00  0.3259E-03  0.2896E-02  0.8242E-02  0.6252E-02  0.8434E-02  0.1749E-01  0.2753E-01  0.3719E-01  0.4683E-01  0.5553E-01  0.6485E-01  0.7526E-01  0.8765E-01  0.1025E+00  0.1199E+00  0.1393E+00  0.1608E+00  0.1844E+00  0.2084E+00  0.2327E+00  0.2562E+00  0.2696E+00  0.2610E+00  0.2070E+00  0.1512E+00
      5.9621       68.7090  0.0000E+00  0.3239E-03  0.2905E-02  0.8265E-02  0.6268E-02  0.8455E-02  0.1750E-01  0.2752E-01  0.3717E-01  0.4681E-01  0.5552E-01  0.6484E-01  0.7524E-01  0.8763E-01  0.1024E+00  0.1198E+00  0.1392E+00  0.1607E+00  0.1843E+00  0.2082E+00  0.2324E+00  0.2557E+00  0.2690E+00  0.2604E+00  0.2065E+00  0.1509E+00
      6.0976       78.4524  0.0000E+00  0.3217E-03  0.2913E-02  0.8293E-02  0.6289E-02  0.8477E-02  0.1752E-01  0.2751E-01  0.3714E-01  0.4679E-01  0.5550E-01  0.6482E-01  0.7522E-01  0.8759E-01  0.1024E+00  0.1197E+00  0.1391E+00  0.1606E+00  0.1842E+00  0.2080E+00  0.2321E+00  0.2552E+00  0.2684E+00  0.2597E+00  0.2060E+00  0.1507E+00
      6.2331       88.1958  0.0000E+00  0.3194E-03  0.2921E-02  0.8327E-02  0.6316E-02  0.8500E-02  0.1753E-01  0.2751E-01  0.3711E-01  0.4677E-01  0.5548E-01  0.6480E-01  0.7519E-01  0.8754E-01  0.1023E+00  0.1196E+00  0.1390E+00  0.1604E+00  0.1840E+00  0.2078E+00  0.2318E+00  0.2547E+00  0.2677E+00  0.2591E+00  0.2055E+00  0.1504E+00
      6.3686       97.9392  0.0000E+00  0.3170E-03  0.2928E-02  0.8359E-02  0.6345E-02  0.8524E-02  0.1754E-01  0.2749E-01  0.3709E-01  0.4675E-01  0.5546E-01  0.6478E-01  0.7516E-01  0.8748E-01  0.1022E+00  0.1195E+00  0.1388E+00  0.1602E+00  0.1837E+00  0.2076E+00  0.2315E+00  0.2542E+00  0.2672E+00  0.2585E+00  0.2051E+00  0.1502E+00
      6.5041      107.6826  0.0000E+00  0.3147E-03  0.2934E-02  0.8392E-02  0.6376E-02  0.8546E-02  0.1755E-01  0.2748E-01  0.3706E-01  0.4673E-01  0.5543E-01  0.6474E-01  0.7511E-01  0.8741E-01  0.1021E+00  0.1193E+00  0.1386E+00  0.1600E+00  0.1835E+00  0.2073E+00  0.2312E+00  0.2537E+00  0.2667E+00  0.2581E+00  0.2048E+00  0.1500E+00
      6.6396      117.4260  0.0000E+00  0.3125E-03  0.2938E-02  0.8425E-02  0.6408E-02  0.8567E-02  0.1756E-01  0.2747E-01  0.3704E-01  0.4670E-01  0.5541E-01  0.6471E-01  0.7506E-01  0.8733E-01  0.1020E+00  0.1192E+00  0.1384E+00  0.1598E+00  0.1833E+00  0.2071E+00  0.2309E+00  0.2534E+00  0.2664E+00  0.2577E+00  0.2046E+00  0.1499E+00
      6.7751      127.1693  0.0000E+00  0.3106E-03  0.2941E-02  0.8456E-02  0.6440E-02  0.8586E-02  0.1757E-01  0.2746E-01  0.3702E-01  0.4668E-01  0.5538E-01  0.6467E-01  0.7501E-01  0.8725E-01  0.1019E+00  0.1191E+00  0.1383E+00  0.1596E+00  0.1831E+00  0.2069E+00  0.2308E+00  0.2533E+00  0.2662E+00  0.2576E+00  0.2045E+00  0.1499E+00
      6.9106      136.9127  0.0000E+00  0.3089E-03  0.2938E-02  0.8481E-02  0.6469E-02  0.8602E-02  0.1757E-01  0.2745E-01  0.3700E-01  0.4666E-01  0.5535E-01  0.6463E-01  0.7495E-01  0.8717E-01  0.1018E+00  0.1189E+00  0.1382E+00  0.1595E+00  0.1829E+00  0.2068E+00  0.2308E+00  0.2533E+00  0.2663E+00  0.2577E+00  0.2046E+00  0.1500E+00
      7.0461      146.6561  0.0000E+00  0.3076E-03  0.2936E-02  0.8506E-02  0.6497E-02  0.8614E-02  0.1757E-01  0.2744E-01  0.3698E-01  0.4664E-01  0.5532E-01  0.6459E-01  0.7489E-01  0.8709E-01  0.1017E+00  0.1188E+00  0.1381E+00  0.1594E+00  0.1828E+00  0.2068E+00  0.2308E+00  0.2534E+00  0.2665E+00  0.2580E+00  0.2049E+00  0.1502E+00
      7.1816      156.3995  0.0000E+00  0.3067E-03  0.2931E-02  0.8526E-02  0.6522E-02  0.8622E-02  0.1757E-01  0.2744E-01  0.3697E-01  0.4662E-01  0.5529E-01  0.6455E-01  0.7483E-01  0.8701E-01  0.1016E+00  0.1187E+00  0.1380E+00  0.1593E+00  0.1827E+00  0.2068E+00  0.2310E+00  0.2537E+00  0.2669E+00  0.2585E+00  0.2053E+00  0.1504E+00
      7.3171      166.1429  0.0000E+00  0.3063E-03  0.2924E-02  0.8540E-02  0.6543E-02  0.8625E-02  0.1756E-01  0.2743E-01  0.3696E-01  0.4661E-01  0.5526E-01  0.6450E-01  0.7477E-01  0.8693E-01  0.1015E+00  0.1187E+00  0.1379E+00  0.1592E+00  0.1827E+00  0.2069E+00  0.2313E+00  0.2542E+00  0.2675E+00  0.2591E+00  0.2059E+00  0.1507E+00
      7.4526      175.8863  0.0000E+00  0.3064E-03  0.2915E-02  0.8549E-02  0.6559E-02  0.8624E-02  0.1755E-01  0.2742E-01  0.3696E-01  0.4660E-01  0.5524E-01  0.6446E-01  0.7471E-01  0.8686E-01  0.1014E+00  0.1186E+00  0.1379E+00  0.1592E+00  0.1828E+00  0.2071E+00  0.2317E+00  0.2548E+00  0.2682E+00  0.2599E+00  0.2066E+00  0.1511E+00
      7.5881      185.6297  0.0000E+00  0.3069E-03  0.2904E-02  0.8553E-02  0.6570E-02  0.8619E-02  0.1754E-01  0.2742E-01  0.3696E-01  0.4659E-01  0.5522E-01  0.6443E-01  0.7466E-01  0.8680E-01  0.1013E+00  0.1186E+00  0.1379E+00  0.1593E+00  0.1828E+00  0.2072E+00  0.2320E+00  0.2554E+00  0.2690E+00  0.2608E+00  0.2073E+00  0.1515E+00
      7.7236      195.3731  0.0000E+00  0.3079E-03  0.2893E-02  0.8551E-02  0.6577E-02  0.8610E-02  0.1753E-01  0.2742E-01  0.3697E-01  0.4659E-01  0.5520E-01  0.6440E-01  0.7462E-01  0.8675E-01  0.1013E+00  0.1186E+00  0.1379E+00  0.1593E+00  0.1829E+00  0.2074E+00  0.2324E+00  0.2560E+00  0.2697E+00  0.2617E+00  0.2081E+00  0.1519E+00
      7.8591      205.1164  0.0000E+00  0.3092E-03  0.2881E-02  0.8544E-02  0.6579E-02  0.8598E-02  0.1752E-01  0.2742E-01  0.3698E-01  0.4659E-01  0.5519E-01  0.6438E-01  0.7458E-01  0.8671E-01  0.1013E+00  0.1186E+00  0.1380E+00  0.1594E+00  0.1830E+00  0.2076E+00  0.2328E+00  0.2566E+00  0.2705E+00  0.2626E+00  0.2088E+00  0.1523E+00
      7.9946      214.8598  0.0000E+00  0.3108E-03  0.2869E-02  0.8534E-02  0.6577E-02  0.8583E-02  0.1750E-01  0.2742E-01  0.3699E-01  0.4659E-01  0.5519E-01  0.6436E-01  0.7456E-01  0.8669E-01  0.1013E+00  0.1186E+00  0.1380E+00  0.1594E+00  0.1830E+00  0.2077E+00  0.2331E+00  0.2571E+00  0.2711E+00  0.2635E+00  0.2094E+00  0.1527E+00
      8.1301      224.6032  0.0000E+00  0.3126E-03  0.2857E-02  0.8519E-02  0.6571E-02  0.8566E-02  0.1749E-01  0.2743E-01  0.3701E-01  0.4660E-01  0.5519E-01  0.6436E-01  0.7455E-01  0.8668E-01  0.1013E+00  0.1186E+00  0.1381E+00  0.1595E+00  0.1831E+00  0.2078E+00  0.2333E+00  0.2575E+00  0.2716E+00  0.2642E+00  0.2100E+00  0.1530E+00
      8.2656      234.3466  0.0000E+00  0.3147E-03  0.2848E-02  0.8502E-02  0.6561E-02  0.8548E-02  0.1747E-01  0.2743E-01  0.3703E-01  0.4662E-01  0.5520E-01  0.6436E-01  0.7454E-01  0.8668E-01  0.1013E+00  0.1187E+00  0.1381E+00  0.1595E+00  0.1831E+00  0.2078E+00  0.2334E+00  0.2578E+00  0.2720E+00  0.2648E+00  0.2104E+00  0.1532E+00
      8.4011      244.0900  0.0000E+00  0.3168E-03  0.2838E-02  0.8482E-02  0.6548E-02  0.8529E-02  0.1746E-01  0.2744E-01  0.3705E-01  0.4664E-01  0.5521E-01  0.6437E-01  0.7455E-01  0.8670E-01  0.1013E+00  0.1187E+00  0.1382E+00  0.1596E+00  0.1831E+00  0.2077E+00  0.2334E+00  0.2580E+00  0.2722E+00  0.2652E+00  0.2107E+00  0.1534E+00
      8.5366      253.8334  0.0000E+00  0.3190E-03  0.2830E-02  0.8461E-02  0.6533E-02  0.8509E-02  0.1744E-01  0.2744E-01  0.3708E-01  0.4666E-01  0.5523E-01  0.6439E-01  0.7458E-01  0.8673E-01  0.1014E+00  0.1188E+00  0.1383E+00  0.1596E+00  0.1830E+00  0.2076E+00  0.2333E+00  0.2580E+00  0.2723E+00  0.2655E+00  0.2109E+00  0.1535E+00
      8.6721      263.5768  0.0000E+00  0.3211E-03  0.2823E-02  0.8437E-02  0.6514E-02  0.8489E-02  0.1743E-01  0.2745E-01  0.3710E-01  0.4669E-01  0.5526E-01  0.6442E-01  0.7461E-01  0.8678E-01  0.1014E+00  0.1189E+00  0.1383E+00  0.1596E+00  0.1830E+00  0.2075E+00  0.2332E+00  0.2579E+00  0.2722E+00  0.2655E+00  0.2109E+00  0.1535E+00
      8.8076      273.3202  0.0000E+00  0.3231E-03  0.2819E-02  0.8413E-02  0.6493E-02  0.8470E-02  0.1742E-01  0.2746E-01  0.3713E-01  0.4671E-01  0.5529E-01  0.6445E-01  0.7465E-01  0.8683E-01  0.1015E+00  0.1189E+00  0.1384E+00  0.1597E+00  0.1829E+00  0.2074E+00  0.2330E+00  0.2578E+00  0.2721E+00  0.2655E+00  0.2108E+00  0.1535E+00
      8.9431      283.0635  0.0000E+00  0.3251E-03  0.2817E-02  0.8389E-02  0.6470E-02  0.8452E-02  0.1741E-01  0.2747E-01  0.3716E-01  0.4674E-01  0.5532E-01  0.6449E-01  0.7470E-01  0.8690E-01  0.1016E+00  0.1190E+00  0.1385E+00  0.1597E+00  0.1829E+00  0.2072E+00  0.2327E+00  0.2576E+00  0.2719E+00  0.2654E+00  0.2107E+00  0.1534E+00
      9.0786      292.8069  0.0000E+00  0.3268E-03  0.2816E-02  0.8364E-02  0.6446E-02  0.8435E-02  0.1740E-01  0.2748E-01  0.3718E-01  0.4677E-01  0.5536E-01  0.6454E-01  0.7476E-01  0.8697E-01  0.1017E+00  0.1191E+00  0.1385E+00  0.1597E+00  0.1829E+00  0.2071E+00  0.2325E+00  0.2574E+00  0.2717E+00  0.2651E+00  0.2105E+00  0.1533E+00
      9.2141      302.5503  0.0000E+00  0.3284E-03  0.2817E-02  0.8339E-02  0.6420E-02  0.8420E-02  0.1740E-01  0.2749E-01  0.3721E-01  0.4679E-01  0.5539E-01  0.6458E-01  0.7482E-01  0.8705E-01  0.1018E+00  0.1192E+00  0.1386E+00  0.1598E+00  0.1829E+00  0.2070E+00  0.2324E+00  0.2572E+00  0.2715E+00  0.2649E+00  0.2102E+00  0.1532E+00
      9.3496      312.2937  0.0000E+00  0.3297E-03  0.2819E-02  0.8314E-02  0.6393E-02  0.8406E-02  0.1739E-01  0.2750E-01  0.3723E-01  0.4682E-01  0.5543E-01  0.6463E-01  0.7488E-01  0.8713E-01  0.1019E+00  0.1193E+00  0.1387E+00  0.1599E+00  0.1830E+00  0.2070E+00  0.2322E+00  0.2571E+00  0.2713E+00  0.2646E+00  0.2099E+00  0.1530E+00
      9.4851      322.0371  0.0000E+00  0.3308E-03  0.2823E-02  0.8291E-02  0.6366E-02  0.8394E-02  0.1739E-01  0.2751E-01  0.3724E-01  0.4684E-01  0.5546E-01  0.6467E-01  0.7494E-01  0.8722E-01  0.1020E+00  0.1194E+00  0.1388E+00  0.1600E+00  0.1831E+00  0.2070E+00  0.2322E+00  0.2570E+00  0.2712E+00  0.2643E+00  0.2097E+00  0.1529E+00
      9.6206      331.7805  0.0000E+00  0.3316E-03  0.2828E-02  0.8269E-02  0.6340E-02  0.8385E-02  0.1739E-01  0.2752E-01  0.3726E-01  0.4686E-01  0.5549E-01  0.6471E-01  0.7500E-01  0.8730E-01  0.1021E+00  0.1195E+00  0.1389E+00  0.1601E+00  0.1832E+00  0.2071E+00  0.2322E+00  0.2570E+00  0.2712E+00  0.2641E+00  0.2095E+00  0.1527E+00
      9.7561      341.5239  0.0000E+00  0.3322E-03  0.2833E-02  0.8249E-02  0.6315E-02  0.8377E-02  0.1740E-01  0.2753E-01  0.3727E-01  0.4687E-01  0.5551E-01  0.6475E-01  0.7506E-01  0.8738E-01  0.1022E+00  0.1196E+00  0.1390E+00  0.1602E+00  0.1834E+00  0.2073E+00  0.2323E+00  0.2570E+00  0.2712E+00  0.2638E+00  0.2092E+00  0.1526E+00
      9.8916      351.2673  0.0000E+00  0.3324E-03  0.2839E-02  0.8233E-02  0.6291E-02  0.8373E-02  0.1740E-01  0.2754E-01  0.3727E-01  0.4688E-01  0.5553E-01  0.6478E-01  0.7511E-01  0.8745E-01  0.1023E+00  0.1197E+00  0.1392E+00  0.1604E+00  0.1836E+00  0.2075E+00  0.2325E+00  0.2571E+00  0.2712E+00  0.2636E+00  0.2091E+00  0.1525E+00
     10.0271        1.0106  0.0000E+00  0.3324E-03  0.2846E-02  0.8219E-02  0.6271E-02  0.8372E-02  0.1741E-01  0.2754E-01  0.3727E-01  0.4689E-01  0.5554E-01  0.6481E-01  0.7515E-01  0.8752E-01  0.1024E+00  0.1198E+00  0.1393E+00  0.1605E+00  0.1838E+00  0.2077E+00  0.2326E+00  0.2572E+00  0.2712E+00  0.2634E+00  0.2089E+00  0.1524E+00
     10.1626       10.7540  0.0000E+00  0.3320E-03  0.2853E-02  0.8209E-02  0.6254E-02  0.8374E-02  0.1742E-01  0.2754E-01  0.3727E-01  0.4689E-01  0.5555E-01  0.6483E-01  0.7519E-01  0.8757E-01  0.1024E+00  0.1199E+00  0.1394E+00  0.1607E+00  0.1840E+00  0.2079E+00  0.2328E+00  0.2572E+00  0.2712E+00  0.2632E+00  0.2087E+00  0.1522E+00
     10.2981       20.4974  0.0000E+00  0.3314E-03  0.2861E-02  0.8204E-02  0.6242E-02  0.8379E-02  0.1743E-01  0.2755E-01  0.3726E-01  0.4688E-01  0.5556E-01  0.6485E-01  0.7522E-01  0.8761E-01  0.1025E+00  0.1200E+00  0.1394E+00  0.1608E+00  0.1842E+00  0.2082E+00  0.2329E+00  0.2572E+00  0.2711E+00  0.2629E+00  0.2084E+00  0.1521E+00
     10.4336       30.2408  0.0000E+00  0.3304E-03  0.2869E-02  0.8205E-02  0.6235E-02  0.8388E-02  0.1745E-01  0.2755E-01  0.3725E-01  0.4688E-01  0.5556E-01  0.6486E-01  0.7524E-01  0.8764E-01  0.1025E+00  0.1200E+00  0.1395E+00  0.1609E+00  0.1844E+00  0.2083E+00  0.2330E+00  0.2571E+00  0.2708E+00  0.2625E+00  0.2081E+00  0.1519E+00
     10.5691       39.9842  0.0000E+00  0.3292E-03  0.2878E-02  0.8211E-02  0.6234E-02  0.8401E-02  0.1746E-01  0.2754E-01  0.3723E-01  0.4687E-01  0.5556E-01  0.6486E-01  0.7526E-01  0.8766E-01  0.1025E+00  0.1200E+00  0.1395E+00  0.1609E+00  0.1845E+00  0.2084E+00  0.2329E+00  0.2569E+00  0.2705E+00  0.2621E+00  0.2078E+00  0.1517E+00
     10.7046       49.7276  0.0000E+00  0.3276E-03  0.2887E-02  0.8224E-02  0.6239E-02  0.8416E-02  0.1747E-01  0.2754E-01  0.3722E-01  0.4685E-01  0.5555E-01  0.6486E-01  0.7526E-01  0.8766E-01  0.1025E+00  0.1200E+00  0.1394E+00  0.1609E+00  0.1845E+00  0.2084E+00  0.2328E+00  0.2566E+00  0.2701E+00  0.2616E+00  0.2074E+00  0.1515E+00
     10.8401       59.4710  0.0000E+00  0.3258E-03  0.2896E-02  0.8242E-02  0.6249E-02  0.8434E-02  0.1749E-01  0.2753E-01  0.3719E-01  0.4684E-01  0.5554E-01  0.6485E-01  0.7526E-01  0.8765E-01  0.1025E+00  0.1199E+00  0.1393E+00  0.1608E+00  0.1844E+00  0.2084E+00  0.2327E+00  0.2562E+00  0.2696E+00  0.2610E+00  0.2069E+00  0.1512E+00
     10.9756       69.2143  0.0000E+00  0.3238E-03  0.2905E-02  0.8265E-02  0.6266E-02  0.8455E-02  0.1750E-01  0.2753E-01  0.3717E-01  0.4682E-01  0.5552E-01  0.6484E-01  0.7525E-01  0.8763E-01  0.1024E+00  0.1198E+00  0.1392E+00  0.1607E+00  0.1843E+00  0.2082E+00  0.2324E+00  0.2557E+00  0.2690E+00  0.2603E+00  0.2064E+00  0.1509E+00
     11.1111       78.9577  0.0000E+00  0.3216E-03  0.2913E-02  0.8293E-02  0.6288E-02  0.8477E-02  0.1752E-01  0.2752E-01  0.3715E-01  0.4680E-01  0.5550E-01  0.6482E-01  0.7522E-01  0.8759E-01  0.1024E+00  0.1197E+00  0.1391E+00  0.1606E+00  0.1842E+00  0.2080E+00  0.2321E+00  0.2552E+00  0.2683E+00  0.2597E+00  0.2060E+00  0.1507E+00
     11.2466       88.7011  0.0000E+00  0.3193E-03  0.2921E-02  0.8327E-02  0.6315E-02  0.8500E-02  0.1753E-01  0.2751E-01  0.3712E-01  0.4678E-01  0.5548E-01  0.6480E-01  0.7519E-01  0.8754E-01  0.1023E+00  0.1196E+00  0.1389E+00  0.1604E+00  0.1840E+00  0.2078E+00  0.2318E+00  0.2547E+00  0.2677E+00  0.2591E+00  0.2055E+00  0.1504E+00
     11.3821       98.4445  0.0000E+00  0.3169E-03  0.2928E-02  0.8359E-02  0.6344E-02  0.8524E-02  0.1754E-01  0.2750E-01  0.3709E-01  0.4675E-01  0.5546E-01  0.6478E-01  0.7516E-01  0.8748E-01  0.1022E+00  0.1195E+00  0.1388E+00  0.1602E+00  0.1837E+00  0.2076E+00  0.2314E+00  0.2541E+00  0.2671E+00  0.2585E+00  0.2051E+00  0.1502E+00
     11.5176      108.1879  0.0000E+00  0.3146E-03  0.2934E-02  0.8393E-02  0.6375E-02  0.8547E-02  0.1755E-01  0.2749E-01  0.3707E-01  0.4673E-01  0.5544E-01  0.6475E-01  0.7511E-01  0.8741E-01  0.1021E+00  0.1193E+00  0.1386E+00  0.1600E+00  0.1835E+00  0.2073E+00  0.2311E+00  0.2537E+00  0.2667E+00  0.2580E+00  0.2047E+00  0.1500E+00
     11.6531      117.9313  0.0000E+00  0.3124E-03  0.2938E-02  0.8426E-02  0.6407E-02  0.8568E-02  0.1756E-01  0.2748E-01  0.3704E-01  0.4671E-01  0.5541E-01  0.6471E-01  0.7506E-01  0.8733E-01  0.1020E+00  0.1192E+00  0.1384E+00  0.1598E+00  0.1833E+00  0.2071E+00  0.2309E+00  0.2534E+00  0.2663E+00  0.2577E+00  0.2045E+00  0.1499E+00
     11.7886      127.6747  0.0000E+00  0.3105E-03  0.2940E-02  0.8457E-02  0.6439E-02  0.8587E-02  0.1757E-01  0.2747E-01  0.3702E-01  0.4669E-01  0.5538E-01  0.6467E-01  0.7501E-01  0.8725E-01  0.1019E+00  0.1190E+00  0.1383E+00  0.1596E+00  0.1831E+00  0.2069E+00  0.2308E+00  0.2533E+00  0.2662E+00  0.2576E+00  0.2045E+00  0.1499E+00
     11.9241      137.4181  0.0000E+00  0.3088E-03  0.2938E-02  0.8481E-02  0.6468E-02  0.8602E-02  0.1757E-01  0.2746E-01  0.3700E-01  0.4666E-01  0.5535E-01  0.6463E-01  0.7495E-01  0.8717E-01  0.1018E+00  0.1189E+00  0.1382E+00  0.1595E+00  0.1829E+00  0.2068E+00  0.2308E+00  0.2533E+00  0.2663E+00  0.2577E+00  0.2046E+00  0.1500E+00
     12.0596      147.1614  0.0000E+00  0.3076E-03  0.2935E-02  0.8506E-02  0.6496E-02  0.8614E-02  0.1757E-01  0.2745E-01  0.3699E-01  0.4664E-01  0.5532E-01  0.6459E-01  0.7489E-01  0.8708E-01  0.1016E+00  0.1188E+00  0.1380E+00  0.1593E+00  0.1828E+00  0.2068E+00  0.2308E+00  0.2534E+00  0.2665E+00  0.2580E+00  0.2049E+00  0.1502E+00
     12.1951      156.9048  0.0000E+00  0.3067E-03  0.2930E-02  0.8526E-02  0.6520E-02  0.8621E-02  0.1757E-01  0.2744E-01  0.3698E-01  0.4663E-01  0.5529E-01  0.6455E-01  0.7482E-01  0.8700E-01  0.1016E+00  0.1187E+00  0.1380E+00  0.1593E+00  0.1827E+00  0.2068E+00  0.2310E+00  0.2538E+00  0.2670E+00  0.2585E+00  0.2053E+00  0.1504E+00
     12.3306      166.6482  0.0000E+00  0.3063E-03  0.2923E-02  0.8540E-02  0.6541E-02  0.8625E-02  0.1756E-01  0.2743E-01  0.3697E-01  0.4661E-01  0.5527E-01  0.6450E-01  0.7477E-01  0.8693E-01  0.1015E+00  0.1187E+00  0.1379E+00  0.1592E+00  0.1827E+00  0.2069E+00  0.2313E+00  0.2542E+00  0.2675E+00  0.2591E+00  0.2059E+00  0.1507E+00
     12.4661      176.3916  0.0000E+00  0.3064E-03  0.2914E-02  0.8549E-02  0.6557E-02  0.8624E-02  0.1755E-01  0.2743E-01  0.3697E-01  0.4660E-01  0.5524E-01  0.6446E-01  0.7471E-01  0.8686E-01  0.1014E+00  0.1186E+00  0.1379E+00  0.1592E+00  0.1828E+00  0.2071E+00  0.2317E+00  0.2548E+00  0.2682E+00  0.2600E+00  0.2066E+00  0.1511E+00
     12.6016      186.1350  0.0000E+00  0.3070E-03  0.2904E-02  0.8552E-02  0.6568E-02  0.8618E-02  0.1754E-01  0.2743E-01  0.3697E-01  0.4659E-01  0.5522E-01  0.6443E-01  0.7466E-01  0.8680E-01  0.1013E+00  0.1186E+00  0.1379E+00  0.1593E+00  0.1828E+00  0.2072E+00  0.2321E+00  0.2554E+00  0.2690E+00  0.2608E+00  0.2073E+00  0.1515E+00
     12.7371      195.8784  0.0000E+00  0.3079E-03  0.2892E-02  0.8550E-02  0.6575E-02  0.8609E-02  0.1753E-01  0.2742E-01  0.3697E-01  0.4659E-01  0.5520E-01  0.6440E-01  0.7462E-01  0.8675E-01  0.1013E+00  0.1186E+00  0.1379E+00  0.1593E+00  0.1829E+00  0.2074E+00  0.2324E+00  0.2560E+00  0.2698E+00  0.2618E+00  0.2081E+00  0.1519E+00
     12.8726      205.6218  0.0000E+00  0.3092E-03  0.2880E-02  0.8543E-02  0.6577E-02  0.8597E-02  0.1752E-01  0.2742E-01  0.3698E-01  0.4659E-01  0.5519E-01  0.6438E-01  0.7458E-01  0.8671E-01  0.1013E+00  0.1186E+00  0.1380E+00  0.1594E+00  0.1830E+00  0.2076E+00  0.2328E+00  0.2566E+00  0.2705E+00  0.2627E+00  0.2088E+00  0.1523E+00
     13.0081      215.3652  0.0000E+00  0.3109E-03  0.2868E-02  0.8532E-02  0.6575E-02  0.8582E-02  0.1750E-01  0.2743E-01  0.3700E-01  0.4660E-01  0.5519E-01  0.6436E-01  0.7456E-01  0.8669E-01  0.1013E+00  0.1186E+00  0.1380E+00  0.1594E+00  0.1830E+00  0.2077E+00  0.2331E+00  0.2571E+00  0.2711E+00  0.2635E+00  0.2095E+00  0.1527E+00
     13.1436      225.1085  0.0000E+00  0.3127E-03  0.2856E-02  0.8518E-02  0.6568E-02  0.8565E-02  0.1749E-01  0.2743E-01  0.3701E-01  0.4661E-01  0.5519E-01  0.6436E-01  0.7455E-01  0.8668E-01  0.1013E+00  0.1186E+00  0.1381E+00  0.1595E+00  0.1831E+00  0.2078E+00  0.2333E+00  0.2575E+00  0.2716E+00  0.2642E+00  0.2100E+00  0.1530E+00
     13.2791      234.8519  0.0000E+00  0.3148E-03  0.2847E-02  0.8500E-02  0.6559E-02  0.8547E-02  0.1747E-01  0.2744E-01  0.3704E-01  0.4662E-01  0.5520E-01  0.6436E-01  0.7455E-01  0.8668E-01  0.1013E+00  0.1187E+00  0.1381E+00  0.1595E+00  0.1831E+00  0.2078E+00  0.2334E+00  0.2578E+00  0.2720E+00  0.2648E+00  0.2105E+00  0.1532E+00
     13.4146      244.5953  0.0000E+00  0.3169E-03  0.2837E-02  0.8480E-02  0.6545E-02  0.8527E-02  0.1746E-01  0.2744E-01  0.3706E-01  0.4664E-01  0.5522E-01  0.6437E-01  0.7456E-01  0.8670E-01  0.1013E+00  0.1187E+00  0.1382E+00  0.1596E+00  0.1831E+00  0.2077E+00  0.2334E+00  0.2580E+00  0.2722E+00  0.2652E+00  0.2108E+00  0.1534E+00
     13.5501      254.3387  0.0000E+00  0.3191E-03  0.2829E-02  0.8459E-02  0.6529E-02  0.8508E-02  0.1744E-01  0.2745E-01  0.3708E-01  0.4667E-01  0.5524E-01  0.6439E-01  0.7458E-01  0.8674E-01  0.1014E+00  0.1188E+00  0.1383E+00  0.1596E+00  0.1830E+00  0.2076E+00  0.2333E+00  0.2580E+00  0.2723E+00  0.2655E+00  0.2109E+00  0.1535E+00
     13.6856      264.0821  0.0000E+00  0.3212E-03  0.2823E-02  0.8435E-02  0.6511E-02  0.8488E-02  0.1743E-01  0.2746E-01  0.3711E-01  0.4669E-01  0.5527E-01  0.6442E-01  0.7461E-01  0.8678E-01  0.1014E+00  0.1189E+00  0.1383E+00  0.1596E+00  0.1830E+00  0.2075E+00  0.2331E+00  0.2579E+00  0.2722E+00  0.2656E+00  0.2109E+00  0.1535E+00
     13.8211      273.8255  0.0000E+00  0.3233E-03  0.2819E-02  0.8411E-02  0.6490E-02  0.8469E-02  0.1742E-01  0.2747E-01  0.3714E-01  0.4672E-01  0.5530E-01  0.6446E-01  0.7466E-01  0.8684E-01  0.1015E+00  0.1189E+00  0.1384E+00  0.1597E+00  0.1829E+00  0.2074E+00  0.2329E+00  0.2578E+00  0.2721E+00  0.2655E+00  0.2108E+00  0.1535E+00
     13.9566      283.5689  0.0000E+00  0.3252E-03  0.2816E-02  0.8387E-02  0.6467E-02  0.8451E-02  0.1741E-01  0.2748E-01  0.3716E-01  0.4675E-01  0.5533E-01  0.6450E-01  0.7471E-01  0.8690E-01  0.1016E+00  0.1190E+00  0.1385E+00  0.1597E+00  0.1829E+00  0.2072E+00  0.2327E+00  0.2576E+00  0.2719E+00  0.2654E+00  0.2107E+00  0.1534E+00
     14.0921      293.3122  0.0000E+00  0.3269E-03  0.2816E-02  0.8362E-02  0.6442E-02  0.8434E-02  0.1740E-01  0.2749E-01  0.3719E-01  0.4677E-01  0.5536E-01  0.6454E-01  0.7476E-01  0.8698E-01  0.1017E+00  0.1191E+00  0.1385E+00  0.1597E+00  0.1829E+00  0.2071E+00  0.2325E+00  0.2574E+00  0.2717E+00  0.2651E+00  0.2104E+00  0.1533E+00
     14.2276      303.0556  0.0000E+00  0.3285E-03  0.2817E-02  0.8337E-02  0.6416E-02  0.8419E-02  0.1740E-01  0.2750E-01  0.3721E-01  0.4680E-01  0.5540E-01  0.6459E-01  0.7482E-01  0.8706E-01  0.1018E+00  0.1192E+00  0.1386E+00  0.1598E+00  0.1829E+00  0.2070E+00  0.2323E+00  0.2572E+00  0.2715E+00  0.2649E+00  0.2102E+00  0.1532E+00
     14.3631      312.7990  0.0000E+00  0.3298E-03  0.2819E-02  0.8313E-02  0.6390E-02  0.8405E-02  0.1740E-01  0.2751E-01  0.3723E-01  0.4682E-01  0.5543E-01  0.6463E-01  0.7488E-01  0.8714E-01  0.1019E+00  0.1193E+00  0.1387E+00  0.1599E+00  0.1830E+00  0.2070E+00  0.2322E+00  0.2571E+00  0.2713E+00  0.2646E+00  0.2099E+00  0.1530E+00
     14.4986      322.5424  0.0000E+00  0.3309E-03  0.2823E-02  0.8289E-02  0.6363E-02  0.8393E-02  0.1739E-01  0.2752E-01  0.3725E-01  0.4685E-01  0.5546E-01  0.6468E-01  0.7495E-01  0.8722E-01  0.1020E+00  0.1194E+00  0.1388E+00  0.1600E+00  0.1831E+00  0.2070E+00  0.2322E+00  0.2570E+00  0.2712E+00  0.2643E+00  0.2097E+00  0.1529E+00
     14.6341      332.2858  0.0000E+00  0.3317E-03  0.2828E-02  0.8268E-02  0.6337E-02  0.8384E-02  0.1740E-01  0.2753E-01  0.3726E-01  0.4686E-01  0.5549E-01  0.6472E-01  0.7501E-01  0.8730E-01  0.1021E+00  0.1195E+00  0.1389E+00  0.1601E+00  0.1832E+00  0.2071E+00  0.2322E+00  0.2570E+00  0.2712E+00  0.2641E+00  0.2094E+00  0.1527E+00
     14.7696      342.0292  0.0000E+00  0.3322E-03  0.2833E-02  0.8248E-02  0.6312E-02  0.8377E-02  0.1740E-01  0.2753E-01  0.3727E-01  0.4688E-01  0.5551E-01  0.6475E-01  0.7506E-01  0.8738E-01  0.1022E+00  0.1197E+00  0.1391E+00  0.1602E+00  0.1834E+00  0.2073E+00  0.2323E+00  0.2570E+00  0.2712E+00  0.2638E+00  0.2092E+00  0.1526E+00
     14.9051      351.7726  0.0000E+00  0.3324E-03  0.2839E-02  0.8231E-02  0.6288E-02  0.8373E-02  0.1741E-01  0.2754E-01  0.3728E-01  0.4689E-01  0.5553E-01  0.6479E-01  0.7511E-01  0.8746E-01  0.1023E+00  0.1198E+00  0.1392E+00  0.1604E+00  0.1836E+00  0.2075E+00  0.2325E+00  0.2571E+00  0.2712E+00  0.2636E+00  0.2090E+00  0.1525E+00
     15.0407        1.5160  0.0000E+00  0.3323E-03  0.2846E-02  0.8218E-02  0.6268E-02  0.8372E-02  0.1741E-01  0.2754E-01  0.3728E-01  0.4689E-01  0.5555E-01  0.6481E-01  0.7516E-01  0.8752E-01  0.1024E+00  0.1198E+00  0.1393E+00  0.1606E+00  0.1838E+00  0.2077E+00  0.2326E+00  0.2572E+00  0.2712E+00  0.2634E+00  0.2089E+00  0.1524E+00
     15.1762       11.2593  0.0000E+00  0.3320E-03  0.2854E-02  0.8209E-02  0.6252E-02  0.8374E-02  0.1742E-01  0.2755E-01  0.3727E-01  0.4689E-01  0.5556E-01  0.6483E-01  0.7519E-01  0.8757E-01  0.1024E+00  0.1199E+00  0.1394E+00  0.1607E+00  0.1841E+00  0.2080E+00  0.2328E+00  0.2572E+00  0.2712E+00  0.2631E+00  0.2086E+00  0.1522E+00
     15.3117       21.0027  0.0000E+00  0.3313E-03  0.2861E-02  0.8204E-02  0.6240E-02  0.8380E-02  0.1743E-01  0.2755E-01  0.3727E-01  0.4689E-01  0.5556E-01  0.6485E-01  0.7522E-01  0.8762E-01  0.1025E+00  0.1200E+00  0.1394E+00  0.1608E+00  0.1842E+00  0.2082E+00  0.2329E+00  0.2572E+00  0.2710E+00  0.2628E+00  0.2084E+00  0.1521E+00
     15.4472       30.7461  0.0000E+00  0.3304E-03  0.2870E-02  0.8204E-02  0.6233E-02  0.8389E-02  0.1745E-01  0.2755E-01  0.3725E-01  0.4688E-01  0.5556E-01  0.6486E-01  0.7525E-01  0.8765E-01  0.1025E+00  0.1200E+00  0.1395E+00  0.1609E+00  0.1844E+00  0.2083E+00  0.2330E+00  0.2571E+00  0.2708E+00  0.2625E+00  0.2081E+00  0.1519E+00
     15.5827       40.4895  0.0000E+00  0.3291E-03  0.2878E-02  0.8211E-02  0.6232E-02  0.8401E-02  0.1746E-01  0.2755E-01  0.3724E-01  0.4687E-01  0.5556E-01  0.6486E-01  0.7526E-01  0.8766E-01  0.1025E+00  0.1200E+00  0.1395E+00  0.1609E+00  0.1845E+00  0.2084E+00  0.2329E+00  0.2569E+00  0.2705E+00  0.2620E+00  0.2078E+00  0.1517E+00
     15.7182       50.2329  0.0000E+00  0.3276E-03  0.2887E-02  0.8224E-02  0.6237E-02  0.8417E-02  0.1748E-01  0.2754E-01  0.3722E-01  0.4686E-01  0.5555E-01  0.6486E-01  0.7526E-01  0.8766E-01  0.1025E+00  0.1200E+00  0.1394E+00  0.1609E+00  0.1845E+00  0.2084E+00  0.2328E+00  0.2566E+00  0.2701E+00  0.2615E+00  0.2074E+00  0.1514E+00
     15.8537       59.9763  0.0000E+00  0.3257E-03  0.2896E-02  0.8243E-02  0.6248E-02  0.8435E-02  0.1749E-01  0.2754E-01  0.3720E-01  0.4684E-01  0.5554E-01  0.6485E-01  0.7526E-01  0.8765E-01  0.1025E+00  0.1199E+00  0.1393E+00  0.1608E+00  0.1844E+00  0.2084E+00  0.2327E+00  0.2562E+00  0.2695E+00  0.2609E+00  0.2069E+00  0.1512E+00
     15.9892       69.7197  0.0000E+00  0.3237E-03  0.2905E-02  0.8266E-02  0.6265E-02  0.8456E-02  0.1751E-01  0.2753E-01  0.3717E-01  0.4682E-01  0.5552E-01  0.6484E-01  0.7524E-01  0.8763E-01  0.1024E+00  0.1198E+00  0.1392E+00  0.1607E+00  0.1843E+00  0.2082E+00  0.2324E+00  0.2557E+00  0.2689E+00  0.2603E+00  0.2064E+00  0.1509E+00
     16.1247       79.4631  0.0000E+00  0.3215E-03  0.2913E-02  0.8294E-02  0.6287E-02  0.8478E-02  0.1752E-01  0.2752E-01  0.3715E-01  0.4680E-01  0.5551E-01  0.6483E-01  0.7522E-01  0.8759E-01  0.1024E+00  0.1197E+00  0.1391E+00  0.1606E+00  0.1841E+00  0.2080E+00  0.2321E+00  0.2552E+00  0.2683E+00  0.2597E+00  0.2059E+00  0.1506E+00
     16.2602       89.2064  0.0000E+00  0.3192E-03  0.2921E-02  0.8328E-02  0.6315E-02  0.8501E-02  0.1753E-01  0.2751E-01  0.3712E-01  0.4678E-01  0.5549E-01  0.6480E-01  0.7519E-01  0.8754E-01  0.1023E+00  0.1196E+00  0.1389E+00  0.1604E+00  0.1839E+00  0.2078E+00  0.2317E+00  0.2546E+00  0.2677E+00  0.2590E+00  0.2055E+00  0.1504E+00
     16.3957       98.9498  0.0000E+00  0.3168E-03  0.2928E-02  0.8361E-02  0.6344E-02  0.8525E-02  0.1755E-01  0.2750E-01  0.3709E-01  0.4675E-01  0.5546E-01  0.6478E-01  0.7515E-01  0.8747E-01  0.1022E+00  0.1195E+00  0.1388E+00  0.1602E+00  0.1837E+00  0.2075E+00  0.2314E+00  0.2541E+00  0.2671E+00  0.2585E+00  0.2050E+00  0.1502E+00
     16.5312      108.6932  0.0000E+00  0.3145E-03  0.2934E-02  0.8394E-02  0.6375E-02  0.8548E-02  0.1756E-01  0.2749E-01  0.3707E-01  0.4673E-01  0.5544E-01  0.6475E-01  0.7511E-01  0.8740E-01  0.1021E+00  0.1193E+00  0.1386E+00  0.1600E+00  0.1835E+00  0.2073E+00  0.2311E+00  0.2537E+00  0.2666E+00  0.2580E+00  0.2047E+00  0.1500E+00
     16.6667      118.4366  0.0000E+00  0.3123E-03  0.2938E-02  0.8427E-02  0.6407E-02  0.8569E-02  0.1756E-01  0.2748E-01  0.3705E-01  0.4671E-01  0.5541E-01  0.6471E-01  0.7506E-01  0.8733E-01  0.1020E+00  0.1192E+00  0.1384E+00  0.1598E+00  0.1832E+00  0.2071E+00  0.2309E+00  0.2534E+00  0.2663E+00  0.2577E+00  0.2045E+00  0.1499E+00
     16.8022      128.1800  0.0000E+00  0.3104E-03  0.2940E-02  0.8458E-02  0.6439E-02  0.8587E-02  0.1757E-01  0.2747E-01  0.3702E-01  0.4669E-01  0.5538E-01  0.6467E-01  0.7500E-01  0.8725E-01  0.1019E+00  0.1190E+00  0.1383E+00  0.1596E+00  0.1831E+00  0.2069E+00  0.2308E+00  0.2532E+00  0.2662E+00  0.2576E+00  0.2045E+00  0.1499E+00
     16.9377      137.9234  0.0000E+00  0.3087E-03  0.2938E-02  0.8482E-02  0.6468E-02  0.8603E-02  0.1757E-01  0.2746E-01  0.3701E-01  0.4667E-01  0.5535E-01  0.6463E-01  0.7494E-01  0.8716E-01  0.1017E+00  0.1189E+00  0.1381E+00  0.1595E+00  0.1829E+00  0.2068E+00  0.2308E+00  0.2533E+00  0.2663E+00  0.2577E+00  0.2046E+00  0.1500E+00
     17.0732      147.6668  0.0000E+00  0.3075E-03  0.2935E-02  0.8507E-02  0.6496E-02  0.8614E-02  0.1757E-01  0.2745E-01  0.3699E-01  0.4665E-01  0.5532E-01  0.6459E-01  0.7488E-01  0.8708E-01  0.1016E+00  0.1188E+00  0.1380E+00  0.1593E+00  0.1828E+00  0.2068E+00  0.2308E+00  0.2534E+00  0.2665E+00  0.2580E+00  0.2049E+00  0.1502E+00
     17.2087      157.4101  0.0000E+00  0.3067E-03  0.2930E-02  0.8526E-02  0.6520E-02  0.8622E-02  0.1757E-01  0.2744E-01  0.3698E-01  0.4663E-01  0.5529E-01  0.6454E-01  0.7482E-01  0.8700E-01  0.1016E+00  0.1187E+00  0.1380E+00  0.1593E+00  0.1827E+00  0.2068E+00  0.2310E+00  0.2538E+00  0.2670E+00  0.2585E+00  0.2054E+00  0.1504E+00
     17.3442      167.1535  0.0000E+00  0.3063E-03  0.2923E-02  0.8540E-02  0.6541E-02  0.8625E-02  0.1756E-01  0.2744E-01  0.3697E-01  0.4661E-01  0.5527E-01  0.6450E-01  0.7476E-01  0.8692E-01  0.1015E+00  0.1186E+00  0.1379E+00  0.1592E+00  0.1827E+00  0.2069E+00  0.2313E+00  0.2543E+00  0.2676E+00  0.2592E+00  0.2060E+00  0.1508E+00
     17.4797      176.8969  0.0000E+00  0.3064E-03  0.2914E-02  0.8549E-02  0.6556E-02  0.8623E-02  0.1755E-01  0.2743E-01  0.3697E-01  0.4660E-01  0.5524E-01  0.6446E-01  0.7471E-01  0.8686E-01  0.1014E+00  0.1186E+00  0.1379E+00  0.1592E+00  0.1828E+00  0.2071E+00  0.2317E+00  0.2548E+00  0.2683E+00  0.2600E+00  0.2066E+00  0.1511E+00
     17.6152      186.6403  0.0000E+00  0.3070E-03  0.2903E-02  0.8551E-02  0.6567E-02  0.8618E-02  0.1754E-01  0.2743E-01  0.3697E-01  0.4660E-01  0.5522E-01  0.6443E-01  0.7466E-01  0.8680E-01  0.1013E+00  0.1186E+00  0.1379E+00  0.1593E+00  0.1828E+00  0.2073E+00  0.2321E+00  0.2555E+00  0.2691E+00  0.2609E+00  0.2074E+00  0.1515E+00
     17.7507      196.3837  0.0000E+00  0.3080E-03  0.2891E-02  0.8549E-02  0.6574E-02  0.8609E-02  0.1753E-01  0.2743E-01  0.3698E-01  0.4659E-01  0.5521E-01  0.6440E-01  0.7461E-01  0.8675E-01  0.1013E+00  0.1186E+00  0.1379E+00  0.1593E+00  0.1829E+00  0.2074E+00  0.2325E+00  0.2561E+00  0.2698E+00  0.2618E+00  0.2081E+00  0.1520E+00
     17.8862      206.1271  0.0000E+00  0.3093E-03  0.2879E-02  0.8542E-02  0.6576E-02  0.8596E-02  0.1752E-01  0.2743E-01  0.3699E-01  0.4659E-01  0.5520E-01  0.6438E-01  0.7458E-01  0.8671E-01  0.1013E+00  0.1186E+00  0.1380E+00  0.1594E+00  0.1830E+00  0.2076E+00  0.2328E+00  0.2567E+00  0.2705E+00  0.2627E+00  0.2089E+00  0.1524E+00
     18.0217      215.8705  0.0000E+00  0.3110E-03  0.2867E-02  0.8531E-02  0.6573E-02  0.8581E-02  0.1750E-01  0.2743E-01  0.3700E-01  0.4660E-01  0.5519E-01  0.6436E-01  0.7456E-01  0.8669E-01  0.1013E+00  0.1186E+00  0.1380E+00  0.1594E+00  0.1830E+00  0.2077E+00  0.2331E+00  0.2572E+00  0.2712E+00  0.2635E+00  0.2095E+00  0.1527E+00
     18.1572      225.6139  0.0000E+00  0.3128E-03  0.2856E-02  0.8516E-02  0.6567E-02  0.8564E-02  0.1749E-01  0.2743E-01  0.3702E-01  0.4661E-01  0.5519E-01  0.6436E-01  0.7455E-01  0.8668E-01  0.1013E+00  0.1186E+00  0.1381E+00  0.1595E+00  0.1831E+00  0.2078E+00  0.2333E+00  0.2576E+00  0.2716E+00  0.2643E+00  0.2101E+00  0.1530E+00
     18.2927      235.3572  0.0000E+00  0.3149E-03  0.2847E-02  0.8499E-02  0.6557E-02  0.8545E-02  0.1747E-01  0.2744E-01  0.3704E-01  0.4663E-01  0.5520E-01  0.6436E-01  0.7455E-01  0.8669E-01  0.1013E+00  0.1187E+00  0.1382E+00  0.1595E+00  0.1831E+00  0.2078E+00  0.2334E+00  0.2578E+00  0.2720E+00  0.2648E+00  0.2105E+00  0.1533E+00
     18.4282      245.1006  0.0000E+00  0.3170E-03  0.2837E-02  0.8479E-02  0.6544E-02  0.8526E-02  0.1746E-01  0.2744E-01  0.3706E-01  0.4665E-01  0.5522E-01  0.6438E-01  0.7456E-01  0.8671E-01  0.1013E+00  0.1187E+00  0.1382E+00  0.1596E+00  0.1831E+00  0.2077E+00  0.2334E+00  0.2580E+00  0.2722E+00  0.2652E+00  0.2108E+00  0.1534E+00
     18.5637      254.8440  0.0000E+00  0.3192E-03  0.2829E-02  0.8457E-02  0.6527E-02  0.8506E-02  0.1744E-01  0.2745E-01  0.3709E-01  0.4667E-01  0.5524E-01  0.6440E-01  0.7458E-01  0.8674E-01  0.1014E+00  0.1188E+00  0.1383E+00  0.1596E+00  0.1830E+00  0.2076E+00  0.2333E+00  0.2580E+00  0.2723E+00  0.2655E+00  0.2109E+00  0.1535E+00
     18.6992      264.5874  0.0000E+00  0.3213E-03  0.2822E-02  0.8434E-02  0.6509E-02  0.8487E-02  0.1743E-01  0.2746E-01  0.3711E-01  0.4669E-01  0.5527E-01  0.6443E-01  0.7462E-01  0.8678E-01  0.1014E+00  0.1189E+00  0.1383E+00  0.1596E+00  0.1830E+00  0.2075E+00  0.2331E+00  0.2579E+00  0.2722E+00  0.2656E+00  0.2109E+00  0.1535E+00
     18.8347      274.3308  0.0000E+00  0.3234E-03  0.2818E-02  0.8410E-02  0.6488E-02  0.8468E-02  0.1742E-01  0.2747E-01  0.3714E-01  0.4672E-01  0.5530E-01  0.6446E-01  0.7466E-01  0.8684E-01  0.1015E+00  0.1189E+00  0.1384E+00  0.1597E+00  0.1829E+00  0.2073E+00  0.2329E+00  0.2577E+00  0.2721E+00  0.2655E+00  0.2108E+00  0.1535E+00
     18.9702      284.0742  0.0000E+00  0.3253E-03  0.2816E-02  0.8385E-02  0.6465E-02  0.8450E-02  0.1741E-01  0.2748E-01  0.3717E-01  0.4675E-01  0.5533E-01  0.6450E-01  0.7471E-01  0.8691E-01  0.1016E+00  0.1190E+00  0.1385E+00  0.1597E+00  0.1829E+00  0.2072E+00  0.2327E+00  0.2575E+00  0.2719E+00  0.2653E+00  0.2107E+00  0.1534E+00
     19.1057      293.8176  0.0000E+00  0.3270E-03  0.2816E-02  0.8360E-02  0.6440E-02  0.8433E-02  0.1740E-01  0.2749E-01  0.3719E-01  0.4678E-01  0.5537E-01  0.6455E-01  0.7477E-01  0.8698E-01  0.1017E+00  0.1191E+00  0.1385E+00  0.1597E+00  0.1829E+00  0.2071E+00  0.2325E+00  0.2574E+00  0.2717E+00  0.2651E+00  0.2104E+00  0.1533E+00
     19.2412      303.5610  0.0000E+00  0.3285E-03  0.2817E-02  0.8335E-02  0.6414E-02  0.8418E-02  0.1740E-01  0.2750E-01  0.3721E-01  0.4680E-01  0.5540E-01  0.6459E-01  0.7483E-01  0.8706E-01  0.1018E+00  0.1192E+00  0.1386E+00  0.1598E+00  0.1829E+00  0.2070E+00  0.2323E+00  0.2572E+00  0.2715E+00  0.2648E+00  0.2102E+00  0.1531E+00
     19.3767      313.3043  0.0000E+00  0.3298E-03  0.2820E-02  0.8311E-02  0.6387E-02  0.8404E-02  0.1740E-01  0.2751E-01  0.3723E-01  0.4683E-01  0.5543E-01  0.6464E-01  0.7489E-01  0.8714E-01  0.1019E+00  0.1193E+00  0.1387E+00  0.1599E+00  0.1830E+00  0.2070E+00  0.2322E+00  0.2571E+00  0.2713E+00  0.2646E+00  0.2099E+00  0.1530E+00
     19.5122      323.0477  0.0000E+00  0.3309E-03  0.2823E-02  0.8288E-02  0.6361E-02  0.8393E-02  0.1740E-01  0.2752E-01  0.3725E-01  0.4685E-01  0.5547E-01  0.6468E-01  0.7495E-01  0.8723E-01  0.1020E+00  0.1194E+00  0.1388E+00  0.1600E+00  0.1831E+00  0.2070E+00  0.2322E+00  0.2570E+00  0.2712E+00  0.2643E+00  0.2097E+00  0.1529E+00
     19.6477      332.7911  0.0000E+00  0.3317E-03  0.2828E-02  0.8266E-02  0.6335E-02  0.8383E-02  0.1740E-01  0.2753E-01  0.3726E-01  0.4687E-01  0.5549E-01  0.6472E-01  0.7501E-01  0.8731E-01  0.1021E+00  0.1195E+00  0.1389E+00  0.1601E+00  0.1832E+00  0.2071E+00  0.2322E+00  0.2570E+00  0.2712E+00  0.2641E+00  0.2094E+00  0.1527E+00
     19.7832      342.5345  0.0000E+00  0.3322E-03  0.2833E-02  0.8247E-02  0.6309E-02  0.8376E-02  0.1740E-01  0.2754E-01  0.3727E-01  0.4688E-01  0.5552E-01  0.6476E-01  0.7506E-01  0.8739E-01  0.1022E+00  0.1197E+00  0.1391E+00  0.1603E+00  0.1834E+00  0.2073E+00  0.2323E+00  0.2570E+00  0.2712E+00  0.2638E+00  0.2092E+00  0.1526E+00
     19.9187      352.2779  0.0000E+00  0.3324E-03  0.2840E-02  0.8230E-02  0.6286E-02  0.8373E-02  0.1741E-01  0.2754E-01  0.3728E-01  0.4689E-01  0.5553E-01  0.6479E-01  0.7512E-01  0.8746E-01  0.1023E+00  0.1198E+00  0.1392E+00  0.1604E+00  0.1836E+00  0.2075E+00  0.2325E+00  0.2571E+00  0.2712E+00  0.2636E+00  0.2090E+00  0.1525E+00
     20.0542        2.0213  0.0000E+00  0.3323E-03  0.2846E-02  0.8217E-02  0.6266E-02  0.8372E-02  0.1741E-01  0.2755E-01  0.3728E-01  0.4689E-01  0.5555E-01  0.6481E-01  0.7516E-01  0.8752E-01  0.1024E+00  0.1198E+00  0.1393E+00  0.1606E+00  0.1839E+00  0.2077E+00  0.2326E+00  0.2572E+00  0.2712E+00  0.2634E+00  0.2088E+00  0.1524E+00
     20.1897       11.7647  0.0000E+00  0.3320E-03  0.2854E-02  0.8208E-02  0.6250E-02  0.8374E-02  0.1742E-01  0.2755E-01  0.3728E-01  0.4689E-01  0.5556E-01  0.6484E-01  0.7520E-01  0.8758E-01  0.1024E+00  0.1199E+00  0.1394E+00  0.1607E+00  0.1841E+00  0.2080E+00  0.2328E+00  0.2572E+00  0.2712E+00  0.2631E+00  0.2086E+00  0.1522E+00
     20.3252       21.5080  0.0000E+00  0.3313E-03  0.2862E-02  0.8203E-02  0.6238E-02  0.8380E-02  0.1744E-01  0.2755E-01  0.3727E-01  0.4689E-01  0.5556E-01  0.6485E-01  0.7523E-01  0.8762E-01  0.1025E+00  0.1200E+00  0.1394E+00  0.1608E+00  0.1842E+00  0.2082E+00  0.2329E+00  0.2572E+00  0.2710E+00  0.2628E+00  0.2084E+00  0.1521E+00
     20.4607       31.2514  0.0000E+00  0.3303E-03  0.2870E-02  0.8204E-02  0.6232E-02  0.8389E-02  0.1745E-01  0.2755E-01  0.3725E-01  0.4688E-01  0.5556E-01  0.6486E-01  0.7525E-01  0.8765E-01  0.1025E+00  0.1200E+00  0.1395E+00  0.1609E+00  0.1844E+00  0.2083E+00  0.2330E+00  0.2571E+00  0.2708E+00  0.2625E+00  0.2081E+00  0.1519E+00
     20.5962       40.9948  0.0000E+00  0.3290E-03  0.2879E-02  0.8212E-02  0.6231E-02  0.8402E-02  0.1746E-01  0.2755E-01  0.3724E-01  0.4687E-01  0.5556E-01  0.6486E-01  0.7526E-01  0.8766E-01  0.1025E+00  0.1200E+00  0.1395E+00  0.1609E+00  0.1845E+00  0.2084E+00  0.2329E+00  0.2569E+00  0.2705E+00  0.2620E+00  0.2077E+00  0.1517E+00
     20.7317       50.7382  0.0000E+00  0.3275E-03  0.2888E-02  0.8225E-02  0.6237E-02  0.8417E-02  0.1748E-01  0.2754E-01  0.3722E-01  0.4686E-01  0.5555E-01  0.6486E-01  0.7526E-01  0.8766E-01  0.1025E+00  0.1200E+00  0.1394E+00  0.1609E+00  0.1845E+00  0.2084E+00  0.2328E+00  0.2566E+00  0.2701E+00  0.2615E+00  0.2073E+00  0.1514E+00
     20.8672       60.4816  0.0000E+00  0.3256E-03  0.2897E-02  0.8243E-02  0.6248E-02  0.8436E-02  0.1749E-01  0.2754E-01  0.3720E-01  0.4684E-01  0.5554E-01  0.6485E-01  0.7526E-01  0.8765E-01  0.1025E+00  0.1199E+00  0.1393E+00  0.1608E+00  0.1844E+00  0.2083E+00  0.2326E+00  0.2561E+00  0.2695E+00  0.2609E+00  0.2069E+00  0.1512E+00
     21.0027       70.2250  0.0000E+00  0.3236E-03  0.2905E-02  0.8267E-02  0.6266E-02  0.8457E-02  0.1751E-01  0.2753E-01  0.3717E-01  0.4682E-01  0.5552E-01  0.6484E-01  0.7524E-01  0.8762E-01  0.1024E+00  0.1198E+00  0.1392E+00  0.1607E+00  0.1843E+00  0.2082E+00  0.2324E+00  0.2557E+00  0.2689E+00  0.2603E+00  0.2064E+00  0.1509E+00
     21.1382       79.9684  0.0000E+00  0.3214E-03  0.2914E-02  0.8295E-02  0.6288E-02  0.8479E-02  0.1752E-01  0.2752E-01  0.3715E-01  0.4680E-01  0.5551E-01  0.6482E-01  0.7522E-01  0.8758E-01  0.1024E+00  0.1197E+00  0.1391E+00  0.1605E+00  0.1841E+00  0.2080E+00  0.2321E+00  0.2551E+00  0.2683E+00  0.2596E+00  0.2059E+00  0.1506E+00
     21.2737       89.7118  0.0000E+00  0.3190E-03  0.2921E-02  0.8330E-02  0.6315E-02  0.8503E-02  0.1753E-01  0.2751E-01  0.3712E-01  0.4678E-01  0.5549E-01  0.6480E-01  0.7519E-01  0.8753E-01  0.1023E+00  0.1196E+00  0.1389E+00  0.1604E+00  0.1839E+00  0.2078E+00  0.2317E+00  0.2546E+00  0.2676E+00  0.2590E+00  0.2054E+00  0.1504E+00
     21.4092       99.4551  0.0000E+00  0.3167E-03  0.2928E-02  0.8362E-02  0.6345E-02  0.8526E-02  0.1755E-01  0.2750E-01  0.3710E-01  0.4676E-01  0.5546E-01  0.6478E-01  0.7515E-01  0.8747E-01  0.1022E+00  0.1195E+00  0.1388E+00  0.1602E+00  0.1837E+00  0.2075E+00  0.2314E+00  0.2541E+00  0.2671E+00  0.2584E+00  0.2050E+00  0.1502E+00
     21.5447      109.1985  0.0000E+00  0.3144E-03  0.2934E-02  0.8396E-02  0.6376E-02  0.8549E-02  0.1756E-01  0.2749E-01  0.3707E-01  0.4673E-01  0.5544E-01  0.6474E-01  0.7511E-01  0.8740E-01  0.1021E+00  0.1193E+00  0.1386E+00  0.1600E+00  0.1835E+00  0.2073E+00  0.2311E+00  0.2537E+00  0.2666E+00  0.2580E+00  0.2047E+00  0.1500E+00
     21.6802      118.9419  0.0000E+00  0.3122E-03  0.2938E-02  0.8428E-02  0.6408E-02  0.8570E-02  0.1756E-01  0.2748E-01  0.3705E-01  0.4671E-01  0.5541E-01  0.6471E-01  0.7506E-01  0.8732E-01  0.1020E+00  0.1192E+00  0.1384E+00  0.1598E+00  0.1832E+00  0.2071E+00  0.2309E+00  0.2534E+00  0.2663E+00  0.2577E+00  0.2045E+00  0.1499E+00
     21.8157      128.6853  0.0000E+00  0.3103E-03  0.2940E-02  0.8459E-02  0.6440E-02  0.8588E-02  0.1757E-01  0.2747E-01  0.3702E-01  0.4669E-01  0.5538E-01  0.6467E-01  0.7500E-01  0.8724E-01  0.1018E+00  0.1190E+00  0.1383E+00  0.1596E+00  0.1830E+00  0.2069E+00  0.2308E+00  0.2532E+00  0.2662E+00  0.2576E+00  0.2045E+00  0.1499E+00
     21.9512      138.4287  0.0000E+00  0.3087E-03  0.2938E-02  0.8484E-02  0.6469E-02  0.8603E-02  0.1757E-01  0.2746E-01  0.3701E-01  0.4667E-01  0.5535E-01  0.6463E-01  0.7494E-01  0.8716E-01  0.1017E+00  0.1189E+00  0.1381E+00  0.1594E+00  0.1829E+00  0.2068E+00  0.2308E+00  0.2533E+00  0.2663E+00  0.2577E+00  0.2046E+00  0.1500E+00
     22.0867      148.1721  0.0000E+00  0.3074E-03  0.2935E-02  0.8508E-02  0.6497E-02  0.8614E-02  0.1757E-01  0.2745E-01  0.3699E-01  0.4665E-01  0.5532E-01  0.6459E-01  0.7488E-01  0.8708E-01  0.1016E+00  0.1188E+00  0.1380E+00  0.1593E+00  0.1828E+00  0.2068E+00  0.2309E+00  0.2535E+00  0.2666E+00  0.2580E+00  0.2049E+00  0.1502E+00
     22.2222      157.9155  0.0000E+00  0.3067E-03  0.2929E-02  0.8527E-02  0.6521E-02  0.8622E-02  0.1757E-01  0.2744E-01  0.3698E-01  0.4663E-01  0.5529E-01  0.6454E-01  0.7482E-01  0.8700E-01  0.1015E+00  0.1187E+00  0.1380E+00  0.1593E+00  0.1827E+00  0.2068E+00  0.2311E+00  0.2538E+00  0.2670E+00  0.2585E+00  0.2054E+00  0.1504E+00
     22.3577      167.6589  0.0000E+00  0.3063E-03  0.2922E-02  0.8541E-02  0.6541E-02  0.8624E-02  0.1756E-01  0.2744E-01  0.3697E-01  0.4662E-01  0.5527E-01  0.6450E-01  0.7476E-01  0.8692E-01  0.1015E+00  0.1186E+00  0.1379E+00  0.1592E+00  0.1827E+00  0.2069E+00  0.2314E+00  0.2543E+00  0.2676E+00  0.2592E+00  0.2060E+00  0.1508E+00
     22.4932      177.4022  0.0000E+00  0.3065E-03  0.2913E-02  0.8549E-02  0.6556E-02  0.8623E-02  0.1755E-01  0.2743E-01  0.3697E-01  0.4660E-01  0.5524E-01  0.6446E-01  0.7470E-01  0.8685E-01  0.1014E+00  0.1186E+00  0.1379E+00  0.1592E+00  0.1828E+00  0.2071E+00  0.2317E+00  0.2549E+00  0.2683E+00  0.2600E+00  0.2067E+00  0.1512E+00
     22.6287      187.1456  0.0000E+00  0.3070E-03  0.2902E-02  0.8551E-02  0.6567E-02  0.8617E-02  0.1754E-01  0.2743E-01  0.3697E-01  0.4660E-01  0.5522E-01  0.6443E-01  0.7466E-01  0.8679E-01  0.1013E+00  0.1186E+00  0.1379E+00  0.1593E+00  0.1828E+00  0.2073E+00  0.2321E+00  0.2555E+00  0.2691E+00  0.2609E+00  0.2074E+00  0.1516E+00
     22.7642      196.8890  0.0000E+00  0.3080E-03  0.2891E-02  0.8549E-02  0.6573E-02  0.8608E-02  0.1753E-01  0.2743E-01  0.3698E-01  0.4659E-01  0.5521E-01  0.6440E-01  0.7461E-01  0.8675E-01  0.1013E+00  0.1186E+00  0.1379E+00  0.1593E+00  0.1829E+00  0.2074E+00  0.2325E+00  0.2561E+00  0.2699E+00  0.2619E+00  0.2082E+00  0.1520E+00
     22.8997      206.6324  0.0000E+00  0.3094E-03  0.2879E-02  0.8542E-02  0.6575E-02  0.8595E-02  0.1752E-01  0.2743E-01  0.3699E-01  0.4660E-01  0.5520E-01  0.6438E-01  0.7458E-01  0.8671E-01  0.1013E+00  0.1186E+00  0.1380E+00  0.1594E+00  0.1830E+00  0.2076E+00  0.2328E+00  0.2567E+00  0.2706E+00  0.2628E+00  0.2089E+00  0.1524E+00
     23.0352      216.3758  0.0000E+00  0.3110E-03  0.2866E-02  0.8530E-02  0.6572E-02  0.8580E-02  0.1750E-01  0.2743E-01  0.3700E-01  0.4660E-01  0.5519E-01  0.6436E-01  0.7456E-01  0.8669E-01  0.1013E+00  0.1186E+00  0.1380E+00  0.1594E+00  0.1830E+00  0.2077E+00  0.2331E+00  0.2572E+00  0.2712E+00  0.2636E+00  0.2095E+00  0.1527E+00
     23.1707      226.1192  0.0000E+00  0.3129E-03  0.2855E-02  0.8515E-02  0.6566E-02  0.8563E-02  0.1749E-01  0.2743E-01  0.3702E-01  0.4661E-01  0.5520E-01  0.6436E-01  0.7455E-01  0.8668E-01  0.1013E+00  0.1186E+00  0.1381E+00  0.1595E+00  0.1831E+00  0.2078E+00  0.2333E+00  0.2576E+00  0.2717E+00  0.2643E+00  0.2101E+00  0.1530E+00
     23.3062      235.8626  0.0000E+00  0.3150E-03  0.2846E-02  0.8498E-02  0.6556E-02  0.8544E-02  0.1747E-01  0.2744E-01  0.3704E-01  0.4663E-01  0.5521E-01  0.6436E-01  0.7455E-01  0.8669E-01  0.1013E+00  0.1187E+00  0.1382E+00  0.1595E+00  0.1831E+00  0.2078E+00  0.2334E+00  0.2578E+00  0.2720E+00  0.2649E+00  0.2105E+00  0.1533E+00
     23.4417      245.6059  0.0000E+00  0.3171E-03  0.2836E-02  0.8478E-02  0.6542E-02  0.8525E-02  0.1746E-01  0.2745E-01  0.3707E-01  0.4665E-01  0.5522E-01  0.6438E-01  0.7456E-01  0.8671E-01  0.1013E+00  0.1187E+00  0.1382E+00  0.1596E+00  0.1831E+00  0.2077E+00  0.2334E+00  0.2580E+00  0.2722E+00  0.2652E+00  0.2108E+00  0.1534E+00
     23.5772      255.3493  0.0000E+00  0.3193E-03  0.2828E-02  0.8456E-02  0.6526E-02  0.8505E-02  0.1744E-01  0.2745E-01  0.3709E-01  0.4667E-01  0.5524E-01  0.6440E-01  0.7458E-01  0.8674E-01  0.1014E+00  0.1188E+00  0.1383E+00  0.1596E+00  0.1830E+00  0.2076E+00  0.2333E+00  0.2580E+00  0.2723E+00  0.2655E+00  0.2109E+00  0.1535E+00
     23.7127      265.0927  0.0000E+00  0.3214E-03  0.2822E-02  0.8432E-02  0.6507E-02  0.8486E-02  0.1743E-01  0.2746E-01  0.3712E-01  0.4670E-01  0.5527E-01  0.6443E-01  0.7462E-01  0.8679E-01  0.1015E+00  0.1189E+00  0.1383E+00  0.1596E+00  0.1830E+00  0.2075E+00  0.2331E+00  0.2579E+00  0.2722E+00  0.2656E+00  0.2109E+00  0.1535E+00
     23.8482      274.8361  0.0000E+00  0.3235E-03  0.2818E-02  0.8408E-02  0.6486E-02  0.8467E-02  0.1742E-01  0.2747E-01  0.3714E-01  0.4672E-01  0.5530E-01  0.6446E-01  0.7466E-01  0.8684E-01  0.1015E+00  0.1189E+00  0.1384E+00  0.1597E+00  0.1829E+00  0.2073E+00  0.2329E+00  0.2577E+00  0.2721E+00  0.2655E+00  0.2108E+00  0.1535E+00
     23.9837      284.5795  0.0000E+00  0.3254E-03  0.2816E-02  0.8384E-02  0.6463E-02  0.8449E-02  0.1741E-01  0.2748E-01  0.3717E-01  0.4675E-01  0.5533E-01  0.6450E-01  0.7471E-01  0.8691E-01  0.1016E+00  0.1190E+00  0.1385E+00  0.1597E+00  0.1829E+00  0.2072E+00  0.2327E+00  0.2575E+00  0.2719E+00  0.2653E+00  0.2106E+00  0.1534E+00
     24.1192      294.3229  0.0000E+00  0.3271E-03  0.2816E-02  0.8359E-02  0.6438E-02  0.8432E-02  0.1740E-01  0.2749E-01  0.3719E-01  0.4678E-01  0.5537E-01  0.6455E-01  0.7477E-01  0.8698E-01  0.1017E+00  0.1191E+00  0.1385E+00  0.1597E+00  0.1829E+00  0.2071E+00  0.2325E+00  0.2573E+00  0.2717E+00  0.2651E+00  0.2104E+00  0.1533E+00
     24.2547      304.0663  0.0000E+00  0.3286E-03  0.2817E-02  0.8334E-02  0.6412E-02  0.8417E-02  0.1740E-01  0.2750E-01  0.3722E-01  0.4681E-01  0.5540E-01  0.6459E-01  0.7483E-01  0.8706E-01  0.1018E+00  0.1192E+00  0.1386E+00  0.1598E+00  0.1829E+00  0.2070E+00  0.2323E+00  0.2572E+00  0.2715E+00  0.2648E+00  0.2102E+00  0.1531E+00
     24.3902      313.8097  0.0000E+00  0.3299E-03  0.2820E-02  0.8310E-02  0.6386E-02  0.8403E-02  0.1740E-01  0.2751E-01  0.3724E-01  0.4683E-01  0.5544E-01  0.6464E-01  0.7489E-01  0.8715E-01  0.1019E+00  0.1193E+00  0.1387E+00  0.1599E+00  0.1830E+00  0.2070E+00  0.2322E+00  0.2570E+00  0.2713E+00  0.2646E+00  0.2099E+00  0.1530E+00
     24.5257      323.5530  0.0000E+00  0.3309E-03  0.2823E-02  0.8287E-02  0.6359E-02  0.8392E-02  0.1740E-01  0.2752E-01  0.3725E-01  0.4685E-01  0.5547E-01  0.6468E-01  0.7495E-01  0.8723E-01  0.1020E+00  0.1194E+00  0.1388E+00  0.1600E+00  0.1831E+00  0.2070E+00  0.2322E+00  0.2570E+00  0.2712E+00  0.2643E+00  0.2097E+00  0.1529E+00
     24.6612      333.2964  0.0000E+00  0.3317E-03  0.2828E-02  0.8265E-02  0.6333E-02  0.8383E-02  0.1740E-01  0.2753E-01  0.3727E-01  0.4687E-01  0.5549E-01  0.6472E-01  0.7501E-01  0.8731E-01  0.1021E+00  0.1196E+00  0.1390E+00  0.1601E+00  0.1832E+00  0.2072E+00  0.2322E+00  0.2570E+00  0.2712E+00  0.2640E+00  0.2094E+00  0.1527E+00
     24.7967      343.0398  0.0000E+00  0.3322E-03  0.2834E-02  0.8246E-02  0.6308E-02  0.8376E-02  0.1740E-01  0.2754E-01  0.3728E-01  0.4688E-01  0.5552E-01  0.6476E-01  0.7507E-01  0.8739E-01  0.1022E+00  0.1197E+00  0.1391E+00  0.1603E+00  0.1834E+00  0.2073E+00  0.2323E+00  0.2570E+00  0.2712E+00  0.2638E+00  0.2092E+00  0.1526E+00
     24.9322      352.7832  0.0000E+00  0.3324E-03  0.2840E-02  0.8229E-02  0.6285E-02  0.8372E-02  0.1741E-01  0.2754E-01  0.3728E-01  0.4689E-01  0.5554E-01  0.6479E-01  0.7512E-01  0.8746E-01  0.1023E+00  0.1198E+00  0.1392E+00  0.1604E+00  0.1836E+00  0.2075E+00  0.2325E+00  0.2571E+00  0.2712E+00  0.2636E+00  0.2090E+00  0.1525E+00
     25.0678        2.5266  0.0000E+00  0.3323E-03  0.2847E-02  0.8216E-02  0.6265E-02  0.8372E-02  0.1742E-01  0.2755E-01  0.3728E-01  0.4689E-01  0.5555E-01  0.6482E-01  0.7516E-01  0.8753E-01  0.1024E+00  0.1199E+00  0.1393E+00  0.1606E+00  0.1839E+00  0.2078E+00  0.2326E+00  0.2572E+00  0.2712E+00  0.2634E+00  0.2088E+00  0.1524E+00
     25.2033       12.2700  0.0000E+00  0.3319E-03  0.2854E-02  0.8207E-02  0.6249E-02  0.8374E-02  0.1743E-01  0.2755E-01  0.3728E-01  0.4689E-01  0.5556E-01  0.6484E-01  0.7520E-01  0.8758E-01  0.1024E+00  0.1199E+00  0.1394E+00  0.1607E+00  0.1841E+00  0.2080E+00  0.2328E+00  0.2572E+00  0.2712E+00  0.2631E+00  0.2086E+00  0.1522E+00
     25.3388       22.0134  0.0000E+00  0.3312E-03  0.2862E-02  0.8203E-02  0.6238E-02  0.8380E-02  0.1744E-01  0.2755E-01  0.3727E-01  0.4689E-01  0.5556E-01  0.6485E-01  0.7523E-01  0.8762E-01  0.1025E+00  0.1200E+00  0.1394E+00  0.1608E+00  0.1843E+00  0.2082E+00  0.2329E+00  0.2572E+00  0.2710E+00  0.2628E+00  0.2084E+00  0.1521E+00
     25.4743       31.7568  0.0000E+00  0.3302E-03  0.2871E-02  0.8204E-02  0.6231E-02  0.8390E-02  0.1745E-01  0.2755E-01  0.3726E-01  0.4688E-01  0.5556E-01  0.6486E-01  0.7525E-01  0.8765E-01  0.1025E+00  0.1200E+00  0.1395E+00  0.1609E+00  0.1844E+00  0.2083E+00  0.2330E+00  0.2571E+00  0.2708E+00  0.2624E+00  0.2081E+00  0.1519E+00
     25.6098       41.5001  0.0000E+00  0.3290E-03  0.2879E-02  0.8212E-02  0.6231E-02  0.8402E-02  0.1746E-01  0.2755E-01  0.3724E-01  0.4687E-01  0.5556E-01  0.6486E-01  0.7526E-01  0.8766E-01  0.1025E+00  0.1200E+00  0.1394E+00  0.1609E+00  0.1845E+00  0.2084E+00  0.2329E+00  0.2569E+00  0.2705E+00  0.2620E+00  0.2077E+00  0.1517E+00
     25.7453       51.2435  0.0000E+00  0.3274E-03  0.2888E-02  0.8225E-02  0.6237E-02  0.8418E-02  0.1748E-01  0.2755E-01  0.3722E-01  0.4686E-01  0.5555E-01  0.6486E-01  0.7526E-01  0.8766E-01  0.1025E+00  0.1200E+00  0.1394E+00  0.1609E+00  0.1845E+00  0.2084E+00  0.2328E+00  0.2565E+00  0.2700E+00  0.2615E+00  0.2073E+00  0.1514E+00
     25.8808       60.9869  0.0000E+00  0.3255E-03  0.2897E-02  0.8244E-02  0.6249E-02  0.8437E-02  0.1749E-01  0.2754E-01  0.3720E-01  0.4684E-01  0.5554E-01  0.6485E-01  0.7526E-01  0.8765E-01  0.1025E+00  0.1199E+00  0.1393E+00  0.1608E+00  0.1844E+00  0.2083E+00  0.2326E+00  0.2561E+00  0.2695E+00  0.2609E+00  0.2069E+00  0.1512E+00
     26.0163       70.7303  0.0000E+00  0.3235E-03  0.2906E-02  0.8268E-02  0.6266E-02  0.8458E-02  0.1751E-01  0.2753E-01  0.3717E-01  0.4682E-01  0.5552E-01  0.6484E-01  0.7524E-01  0.8762E-01  0.1024E+00  0.1198E+00  0.1392E+00  0.1607E+00  0.1843E+00  0.2082E+00  0.2324E+00  0.2556E+00  0.2689E+00  0.2602E+00  0.2064E+00  0.1509E+00
     26.1518       80.4737  0.0000E+00  0.3213E-03  0.2914E-02  0.8297E-02  0.6289E-02  0.8480E-02  0.1752E-01  0.2752E-01  0.3715E-01  0.4680E-01  0.5551E-01  0.6482E-01  0.7522E-01  0.8758E-01  0.1024E+00  0.1197E+00  0.1391E+00  0.1605E+00  0.1841E+00  0.2080E+00  0.2321E+00  0.2551E+00  0.2682E+00  0.2596E+00  0.2059E+00  0.1506E+00
     26.2873       90.2171  0.0000E+00  0.3189E-03  0.2922E-02  0.8331E-02  0.6317E-02  0.8504E-02  0.1754E-01  0.2751E-01  0.3712E-01  0.4678E-01  0.5548E-01  0.6480E-01  0.7519E-01  0.8753E-01  0.1023E+00  0.1196E+00  0.1389E+00  0.1604E+00  0.1839E+00  0.2078E+00  0.2317E+00  0.2546E+00  0.2676E+00  0.2590E+00  0.2054E+00  0.1504E+00
     26.4228       99.9605  0.0000E+00  0.3166E-03  0.2929E-02  0.8364E-02  0.6346E-02  0.8527E-02  0.1755E-01  0.2750E-01  0.3710E-01  0.4675E-01  0.5546E-01  0.6477E-01  0.7515E-01  0.8747E-01  0.1022E+00  0.1194E+00  0.1388E+00  0.1602E+00  0.1837E+00  0.2075E+00  0.2314E+00  0.2541E+00  0.2670E+00  0.2584E+00  0.2050E+00  0.1502E+00
     26.5583      109.7039  0.0000E+00  0.3143E-03  0.2935E-02  0.8397E-02  0.6377E-02  0.8550E-02  0.1756E-01  0.2749E-01  0.3707E-01  0.4673E-01  0.5544E-01  0.6474E-01  0.7511E-01  0.8740E-01  0.1021E+00  0.1193E+00  0.1386E+00  0.1599E+00  0.1834E+00  0.2073E+00  0.2311E+00  0.2537E+00  0.2666E+00  0.2580E+00  0.2047E+00  0.1500E+00
     26.6938      119.4472  0.0000E+00  0.3121E-03  0.2938E-02  0.8430E-02  0.6410E-02  0.8571E-02  0.1757E-01  0.2748E-01  0.3705E-01  0.4671E-01  0.5541E-01  0.6471E-01  0.7505E-01  0.8732E-01  0.1020E+00  0.1192E+00  0.1384E+00  0.1598E+00  0.1832E+00  0.2071E+00  0.2309E+00  0.2534E+00  0.2663E+00  0.2577E+00  0.2045E+00  0.1499E+00
     26.8293      129.1906  0.0000E+00  0.3102E-03  0.2940E-02  0.8461E-02  0.6441E-02  0.8589E-02  0.1757E-01  0.2747E-01  0.3702E-01  0.4669E-01  0.5538E-01  0.6467E-01  0.7500E-01  0.8724E-01  0.1018E+00  0.1190E+00  0.1383E+00  0.1596E+00  0.1830E+00  0.2069E+00  0.2308E+00  0.2532E+00  0.2662E+00  0.2576E+00  0.2045E+00  0.1499E+00
     26.9648      138.9340  0.0000E+00  0.3086E-03  0.2937E-02  0.8485E-02  0.6470E-02  0.8604E-02  0.1757E-01  0.2746E-01  0.3701E-01  0.4667E-01  0.5535E-01  0.6463E-01  0.7494E-01  0.8715E-01  0.1017E+00  0.1189E+00  0.1381E+00  0.1594E+00  0.1829E+00  0.2068E+00  0.2308E+00  0.2533E+00  0.2663E+00  0.2577E+00  0.2047E+00  0.1500E+00
     27.1003      148.6774  0.0000E+00  0.3074E-03  0.2934E-02  0.8509E-02  0.6498E-02  0.8615E-02  0.1757E-01  0.2745E-01  0.3699E-01  0.4665E-01  0.5532E-01  0.6458E-01  0.7488E-01  0.8707E-01  0.1016E+00  0.1188E+00  0.1380E+00  0.1593E+00  0.1828E+00  0.2068E+00  0.2309E+00  0.2535E+00  0.2666E+00  0.2581E+00  0.2050E+00  0.1502E+00
     27.2358      158.4208  0.0000E+00  0.3066E-03  0.2929E-02  0.8528E-02  0.6522E-02  0.8622E-02  0.1757E-01  0.2744E-01  0.3698E-01  0.4663E-01  0.5529E-01  0.6454E-01  0.7482E-01  0.8699E-01  0.1015E+00  0.1187E+00  0.1380E+00  0.1593E+00  0.1827E+00  0.2068E+00  0.2311E+00  0.2538E+00  0.2670E+00  0.2586E+00  0.2054E+00  0.1505E+00
     27.3713      168.1642  0.0000E+00  0.3063E-03  0.2922E-02  0.8541E-02  0.6541E-02  0.8624E-02  0.1756E-01  0.2744E-01  0.3697E-01  0.4662E-01  0.5527E-01  0.6450E-01  0.7476E-01  0.8692E-01  0.1015E+00  0.1186E+00  0.1379E+00  0.1592E+00  0.1827E+00  0.2069E+00  0.2314E+00  0.2543E+00  0.2677E+00  0.2593E+00  0.2060E+00  0.1508E+00
     27.5068      177.9076  0.0000E+00  0.3065E-03  0.2912E-02  0.8549E-02  0.6557E-02  0.8623E-02  0.1755E-01  0.2743E-01  0.3697E-01  0.4660E-01  0.5524E-01  0.6446E-01  0.7470E-01  0.8685E-01  0.1014E+00  0.1186E+00  0.1379E+00  0.1592E+00  0.1828E+00  0.2071E+00  0.2317E+00  0.2549E+00  0.2684E+00  0.2601E+00  0.2067E+00  0.1512E+00
     27.6423      187.6509  0.0000E+00  0.3071E-03  0.2902E-02  0.8551E-02  0.6567E-02  0.8617E-02  0.1754E-01  0.2743E-01  0.3697E-01  0.4660E-01  0.5522E-01  0.6443E-01  0.7465E-01  0.8679E-01  0.1013E+00  0.1186E+00  0.1379E+00  0.1593E+00  0.1828E+00  0.2073E+00  0.2321E+00  0.2555E+00  0.2691E+00  0.2610E+00  0.2075E+00  0.1516E+00
     27.7778      197.3943  0.0000E+00  0.3081E-03  0.2890E-02  0.8548E-02  0.6573E-02  0.8607E-02  0.1753E-01  0.2743E-01  0.3698E-01  0.4660E-01  0.5521E-01  0.6440E-01  0.7461E-01  0.8674E-01  0.1013E+00  0.1186E+00  0.1379E+00  0.1593E+00  0.1829E+00  0.2074E+00  0.2325E+00  0.2561E+00  0.2699E+00  0.2619E+00  0.2082E+00  0.1520E+00
     27.9133      207.1377  0.0000E+00  0.3095E-03  0.2878E-02  0.8541E-02  0.6575E-02  0.8595E-02  0.1752E-01  0.2743E-01  0.3699E-01  0.4660E-01  0.5520E-01  0.6438E-01  0.7458E-01  0.8671E-01  0.1013E+00  0.1186E+00  0.1380E+00  0.1594E+00  0.1830E+00  0.2076E+00  0.2328E+00  0.2567E+00  0.2706E+00  0.2628E+00  0.2089E+00  0.1524E+00
     28.0488      216.8811  0.0000E+00  0.3111E-03  0.2866E-02  0.8530E-02  0.6572E-02  0.8579E-02  0.1750E-01  0.2743E-01  0.3700E-01  0.4660E-01  0.5519E-01  0.6436E-01  0.7456E-01  0.8669E-01  0.1013E+00  0.1186E+00  0.1380E+00  0.1595E+00  0.1830E+00  0.2077E+00  0.2331E+00  0.2572E+00  0.2712E+00  0.2636E+00  0.2096E+00  0.1527E+00
     28.1843      226.6245  0.0000E+00  0.3130E-03  0.2854E-02  0.8514E-02  0.6565E-02  0.8562E-02  0.1749E-01  0.2744E-01  0.3702E-01  0.4662E-01  0.5520E-01  0.6436E-01  0.7455E-01  0.8668E-01  0.1013E+00  0.1186E+00  0.1381E+00  0.1595E+00  0.1831E+00  0.2078E+00  0.2333E+00  0.2576E+00  0.2717E+00  0.2643E+00  0.2101E+00  0.1530E+00
     28.3198      236.3679  0.0000E+00  0.3151E-03  0.2846E-02  0.8497E-02  0.6555E-02  0.8543E-02  0.1747E-01  0.2744E-01  0.3704E-01  0.4663E-01  0.5521E-01  0.6436E-01  0.7455E-01  0.8669E-01  0.1013E+00  0.1187E+00  0.1382E+00  0.1595E+00  0.1831E+00  0.2078E+00  0.2334E+00  0.2578E+00  0.2720E+00  0.2649E+00  0.2105E+00  0.1533E+00
     28.4553      246.1113  0.0000E+00  0.3172E-03  0.2836E-02  0.8477E-02  0.6541E-02  0.8524E-02  0.1746E-01  0.2745E-01  0.3707E-01  0.4665E-01  0.5522E-01  0.6438E-01  0.7456E-01  0.8671E-01  0.1013E+00  0.1187E+00  0.1382E+00  0.1596E+00  0.1831E+00  0.2077E+00  0.2334E+00  0.2580E+00  0.2722E+00  0.2653E+00  0.2108E+00  0.1534E+00
     28.5908      255.8547  0.0000E+00  0.3194E-03  0.2828E-02  0.8455E-02  0.6525E-02  0.8504E-02  0.1744E-01  0.2745E-01  0.3709E-01  0.4667E-01  0.5525E-01  0.6440E-01  0.7459E-01  0.8674E-01  0.1014E+00  0.1188E+00  0.1383E+00  0.1596E+00  0.1830E+00  0.2076E+00  0.2333E+00  0.2580E+00  0.2723E+00  0.2655E+00  0.2109E+00  0.1535E+00
     28.7263      265.5980  0.0000E+00  0.3215E-03  0.2822E-02  0.8431E-02  0.6506E-02  0.8485E-02  0.1743E-01  0.2746E-01  0.3712E-01  0.4670E-01  0.5527E-01  0.6443E-01  0.7462E-01  0.8679E-01  0.1015E+00  0.1189E+00  0.1383E+00  0.1596E+00  0.1830E+00  0.2075E+00  0.2331E+00  0.2579E+00  0.2722E+00  0.2656E+00  0.2109E+00  0.1535E+00
     28.8618      275.3414  0.0000E+00  0.3236E-03  0.2818E-02  0.8407E-02  0.6484E-02  0.8466E-02  0.1742E-01  0.2747E-01  0.3715E-01  0.4673E-01  0.5530E-01  0.6447E-01  0.7466E-01  0.8685E-01  0.1015E+00  0.1189E+00  0.1384E+00  0.1597E+00  0.1829E+00  0.2073E+00  0.2329E+00  0.2577E+00  0.2720E+00  0.2655E+00  0.2108E+00  0.1535E+00
     28.9973      285.0848  0.0000E+00  0.3255E-03  0.2816E-02  0.8382E-02  0.6461E-02  0.8448E-02  0.1741E-01  0.2748E-01  0.3717E-01  0.4675E-01  0.5534E-01  0.6451E-01  0.7472E-01  0.8691E-01  0.1016E+00  0.1190E+00  0.1385E+00  0.1597E+00  0.1829E+00  0.2072E+00  0.2327E+00  0.2575E+00  0.2719E+00  0.2653E+00  0.2106E+00  0.1534E+00
     29.1328      294.8282  0.0000E+00  0.3272E-03  0.2816E-02  0.8357E-02  0.6437E-02  0.8431E-02  0.1740E-01  0.2749E-01  0.3720E-01  0.4678E-01  0.5537E-01  0.6455E-01  0.7477E-01  0.8699E-01  0.1017E+00  0.1191E+00  0.1386E+00  0.1597E+00  0.1829E+00  0.2071E+00  0.2325E+00  0.2573E+00  0.2716E+00  0.2651E+00  0.2104E+00  0.1533E+00
     29.2683      304.5716  0.0000E+00  0.3287E-03  0.2817E-02  0.8333E-02  0.6411E-02  0.8416E-02  0.1740E-01  0.2750E-01  0.3722E-01  0.4681E-01  0.5541E-01  0.6460E-01  0.7483E-01  0.8707E-01  0.1018E+00  0.1192E+00  0.1386E+00  0.1598E+00  0.1829E+00  0.2070E+00  0.2323E+00  0.2572E+00  0.2715E+00  0.2648E+00  0.2101E+00  0.1531E+00
     29.4038      314.3150  0.0000E+00  0.3300E-03  0.2820E-02  0.8308E-02  0.6384E-02  0.8403E-02  0.1740E-01  0.2751E-01  0.3724E-01  0.4683E-01  0.5544E-01  0.6464E-01  0.7489E-01  0.8715E-01  0.1019E+00  0.1193E+00  0.1387E+00  0.1599E+00  0.1830E+00  0.2070E+00  0.2322E+00  0.2570E+00  0.2713E+00  0.2645E+00  0.2099E+00  0.1530E+00
     29.5393      324.0584  0.0000E+00  0.3310E-03  0.2824E-02  0.8285E-02  0.6357E-02  0.8391E-02  0.1740E-01  0.2752E-01  0.3725E-01  0.4685E-01  0.5547E-01  0.6468E-01  0.7496E-01  0.8724E-01  0.1020E+00  0.1195E+00  0.1388E+00  0.1600E+00  0.1831E+00  0.2070E+00  0.2322E+00  0.2570E+00  0.2712E+00  0.2643E+00  0.2096E+00  0.1529E+00
     29.6748      333.8018  0.0000E+00  0.3318E-03  0.2828E-02  0.8264E-02  0.6331E-02  0.8382E-02  0.1740E-01  0.2753E-01  0.3727E-01  0.4687E-01  0.5550E-01  0.6472E-01  0.7502E-01  0.8732E-01  0.1021E+00  0.1196E+00  0.1390E+00  0.1601E+00  0.1833E+00  0.2072E+00  0.2322E+00  0.2570E+00  0.2712E+00  0.2640E+00  0.2094E+00  0.1527E+00
     29.8103      343.5451  0.0000E+00  0.3322E-03  0.2834E-02  0.8245E-02  0.6306E-02  0.8376E-02  0.1740E-01  0.2754E-01  0.3728E-01  0.4688E-01  0.5552E-01  0.6476E-01  0.7507E-01  0.8740E-01  0.1022E+00  0.1197E+00  0.1391E+00  0.1603E+00  0.1834E+00  0.2073E+00  0.2323E+00  0.2570E+00  0.2712E+00  0.2638E+00  0.2092E+00  0.1526E+00
     29.9458      353.2885  0.0000E+00  0.3324E-03  0.2840E-02  0.8228E-02  0.6284E-02  0.8372E-02  0.1741E-01  0.2754E-01  0.3728E-01  0.4689E-01  0.5554E-01  0.6479E-01  0.7512E-01  0.8747E-01  0.1023E+00  0.1198E+00  0.1392E+00  0.1604E+00  0.1837E+00  0.2075E+00  0.2325E+00  0.2571E+00  0.2712E+00  0.2636E+00  0.2090E+00  0.1525E+00
