Time history of radial distribution for BEM variable: velIndx[m/s] for blade 1
                          rCurvi[m] (curvilinear radial distance)
                                0.7893      2.3680      3.9467      5.5254      7.1040      8.6827     10.2614     11.8401     13.4188     14.9974     16.5761     18.1548     19.7335     21.3121     22.8908     24.4695     26.0482     27.6268     29.2055     30.7842     32.3629     33.9416     35.5202     37.0989     38.2829     39.0723
                          zB[m] (radial coordinate along blade axis)
     time[s]  azimuth[deg]      0.1833      1.7549      3.3294      4.9066      6.4848      8.0632      9.6423     11.2252     12.8089     14.3906     15.9682     17.5466     19.1253     20.7040     22.2825     23.8605     25.4378     27.0144     28.5901     30.1649     31.7388     33.3118     34.8842     36.4562     37.6335     38.4193
      0.0000        0.0000  0.0000E+00 -0.2178E-01 -0.2210E+00 -0.1126E+01 -0.1212E+01 -0.1455E+01 -0.1835E+01 -0.2009E+01 -0.2171E+01 -0.2402E+01 -0.2576E+01 -0.2671E+01 -0.2726E+01 -0.2761E+01 -0.2789E+01 -0.2819E+01 -0.2842E+01 -0.2855E+01 -0.2865E+01 -0.2859E+01 -0.2854E+01 -0.2855E+01 -0.2771E+01 -0.2543E+01 -0.2017E+01 -0.1544E+01
      0.1355        9.7434  0.0000E+00 -0.2191E-01 -0.2222E+00 -0.1128E+01 -0.1204E+01 -0.1448E+01 -0.1827E+01 -0.2002E+01 -0.2167E+01 -0.2399E+01 -0.2574E+01 -0.2671E+01 -0.2726E+01 -0.2762E+01 -0.2790E+01 -0.2820E+01 -0.2843E+01 -0.2857E+01 -0.2867E+01 -0.2861E+01 -0.2854E+01 -0.2854E+01 -0.2770E+01 -0.2541E+01 -0.2015E+01 -0.1542E+01
      0.2710       19.4868  0.0000E+00 -0.2201E-01 -0.2233E+00 -0.1131E+01 -0.1206E+01 -0.1449E+01 -0.1827E+01 -0.2001E+01 -0.2166E+01 -0.2398E+01 -0.2574E+01 -0.2671E+01 -0.2727E+01 -0.2763E+01 -0.2791E+01 -0.2821E+01 -0.2843E+01 -0.2858E+01 -0.2869E+01 -0.2863E+01 -0.2854E+01 -0.2852E+01 -0.2768E+01 -0.2538E+01 -0.2012E+01 -0.1541E+01
      0.4065       29.2302  0.0000E+00 -0.2207E-01 -0.2243E+00 -0.1132E+01 -0.1208E+01 -0.1449E+01 -0.1826E+01 -0.2000E+01 -0.2165E+01 -0.2397E+01 -0.2573E+01 -0.2671E+01 -0.2727E+01 -0.2763E+01 -0.2792E+01 -0.2821E+01 -0.2843E+01 -0.2858E+01 -0.2871E+01 -0.2864E+01 -0.2854E+01 -0.2851E+01 -0.2765E+01 -0.2535E+01 -0.2010E+01 -0.1539E+01
      0.5420       38.9735  0.0000E+00 -0.2208E-01 -0.2251E+00 -0.1133E+01 -0.1209E+01 -0.1449E+01 -0.1825E+01 -0.1998E+01 -0.2164E+01 -0.2396E+01 -0.2573E+01 -0.2670E+01 -0.2727E+01 -0.2763E+01 -0.2792E+01 -0.2821E+01 -0.2843E+01 -0.2858E+01 -0.2871E+01 -0.2864E+01 -0.2853E+01 -0.2848E+01 -0.2761E+01 -0.2531E+01 -0.2006E+01 -0.1537E+01
      0.6775       48.7169  0.0000E+00 -0.2203E-01 -0.2257E+00 -0.1134E+01 -0.1210E+01 -0.1448E+01 -0.1823E+01 -0.1997E+01 -0.2163E+01 -0.2395E+01 -0.2572E+01 -0.2670E+01 -0.2727E+01 -0.2763E+01 -0.2791E+01 -0.2820E+01 -0.2842E+01 -0.2858E+01 -0.2871E+01 -0.2864E+01 -0.2851E+01 -0.2844E+01 -0.2757E+01 -0.2526E+01 -0.2003E+01 -0.1535E+01
      0.8130       58.4603  0.0000E+00 -0.2192E-01 -0.2260E+00 -0.1134E+01 -0.1210E+01 -0.1446E+01 -0.1820E+01 -0.1995E+01 -0.2161E+01 -0.2394E+01 -0.2571E+01 -0.2669E+01 -0.2726E+01 -0.2763E+01 -0.2790E+01 -0.2818E+01 -0.2840E+01 -0.2856E+01 -0.2870E+01 -0.2862E+01 -0.2848E+01 -0.2839E+01 -0.2751E+01 -0.2520E+01 -0.1998E+01 -0.1533E+01
      0.9485       68.2037  0.0000E+00 -0.2175E-01 -0.2260E+00 -0.1133E+01 -0.1209E+01 -0.1443E+01 -0.1818E+01 -0.1993E+01 -0.2160E+01 -0.2393E+01 -0.2570E+01 -0.2669E+01 -0.2726E+01 -0.2762E+01 -0.2789E+01 -0.2816E+01 -0.2838E+01 -0.2854E+01 -0.2868E+01 -0.2860E+01 -0.2845E+01 -0.2834E+01 -0.2745E+01 -0.2514E+01 -0.1994E+01 -0.1530E+01
      1.0840       77.9471  0.0000E+00 -0.2152E-01 -0.2256E+00 -0.1132E+01 -0.1208E+01 -0.1440E+01 -0.1815E+01 -0.1991E+01 -0.2158E+01 -0.2392E+01 -0.2569E+01 -0.2668E+01 -0.2725E+01 -0.2760E+01 -0.2787E+01 -0.2814E+01 -0.2835E+01 -0.2851E+01 -0.2865E+01 -0.2857E+01 -0.2841E+01 -0.2828E+01 -0.2739E+01 -0.2508E+01 -0.1989E+01 -0.1528E+01
      1.2195       87.6905  0.0000E+00 -0.2125E-01 -0.2249E+00 -0.1130E+01 -0.1206E+01 -0.1436E+01 -0.1811E+01 -0.1989E+01 -0.2156E+01 -0.2390E+01 -0.2568E+01 -0.2667E+01 -0.2723E+01 -0.2759E+01 -0.2784E+01 -0.2811E+01 -0.2832E+01 -0.2848E+01 -0.2862E+01 -0.2854E+01 -0.2837E+01 -0.2822E+01 -0.2732E+01 -0.2502E+01 -0.1985E+01 -0.1525E+01
      1.3550       97.4339  0.0000E+00 -0.2095E-01 -0.2239E+00 -0.1127E+01 -0.1204E+01 -0.1432E+01 -0.1808E+01 -0.1987E+01 -0.2154E+01 -0.2389E+01 -0.2567E+01 -0.2666E+01 -0.2722E+01 -0.2757E+01 -0.2782E+01 -0.2808E+01 -0.2828E+01 -0.2844E+01 -0.2858E+01 -0.2850E+01 -0.2832E+01 -0.2816E+01 -0.2726E+01 -0.2497E+01 -0.1981E+01 -0.1523E+01
      1.4905      107.1773  0.0000E+00 -0.2062E-01 -0.2227E+00 -0.1124E+01 -0.1201E+01 -0.1427E+01 -0.1805E+01 -0.1985E+01 -0.2153E+01 -0.2388E+01 -0.2565E+01 -0.2664E+01 -0.2720E+01 -0.2754E+01 -0.2779E+01 -0.2805E+01 -0.2825E+01 -0.2840E+01 -0.2854E+01 -0.2847E+01 -0.2829E+01 -0.2811E+01 -0.2721E+01 -0.2492E+01 -0.1978E+01 -0.1522E+01
      1.6260      116.9206  0.0000E+00 -0.2028E-01 -0.2211E+00 -0.1120E+01 -0.1198E+01 -0.1422E+01 -0.1801E+01 -0.1983E+01 -0.2151E+01 -0.2386E+01 -0.2564E+01 -0.2663E+01 -0.2718E+01 -0.2752E+01 -0.2776E+01 -0.2801E+01 -0.2821E+01 -0.2837E+01 -0.2851E+01 -0.2844E+01 -0.2826E+01 -0.2808E+01 -0.2718E+01 -0.2489E+01 -0.1976E+01 -0.1521E+01
      1.7615      126.6640  0.0000E+00 -0.1994E-01 -0.2194E+00 -0.1116E+01 -0.1194E+01 -0.1417E+01 -0.1798E+01 -0.1982E+01 -0.2150E+01 -0.2385E+01 -0.2563E+01 -0.2661E+01 -0.2716E+01 -0.2749E+01 -0.2773E+01 -0.2798E+01 -0.2818E+01 -0.2834E+01 -0.2848E+01 -0.2841E+01 -0.2824E+01 -0.2806E+01 -0.2716E+01 -0.2488E+01 -0.1975E+01 -0.1521E+01
      1.8970      136.4074  0.0000E+00 -0.1961E-01 -0.2176E+00 -0.1112E+01 -0.1191E+01 -0.1411E+01 -0.1795E+01 -0.1980E+01 -0.2149E+01 -0.2384E+01 -0.2561E+01 -0.2659E+01 -0.2714E+01 -0.2747E+01 -0.2770E+01 -0.2795E+01 -0.2815E+01 -0.2831E+01 -0.2845E+01 -0.2839E+01 -0.2823E+01 -0.2805E+01 -0.2717E+01 -0.2488E+01 -0.1976E+01 -0.1521E+01
      2.0325      146.1508  0.0000E+00 -0.1932E-01 -0.2156E+00 -0.1107E+01 -0.1187E+01 -0.1406E+01 -0.1792E+01 -0.1979E+01 -0.2148E+01 -0.2383E+01 -0.2560E+01 -0.2657E+01 -0.2712E+01 -0.2744E+01 -0.2767E+01 -0.2792E+01 -0.2813E+01 -0.2829E+01 -0.2843E+01 -0.2839E+01 -0.2824E+01 -0.2807E+01 -0.2719E+01 -0.2491E+01 -0.1979E+01 -0.1523E+01
      2.1680      155.8942  0.0000E+00 -0.1906E-01 -0.2136E+00 -0.1103E+01 -0.1184E+01 -0.1401E+01 -0.1789E+01 -0.1978E+01 -0.2147E+01 -0.2382E+01 -0.2558E+01 -0.2656E+01 -0.2709E+01 -0.2742E+01 -0.2765E+01 -0.2790E+01 -0.2812E+01 -0.2827E+01 -0.2842E+01 -0.2839E+01 -0.2826E+01 -0.2811E+01 -0.2723E+01 -0.2495E+01 -0.1982E+01 -0.1525E+01
      2.3035      165.6376  0.0000E+00 -0.1884E-01 -0.2115E+00 -0.1098E+01 -0.1180E+01 -0.1397E+01 -0.1787E+01 -0.1978E+01 -0.2147E+01 -0.2381E+01 -0.2557E+01 -0.2654E+01 -0.2707E+01 -0.2739E+01 -0.2763E+01 -0.2789E+01 -0.2810E+01 -0.2827E+01 -0.2842E+01 -0.2840E+01 -0.2829E+01 -0.2816E+01 -0.2729E+01 -0.2501E+01 -0.1988E+01 -0.1528E+01
      2.4390      175.3810  0.0000E+00 -0.1867E-01 -0.2095E+00 -0.1094E+01 -0.1177E+01 -0.1392E+01 -0.1786E+01 -0.1978E+01 -0.2146E+01 -0.2380E+01 -0.2556E+01 -0.2652E+01 -0.2705E+01 -0.2737E+01 -0.2761E+01 -0.2787E+01 -0.2810E+01 -0.2827E+01 -0.2842E+01 -0.2842E+01 -0.2834E+01 -0.2822E+01 -0.2736E+01 -0.2509E+01 -0.1994E+01 -0.1531E+01
      2.5745      185.1244  0.0000E+00 -0.1855E-01 -0.2076E+00 -0.1090E+01 -0.1174E+01 -0.1389E+01 -0.1785E+01 -0.1978E+01 -0.2146E+01 -0.2380E+01 -0.2555E+01 -0.2651E+01 -0.2703E+01 -0.2735E+01 -0.2759E+01 -0.2787E+01 -0.2810E+01 -0.2827E+01 -0.2843E+01 -0.2844E+01 -0.2838E+01 -0.2828E+01 -0.2744E+01 -0.2517E+01 -0.2001E+01 -0.1535E+01
      2.7100      194.8677  0.0000E+00 -0.1848E-01 -0.2058E+00 -0.1087E+01 -0.1172E+01 -0.1386E+01 -0.1784E+01 -0.1978E+01 -0.2147E+01 -0.2380E+01 -0.2554E+01 -0.2649E+01 -0.2702E+01 -0.2734E+01 -0.2758E+01 -0.2786E+01 -0.2810E+01 -0.2828E+01 -0.2844E+01 -0.2847E+01 -0.2843E+01 -0.2835E+01 -0.2751E+01 -0.2526E+01 -0.2008E+01 -0.1539E+01
      2.8455      204.6111  0.0000E+00 -0.1847E-01 -0.2041E+00 -0.1083E+01 -0.1170E+01 -0.1383E+01 -0.1784E+01 -0.1979E+01 -0.2147E+01 -0.2380E+01 -0.2553E+01 -0.2648E+01 -0.2700E+01 -0.2732E+01 -0.2757E+01 -0.2786E+01 -0.2811E+01 -0.2829E+01 -0.2845E+01 -0.2849E+01 -0.2847E+01 -0.2842E+01 -0.2759E+01 -0.2534E+01 -0.2014E+01 -0.1543E+01
      2.9810      214.3545  0.0000E+00 -0.1850E-01 -0.2026E+00 -0.1080E+01 -0.1168E+01 -0.1382E+01 -0.1785E+01 -0.1979E+01 -0.2148E+01 -0.2380E+01 -0.2553E+01 -0.2648E+01 -0.2700E+01 -0.2732E+01 -0.2757E+01 -0.2787E+01 -0.2812E+01 -0.2830E+01 -0.2846E+01 -0.2851E+01 -0.2850E+01 -0.2847E+01 -0.2765E+01 -0.2542E+01 -0.2021E+01 -0.1546E+01
      3.1165      224.0979  0.0000E+00 -0.1857E-01 -0.2013E+00 -0.1078E+01 -0.1167E+01 -0.1381E+01 -0.1786E+01 -0.1981E+01 -0.2149E+01 -0.2381E+01 -0.2553E+01 -0.2648E+01 -0.2699E+01 -0.2731E+01 -0.2757E+01 -0.2788E+01 -0.2813E+01 -0.2831E+01 -0.2847E+01 -0.2852E+01 -0.2853E+01 -0.2852E+01 -0.2770E+01 -0.2549E+01 -0.2026E+01 -0.1549E+01
      3.2520      233.8413  0.0000E+00 -0.1868E-01 -0.2002E+00 -0.1076E+01 -0.1166E+01 -0.1380E+01 -0.1787E+01 -0.1982E+01 -0.2151E+01 -0.2381E+01 -0.2554E+01 -0.2648E+01 -0.2699E+01 -0.2731E+01 -0.2758E+01 -0.2789E+01 -0.2815E+01 -0.2832E+01 -0.2847E+01 -0.2852E+01 -0.2854E+01 -0.2855E+01 -0.2774E+01 -0.2555E+01 -0.2030E+01 -0.1552E+01
      3.3875      243.5847  0.0000E+00 -0.1883E-01 -0.1993E+00 -0.1075E+01 -0.1166E+01 -0.1381E+01 -0.1789E+01 -0.1983E+01 -0.2152E+01 -0.2382E+01 -0.2554E+01 -0.2648E+01 -0.2699E+01 -0.2732E+01 -0.2759E+01 -0.2790E+01 -0.2816E+01 -0.2832E+01 -0.2847E+01 -0.2851E+01 -0.2855E+01 -0.2857E+01 -0.2776E+01 -0.2559E+01 -0.2033E+01 -0.1553E+01
      3.5230      253.3281  0.0000E+00 -0.1900E-01 -0.1988E+00 -0.1075E+01 -0.1166E+01 -0.1382E+01 -0.1791E+01 -0.1985E+01 -0.2154E+01 -0.2383E+01 -0.2555E+01 -0.2649E+01 -0.2700E+01 -0.2733E+01 -0.2760E+01 -0.2791E+01 -0.2817E+01 -0.2833E+01 -0.2846E+01 -0.2850E+01 -0.2854E+01 -0.2857E+01 -0.2777E+01 -0.2562E+01 -0.2035E+01 -0.1554E+01
      3.6585      263.0714  0.0000E+00 -0.1921E-01 -0.1985E+00 -0.1075E+01 -0.1167E+01 -0.1383E+01 -0.1793E+01 -0.1987E+01 -0.2155E+01 -0.2385E+01 -0.2556E+01 -0.2650E+01 -0.2701E+01 -0.2734E+01 -0.2762E+01 -0.2793E+01 -0.2818E+01 -0.2833E+01 -0.2846E+01 -0.2848E+01 -0.2852E+01 -0.2856E+01 -0.2777E+01 -0.2563E+01 -0.2035E+01 -0.1554E+01
      3.7940      272.8148  0.0000E+00 -0.1943E-01 -0.1986E+00 -0.1076E+01 -0.1168E+01 -0.1386E+01 -0.1796E+01 -0.1988E+01 -0.2157E+01 -0.2386E+01 -0.2558E+01 -0.2651E+01 -0.2703E+01 -0.2736E+01 -0.2763E+01 -0.2795E+01 -0.2819E+01 -0.2834E+01 -0.2845E+01 -0.2846E+01 -0.2850E+01 -0.2855E+01 -0.2775E+01 -0.2563E+01 -0.2034E+01 -0.1554E+01
      3.9295      282.5582  0.0000E+00 -0.1967E-01 -0.1990E+00 -0.1078E+01 -0.1170E+01 -0.1389E+01 -0.1799E+01 -0.1990E+01 -0.2159E+01 -0.2387E+01 -0.2559E+01 -0.2653E+01 -0.2705E+01 -0.2738E+01 -0.2766E+01 -0.2797E+01 -0.2821E+01 -0.2834E+01 -0.2844E+01 -0.2844E+01 -0.2847E+01 -0.2853E+01 -0.2774E+01 -0.2561E+01 -0.2033E+01 -0.1554E+01
      4.0650      292.3016  0.0000E+00 -0.1993E-01 -0.1998E+00 -0.1080E+01 -0.1172E+01 -0.1392E+01 -0.1802E+01 -0.1991E+01 -0.2160E+01 -0.2389E+01 -0.2561E+01 -0.2655E+01 -0.2707E+01 -0.2740E+01 -0.2768E+01 -0.2799E+01 -0.2822E+01 -0.2835E+01 -0.2844E+01 -0.2843E+01 -0.2845E+01 -0.2851E+01 -0.2772E+01 -0.2559E+01 -0.2031E+01 -0.1552E+01
      4.2005      302.0450  0.0000E+00 -0.2020E-01 -0.2009E+00 -0.1083E+01 -0.1174E+01 -0.1396E+01 -0.1804E+01 -0.1993E+01 -0.2162E+01 -0.2390E+01 -0.2563E+01 -0.2657E+01 -0.2709E+01 -0.2743E+01 -0.2770E+01 -0.2801E+01 -0.2824E+01 -0.2836E+01 -0.2844E+01 -0.2842E+01 -0.2842E+01 -0.2849E+01 -0.2770E+01 -0.2557E+01 -0.2029E+01 -0.1551E+01
      4.3360      311.7884  0.0000E+00 -0.2047E-01 -0.2023E+00 -0.1086E+01 -0.1177E+01 -0.1400E+01 -0.1807E+01 -0.1994E+01 -0.2163E+01 -0.2391E+01 -0.2564E+01 -0.2659E+01 -0.2711E+01 -0.2745E+01 -0.2773E+01 -0.2804E+01 -0.2826E+01 -0.2837E+01 -0.2845E+01 -0.2841E+01 -0.2841E+01 -0.2847E+01 -0.2768E+01 -0.2554E+01 -0.2026E+01 -0.1550E+01
      4.4715      321.5318  0.0000E+00 -0.2075E-01 -0.2039E+00 -0.1090E+01 -0.1181E+01 -0.1405E+01 -0.1810E+01 -0.1995E+01 -0.2164E+01 -0.2392E+01 -0.2566E+01 -0.2660E+01 -0.2713E+01 -0.2748E+01 -0.2776E+01 -0.2806E+01 -0.2828E+01 -0.2839E+01 -0.2847E+01 -0.2842E+01 -0.2841E+01 -0.2846E+01 -0.2767E+01 -0.2552E+01 -0.2024E+01 -0.1549E+01
      4.6070      331.2752  0.0000E+00 -0.2101E-01 -0.2058E+00 -0.1094E+01 -0.1184E+01 -0.1409E+01 -0.1812E+01 -0.1996E+01 -0.2165E+01 -0.2393E+01 -0.2567E+01 -0.2662E+01 -0.2715E+01 -0.2750E+01 -0.2779E+01 -0.2809E+01 -0.2830E+01 -0.2841E+01 -0.2849E+01 -0.2843E+01 -0.2841E+01 -0.2846E+01 -0.2767E+01 -0.2549E+01 -0.2022E+01 -0.1547E+01
      4.7425      341.0185  0.0000E+00 -0.2127E-01 -0.2079E+00 -0.1098E+01 -0.1188E+01 -0.1414E+01 -0.1814E+01 -0.1997E+01 -0.2165E+01 -0.2394E+01 -0.2568E+01 -0.2664E+01 -0.2717E+01 -0.2753E+01 -0.2781E+01 -0.2811E+01 -0.2833E+01 -0.2844E+01 -0.2852E+01 -0.2845E+01 -0.2842E+01 -0.2847E+01 -0.2767E+01 -0.2547E+01 -0.2020E+01 -0.1546E+01
      4.8780      350.7619  0.0000E+00 -0.2150E-01 -0.2101E+00 -0.1103E+01 -0.1191E+01 -0.1418E+01 -0.1816E+01 -0.1997E+01 -0.2166E+01 -0.2395E+01 -0.2569E+01 -0.2665E+01 -0.2719E+01 -0.2755E+01 -0.2784E+01 -0.2813E+01 -0.2835E+01 -0.2846E+01 -0.2855E+01 -0.2848E+01 -0.2843E+01 -0.2847E+01 -0.2767E+01 -0.2545E+01 -0.2018E+01 -0.1545E+01
      5.0136        0.5053  0.0000E+00 -0.2171E-01 -0.2122E+00 -0.1107E+01 -0.1195E+01 -0.1422E+01 -0.1818E+01 -0.1998E+01 -0.2166E+01 -0.2395E+01 -0.2570E+01 -0.2666E+01 -0.2721E+01 -0.2757E+01 -0.2786E+01 -0.2815E+01 -0.2837E+01 -0.2849E+01 -0.2858E+01 -0.2851E+01 -0.2845E+01 -0.2848E+01 -0.2767E+01 -0.2543E+01 -0.2016E+01 -0.1544E+01
      5.1491       10.2487  0.0000E+00 -0.2188E-01 -0.2144E+00 -0.1111E+01 -0.1198E+01 -0.1426E+01 -0.1819E+01 -0.1998E+01 -0.2166E+01 -0.2395E+01 -0.2570E+01 -0.2667E+01 -0.2722E+01 -0.2759E+01 -0.2787E+01 -0.2817E+01 -0.2839E+01 -0.2851E+01 -0.2862E+01 -0.2854E+01 -0.2847E+01 -0.2849E+01 -0.2766E+01 -0.2541E+01 -0.2014E+01 -0.1542E+01
      5.2846       19.9921  0.0000E+00 -0.2200E-01 -0.2163E+00 -0.1115E+01 -0.1201E+01 -0.1429E+01 -0.1819E+01 -0.1997E+01 -0.2165E+01 -0.2395E+01 -0.2570E+01 -0.2668E+01 -0.2723E+01 -0.2760E+01 -0.2789E+01 -0.2818E+01 -0.2840E+01 -0.2853E+01 -0.2865E+01 -0.2857E+01 -0.2849E+01 -0.2849E+01 -0.2765E+01 -0.2538E+01 -0.2012E+01 -0.1541E+01
      5.4201       29.7355  0.0000E+00 -0.2206E-01 -0.2181E+00 -0.1118E+01 -0.1204E+01 -0.1431E+01 -0.1819E+01 -0.1997E+01 -0.2164E+01 -0.2394E+01 -0.2570E+01 -0.2668E+01 -0.2724E+01 -0.2761E+01 -0.2790E+01 -0.2819E+01 -0.2841E+01 -0.2855E+01 -0.2867E+01 -0.2859E+01 -0.2850E+01 -0.2848E+01 -0.2763E+01 -0.2535E+01 -0.2009E+01 -0.1539E+01
      5.5556       39.4789  0.0000E+00 -0.2207E-01 -0.2196E+00 -0.1121E+01 -0.1206E+01 -0.1432E+01 -0.1819E+01 -0.1996E+01 -0.2163E+01 -0.2394E+01 -0.2570E+01 -0.2668E+01 -0.2725E+01 -0.2761E+01 -0.2790E+01 -0.2819E+01 -0.2841E+01 -0.2855E+01 -0.2868E+01 -0.2860E+01 -0.2849E+01 -0.2845E+01 -0.2760E+01 -0.2530E+01 -0.2006E+01 -0.1537E+01
      5.6911       49.2223  0.0000E+00 -0.2202E-01 -0.2208E+00 -0.1123E+01 -0.1207E+01 -0.1433E+01 -0.1818E+01 -0.1995E+01 -0.2162E+01 -0.2393E+01 -0.2570E+01 -0.2668E+01 -0.2725E+01 -0.2761E+01 -0.2790E+01 -0.2818E+01 -0.2840E+01 -0.2855E+01 -0.2868E+01 -0.2861E+01 -0.2848E+01 -0.2842E+01 -0.2756E+01 -0.2526E+01 -0.2003E+01 -0.1535E+01
      5.8266       58.9656  0.0000E+00 -0.2191E-01 -0.2216E+00 -0.1124E+01 -0.1207E+01 -0.1433E+01 -0.1816E+01 -0.1993E+01 -0.2161E+01 -0.2392E+01 -0.2569E+01 -0.2668E+01 -0.2725E+01 -0.2761E+01 -0.2789E+01 -0.2817E+01 -0.2839E+01 -0.2854E+01 -0.2868E+01 -0.2860E+01 -0.2846E+01 -0.2838E+01 -0.2751E+01 -0.2520E+01 -0.1998E+01 -0.1532E+01
      5.9621       68.7090  0.0000E+00 -0.2173E-01 -0.2221E+00 -0.1124E+01 -0.1207E+01 -0.1432E+01 -0.1814E+01 -0.1992E+01 -0.2159E+01 -0.2391E+01 -0.2569E+01 -0.2667E+01 -0.2724E+01 -0.2760E+01 -0.2788E+01 -0.2815E+01 -0.2836E+01 -0.2852E+01 -0.2866E+01 -0.2858E+01 -0.2843E+01 -0.2833E+01 -0.2745E+01 -0.2514E+01 -0.1994E+01 -0.1530E+01
      6.0976       78.4524  0.0000E+00 -0.2151E-01 -0.2221E+00 -0.1124E+01 -0.1206E+01 -0.1430E+01 -0.1811E+01 -0.1990E+01 -0.2158E+01 -0.2390E+01 -0.2568E+01 -0.2667E+01 -0.2723E+01 -0.2759E+01 -0.2786E+01 -0.2813E+01 -0.2834E+01 -0.2849E+01 -0.2864E+01 -0.2855E+01 -0.2839E+01 -0.2827E+01 -0.2738E+01 -0.2508E+01 -0.1989E+01 -0.1527E+01
      6.2331       88.1958  0.0000E+00 -0.2123E-01 -0.2218E+00 -0.1122E+01 -0.1205E+01 -0.1427E+01 -0.1809E+01 -0.1988E+01 -0.2156E+01 -0.2389E+01 -0.2567E+01 -0.2666E+01 -0.2722E+01 -0.2758E+01 -0.2784E+01 -0.2810E+01 -0.2831E+01 -0.2846E+01 -0.2860E+01 -0.2852E+01 -0.2835E+01 -0.2821E+01 -0.2732E+01 -0.2502E+01 -0.1985E+01 -0.1525E+01
      6.3686       97.9392  0.0000E+00 -0.2093E-01 -0.2211E+00 -0.1120E+01 -0.1203E+01 -0.1423E+01 -0.1806E+01 -0.1986E+01 -0.2155E+01 -0.2388E+01 -0.2566E+01 -0.2665E+01 -0.2721E+01 -0.2756E+01 -0.2781E+01 -0.2807E+01 -0.2827E+01 -0.2843E+01 -0.2857E+01 -0.2849E+01 -0.2831E+01 -0.2815E+01 -0.2726E+01 -0.2497E+01 -0.1981E+01 -0.1523E+01
      6.5041      107.6826  0.0000E+00 -0.2060E-01 -0.2201E+00 -0.1118E+01 -0.1200E+01 -0.1419E+01 -0.1803E+01 -0.1985E+01 -0.2153E+01 -0.2387E+01 -0.2565E+01 -0.2664E+01 -0.2719E+01 -0.2754E+01 -0.2778E+01 -0.2804E+01 -0.2824E+01 -0.2839E+01 -0.2853E+01 -0.2846E+01 -0.2828E+01 -0.2811E+01 -0.2721E+01 -0.2492E+01 -0.1978E+01 -0.1522E+01
      6.6396      117.4260  0.0000E+00 -0.2026E-01 -0.2189E+00 -0.1115E+01 -0.1197E+01 -0.1415E+01 -0.1799E+01 -0.1983E+01 -0.2152E+01 -0.2386E+01 -0.2564E+01 -0.2662E+01 -0.2717E+01 -0.2751E+01 -0.2775E+01 -0.2801E+01 -0.2821E+01 -0.2836E+01 -0.2850E+01 -0.2843E+01 -0.2825E+01 -0.2807E+01 -0.2718E+01 -0.2489E+01 -0.1976E+01 -0.1521E+01
      6.7751      127.1693  0.0000E+00 -0.1992E-01 -0.2174E+00 -0.1111E+01 -0.1194E+01 -0.1410E+01 -0.1796E+01 -0.1982E+01 -0.2150E+01 -0.2385E+01 -0.2562E+01 -0.2661E+01 -0.2716E+01 -0.2749E+01 -0.2773E+01 -0.2797E+01 -0.2817E+01 -0.2833E+01 -0.2847E+01 -0.2840E+01 -0.2823E+01 -0.2805E+01 -0.2716E+01 -0.2488E+01 -0.1975E+01 -0.1521E+01
      6.9106      136.9127  0.0000E+00 -0.1960E-01 -0.2158E+00 -0.1107E+01 -0.1190E+01 -0.1406E+01 -0.1793E+01 -0.1980E+01 -0.2149E+01 -0.2384E+01 -0.2561E+01 -0.2659E+01 -0.2713E+01 -0.2746E+01 -0.2770E+01 -0.2795E+01 -0.2815E+01 -0.2830E+01 -0.2844E+01 -0.2839E+01 -0.2823E+01 -0.2805E+01 -0.2717E+01 -0.2489E+01 -0.1976E+01 -0.1521E+01
      7.0461      146.6561  0.0000E+00 -0.1930E-01 -0.2140E+00 -0.1103E+01 -0.1187E+01 -0.1401E+01 -0.1791E+01 -0.1979E+01 -0.2148E+01 -0.2383E+01 -0.2560E+01 -0.2657E+01 -0.2711E+01 -0.2744E+01 -0.2767E+01 -0.2792E+01 -0.2813E+01 -0.2828E+01 -0.2843E+01 -0.2838E+01 -0.2824E+01 -0.2807E+01 -0.2719E+01 -0.2491E+01 -0.1979E+01 -0.1523E+01
      7.1816      156.3995  0.0000E+00 -0.1904E-01 -0.2121E+00 -0.1099E+01 -0.1183E+01 -0.1397E+01 -0.1789E+01 -0.1979E+01 -0.2147E+01 -0.2382E+01 -0.2558E+01 -0.2655E+01 -0.2709E+01 -0.2741E+01 -0.2764E+01 -0.2790E+01 -0.2811E+01 -0.2827E+01 -0.2842E+01 -0.2839E+01 -0.2826E+01 -0.2811E+01 -0.2724E+01 -0.2496E+01 -0.1983E+01 -0.1525E+01
      7.3171      166.1429  0.0000E+00 -0.1883E-01 -0.2103E+00 -0.1095E+01 -0.1180E+01 -0.1393E+01 -0.1787E+01 -0.1978E+01 -0.2147E+01 -0.2381E+01 -0.2557E+01 -0.2654E+01 -0.2707E+01 -0.2739E+01 -0.2762E+01 -0.2788E+01 -0.2810E+01 -0.2826E+01 -0.2842E+01 -0.2840E+01 -0.2829E+01 -0.2816E+01 -0.2729E+01 -0.2502E+01 -0.1988E+01 -0.1528E+01
      7.4526      175.8863  0.0000E+00 -0.1866E-01 -0.2084E+00 -0.1091E+01 -0.1177E+01 -0.1389E+01 -0.1786E+01 -0.1978E+01 -0.2147E+01 -0.2380E+01 -0.2556E+01 -0.2652E+01 -0.2705E+01 -0.2737E+01 -0.2760E+01 -0.2787E+01 -0.2810E+01 -0.2826E+01 -0.2842E+01 -0.2842E+01 -0.2834E+01 -0.2822E+01 -0.2736E+01 -0.2509E+01 -0.1994E+01 -0.1532E+01
      7.5881      185.6297  0.0000E+00 -0.1854E-01 -0.2066E+00 -0.1088E+01 -0.1175E+01 -0.1386E+01 -0.1785E+01 -0.1978E+01 -0.2147E+01 -0.2380E+01 -0.2555E+01 -0.2651E+01 -0.2703E+01 -0.2735E+01 -0.2759E+01 -0.2786E+01 -0.2810E+01 -0.2827E+01 -0.2843E+01 -0.2844E+01 -0.2838E+01 -0.2829E+01 -0.2744E+01 -0.2518E+01 -0.2001E+01 -0.1535E+01
      7.7236      195.3731  0.0000E+00 -0.1848E-01 -0.2049E+00 -0.1084E+01 -0.1172E+01 -0.1383E+01 -0.1784E+01 -0.1978E+01 -0.2147E+01 -0.2380E+01 -0.2554E+01 -0.2649E+01 -0.2702E+01 -0.2733E+01 -0.2758E+01 -0.2786E+01 -0.2810E+01 -0.2828E+01 -0.2844E+01 -0.2847E+01 -0.2843E+01 -0.2835E+01 -0.2752E+01 -0.2526E+01 -0.2008E+01 -0.1539E+01
      7.8591      205.1164  0.0000E+00 -0.1847E-01 -0.2034E+00 -0.1081E+01 -0.1170E+01 -0.1381E+01 -0.1785E+01 -0.1979E+01 -0.2148E+01 -0.2380E+01 -0.2553E+01 -0.2648E+01 -0.2700E+01 -0.2732E+01 -0.2757E+01 -0.2786E+01 -0.2811E+01 -0.2829E+01 -0.2845E+01 -0.2849E+01 -0.2847E+01 -0.2842E+01 -0.2759E+01 -0.2535E+01 -0.2015E+01 -0.1543E+01
      7.9946      214.8598  0.0000E+00 -0.1850E-01 -0.2019E+00 -0.1079E+01 -0.1169E+01 -0.1380E+01 -0.1785E+01 -0.1980E+01 -0.2149E+01 -0.2380E+01 -0.2553E+01 -0.2648E+01 -0.2700E+01 -0.2732E+01 -0.2757E+01 -0.2787E+01 -0.2812E+01 -0.2830E+01 -0.2846E+01 -0.2851E+01 -0.2851E+01 -0.2848E+01 -0.2765E+01 -0.2543E+01 -0.2021E+01 -0.1546E+01
      8.1301      224.6032  0.0000E+00 -0.1857E-01 -0.2007E+00 -0.1077E+01 -0.1168E+01 -0.1379E+01 -0.1786E+01 -0.1981E+01 -0.2150E+01 -0.2381E+01 -0.2553E+01 -0.2648E+01 -0.2699E+01 -0.2731E+01 -0.2757E+01 -0.2788E+01 -0.2813E+01 -0.2831E+01 -0.2847E+01 -0.2852E+01 -0.2853E+01 -0.2852E+01 -0.2770E+01 -0.2550E+01 -0.2026E+01 -0.1549E+01
      8.2656      234.3466  0.0000E+00 -0.1869E-01 -0.1997E+00 -0.1075E+01 -0.1167E+01 -0.1379E+01 -0.1788E+01 -0.1983E+01 -0.2151E+01 -0.2382E+01 -0.2554E+01 -0.2648E+01 -0.2699E+01 -0.2731E+01 -0.2758E+01 -0.2789E+01 -0.2815E+01 -0.2832E+01 -0.2847E+01 -0.2852E+01 -0.2854E+01 -0.2855E+01 -0.2774E+01 -0.2555E+01 -0.2030E+01 -0.1552E+01
      8.4011      244.0900  0.0000E+00 -0.1884E-01 -0.1989E+00 -0.1074E+01 -0.1167E+01 -0.1379E+01 -0.1790E+01 -0.1984E+01 -0.2153E+01 -0.2383E+01 -0.2554E+01 -0.2648E+01 -0.2700E+01 -0.2732E+01 -0.2759E+01 -0.2790E+01 -0.2816E+01 -0.2832E+01 -0.2847E+01 -0.2851E+01 -0.2855E+01 -0.2857E+01 -0.2776E+01 -0.2559E+01 -0.2033E+01 -0.1553E+01
      8.5366      253.8334  0.0000E+00 -0.1901E-01 -0.1985E+00 -0.1074E+01 -0.1167E+01 -0.1381E+01 -0.1792E+01 -0.1986E+01 -0.2154E+01 -0.2384E+01 -0.2555E+01 -0.2649E+01 -0.2700E+01 -0.2733E+01 -0.2760E+01 -0.2791E+01 -0.2817E+01 -0.2833E+01 -0.2846E+01 -0.2850E+01 -0.2854E+01 -0.2857E+01 -0.2777E+01 -0.2562E+01 -0.2035E+01 -0.1554E+01
      8.6721      263.5768  0.0000E+00 -0.1922E-01 -0.1983E+00 -0.1074E+01 -0.1168E+01 -0.1383E+01 -0.1794E+01 -0.1987E+01 -0.2156E+01 -0.2385E+01 -0.2557E+01 -0.2650E+01 -0.2702E+01 -0.2734E+01 -0.2762E+01 -0.2793E+01 -0.2818E+01 -0.2833E+01 -0.2846E+01 -0.2848E+01 -0.2852E+01 -0.2856E+01 -0.2777E+01 -0.2563E+01 -0.2035E+01 -0.1554E+01
      8.8076      273.3202  0.0000E+00 -0.1944E-01 -0.1984E+00 -0.1075E+01 -0.1169E+01 -0.1385E+01 -0.1797E+01 -0.1989E+01 -0.2158E+01 -0.2386E+01 -0.2558E+01 -0.2652E+01 -0.2703E+01 -0.2736E+01 -0.2764E+01 -0.2795E+01 -0.2819E+01 -0.2834E+01 -0.2845E+01 -0.2846E+01 -0.2849E+01 -0.2855E+01 -0.2775E+01 -0.2562E+01 -0.2034E+01 -0.1554E+01
      8.9431      283.0635  0.0000E+00 -0.1969E-01 -0.1989E+00 -0.1077E+01 -0.1171E+01 -0.1388E+01 -0.1799E+01 -0.1990E+01 -0.2159E+01 -0.2388E+01 -0.2560E+01 -0.2653E+01 -0.2705E+01 -0.2738E+01 -0.2766E+01 -0.2797E+01 -0.2821E+01 -0.2834E+01 -0.2844E+01 -0.2844E+01 -0.2847E+01 -0.2853E+01 -0.2774E+01 -0.2561E+01 -0.2033E+01 -0.1553E+01
      9.0786      292.8069  0.0000E+00 -0.1994E-01 -0.1997E+00 -0.1079E+01 -0.1173E+01 -0.1392E+01 -0.1802E+01 -0.1992E+01 -0.2161E+01 -0.2389E+01 -0.2561E+01 -0.2655E+01 -0.2707E+01 -0.2740E+01 -0.2768E+01 -0.2799E+01 -0.2822E+01 -0.2835E+01 -0.2844E+01 -0.2843E+01 -0.2844E+01 -0.2850E+01 -0.2772E+01 -0.2559E+01 -0.2031E+01 -0.1552E+01
      9.2141      302.5503  0.0000E+00 -0.2021E-01 -0.2008E+00 -0.1082E+01 -0.1175E+01 -0.1396E+01 -0.1805E+01 -0.1993E+01 -0.2162E+01 -0.2391E+01 -0.2563E+01 -0.2657E+01 -0.2709E+01 -0.2743E+01 -0.2771E+01 -0.2801E+01 -0.2824E+01 -0.2836E+01 -0.2844E+01 -0.2842E+01 -0.2842E+01 -0.2849E+01 -0.2770E+01 -0.2557E+01 -0.2029E+01 -0.1551E+01
      9.3496      312.2937  0.0000E+00 -0.2049E-01 -0.2023E+00 -0.1086E+01 -0.1178E+01 -0.1400E+01 -0.1808E+01 -0.1995E+01 -0.2163E+01 -0.2392E+01 -0.2564E+01 -0.2659E+01 -0.2711E+01 -0.2745E+01 -0.2773E+01 -0.2804E+01 -0.2826E+01 -0.2837E+01 -0.2845E+01 -0.2841E+01 -0.2841E+01 -0.2847E+01 -0.2768E+01 -0.2554E+01 -0.2026E+01 -0.1550E+01
      9.4851      322.0371  0.0000E+00 -0.2076E-01 -0.2040E+00 -0.1090E+01 -0.1181E+01 -0.1404E+01 -0.1810E+01 -0.1996E+01 -0.2164E+01 -0.2393E+01 -0.2566E+01 -0.2661E+01 -0.2713E+01 -0.2748E+01 -0.2776E+01 -0.2806E+01 -0.2828E+01 -0.2839E+01 -0.2847E+01 -0.2842E+01 -0.2841E+01 -0.2846E+01 -0.2767E+01 -0.2552E+01 -0.2024E+01 -0.1549E+01
      9.6206      331.7805  0.0000E+00 -0.2103E-01 -0.2059E+00 -0.1094E+01 -0.1185E+01 -0.1409E+01 -0.1813E+01 -0.1997E+01 -0.2165E+01 -0.2394E+01 -0.2567E+01 -0.2662E+01 -0.2716E+01 -0.2750E+01 -0.2779E+01 -0.2809E+01 -0.2830E+01 -0.2841E+01 -0.2849E+01 -0.2843E+01 -0.2841E+01 -0.2846E+01 -0.2767E+01 -0.2549E+01 -0.2022E+01 -0.1547E+01
      9.7561      341.5239  0.0000E+00 -0.2128E-01 -0.2080E+00 -0.1098E+01 -0.1189E+01 -0.1414E+01 -0.1815E+01 -0.1998E+01 -0.2166E+01 -0.2394E+01 -0.2568E+01 -0.2664E+01 -0.2718E+01 -0.2753E+01 -0.2781E+01 -0.2811E+01 -0.2833E+01 -0.2844E+01 -0.2852E+01 -0.2846E+01 -0.2842E+01 -0.2847E+01 -0.2767E+01 -0.2547E+01 -0.2020E+01 -0.1546E+01
      9.8916      351.2673  0.0000E+00 -0.2152E-01 -0.2102E+00 -0.1103E+01 -0.1192E+01 -0.1418E+01 -0.1817E+01 -0.1998E+01 -0.2166E+01 -0.2395E+01 -0.2569E+01 -0.2665E+01 -0.2719E+01 -0.2755E+01 -0.2784E+01 -0.2814E+01 -0.2835E+01 -0.2847E+01 -0.2855E+01 -0.2848E+01 -0.2844E+01 -0.2847E+01 -0.2767E+01 -0.2545E+01 -0.2018E+01 -0.1545E+01
     10.0271        1.0106  0.0000E+00 -0.2172E-01 -0.2124E+00 -0.1107E+01 -0.1196E+01 -0.1422E+01 -0.1818E+01 -0.1998E+01 -0.2166E+01 -0.2395E+01 -0.2570E+01 -0.2666E+01 -0.2721E+01 -0.2757E+01 -0.2786E+01 -0.2816E+01 -0.2837E+01 -0.2849E+01 -0.2859E+01 -0.2851E+01 -0.2845E+01 -0.2848E+01 -0.2767E+01 -0.2543E+01 -0.2016E+01 -0.1544E+01
     10.1626       10.7540  0.0000E+00 -0.2188E-01 -0.2145E+00 -0.1111E+01 -0.1199E+01 -0.1426E+01 -0.1819E+01 -0.1998E+01 -0.2166E+01 -0.2395E+01 -0.2570E+01 -0.2667E+01 -0.2722E+01 -0.2759E+01 -0.2787E+01 -0.2817E+01 -0.2839E+01 -0.2852E+01 -0.2862E+01 -0.2854E+01 -0.2847E+01 -0.2849E+01 -0.2766E+01 -0.2541E+01 -0.2014E+01 -0.1542E+01
     10.2981       20.4974  0.0000E+00 -0.2200E-01 -0.2165E+00 -0.1115E+01 -0.1202E+01 -0.1429E+01 -0.1820E+01 -0.1998E+01 -0.2165E+01 -0.2395E+01 -0.2571E+01 -0.2668E+01 -0.2723E+01 -0.2760E+01 -0.2789E+01 -0.2818E+01 -0.2840E+01 -0.2854E+01 -0.2865E+01 -0.2857E+01 -0.2849E+01 -0.2849E+01 -0.2765E+01 -0.2538E+01 -0.2012E+01 -0.1541E+01
     10.4336       30.2408  0.0000E+00 -0.2207E-01 -0.2182E+00 -0.1118E+01 -0.1204E+01 -0.1431E+01 -0.1820E+01 -0.1997E+01 -0.2165E+01 -0.2395E+01 -0.2571E+01 -0.2668E+01 -0.2724E+01 -0.2761E+01 -0.2790E+01 -0.2819E+01 -0.2841E+01 -0.2855E+01 -0.2867E+01 -0.2859E+01 -0.2850E+01 -0.2847E+01 -0.2763E+01 -0.2534E+01 -0.2009E+01 -0.1539E+01
     10.5691       39.9842  0.0000E+00 -0.2207E-01 -0.2197E+00 -0.1121E+01 -0.1206E+01 -0.1433E+01 -0.1819E+01 -0.1996E+01 -0.2164E+01 -0.2394E+01 -0.2570E+01 -0.2668E+01 -0.2725E+01 -0.2761E+01 -0.2790E+01 -0.2819E+01 -0.2841E+01 -0.2855E+01 -0.2868E+01 -0.2860E+01 -0.2849E+01 -0.2845E+01 -0.2760E+01 -0.2530E+01 -0.2006E+01 -0.1537E+01
     10.7046       49.7276  0.0000E+00 -0.2202E-01 -0.2209E+00 -0.1123E+01 -0.1208E+01 -0.1433E+01 -0.1818E+01 -0.1995E+01 -0.2163E+01 -0.2393E+01 -0.2570E+01 -0.2668E+01 -0.2725E+01 -0.2761E+01 -0.2790E+01 -0.2818E+01 -0.2840E+01 -0.2855E+01 -0.2868E+01 -0.2861E+01 -0.2848E+01 -0.2842E+01 -0.2756E+01 -0.2525E+01 -0.2002E+01 -0.1535E+01
     10.8401       59.4710  0.0000E+00 -0.2190E-01 -0.2217E+00 -0.1124E+01 -0.1208E+01 -0.1433E+01 -0.1817E+01 -0.1994E+01 -0.2161E+01 -0.2393E+01 -0.2570E+01 -0.2668E+01 -0.2725E+01 -0.2761E+01 -0.2789E+01 -0.2817E+01 -0.2838E+01 -0.2854E+01 -0.2868E+01 -0.2860E+01 -0.2846E+01 -0.2838E+01 -0.2750E+01 -0.2520E+01 -0.1998E+01 -0.1532E+01
     10.9756       69.2143  0.0000E+00 -0.2172E-01 -0.2221E+00 -0.1124E+01 -0.1208E+01 -0.1432E+01 -0.1814E+01 -0.1992E+01 -0.2160E+01 -0.2392E+01 -0.2569E+01 -0.2668E+01 -0.2724E+01 -0.2760E+01 -0.2788E+01 -0.2815E+01 -0.2836E+01 -0.2852E+01 -0.2866E+01 -0.2858E+01 -0.2843E+01 -0.2832E+01 -0.2744E+01 -0.2514E+01 -0.1993E+01 -0.1530E+01
     11.1111       78.9577  0.0000E+00 -0.2149E-01 -0.2221E+00 -0.1124E+01 -0.1207E+01 -0.1430E+01 -0.1812E+01 -0.1990E+01 -0.2158E+01 -0.2391E+01 -0.2568E+01 -0.2667E+01 -0.2723E+01 -0.2759E+01 -0.2786E+01 -0.2813E+01 -0.2834E+01 -0.2849E+01 -0.2863E+01 -0.2855E+01 -0.2839E+01 -0.2827E+01 -0.2738E+01 -0.2508E+01 -0.1989E+01 -0.1527E+01
     11.2466       88.7011  0.0000E+00 -0.2122E-01 -0.2218E+00 -0.1122E+01 -0.1205E+01 -0.1427E+01 -0.1809E+01 -0.1989E+01 -0.2157E+01 -0.2390E+01 -0.2567E+01 -0.2666E+01 -0.2722E+01 -0.2758E+01 -0.2783E+01 -0.2810E+01 -0.2831E+01 -0.2846E+01 -0.2860E+01 -0.2852E+01 -0.2835E+01 -0.2821E+01 -0.2731E+01 -0.2502E+01 -0.1984E+01 -0.1525E+01
     11.3821       98.4445  0.0000E+00 -0.2091E-01 -0.2211E+00 -0.1120E+01 -0.1203E+01 -0.1423E+01 -0.1806E+01 -0.1987E+01 -0.2155E+01 -0.2388E+01 -0.2566E+01 -0.2665E+01 -0.2721E+01 -0.2756E+01 -0.2781E+01 -0.2807E+01 -0.2827E+01 -0.2843E+01 -0.2857E+01 -0.2849E+01 -0.2831E+01 -0.2815E+01 -0.2726E+01 -0.2496E+01 -0.1981E+01 -0.1523E+01
     11.5176      108.1879  0.0000E+00 -0.2058E-01 -0.2201E+00 -0.1118E+01 -0.1200E+01 -0.1419E+01 -0.1803E+01 -0.1985E+01 -0.2153E+01 -0.2387E+01 -0.2565E+01 -0.2664E+01 -0.2719E+01 -0.2753E+01 -0.2778E+01 -0.2804E+01 -0.2824E+01 -0.2839E+01 -0.2853E+01 -0.2845E+01 -0.2828E+01 -0.2811E+01 -0.2721E+01 -0.2492E+01 -0.1978E+01 -0.1522E+01
     11.6531      117.9313  0.0000E+00 -0.2024E-01 -0.2189E+00 -0.1115E+01 -0.1197E+01 -0.1415E+01 -0.1800E+01 -0.1984E+01 -0.2152E+01 -0.2386E+01 -0.2564E+01 -0.2662E+01 -0.2717E+01 -0.2751E+01 -0.2775E+01 -0.2800E+01 -0.2820E+01 -0.2836E+01 -0.2850E+01 -0.2843E+01 -0.2825E+01 -0.2807E+01 -0.2718E+01 -0.2489E+01 -0.1976E+01 -0.1521E+01
     11.7886      127.6747  0.0000E+00 -0.1990E-01 -0.2174E+00 -0.1111E+01 -0.1194E+01 -0.1410E+01 -0.1797E+01 -0.1982E+01 -0.2151E+01 -0.2385E+01 -0.2562E+01 -0.2661E+01 -0.2715E+01 -0.2749E+01 -0.2772E+01 -0.2797E+01 -0.2817E+01 -0.2833E+01 -0.2847E+01 -0.2840E+01 -0.2823E+01 -0.2805E+01 -0.2716E+01 -0.2488E+01 -0.1975E+01 -0.1521E+01
     11.9241      137.4181  0.0000E+00 -0.1958E-01 -0.2157E+00 -0.1107E+01 -0.1190E+01 -0.1406E+01 -0.1794E+01 -0.1981E+01 -0.2149E+01 -0.2384E+01 -0.2561E+01 -0.2659E+01 -0.2713E+01 -0.2746E+01 -0.2770E+01 -0.2794E+01 -0.2815E+01 -0.2830E+01 -0.2844E+01 -0.2839E+01 -0.2823E+01 -0.2805E+01 -0.2717E+01 -0.2489E+01 -0.1976E+01 -0.1521E+01
     12.0596      147.1614  0.0000E+00 -0.1929E-01 -0.2140E+00 -0.1103E+01 -0.1187E+01 -0.1401E+01 -0.1791E+01 -0.1980E+01 -0.2148E+01 -0.2383E+01 -0.2560E+01 -0.2657E+01 -0.2711E+01 -0.2744E+01 -0.2767E+01 -0.2792E+01 -0.2813E+01 -0.2828E+01 -0.2843E+01 -0.2838E+01 -0.2824E+01 -0.2807E+01 -0.2719E+01 -0.2491E+01 -0.1979E+01 -0.1523E+01
     12.1951      156.9048  0.0000E+00 -0.1903E-01 -0.2121E+00 -0.1099E+01 -0.1184E+01 -0.1397E+01 -0.1789E+01 -0.1979E+01 -0.2148E+01 -0.2382E+01 -0.2558E+01 -0.2655E+01 -0.2709E+01 -0.2741E+01 -0.2764E+01 -0.2790E+01 -0.2811E+01 -0.2827E+01 -0.2842E+01 -0.2839E+01 -0.2826E+01 -0.2811E+01 -0.2724E+01 -0.2496E+01 -0.1983E+01 -0.1525E+01
     12.3306      166.6482  0.0000E+00 -0.1882E-01 -0.2102E+00 -0.1095E+01 -0.1180E+01 -0.1393E+01 -0.1787E+01 -0.1978E+01 -0.2147E+01 -0.2381E+01 -0.2557E+01 -0.2654E+01 -0.2707E+01 -0.2739E+01 -0.2762E+01 -0.2788E+01 -0.2810E+01 -0.2826E+01 -0.2842E+01 -0.2840E+01 -0.2830E+01 -0.2816E+01 -0.2730E+01 -0.2502E+01 -0.1988E+01 -0.1528E+01
     12.4661      176.3916  0.0000E+00 -0.1865E-01 -0.2084E+00 -0.1091E+01 -0.1177E+01 -0.1389E+01 -0.1786E+01 -0.1978E+01 -0.2147E+01 -0.2381E+01 -0.2556E+01 -0.2652E+01 -0.2705E+01 -0.2737E+01 -0.2760E+01 -0.2787E+01 -0.2810E+01 -0.2826E+01 -0.2842E+01 -0.2842E+01 -0.2834E+01 -0.2822E+01 -0.2737E+01 -0.2510E+01 -0.1994E+01 -0.1532E+01
     12.6016      186.1350  0.0000E+00 -0.1854E-01 -0.2066E+00 -0.1087E+01 -0.1175E+01 -0.1386E+01 -0.1785E+01 -0.1978E+01 -0.2147E+01 -0.2380E+01 -0.2555E+01 -0.2651E+01 -0.2703E+01 -0.2735E+01 -0.2759E+01 -0.2786E+01 -0.2810E+01 -0.2827E+01 -0.2843E+01 -0.2845E+01 -0.2838E+01 -0.2829E+01 -0.2744E+01 -0.2518E+01 -0.2001E+01 -0.1536E+01
     12.7371      195.8784  0.0000E+00 -0.1848E-01 -0.2049E+00 -0.1084E+01 -0.1173E+01 -0.1383E+01 -0.1785E+01 -0.1979E+01 -0.2148E+01 -0.2380E+01 -0.2554E+01 -0.2649E+01 -0.2702E+01 -0.2733E+01 -0.2758E+01 -0.2786E+01 -0.2810E+01 -0.2828E+01 -0.2844E+01 -0.2847E+01 -0.2843E+01 -0.2836E+01 -0.2752E+01 -0.2527E+01 -0.2008E+01 -0.1540E+01
     12.8726      205.6218  0.0000E+00 -0.1847E-01 -0.2033E+00 -0.1081E+01 -0.1171E+01 -0.1381E+01 -0.1785E+01 -0.1980E+01 -0.2148E+01 -0.2380E+01 -0.2554E+01 -0.2648E+01 -0.2700E+01 -0.2732E+01 -0.2757E+01 -0.2786E+01 -0.2811E+01 -0.2829E+01 -0.2845E+01 -0.2849E+01 -0.2847E+01 -0.2842E+01 -0.2759E+01 -0.2535E+01 -0.2015E+01 -0.1543E+01
     13.0081      215.3652  0.0000E+00 -0.1850E-01 -0.2019E+00 -0.1079E+01 -0.1169E+01 -0.1380E+01 -0.1786E+01 -0.1981E+01 -0.2149E+01 -0.2380E+01 -0.2553E+01 -0.2648E+01 -0.2700E+01 -0.2732E+01 -0.2757E+01 -0.2787E+01 -0.2812E+01 -0.2830E+01 -0.2846E+01 -0.2851E+01 -0.2851E+01 -0.2848E+01 -0.2766E+01 -0.2543E+01 -0.2021E+01 -0.1547E+01
     13.1436      225.1085  0.0000E+00 -0.1858E-01 -0.2007E+00 -0.1077E+01 -0.1168E+01 -0.1379E+01 -0.1787E+01 -0.1982E+01 -0.2150E+01 -0.2381E+01 -0.2554E+01 -0.2648E+01 -0.2699E+01 -0.2731E+01 -0.2757E+01 -0.2788E+01 -0.2813E+01 -0.2831E+01 -0.2847E+01 -0.2852E+01 -0.2853E+01 -0.2852E+01 -0.2771E+01 -0.2550E+01 -0.2026E+01 -0.1549E+01
     13.2791      234.8519  0.0000E+00 -0.1869E-01 -0.1997E+00 -0.1075E+01 -0.1167E+01 -0.1379E+01 -0.1788E+01 -0.1983E+01 -0.2152E+01 -0.2382E+01 -0.2554E+01 -0.2648E+01 -0.2699E+01 -0.2731E+01 -0.2758E+01 -0.2789E+01 -0.2815E+01 -0.2832E+01 -0.2847E+01 -0.2852E+01 -0.2854E+01 -0.2855E+01 -0.2774E+01 -0.2556E+01 -0.2030E+01 -0.1552E+01
     13.4146      244.5953  0.0000E+00 -0.1884E-01 -0.1990E+00 -0.1074E+01 -0.1167E+01 -0.1380E+01 -0.1790E+01 -0.1985E+01 -0.2153E+01 -0.2383E+01 -0.2555E+01 -0.2648E+01 -0.2700E+01 -0.2732E+01 -0.2759E+01 -0.2790E+01 -0.2816E+01 -0.2832E+01 -0.2847E+01 -0.2851E+01 -0.2855E+01 -0.2857E+01 -0.2776E+01 -0.2559E+01 -0.2033E+01 -0.1553E+01
     13.5501      254.3387  0.0000E+00 -0.1902E-01 -0.1985E+00 -0.1074E+01 -0.1167E+01 -0.1381E+01 -0.1792E+01 -0.1986E+01 -0.2155E+01 -0.2384E+01 -0.2556E+01 -0.2649E+01 -0.2700E+01 -0.2733E+01 -0.2760E+01 -0.2791E+01 -0.2817E+01 -0.2833E+01 -0.2846E+01 -0.2850E+01 -0.2854E+01 -0.2857E+01 -0.2777E+01 -0.2562E+01 -0.2035E+01 -0.1554E+01
     13.6856      264.0821  0.0000E+00 -0.1923E-01 -0.1983E+00 -0.1074E+01 -0.1168E+01 -0.1383E+01 -0.1795E+01 -0.1988E+01 -0.2156E+01 -0.2385E+01 -0.2557E+01 -0.2650E+01 -0.2702E+01 -0.2734E+01 -0.2762E+01 -0.2793E+01 -0.2818E+01 -0.2833E+01 -0.2846E+01 -0.2848E+01 -0.2852E+01 -0.2856E+01 -0.2777E+01 -0.2563E+01 -0.2035E+01 -0.1554E+01
     13.8211      273.8255  0.0000E+00 -0.1945E-01 -0.1985E+00 -0.1076E+01 -0.1169E+01 -0.1385E+01 -0.1797E+01 -0.1989E+01 -0.2158E+01 -0.2387E+01 -0.2558E+01 -0.2652E+01 -0.2703E+01 -0.2736E+01 -0.2764E+01 -0.2795E+01 -0.2820E+01 -0.2834E+01 -0.2845E+01 -0.2846E+01 -0.2849E+01 -0.2855E+01 -0.2775E+01 -0.2562E+01 -0.2034E+01 -0.1554E+01
     13.9566      283.5689  0.0000E+00 -0.1970E-01 -0.1990E+00 -0.1077E+01 -0.1171E+01 -0.1388E+01 -0.1800E+01 -0.1991E+01 -0.2160E+01 -0.2388E+01 -0.2560E+01 -0.2653E+01 -0.2705E+01 -0.2738E+01 -0.2766E+01 -0.2797E+01 -0.2821E+01 -0.2834E+01 -0.2844E+01 -0.2844E+01 -0.2847E+01 -0.2852E+01 -0.2773E+01 -0.2561E+01 -0.2033E+01 -0.1553E+01
     14.0921      293.3122  0.0000E+00 -0.1996E-01 -0.1998E+00 -0.1080E+01 -0.1173E+01 -0.1392E+01 -0.1803E+01 -0.1992E+01 -0.2161E+01 -0.2389E+01 -0.2561E+01 -0.2655E+01 -0.2707E+01 -0.2741E+01 -0.2768E+01 -0.2799E+01 -0.2822E+01 -0.2835E+01 -0.2844E+01 -0.2843E+01 -0.2844E+01 -0.2850E+01 -0.2771E+01 -0.2559E+01 -0.2031E+01 -0.1552E+01
     14.2276      303.0556  0.0000E+00 -0.2023E-01 -0.2010E+00 -0.1083E+01 -0.1176E+01 -0.1396E+01 -0.1806E+01 -0.1994E+01 -0.2163E+01 -0.2391E+01 -0.2563E+01 -0.2657E+01 -0.2709E+01 -0.2743E+01 -0.2771E+01 -0.2801E+01 -0.2824E+01 -0.2836E+01 -0.2845E+01 -0.2842E+01 -0.2842E+01 -0.2848E+01 -0.2770E+01 -0.2557E+01 -0.2029E+01 -0.1551E+01
     14.3631      312.7990  0.0000E+00 -0.2050E-01 -0.2024E+00 -0.1086E+01 -0.1179E+01 -0.1400E+01 -0.1808E+01 -0.1995E+01 -0.2164E+01 -0.2392E+01 -0.2565E+01 -0.2659E+01 -0.2711E+01 -0.2746E+01 -0.2773E+01 -0.2804E+01 -0.2826E+01 -0.2837E+01 -0.2845E+01 -0.2841E+01 -0.2841E+01 -0.2847E+01 -0.2768E+01 -0.2554E+01 -0.2026E+01 -0.1550E+01
     14.4986      322.5424  0.0000E+00 -0.2077E-01 -0.2041E+00 -0.1090E+01 -0.1182E+01 -0.1405E+01 -0.1811E+01 -0.1996E+01 -0.2165E+01 -0.2393E+01 -0.2566E+01 -0.2661E+01 -0.2714E+01 -0.2748E+01 -0.2776E+01 -0.2806E+01 -0.2828E+01 -0.2839E+01 -0.2847E+01 -0.2842E+01 -0.2841E+01 -0.2846E+01 -0.2767E+01 -0.2552E+01 -0.2024E+01 -0.1548E+01
     14.6341      332.2858  0.0000E+00 -0.2104E-01 -0.2061E+00 -0.1094E+01 -0.1185E+01 -0.1409E+01 -0.1813E+01 -0.1997E+01 -0.2166E+01 -0.2394E+01 -0.2567E+01 -0.2662E+01 -0.2716E+01 -0.2751E+01 -0.2779E+01 -0.2809E+01 -0.2831E+01 -0.2841E+01 -0.2849E+01 -0.2843E+01 -0.2841E+01 -0.2846E+01 -0.2767E+01 -0.2549E+01 -0.2022E+01 -0.1547E+01
     14.7696      342.0292  0.0000E+00 -0.2130E-01 -0.2082E+00 -0.1098E+01 -0.1189E+01 -0.1414E+01 -0.1816E+01 -0.1998E+01 -0.2166E+01 -0.2395E+01 -0.2569E+01 -0.2664E+01 -0.2718E+01 -0.2753E+01 -0.2781E+01 -0.2811E+01 -0.2833E+01 -0.2844E+01 -0.2852E+01 -0.2846E+01 -0.2842E+01 -0.2847E+01 -0.2767E+01 -0.2547E+01 -0.2020E+01 -0.1546E+01
     14.9051      351.7726  0.0000E+00 -0.2153E-01 -0.2103E+00 -0.1103E+01 -0.1193E+01 -0.1418E+01 -0.1817E+01 -0.1998E+01 -0.2166E+01 -0.2395E+01 -0.2569E+01 -0.2665E+01 -0.2720E+01 -0.2755E+01 -0.2784E+01 -0.2814E+01 -0.2835E+01 -0.2847E+01 -0.2855E+01 -0.2848E+01 -0.2844E+01 -0.2848E+01 -0.2767E+01 -0.2545E+01 -0.2018E+01 -0.1545E+01
     15.0407        1.5160  0.0000E+00 -0.2173E-01 -0.2125E+00 -0.1107E+01 -0.1196E+01 -0.1422E+01 -0.1819E+01 -0.1999E+01 -0.2166E+01 -0.2395E+01 -0.2570E+01 -0.2666E+01 -0.2721E+01 -0.2757E+01 -0.2786E+01 -0.2816E+01 -0.2837E+01 -0.2849E+01 -0.2859E+01 -0.2851E+01 -0.2846E+01 -0.2848E+01 -0.2767E+01 -0.2543E+01 -0.2016E+01 -0.1543E+01
     15.1762       11.2593  0.0000E+00 -0.2189E-01 -0.2146E+00 -0.1112E+01 -0.1200E+01 -0.1426E+01 -0.1820E+01 -0.1999E+01 -0.2166E+01 -0.2395E+01 -0.2570E+01 -0.2667E+01 -0.2723E+01 -0.2759E+01 -0.2788E+01 -0.2817E+01 -0.2839E+01 -0.2852E+01 -0.2862E+01 -0.2854E+01 -0.2847E+01 -0.2849E+01 -0.2766E+01 -0.2540E+01 -0.2014E+01 -0.1542E+01
     15.3117       21.0027  0.0000E+00 -0.2201E-01 -0.2166E+00 -0.1115E+01 -0.1202E+01 -0.1429E+01 -0.1820E+01 -0.1998E+01 -0.2166E+01 -0.2395E+01 -0.2571E+01 -0.2668E+01 -0.2724E+01 -0.2760E+01 -0.2789E+01 -0.2818E+01 -0.2840E+01 -0.2854E+01 -0.2865E+01 -0.2857E+01 -0.2849E+01 -0.2849E+01 -0.2765E+01 -0.2538E+01 -0.2012E+01 -0.1541E+01
     15.4472       30.7461  0.0000E+00 -0.2207E-01 -0.2184E+00 -0.1119E+01 -0.1205E+01 -0.1431E+01 -0.1820E+01 -0.1997E+01 -0.2165E+01 -0.2395E+01 -0.2571E+01 -0.2668E+01 -0.2724E+01 -0.2761E+01 -0.2790E+01 -0.2819E+01 -0.2841E+01 -0.2855E+01 -0.2867E+01 -0.2859E+01 -0.2850E+01 -0.2847E+01 -0.2763E+01 -0.2534E+01 -0.2009E+01 -0.1539E+01
     15.5827       40.4895  0.0000E+00 -0.2207E-01 -0.2198E+00 -0.1121E+01 -0.1207E+01 -0.1433E+01 -0.1820E+01 -0.1997E+01 -0.2164E+01 -0.2394E+01 -0.2571E+01 -0.2668E+01 -0.2725E+01 -0.2761E+01 -0.2790E+01 -0.2819E+01 -0.2841E+01 -0.2855E+01 -0.2868E+01 -0.2860E+01 -0.2849E+01 -0.2845E+01 -0.2760E+01 -0.2530E+01 -0.2006E+01 -0.1537E+01
     15.7182       50.2329  0.0000E+00 -0.2201E-01 -0.2210E+00 -0.1123E+01 -0.1208E+01 -0.1433E+01 -0.1819E+01 -0.1995E+01 -0.2163E+01 -0.2394E+01 -0.2570E+01 -0.2668E+01 -0.2725E+01 -0.2761E+01 -0.2790E+01 -0.2818E+01 -0.2840E+01 -0.2855E+01 -0.2868E+01 -0.2861E+01 -0.2848E+01 -0.2842E+01 -0.2755E+01 -0.2525E+01 -0.2002E+01 -0.1535E+01
     15.8537       59.9763  0.0000E+00 -0.2189E-01 -0.2218E+00 -0.1124E+01 -0.1208E+01 -0.1433E+01 -0.1817E+01 -0.1994E+01 -0.2161E+01 -0.2393E+01 -0.2570E+01 -0.2668E+01 -0.2725E+01 -0.2761E+01 -0.2789E+01 -0.2817E+01 -0.2838E+01 -0.2854E+01 -0.2868E+01 -0.2860E+01 -0.2846E+01 -0.2837E+01 -0.2750E+01 -0.2519E+01 -0.1998E+01 -0.1532E+01
     15.9892       69.7197  0.0000E+00 -0.2171E-01 -0.2222E+00 -0.1124E+01 -0.1208E+01 -0.1432E+01 -0.1815E+01 -0.1992E+01 -0.2160E+01 -0.2392E+01 -0.2569E+01 -0.2668E+01 -0.2724E+01 -0.2760E+01 -0.2787E+01 -0.2815E+01 -0.2836E+01 -0.2852E+01 -0.2866E+01 -0.2858E+01 -0.2843E+01 -0.2832E+01 -0.2744E+01 -0.2513E+01 -0.1993E+01 -0.1530E+01
     16.1247       79.4631  0.0000E+00 -0.2148E-01 -0.2222E+00 -0.1124E+01 -0.1207E+01 -0.1430E+01 -0.1812E+01 -0.1991E+01 -0.2158E+01 -0.2391E+01 -0.2568E+01 -0.2667E+01 -0.2723E+01 -0.2759E+01 -0.2786E+01 -0.2813E+01 -0.2833E+01 -0.2849E+01 -0.2863E+01 -0.2855E+01 -0.2839E+01 -0.2826E+01 -0.2737E+01 -0.2507E+01 -0.1989E+01 -0.1527E+01
     16.2602       89.2064  0.0000E+00 -0.2120E-01 -0.2218E+00 -0.1122E+01 -0.1205E+01 -0.1427E+01 -0.1809E+01 -0.1989E+01 -0.2157E+01 -0.2390E+01 -0.2567E+01 -0.2666E+01 -0.2722E+01 -0.2757E+01 -0.2783E+01 -0.2810E+01 -0.2830E+01 -0.2846E+01 -0.2860E+01 -0.2852E+01 -0.2835E+01 -0.2820E+01 -0.2731E+01 -0.2501E+01 -0.1984E+01 -0.1525E+01
     16.3957       98.9498  0.0000E+00 -0.2089E-01 -0.2211E+00 -0.1120E+01 -0.1203E+01 -0.1423E+01 -0.1806E+01 -0.1987E+01 -0.2155E+01 -0.2388E+01 -0.2566E+01 -0.2665E+01 -0.2721E+01 -0.2756E+01 -0.2781E+01 -0.2807E+01 -0.2827E+01 -0.2842E+01 -0.2857E+01 -0.2849E+01 -0.2831E+01 -0.2815E+01 -0.2725E+01 -0.2496E+01 -0.1980E+01 -0.1523E+01
     16.5312      108.6932  0.0000E+00 -0.2056E-01 -0.2201E+00 -0.1118E+01 -0.1200E+01 -0.1419E+01 -0.1803E+01 -0.1985E+01 -0.2153E+01 -0.2387E+01 -0.2565E+01 -0.2664E+01 -0.2719E+01 -0.2753E+01 -0.2778E+01 -0.2803E+01 -0.2824E+01 -0.2839E+01 -0.2853E+01 -0.2845E+01 -0.2827E+01 -0.2810E+01 -0.2721E+01 -0.2492E+01 -0.1977E+01 -0.1521E+01
     16.6667      118.4366  0.0000E+00 -0.2022E-01 -0.2188E+00 -0.1115E+01 -0.1197E+01 -0.1415E+01 -0.1800E+01 -0.1984E+01 -0.2152E+01 -0.2386E+01 -0.2564E+01 -0.2662E+01 -0.2717E+01 -0.2751E+01 -0.2775E+01 -0.2800E+01 -0.2820E+01 -0.2836E+01 -0.2850E+01 -0.2842E+01 -0.2825E+01 -0.2807E+01 -0.2718E+01 -0.2489E+01 -0.1976E+01 -0.1521E+01
     16.8022      128.1800  0.0000E+00 -0.1988E-01 -0.2173E+00 -0.1111E+01 -0.1194E+01 -0.1410E+01 -0.1797E+01 -0.1982E+01 -0.2151E+01 -0.2385E+01 -0.2562E+01 -0.2661E+01 -0.2715E+01 -0.2749E+01 -0.2772E+01 -0.2797E+01 -0.2817E+01 -0.2832E+01 -0.2847E+01 -0.2840E+01 -0.2823E+01 -0.2805E+01 -0.2716E+01 -0.2488E+01 -0.1975E+01 -0.1521E+01
     16.9377      137.9234  0.0000E+00 -0.1956E-01 -0.2157E+00 -0.1107E+01 -0.1191E+01 -0.1406E+01 -0.1794E+01 -0.1981E+01 -0.2150E+01 -0.2384E+01 -0.2561E+01 -0.2659E+01 -0.2713E+01 -0.2746E+01 -0.2769E+01 -0.2794E+01 -0.2815E+01 -0.2830E+01 -0.2844E+01 -0.2839E+01 -0.2823E+01 -0.2805E+01 -0.2717E+01 -0.2489E+01 -0.1976E+01 -0.1521E+01
     17.0732      147.6668  0.0000E+00 -0.1927E-01 -0.2139E+00 -0.1103E+01 -0.1187E+01 -0.1401E+01 -0.1792E+01 -0.1980E+01 -0.2149E+01 -0.2383E+01 -0.2560E+01 -0.2657E+01 -0.2711E+01 -0.2743E+01 -0.2767E+01 -0.2792E+01 -0.2813E+01 -0.2828E+01 -0.2843E+01 -0.2838E+01 -0.2824E+01 -0.2807E+01 -0.2720E+01 -0.2492E+01 -0.1979E+01 -0.1523E+01
     17.2087      157.4101  0.0000E+00 -0.1902E-01 -0.2121E+00 -0.1099E+01 -0.1184E+01 -0.1397E+01 -0.1789E+01 -0.1979E+01 -0.2148E+01 -0.2382E+01 -0.2558E+01 -0.2655E+01 -0.2709E+01 -0.2741E+01 -0.2764E+01 -0.2790E+01 -0.2811E+01 -0.2827E+01 -0.2842E+01 -0.2839E+01 -0.2826E+01 -0.2811E+01 -0.2724E+01 -0.2496E+01 -0.1983E+01 -0.1525E+01
     17.3442      167.1535  0.0000E+00 -0.1881E-01 -0.2102E+00 -0.1095E+01 -0.1181E+01 -0.1392E+01 -0.1788E+01 -0.1979E+01 -0.2148E+01 -0.2381E+01 -0.2557E+01 -0.2654E+01 -0.2707E+01 -0.2739E+01 -0.2762E+01 -0.2788E+01 -0.2810E+01 -0.2826E+01 -0.2842E+01 -0.2840E+01 -0.2830E+01 -0.2816E+01 -0.2730E+01 -0.2503E+01 -0.1989E+01 -0.1529E+01
     17.4797      176.8969  0.0000E+00 -0.1865E-01 -0.2083E+00 -0.1091E+01 -0.1178E+01 -0.1389E+01 -0.1786E+01 -0.1979E+01 -0.2147E+01 -0.2381E+01 -0.2556E+01 -0.2652E+01 -0.2705E+01 -0.2737E+01 -0.2760E+01 -0.2787E+01 -0.2810E+01 -0.2826E+01 -0.2842E+01 -0.2842E+01 -0.2834E+01 -0.2823E+01 -0.2737E+01 -0.2510E+01 -0.1995E+01 -0.1532E+01
     17.6152      186.6403  0.0000E+00 -0.1854E-01 -0.2066E+00 -0.1087E+01 -0.1175E+01 -0.1386E+01 -0.1786E+01 -0.1979E+01 -0.2148E+01 -0.2380E+01 -0.2555E+01 -0.2651E+01 -0.2703E+01 -0.2735E+01 -0.2759E+01 -0.2786E+01 -0.2810E+01 -0.2827E+01 -0.2843E+01 -0.2845E+01 -0.2839E+01 -0.2829E+01 -0.2745E+01 -0.2519E+01 -0.2002E+01 -0.1536E+01
     17.7507      196.3837  0.0000E+00 -0.1848E-01 -0.2049E+00 -0.1084E+01 -0.1173E+01 -0.1383E+01 -0.1785E+01 -0.1979E+01 -0.2148E+01 -0.2380E+01 -0.2554E+01 -0.2649E+01 -0.2701E+01 -0.2733E+01 -0.2758E+01 -0.2786E+01 -0.2810E+01 -0.2828E+01 -0.2844E+01 -0.2847E+01 -0.2843E+01 -0.2836E+01 -0.2752E+01 -0.2527E+01 -0.2009E+01 -0.1540E+01
     17.8862      206.1271  0.0000E+00 -0.1847E-01 -0.2033E+00 -0.1081E+01 -0.1171E+01 -0.1381E+01 -0.1785E+01 -0.1980E+01 -0.2149E+01 -0.2380E+01 -0.2554E+01 -0.2648E+01 -0.2700E+01 -0.2732E+01 -0.2757E+01 -0.2786E+01 -0.2811E+01 -0.2829E+01 -0.2845E+01 -0.2849E+01 -0.2847E+01 -0.2843E+01 -0.2760E+01 -0.2536E+01 -0.2015E+01 -0.1543E+01
     18.0217      215.8705  0.0000E+00 -0.1850E-01 -0.2019E+00 -0.1079E+01 -0.1169E+01 -0.1380E+01 -0.1786E+01 -0.1981E+01 -0.2150E+01 -0.2381E+01 -0.2553E+01 -0.2648E+01 -0.2700E+01 -0.2732E+01 -0.2757E+01 -0.2787E+01 -0.2812E+01 -0.2830E+01 -0.2846E+01 -0.2851E+01 -0.2851E+01 -0.2848E+01 -0.2766E+01 -0.2544E+01 -0.2021E+01 -0.1547E+01
     18.1572      225.6139  0.0000E+00 -0.1858E-01 -0.2007E+00 -0.1077E+01 -0.1168E+01 -0.1379E+01 -0.1787E+01 -0.1982E+01 -0.2151E+01 -0.2381E+01 -0.2554E+01 -0.2648E+01 -0.2699E+01 -0.2731E+01 -0.2757E+01 -0.2788E+01 -0.2813E+01 -0.2831E+01 -0.2847E+01 -0.2852E+01 -0.2853E+01 -0.2852E+01 -0.2771E+01 -0.2550E+01 -0.2027E+01 -0.1550E+01
     18.2927      235.3572  0.0000E+00 -0.1870E-01 -0.1997E+00 -0.1075E+01 -0.1168E+01 -0.1379E+01 -0.1789E+01 -0.1983E+01 -0.2152E+01 -0.2382E+01 -0.2554E+01 -0.2648E+01 -0.2699E+01 -0.2731E+01 -0.2758E+01 -0.2789E+01 -0.2815E+01 -0.2832E+01 -0.2847E+01 -0.2852E+01 -0.2854E+01 -0.2855E+01 -0.2774E+01 -0.2556E+01 -0.2031E+01 -0.1552E+01
     18.4282      245.1006  0.0000E+00 -0.1885E-01 -0.1990E+00 -0.1074E+01 -0.1167E+01 -0.1380E+01 -0.1791E+01 -0.1985E+01 -0.2153E+01 -0.2383E+01 -0.2555E+01 -0.2648E+01 -0.2700E+01 -0.2732E+01 -0.2759E+01 -0.2790E+01 -0.2816E+01 -0.2832E+01 -0.2847E+01 -0.2851E+01 -0.2854E+01 -0.2857E+01 -0.2776E+01 -0.2560E+01 -0.2033E+01 -0.1553E+01
     18.5637      254.8440  0.0000E+00 -0.1903E-01 -0.1985E+00 -0.1074E+01 -0.1168E+01 -0.1381E+01 -0.1793E+01 -0.1986E+01 -0.2155E+01 -0.2384E+01 -0.2556E+01 -0.2649E+01 -0.2700E+01 -0.2733E+01 -0.2760E+01 -0.2791E+01 -0.2817E+01 -0.2833E+01 -0.2846E+01 -0.2850E+01 -0.2853E+01 -0.2857E+01 -0.2777E+01 -0.2562E+01 -0.2035E+01 -0.1554E+01
     18.6992      264.5874  0.0000E+00 -0.1924E-01 -0.1984E+00 -0.1075E+01 -0.1168E+01 -0.1383E+01 -0.1795E+01 -0.1988E+01 -0.2157E+01 -0.2385E+01 -0.2557E+01 -0.2650E+01 -0.2702E+01 -0.2735E+01 -0.2762E+01 -0.2793E+01 -0.2818E+01 -0.2833E+01 -0.2846E+01 -0.2848E+01 -0.2852E+01 -0.2856E+01 -0.2777E+01 -0.2563E+01 -0.2035E+01 -0.1554E+01
     18.8347      274.3308  0.0000E+00 -0.1947E-01 -0.1985E+00 -0.1076E+01 -0.1170E+01 -0.1386E+01 -0.1798E+01 -0.1990E+01 -0.2158E+01 -0.2387E+01 -0.2558E+01 -0.2652E+01 -0.2703E+01 -0.2736E+01 -0.2764E+01 -0.2795E+01 -0.2820E+01 -0.2834E+01 -0.2845E+01 -0.2846E+01 -0.2849E+01 -0.2854E+01 -0.2775E+01 -0.2562E+01 -0.2034E+01 -0.1554E+01
     18.9702      284.0742  0.0000E+00 -0.1971E-01 -0.1990E+00 -0.1077E+01 -0.1171E+01 -0.1389E+01 -0.1800E+01 -0.1991E+01 -0.2160E+01 -0.2388E+01 -0.2560E+01 -0.2654E+01 -0.2705E+01 -0.2738E+01 -0.2766E+01 -0.2797E+01 -0.2821E+01 -0.2834E+01 -0.2844E+01 -0.2844E+01 -0.2847E+01 -0.2852E+01 -0.2773E+01 -0.2561E+01 -0.2033E+01 -0.1553E+01
     19.1057      293.8176  0.0000E+00 -0.1997E-01 -0.1999E+00 -0.1080E+01 -0.1173E+01 -0.1392E+01 -0.1803E+01 -0.1993E+01 -0.2161E+01 -0.2390E+01 -0.2562E+01 -0.2655E+01 -0.2707E+01 -0.2741E+01 -0.2768E+01 -0.2799E+01 -0.2823E+01 -0.2835E+01 -0.2844E+01 -0.2843E+01 -0.2844E+01 -0.2850E+01 -0.2771E+01 -0.2559E+01 -0.2031E+01 -0.1552E+01
     19.2412      303.5610  0.0000E+00 -0.2024E-01 -0.2011E+00 -0.1083E+01 -0.1176E+01 -0.1396E+01 -0.1806E+01 -0.1994E+01 -0.2163E+01 -0.2391E+01 -0.2563E+01 -0.2657E+01 -0.2709E+01 -0.2743E+01 -0.2771E+01 -0.2801E+01 -0.2824E+01 -0.2836E+01 -0.2845E+01 -0.2842E+01 -0.2842E+01 -0.2848E+01 -0.2769E+01 -0.2556E+01 -0.2028E+01 -0.1551E+01
     19.3767      313.3043  0.0000E+00 -0.2051E-01 -0.2025E+00 -0.1086E+01 -0.1179E+01 -0.1401E+01 -0.1809E+01 -0.1995E+01 -0.2164E+01 -0.2392E+01 -0.2565E+01 -0.2659E+01 -0.2712E+01 -0.2746E+01 -0.2774E+01 -0.2804E+01 -0.2826E+01 -0.2837E+01 -0.2846E+01 -0.2841E+01 -0.2841E+01 -0.2847E+01 -0.2768E+01 -0.2554E+01 -0.2026E+01 -0.1550E+01
     19.5122      323.0477  0.0000E+00 -0.2079E-01 -0.2042E+00 -0.1090E+01 -0.1182E+01 -0.1405E+01 -0.1811E+01 -0.1997E+01 -0.2165E+01 -0.2393E+01 -0.2566E+01 -0.2661E+01 -0.2714E+01 -0.2748E+01 -0.2776E+01 -0.2806E+01 -0.2828E+01 -0.2839E+01 -0.2847E+01 -0.2842E+01 -0.2841E+01 -0.2846E+01 -0.2767E+01 -0.2551E+01 -0.2024E+01 -0.1548E+01
     19.6477      332.7911  0.0000E+00 -0.2106E-01 -0.2062E+00 -0.1094E+01 -0.1186E+01 -0.1410E+01 -0.1814E+01 -0.1997E+01 -0.2166E+01 -0.2394E+01 -0.2568E+01 -0.2663E+01 -0.2716E+01 -0.2751E+01 -0.2779E+01 -0.2809E+01 -0.2831E+01 -0.2842E+01 -0.2850E+01 -0.2844E+01 -0.2841E+01 -0.2846E+01 -0.2767E+01 -0.2549E+01 -0.2022E+01 -0.1547E+01
     19.7832      342.5345  0.0000E+00 -0.2131E-01 -0.2083E+00 -0.1099E+01 -0.1189E+01 -0.1414E+01 -0.1816E+01 -0.1998E+01 -0.2166E+01 -0.2395E+01 -0.2569E+01 -0.2664E+01 -0.2718E+01 -0.2753E+01 -0.2782E+01 -0.2811E+01 -0.2833E+01 -0.2844E+01 -0.2852E+01 -0.2846E+01 -0.2842E+01 -0.2847E+01 -0.2767E+01 -0.2547E+01 -0.2020E+01 -0.1546E+01
     19.9187      352.2779  0.0000E+00 -0.2154E-01 -0.2105E+00 -0.1103E+01 -0.1193E+01 -0.1419E+01 -0.1818E+01 -0.1999E+01 -0.2167E+01 -0.2395E+01 -0.2569E+01 -0.2665E+01 -0.2720E+01 -0.2755E+01 -0.2784E+01 -0.2814E+01 -0.2835E+01 -0.2847E+01 -0.2856E+01 -0.2849E+01 -0.2844E+01 -0.2848E+01 -0.2767E+01 -0.2545E+01 -0.2018E+01 -0.1545E+01
     20.0542        2.0213  0.0000E+00 -0.2174E-01 -0.2127E+00 -0.1108E+01 -0.1197E+01 -0.1423E+01 -0.1819E+01 -0.1999E+01 -0.2167E+01 -0.2396E+01 -0.2570E+01 -0.2666E+01 -0.2721E+01 -0.2757E+01 -0.2786E+01 -0.2816E+01 -0.2837E+01 -0.2849E+01 -0.2859E+01 -0.2852E+01 -0.2846E+01 -0.2848E+01 -0.2767E+01 -0.2543E+01 -0.2016E+01 -0.1543E+01
     20.1897       11.7647  0.0000E+00 -0.2190E-01 -0.2148E+00 -0.1112E+01 -0.1200E+01 -0.1426E+01 -0.1820E+01 -0.1999E+01 -0.2166E+01 -0.2396E+01 -0.2571E+01 -0.2667E+01 -0.2723E+01 -0.2759E+01 -0.2788E+01 -0.2817E+01 -0.2839E+01 -0.2852E+01 -0.2862E+01 -0.2855E+01 -0.2848E+01 -0.2849E+01 -0.2766E+01 -0.2540E+01 -0.2014E+01 -0.1542E+01
     20.3252       21.5080  0.0000E+00 -0.2201E-01 -0.2167E+00 -0.1116E+01 -0.1203E+01 -0.1429E+01 -0.1821E+01 -0.1998E+01 -0.2166E+01 -0.2395E+01 -0.2571E+01 -0.2668E+01 -0.2724E+01 -0.2760E+01 -0.2789E+01 -0.2818E+01 -0.2840E+01 -0.2854E+01 -0.2865E+01 -0.2857E+01 -0.2849E+01 -0.2848E+01 -0.2765E+01 -0.2537E+01 -0.2012E+01 -0.1541E+01
     20.4607       31.2514  0.0000E+00 -0.2207E-01 -0.2185E+00 -0.1119E+01 -0.1205E+01 -0.1431E+01 -0.1820E+01 -0.1998E+01 -0.2165E+01 -0.2395E+01 -0.2571E+01 -0.2668E+01 -0.2724E+01 -0.2761E+01 -0.2790E+01 -0.2819E+01 -0.2841E+01 -0.2855E+01 -0.2867E+01 -0.2859E+01 -0.2850E+01 -0.2847E+01 -0.2763E+01 -0.2534E+01 -0.2009E+01 -0.1539E+01
     20.5962       40.9948  0.0000E+00 -0.2207E-01 -0.2199E+00 -0.1121E+01 -0.1207E+01 -0.1433E+01 -0.1820E+01 -0.1997E+01 -0.2164E+01 -0.2394E+01 -0.2571E+01 -0.2668E+01 -0.2725E+01 -0.2761E+01 -0.2790E+01 -0.2819E+01 -0.2841E+01 -0.2855E+01 -0.2868E+01 -0.2860E+01 -0.2849E+01 -0.2845E+01 -0.2760E+01 -0.2530E+01 -0.2006E+01 -0.1537E+01
     20.7317       50.7382  0.0000E+00 -0.2201E-01 -0.2211E+00 -0.1123E+01 -0.1208E+01 -0.1433E+01 -0.1819E+01 -0.1995E+01 -0.2163E+01 -0.2394E+01 -0.2570E+01 -0.2668E+01 -0.2725E+01 -0.2761E+01 -0.2790E+01 -0.2818E+01 -0.2840E+01 -0.2855E+01 -0.2868E+01 -0.2860E+01 -0.2848E+01 -0.2842E+01 -0.2755E+01 -0.2525E+01 -0.2002E+01 -0.1535E+01
     20.8672       60.4816  0.0000E+00 -0.2188E-01 -0.2218E+00 -0.1124E+01 -0.1208E+01 -0.1433E+01 -0.1817E+01 -0.1994E+01 -0.2161E+01 -0.2393E+01 -0.2570E+01 -0.2668E+01 -0.2725E+01 -0.2761E+01 -0.2789E+01 -0.2817E+01 -0.2838E+01 -0.2854E+01 -0.2868E+01 -0.2860E+01 -0.2846E+01 -0.2837E+01 -0.2750E+01 -0.2519E+01 -0.1998E+01 -0.1532E+01
     21.0027       70.2250  0.0000E+00 -0.2170E-01 -0.2222E+00 -0.1124E+01 -0.1208E+01 -0.1432E+01 -0.1815E+01 -0.1992E+01 -0.2160E+01 -0.2392E+01 -0.2569E+01 -0.2668E+01 -0.2724E+01 -0.2760E+01 -0.2787E+01 -0.2815E+01 -0.2836E+01 -0.2852E+01 -0.2866E+01 -0.2858E+01 -0.2843E+01 -0.2832E+01 -0.2744E+01 -0.2513E+01 -0.1993E+01 -0.1530E+01
     21.1382       79.9684  0.0000E+00 -0.2147E-01 -0.2222E+00 -0.1124E+01 -0.1207E+01 -0.1430E+01 -0.1812E+01 -0.1991E+01 -0.2158E+01 -0.2391E+01 -0.2568E+01 -0.2667E+01 -0.2723E+01 -0.2759E+01 -0.2786E+01 -0.2813E+01 -0.2833E+01 -0.2849E+01 -0.2863E+01 -0.2855E+01 -0.2839E+01 -0.2826E+01 -0.2737E+01 -0.2507E+01 -0.1988E+01 -0.1527E+01
     21.2737       89.7118  0.0000E+00 -0.2119E-01 -0.2218E+00 -0.1122E+01 -0.1205E+01 -0.1427E+01 -0.1809E+01 -0.1989E+01 -0.2157E+01 -0.2390E+01 -0.2567E+01 -0.2666E+01 -0.2722E+01 -0.2757E+01 -0.2783E+01 -0.2810E+01 -0.2830E+01 -0.2846E+01 -0.2860E+01 -0.2852E+01 -0.2835E+01 -0.2820E+01 -0.2731E+01 -0.2501E+01 -0.1984E+01 -0.1525E+01
     21.4092       99.4551  0.0000E+00 -0.2088E-01 -0.2211E+00 -0.1120E+01 -0.1203E+01 -0.1423E+01 -0.1806E+01 -0.1987E+01 -0.2155E+01 -0.2388E+01 -0.2566E+01 -0.2665E+01 -0.2721E+01 -0.2755E+01 -0.2781E+01 -0.2807E+01 -0.2827E+01 -0.2842E+01 -0.2856E+01 -0.2848E+01 -0.2831E+01 -0.2815E+01 -0.2725E+01 -0.2496E+01 -0.1980E+01 -0.1523E+01
     21.5447      109.1985  0.0000E+00 -0.2054E-01 -0.2201E+00 -0.1118E+01 -0.1200E+01 -0.1419E+01 -0.1803E+01 -0.1985E+01 -0.2154E+01 -0.2387E+01 -0.2565E+01 -0.2664E+01 -0.2719E+01 -0.2753E+01 -0.2778E+01 -0.2803E+01 -0.2823E+01 -0.2839E+01 -0.2853E+01 -0.2845E+01 -0.2827E+01 -0.2810E+01 -0.2721E+01 -0.2492E+01 -0.1977E+01 -0.1521E+01
     21.6802      118.9419  0.0000E+00 -0.2020E-01 -0.2188E+00 -0.1114E+01 -0.1197E+01 -0.1415E+01 -0.1800E+01 -0.1984E+01 -0.2152E+01 -0.2386E+01 -0.2564E+01 -0.2662E+01 -0.2717E+01 -0.2751E+01 -0.2775E+01 -0.2800E+01 -0.2820E+01 -0.2835E+01 -0.2849E+01 -0.2842E+01 -0.2825E+01 -0.2807E+01 -0.2718E+01 -0.2489E+01 -0.1976E+01 -0.1521E+01
     21.8157      128.6853  0.0000E+00 -0.1987E-01 -0.2173E+00 -0.1111E+01 -0.1194E+01 -0.1410E+01 -0.1797E+01 -0.1982E+01 -0.2151E+01 -0.2385E+01 -0.2562E+01 -0.2660E+01 -0.2715E+01 -0.2748E+01 -0.2772E+01 -0.2797E+01 -0.2817E+01 -0.2832E+01 -0.2846E+01 -0.2840E+01 -0.2823E+01 -0.2805E+01 -0.2716E+01 -0.2488E+01 -0.1975E+01 -0.1521E+01
     21.9512      138.4287  0.0000E+00 -0.1955E-01 -0.2156E+00 -0.1107E+01 -0.1190E+01 -0.1405E+01 -0.1794E+01 -0.1981E+01 -0.2150E+01 -0.2384E+01 -0.2561E+01 -0.2659E+01 -0.2713E+01 -0.2746E+01 -0.2769E+01 -0.2794E+01 -0.2814E+01 -0.2830E+01 -0.2844E+01 -0.2839E+01 -0.2823E+01 -0.2806E+01 -0.2717E+01 -0.2489E+01 -0.1976E+01 -0.1522E+01
     22.0867      148.1721  0.0000E+00 -0.1926E-01 -0.2138E+00 -0.1103E+01 -0.1187E+01 -0.1401E+01 -0.1792E+01 -0.1980E+01 -0.2149E+01 -0.2383E+01 -0.2560E+01 -0.2657E+01 -0.2711E+01 -0.2743E+01 -0.2767E+01 -0.2792E+01 -0.2812E+01 -0.2828E+01 -0.2843E+01 -0.2838E+01 -0.2824E+01 -0.2808E+01 -0.2720E+01 -0.2492E+01 -0.1979E+01 -0.1523E+01
     22.2222      157.9155  0.0000E+00 -0.1901E-01 -0.2120E+00 -0.1099E+01 -0.1184E+01 -0.1396E+01 -0.1789E+01 -0.1979E+01 -0.2148E+01 -0.2382E+01 -0.2558E+01 -0.2655E+01 -0.2709E+01 -0.2741E+01 -0.2764E+01 -0.2790E+01 -0.2811E+01 -0.2827E+01 -0.2842E+01 -0.2839E+01 -0.2826E+01 -0.2811E+01 -0.2724E+01 -0.2496E+01 -0.1983E+01 -0.1526E+01
     22.3577      167.6589  0.0000E+00 -0.1880E-01 -0.2101E+00 -0.1095E+01 -0.1180E+01 -0.1392E+01 -0.1788E+01 -0.1979E+01 -0.2148E+01 -0.2381E+01 -0.2557E+01 -0.2654E+01 -0.2707E+01 -0.2739E+01 -0.2762E+01 -0.2788E+01 -0.2810E+01 -0.2826E+01 -0.2842E+01 -0.2840E+01 -0.2830E+01 -0.2817E+01 -0.2730E+01 -0.2503E+01 -0.1989E+01 -0.1529E+01
     22.4932      177.4022  0.0000E+00 -0.1864E-01 -0.2083E+00 -0.1091E+01 -0.1178E+01 -0.1389E+01 -0.1786E+01 -0.1979E+01 -0.2147E+01 -0.2381E+01 -0.2556E+01 -0.2652E+01 -0.2705E+01 -0.2736E+01 -0.2760E+01 -0.2787E+01 -0.2810E+01 -0.2826E+01 -0.2842E+01 -0.2842E+01 -0.2834E+01 -0.2823E+01 -0.2738E+01 -0.2511E+01 -0.1995E+01 -0.1532E+01
     22.6287      187.1456  0.0000E+00 -0.1853E-01 -0.2065E+00 -0.1087E+01 -0.1175E+01 -0.1386E+01 -0.1786E+01 -0.1979E+01 -0.2148E+01 -0.2380E+01 -0.2555E+01 -0.2651E+01 -0.2703E+01 -0.2735E+01 -0.2759E+01 -0.2786E+01 -0.2810E+01 -0.2827E+01 -0.2843E+01 -0.2845E+01 -0.2839E+01 -0.2830E+01 -0.2745E+01 -0.2519E+01 -0.2002E+01 -0.1536E+01
     22.7642      196.8890  0.0000E+00 -0.1848E-01 -0.2048E+00 -0.1084E+01 -0.1173E+01 -0.1383E+01 -0.1785E+01 -0.1979E+01 -0.2148E+01 -0.2380E+01 -0.2554E+01 -0.2649E+01 -0.2701E+01 -0.2733E+01 -0.2758E+01 -0.2786E+01 -0.2810E+01 -0.2828E+01 -0.2844E+01 -0.2847E+01 -0.2844E+01 -0.2837E+01 -0.2753E+01 -0.2528E+01 -0.2009E+01 -0.1540E+01
     22.8997      206.6324  0.0000E+00 -0.1847E-01 -0.2032E+00 -0.1081E+01 -0.1171E+01 -0.1381E+01 -0.1786E+01 -0.1980E+01 -0.2149E+01 -0.2380E+01 -0.2554E+01 -0.2648E+01 -0.2700E+01 -0.2732E+01 -0.2757E+01 -0.2786E+01 -0.2811E+01 -0.2829E+01 -0.2845E+01 -0.2849E+01 -0.2848E+01 -0.2843E+01 -0.2760E+01 -0.2536E+01 -0.2016E+01 -0.1544E+01
     23.0352      216.3758  0.0000E+00 -0.1851E-01 -0.2018E+00 -0.1078E+01 -0.1169E+01 -0.1380E+01 -0.1786E+01 -0.1981E+01 -0.2150E+01 -0.2381E+01 -0.2554E+01 -0.2648E+01 -0.2700E+01 -0.2732E+01 -0.2757E+01 -0.2787E+01 -0.2812E+01 -0.2830E+01 -0.2846E+01 -0.2851E+01 -0.2851E+01 -0.2848E+01 -0.2766E+01 -0.2544E+01 -0.2022E+01 -0.1547E+01
     23.1707      226.1192  0.0000E+00 -0.1859E-01 -0.2007E+00 -0.1077E+01 -0.1168E+01 -0.1379E+01 -0.1787E+01 -0.1982E+01 -0.2151E+01 -0.2381E+01 -0.2554E+01 -0.2648E+01 -0.2699E+01 -0.2731E+01 -0.2757E+01 -0.2788E+01 -0.2814E+01 -0.2831E+01 -0.2847E+01 -0.2852E+01 -0.2853E+01 -0.2853E+01 -0.2771E+01 -0.2551E+01 -0.2027E+01 -0.1550E+01
     23.3062      235.8626  0.0000E+00 -0.1871E-01 -0.1997E+00 -0.1075E+01 -0.1168E+01 -0.1379E+01 -0.1789E+01 -0.1984E+01 -0.2152E+01 -0.2382E+01 -0.2554E+01 -0.2648E+01 -0.2699E+01 -0.2732E+01 -0.2758E+01 -0.2789E+01 -0.2815E+01 -0.2832E+01 -0.2847E+01 -0.2852E+01 -0.2854E+01 -0.2855E+01 -0.2775E+01 -0.2556E+01 -0.2031E+01 -0.1552E+01
     23.4417      245.6059  0.0000E+00 -0.1886E-01 -0.1990E+00 -0.1074E+01 -0.1167E+01 -0.1380E+01 -0.1791E+01 -0.1985E+01 -0.2154E+01 -0.2383E+01 -0.2555E+01 -0.2648E+01 -0.2700E+01 -0.2732E+01 -0.2759E+01 -0.2790E+01 -0.2816E+01 -0.2832E+01 -0.2847E+01 -0.2851E+01 -0.2854E+01 -0.2857E+01 -0.2777E+01 -0.2560E+01 -0.2033E+01 -0.1553E+01
     23.5772      255.3493  0.0000E+00 -0.1904E-01 -0.1985E+00 -0.1074E+01 -0.1168E+01 -0.1381E+01 -0.1793E+01 -0.1987E+01 -0.2155E+01 -0.2384E+01 -0.2556E+01 -0.2649E+01 -0.2701E+01 -0.2733E+01 -0.2760E+01 -0.2791E+01 -0.2817E+01 -0.2833E+01 -0.2846E+01 -0.2850E+01 -0.2853E+01 -0.2857E+01 -0.2777E+01 -0.2562E+01 -0.2035E+01 -0.1554E+01
     23.7127      265.0927  0.0000E+00 -0.1925E-01 -0.1984E+00 -0.1075E+01 -0.1169E+01 -0.1383E+01 -0.1795E+01 -0.1988E+01 -0.2157E+01 -0.2386E+01 -0.2557E+01 -0.2651E+01 -0.2702E+01 -0.2735E+01 -0.2762E+01 -0.2793E+01 -0.2818E+01 -0.2833E+01 -0.2846E+01 -0.2848E+01 -0.2851E+01 -0.2856E+01 -0.2777E+01 -0.2563E+01 -0.2035E+01 -0.1554E+01
     23.8482      274.8361  0.0000E+00 -0.1948E-01 -0.1986E+00 -0.1076E+01 -0.1170E+01 -0.1386E+01 -0.1798E+01 -0.1990E+01 -0.2158E+01 -0.2387E+01 -0.2559E+01 -0.2652E+01 -0.2703E+01 -0.2736E+01 -0.2764E+01 -0.2795E+01 -0.2820E+01 -0.2834E+01 -0.2845E+01 -0.2846E+01 -0.2849E+01 -0.2854E+01 -0.2775E+01 -0.2562E+01 -0.2034E+01 -0.1554E+01
     23.9837      284.5795  0.0000E+00 -0.1972E-01 -0.1991E+00 -0.1078E+01 -0.1171E+01 -0.1389E+01 -0.1801E+01 -0.1991E+01 -0.2160E+01 -0.2388E+01 -0.2560E+01 -0.2654E+01 -0.2705E+01 -0.2738E+01 -0.2766E+01 -0.2797E+01 -0.2821E+01 -0.2834E+01 -0.2844E+01 -0.2844E+01 -0.2846E+01 -0.2852E+01 -0.2773E+01 -0.2561E+01 -0.2033E+01 -0.1553E+01
     24.1192      294.3229  0.0000E+00 -0.1998E-01 -0.2000E+00 -0.1080E+01 -0.1174E+01 -0.1392E+01 -0.1804E+01 -0.1993E+01 -0.2162E+01 -0.2390E+01 -0.2562E+01 -0.2655E+01 -0.2707E+01 -0.2741E+01 -0.2768E+01 -0.2799E+01 -0.2823E+01 -0.2835E+01 -0.2844E+01 -0.2842E+01 -0.2844E+01 -0.2850E+01 -0.2771E+01 -0.2559E+01 -0.2031E+01 -0.1552E+01
     24.2547      304.0663  0.0000E+00 -0.2025E-01 -0.2011E+00 -0.1083E+01 -0.1176E+01 -0.1397E+01 -0.1806E+01 -0.1994E+01 -0.2163E+01 -0.2391E+01 -0.2563E+01 -0.2657E+01 -0.2709E+01 -0.2743E+01 -0.2771E+01 -0.2802E+01 -0.2824E+01 -0.2836E+01 -0.2845E+01 -0.2842E+01 -0.2842E+01 -0.2848E+01 -0.2769E+01 -0.2556E+01 -0.2028E+01 -0.1551E+01
     24.3902      313.8097  0.0000E+00 -0.2053E-01 -0.2026E+00 -0.1086E+01 -0.1179E+01 -0.1401E+01 -0.1809E+01 -0.1996E+01 -0.2164E+01 -0.2392E+01 -0.2565E+01 -0.2659E+01 -0.2712E+01 -0.2746E+01 -0.2774E+01 -0.2804E+01 -0.2826E+01 -0.2838E+01 -0.2846E+01 -0.2841E+01 -0.2841E+01 -0.2847E+01 -0.2768E+01 -0.2554E+01 -0.2026E+01 -0.1550E+01
     24.5257      323.5530  0.0000E+00 -0.2080E-01 -0.2044E+00 -0.1090E+01 -0.1183E+01 -0.1405E+01 -0.1812E+01 -0.1997E+01 -0.2165E+01 -0.2393E+01 -0.2566E+01 -0.2661E+01 -0.2714E+01 -0.2748E+01 -0.2776E+01 -0.2807E+01 -0.2829E+01 -0.2839E+01 -0.2847E+01 -0.2842E+01 -0.2841E+01 -0.2846E+01 -0.2767E+01 -0.2551E+01 -0.2024E+01 -0.1548E+01
     24.6612      333.2964  0.0000E+00 -0.2107E-01 -0.2063E+00 -0.1095E+01 -0.1186E+01 -0.1410E+01 -0.1814E+01 -0.1998E+01 -0.2166E+01 -0.2394E+01 -0.2568E+01 -0.2663E+01 -0.2716E+01 -0.2751E+01 -0.2779E+01 -0.2809E+01 -0.2831E+01 -0.2842E+01 -0.2850E+01 -0.2844E+01 -0.2841E+01 -0.2846E+01 -0.2767E+01 -0.2549E+01 -0.2022E+01 -0.1547E+01
     24.7967      343.0398  0.0000E+00 -0.2132E-01 -0.2084E+00 -0.1099E+01 -0.1190E+01 -0.1415E+01 -0.1816E+01 -0.1998E+01 -0.2166E+01 -0.2395E+01 -0.2569E+01 -0.2664E+01 -0.2718E+01 -0.2753E+01 -0.2782E+01 -0.2812E+01 -0.2833E+01 -0.2844E+01 -0.2853E+01 -0.2846E+01 -0.2842E+01 -0.2847E+01 -0.2767E+01 -0.2547E+01 -0.2020E+01 -0.1546E+01
     24.9322      352.7832  0.0000E+00 -0.2155E-01 -0.2106E+00 -0.1104E+01 -0.1193E+01 -0.1419E+01 -0.1818E+01 -0.1999E+01 -0.2167E+01 -0.2395E+01 -0.2570E+01 -0.2665E+01 -0.2720E+01 -0.2755E+01 -0.2784E+01 -0.2814E+01 -0.2835E+01 -0.2847E+01 -0.2856E+01 -0.2849E+01 -0.2844E+01 -0.2848E+01 -0.2767E+01 -0.2545E+01 -0.2018E+01 -0.1545E+01
     25.0678        2.5266  0.0000E+00 -0.2175E-01 -0.2128E+00 -0.1108E+01 -0.1197E+01 -0.1423E+01 -0.1819E+01 -0.1999E+01 -0.2167E+01 -0.2396E+01 -0.2570E+01 -0.2666E+01 -0.2721E+01 -0.2757E+01 -0.2786E+01 -0.2816E+01 -0.2837E+01 -0.2850E+01 -0.2859E+01 -0.2852E+01 -0.2846E+01 -0.2848E+01 -0.2767E+01 -0.2543E+01 -0.2016E+01 -0.1543E+01
     25.2033       12.2700  0.0000E+00 -0.2191E-01 -0.2149E+00 -0.1112E+01 -0.1200E+01 -0.1427E+01 -0.1820E+01 -0.1999E+01 -0.2166E+01 -0.2396E+01 -0.2571E+01 -0.2667E+01 -0.2723E+01 -0.2759E+01 -0.2788E+01 -0.2817E+01 -0.2839E+01 -0.2852E+01 -0.2862E+01 -0.2855E+01 -0.2848E+01 -0.2849E+01 -0.2766E+01 -0.2540E+01 -0.2014E+01 -0.1542E+01
     25.3388       22.0134  0.0000E+00 -0.2202E-01 -0.2168E+00 -0.1116E+01 -0.1203E+01 -0.1429E+01 -0.1821E+01 -0.1998E+01 -0.2166E+01 -0.2395E+01 -0.2571E+01 -0.2668E+01 -0.2724E+01 -0.2760E+01 -0.2789E+01 -0.2819E+01 -0.2840E+01 -0.2854E+01 -0.2865E+01 -0.2857E+01 -0.2849E+01 -0.2848E+01 -0.2765E+01 -0.2537E+01 -0.2012E+01 -0.1540E+01
     25.4743       31.7568  0.0000E+00 -0.2207E-01 -0.2186E+00 -0.1119E+01 -0.1205E+01 -0.1432E+01 -0.1821E+01 -0.1998E+01 -0.2165E+01 -0.2395E+01 -0.2571E+01 -0.2668E+01 -0.2724E+01 -0.2761E+01 -0.2790E+01 -0.2819E+01 -0.2841E+01 -0.2855E+01 -0.2867E+01 -0.2859E+01 -0.2850E+01 -0.2847E+01 -0.2763E+01 -0.2534E+01 -0.2009E+01 -0.1539E+01
     25.6098       41.5001  0.0000E+00 -0.2207E-01 -0.2200E+00 -0.1121E+01 -0.1207E+01 -0.1433E+01 -0.1820E+01 -0.1997E+01 -0.2164E+01 -0.2394E+01 -0.2571E+01 -0.2668E+01 -0.2725E+01 -0.2761E+01 -0.2790E+01 -0.2819E+01 -0.2841E+01 -0.2855E+01 -0.2868E+01 -0.2860E+01 -0.2849E+01 -0.2845E+01 -0.2759E+01 -0.2529E+01 -0.2006E+01 -0.1537E+01
     25.7453       51.2435  0.0000E+00 -0.2200E-01 -0.2211E+00 -0.1123E+01 -0.1208E+01 -0.1433E+01 -0.1819E+01 -0.1995E+01 -0.2163E+01 -0.2394E+01 -0.2570E+01 -0.2668E+01 -0.2725E+01 -0.2761E+01 -0.2790E+01 -0.2818E+01 -0.2840E+01 -0.2855E+01 -0.2868E+01 -0.2860E+01 -0.2848E+01 -0.2841E+01 -0.2755E+01 -0.2524E+01 -0.2002E+01 -0.1534E+01
     25.8808       60.9869  0.0000E+00 -0.2188E-01 -0.2219E+00 -0.1124E+01 -0.1208E+01 -0.1433E+01 -0.1817E+01 -0.1994E+01 -0.2161E+01 -0.2393E+01 -0.2570E+01 -0.2668E+01 -0.2725E+01 -0.2761E+01 -0.2789E+01 -0.2817E+01 -0.2838E+01 -0.2854E+01 -0.2867E+01 -0.2859E+01 -0.2846E+01 -0.2837E+01 -0.2749E+01 -0.2519E+01 -0.1997E+01 -0.1532E+01
     26.0163       70.7303  0.0000E+00 -0.2169E-01 -0.2222E+00 -0.1124E+01 -0.1208E+01 -0.1432E+01 -0.1815E+01 -0.1992E+01 -0.2160E+01 -0.2392E+01 -0.2569E+01 -0.2668E+01 -0.2724E+01 -0.2760E+01 -0.2787E+01 -0.2815E+01 -0.2836E+01 -0.2852E+01 -0.2866E+01 -0.2858E+01 -0.2842E+01 -0.2831E+01 -0.2743E+01 -0.2513E+01 -0.1993E+01 -0.1529E+01
     26.1518       80.4737  0.0000E+00 -0.2145E-01 -0.2222E+00 -0.1124E+01 -0.1207E+01 -0.1429E+01 -0.1812E+01 -0.1991E+01 -0.2158E+01 -0.2391E+01 -0.2568E+01 -0.2667E+01 -0.2723E+01 -0.2759E+01 -0.2785E+01 -0.2812E+01 -0.2833E+01 -0.2849E+01 -0.2863E+01 -0.2855E+01 -0.2839E+01 -0.2826E+01 -0.2737E+01 -0.2507E+01 -0.1988E+01 -0.1527E+01
     26.2873       90.2171  0.0000E+00 -0.2117E-01 -0.2218E+00 -0.1122E+01 -0.1205E+01 -0.1427E+01 -0.1809E+01 -0.1989E+01 -0.2157E+01 -0.2390E+01 -0.2567E+01 -0.2666E+01 -0.2722E+01 -0.2757E+01 -0.2783E+01 -0.2810E+01 -0.2830E+01 -0.2846E+01 -0.2860E+01 -0.2852E+01 -0.2834E+01 -0.2820E+01 -0.2730E+01 -0.2501E+01 -0.1984E+01 -0.1525E+01
     26.4228       99.9605  0.0000E+00 -0.2086E-01 -0.2211E+00 -0.1120E+01 -0.1203E+01 -0.1423E+01 -0.1806E+01 -0.1987E+01 -0.2155E+01 -0.2388E+01 -0.2566E+01 -0.2665E+01 -0.2721E+01 -0.2755E+01 -0.2781E+01 -0.2806E+01 -0.2827E+01 -0.2842E+01 -0.2856E+01 -0.2848E+01 -0.2830E+01 -0.2814E+01 -0.2725E+01 -0.2495E+01 -0.1980E+01 -0.1523E+01
     26.5583      109.7039  0.0000E+00 -0.2053E-01 -0.2200E+00 -0.1117E+01 -0.1200E+01 -0.1419E+01 -0.1803E+01 -0.1985E+01 -0.2153E+01 -0.2387E+01 -0.2565E+01 -0.2663E+01 -0.2719E+01 -0.2753E+01 -0.2778E+01 -0.2803E+01 -0.2823E+01 -0.2839E+01 -0.2853E+01 -0.2845E+01 -0.2827E+01 -0.2810E+01 -0.2720E+01 -0.2491E+01 -0.1977E+01 -0.1521E+01
     26.6938      119.4472  0.0000E+00 -0.2019E-01 -0.2187E+00 -0.1114E+01 -0.1197E+01 -0.1415E+01 -0.1800E+01 -0.1984E+01 -0.2152E+01 -0.2386E+01 -0.2564E+01 -0.2662E+01 -0.2717E+01 -0.2751E+01 -0.2775E+01 -0.2800E+01 -0.2820E+01 -0.2835E+01 -0.2849E+01 -0.2842E+01 -0.2824E+01 -0.2807E+01 -0.2717E+01 -0.2489E+01 -0.1976E+01 -0.1521E+01
     26.8293      129.1906  0.0000E+00 -0.1985E-01 -0.2172E+00 -0.1111E+01 -0.1194E+01 -0.1410E+01 -0.1797E+01 -0.1982E+01 -0.2151E+01 -0.2385E+01 -0.2562E+01 -0.2660E+01 -0.2715E+01 -0.2748E+01 -0.2772E+01 -0.2797E+01 -0.2817E+01 -0.2832E+01 -0.2846E+01 -0.2840E+01 -0.2823E+01 -0.2805E+01 -0.2716E+01 -0.2488E+01 -0.1975E+01 -0.1521E+01
     26.9648      138.9340  0.0000E+00 -0.1953E-01 -0.2155E+00 -0.1107E+01 -0.1190E+01 -0.1405E+01 -0.1794E+01 -0.1981E+01 -0.2150E+01 -0.2384E+01 -0.2561E+01 -0.2659E+01 -0.2713E+01 -0.2746E+01 -0.2769E+01 -0.2794E+01 -0.2814E+01 -0.2830E+01 -0.2844E+01 -0.2839E+01 -0.2823E+01 -0.2806E+01 -0.2717E+01 -0.2489E+01 -0.1977E+01 -0.1522E+01
     27.1003      148.6774  0.0000E+00 -0.1924E-01 -0.2137E+00 -0.1103E+01 -0.1187E+01 -0.1401E+01 -0.1792E+01 -0.1980E+01 -0.2149E+01 -0.2383E+01 -0.2560E+01 -0.2657E+01 -0.2711E+01 -0.2743E+01 -0.2766E+01 -0.2792E+01 -0.2812E+01 -0.2828E+01 -0.2842E+01 -0.2838E+01 -0.2824E+01 -0.2808E+01 -0.2720E+01 -0.2492E+01 -0.1979E+01 -0.1523E+01
     27.2358      158.4208  0.0000E+00 -0.1899E-01 -0.2119E+00 -0.1098E+01 -0.1184E+01 -0.1396E+01 -0.1789E+01 -0.1979E+01 -0.2148E+01 -0.2382E+01 -0.2558E+01 -0.2655E+01 -0.2709E+01 -0.2741E+01 -0.2764E+01 -0.2790E+01 -0.2811E+01 -0.2827E+01 -0.2842E+01 -0.2839E+01 -0.2827E+01 -0.2812E+01 -0.2725E+01 -0.2497E+01 -0.1984E+01 -0.1526E+01
     27.3713      168.1642  0.0000E+00 -0.1879E-01 -0.2100E+00 -0.1094E+01 -0.1180E+01 -0.1392E+01 -0.1788E+01 -0.1979E+01 -0.2148E+01 -0.2381E+01 -0.2557E+01 -0.2653E+01 -0.2707E+01 -0.2738E+01 -0.2762E+01 -0.2788E+01 -0.2810E+01 -0.2826E+01 -0.2842E+01 -0.2841E+01 -0.2830E+01 -0.2817E+01 -0.2731E+01 -0.2503E+01 -0.1989E+01 -0.1529E+01
     27.5068      177.9076  0.0000E+00 -0.1863E-01 -0.2082E+00 -0.1091E+01 -0.1177E+01 -0.1389E+01 -0.1787E+01 -0.1979E+01 -0.2148E+01 -0.2381E+01 -0.2556E+01 -0.2652E+01 -0.2705E+01 -0.2736E+01 -0.2760E+01 -0.2787E+01 -0.2810E+01 -0.2826E+01 -0.2842E+01 -0.2843E+01 -0.2835E+01 -0.2823E+01 -0.2738E+01 -0.2511E+01 -0.1995E+01 -0.1532E+01
     27.6423      187.6509  0.0000E+00 -0.1853E-01 -0.2064E+00 -0.1087E+01 -0.1175E+01 -0.1385E+01 -0.1786E+01 -0.1979E+01 -0.2148E+01 -0.2380E+01 -0.2555E+01 -0.2650E+01 -0.2703E+01 -0.2735E+01 -0.2759E+01 -0.2786E+01 -0.2810E+01 -0.2827E+01 -0.2843E+01 -0.2845E+01 -0.2839E+01 -0.2830E+01 -0.2746E+01 -0.2519E+01 -0.2002E+01 -0.1536E+01
     27.7778      197.3943  0.0000E+00 -0.1847E-01 -0.2047E+00 -0.1084E+01 -0.1173E+01 -0.1383E+01 -0.1786E+01 -0.1979E+01 -0.2148E+01 -0.2380E+01 -0.2554E+01 -0.2649E+01 -0.2701E+01 -0.2733E+01 -0.2758E+01 -0.2786E+01 -0.2811E+01 -0.2828E+01 -0.2844E+01 -0.2847E+01 -0.2844E+01 -0.2837E+01 -0.2753E+01 -0.2528E+01 -0.2009E+01 -0.1540E+01
     27.9133      207.1377  0.0000E+00 -0.1847E-01 -0.2032E+00 -0.1081E+01 -0.1171E+01 -0.1381E+01 -0.1786E+01 -0.1980E+01 -0.2149E+01 -0.2380E+01 -0.2554E+01 -0.2648E+01 -0.2700E+01 -0.2732E+01 -0.2757E+01 -0.2786E+01 -0.2811E+01 -0.2829E+01 -0.2845E+01 -0.2849E+01 -0.2848E+01 -0.2843E+01 -0.2760E+01 -0.2537E+01 -0.2016E+01 -0.1544E+01
     28.0488      216.8811  0.0000E+00 -0.1851E-01 -0.2018E+00 -0.1078E+01 -0.1169E+01 -0.1380E+01 -0.1786E+01 -0.1981E+01 -0.2150E+01 -0.2381E+01 -0.2554E+01 -0.2648E+01 -0.2699E+01 -0.2731E+01 -0.2757E+01 -0.2787E+01 -0.2812E+01 -0.2830E+01 -0.2846E+01 -0.2851E+01 -0.2851E+01 -0.2849E+01 -0.2766E+01 -0.2544E+01 -0.2022E+01 -0.1547E+01
     28.1843      226.6245  0.0000E+00 -0.1859E-01 -0.2006E+00 -0.1076E+01 -0.1168E+01 -0.1379E+01 -0.1788E+01 -0.1982E+01 -0.2151E+01 -0.2381E+01 -0.2554E+01 -0.2648E+01 -0.2699E+01 -0.2731E+01 -0.2757E+01 -0.2788E+01 -0.2814E+01 -0.2831E+01 -0.2847E+01 -0.2852E+01 -0.2853E+01 -0.2853E+01 -0.2771E+01 -0.2551E+01 -0.2027E+01 -0.1550E+01
     28.3198      236.3679  0.0000E+00 -0.1872E-01 -0.1996E+00 -0.1075E+01 -0.1168E+01 -0.1379E+01 -0.1789E+01 -0.1984E+01 -0.2152E+01 -0.2382E+01 -0.2554E+01 -0.2648E+01 -0.2699E+01 -0.2732E+01 -0.2758E+01 -0.2789E+01 -0.2815E+01 -0.2832E+01 -0.2847E+01 -0.2852E+01 -0.2855E+01 -0.2856E+01 -0.2775E+01 -0.2556E+01 -0.2031E+01 -0.1552E+01
     28.4553      246.1113  0.0000E+00 -0.1887E-01 -0.1989E+00 -0.1074E+01 -0.1167E+01 -0.1380E+01 -0.1791E+01 -0.1985E+01 -0.2154E+01 -0.2383E+01 -0.2555E+01 -0.2649E+01 -0.2700E+01 -0.2732E+01 -0.2759E+01 -0.2790E+01 -0.2816E+01 -0.2832E+01 -0.2847E+01 -0.2851E+01 -0.2854E+01 -0.2857E+01 -0.2777E+01 -0.2560E+01 -0.2033E+01 -0.1554E+01
     28.5908      255.8547  0.0000E+00 -0.1905E-01 -0.1985E+00 -0.1074E+01 -0.1168E+01 -0.1381E+01 -0.1793E+01 -0.1987E+01 -0.2155E+01 -0.2384E+01 -0.2556E+01 -0.2649E+01 -0.2701E+01 -0.2733E+01 -0.2760E+01 -0.2792E+01 -0.2817E+01 -0.2833E+01 -0.2846E+01 -0.2850E+01 -0.2853E+01 -0.2857E+01 -0.2777E+01 -0.2562E+01 -0.2035E+01 -0.1554E+01
     28.7263      265.5980  0.0000E+00 -0.1926E-01 -0.1984E+00 -0.1075E+01 -0.1169E+01 -0.1383E+01 -0.1796E+01 -0.1988E+01 -0.2157E+01 -0.2386E+01 -0.2557E+01 -0.2651E+01 -0.2702E+01 -0.2735E+01 -0.2762E+01 -0.2793E+01 -0.2818E+01 -0.2833E+01 -0.2846E+01 -0.2848E+01 -0.2851E+01 -0.2856E+01 -0.2776E+01 -0.2563E+01 -0.2035E+01 -0.1554E+01
     28.8618      275.3414  0.0000E+00 -0.1949E-01 -0.1986E+00 -0.1076E+01 -0.1170E+01 -0.1386E+01 -0.1798E+01 -0.1990E+01 -0.2159E+01 -0.2387E+01 -0.2559E+01 -0.2652E+01 -0.2703E+01 -0.2737E+01 -0.2764E+01 -0.2795E+01 -0.2820E+01 -0.2834E+01 -0.2845E+01 -0.2846E+01 -0.2849E+01 -0.2854E+01 -0.2775E+01 -0.2562E+01 -0.2034E+01 -0.1554E+01
     28.9973      285.0848  0.0000E+00 -0.1974E-01 -0.1991E+00 -0.1078E+01 -0.1172E+01 -0.1389E+01 -0.1801E+01 -0.1992E+01 -0.2160E+01 -0.2388E+01 -0.2560E+01 -0.2654E+01 -0.2705E+01 -0.2739E+01 -0.2766E+01 -0.2797E+01 -0.2821E+01 -0.2834E+01 -0.2844E+01 -0.2844E+01 -0.2846E+01 -0.2852E+01 -0.2773E+01 -0.2561E+01 -0.2033E+01 -0.1553E+01
     29.1328      294.8282  0.0000E+00 -0.2000E-01 -0.2000E+00 -0.1080E+01 -0.1174E+01 -0.1393E+01 -0.1804E+01 -0.1993E+01 -0.2162E+01 -0.2390E+01 -0.2562E+01 -0.2656E+01 -0.2707E+01 -0.2741E+01 -0.2769E+01 -0.2799E+01 -0.2823E+01 -0.2835E+01 -0.2844E+01 -0.2842E+01 -0.2844E+01 -0.2850E+01 -0.2771E+01 -0.2559E+01 -0.2030E+01 -0.1552E+01
     29.2683      304.5716  0.0000E+00 -0.2027E-01 -0.2012E+00 -0.1083E+01 -0.1176E+01 -0.1397E+01 -0.1807E+01 -0.1994E+01 -0.2163E+01 -0.2391E+01 -0.2563E+01 -0.2657E+01 -0.2710E+01 -0.2743E+01 -0.2771E+01 -0.2802E+01 -0.2825E+01 -0.2836E+01 -0.2845E+01 -0.2842E+01 -0.2842E+01 -0.2848E+01 -0.2769E+01 -0.2556E+01 -0.2028E+01 -0.1551E+01
     29.4038      314.3150  0.0000E+00 -0.2054E-01 -0.2027E+00 -0.1087E+01 -0.1179E+01 -0.1401E+01 -0.1809E+01 -0.1996E+01 -0.2164E+01 -0.2392E+01 -0.2565E+01 -0.2659E+01 -0.2712E+01 -0.2746E+01 -0.2774E+01 -0.2804E+01 -0.2826E+01 -0.2838E+01 -0.2846E+01 -0.2841E+01 -0.2841E+01 -0.2847E+01 -0.2768E+01 -0.2554E+01 -0.2026E+01 -0.1550E+01
     29.5393      324.0584  0.0000E+00 -0.2082E-01 -0.2045E+00 -0.1091E+01 -0.1183E+01 -0.1406E+01 -0.1812E+01 -0.1997E+01 -0.2165E+01 -0.2393E+01 -0.2566E+01 -0.2661E+01 -0.2714E+01 -0.2748E+01 -0.2777E+01 -0.2807E+01 -0.2829E+01 -0.2840E+01 -0.2847E+01 -0.2842E+01 -0.2841E+01 -0.2846E+01 -0.2767E+01 -0.2551E+01 -0.2024E+01 -0.1548E+01
     29.6748      333.8018  0.0000E+00 -0.2108E-01 -0.2064E+00 -0.1095E+01 -0.1186E+01 -0.1410E+01 -0.1814E+01 -0.1998E+01 -0.2166E+01 -0.2394E+01 -0.2568E+01 -0.2663E+01 -0.2716E+01 -0.2751E+01 -0.2779E+01 -0.2809E+01 -0.2831E+01 -0.2842E+01 -0.2850E+01 -0.2844E+01 -0.2841E+01 -0.2846E+01 -0.2767E+01 -0.2549E+01 -0.2021E+01 -0.1547E+01
     29.8103      343.5451  0.0000E+00 -0.2133E-01 -0.2085E+00 -0.1099E+01 -0.1190E+01 -0.1415E+01 -0.1816E+01 -0.1998E+01 -0.2166E+01 -0.2395E+01 -0.2569E+01 -0.2664E+01 -0.2718E+01 -0.2753E+01 -0.2782E+01 -0.2812E+01 -0.2833E+01 -0.2844E+01 -0.2853E+01 -0.2846E+01 -0.2842E+01 -0.2847E+01 -0.2767E+01 -0.2547E+01 -0.2020E+01 -0.1546E+01
     29.9458      353.2885  0.0000E+00 -0.2156E-01 -0.2107E+00 -0.1104E+01 -0.1194E+01 -0.1419E+01 -0.1818E+01 -0.1999E+01 -0.2167E+01 -0.2395E+01 -0.2570E+01 -0.2665E+01 -0.2720E+01 -0.2756E+01 -0.2784E+01 -0.2814E+01 -0.2835E+01 -0.2847E+01 -0.2856E+01 -0.2849E+01 -0.2844E+01 -0.2848E+01 -0.2767E+01 -0.2545E+01 -0.2018E+01 -0.1545E+01
