Time history of radial distribution for BEM variable: Cn[-] for blade 2
                          rCurvi[m] (curvilinear radial distance)
                                0.7893      2.3680      3.9467      5.5254      7.1040      8.6827     10.2614     11.8401     13.4188     14.9974     16.5761     18.1548     19.7335     21.3121     22.8908     24.4695     26.0482     27.6268     29.2055     30.7842     32.3629     33.9416     35.5202     37.0989     38.2829     39.0723
                          zB[m] (radial coordinate along blade axis)
     time[s]  azimuth[deg]      0.1833      1.7549      3.3294      4.9066      6.4848      8.0632      9.6423     11.2252     12.8089     14.3906     15.9682     17.5466     19.1253     20.7040     22.2825     23.8605     25.4378     27.0144     28.5901     30.1649     31.7388     33.3118     34.8842     36.4562     37.6335     38.4193
      0.0000      240.0000  0.5721E+00  0.5160E+00  0.6917E+00  0.8896E+00  0.9543E+00  0.1014E+01  0.9831E+00  0.9109E+00  0.8635E+00  0.8540E+00  0.8437E+00  0.8336E+00  0.8396E+00  0.8438E+00  0.8454E+00  0.8473E+00  0.8492E+00  0.8459E+00  0.8436E+00  0.8421E+00  0.8449E+00  0.8492E+00  0.8543E+00  0.8583E+00  0.8415E+00  0.6549E+00
      0.1355      250.0000  0.5721E+00  0.6151E+00  0.1102E+01  0.1241E+01  0.1382E+01  0.1284E+01  0.1057E+01  0.9131E+00  0.8643E+00  0.8544E+00  0.8439E+00  0.8337E+00  0.8397E+00  0.8438E+00  0.8455E+00  0.8474E+00  0.8492E+00  0.8459E+00  0.8436E+00  0.8421E+00  0.8452E+00  0.8501E+00  0.8560E+00  0.8604E+00  0.8415E+00  0.6549E+00
      0.2710      260.0000  0.5721E+00  0.6052E+00  0.1157E+01  0.1292E+01  0.1416E+01  0.1296E+01  0.1059E+01  0.9134E+00  0.8644E+00  0.8546E+00  0.8440E+00  0.8338E+00  0.8397E+00  0.8439E+00  0.8455E+00  0.8474E+00  0.8492E+00  0.8459E+00  0.8436E+00  0.8421E+00  0.8450E+00  0.8496E+00  0.8549E+00  0.8588E+00  0.8415E+00  0.6549E+00
      0.4065      270.0000  0.5721E+00  0.6111E+00  0.1115E+01  0.1295E+01  0.1359E+01  0.1266E+01  0.1058E+01  0.9135E+00  0.8645E+00  0.8546E+00  0.8441E+00  0.8338E+00  0.8397E+00  0.8439E+00  0.8455E+00  0.8474E+00  0.8492E+00  0.8459E+00  0.8436E+00  0.8421E+00  0.8449E+00  0.8492E+00  0.8544E+00  0.8583E+00  0.8415E+00  0.6549E+00
      0.5420      280.0000  0.5721E+00  0.6146E+00  0.1115E+01  0.1283E+01  0.1348E+01  0.1259E+01  0.1056E+01  0.9138E+00  0.8647E+00  0.8547E+00  0.8441E+00  0.8338E+00  0.8397E+00  0.8439E+00  0.8455E+00  0.8474E+00  0.8492E+00  0.8459E+00  0.8436E+00  0.8421E+00  0.8449E+00  0.8492E+00  0.8543E+00  0.8582E+00  0.8415E+00  0.6549E+00
      0.6775      290.0000  0.5721E+00  0.6161E+00  0.1111E+01  0.1226E+01  0.1333E+01  0.1249E+01  0.1052E+01  0.9140E+00  0.8648E+00  0.8548E+00  0.8441E+00  0.8338E+00  0.8397E+00  0.8439E+00  0.8455E+00  0.8474E+00  0.8492E+00  0.8459E+00  0.8436E+00  0.8421E+00  0.8448E+00  0.8492E+00  0.8543E+00  0.8582E+00  0.8415E+00  0.6549E+00
      0.8130      300.0000  0.5721E+00  0.6160E+00  0.1102E+01  0.1206E+01  0.1310E+01  0.1234E+01  0.1046E+01  0.9140E+00  0.8648E+00  0.8548E+00  0.8441E+00  0.8338E+00  0.8397E+00  0.8439E+00  0.8455E+00  0.8474E+00  0.8492E+00  0.8459E+00  0.8436E+00  0.8421E+00  0.8448E+00  0.8492E+00  0.8543E+00  0.8582E+00  0.8415E+00  0.6549E+00
      0.9485      310.0000  0.5721E+00  0.6147E+00  0.1088E+01  0.1186E+01  0.1248E+01  0.1216E+01  0.1040E+01  0.9139E+00  0.8648E+00  0.8548E+00  0.8441E+00  0.8338E+00  0.8397E+00  0.8439E+00  0.8455E+00  0.8474E+00  0.8492E+00  0.8459E+00  0.8436E+00  0.8421E+00  0.8448E+00  0.8492E+00  0.8543E+00  0.8582E+00  0.8415E+00  0.6549E+00
      1.0840      320.0000  0.5721E+00  0.6125E+00  0.1071E+01  0.1165E+01  0.1223E+01  0.1197E+01  0.1034E+01  0.9138E+00  0.8648E+00  0.8548E+00  0.8441E+00  0.8338E+00  0.8397E+00  0.8439E+00  0.8455E+00  0.8474E+00  0.8492E+00  0.8459E+00  0.8436E+00  0.8421E+00  0.8448E+00  0.8492E+00  0.8543E+00  0.8582E+00  0.8415E+00  0.6549E+00
      1.2195      330.0000  0.5721E+00  0.6096E+00  0.1052E+01  0.1143E+01  0.1199E+01  0.1178E+01  0.1027E+01  0.9136E+00  0.8648E+00  0.8547E+00  0.8441E+00  0.8338E+00  0.8397E+00  0.8439E+00  0.8455E+00  0.8474E+00  0.8492E+00  0.8459E+00  0.8436E+00  0.8421E+00  0.8448E+00  0.8492E+00  0.8543E+00  0.8582E+00  0.8415E+00  0.6549E+00
      1.3550      340.0000  0.5721E+00  0.6062E+00  0.1032E+01  0.1121E+01  0.1175E+01  0.1147E+01  0.1021E+01  0.9134E+00  0.8648E+00  0.8547E+00  0.8441E+00  0.8338E+00  0.8397E+00  0.8439E+00  0.8455E+00  0.8474E+00  0.8492E+00  0.8459E+00  0.8436E+00  0.8421E+00  0.8448E+00  0.8492E+00  0.8543E+00  0.8582E+00  0.8415E+00  0.6549E+00
      1.4905      350.0000  0.5721E+00  0.6025E+00  0.1011E+01  0.1099E+01  0.1151E+01  0.1131E+01  0.1013E+01  0.9132E+00  0.8648E+00  0.8547E+00  0.8441E+00  0.8338E+00  0.8397E+00  0.8439E+00  0.8455E+00  0.8474E+00  0.8492E+00  0.8459E+00  0.8436E+00  0.8421E+00  0.8448E+00  0.8492E+00  0.8543E+00  0.8582E+00  0.8415E+00  0.6549E+00
      1.6260      360.0000  0.5721E+00  0.5985E+00  0.9897E+00  0.1078E+01  0.1128E+01  0.1117E+01  0.1008E+01  0.9131E+00  0.8647E+00  0.8547E+00  0.8441E+00  0.8338E+00  0.8397E+00  0.8439E+00  0.8455E+00  0.8474E+00  0.8492E+00  0.8459E+00  0.8436E+00  0.8421E+00  0.8448E+00  0.8492E+00  0.8543E+00  0.8582E+00  0.8415E+00  0.6549E+00
      1.7615       10.0000  0.5721E+00  0.5944E+00  0.9688E+00  0.1058E+01  0.1107E+01  0.1103E+01  0.1004E+01  0.9130E+00  0.8647E+00  0.8547E+00  0.8441E+00  0.8338E+00  0.8397E+00  0.8439E+00  0.8455E+00  0.8474E+00  0.8492E+00  0.8459E+00  0.8436E+00  0.8421E+00  0.8448E+00  0.8492E+00  0.8543E+00  0.8582E+00  0.8415E+00  0.6549E+00
      1.8970       20.0000  0.5721E+00  0.5902E+00  0.9483E+00  0.1040E+01  0.1087E+01  0.1092E+01  0.9992E+00  0.9129E+00  0.8647E+00  0.8547E+00  0.8441E+00  0.8338E+00  0.8397E+00  0.8439E+00  0.8455E+00  0.8474E+00  0.8492E+00  0.8459E+00  0.8436E+00  0.8421E+00  0.8448E+00  0.8492E+00  0.8543E+00  0.8582E+00  0.8415E+00  0.6549E+00
      2.0325       30.0000  0.5721E+00  0.5861E+00  0.9285E+00  0.1023E+01  0.1069E+01  0.1081E+01  0.9963E+00  0.9128E+00  0.8647E+00  0.8547E+00  0.8440E+00  0.8338E+00  0.8397E+00  0.8439E+00  0.8455E+00  0.8474E+00  0.8492E+00  0.8459E+00  0.8436E+00  0.8421E+00  0.8448E+00  0.8492E+00  0.8543E+00  0.8582E+00  0.8415E+00  0.6549E+00
      2.1680       40.0000  0.5721E+00  0.5782E+00  0.8974E+00  0.1007E+01  0.1053E+01  0.1071E+01  0.9938E+00  0.9128E+00  0.8646E+00  0.8546E+00  0.8440E+00  0.8338E+00  0.8397E+00  0.8439E+00  0.8455E+00  0.8474E+00  0.8492E+00  0.8459E+00  0.8436E+00  0.8421E+00  0.8448E+00  0.8492E+00  0.8543E+00  0.8582E+00  0.8415E+00  0.6549E+00
      2.3035       50.0000  0.5721E+00  0.5713E+00  0.8695E+00  0.9875E+00  0.1039E+01  0.1063E+01  0.9917E+00  0.9127E+00  0.8646E+00  0.8546E+00  0.8440E+00  0.8338E+00  0.8397E+00  0.8439E+00  0.8455E+00  0.8474E+00  0.8492E+00  0.8459E+00  0.8436E+00  0.8421E+00  0.8448E+00  0.8492E+00  0.8543E+00  0.8582E+00  0.8415E+00  0.6549E+00
      2.4390       60.0000  0.5721E+00  0.5651E+00  0.8453E+00  0.9704E+00  0.1022E+01  0.1056E+01  0.9899E+00  0.9126E+00  0.8646E+00  0.8546E+00  0.8440E+00  0.8338E+00  0.8397E+00  0.8439E+00  0.8455E+00  0.8474E+00  0.8492E+00  0.8459E+00  0.8436E+00  0.8421E+00  0.8448E+00  0.8492E+00  0.8543E+00  0.8582E+00  0.8415E+00  0.6549E+00
      2.5745       70.0000  0.5721E+00  0.5597E+00  0.8243E+00  0.9560E+00  0.1008E+01  0.1050E+01  0.9884E+00  0.9126E+00  0.8645E+00  0.8546E+00  0.8440E+00  0.8338E+00  0.8397E+00  0.8439E+00  0.8455E+00  0.8474E+00  0.8492E+00  0.8459E+00  0.8436E+00  0.8421E+00  0.8448E+00  0.8492E+00  0.8543E+00  0.8582E+00  0.8415E+00  0.6549E+00
      2.7100       80.0000  0.5721E+00  0.5549E+00  0.8061E+00  0.9438E+00  0.9963E+00  0.1043E+01  0.9871E+00  0.9125E+00  0.8645E+00  0.8546E+00  0.8440E+00  0.8338E+00  0.8397E+00  0.8439E+00  0.8455E+00  0.8474E+00  0.8492E+00  0.8459E+00  0.8436E+00  0.8421E+00  0.8448E+00  0.8492E+00  0.8543E+00  0.8582E+00  0.8415E+00  0.6549E+00
      2.8455       90.0000  0.5721E+00  0.5506E+00  0.7904E+00  0.9336E+00  0.9867E+00  0.1038E+01  0.9860E+00  0.9125E+00  0.8645E+00  0.8546E+00  0.8440E+00  0.8338E+00  0.8397E+00  0.8439E+00  0.8455E+00  0.8474E+00  0.8492E+00  0.8459E+00  0.8436E+00  0.8421E+00  0.8448E+00  0.8492E+00  0.8543E+00  0.8582E+00  0.8415E+00  0.6549E+00
      2.9810      100.0000  0.5721E+00  0.5468E+00  0.7768E+00  0.9250E+00  0.9788E+00  0.1034E+01  0.9851E+00  0.9125E+00  0.8645E+00  0.8545E+00  0.8440E+00  0.8338E+00  0.8397E+00  0.8439E+00  0.8455E+00  0.8474E+00  0.8492E+00  0.8459E+00  0.8436E+00  0.8421E+00  0.8448E+00  0.8492E+00  0.8543E+00  0.8582E+00  0.8415E+00  0.6549E+00
      3.1165      110.0000  0.5721E+00  0.5435E+00  0.7650E+00  0.9178E+00  0.9724E+00  0.1030E+01  0.9843E+00  0.9124E+00  0.8644E+00  0.8545E+00  0.8440E+00  0.8338E+00  0.8397E+00  0.8439E+00  0.8455E+00  0.8474E+00  0.8492E+00  0.8459E+00  0.8436E+00  0.8421E+00  0.8448E+00  0.8492E+00  0.8543E+00  0.8583E+00  0.8415E+00  0.6549E+00
      3.2520      120.0000  0.5721E+00  0.5405E+00  0.7548E+00  0.9117E+00  0.9671E+00  0.1027E+01  0.9836E+00  0.9124E+00  0.8644E+00  0.8545E+00  0.8440E+00  0.8338E+00  0.8397E+00  0.8439E+00  0.8455E+00  0.8474E+00  0.8492E+00  0.8459E+00  0.8436E+00  0.8421E+00  0.8448E+00  0.8492E+00  0.8543E+00  0.8583E+00  0.8415E+00  0.6549E+00
      3.3875      130.0000  0.5721E+00  0.5379E+00  0.7460E+00  0.9066E+00  0.9628E+00  0.1025E+01  0.9831E+00  0.9124E+00  0.8644E+00  0.8545E+00  0.8440E+00  0.8338E+00  0.8397E+00  0.8439E+00  0.8455E+00  0.8474E+00  0.8492E+00  0.8459E+00  0.8436E+00  0.8421E+00  0.8448E+00  0.8492E+00  0.8543E+00  0.8583E+00  0.8415E+00  0.6549E+00
      3.5230      140.0000  0.5721E+00  0.5355E+00  0.7384E+00  0.9024E+00  0.9592E+00  0.1023E+01  0.9827E+00  0.9124E+00  0.8644E+00  0.8545E+00  0.8440E+00  0.8338E+00  0.8397E+00  0.8439E+00  0.8455E+00  0.8474E+00  0.8492E+00  0.8459E+00  0.8436E+00  0.8421E+00  0.8448E+00  0.8492E+00  0.8543E+00  0.8583E+00  0.8415E+00  0.6549E+00
      3.6585      150.0000  0.5721E+00  0.5335E+00  0.7319E+00  0.8988E+00  0.9563E+00  0.1022E+01  0.9824E+00  0.9123E+00  0.8644E+00  0.8545E+00  0.8440E+00  0.8337E+00  0.8397E+00  0.8439E+00  0.8455E+00  0.8474E+00  0.8492E+00  0.8459E+00  0.8436E+00  0.8421E+00  0.8448E+00  0.8492E+00  0.8543E+00  0.8583E+00  0.8415E+00  0.6549E+00
      3.7940      160.0000  0.5721E+00  0.5316E+00  0.7263E+00  0.8958E+00  0.9540E+00  0.1020E+01  0.9822E+00  0.9123E+00  0.8644E+00  0.8545E+00  0.8440E+00  0.8337E+00  0.8397E+00  0.8439E+00  0.8455E+00  0.8474E+00  0.8492E+00  0.8459E+00  0.8436E+00  0.8421E+00  0.8448E+00  0.8492E+00  0.8543E+00  0.8583E+00  0.8415E+00  0.6549E+00
      3.9295      170.0000  0.5721E+00  0.5300E+00  0.7214E+00  0.8933E+00  0.9521E+00  0.1019E+01  0.9820E+00  0.9123E+00  0.8644E+00  0.8545E+00  0.8439E+00  0.8337E+00  0.8397E+00  0.8439E+00  0.8455E+00  0.8474E+00  0.8492E+00  0.8459E+00  0.8436E+00  0.8421E+00  0.8448E+00  0.8492E+00  0.8543E+00  0.8583E+00  0.8415E+00  0.6549E+00
      4.0650      180.0000  0.5721E+00  0.5285E+00  0.7172E+00  0.8913E+00  0.9506E+00  0.1019E+01  0.9819E+00  0.9123E+00  0.8643E+00  0.8545E+00  0.8439E+00  0.8337E+00  0.8397E+00  0.8439E+00  0.8455E+00  0.8474E+00  0.8492E+00  0.8459E+00  0.8436E+00  0.8421E+00  0.8448E+00  0.8492E+00  0.8543E+00  0.8583E+00  0.8415E+00  0.6549E+00
      4.2005      190.0000  0.5721E+00  0.5272E+00  0.7136E+00  0.8896E+00  0.9494E+00  0.1018E+01  0.9818E+00  0.9123E+00  0.8643E+00  0.8545E+00  0.8439E+00  0.8337E+00  0.8397E+00  0.8439E+00  0.8455E+00  0.8474E+00  0.8492E+00  0.8459E+00  0.8436E+00  0.8421E+00  0.8448E+00  0.8492E+00  0.8543E+00  0.8583E+00  0.8415E+00  0.6549E+00
      4.3360      200.0000  0.5721E+00  0.5260E+00  0.7105E+00  0.8881E+00  0.9484E+00  0.1017E+01  0.9817E+00  0.9123E+00  0.8643E+00  0.8545E+00  0.8439E+00  0.8337E+00  0.8397E+00  0.8439E+00  0.8455E+00  0.8474E+00  0.8492E+00  0.8459E+00  0.8436E+00  0.8421E+00  0.8448E+00  0.8492E+00  0.8543E+00  0.8583E+00  0.8415E+00  0.6549E+00
      4.4715      210.0000  0.5721E+00  0.5250E+00  0.7079E+00  0.8870E+00  0.9477E+00  0.1017E+01  0.9817E+00  0.9122E+00  0.8643E+00  0.8545E+00  0.8439E+00  0.8337E+00  0.8397E+00  0.8439E+00  0.8455E+00  0.8474E+00  0.8492E+00  0.8459E+00  0.8436E+00  0.8421E+00  0.8448E+00  0.8492E+00  0.8543E+00  0.8583E+00  0.8415E+00  0.6549E+00
      4.6070      220.0000  0.5721E+00  0.5240E+00  0.7056E+00  0.8860E+00  0.9471E+00  0.1017E+01  0.9816E+00  0.9122E+00  0.8643E+00  0.8545E+00  0.8439E+00  0.8337E+00  0.8397E+00  0.8439E+00  0.8455E+00  0.8474E+00  0.8492E+00  0.8459E+00  0.8436E+00  0.8421E+00  0.8448E+00  0.8492E+00  0.8543E+00  0.8583E+00  0.8415E+00  0.6549E+00
      4.7425      230.0000  0.5721E+00  0.5232E+00  0.7036E+00  0.8852E+00  0.9466E+00  0.1016E+01  0.9816E+00  0.9122E+00  0.8643E+00  0.8544E+00  0.8439E+00  0.8337E+00  0.8397E+00  0.8439E+00  0.8455E+00  0.8474E+00  0.8492E+00  0.8459E+00  0.8436E+00  0.8421E+00  0.8448E+00  0.8492E+00  0.8543E+00  0.8583E+00  0.8415E+00  0.6549E+00
      4.8780      240.0000  0.5721E+00  0.5225E+00  0.7019E+00  0.8846E+00  0.9463E+00  0.1016E+01  0.9816E+00  0.9122E+00  0.8643E+00  0.8544E+00  0.8439E+00  0.8337E+00  0.8397E+00  0.8439E+00  0.8455E+00  0.8474E+00  0.8492E+00  0.8459E+00  0.8436E+00  0.8421E+00  0.8448E+00  0.8492E+00  0.8543E+00  0.8583E+00  0.8415E+00  0.6549E+00
      5.0136      250.0000  0.5721E+00  0.5218E+00  0.7005E+00  0.8841E+00  0.9461E+00  0.1016E+01  0.9817E+00  0.9122E+00  0.8643E+00  0.8544E+00  0.8439E+00  0.8337E+00  0.8397E+00  0.8439E+00  0.8455E+00  0.8474E+00  0.8492E+00  0.8459E+00  0.8436E+00  0.8421E+00  0.8448E+00  0.8492E+00  0.8543E+00  0.8583E+00  0.8415E+00  0.6549E+00
      5.1491      260.0000  0.5721E+00  0.5212E+00  0.6992E+00  0.8837E+00  0.9459E+00  0.1016E+01  0.9817E+00  0.9122E+00  0.8643E+00  0.8544E+00  0.8439E+00  0.8337E+00  0.8397E+00  0.8439E+00  0.8455E+00  0.8474E+00  0.8492E+00  0.8459E+00  0.8436E+00  0.8421E+00  0.8448E+00  0.8492E+00  0.8543E+00  0.8583E+00  0.8415E+00  0.6549E+00
      5.2846      270.0000  0.5721E+00  0.5207E+00  0.6981E+00  0.8834E+00  0.9458E+00  0.1016E+01  0.9817E+00  0.9122E+00  0.8643E+00  0.8544E+00  0.8439E+00  0.8337E+00  0.8397E+00  0.8439E+00  0.8455E+00  0.8474E+00  0.8492E+00  0.8459E+00  0.8436E+00  0.8421E+00  0.8448E+00  0.8492E+00  0.8543E+00  0.8583E+00  0.8415E+00  0.6549E+00
      5.4201      280.0000  0.5721E+00  0.5202E+00  0.6972E+00  0.8831E+00  0.9458E+00  0.1016E+01  0.9817E+00  0.9122E+00  0.8642E+00  0.8544E+00  0.8439E+00  0.8337E+00  0.8397E+00  0.8438E+00  0.8455E+00  0.8474E+00  0.8492E+00  0.8459E+00  0.8436E+00  0.8421E+00  0.8448E+00  0.8492E+00  0.8543E+00  0.8583E+00  0.8415E+00  0.6549E+00
      5.5556      290.0000  0.5721E+00  0.5198E+00  0.6964E+00  0.8830E+00  0.9458E+00  0.1015E+01  0.9818E+00  0.9122E+00  0.8642E+00  0.8544E+00  0.8439E+00  0.8337E+00  0.8397E+00  0.8438E+00  0.8455E+00  0.8474E+00  0.8492E+00  0.8459E+00  0.8436E+00  0.8421E+00  0.8448E+00  0.8492E+00  0.8543E+00  0.8583E+00  0.8415E+00  0.6549E+00
      5.6911      300.0000  0.5721E+00  0.5194E+00  0.6958E+00  0.8828E+00  0.9458E+00  0.1015E+01  0.9818E+00  0.9121E+00  0.8642E+00  0.8544E+00  0.8439E+00  0.8337E+00  0.8397E+00  0.8438E+00  0.8455E+00  0.8474E+00  0.8492E+00  0.8459E+00  0.8436E+00  0.8421E+00  0.8448E+00  0.8492E+00  0.8543E+00  0.8583E+00  0.8415E+00  0.6549E+00
      5.8266      310.0000  0.5721E+00  0.5190E+00  0.6952E+00  0.8827E+00  0.9459E+00  0.1015E+01  0.9818E+00  0.9121E+00  0.8642E+00  0.8544E+00  0.8439E+00  0.8337E+00  0.8397E+00  0.8438E+00  0.8455E+00  0.8474E+00  0.8492E+00  0.8459E+00  0.8436E+00  0.8421E+00  0.8448E+00  0.8492E+00  0.8543E+00  0.8583E+00  0.8415E+00  0.6549E+00
      5.9621      320.0000  0.5721E+00  0.5187E+00  0.6947E+00  0.8827E+00  0.9460E+00  0.1015E+01  0.9819E+00  0.9121E+00  0.8642E+00  0.8544E+00  0.8439E+00  0.8337E+00  0.8397E+00  0.8438E+00  0.8455E+00  0.8474E+00  0.8492E+00  0.8459E+00  0.8436E+00  0.8421E+00  0.8448E+00  0.8492E+00  0.8543E+00  0.8583E+00  0.8415E+00  0.6549E+00
      6.0976      330.0000  0.5721E+00  0.5184E+00  0.6942E+00  0.8827E+00  0.9461E+00  0.1015E+01  0.9819E+00  0.9121E+00  0.8642E+00  0.8544E+00  0.8439E+00  0.8337E+00  0.8397E+00  0.8438E+00  0.8455E+00  0.8474E+00  0.8492E+00  0.8459E+00  0.8436E+00  0.8421E+00  0.8448E+00  0.8492E+00  0.8543E+00  0.8583E+00  0.8415E+00  0.6549E+00
      6.2331      340.0000  0.5721E+00  0.5182E+00  0.6939E+00  0.8827E+00  0.9462E+00  0.1015E+01  0.9819E+00  0.9121E+00  0.8642E+00  0.8544E+00  0.8439E+00  0.8337E+00  0.8397E+00  0.8438E+00  0.8455E+00  0.8474E+00  0.8492E+00  0.8459E+00  0.8436E+00  0.8421E+00  0.8448E+00  0.8492E+00  0.8543E+00  0.8583E+00  0.8415E+00  0.6549E+00
      6.3686      350.0000  0.5721E+00  0.5180E+00  0.6936E+00  0.8827E+00  0.9463E+00  0.1015E+01  0.9820E+00  0.9121E+00  0.8642E+00  0.8544E+00  0.8439E+00  0.8337E+00  0.8397E+00  0.8438E+00  0.8455E+00  0.8474E+00  0.8492E+00  0.8459E+00  0.8436E+00  0.8421E+00  0.8448E+00  0.8492E+00  0.8543E+00  0.8583E+00  0.8415E+00  0.6549E+00
      6.5041      360.0000  0.5721E+00  0.5178E+00  0.6933E+00  0.8828E+00  0.9465E+00  0.1015E+01  0.9820E+00  0.9121E+00  0.8642E+00  0.8544E+00  0.8439E+00  0.8337E+00  0.8397E+00  0.8438E+00  0.8455E+00  0.8474E+00  0.8492E+00  0.8459E+00  0.8436E+00  0.8421E+00  0.8448E+00  0.8492E+00  0.8543E+00  0.8583E+00  0.8415E+00  0.6549E+00
      6.6396       10.0000  0.5721E+00  0.5176E+00  0.6931E+00  0.8828E+00  0.9466E+00  0.1015E+01  0.9821E+00  0.9121E+00  0.8642E+00  0.8544E+00  0.8439E+00  0.8337E+00  0.8397E+00  0.8438E+00  0.8455E+00  0.8474E+00  0.8492E+00  0.8459E+00  0.8436E+00  0.8421E+00  0.8448E+00  0.8492E+00  0.8543E+00  0.8583E+00  0.8415E+00  0.6549E+00
      6.7751       20.0000  0.5721E+00  0.5174E+00  0.6929E+00  0.8829E+00  0.9468E+00  0.1015E+01  0.9821E+00  0.9121E+00  0.8642E+00  0.8544E+00  0.8439E+00  0.8337E+00  0.8397E+00  0.8438E+00  0.8455E+00  0.8474E+00  0.8492E+00  0.8459E+00  0.8436E+00  0.8421E+00  0.8448E+00  0.8492E+00  0.8543E+00  0.8583E+00  0.8415E+00  0.6549E+00
      6.9106       30.0000  0.5721E+00  0.5173E+00  0.6927E+00  0.8830E+00  0.9469E+00  0.1015E+01  0.9821E+00  0.9121E+00  0.8642E+00  0.8544E+00  0.8439E+00  0.8337E+00  0.8397E+00  0.8438E+00  0.8455E+00  0.8474E+00  0.8492E+00  0.8459E+00  0.8436E+00  0.8421E+00  0.8449E+00  0.8492E+00  0.8543E+00  0.8583E+00  0.8415E+00  0.6549E+00
      7.0461       40.0000  0.5721E+00  0.5171E+00  0.6925E+00  0.8831E+00  0.9471E+00  0.1015E+01  0.9822E+00  0.9121E+00  0.8642E+00  0.8544E+00  0.8439E+00  0.8337E+00  0.8397E+00  0.8438E+00  0.8455E+00  0.8474E+00  0.8492E+00  0.8459E+00  0.8436E+00  0.8421E+00  0.8448E+00  0.8492E+00  0.8543E+00  0.8583E+00  0.8415E+00  0.6549E+00
      7.1816       50.0000  0.5721E+00  0.5170E+00  0.6924E+00  0.8832E+00  0.9472E+00  0.1015E+01  0.9822E+00  0.9121E+00  0.8642E+00  0.8544E+00  0.8439E+00  0.8337E+00  0.8397E+00  0.8438E+00  0.8455E+00  0.8474E+00  0.8492E+00  0.8459E+00  0.8436E+00  0.8421E+00  0.8448E+00  0.8492E+00  0.8543E+00  0.8583E+00  0.8415E+00  0.6549E+00
      7.3171       60.0000  0.5721E+00  0.5169E+00  0.6923E+00  0.8833E+00  0.9474E+00  0.1015E+01  0.9822E+00  0.9121E+00  0.8642E+00  0.8544E+00  0.8439E+00  0.8337E+00  0.8397E+00  0.8438E+00  0.8455E+00  0.8474E+00  0.8492E+00  0.8459E+00  0.8436E+00  0.8421E+00  0.8448E+00  0.8492E+00  0.8543E+00  0.8583E+00  0.8415E+00  0.6549E+00
      7.4526       70.0000  0.5721E+00  0.5168E+00  0.6922E+00  0.8834E+00  0.9476E+00  0.1015E+01  0.9823E+00  0.9120E+00  0.8642E+00  0.8544E+00  0.8439E+00  0.8337E+00  0.8397E+00  0.8438E+00  0.8455E+00  0.8474E+00  0.8492E+00  0.8459E+00  0.8436E+00  0.8421E+00  0.8448E+00  0.8492E+00  0.8543E+00  0.8583E+00  0.8415E+00  0.6549E+00
      7.5881       80.0000  0.5721E+00  0.5167E+00  0.6921E+00  0.8835E+00  0.9477E+00  0.1015E+01  0.9823E+00  0.9120E+00  0.8642E+00  0.8544E+00  0.8439E+00  0.8337E+00  0.8397E+00  0.8438E+00  0.8455E+00  0.8474E+00  0.8492E+00  0.8459E+00  0.8436E+00  0.8421E+00  0.8448E+00  0.8492E+00  0.8543E+00  0.8583E+00  0.8415E+00  0.6549E+00
      7.7236       90.0000  0.5721E+00  0.5166E+00  0.6921E+00  0.8836E+00  0.9479E+00  0.1015E+01  0.9824E+00  0.9120E+00  0.8642E+00  0.8544E+00  0.8439E+00  0.8337E+00  0.8397E+00  0.8438E+00  0.8455E+00  0.8474E+00  0.8492E+00  0.8459E+00  0.8436E+00  0.8421E+00  0.8448E+00  0.8492E+00  0.8543E+00  0.8583E+00  0.8415E+00  0.6549E+00
      7.8591      100.0000  0.5721E+00  0.5166E+00  0.6920E+00  0.8837E+00  0.9480E+00  0.1015E+01  0.9824E+00  0.9120E+00  0.8642E+00  0.8544E+00  0.8439E+00  0.8337E+00  0.8397E+00  0.8438E+00  0.8455E+00  0.8474E+00  0.8492E+00  0.8459E+00  0.8436E+00  0.8421E+00  0.8448E+00  0.8492E+00  0.8543E+00  0.8583E+00  0.8415E+00  0.6549E+00
      7.9946      110.0000  0.5721E+00  0.5165E+00  0.6920E+00  0.8838E+00  0.9482E+00  0.1015E+01  0.9824E+00  0.9120E+00  0.8641E+00  0.8544E+00  0.8439E+00  0.8337E+00  0.8397E+00  0.8438E+00  0.8455E+00  0.8474E+00  0.8492E+00  0.8459E+00  0.8436E+00  0.8421E+00  0.8448E+00  0.8492E+00  0.8543E+00  0.8583E+00  0.8415E+00  0.6549E+00
      8.1301      120.0000  0.5721E+00  0.5164E+00  0.6919E+00  0.8839E+00  0.9484E+00  0.1015E+01  0.9825E+00  0.9120E+00  0.8641E+00  0.8544E+00  0.8439E+00  0.8337E+00  0.8397E+00  0.8438E+00  0.8455E+00  0.8474E+00  0.8492E+00  0.8459E+00  0.8436E+00  0.8421E+00  0.8449E+00  0.8492E+00  0.8543E+00  0.8583E+00  0.8415E+00  0.6549E+00
      8.2656      130.0000  0.5721E+00  0.5164E+00  0.6919E+00  0.8840E+00  0.9485E+00  0.1015E+01  0.9825E+00  0.9120E+00  0.8641E+00  0.8544E+00  0.8439E+00  0.8337E+00  0.8397E+00  0.8438E+00  0.8455E+00  0.8474E+00  0.8492E+00  0.8459E+00  0.8436E+00  0.8421E+00  0.8448E+00  0.8492E+00  0.8543E+00  0.8583E+00  0.8415E+00  0.6549E+00
      8.4011      140.0000  0.5721E+00  0.5163E+00  0.6918E+00  0.8841E+00  0.9487E+00  0.1015E+01  0.9825E+00  0.9120E+00  0.8641E+00  0.8544E+00  0.8439E+00  0.8337E+00  0.8397E+00  0.8438E+00  0.8455E+00  0.8474E+00  0.8492E+00  0.8459E+00  0.8436E+00  0.8421E+00  0.8448E+00  0.8492E+00  0.8543E+00  0.8583E+00  0.8415E+00  0.6549E+00
      8.5366      150.0000  0.5721E+00  0.5163E+00  0.6918E+00  0.8842E+00  0.9488E+00  0.1015E+01  0.9826E+00  0.9120E+00  0.8641E+00  0.8544E+00  0.8439E+00  0.8337E+00  0.8397E+00  0.8438E+00  0.8455E+00  0.8474E+00  0.8492E+00  0.8459E+00  0.8436E+00  0.8421E+00  0.8448E+00  0.8492E+00  0.8543E+00  0.8583E+00  0.8415E+00  0.6549E+00
      8.6721      160.0000  0.5721E+00  0.5162E+00  0.6918E+00  0.8843E+00  0.9490E+00  0.1015E+01  0.9826E+00  0.9120E+00  0.8641E+00  0.8544E+00  0.8439E+00  0.8337E+00  0.8397E+00  0.8438E+00  0.8455E+00  0.8474E+00  0.8492E+00  0.8459E+00  0.8436E+00  0.8421E+00  0.8448E+00  0.8492E+00  0.8543E+00  0.8583E+00  0.8415E+00  0.6549E+00
      8.8076      170.0000  0.5721E+00  0.5162E+00  0.6918E+00  0.8844E+00  0.9491E+00  0.1015E+01  0.9826E+00  0.9120E+00  0.8641E+00  0.8544E+00  0.8439E+00  0.8337E+00  0.8397E+00  0.8438E+00  0.8455E+00  0.8474E+00  0.8492E+00  0.8459E+00  0.8436E+00  0.8421E+00  0.8448E+00  0.8492E+00  0.8543E+00  0.8583E+00  0.8415E+00  0.6549E+00
      8.9431      180.0000  0.5721E+00  0.5162E+00  0.6918E+00  0.8845E+00  0.9492E+00  0.1015E+01  0.9827E+00  0.9120E+00  0.8641E+00  0.8544E+00  0.8439E+00  0.8337E+00  0.8397E+00  0.8438E+00  0.8455E+00  0.8474E+00  0.8492E+00  0.8459E+00  0.8436E+00  0.8421E+00  0.8448E+00  0.8492E+00  0.8543E+00  0.8583E+00  0.8415E+00  0.6549E+00
      9.0786      190.0000  0.5721E+00  0.5161E+00  0.6917E+00  0.8846E+00  0.9494E+00  0.1015E+01  0.9827E+00  0.9120E+00  0.8641E+00  0.8544E+00  0.8439E+00  0.8337E+00  0.8397E+00  0.8438E+00  0.8455E+00  0.8474E+00  0.8492E+00  0.8459E+00  0.8436E+00  0.8421E+00  0.8448E+00  0.8492E+00  0.8543E+00  0.8583E+00  0.8415E+00  0.6549E+00
      9.2141      200.0000  0.5721E+00  0.5161E+00  0.6917E+00  0.8847E+00  0.9495E+00  0.1015E+01  0.9827E+00  0.9120E+00  0.8641E+00  0.8543E+00  0.8439E+00  0.8337E+00  0.8397E+00  0.8438E+00  0.8455E+00  0.8474E+00  0.8492E+00  0.8459E+00  0.8436E+00  0.8421E+00  0.8448E+00  0.8492E+00  0.8543E+00  0.8583E+00  0.8415E+00  0.6549E+00
      9.3496      210.0000  0.5721E+00  0.5161E+00  0.6917E+00  0.8848E+00  0.9497E+00  0.1015E+01  0.9827E+00  0.9120E+00  0.8641E+00  0.8543E+00  0.8439E+00  0.8337E+00  0.8397E+00  0.8438E+00  0.8455E+00  0.8474E+00  0.8492E+00  0.8459E+00  0.8436E+00  0.8421E+00  0.8449E+00  0.8492E+00  0.8543E+00  0.8583E+00  0.8415E+00  0.6549E+00
      9.4851      220.0000  0.5721E+00  0.5161E+00  0.6917E+00  0.8849E+00  0.9498E+00  0.1015E+01  0.9828E+00  0.9120E+00  0.8641E+00  0.8543E+00  0.8439E+00  0.8337E+00  0.8397E+00  0.8438E+00  0.8455E+00  0.8474E+00  0.8492E+00  0.8459E+00  0.8436E+00  0.8421E+00  0.8448E+00  0.8492E+00  0.8543E+00  0.8583E+00  0.8415E+00  0.6549E+00
      9.6206      230.0000  0.5721E+00  0.5160E+00  0.6917E+00  0.8850E+00  0.9499E+00  0.1015E+01  0.9828E+00  0.9120E+00  0.8641E+00  0.8543E+00  0.8439E+00  0.8337E+00  0.8397E+00  0.8438E+00  0.8455E+00  0.8474E+00  0.8492E+00  0.8459E+00  0.8436E+00  0.8421E+00  0.8448E+00  0.8492E+00  0.8543E+00  0.8583E+00  0.8415E+00  0.6549E+00
      9.7561      240.0000  0.5721E+00  0.5160E+00  0.6917E+00  0.8851E+00  0.9500E+00  0.1015E+01  0.9828E+00  0.9120E+00  0.8641E+00  0.8543E+00  0.8439E+00  0.8337E+00  0.8397E+00  0.8438E+00  0.8455E+00  0.8474E+00  0.8492E+00  0.8459E+00  0.8436E+00  0.8421E+00  0.8448E+00  0.8492E+00  0.8543E+00  0.8583E+00  0.8415E+00  0.6549E+00
      9.8916      250.0000  0.5721E+00  0.5160E+00  0.6917E+00  0.8852E+00  0.9502E+00  0.1015E+01  0.9829E+00  0.9120E+00  0.8641E+00  0.8543E+00  0.8439E+00  0.8337E+00  0.8397E+00  0.8438E+00  0.8455E+00  0.8474E+00  0.8492E+00  0.8459E+00  0.8436E+00  0.8421E+00  0.8448E+00  0.8492E+00  0.8543E+00  0.8583E+00  0.8415E+00  0.6549E+00
     10.0271      260.0000  0.5721E+00  0.5160E+00  0.6917E+00  0.8853E+00  0.9503E+00  0.1015E+01  0.9829E+00  0.9120E+00  0.8641E+00  0.8543E+00  0.8439E+00  0.8337E+00  0.8397E+00  0.8438E+00  0.8455E+00  0.8474E+00  0.8492E+00  0.8459E+00  0.8436E+00  0.8421E+00  0.8448E+00  0.8492E+00  0.8543E+00  0.8583E+00  0.8415E+00  0.6549E+00
     10.1626      270.0000  0.5721E+00  0.5160E+00  0.6917E+00  0.8853E+00  0.9504E+00  0.1015E+01  0.9829E+00  0.9120E+00  0.8641E+00  0.8543E+00  0.8439E+00  0.8337E+00  0.8397E+00  0.8438E+00  0.8455E+00  0.8474E+00  0.8492E+00  0.8459E+00  0.8436E+00  0.8421E+00  0.8448E+00  0.8492E+00  0.8543E+00  0.8583E+00  0.8415E+00  0.6549E+00
     10.2981      280.0000  0.5721E+00  0.5160E+00  0.6917E+00  0.8854E+00  0.9505E+00  0.1015E+01  0.9829E+00  0.9119E+00  0.8641E+00  0.8543E+00  0.8439E+00  0.8337E+00  0.8397E+00  0.8438E+00  0.8455E+00  0.8474E+00  0.8492E+00  0.8459E+00  0.8436E+00  0.8421E+00  0.8448E+00  0.8492E+00  0.8543E+00  0.8583E+00  0.8415E+00  0.6549E+00
     10.4336      290.0000  0.5721E+00  0.5160E+00  0.6917E+00  0.8855E+00  0.9507E+00  0.1015E+01  0.9830E+00  0.9119E+00  0.8641E+00  0.8543E+00  0.8439E+00  0.8337E+00  0.8397E+00  0.8438E+00  0.8455E+00  0.8474E+00  0.8492E+00  0.8459E+00  0.8436E+00  0.8421E+00  0.8449E+00  0.8492E+00  0.8543E+00  0.8583E+00  0.8415E+00  0.6549E+00
     10.5691      300.0000  0.5721E+00  0.5160E+00  0.6917E+00  0.8856E+00  0.9508E+00  0.1015E+01  0.9830E+00  0.9119E+00  0.8641E+00  0.8543E+00  0.8439E+00  0.8337E+00  0.8397E+00  0.8438E+00  0.8455E+00  0.8474E+00  0.8492E+00  0.8459E+00  0.8436E+00  0.8421E+00  0.8449E+00  0.8492E+00  0.8543E+00  0.8583E+00  0.8415E+00  0.6549E+00
     10.7046      310.0000  0.5721E+00  0.5159E+00  0.6917E+00  0.8857E+00  0.9509E+00  0.1015E+01  0.9830E+00  0.9119E+00  0.8641E+00  0.8543E+00  0.8439E+00  0.8337E+00  0.8397E+00  0.8438E+00  0.8455E+00  0.8474E+00  0.8492E+00  0.8459E+00  0.8436E+00  0.8421E+00  0.8449E+00  0.8492E+00  0.8543E+00  0.8583E+00  0.8415E+00  0.6549E+00
     10.8401      320.0000  0.5721E+00  0.5159E+00  0.6917E+00  0.8857E+00  0.9510E+00  0.1015E+01  0.9830E+00  0.9119E+00  0.8641E+00  0.8543E+00  0.8439E+00  0.8337E+00  0.8397E+00  0.8438E+00  0.8455E+00  0.8474E+00  0.8492E+00  0.8459E+00  0.8436E+00  0.8421E+00  0.8449E+00  0.8492E+00  0.8543E+00  0.8583E+00  0.8415E+00  0.6549E+00
     10.9756      330.0000  0.5721E+00  0.5159E+00  0.6917E+00  0.8858E+00  0.9511E+00  0.1015E+01  0.9831E+00  0.9119E+00  0.8641E+00  0.8543E+00  0.8439E+00  0.8337E+00  0.8397E+00  0.8438E+00  0.8455E+00  0.8474E+00  0.8492E+00  0.8459E+00  0.8436E+00  0.8421E+00  0.8449E+00  0.8492E+00  0.8543E+00  0.8583E+00  0.8415E+00  0.6549E+00
     11.1111      340.0000  0.5721E+00  0.5159E+00  0.6917E+00  0.8859E+00  0.9512E+00  0.1015E+01  0.9831E+00  0.9119E+00  0.8641E+00  0.8543E+00  0.8439E+00  0.8337E+00  0.8397E+00  0.8438E+00  0.8455E+00  0.8474E+00  0.8492E+00  0.8459E+00  0.8436E+00  0.8421E+00  0.8449E+00  0.8492E+00  0.8543E+00  0.8583E+00  0.8415E+00  0.6549E+00
     11.2466      350.0000  0.5721E+00  0.5159E+00  0.6917E+00  0.8860E+00  0.9513E+00  0.1015E+01  0.9831E+00  0.9119E+00  0.8641E+00  0.8543E+00  0.8439E+00  0.8337E+00  0.8397E+00  0.8438E+00  0.8455E+00  0.8474E+00  0.8492E+00  0.8459E+00  0.8436E+00  0.8421E+00  0.8449E+00  0.8492E+00  0.8543E+00  0.8583E+00  0.8415E+00  0.6549E+00
     11.3821      360.0000  0.5721E+00  0.5159E+00  0.6917E+00  0.8860E+00  0.9514E+00  0.1015E+01  0.9831E+00  0.9119E+00  0.8641E+00  0.8543E+00  0.8439E+00  0.8337E+00  0.8397E+00  0.8438E+00  0.8455E+00  0.8474E+00  0.8492E+00  0.8459E+00  0.8436E+00  0.8421E+00  0.8448E+00  0.8492E+00  0.8543E+00  0.8583E+00  0.8415E+00  0.6549E+00
     11.5176       10.0000  0.5721E+00  0.5159E+00  0.6917E+00  0.8861E+00  0.9515E+00  0.1015E+01  0.9831E+00  0.9119E+00  0.8641E+00  0.8543E+00  0.8439E+00  0.8337E+00  0.8397E+00  0.8438E+00  0.8455E+00  0.8474E+00  0.8492E+00  0.8459E+00  0.8436E+00  0.8421E+00  0.8449E+00  0.8492E+00  0.8543E+00  0.8583E+00  0.8415E+00  0.6549E+00
     11.6531       20.0000  0.5721E+00  0.5159E+00  0.6917E+00  0.8862E+00  0.9516E+00  0.1015E+01  0.9832E+00  0.9119E+00  0.8641E+00  0.8543E+00  0.8439E+00  0.8337E+00  0.8397E+00  0.8438E+00  0.8455E+00  0.8474E+00  0.8492E+00  0.8459E+00  0.8436E+00  0.8421E+00  0.8449E+00  0.8492E+00  0.8543E+00  0.8583E+00  0.8415E+00  0.6549E+00
     11.7886       30.0000  0.5721E+00  0.5159E+00  0.6917E+00  0.8863E+00  0.9517E+00  0.1015E+01  0.9832E+00  0.9119E+00  0.8641E+00  0.8543E+00  0.8439E+00  0.8337E+00  0.8397E+00  0.8438E+00  0.8455E+00  0.8474E+00  0.8492E+00  0.8459E+00  0.8436E+00  0.8421E+00  0.8449E+00  0.8492E+00  0.8543E+00  0.8583E+00  0.8415E+00  0.6549E+00
     11.9241       40.0000  0.5721E+00  0.5159E+00  0.6917E+00  0.8863E+00  0.9518E+00  0.1015E+01  0.9832E+00  0.9119E+00  0.8641E+00  0.8543E+00  0.8439E+00  0.8337E+00  0.8397E+00  0.8438E+00  0.8455E+00  0.8474E+00  0.8492E+00  0.8459E+00  0.8436E+00  0.8421E+00  0.8449E+00  0.8492E+00  0.8543E+00  0.8583E+00  0.8415E+00  0.6549E+00
     12.0596       50.0000  0.5721E+00  0.5159E+00  0.6917E+00  0.8864E+00  0.9519E+00  0.1015E+01  0.9832E+00  0.9119E+00  0.8641E+00  0.8543E+00  0.8439E+00  0.8337E+00  0.8397E+00  0.8438E+00  0.8455E+00  0.8474E+00  0.8492E+00  0.8459E+00  0.8436E+00  0.8421E+00  0.8449E+00  0.8492E+00  0.8543E+00  0.8583E+00  0.8415E+00  0.6549E+00
     12.1951       60.0000  0.5721E+00  0.5159E+00  0.6917E+00  0.8865E+00  0.9520E+00  0.1015E+01  0.9833E+00  0.9119E+00  0.8641E+00  0.8543E+00  0.8439E+00  0.8337E+00  0.8397E+00  0.8438E+00  0.8455E+00  0.8474E+00  0.8492E+00  0.8459E+00  0.8436E+00  0.8421E+00  0.8449E+00  0.8492E+00  0.8543E+00  0.8583E+00  0.8415E+00  0.6549E+00
     12.3306       70.0000  0.5721E+00  0.5159E+00  0.6917E+00  0.8865E+00  0.9521E+00  0.1015E+01  0.9833E+00  0.9119E+00  0.8641E+00  0.8543E+00  0.8439E+00  0.8337E+00  0.8397E+00  0.8438E+00  0.8455E+00  0.8474E+00  0.8492E+00  0.8459E+00  0.8436E+00  0.8421E+00  0.8449E+00  0.8492E+00  0.8543E+00  0.8583E+00  0.8415E+00  0.6549E+00
     12.4661       80.0000  0.5721E+00  0.5159E+00  0.6917E+00  0.8866E+00  0.9521E+00  0.1015E+01  0.9833E+00  0.9119E+00  0.8640E+00  0.8543E+00  0.8439E+00  0.8337E+00  0.8397E+00  0.8438E+00  0.8455E+00  0.8474E+00  0.8492E+00  0.8459E+00  0.8436E+00  0.8421E+00  0.8449E+00  0.8492E+00  0.8543E+00  0.8583E+00  0.8415E+00  0.6549E+00
     12.6016       90.0000  0.5721E+00  0.5159E+00  0.6917E+00  0.8866E+00  0.9522E+00  0.1015E+01  0.9833E+00  0.9119E+00  0.8640E+00  0.8543E+00  0.8439E+00  0.8337E+00  0.8397E+00  0.8438E+00  0.8455E+00  0.8474E+00  0.8492E+00  0.8459E+00  0.8436E+00  0.8421E+00  0.8449E+00  0.8492E+00  0.8543E+00  0.8583E+00  0.8415E+00  0.6549E+00
     12.7371      100.0000  0.5721E+00  0.5159E+00  0.6917E+00  0.8867E+00  0.9523E+00  0.1015E+01  0.9833E+00  0.9119E+00  0.8640E+00  0.8543E+00  0.8439E+00  0.8337E+00  0.8397E+00  0.8438E+00  0.8455E+00  0.8474E+00  0.8492E+00  0.8459E+00  0.8436E+00  0.8421E+00  0.8449E+00  0.8492E+00  0.8543E+00  0.8583E+00  0.8415E+00  0.6549E+00
     12.8726      110.0000  0.5721E+00  0.5159E+00  0.6917E+00  0.8868E+00  0.9524E+00  0.1015E+01  0.9833E+00  0.9119E+00  0.8640E+00  0.8543E+00  0.8439E+00  0.8337E+00  0.8397E+00  0.8438E+00  0.8455E+00  0.8474E+00  0.8492E+00  0.8459E+00  0.8436E+00  0.8421E+00  0.8449E+00  0.8492E+00  0.8543E+00  0.8583E+00  0.8415E+00  0.6549E+00
     13.0081      120.0000  0.5721E+00  0.5159E+00  0.6917E+00  0.8868E+00  0.9525E+00  0.1015E+01  0.9834E+00  0.9119E+00  0.8640E+00  0.8543E+00  0.8439E+00  0.8337E+00  0.8397E+00  0.8438E+00  0.8455E+00  0.8474E+00  0.8492E+00  0.8459E+00  0.8436E+00  0.8421E+00  0.8449E+00  0.8492E+00  0.8543E+00  0.8583E+00  0.8415E+00  0.6549E+00
     13.1436      130.0000  0.5721E+00  0.5159E+00  0.6917E+00  0.8869E+00  0.9526E+00  0.1015E+01  0.9834E+00  0.9119E+00  0.8640E+00  0.8543E+00  0.8439E+00  0.8337E+00  0.8397E+00  0.8438E+00  0.8455E+00  0.8474E+00  0.8492E+00  0.8459E+00  0.8436E+00  0.8421E+00  0.8449E+00  0.8492E+00  0.8543E+00  0.8583E+00  0.8415E+00  0.6549E+00
     13.2791      140.0000  0.5721E+00  0.5159E+00  0.6917E+00  0.8869E+00  0.9526E+00  0.1015E+01  0.9834E+00  0.9119E+00  0.8640E+00  0.8543E+00  0.8438E+00  0.8337E+00  0.8397E+00  0.8438E+00  0.8455E+00  0.8474E+00  0.8492E+00  0.8459E+00  0.8436E+00  0.8421E+00  0.8449E+00  0.8492E+00  0.8543E+00  0.8583E+00  0.8415E+00  0.6549E+00
     13.4146      150.0000  0.5721E+00  0.5159E+00  0.6917E+00  0.8870E+00  0.9527E+00  0.1015E+01  0.9834E+00  0.9119E+00  0.8640E+00  0.8543E+00  0.8438E+00  0.8337E+00  0.8397E+00  0.8438E+00  0.8455E+00  0.8474E+00  0.8492E+00  0.8459E+00  0.8436E+00  0.8421E+00  0.8449E+00  0.8492E+00  0.8543E+00  0.8583E+00  0.8415E+00  0.6549E+00
     13.5501      160.0000  0.5721E+00  0.5159E+00  0.6917E+00  0.8870E+00  0.9528E+00  0.1015E+01  0.9834E+00  0.9119E+00  0.8640E+00  0.8543E+00  0.8438E+00  0.8337E+00  0.8397E+00  0.8438E+00  0.8455E+00  0.8474E+00  0.8492E+00  0.8459E+00  0.8436E+00  0.8421E+00  0.8449E+00  0.8492E+00  0.8543E+00  0.8583E+00  0.8415E+00  0.6549E+00
     13.6856      170.0000  0.5721E+00  0.5159E+00  0.6917E+00  0.8871E+00  0.9529E+00  0.1015E+01  0.9835E+00  0.9119E+00  0.8640E+00  0.8543E+00  0.8438E+00  0.8337E+00  0.8397E+00  0.8438E+00  0.8455E+00  0.8474E+00  0.8492E+00  0.8459E+00  0.8436E+00  0.8421E+00  0.8449E+00  0.8492E+00  0.8543E+00  0.8583E+00  0.8415E+00  0.6549E+00
     13.8211      180.0000  0.5721E+00  0.5159E+00  0.6917E+00  0.8871E+00  0.9529E+00  0.1015E+01  0.9835E+00  0.9119E+00  0.8640E+00  0.8543E+00  0.8438E+00  0.8337E+00  0.8397E+00  0.8438E+00  0.8455E+00  0.8474E+00  0.8492E+00  0.8459E+00  0.8436E+00  0.8421E+00  0.8449E+00  0.8492E+00  0.8543E+00  0.8583E+00  0.8415E+00  0.6549E+00
     13.9566      190.0000  0.5721E+00  0.5159E+00  0.6917E+00  0.8872E+00  0.9530E+00  0.1015E+01  0.9835E+00  0.9119E+00  0.8640E+00  0.8543E+00  0.8438E+00  0.8337E+00  0.8397E+00  0.8438E+00  0.8455E+00  0.8474E+00  0.8492E+00  0.8459E+00  0.8436E+00  0.8421E+00  0.8449E+00  0.8492E+00  0.8543E+00  0.8583E+00  0.8415E+00  0.6549E+00
     14.0921      200.0000  0.5721E+00  0.5159E+00  0.6917E+00  0.8872E+00  0.9531E+00  0.1015E+01  0.9835E+00  0.9119E+00  0.8640E+00  0.8543E+00  0.8438E+00  0.8337E+00  0.8397E+00  0.8438E+00  0.8455E+00  0.8474E+00  0.8492E+00  0.8459E+00  0.8436E+00  0.8421E+00  0.8449E+00  0.8492E+00  0.8543E+00  0.8583E+00  0.8415E+00  0.6549E+00
     14.2276      210.0000  0.5721E+00  0.5159E+00  0.6917E+00  0.8873E+00  0.9531E+00  0.1015E+01  0.9835E+00  0.9119E+00  0.8640E+00  0.8543E+00  0.8438E+00  0.8337E+00  0.8397E+00  0.8438E+00  0.8455E+00  0.8474E+00  0.8492E+00  0.8459E+00  0.8436E+00  0.8421E+00  0.8449E+00  0.8492E+00  0.8543E+00  0.8583E+00  0.8415E+00  0.6549E+00
     14.3631      220.0000  0.5721E+00  0.5159E+00  0.6917E+00  0.8873E+00  0.9532E+00  0.1015E+01  0.9835E+00  0.9119E+00  0.8640E+00  0.8543E+00  0.8438E+00  0.8337E+00  0.8397E+00  0.8438E+00  0.8455E+00  0.8474E+00  0.8492E+00  0.8459E+00  0.8436E+00  0.8421E+00  0.8449E+00  0.8492E+00  0.8543E+00  0.8583E+00  0.8415E+00  0.6549E+00
     14.4986      230.0000  0.5721E+00  0.5159E+00  0.6917E+00  0.8874E+00  0.9533E+00  0.1015E+01  0.9835E+00  0.9119E+00  0.8640E+00  0.8543E+00  0.8438E+00  0.8337E+00  0.8397E+00  0.8438E+00  0.8455E+00  0.8474E+00  0.8492E+00  0.8459E+00  0.8436E+00  0.8421E+00  0.8449E+00  0.8492E+00  0.8543E+00  0.8583E+00  0.8415E+00  0.6549E+00
     14.6341      240.0000  0.5721E+00  0.5159E+00  0.6917E+00  0.8874E+00  0.9533E+00  0.1015E+01  0.9836E+00  0.9119E+00  0.8640E+00  0.8543E+00  0.8438E+00  0.8337E+00  0.8397E+00  0.8438E+00  0.8455E+00  0.8474E+00  0.8492E+00  0.8459E+00  0.8436E+00  0.8421E+00  0.8449E+00  0.8492E+00  0.8543E+00  0.8583E+00  0.8415E+00  0.6549E+00
     14.7696      250.0000  0.5721E+00  0.5159E+00  0.6917E+00  0.8875E+00  0.9534E+00  0.1015E+01  0.9836E+00  0.9119E+00  0.8640E+00  0.8543E+00  0.8438E+00  0.8337E+00  0.8397E+00  0.8438E+00  0.8455E+00  0.8474E+00  0.8492E+00  0.8459E+00  0.8436E+00  0.8421E+00  0.8449E+00  0.8492E+00  0.8543E+00  0.8583E+00  0.8415E+00  0.6549E+00
     14.9051      260.0000  0.5721E+00  0.5159E+00  0.6917E+00  0.8875E+00  0.9535E+00  0.1015E+01  0.9836E+00  0.9119E+00  0.8640E+00  0.8543E+00  0.8438E+00  0.8337E+00  0.8397E+00  0.8438E+00  0.8455E+00  0.8474E+00  0.8492E+00  0.8459E+00  0.8436E+00  0.8421E+00  0.8449E+00  0.8492E+00  0.8543E+00  0.8583E+00  0.8415E+00  0.6549E+00
     15.0407      270.0000  0.5721E+00  0.5159E+00  0.6917E+00  0.8875E+00  0.9535E+00  0.1015E+01  0.9836E+00  0.9119E+00  0.8640E+00  0.8543E+00  0.8438E+00  0.8337E+00  0.8397E+00  0.8438E+00  0.8455E+00  0.8474E+00  0.8492E+00  0.8459E+00  0.8436E+00  0.8421E+00  0.8449E+00  0.8492E+00  0.8543E+00  0.8583E+00  0.8415E+00  0.6549E+00
     15.1762      280.0000  0.5721E+00  0.5159E+00  0.6917E+00  0.8876E+00  0.9536E+00  0.1015E+01  0.9836E+00  0.9118E+00  0.8640E+00  0.8543E+00  0.8438E+00  0.8337E+00  0.8397E+00  0.8438E+00  0.8455E+00  0.8474E+00  0.8492E+00  0.8459E+00  0.8436E+00  0.8421E+00  0.8449E+00  0.8492E+00  0.8543E+00  0.8583E+00  0.8415E+00  0.6549E+00
     15.3117      290.0000  0.5721E+00  0.5159E+00  0.6917E+00  0.8876E+00  0.9536E+00  0.1015E+01  0.9836E+00  0.9118E+00  0.8640E+00  0.8543E+00  0.8438E+00  0.8337E+00  0.8397E+00  0.8438E+00  0.8455E+00  0.8474E+00  0.8492E+00  0.8459E+00  0.8436E+00  0.8421E+00  0.8449E+00  0.8492E+00  0.8543E+00  0.8583E+00  0.8415E+00  0.6549E+00
     15.4472      300.0000  0.5721E+00  0.5159E+00  0.6917E+00  0.8877E+00  0.9537E+00  0.1015E+01  0.9836E+00  0.9118E+00  0.8640E+00  0.8543E+00  0.8438E+00  0.8337E+00  0.8397E+00  0.8438E+00  0.8455E+00  0.8474E+00  0.8492E+00  0.8459E+00  0.8436E+00  0.8421E+00  0.8449E+00  0.8492E+00  0.8543E+00  0.8583E+00  0.8415E+00  0.6549E+00
     15.5827      310.0000  0.5721E+00  0.5159E+00  0.6917E+00  0.8877E+00  0.9537E+00  0.1015E+01  0.9837E+00  0.9118E+00  0.8640E+00  0.8543E+00  0.8438E+00  0.8337E+00  0.8397E+00  0.8438E+00  0.8455E+00  0.8474E+00  0.8492E+00  0.8459E+00  0.8436E+00  0.8421E+00  0.8449E+00  0.8492E+00  0.8543E+00  0.8583E+00  0.8415E+00  0.6549E+00
     15.7182      320.0000  0.5721E+00  0.5159E+00  0.6917E+00  0.8877E+00  0.9538E+00  0.1015E+01  0.9837E+00  0.9118E+00  0.8640E+00  0.8543E+00  0.8438E+00  0.8337E+00  0.8397E+00  0.8438E+00  0.8455E+00  0.8474E+00  0.8492E+00  0.8459E+00  0.8436E+00  0.8421E+00  0.8449E+00  0.8492E+00  0.8543E+00  0.8583E+00  0.8415E+00  0.6549E+00
     15.8537      330.0000  0.5721E+00  0.5159E+00  0.6917E+00  0.8878E+00  0.9538E+00  0.1015E+01  0.9837E+00  0.9118E+00  0.8640E+00  0.8543E+00  0.8438E+00  0.8337E+00  0.8397E+00  0.8438E+00  0.8455E+00  0.8474E+00  0.8492E+00  0.8459E+00  0.8436E+00  0.8421E+00  0.8449E+00  0.8492E+00  0.8543E+00  0.8583E+00  0.8415E+00  0.6549E+00
     15.9892      340.0000  0.5721E+00  0.5159E+00  0.6917E+00  0.8878E+00  0.9539E+00  0.1015E+01  0.9837E+00  0.9118E+00  0.8640E+00  0.8543E+00  0.8438E+00  0.8337E+00  0.8397E+00  0.8438E+00  0.8455E+00  0.8474E+00  0.8492E+00  0.8459E+00  0.8436E+00  0.8421E+00  0.8449E+00  0.8492E+00  0.8543E+00  0.8583E+00  0.8415E+00  0.6549E+00
     16.1247      350.0000  0.5721E+00  0.5159E+00  0.6917E+00  0.8878E+00  0.9540E+00  0.1015E+01  0.9837E+00  0.9118E+00  0.8640E+00  0.8543E+00  0.8438E+00  0.8337E+00  0.8397E+00  0.8438E+00  0.8455E+00  0.8474E+00  0.8492E+00  0.8459E+00  0.8436E+00  0.8421E+00  0.8449E+00  0.8492E+00  0.8543E+00  0.8583E+00  0.8415E+00  0.6549E+00
     16.2602      360.0000  0.5721E+00  0.5159E+00  0.6917E+00  0.8879E+00  0.9540E+00  0.1015E+01  0.9837E+00  0.9118E+00  0.8640E+00  0.8543E+00  0.8438E+00  0.8337E+00  0.8397E+00  0.8438E+00  0.8455E+00  0.8474E+00  0.8492E+00  0.8459E+00  0.8436E+00  0.8421E+00  0.8449E+00  0.8492E+00  0.8543E+00  0.8583E+00  0.8415E+00  0.6549E+00
     16.3957       10.0000  0.5721E+00  0.5159E+00  0.6917E+00  0.8879E+00  0.9540E+00  0.1015E+01  0.9837E+00  0.9118E+00  0.8640E+00  0.8543E+00  0.8438E+00  0.8337E+00  0.8397E+00  0.8438E+00  0.8455E+00  0.8474E+00  0.8492E+00  0.8459E+00  0.8436E+00  0.8421E+00  0.8449E+00  0.8492E+00  0.8543E+00  0.8583E+00  0.8415E+00  0.6549E+00
     16.5312       20.0000  0.5721E+00  0.5159E+00  0.6917E+00  0.8879E+00  0.9541E+00  0.1015E+01  0.9837E+00  0.9118E+00  0.8640E+00  0.8543E+00  0.8438E+00  0.8337E+00  0.8397E+00  0.8438E+00  0.8455E+00  0.8474E+00  0.8492E+00  0.8459E+00  0.8436E+00  0.8421E+00  0.8449E+00  0.8492E+00  0.8543E+00  0.8583E+00  0.8415E+00  0.6549E+00
     16.6667       30.0000  0.5721E+00  0.5159E+00  0.6917E+00  0.8880E+00  0.9541E+00  0.1015E+01  0.9838E+00  0.9118E+00  0.8640E+00  0.8543E+00  0.8438E+00  0.8337E+00  0.8397E+00  0.8438E+00  0.8455E+00  0.8474E+00  0.8492E+00  0.8459E+00  0.8436E+00  0.8421E+00  0.8449E+00  0.8492E+00  0.8543E+00  0.8583E+00  0.8415E+00  0.6549E+00
     16.8022       40.0000  0.5721E+00  0.5159E+00  0.6917E+00  0.8880E+00  0.9542E+00  0.1015E+01  0.9838E+00  0.9118E+00  0.8640E+00  0.8543E+00  0.8438E+00  0.8337E+00  0.8397E+00  0.8438E+00  0.8455E+00  0.8474E+00  0.8492E+00  0.8459E+00  0.8436E+00  0.8421E+00  0.8449E+00  0.8492E+00  0.8543E+00  0.8583E+00  0.8415E+00  0.6549E+00
     16.9377       50.0000  0.5721E+00  0.5159E+00  0.6917E+00  0.8880E+00  0.9542E+00  0.1015E+01  0.9838E+00  0.9118E+00  0.8640E+00  0.8543E+00  0.8438E+00  0.8337E+00  0.8397E+00  0.8438E+00  0.8455E+00  0.8474E+00  0.8492E+00  0.8459E+00  0.8436E+00  0.8421E+00  0.8449E+00  0.8492E+00  0.8543E+00  0.8583E+00  0.8415E+00  0.6549E+00
     17.0732       60.0000  0.5721E+00  0.5159E+00  0.6917E+00  0.8881E+00  0.9543E+00  0.1015E+01  0.9838E+00  0.9118E+00  0.8640E+00  0.8543E+00  0.8438E+00  0.8337E+00  0.8397E+00  0.8438E+00  0.8455E+00  0.8474E+00  0.8492E+00  0.8459E+00  0.8436E+00  0.8421E+00  0.8449E+00  0.8492E+00  0.8543E+00  0.8583E+00  0.8415E+00  0.6549E+00
     17.2087       70.0000  0.5721E+00  0.5159E+00  0.6917E+00  0.8881E+00  0.9543E+00  0.1015E+01  0.9838E+00  0.9118E+00  0.8640E+00  0.8543E+00  0.8438E+00  0.8337E+00  0.8397E+00  0.8438E+00  0.8455E+00  0.8474E+00  0.8492E+00  0.8459E+00  0.8436E+00  0.8421E+00  0.8449E+00  0.8492E+00  0.8543E+00  0.8583E+00  0.8415E+00  0.6549E+00
     17.3442       80.0000  0.5721E+00  0.5159E+00  0.6917E+00  0.8881E+00  0.9544E+00  0.1015E+01  0.9838E+00  0.9118E+00  0.8640E+00  0.8543E+00  0.8438E+00  0.8337E+00  0.8397E+00  0.8438E+00  0.8455E+00  0.8474E+00  0.8492E+00  0.8459E+00  0.8436E+00  0.8421E+00  0.8449E+00  0.8492E+00  0.8543E+00  0.8583E+00  0.8415E+00  0.6549E+00
     17.4797       90.0000  0.5721E+00  0.5159E+00  0.6917E+00  0.8882E+00  0.9544E+00  0.1015E+01  0.9838E+00  0.9118E+00  0.8640E+00  0.8543E+00  0.8438E+00  0.8337E+00  0.8397E+00  0.8438E+00  0.8455E+00  0.8474E+00  0.8492E+00  0.8459E+00  0.8436E+00  0.8421E+00  0.8449E+00  0.8492E+00  0.8543E+00  0.8583E+00  0.8415E+00  0.6549E+00
     17.6152      100.0000  0.5721E+00  0.5159E+00  0.6917E+00  0.8882E+00  0.9544E+00  0.1015E+01  0.9838E+00  0.9118E+00  0.8640E+00  0.8543E+00  0.8438E+00  0.8337E+00  0.8397E+00  0.8438E+00  0.8455E+00  0.8474E+00  0.8492E+00  0.8459E+00  0.8436E+00  0.8421E+00  0.8449E+00  0.8492E+00  0.8543E+00  0.8583E+00  0.8415E+00  0.6549E+00
     17.7507      110.0000  0.5721E+00  0.5159E+00  0.6917E+00  0.8882E+00  0.9545E+00  0.1015E+01  0.9838E+00  0.9118E+00  0.8640E+00  0.8543E+00  0.8438E+00  0.8337E+00  0.8397E+00  0.8438E+00  0.8455E+00  0.8474E+00  0.8492E+00  0.8459E+00  0.8436E+00  0.8421E+00  0.8449E+00  0.8492E+00  0.8543E+00  0.8583E+00  0.8415E+00  0.6549E+00
     17.8862      120.0000  0.5721E+00  0.5159E+00  0.6917E+00  0.8882E+00  0.9545E+00  0.1014E+01  0.9839E+00  0.9118E+00  0.8640E+00  0.8543E+00  0.8438E+00  0.8337E+00  0.8397E+00  0.8438E+00  0.8455E+00  0.8474E+00  0.8492E+00  0.8459E+00  0.8436E+00  0.8421E+00  0.8449E+00  0.8492E+00  0.8543E+00  0.8583E+00  0.8415E+00  0.6549E+00
     18.0217      130.0000  0.5721E+00  0.5159E+00  0.6917E+00  0.8883E+00  0.9546E+00  0.1014E+01  0.9839E+00  0.9118E+00  0.8640E+00  0.8543E+00  0.8438E+00  0.8337E+00  0.8397E+00  0.8438E+00  0.8455E+00  0.8474E+00  0.8492E+00  0.8459E+00  0.8436E+00  0.8421E+00  0.8449E+00  0.8492E+00  0.8543E+00  0.8583E+00  0.8415E+00  0.6549E+00
     18.1572      140.0000  0.5721E+00  0.5159E+00  0.6917E+00  0.8883E+00  0.9546E+00  0.1014E+01  0.9839E+00  0.9118E+00  0.8640E+00  0.8543E+00  0.8438E+00  0.8337E+00  0.8397E+00  0.8438E+00  0.8455E+00  0.8474E+00  0.8492E+00  0.8459E+00  0.8436E+00  0.8421E+00  0.8449E+00  0.8492E+00  0.8543E+00  0.8583E+00  0.8415E+00  0.6549E+00
     18.2927      150.0000  0.5721E+00  0.5159E+00  0.6917E+00  0.8883E+00  0.9546E+00  0.1014E+01  0.9839E+00  0.9118E+00  0.8640E+00  0.8543E+00  0.8438E+00  0.8337E+00  0.8397E+00  0.8438E+00  0.8455E+00  0.8474E+00  0.8492E+00  0.8459E+00  0.8436E+00  0.8421E+00  0.8449E+00  0.8492E+00  0.8543E+00  0.8583E+00  0.8415E+00  0.6549E+00
     18.4282      160.0000  0.5721E+00  0.5159E+00  0.6917E+00  0.8883E+00  0.9547E+00  0.1014E+01  0.9839E+00  0.9118E+00  0.8640E+00  0.8543E+00  0.8438E+00  0.8337E+00  0.8397E+00  0.8438E+00  0.8455E+00  0.8474E+00  0.8492E+00  0.8459E+00  0.8436E+00  0.8421E+00  0.8449E+00  0.8492E+00  0.8543E+00  0.8583E+00  0.8415E+00  0.6549E+00
     18.5637      170.0000  0.5721E+00  0.5159E+00  0.6917E+00  0.8884E+00  0.9547E+00  0.1014E+01  0.9839E+00  0.9118E+00  0.8640E+00  0.8543E+00  0.8438E+00  0.8337E+00  0.8397E+00  0.8438E+00  0.8455E+00  0.8474E+00  0.8492E+00  0.8459E+00  0.8436E+00  0.8421E+00  0.8449E+00  0.8492E+00  0.8543E+00  0.8583E+00  0.8415E+00  0.6549E+00
     18.6992      180.0000  0.5721E+00  0.5159E+00  0.6917E+00  0.8884E+00  0.9548E+00  0.1014E+01  0.9839E+00  0.9118E+00  0.8640E+00  0.8543E+00  0.8438E+00  0.8337E+00  0.8397E+00  0.8438E+00  0.8455E+00  0.8474E+00  0.8492E+00  0.8459E+00  0.8436E+00  0.8421E+00  0.8449E+00  0.8492E+00  0.8543E+00  0.8583E+00  0.8415E+00  0.6549E+00
     18.8347      190.0000  0.5721E+00  0.5159E+00  0.6917E+00  0.8884E+00  0.9548E+00  0.1014E+01  0.9839E+00  0.9118E+00  0.8640E+00  0.8543E+00  0.8438E+00  0.8337E+00  0.8397E+00  0.8438E+00  0.8455E+00  0.8474E+00  0.8492E+00  0.8459E+00  0.8436E+00  0.8421E+00  0.8449E+00  0.8492E+00  0.8543E+00  0.8583E+00  0.8415E+00  0.6549E+00
     18.9702      200.0000  0.5721E+00  0.5159E+00  0.6917E+00  0.8884E+00  0.9548E+00  0.1014E+01  0.9839E+00  0.9118E+00  0.8640E+00  0.8543E+00  0.8438E+00  0.8337E+00  0.8397E+00  0.8438E+00  0.8455E+00  0.8474E+00  0.8492E+00  0.8459E+00  0.8436E+00  0.8421E+00  0.8449E+00  0.8492E+00  0.8543E+00  0.8583E+00  0.8415E+00  0.6549E+00
     19.1057      210.0000  0.5721E+00  0.5159E+00  0.6917E+00  0.8885E+00  0.9549E+00  0.1014E+01  0.9839E+00  0.9118E+00  0.8640E+00  0.8543E+00  0.8438E+00  0.8337E+00  0.8397E+00  0.8438E+00  0.8455E+00  0.8474E+00  0.8492E+00  0.8459E+00  0.8436E+00  0.8421E+00  0.8449E+00  0.8492E+00  0.8543E+00  0.8583E+00  0.8415E+00  0.6549E+00
     19.2412      220.0000  0.5721E+00  0.5159E+00  0.6917E+00  0.8885E+00  0.9549E+00  0.1014E+01  0.9839E+00  0.9118E+00  0.8640E+00  0.8543E+00  0.8438E+00  0.8337E+00  0.8397E+00  0.8438E+00  0.8455E+00  0.8474E+00  0.8492E+00  0.8459E+00  0.8436E+00  0.8421E+00  0.8449E+00  0.8492E+00  0.8543E+00  0.8583E+00  0.8415E+00  0.6549E+00
     19.3767      230.0000  0.5721E+00  0.5159E+00  0.6917E+00  0.8885E+00  0.9549E+00  0.1014E+01  0.9840E+00  0.9118E+00  0.8640E+00  0.8543E+00  0.8438E+00  0.8337E+00  0.8397E+00  0.8438E+00  0.8455E+00  0.8474E+00  0.8492E+00  0.8459E+00  0.8436E+00  0.8421E+00  0.8449E+00  0.8492E+00  0.8543E+00  0.8583E+00  0.8415E+00  0.6549E+00
     19.5122      240.0000  0.5721E+00  0.5159E+00  0.6917E+00  0.8885E+00  0.9549E+00  0.1014E+01  0.9840E+00  0.9118E+00  0.8640E+00  0.8543E+00  0.8438E+00  0.8337E+00  0.8397E+00  0.8438E+00  0.8455E+00  0.8474E+00  0.8492E+00  0.8459E+00  0.8436E+00  0.8421E+00  0.8449E+00  0.8492E+00  0.8543E+00  0.8583E+00  0.8415E+00  0.6549E+00
     19.6477      250.0000  0.5721E+00  0.5159E+00  0.6917E+00  0.8886E+00  0.9550E+00  0.1014E+01  0.9840E+00  0.9118E+00  0.8640E+00  0.8543E+00  0.8438E+00  0.8337E+00  0.8397E+00  0.8438E+00  0.8455E+00  0.8474E+00  0.8492E+00  0.8459E+00  0.8436E+00  0.8421E+00  0.8449E+00  0.8492E+00  0.8543E+00  0.8583E+00  0.8415E+00  0.6549E+00
     19.7832      260.0000  0.5721E+00  0.5159E+00  0.6917E+00  0.8886E+00  0.9550E+00  0.1014E+01  0.9840E+00  0.9118E+00  0.8640E+00  0.8543E+00  0.8438E+00  0.8337E+00  0.8397E+00  0.8438E+00  0.8455E+00  0.8474E+00  0.8492E+00  0.8459E+00  0.8436E+00  0.8421E+00  0.8449E+00  0.8492E+00  0.8543E+00  0.8583E+00  0.8415E+00  0.6549E+00
     19.9187      270.0000  0.5721E+00  0.5159E+00  0.6917E+00  0.8886E+00  0.9550E+00  0.1014E+01  0.9840E+00  0.9118E+00  0.8640E+00  0.8543E+00  0.8438E+00  0.8337E+00  0.8397E+00  0.8438E+00  0.8455E+00  0.8474E+00  0.8492E+00  0.8459E+00  0.8436E+00  0.8421E+00  0.8449E+00  0.8492E+00  0.8543E+00  0.8583E+00  0.8415E+00  0.6549E+00
     20.0542      280.0000  0.5721E+00  0.5159E+00  0.6917E+00  0.8886E+00  0.9551E+00  0.1014E+01  0.9840E+00  0.9118E+00  0.8640E+00  0.8543E+00  0.8438E+00  0.8337E+00  0.8397E+00  0.8438E+00  0.8455E+00  0.8474E+00  0.8492E+00  0.8459E+00  0.8436E+00  0.8421E+00  0.8449E+00  0.8492E+00  0.8543E+00  0.8583E+00  0.8415E+00  0.6549E+00
     20.1897      290.0000  0.5721E+00  0.5159E+00  0.6917E+00  0.8886E+00  0.9551E+00  0.1014E+01  0.9840E+00  0.9118E+00  0.8640E+00  0.8543E+00  0.8438E+00  0.8337E+00  0.8397E+00  0.8438E+00  0.8455E+00  0.8474E+00  0.8492E+00  0.8459E+00  0.8436E+00  0.8421E+00  0.8449E+00  0.8492E+00  0.8543E+00  0.8583E+00  0.8415E+00  0.6549E+00
     20.3252      300.0000  0.5721E+00  0.5159E+00  0.6917E+00  0.8887E+00  0.9551E+00  0.1014E+01  0.9840E+00  0.9118E+00  0.8640E+00  0.8543E+00  0.8438E+00  0.8337E+00  0.8397E+00  0.8438E+00  0.8455E+00  0.8474E+00  0.8492E+00  0.8459E+00  0.8436E+00  0.8421E+00  0.8449E+00  0.8492E+00  0.8543E+00  0.8583E+00  0.8415E+00  0.6549E+00
     20.4607      310.0000  0.5721E+00  0.5159E+00  0.6917E+00  0.8887E+00  0.9551E+00  0.1014E+01  0.9840E+00  0.9118E+00  0.8640E+00  0.8543E+00  0.8438E+00  0.8337E+00  0.8397E+00  0.8438E+00  0.8455E+00  0.8474E+00  0.8492E+00  0.8459E+00  0.8436E+00  0.8421E+00  0.8449E+00  0.8492E+00  0.8543E+00  0.8583E+00  0.8415E+00  0.6549E+00
     20.5962      320.0000  0.5721E+00  0.5159E+00  0.6917E+00  0.8887E+00  0.9552E+00  0.1014E+01  0.9840E+00  0.9118E+00  0.8640E+00  0.8543E+00  0.8438E+00  0.8337E+00  0.8397E+00  0.8438E+00  0.8455E+00  0.8474E+00  0.8492E+00  0.8459E+00  0.8436E+00  0.8421E+00  0.8449E+00  0.8492E+00  0.8543E+00  0.8583E+00  0.8415E+00  0.6549E+00
     20.7317      330.0000  0.5721E+00  0.5159E+00  0.6917E+00  0.8887E+00  0.9552E+00  0.1014E+01  0.9840E+00  0.9118E+00  0.8640E+00  0.8543E+00  0.8438E+00  0.8337E+00  0.8397E+00  0.8438E+00  0.8455E+00  0.8474E+00  0.8492E+00  0.8459E+00  0.8436E+00  0.8421E+00  0.8449E+00  0.8492E+00  0.8543E+00  0.8583E+00  0.8415E+00  0.6549E+00
     20.8672      340.0000  0.5721E+00  0.5159E+00  0.6917E+00  0.8887E+00  0.9552E+00  0.1014E+01  0.9840E+00  0.9118E+00  0.8640E+00  0.8543E+00  0.8438E+00  0.8337E+00  0.8397E+00  0.8438E+00  0.8455E+00  0.8474E+00  0.8492E+00  0.8459E+00  0.8436E+00  0.8421E+00  0.8449E+00  0.8492E+00  0.8543E+00  0.8583E+00  0.8415E+00  0.6549E+00
     21.0027      350.0000  0.5721E+00  0.5159E+00  0.6917E+00  0.8887E+00  0.9553E+00  0.1014E+01  0.9840E+00  0.9118E+00  0.8640E+00  0.8543E+00  0.8438E+00  0.8337E+00  0.8397E+00  0.8438E+00  0.8455E+00  0.8474E+00  0.8492E+00  0.8459E+00  0.8436E+00  0.8421E+00  0.8449E+00  0.8492E+00  0.8543E+00  0.8583E+00  0.8415E+00  0.6549E+00
     21.1382      360.0000  0.5721E+00  0.5159E+00  0.6917E+00  0.8888E+00  0.9553E+00  0.1014E+01  0.9840E+00  0.9118E+00  0.8640E+00  0.8543E+00  0.8438E+00  0.8337E+00  0.8397E+00  0.8438E+00  0.8455E+00  0.8474E+00  0.8492E+00  0.8459E+00  0.8436E+00  0.8421E+00  0.8449E+00  0.8492E+00  0.8543E+00  0.8583E+00  0.8415E+00  0.6549E+00
     21.2737       10.0000  0.5721E+00  0.5159E+00  0.6917E+00  0.8888E+00  0.9553E+00  0.1014E+01  0.9841E+00  0.9118E+00  0.8640E+00  0.8543E+00  0.8438E+00  0.8337E+00  0.8397E+00  0.8438E+00  0.8455E+00  0.8474E+00  0.8492E+00  0.8459E+00  0.8436E+00  0.8421E+00  0.8449E+00  0.8492E+00  0.8543E+00  0.8583E+00  0.8415E+00  0.6549E+00
     21.4092       20.0000  0.5721E+00  0.5159E+00  0.6917E+00  0.8888E+00  0.9553E+00  0.1014E+01  0.9841E+00  0.9118E+00  0.8640E+00  0.8543E+00  0.8438E+00  0.8337E+00  0.8397E+00  0.8438E+00  0.8455E+00  0.8474E+00  0.8492E+00  0.8459E+00  0.8436E+00  0.8421E+00  0.8449E+00  0.8492E+00  0.8543E+00  0.8583E+00  0.8415E+00  0.6549E+00
     21.5447       30.0000  0.5721E+00  0.5159E+00  0.6917E+00  0.8888E+00  0.9553E+00  0.1014E+01  0.9841E+00  0.9118E+00  0.8640E+00  0.8543E+00  0.8438E+00  0.8337E+00  0.8397E+00  0.8438E+00  0.8455E+00  0.8474E+00  0.8492E+00  0.8459E+00  0.8436E+00  0.8421E+00  0.8449E+00  0.8492E+00  0.8543E+00  0.8583E+00  0.8415E+00  0.6549E+00
     21.6802       40.0000  0.5721E+00  0.5159E+00  0.6917E+00  0.8888E+00  0.9554E+00  0.1014E+01  0.9841E+00  0.9118E+00  0.8640E+00  0.8543E+00  0.8438E+00  0.8337E+00  0.8397E+00  0.8438E+00  0.8455E+00  0.8474E+00  0.8492E+00  0.8459E+00  0.8436E+00  0.8421E+00  0.8449E+00  0.8492E+00  0.8543E+00  0.8583E+00  0.8415E+00  0.6549E+00
     21.8157       50.0000  0.5721E+00  0.5159E+00  0.6917E+00  0.8888E+00  0.9554E+00  0.1014E+01  0.9841E+00  0.9118E+00  0.8640E+00  0.8543E+00  0.8438E+00  0.8337E+00  0.8397E+00  0.8438E+00  0.8455E+00  0.8474E+00  0.8492E+00  0.8459E+00  0.8436E+00  0.8421E+00  0.8449E+00  0.8492E+00  0.8543E+00  0.8583E+00  0.8415E+00  0.6549E+00
     21.9512       60.0000  0.5721E+00  0.5159E+00  0.6917E+00  0.8889E+00  0.9554E+00  0.1014E+01  0.9841E+00  0.9118E+00  0.8640E+00  0.8543E+00  0.8438E+00  0.8337E+00  0.8397E+00  0.8438E+00  0.8455E+00  0.8474E+00  0.8492E+00  0.8459E+00  0.8436E+00  0.8421E+00  0.8449E+00  0.8492E+00  0.8543E+00  0.8583E+00  0.8415E+00  0.6549E+00
     22.0867       70.0000  0.5721E+00  0.5159E+00  0.6917E+00  0.8889E+00  0.9554E+00  0.1014E+01  0.9841E+00  0.9118E+00  0.8640E+00  0.8543E+00  0.8438E+00  0.8337E+00  0.8397E+00  0.8438E+00  0.8455E+00  0.8474E+00  0.8492E+00  0.8459E+00  0.8436E+00  0.8421E+00  0.8449E+00  0.8492E+00  0.8543E+00  0.8583E+00  0.8415E+00  0.6549E+00
     22.2222       80.0000  0.5721E+00  0.5159E+00  0.6917E+00  0.8889E+00  0.9555E+00  0.1014E+01  0.9841E+00  0.9118E+00  0.8640E+00  0.8543E+00  0.8438E+00  0.8337E+00  0.8397E+00  0.8438E+00  0.8455E+00  0.8474E+00  0.8492E+00  0.8459E+00  0.8436E+00  0.8421E+00  0.8449E+00  0.8492E+00  0.8543E+00  0.8583E+00  0.8415E+00  0.6549E+00
     22.3577       90.0000  0.5721E+00  0.5159E+00  0.6917E+00  0.8889E+00  0.9555E+00  0.1014E+01  0.9841E+00  0.9118E+00  0.8640E+00  0.8543E+00  0.8438E+00  0.8337E+00  0.8397E+00  0.8438E+00  0.8455E+00  0.8474E+00  0.8492E+00  0.8459E+00  0.8436E+00  0.8421E+00  0.8449E+00  0.8492E+00  0.8543E+00  0.8583E+00  0.8415E+00  0.6549E+00
     22.4932      100.0000  0.5721E+00  0.5159E+00  0.6917E+00  0.8889E+00  0.9555E+00  0.1014E+01  0.9841E+00  0.9118E+00  0.8640E+00  0.8543E+00  0.8438E+00  0.8337E+00  0.8397E+00  0.8438E+00  0.8455E+00  0.8474E+00  0.8492E+00  0.8459E+00  0.8436E+00  0.8421E+00  0.8449E+00  0.8492E+00  0.8543E+00  0.8583E+00  0.8415E+00  0.6549E+00
     22.6287      110.0000  0.5721E+00  0.5159E+00  0.6917E+00  0.8889E+00  0.9555E+00  0.1014E+01  0.9841E+00  0.9118E+00  0.8640E+00  0.8543E+00  0.8438E+00  0.8337E+00  0.8397E+00  0.8438E+00  0.8455E+00  0.8474E+00  0.8492E+00  0.8459E+00  0.8436E+00  0.8421E+00  0.8449E+00  0.8492E+00  0.8543E+00  0.8583E+00  0.8415E+00  0.6549E+00
     22.7642      120.0000  0.5721E+00  0.5159E+00  0.6917E+00  0.8889E+00  0.9555E+00  0.1014E+01  0.9841E+00  0.9118E+00  0.8640E+00  0.8543E+00  0.8438E+00  0.8337E+00  0.8397E+00  0.8438E+00  0.8455E+00  0.8474E+00  0.8492E+00  0.8459E+00  0.8436E+00  0.8421E+00  0.8449E+00  0.8492E+00  0.8543E+00  0.8583E+00  0.8415E+00  0.6549E+00
     22.8997      130.0000  0.5721E+00  0.5159E+00  0.6917E+00  0.8890E+00  0.9556E+00  0.1014E+01  0.9841E+00  0.9118E+00  0.8640E+00  0.8543E+00  0.8438E+00  0.8337E+00  0.8397E+00  0.8438E+00  0.8455E+00  0.8474E+00  0.8492E+00  0.8459E+00  0.8436E+00  0.8421E+00  0.8449E+00  0.8492E+00  0.8543E+00  0.8583E+00  0.8415E+00  0.6549E+00
     23.0352      140.0000  0.5721E+00  0.5159E+00  0.6917E+00  0.8890E+00  0.9556E+00  0.1014E+01  0.9841E+00  0.9118E+00  0.8640E+00  0.8543E+00  0.8438E+00  0.8337E+00  0.8397E+00  0.8438E+00  0.8455E+00  0.8474E+00  0.8492E+00  0.8459E+00  0.8436E+00  0.8421E+00  0.8449E+00  0.8492E+00  0.8543E+00  0.8583E+00  0.8415E+00  0.6549E+00
     23.1707      150.0000  0.5721E+00  0.5159E+00  0.6917E+00  0.8890E+00  0.9556E+00  0.1014E+01  0.9841E+00  0.9118E+00  0.8640E+00  0.8543E+00  0.8438E+00  0.8337E+00  0.8397E+00  0.8438E+00  0.8455E+00  0.8474E+00  0.8492E+00  0.8459E+00  0.8436E+00  0.8421E+00  0.8449E+00  0.8492E+00  0.8543E+00  0.8583E+00  0.8415E+00  0.6549E+00
     23.3062      160.0000  0.5721E+00  0.5159E+00  0.6917E+00  0.8890E+00  0.9556E+00  0.1014E+01  0.9841E+00  0.9118E+00  0.8640E+00  0.8543E+00  0.8438E+00  0.8337E+00  0.8397E+00  0.8438E+00  0.8455E+00  0.8474E+00  0.8492E+00  0.8459E+00  0.8436E+00  0.8421E+00  0.8449E+00  0.8492E+00  0.8543E+00  0.8583E+00  0.8415E+00  0.6549E+00
     23.4417      170.0000  0.5721E+00  0.5159E+00  0.6917E+00  0.8890E+00  0.9556E+00  0.1014E+01  0.9841E+00  0.9118E+00  0.8640E+00  0.8543E+00  0.8438E+00  0.8337E+00  0.8397E+00  0.8438E+00  0.8455E+00  0.8474E+00  0.8492E+00  0.8459E+00  0.8436E+00  0.8421E+00  0.8449E+00  0.8492E+00  0.8543E+00  0.8583E+00  0.8415E+00  0.6549E+00
     23.5772      180.0000  0.5721E+00  0.5159E+00  0.6917E+00  0.8890E+00  0.9556E+00  0.1014E+01  0.9841E+00  0.9118E+00  0.8640E+00  0.8543E+00  0.8438E+00  0.8337E+00  0.8397E+00  0.8438E+00  0.8455E+00  0.8474E+00  0.8492E+00  0.8459E+00  0.8436E+00  0.8421E+00  0.8449E+00  0.8492E+00  0.8543E+00  0.8583E+00  0.8415E+00  0.6549E+00
     23.7127      190.0000  0.5721E+00  0.5159E+00  0.6917E+00  0.8890E+00  0.9557E+00  0.1014E+01  0.9841E+00  0.9118E+00  0.8640E+00  0.8543E+00  0.8438E+00  0.8337E+00  0.8397E+00  0.8438E+00  0.8455E+00  0.8474E+00  0.8492E+00  0.8459E+00  0.8436E+00  0.8421E+00  0.8449E+00  0.8492E+00  0.8543E+00  0.8583E+00  0.8415E+00  0.6549E+00
     23.8482      200.0000  0.5721E+00  0.5159E+00  0.6917E+00  0.8890E+00  0.9557E+00  0.1014E+01  0.9842E+00  0.9118E+00  0.8640E+00  0.8543E+00  0.8438E+00  0.8337E+00  0.8397E+00  0.8438E+00  0.8455E+00  0.8474E+00  0.8492E+00  0.8459E+00  0.8436E+00  0.8421E+00  0.8449E+00  0.8492E+00  0.8543E+00  0.8583E+00  0.8415E+00  0.6549E+00
     23.9837      210.0000  0.5721E+00  0.5159E+00  0.6917E+00  0.8890E+00  0.9557E+00  0.1014E+01  0.9842E+00  0.9118E+00  0.8640E+00  0.8543E+00  0.8438E+00  0.8337E+00  0.8397E+00  0.8438E+00  0.8455E+00  0.8474E+00  0.8492E+00  0.8459E+00  0.8436E+00  0.8421E+00  0.8449E+00  0.8492E+00  0.8543E+00  0.8583E+00  0.8415E+00  0.6549E+00
     24.1192      220.0000  0.5721E+00  0.5159E+00  0.6917E+00  0.8891E+00  0.9557E+00  0.1014E+01  0.9842E+00  0.9118E+00  0.8640E+00  0.8543E+00  0.8438E+00  0.8337E+00  0.8397E+00  0.8438E+00  0.8455E+00  0.8474E+00  0.8492E+00  0.8459E+00  0.8436E+00  0.8421E+00  0.8449E+00  0.8492E+00  0.8543E+00  0.8583E+00  0.8415E+00  0.6549E+00
     24.2547      230.0000  0.5721E+00  0.5159E+00  0.6917E+00  0.8891E+00  0.9557E+00  0.1014E+01  0.9842E+00  0.9118E+00  0.8640E+00  0.8543E+00  0.8438E+00  0.8337E+00  0.8397E+00  0.8438E+00  0.8455E+00  0.8474E+00  0.8492E+00  0.8459E+00  0.8436E+00  0.8421E+00  0.8449E+00  0.8492E+00  0.8543E+00  0.8583E+00  0.8415E+00  0.6549E+00
     24.3902      240.0000  0.5721E+00  0.5159E+00  0.6917E+00  0.8891E+00  0.9557E+00  0.1014E+01  0.9842E+00  0.9118E+00  0.8640E+00  0.8543E+00  0.8438E+00  0.8337E+00  0.8397E+00  0.8438E+00  0.8455E+00  0.8474E+00  0.8492E+00  0.8459E+00  0.8436E+00  0.8421E+00  0.8449E+00  0.8492E+00  0.8543E+00  0.8583E+00  0.8415E+00  0.6549E+00
     24.5257      250.0000  0.5721E+00  0.5159E+00  0.6917E+00  0.8891E+00  0.9558E+00  0.1014E+01  0.9842E+00  0.9118E+00  0.8640E+00  0.8543E+00  0.8438E+00  0.8337E+00  0.8397E+00  0.8438E+00  0.8455E+00  0.8474E+00  0.8492E+00  0.8459E+00  0.8436E+00  0.8421E+00  0.8449E+00  0.8492E+00  0.8543E+00  0.8583E+00  0.8415E+00  0.6549E+00
     24.6612      260.0000  0.5721E+00  0.5159E+00  0.6917E+00  0.8891E+00  0.9558E+00  0.1014E+01  0.9842E+00  0.9118E+00  0.8640E+00  0.8543E+00  0.8438E+00  0.8337E+00  0.8397E+00  0.8438E+00  0.8455E+00  0.8474E+00  0.8492E+00  0.8459E+00  0.8436E+00  0.8421E+00  0.8449E+00  0.8492E+00  0.8543E+00  0.8583E+00  0.8415E+00  0.6549E+00
     24.7967      270.0000  0.5721E+00  0.5159E+00  0.6917E+00  0.8891E+00  0.9558E+00  0.1014E+01  0.9842E+00  0.9118E+00  0.8640E+00  0.8543E+00  0.8438E+00  0.8337E+00  0.8397E+00  0.8438E+00  0.8455E+00  0.8474E+00  0.8492E+00  0.8459E+00  0.8436E+00  0.8421E+00  0.8449E+00  0.8492E+00  0.8543E+00  0.8583E+00  0.8415E+00  0.6549E+00
     24.9322      280.0000  0.5721E+00  0.5159E+00  0.6917E+00  0.8891E+00  0.9558E+00  0.1014E+01  0.9842E+00  0.9118E+00  0.8640E+00  0.8543E+00  0.8438E+00  0.8337E+00  0.8397E+00  0.8438E+00  0.8455E+00  0.8474E+00  0.8492E+00  0.8459E+00  0.8436E+00  0.8421E+00  0.8449E+00  0.8492E+00  0.8543E+00  0.8583E+00  0.8415E+00  0.6549E+00
     25.0678      290.0000  0.5721E+00  0.5159E+00  0.6917E+00  0.8891E+00  0.9558E+00  0.1014E+01  0.9842E+00  0.9118E+00  0.8640E+00  0.8543E+00  0.8438E+00  0.8337E+00  0.8397E+00  0.8438E+00  0.8455E+00  0.8474E+00  0.8492E+00  0.8459E+00  0.8436E+00  0.8421E+00  0.8449E+00  0.8492E+00  0.8543E+00  0.8583E+00  0.8415E+00  0.6549E+00
     25.2033      300.0000  0.5721E+00  0.5159E+00  0.6917E+00  0.8891E+00  0.9558E+00  0.1014E+01  0.9842E+00  0.9118E+00  0.8640E+00  0.8543E+00  0.8438E+00  0.8337E+00  0.8397E+00  0.8438E+00  0.8455E+00  0.8474E+00  0.8492E+00  0.8459E+00  0.8436E+00  0.8421E+00  0.8449E+00  0.8492E+00  0.8543E+00  0.8583E+00  0.8415E+00  0.6549E+00
     25.3388      310.0000  0.5721E+00  0.5159E+00  0.6917E+00  0.8891E+00  0.9558E+00  0.1014E+01  0.9842E+00  0.9118E+00  0.8640E+00  0.8543E+00  0.8438E+00  0.8337E+00  0.8397E+00  0.8438E+00  0.8455E+00  0.8474E+00  0.8492E+00  0.8459E+00  0.8436E+00  0.8421E+00  0.8449E+00  0.8492E+00  0.8543E+00  0.8583E+00  0.8415E+00  0.6549E+00
     25.4743      320.0000  0.5721E+00  0.5159E+00  0.6917E+00  0.8892E+00  0.9559E+00  0.1014E+01  0.9842E+00  0.9118E+00  0.8640E+00  0.8543E+00  0.8438E+00  0.8337E+00  0.8397E+00  0.8438E+00  0.8455E+00  0.8474E+00  0.8492E+00  0.8459E+00  0.8436E+00  0.8421E+00  0.8449E+00  0.8492E+00  0.8543E+00  0.8583E+00  0.8415E+00  0.6549E+00
     25.6098      330.0000  0.5721E+00  0.5159E+00  0.6917E+00  0.8892E+00  0.9559E+00  0.1014E+01  0.9842E+00  0.9118E+00  0.8640E+00  0.8543E+00  0.8438E+00  0.8337E+00  0.8397E+00  0.8438E+00  0.8455E+00  0.8474E+00  0.8492E+00  0.8459E+00  0.8436E+00  0.8421E+00  0.8449E+00  0.8492E+00  0.8543E+00  0.8583E+00  0.8415E+00  0.6549E+00
     25.7453      340.0000  0.5721E+00  0.5159E+00  0.6917E+00  0.8892E+00  0.9559E+00  0.1014E+01  0.9842E+00  0.9118E+00  0.8640E+00  0.8543E+00  0.8438E+00  0.8337E+00  0.8397E+00  0.8438E+00  0.8455E+00  0.8474E+00  0.8492E+00  0.8459E+00  0.8436E+00  0.8421E+00  0.8449E+00  0.8492E+00  0.8543E+00  0.8583E+00  0.8415E+00  0.6549E+00
     25.8808      350.0000  0.5721E+00  0.5159E+00  0.6917E+00  0.8892E+00  0.9559E+00  0.1014E+01  0.9842E+00  0.9118E+00  0.8640E+00  0.8543E+00  0.8438E+00  0.8337E+00  0.8397E+00  0.8438E+00  0.8455E+00  0.8474E+00  0.8492E+00  0.8459E+00  0.8436E+00  0.8421E+00  0.8449E+00  0.8492E+00  0.8543E+00  0.8583E+00  0.8415E+00  0.6549E+00
     26.0163      360.0000  0.5721E+00  0.5159E+00  0.6917E+00  0.8892E+00  0.9559E+00  0.1014E+01  0.9842E+00  0.9118E+00  0.8640E+00  0.8543E+00  0.8438E+00  0.8337E+00  0.8397E+00  0.8438E+00  0.8455E+00  0.8474E+00  0.8492E+00  0.8459E+00  0.8436E+00  0.8421E+00  0.8449E+00  0.8492E+00  0.8543E+00  0.8583E+00  0.8415E+00  0.6549E+00
     26.1518       10.0000  0.5721E+00  0.5159E+00  0.6917E+00  0.8892E+00  0.9559E+00  0.1014E+01  0.9842E+00  0.9118E+00  0.8640E+00  0.8543E+00  0.8438E+00  0.8337E+00  0.8397E+00  0.8438E+00  0.8455E+00  0.8474E+00  0.8492E+00  0.8459E+00  0.8436E+00  0.8421E+00  0.8449E+00  0.8492E+00  0.8543E+00  0.8583E+00  0.8415E+00  0.6549E+00
     26.2873       20.0000  0.5721E+00  0.5159E+00  0.6917E+00  0.8892E+00  0.9559E+00  0.1014E+01  0.9842E+00  0.9118E+00  0.8640E+00  0.8543E+00  0.8438E+00  0.8337E+00  0.8397E+00  0.8438E+00  0.8455E+00  0.8474E+00  0.8492E+00  0.8459E+00  0.8436E+00  0.8421E+00  0.8449E+00  0.8492E+00  0.8543E+00  0.8583E+00  0.8415E+00  0.6549E+00
     26.4228       30.0000  0.5721E+00  0.5159E+00  0.6917E+00  0.8892E+00  0.9559E+00  0.1014E+01  0.9842E+00  0.9118E+00  0.8640E+00  0.8543E+00  0.8438E+00  0.8337E+00  0.8397E+00  0.8438E+00  0.8455E+00  0.8474E+00  0.8492E+00  0.8459E+00  0.8436E+00  0.8421E+00  0.8449E+00  0.8492E+00  0.8543E+00  0.8583E+00  0.8415E+00  0.6549E+00
     26.5583       40.0000  0.5721E+00  0.5159E+00  0.6917E+00  0.8892E+00  0.9559E+00  0.1014E+01  0.9842E+00  0.9118E+00  0.8640E+00  0.8543E+00  0.8438E+00  0.8337E+00  0.8397E+00  0.8438E+00  0.8455E+00  0.8474E+00  0.8492E+00  0.8459E+00  0.8436E+00  0.8421E+00  0.8449E+00  0.8492E+00  0.8543E+00  0.8583E+00  0.8415E+00  0.6549E+00
     26.6938       50.0000  0.5721E+00  0.5159E+00  0.6917E+00  0.8892E+00  0.9560E+00  0.1014E+01  0.9842E+00  0.9118E+00  0.8640E+00  0.8543E+00  0.8438E+00  0.8337E+00  0.8397E+00  0.8438E+00  0.8455E+00  0.8474E+00  0.8492E+00  0.8459E+00  0.8436E+00  0.8421E+00  0.8449E+00  0.8492E+00  0.8543E+00  0.8583E+00  0.8415E+00  0.6549E+00
     26.8293       60.0000  0.5721E+00  0.5159E+00  0.6917E+00  0.8892E+00  0.9560E+00  0.1014E+01  0.9842E+00  0.9118E+00  0.8640E+00  0.8543E+00  0.8438E+00  0.8337E+00  0.8397E+00  0.8438E+00  0.8455E+00  0.8474E+00  0.8492E+00  0.8459E+00  0.8436E+00  0.8421E+00  0.8449E+00  0.8492E+00  0.8543E+00  0.8583E+00  0.8415E+00  0.6549E+00
     26.9648       70.0000  0.5721E+00  0.5159E+00  0.6917E+00  0.8892E+00  0.9560E+00  0.1014E+01  0.9842E+00  0.9118E+00  0.8640E+00  0.8543E+00  0.8438E+00  0.8337E+00  0.8397E+00  0.8438E+00  0.8455E+00  0.8474E+00  0.8492E+00  0.8459E+00  0.8436E+00  0.8421E+00  0.8449E+00  0.8492E+00  0.8543E+00  0.8583E+00  0.8415E+00  0.6549E+00
     27.1003       80.0000  0.5721E+00  0.5159E+00  0.6917E+00  0.8892E+00  0.9560E+00  0.1014E+01  0.9842E+00  0.9118E+00  0.8640E+00  0.8543E+00  0.8438E+00  0.8337E+00  0.8397E+00  0.8438E+00  0.8455E+00  0.8474E+00  0.8492E+00  0.8459E+00  0.8436E+00  0.8421E+00  0.8449E+00  0.8492E+00  0.8543E+00  0.8583E+00  0.8415E+00  0.6549E+00
     27.2358       90.0000  0.5721E+00  0.5159E+00  0.6917E+00  0.8893E+00  0.9560E+00  0.1014E+01  0.9842E+00  0.9118E+00  0.8640E+00  0.8543E+00  0.8438E+00  0.8337E+00  0.8397E+00  0.8438E+00  0.8455E+00  0.8474E+00  0.8492E+00  0.8459E+00  0.8436E+00  0.8421E+00  0.8449E+00  0.8492E+00  0.8543E+00  0.8583E+00  0.8415E+00  0.6549E+00
     27.3713      100.0000  0.5721E+00  0.5159E+00  0.6917E+00  0.8893E+00  0.9560E+00  0.1014E+01  0.9842E+00  0.9118E+00  0.8640E+00  0.8543E+00  0.8438E+00  0.8337E+00  0.8397E+00  0.8438E+00  0.8455E+00  0.8474E+00  0.8492E+00  0.8459E+00  0.8436E+00  0.8421E+00  0.8449E+00  0.8492E+00  0.8543E+00  0.8583E+00  0.8415E+00  0.6549E+00
     27.5068      110.0000  0.5721E+00  0.5159E+00  0.6917E+00  0.8893E+00  0.9560E+00  0.1014E+01  0.9843E+00  0.9118E+00  0.8640E+00  0.8543E+00  0.8438E+00  0.8337E+00  0.8397E+00  0.8438E+00  0.8455E+00  0.8474E+00  0.8492E+00  0.8459E+00  0.8436E+00  0.8421E+00  0.8449E+00  0.8492E+00  0.8543E+00  0.8583E+00  0.8415E+00  0.6549E+00
     27.6423      120.0000  0.5721E+00  0.5159E+00  0.6917E+00  0.8893E+00  0.9560E+00  0.1014E+01  0.9843E+00  0.9118E+00  0.8640E+00  0.8543E+00  0.8438E+00  0.8337E+00  0.8397E+00  0.8438E+00  0.8455E+00  0.8474E+00  0.8492E+00  0.8459E+00  0.8436E+00  0.8421E+00  0.8449E+00  0.8492E+00  0.8543E+00  0.8583E+00  0.8415E+00  0.6549E+00
     27.7778      130.0000  0.5721E+00  0.5159E+00  0.6917E+00  0.8893E+00  0.9560E+00  0.1014E+01  0.9843E+00  0.9118E+00  0.8640E+00  0.8543E+00  0.8438E+00  0.8337E+00  0.8397E+00  0.8438E+00  0.8455E+00  0.8474E+00  0.8492E+00  0.8459E+00  0.8436E+00  0.8421E+00  0.8449E+00  0.8492E+00  0.8543E+00  0.8583E+00  0.8415E+00  0.6549E+00
     27.9133      140.0000  0.5721E+00  0.5159E+00  0.6917E+00  0.8893E+00  0.9560E+00  0.1014E+01  0.9843E+00  0.9118E+00  0.8640E+00  0.8543E+00  0.8438E+00  0.8337E+00  0.8397E+00  0.8438E+00  0.8455E+00  0.8474E+00  0.8492E+00  0.8459E+00  0.8436E+00  0.8421E+00  0.8449E+00  0.8492E+00  0.8543E+00  0.8583E+00  0.8415E+00  0.6549E+00
     28.0488      150.0000  0.5721E+00  0.5159E+00  0.6917E+00  0.8893E+00  0.9561E+00  0.1014E+01  0.9843E+00  0.9118E+00  0.8640E+00  0.8543E+00  0.8438E+00  0.8337E+00  0.8397E+00  0.8438E+00  0.8455E+00  0.8474E+00  0.8492E+00  0.8459E+00  0.8436E+00  0.8421E+00  0.8449E+00  0.8492E+00  0.8543E+00  0.8583E+00  0.8415E+00  0.6549E+00
     28.1843      160.0000  0.5721E+00  0.5159E+00  0.6917E+00  0.8893E+00  0.9561E+00  0.1014E+01  0.9843E+00  0.9118E+00  0.8640E+00  0.8543E+00  0.8438E+00  0.8337E+00  0.8397E+00  0.8438E+00  0.8455E+00  0.8474E+00  0.8492E+00  0.8459E+00  0.8436E+00  0.8421E+00  0.8449E+00  0.8492E+00  0.8543E+00  0.8583E+00  0.8415E+00  0.6549E+00
     28.3198      170.0000  0.5721E+00  0.5159E+00  0.6917E+00  0.8893E+00  0.9561E+00  0.1014E+01  0.9843E+00  0.9118E+00  0.8640E+00  0.8543E+00  0.8438E+00  0.8337E+00  0.8397E+00  0.8438E+00  0.8455E+00  0.8474E+00  0.8492E+00  0.8459E+00  0.8436E+00  0.8421E+00  0.8449E+00  0.8492E+00  0.8543E+00  0.8583E+00  0.8415E+00  0.6549E+00
     28.4553      180.0000  0.5721E+00  0.5159E+00  0.6917E+00  0.8893E+00  0.9561E+00  0.1014E+01  0.9843E+00  0.9118E+00  0.8640E+00  0.8543E+00  0.8438E+00  0.8337E+00  0.8397E+00  0.8438E+00  0.8455E+00  0.8474E+00  0.8492E+00  0.8459E+00  0.8436E+00  0.8421E+00  0.8449E+00  0.8492E+00  0.8543E+00  0.8583E+00  0.8415E+00  0.6549E+00
     28.5908      190.0000  0.5721E+00  0.5159E+00  0.6917E+00  0.8893E+00  0.9561E+00  0.1014E+01  0.9843E+00  0.9118E+00  0.8640E+00  0.8543E+00  0.8438E+00  0.8337E+00  0.8397E+00  0.8438E+00  0.8455E+00  0.8474E+00  0.8492E+00  0.8459E+00  0.8436E+00  0.8421E+00  0.8449E+00  0.8492E+00  0.8543E+00  0.8583E+00  0.8415E+00  0.6549E+00
     28.7263      200.0000  0.5721E+00  0.5159E+00  0.6917E+00  0.8893E+00  0.9561E+00  0.1014E+01  0.9843E+00  0.9118E+00  0.8640E+00  0.8543E+00  0.8438E+00  0.8337E+00  0.8397E+00  0.8438E+00  0.8455E+00  0.8474E+00  0.8492E+00  0.8459E+00  0.8436E+00  0.8421E+00  0.8449E+00  0.8492E+00  0.8543E+00  0.8583E+00  0.8415E+00  0.6549E+00
     28.8618      210.0000  0.5721E+00  0.5159E+00  0.6917E+00  0.8893E+00  0.9561E+00  0.1014E+01  0.9843E+00  0.9118E+00  0.8640E+00  0.8543E+00  0.8438E+00  0.8337E+00  0.8397E+00  0.8438E+00  0.8455E+00  0.8474E+00  0.8492E+00  0.8459E+00  0.8436E+00  0.8421E+00  0.8449E+00  0.8492E+00  0.8543E+00  0.8583E+00  0.8415E+00  0.6549E+00
     28.9973      220.0000  0.5721E+00  0.5159E+00  0.6917E+00  0.8893E+00  0.9561E+00  0.1014E+01  0.9843E+00  0.9118E+00  0.8640E+00  0.8543E+00  0.8438E+00  0.8337E+00  0.8397E+00  0.8438E+00  0.8455E+00  0.8474E+00  0.8492E+00  0.8459E+00  0.8436E+00  0.8421E+00  0.8449E+00  0.8492E+00  0.8543E+00  0.8583E+00  0.8415E+00  0.6549E+00
     29.1328      230.0000  0.5721E+00  0.5159E+00  0.6917E+00  0.8893E+00  0.9561E+00  0.1014E+01  0.9843E+00  0.9118E+00  0.8640E+00  0.8543E+00  0.8438E+00  0.8337E+00  0.8397E+00  0.8438E+00  0.8455E+00  0.8474E+00  0.8492E+00  0.8459E+00  0.8436E+00  0.8421E+00  0.8449E+00  0.8492E+00  0.8543E+00  0.8583E+00  0.8415E+00  0.6549E+00
     29.2683      240.0000  0.5721E+00  0.5159E+00  0.6917E+00  0.8893E+00  0.9561E+00  0.1014E+01  0.9843E+00  0.9118E+00  0.8640E+00  0.8543E+00  0.8438E+00  0.8337E+00  0.8397E+00  0.8438E+00  0.8455E+00  0.8474E+00  0.8492E+00  0.8459E+00  0.8436E+00  0.8421E+00  0.8449E+00  0.8492E+00  0.8543E+00  0.8583E+00  0.8415E+00  0.6549E+00
     29.4038      250.0000  0.5721E+00  0.5159E+00  0.6917E+00  0.8893E+00  0.9561E+00  0.1014E+01  0.9843E+00  0.9118E+00  0.8640E+00  0.8543E+00  0.8438E+00  0.8337E+00  0.8397E+00  0.8438E+00  0.8455E+00  0.8474E+00  0.8492E+00  0.8459E+00  0.8436E+00  0.8421E+00  0.8449E+00  0.8492E+00  0.8543E+00  0.8583E+00  0.8415E+00  0.6549E+00
     29.5393      260.0000  0.5721E+00  0.5159E+00  0.6917E+00  0.8894E+00  0.9561E+00  0.1014E+01  0.9843E+00  0.9118E+00  0.8640E+00  0.8543E+00  0.8438E+00  0.8337E+00  0.8397E+00  0.8438E+00  0.8455E+00  0.8474E+00  0.8492E+00  0.8459E+00  0.8436E+00  0.8421E+00  0.8449E+00  0.8492E+00  0.8543E+00  0.8583E+00  0.8415E+00  0.6549E+00
     29.6748      270.0000  0.5721E+00  0.5159E+00  0.6917E+00  0.8894E+00  0.9562E+00  0.1014E+01  0.9843E+00  0.9118E+00  0.8640E+00  0.8543E+00  0.8438E+00  0.8337E+00  0.8397E+00  0.8438E+00  0.8455E+00  0.8474E+00  0.8492E+00  0.8459E+00  0.8436E+00  0.8421E+00  0.8449E+00  0.8492E+00  0.8543E+00  0.8583E+00  0.8415E+00  0.6549E+00
     29.8103      280.0000  0.5721E+00  0.5159E+00  0.6917E+00  0.8894E+00  0.9562E+00  0.1014E+01  0.9843E+00  0.9118E+00  0.8640E+00  0.8543E+00  0.8438E+00  0.8337E+00  0.8397E+00  0.8438E+00  0.8455E+00  0.8474E+00  0.8492E+00  0.8459E+00  0.8436E+00  0.8421E+00  0.8449E+00  0.8492E+00  0.8543E+00  0.8583E+00  0.8415E+00  0.6549E+00
     29.9458      290.0000  0.5721E+00  0.5159E+00  0.6917E+00  0.8894E+00  0.9562E+00  0.1014E+01  0.9843E+00  0.9118E+00  0.8640E+00  0.8543E+00  0.8438E+00  0.8337E+00  0.8397E+00  0.8438E+00  0.8455E+00  0.8474E+00  0.8492E+00  0.8459E+00  0.8436E+00  0.8421E+00  0.8449E+00  0.8492E+00  0.8543E+00  0.8583E+00  0.8415E+00  0.6549E+00
