Time history of radial distribution for BEM variable: F_prandtl[-] for blade 2
                          rCurvi[m] (curvilinear radial distance)
                                0.7893      2.3680      3.9467      5.5254      7.1040      8.6827     10.2614     11.8401     13.4188     14.9974     16.5761     18.1548     19.7335     21.3121     22.8908     24.4695     26.0482     27.6268     29.2055     30.7842     32.3629     33.9416     35.5202     37.0989     38.2829     39.0723
                          zB[m] (radial coordinate along blade axis)
     time[s]  azimuth[deg]      0.1833      1.7549      3.3294      4.9066      6.4848      8.0632      9.6423     11.2252     12.8089     14.3906     15.9682     17.5466     19.1253     20.7040     22.2825     23.8605     25.4378     27.0144     28.5901     30.1649     31.7388     33.3118     34.8842     36.4562     37.6335     38.4193
      0.0000      240.0000  0.1000E+01  0.1000E+01  0.1000E+01  0.5594E+00  0.7901E+00  0.8966E+00  0.9485E+00  0.9743E+00  0.9871E+00  0.9934E+00  0.9965E+00  0.9978E+00  0.9983E+00  0.9980E+00  0.9971E+00  0.9954E+00  0.9923E+00  0.9872E+00  0.9784E+00  0.9636E+00  0.9386E+00  0.8963E+00  0.8239E+00  0.6961E+00  0.5255E+00  0.3161E+00
      0.1355      250.0000  0.1000E+01  0.1000E+01  0.1000E+01  0.5638E+00  0.7989E+00  0.9034E+00  0.9531E+00  0.9771E+00  0.9888E+00  0.9944E+00  0.9970E+00  0.9982E+00  0.9984E+00  0.9981E+00  0.9972E+00  0.9954E+00  0.9924E+00  0.9872E+00  0.9784E+00  0.9636E+00  0.9386E+00  0.8963E+00  0.8239E+00  0.6961E+00  0.5255E+00  0.3161E+00
      0.2710      260.0000  0.1000E+01  0.1000E+01  0.1000E+01  0.5644E+00  0.8034E+00  0.9067E+00  0.9553E+00  0.9785E+00  0.9896E+00  0.9949E+00  0.9973E+00  0.9983E+00  0.9985E+00  0.9982E+00  0.9972E+00  0.9954E+00  0.9924E+00  0.9872E+00  0.9784E+00  0.9636E+00  0.9386E+00  0.8963E+00  0.8239E+00  0.6961E+00  0.5255E+00  0.3161E+00
      0.4065      270.0000  0.1000E+01  0.1000E+01  0.1000E+01  0.5644E+00  0.8040E+00  0.9072E+00  0.9556E+00  0.9787E+00  0.9897E+00  0.9949E+00  0.9973E+00  0.9983E+00  0.9985E+00  0.9982E+00  0.9972E+00  0.9954E+00  0.9924E+00  0.9872E+00  0.9784E+00  0.9636E+00  0.9386E+00  0.8963E+00  0.8239E+00  0.6961E+00  0.5255E+00  0.3161E+00
      0.5420      280.0000  0.1000E+01  0.1000E+01  0.1000E+01  0.5642E+00  0.8040E+00  0.9072E+00  0.9556E+00  0.9787E+00  0.9897E+00  0.9949E+00  0.9973E+00  0.9983E+00  0.9985E+00  0.9982E+00  0.9972E+00  0.9954E+00  0.9924E+00  0.9872E+00  0.9784E+00  0.9636E+00  0.9386E+00  0.8963E+00  0.8239E+00  0.6961E+00  0.5255E+00  0.3161E+00
      0.6775      290.0000  0.1000E+01  0.1000E+01  0.1000E+01  0.5636E+00  0.8039E+00  0.9071E+00  0.9555E+00  0.9786E+00  0.9897E+00  0.9949E+00  0.9973E+00  0.9983E+00  0.9985E+00  0.9982E+00  0.9972E+00  0.9954E+00  0.9924E+00  0.9872E+00  0.9784E+00  0.9636E+00  0.9386E+00  0.8963E+00  0.8239E+00  0.6961E+00  0.5255E+00  0.3161E+00
      0.8130      300.0000  0.1000E+01  0.1000E+01  0.1000E+01  0.5634E+00  0.8033E+00  0.9066E+00  0.9552E+00  0.9785E+00  0.9896E+00  0.9948E+00  0.9973E+00  0.9983E+00  0.9985E+00  0.9982E+00  0.9972E+00  0.9954E+00  0.9924E+00  0.9872E+00  0.9784E+00  0.9636E+00  0.9386E+00  0.8963E+00  0.8239E+00  0.6961E+00  0.5255E+00  0.3161E+00
