Time history of radial distribution for BEM variable: Re[-] for blade 2
                          rCurvi[m] (curvilinear radial distance)
                                0.7893      2.3680      3.9467      5.5254      7.1040      8.6827     10.2614     11.8401     13.4188     14.9974     16.5761     18.1548     19.7335     21.3121     22.8908     24.4695     26.0482     27.6268     29.2055     30.7842     32.3629     33.9416     35.5202     37.0989     38.2829     39.0723
                          zB[m] (radial coordinate along blade axis)
     time[s]  azimuth[deg]      0.1833      1.7549      3.3294      4.9066      6.4848      8.0632      9.6423     11.2252     12.8089     14.3906     15.9682     17.5466     19.1253     20.7040     22.2825     23.8605     25.4378     27.0144     28.5901     30.1649     31.7388     33.3118     34.8842     36.4562     37.6335     38.4193
      0.0000      240.0000  0.1023E+07  0.1180E+07  0.1456E+07  0.1795E+07  0.2201E+07  0.2659E+07  0.3150E+07  0.3618E+07  0.3929E+07  0.4121E+07  0.4264E+07  0.4358E+07  0.4418E+07  0.4462E+07  0.4506E+07  0.4541E+07  0.4557E+07  0.4578E+07  0.4584E+07  0.4561E+07  0.4494E+07  0.4382E+07  0.4142E+07  0.3616E+07  0.2557E+07  0.1600E+07
      0.1355      249.7434  0.1024E+07  0.1182E+07  0.1459E+07  0.1799E+07  0.2206E+07  0.2664E+07  0.3154E+07  0.3623E+07  0.3934E+07  0.4126E+07  0.4269E+07  0.4362E+07  0.4422E+07  0.4465E+07  0.4509E+07  0.4544E+07  0.4560E+07  0.4581E+07  0.4587E+07  0.4564E+07  0.4496E+07  0.4384E+07  0.4144E+07  0.3618E+07  0.2558E+07  0.1601E+07
      0.2710      259.4868  0.1025E+07  0.1185E+07  0.1462E+07  0.1803E+07  0.2210E+07  0.2668E+07  0.3159E+07  0.3628E+07  0.3939E+07  0.4131E+07  0.4273E+07  0.4367E+07  0.4426E+07  0.4469E+07  0.4513E+07  0.4548E+07  0.4564E+07  0.4584E+07  0.4590E+07  0.4567E+07  0.4499E+07  0.4387E+07  0.4146E+07  0.3620E+07  0.2559E+07  0.1602E+07
      0.4065      269.2302  0.1026E+07  0.1187E+07  0.1465E+07  0.1807E+07  0.2214E+07  0.2672E+07  0.3164E+07  0.3633E+07  0.3944E+07  0.4136E+07  0.4278E+07  0.4371E+07  0.4431E+07  0.4473E+07  0.4517E+07  0.4552E+07  0.4567E+07  0.4588E+07  0.4593E+07  0.4570E+07  0.4502E+07  0.4389E+07  0.4149E+07  0.3622E+07  0.2561E+07  0.1603E+07
      0.5420      278.9735  0.1028E+07  0.1189E+07  0.1469E+07  0.1811E+07  0.2219E+07  0.2677E+07  0.3169E+07  0.3638E+07  0.3950E+07  0.4141E+07  0.4283E+07  0.4376E+07  0.4435E+07  0.4478E+07  0.4520E+07  0.4555E+07  0.4571E+07  0.4591E+07  0.4596E+07  0.4573E+07  0.4505E+07  0.4392E+07  0.4151E+07  0.3624E+07  0.2562E+07  0.1604E+07
      0.6775      288.7169  0.1029E+07  0.1192E+07  0.1472E+07  0.1814E+07  0.2223E+07  0.2681E+07  0.3173E+07  0.3644E+07  0.3955E+07  0.4145E+07  0.4288E+07  0.4380E+07  0.4439E+07  0.4481E+07  0.4524E+07  0.4559E+07  0.4574E+07  0.4594E+07  0.4599E+07  0.4576E+07  0.4507E+07  0.4395E+07  0.4153E+07  0.3626E+07  0.2563E+07  0.1604E+07
      0.8130      298.4603  0.1030E+07  0.1194E+07  0.1475E+07  0.1818E+07  0.2227E+07  0.2685E+07  0.3178E+07  0.3648E+07  0.3959E+07  0.4150E+07  0.4292E+07  0.4384E+07  0.4443E+07  0.4485E+07  0.4528E+07  0.4562E+07  0.4577E+07  0.4597E+07  0.4602E+07  0.4579E+07  0.4510E+07  0.4397E+07  0.4155E+07  0.3627E+07  0.2564E+07  0.1605E+07
      0.9485      308.2037  0.1031E+07  0.1196E+07  0.1478E+07  0.1821E+07  0.2230E+07  0.2689E+07  0.3182E+07  0.3653E+07  0.3964E+07  0.4154E+07  0.4296E+07  0.4388E+07  0.4446E+07  0.4488E+07  0.4531E+07  0.4565E+07  0.4580E+07  0.4600E+07  0.4605E+07  0.4581E+07  0.4512E+07  0.4399E+07  0.4157E+07  0.3629E+07  0.2566E+07  0.1606E+07
      1.0840      317.9471  0.1032E+07  0.1198E+07  0.1480E+07  0.1824E+07  0.2233E+07  0.2692E+07  0.3186E+07  0.3657E+07  0.3968E+07  0.4158E+07  0.4299E+07  0.4391E+07  0.4450E+07  0.4491E+07  0.4534E+07  0.4568E+07  0.4583E+07  0.4602E+07  0.4607E+07  0.4583E+07  0.4514E+07  0.4401E+07  0.4159E+07  0.3630E+07  0.2566E+07  0.1606E+07
      1.2195      327.6905  0.1033E+07  0.1199E+07  0.1482E+07  0.1826E+07  0.2236E+07  0.2695E+07  0.3189E+07  0.3660E+07  0.3971E+07  0.4161E+07  0.4302E+07  0.4394E+07  0.4452E+07  0.4494E+07  0.4536E+07  0.4570E+07  0.4585E+07  0.4604E+07  0.4609E+07  0.4585E+07  0.4516E+07  0.4403E+07  0.4161E+07  0.3632E+07  0.2567E+07  0.1607E+07
      1.3550      337.4339  0.1034E+07  0.1200E+07  0.1483E+07  0.1827E+07  0.2237E+07  0.2697E+07  0.3191E+07  0.3663E+07  0.3973E+07  0.4163E+07  0.4304E+07  0.4396E+07  0.4454E+07  0.4495E+07  0.4537E+07  0.4571E+07  0.4586E+07  0.4606E+07  0.4610E+07  0.4587E+07  0.4517E+07  0.4404E+07  0.4162E+07  0.3632E+07  0.2568E+07  0.1607E+07
      1.4905      347.1773  0.1034E+07  0.1201E+07  0.1484E+07  0.1828E+07  0.2238E+07  0.2698E+07  0.3193E+07  0.3664E+07  0.3975E+07  0.4165E+07  0.4306E+07  0.4397E+07  0.4455E+07  0.4497E+07  0.4538E+07  0.4572E+07  0.4587E+07  0.4607E+07  0.4611E+07  0.4587E+07  0.4518E+07  0.4405E+07  0.4162E+07  0.3633E+07  0.2568E+07  0.1607E+07
      1.6260      356.9206  0.1034E+07  0.1201E+07  0.1484E+07  0.1829E+07  0.2239E+07  0.2699E+07  0.3193E+07  0.3665E+07  0.3976E+07  0.4165E+07  0.4307E+07  0.4398E+07  0.4456E+07  0.4497E+07  0.4539E+07  0.4573E+07  0.4587E+07  0.4607E+07  0.4611E+07  0.4588E+07  0.4518E+07  0.4405E+07  0.4163E+07  0.3633E+07  0.2568E+07  0.1607E+07
      1.7615        6.6640  0.1034E+07  0.1201E+07  0.1484E+07  0.1828E+07  0.2238E+07  0.2699E+07  0.3193E+07  0.3665E+07  0.3975E+07  0.4165E+07  0.4306E+07  0.4398E+07  0.4455E+07  0.4497E+07  0.4539E+07  0.4573E+07  0.4587E+07  0.4607E+07  0.4611E+07  0.4587E+07  0.4518E+07  0.4405E+07  0.4162E+07  0.3633E+07  0.2568E+07  0.1607E+07
      1.8970       16.4074  0.1034E+07  0.1201E+07  0.1484E+07  0.1827E+07  0.2237E+07  0.2698E+07  0.3192E+07  0.3664E+07  0.3974E+07  0.4164E+07  0.4305E+07  0.4397E+07  0.4454E+07  0.4496E+07  0.4538E+07  0.4572E+07  0.4586E+07  0.4606E+07  0.4610E+07  0.4587E+07  0.4517E+07  0.4404E+07  0.4162E+07  0.3633E+07  0.2568E+07  0.1607E+07
      2.0325       26.1508  0.1033E+07  0.1200E+07  0.1482E+07  0.1825E+07  0.2235E+07  0.2696E+07  0.3191E+07  0.3662E+07  0.3973E+07  0.4162E+07  0.4303E+07  0.4395E+07  0.4453E+07  0.4494E+07  0.4536E+07  0.4570E+07  0.4585E+07  0.4605E+07  0.4609E+07  0.4586E+07  0.4516E+07  0.4403E+07  0.4161E+07  0.3632E+07  0.2567E+07  0.1607E+07
      2.1680       35.8942  0.1033E+07  0.1199E+07  0.1480E+07  0.1823E+07  0.2233E+07  0.2693E+07  0.3188E+07  0.3660E+07  0.3970E+07  0.4160E+07  0.4301E+07  0.4393E+07  0.4450E+07  0.4492E+07  0.4534E+07  0.4568E+07  0.4583E+07  0.4603E+07  0.4607E+07  0.4584E+07  0.4515E+07  0.4402E+07  0.4160E+07  0.3631E+07  0.2567E+07  0.1606E+07
      2.3035       45.6376  0.1032E+07  0.1197E+07  0.1478E+07  0.1820E+07  0.2230E+07  0.2690E+07  0.3185E+07  0.3656E+07  0.3967E+07  0.4156E+07  0.4298E+07  0.4389E+07  0.4448E+07  0.4489E+07  0.4532E+07  0.4566E+07  0.4581E+07  0.4601E+07  0.4605E+07  0.4582E+07  0.4513E+07  0.4400E+07  0.4158E+07  0.3630E+07  0.2566E+07  0.1605E+07
      2.4390       55.3810  0.1031E+07  0.1195E+07  0.1476E+07  0.1817E+07  0.2226E+07  0.2687E+07  0.3181E+07  0.3652E+07  0.3963E+07  0.4152E+07  0.4294E+07  0.4386E+07  0.4444E+07  0.4486E+07  0.4529E+07  0.4563E+07  0.4578E+07  0.4598E+07  0.4603E+07  0.4580E+07  0.4511E+07  0.4398E+07  0.4156E+07  0.3628E+07  0.2565E+07  0.1605E+07
      2.5745       65.1244  0.1030E+07  0.1193E+07  0.1473E+07  0.1814E+07  0.2223E+07  0.2683E+07  0.3177E+07  0.3648E+07  0.3958E+07  0.4148E+07  0.4290E+07  0.4382E+07  0.4440E+07  0.4483E+07  0.4525E+07  0.4560E+07  0.4575E+07  0.4595E+07  0.4600E+07  0.4577E+07  0.4508E+07  0.4396E+07  0.4154E+07  0.3626E+07  0.2563E+07  0.1604E+07
      2.7100       74.8677  0.1029E+07  0.1191E+07  0.1470E+07  0.1810E+07  0.2219E+07  0.2678E+07  0.3173E+07  0.3643E+07  0.3953E+07  0.4143E+07  0.4285E+07  0.4378E+07  0.4436E+07  0.4479E+07  0.4522E+07  0.4556E+07  0.4572E+07  0.4592E+07  0.4597E+07  0.4574E+07  0.4506E+07  0.4393E+07  0.4152E+07  0.3625E+07  0.2562E+07  0.1603E+07
      2.8455       84.6111  0.1027E+07  0.1188E+07  0.1467E+07  0.1806E+07  0.2214E+07  0.2674E+07  0.3168E+07  0.3638E+07  0.3948E+07  0.4138E+07  0.4280E+07  0.4373E+07  0.4432E+07  0.4475E+07  0.4518E+07  0.4553E+07  0.4569E+07  0.4589E+07  0.4594E+07  0.4571E+07  0.4503E+07  0.4391E+07  0.4150E+07  0.3623E+07  0.2561E+07  0.1602E+07
      2.9810       94.3545  0.1026E+07  0.1186E+07  0.1463E+07  0.1802E+07  0.2210E+07  0.2669E+07  0.3163E+07  0.3633E+07  0.3943E+07  0.4133E+07  0.4276E+07  0.4368E+07  0.4428E+07  0.4471E+07  0.4514E+07  0.4549E+07  0.4565E+07  0.4586E+07  0.4591E+07  0.4568E+07  0.4500E+07  0.4389E+07  0.4148E+07  0.3621E+07  0.2560E+07  0.1602E+07
      3.1165      104.0979  0.1025E+07  0.1184E+07  0.1460E+07  0.1799E+07  0.2206E+07  0.2665E+07  0.3158E+07  0.3628E+07  0.3938E+07  0.4128E+07  0.4271E+07  0.4364E+07  0.4423E+07  0.4467E+07  0.4510E+07  0.4546E+07  0.4562E+07  0.4583E+07  0.4588E+07  0.4566E+07  0.4498E+07  0.4386E+07  0.4146E+07  0.3619E+07  0.2558E+07  0.1601E+07
      3.2520      113.8413  0.1024E+07  0.1182E+07  0.1457E+07  0.1795E+07  0.2202E+07  0.2661E+07  0.3153E+07  0.3623E+07  0.3933E+07  0.4124E+07  0.4266E+07  0.4360E+07  0.4419E+07  0.4463E+07  0.4507E+07  0.4542E+07  0.4559E+07  0.4579E+07  0.4585E+07  0.4563E+07  0.4495E+07  0.4384E+07  0.4143E+07  0.3617E+07  0.2557E+07  0.1600E+07
      3.3875      123.5847  0.1023E+07  0.1180E+07  0.1454E+07  0.1792E+07  0.2199E+07  0.2657E+07  0.3149E+07  0.3618E+07  0.3928E+07  0.4119E+07  0.4262E+07  0.4356E+07  0.4416E+07  0.4459E+07  0.4503E+07  0.4539E+07  0.4556E+07  0.4577E+07  0.4582E+07  0.4560E+07  0.4493E+07  0.4381E+07  0.4141E+07  0.3615E+07  0.2556E+07  0.1599E+07
      3.5230      133.3281  0.1022E+07  0.1178E+07  0.1452E+07  0.1789E+07  0.2195E+07  0.2653E+07  0.3145E+07  0.3614E+07  0.3924E+07  0.4115E+07  0.4258E+07  0.4352E+07  0.4412E+07  0.4456E+07  0.4500E+07  0.4537E+07  0.4553E+07  0.4574E+07  0.4580E+07  0.4558E+07  0.4491E+07  0.4379E+07  0.4140E+07  0.3614E+07  0.2555E+07  0.1599E+07
      3.6585      143.0714  0.1021E+07  0.1176E+07  0.1450E+07  0.1787E+07  0.2193E+07  0.2650E+07  0.3142E+07  0.3610E+07  0.3921E+07  0.4112E+07  0.4255E+07  0.4349E+07  0.4410E+07  0.4454E+07  0.4498E+07  0.4534E+07  0.4551E+07  0.4572E+07  0.4578E+07  0.4556E+07  0.4489E+07  0.4378E+07  0.4138E+07  0.3613E+07  0.2554E+07  0.1598E+07
      3.7940      152.8148  0.1020E+07  0.1175E+07  0.1448E+07  0.1785E+07  0.2191E+07  0.2648E+07  0.3139E+07  0.3608E+07  0.3918E+07  0.4109E+07  0.4253E+07  0.4347E+07  0.4407E+07  0.4452E+07  0.4496E+07  0.4532E+07  0.4549E+07  0.4570E+07  0.4576E+07  0.4554E+07  0.4487E+07  0.4376E+07  0.4137E+07  0.3612E+07  0.2553E+07  0.1598E+07
      3.9295      162.5582  0.1020E+07  0.1174E+07  0.1447E+07  0.1784E+07  0.2189E+07  0.2646E+07  0.3137E+07  0.3605E+07  0.3916E+07  0.4107E+07  0.4251E+07  0.4345E+07  0.4406E+07  0.4450E+07  0.4495E+07  0.4531E+07  0.4548E+07  0.4569E+07  0.4575E+07  0.4553E+07  0.4486E+07  0.4375E+07  0.4136E+07  0.3611E+07  0.2553E+07  0.1598E+07
      4.0650      172.3016  0.1020E+07  0.1174E+07  0.1447E+07  0.1783E+07  0.2189E+07  0.2646E+07  0.3136E+07  0.3604E+07  0.3915E+07  0.4106E+07  0.4250E+07  0.4344E+07  0.4405E+07  0.4449E+07  0.4494E+07  0.4530E+07  0.4547E+07  0.4569E+07  0.4575E+07  0.4553E+07  0.4486E+07  0.4375E+07  0.4135E+07  0.3610E+07  0.2553E+07  0.1598E+07
      4.2005      182.0450  0.1020E+07  0.1173E+07  0.1446E+07  0.1783E+07  0.2188E+07  0.2645E+07  0.3136E+07  0.3604E+07  0.3915E+07  0.4106E+07  0.4250E+07  0.4344E+07  0.4405E+07  0.4449E+07  0.4494E+07  0.4530E+07  0.4547E+07  0.4568E+07  0.4575E+07  0.4553E+07  0.4485E+07  0.4375E+07  0.4135E+07  0.3610E+07  0.2553E+07  0.1598E+07
      4.3360      191.7884  0.1020E+07  0.1174E+07  0.1447E+07  0.1784E+07  0.2189E+07  0.2646E+07  0.3136E+07  0.3604E+07  0.3915E+07  0.4107E+07  0.4250E+07  0.4345E+07  0.4406E+07  0.4450E+07  0.4495E+07  0.4531E+07  0.4547E+07  0.4569E+07  0.4575E+07  0.4553E+07  0.4486E+07  0.4375E+07  0.4135E+07  0.3611E+07  0.2553E+07  0.1598E+07
      4.4715      201.5318  0.1020E+07  0.1174E+07  0.1448E+07  0.1785E+07  0.2191E+07  0.2647E+07  0.3138E+07  0.3606E+07  0.3917E+07  0.4108E+07  0.4252E+07  0.4346E+07  0.4407E+07  0.4451E+07  0.4496E+07  0.4532E+07  0.4549E+07  0.4570E+07  0.4576E+07  0.4554E+07  0.4486E+07  0.4375E+07  0.4136E+07  0.3611E+07  0.2553E+07  0.1598E+07
      4.6070      211.2752  0.1020E+07  0.1175E+07  0.1449E+07  0.1787E+07  0.2193E+07  0.2649E+07  0.3140E+07  0.3608E+07  0.3919E+07  0.4110E+07  0.4254E+07  0.4348E+07  0.4409E+07  0.4453E+07  0.4498E+07  0.4533E+07  0.4550E+07  0.4571E+07  0.4577E+07  0.4555E+07  0.4488E+07  0.4377E+07  0.4137E+07  0.3612E+07  0.2554E+07  0.1598E+07
      4.7425      221.0185  0.1021E+07  0.1177E+07  0.1451E+07  0.1789E+07  0.2195E+07  0.2652E+07  0.3143E+07  0.3611E+07  0.3922E+07  0.4113E+07  0.4257E+07  0.4351E+07  0.4412E+07  0.4456E+07  0.4500E+07  0.4536E+07  0.4552E+07  0.4573E+07  0.4579E+07  0.4557E+07  0.4489E+07  0.4378E+07  0.4138E+07  0.3613E+07  0.2555E+07  0.1599E+07
      4.8780      230.7619  0.1022E+07  0.1178E+07  0.1454E+07  0.1792E+07  0.2198E+07  0.2656E+07  0.3146E+07  0.3614E+07  0.3926E+07  0.4117E+07  0.4261E+07  0.4354E+07  0.4415E+07  0.4459E+07  0.4503E+07  0.4538E+07  0.4555E+07  0.4576E+07  0.4581E+07  0.4559E+07  0.4491E+07  0.4380E+07  0.4140E+07  0.3614E+07  0.2556E+07  0.1600E+07
      5.0136      240.5053  0.1023E+07  0.1180E+07  0.1456E+07  0.1796E+07  0.2202E+07  0.2659E+07  0.3150E+07  0.3619E+07  0.3930E+07  0.4121E+07  0.4265E+07  0.4358E+07  0.4418E+07  0.4462E+07  0.4506E+07  0.4541E+07  0.4558E+07  0.4578E+07  0.4584E+07  0.4562E+07  0.4494E+07  0.4382E+07  0.4142E+07  0.3616E+07  0.2557E+07  0.1600E+07
      5.1491      250.2487  0.1024E+07  0.1182E+07  0.1459E+07  0.1799E+07  0.2206E+07  0.2664E+07  0.3154E+07  0.3623E+07  0.3934E+07  0.4126E+07  0.4269E+07  0.4363E+07  0.4422E+07  0.4466E+07  0.4509E+07  0.4545E+07  0.4561E+07  0.4581E+07  0.4587E+07  0.4564E+07  0.4496E+07  0.4384E+07  0.4144E+07  0.3618E+07  0.2558E+07  0.1601E+07
      5.2846      259.9921  0.1025E+07  0.1185E+07  0.1462E+07  0.1803E+07  0.2210E+07  0.2668E+07  0.3159E+07  0.3628E+07  0.3939E+07  0.4131E+07  0.4274E+07  0.4367E+07  0.4427E+07  0.4470E+07  0.4513E+07  0.4548E+07  0.4564E+07  0.4585E+07  0.4590E+07  0.4567E+07  0.4499E+07  0.4387E+07  0.4146E+07  0.3620E+07  0.2559E+07  0.1602E+07
      5.4201      269.7355  0.1027E+07  0.1187E+07  0.1466E+07  0.1807E+07  0.2215E+07  0.2673E+07  0.3164E+07  0.3633E+07  0.3945E+07  0.4136E+07  0.4278E+07  0.4372E+07  0.4431E+07  0.4474E+07  0.4517E+07  0.4552E+07  0.4567E+07  0.4588E+07  0.4593E+07  0.4570E+07  0.4502E+07  0.4390E+07  0.4149E+07  0.3622E+07  0.2561E+07  0.1603E+07
      5.5556      279.4789  0.1028E+07  0.1189E+07  0.1469E+07  0.1811E+07  0.2219E+07  0.2677E+07  0.3169E+07  0.3639E+07  0.3950E+07  0.4141E+07  0.4283E+07  0.4376E+07  0.4435E+07  0.4478E+07  0.4521E+07  0.4555E+07  0.4571E+07  0.4591E+07  0.4596E+07  0.4573E+07  0.4505E+07  0.4392E+07  0.4151E+07  0.3624E+07  0.2562E+07  0.1604E+07
      5.6911      289.2223  0.1029E+07  0.1192E+07  0.1472E+07  0.1815E+07  0.2223E+07  0.2682E+07  0.3174E+07  0.3644E+07  0.3955E+07  0.4146E+07  0.4288E+07  0.4380E+07  0.4439E+07  0.4482E+07  0.4524E+07  0.4559E+07  0.4574E+07  0.4594E+07  0.4599E+07  0.4576E+07  0.4507E+07  0.4395E+07  0.4153E+07  0.3626E+07  0.2563E+07  0.1604E+07
      5.8266      298.9656  0.1030E+07  0.1194E+07  0.1475E+07  0.1818E+07  0.2227E+07  0.2686E+07  0.3178E+07  0.3649E+07  0.3960E+07  0.4150E+07  0.4292E+07  0.4385E+07  0.4443E+07  0.4485E+07  0.4528E+07  0.4562E+07  0.4577E+07  0.4597E+07  0.4602E+07  0.4579E+07  0.4510E+07  0.4397E+07  0.4156E+07  0.3627E+07  0.2564E+07  0.1605E+07
      5.9621      308.7090  0.1031E+07  0.1196E+07  0.1478E+07  0.1821E+07  0.2230E+07  0.2689E+07  0.3182E+07  0.3653E+07  0.3964E+07  0.4154E+07  0.4296E+07  0.4388E+07  0.4447E+07  0.4489E+07  0.4531E+07  0.4565E+07  0.4580E+07  0.4600E+07  0.4605E+07  0.4581E+07  0.4512E+07  0.4399E+07  0.4158E+07  0.3629E+07  0.2566E+07  0.1606E+07
      6.0976      318.4524  0.1032E+07  0.1198E+07  0.1480E+07  0.1824E+07  0.2233E+07  0.2693E+07  0.3186E+07  0.3657E+07  0.3968E+07  0.4158E+07  0.4300E+07  0.4392E+07  0.4450E+07  0.4492E+07  0.4534E+07  0.4568E+07  0.4583E+07  0.4602E+07  0.4607E+07  0.4584E+07  0.4514E+07  0.4401E+07  0.4159E+07  0.3630E+07  0.2567E+07  0.1606E+07
      6.2331      328.1958  0.1033E+07  0.1199E+07  0.1482E+07  0.1826E+07  0.2236E+07  0.2695E+07  0.3189E+07  0.3660E+07  0.3971E+07  0.4161E+07  0.4302E+07  0.4394E+07  0.4452E+07  0.4494E+07  0.4536E+07  0.4570E+07  0.4585E+07  0.4604E+07  0.4609E+07  0.4585E+07  0.4516E+07  0.4403E+07  0.4161E+07  0.3632E+07  0.2567E+07  0.1607E+07
      6.3686      337.9392  0.1034E+07  0.1200E+07  0.1483E+07  0.1828E+07  0.2237E+07  0.2697E+07  0.3191E+07  0.3663E+07  0.3973E+07  0.4163E+07  0.4305E+07  0.4396E+07  0.4454E+07  0.4496E+07  0.4537E+07  0.4571E+07  0.4586E+07  0.4606E+07  0.4610E+07  0.4587E+07  0.4517E+07  0.4404E+07  0.4162E+07  0.3632E+07  0.2568E+07  0.1607E+07
      6.5041      347.6826  0.1034E+07  0.1201E+07  0.1484E+07  0.1828E+07  0.2238E+07  0.2698E+07  0.3193E+07  0.3664E+07  0.3975E+07  0.4165E+07  0.4306E+07  0.4397E+07  0.4455E+07  0.4497E+07  0.4539E+07  0.4572E+07  0.4587E+07  0.4607E+07  0.4611E+07  0.4587E+07  0.4518E+07  0.4405E+07  0.4162E+07  0.3633E+07  0.2568E+07  0.1607E+07
      6.6396      357.4260  0.1034E+07  0.1201E+07  0.1484E+07  0.1829E+07  0.2239E+07  0.2699E+07  0.3193E+07  0.3665E+07  0.3975E+07  0.4165E+07  0.4307E+07  0.4398E+07  0.4456E+07  0.4497E+07  0.4539E+07  0.4573E+07  0.4587E+07  0.4607E+07  0.4611E+07  0.4588E+07  0.4518E+07  0.4405E+07  0.4163E+07  0.3633E+07  0.2568E+07  0.1607E+07
      6.7751        7.1693  0.1034E+07  0.1201E+07  0.1484E+07  0.1828E+07  0.2238E+07  0.2699E+07  0.3193E+07  0.3665E+07  0.3975E+07  0.4165E+07  0.4306E+07  0.4398E+07  0.4455E+07  0.4497E+07  0.4539E+07  0.4573E+07  0.4587E+07  0.4607E+07  0.4611E+07  0.4587E+07  0.4518E+07  0.4405E+07  0.4162E+07  0.3633E+07  0.2568E+07  0.1607E+07
      6.9106       16.9127  0.1034E+07  0.1201E+07  0.1483E+07  0.1827E+07  0.2237E+07  0.2697E+07  0.3192E+07  0.3664E+07  0.3974E+07  0.4164E+07  0.4305E+07  0.4397E+07  0.4454E+07  0.4496E+07  0.4538E+07  0.4572E+07  0.4586E+07  0.4606E+07  0.4610E+07  0.4587E+07  0.4517E+07  0.4404E+07  0.4162E+07  0.3633E+07  0.2568E+07  0.1607E+07
      7.0461       26.6561  0.1033E+07  0.1200E+07  0.1482E+07  0.1825E+07  0.2235E+07  0.2696E+07  0.3190E+07  0.3662E+07  0.3972E+07  0.4162E+07  0.4303E+07  0.4395E+07  0.4453E+07  0.4494E+07  0.4536E+07  0.4570E+07  0.4585E+07  0.4605E+07  0.4609E+07  0.4585E+07  0.4516E+07  0.4403E+07  0.4161E+07  0.3632E+07  0.2567E+07  0.1606E+07
      7.1816       36.3995  0.1033E+07  0.1198E+07  0.1480E+07  0.1823E+07  0.2233E+07  0.2693E+07  0.3188E+07  0.3660E+07  0.3970E+07  0.4160E+07  0.4301E+07  0.4392E+07  0.4450E+07  0.4492E+07  0.4534E+07  0.4568E+07  0.4583E+07  0.4603E+07  0.4607E+07  0.4584E+07  0.4515E+07  0.4402E+07  0.4160E+07  0.3631E+07  0.2567E+07  0.1606E+07
      7.3171       46.1429  0.1032E+07  0.1197E+07  0.1478E+07  0.1820E+07  0.2230E+07  0.2690E+07  0.3185E+07  0.3656E+07  0.3966E+07  0.4156E+07  0.4298E+07  0.4389E+07  0.4447E+07  0.4489E+07  0.4531E+07  0.4566E+07  0.4581E+07  0.4601E+07  0.4605E+07  0.4582E+07  0.4513E+07  0.4400E+07  0.4158E+07  0.3629E+07  0.2566E+07  0.1605E+07
      7.4526       55.8863  0.1031E+07  0.1195E+07  0.1476E+07  0.1817E+07  0.2226E+07  0.2686E+07  0.3181E+07  0.3652E+07  0.3962E+07  0.4152E+07  0.4294E+07  0.4386E+07  0.4444E+07  0.4486E+07  0.4528E+07  0.4563E+07  0.4578E+07  0.4598E+07  0.4603E+07  0.4579E+07  0.4511E+07  0.4398E+07  0.4156E+07  0.3628E+07  0.2565E+07  0.1605E+07
      7.5881       65.6297  0.1030E+07  0.1193E+07  0.1473E+07  0.1813E+07  0.2222E+07  0.2682E+07  0.3177E+07  0.3648E+07  0.3958E+07  0.4148E+07  0.4290E+07  0.4382E+07  0.4440E+07  0.4482E+07  0.4525E+07  0.4560E+07  0.4575E+07  0.4595E+07  0.4600E+07  0.4577E+07  0.4508E+07  0.4396E+07  0.4154E+07  0.3626E+07  0.2563E+07  0.1604E+07
      7.7236       75.3731  0.1028E+07  0.1191E+07  0.1470E+07  0.1810E+07  0.2218E+07  0.2678E+07  0.3172E+07  0.3643E+07  0.3953E+07  0.4143E+07  0.4285E+07  0.4377E+07  0.4436E+07  0.4478E+07  0.4521E+07  0.4556E+07  0.4572E+07  0.4592E+07  0.4597E+07  0.4574E+07  0.4506E+07  0.4393E+07  0.4152E+07  0.3624E+07  0.2562E+07  0.1603E+07
      7.8591       85.1164  0.1027E+07  0.1188E+07  0.1466E+07  0.1806E+07  0.2214E+07  0.2674E+07  0.3167E+07  0.3638E+07  0.3948E+07  0.4138E+07  0.4280E+07  0.4373E+07  0.4432E+07  0.4474E+07  0.4518E+07  0.4553E+07  0.4568E+07  0.4589E+07  0.4594E+07  0.4571E+07  0.4503E+07  0.4391E+07  0.4150E+07  0.3623E+07  0.2561E+07  0.1602E+07
      7.9946       94.8598  0.1026E+07  0.1186E+07  0.1463E+07  0.1802E+07  0.2210E+07  0.2669E+07  0.3163E+07  0.3633E+07  0.3943E+07  0.4133E+07  0.4275E+07  0.4368E+07  0.4427E+07  0.4470E+07  0.4514E+07  0.4549E+07  0.4565E+07  0.4586E+07  0.4591E+07  0.4568E+07  0.4500E+07  0.4388E+07  0.4148E+07  0.3621E+07  0.2559E+07  0.1602E+07
      8.1301      104.6032  0.1025E+07  0.1184E+07  0.1460E+07  0.1798E+07  0.2206E+07  0.2665E+07  0.3158E+07  0.3627E+07  0.3938E+07  0.4128E+07  0.4271E+07  0.4364E+07  0.4423E+07  0.4466E+07  0.4510E+07  0.4546E+07  0.4562E+07  0.4582E+07  0.4588E+07  0.4565E+07  0.4498E+07  0.4386E+07  0.4145E+07  0.3619E+07  0.2558E+07  0.1601E+07
      8.2656      114.3466  0.1024E+07  0.1181E+07  0.1457E+07  0.1795E+07  0.2202E+07  0.2660E+07  0.3153E+07  0.3622E+07  0.3933E+07  0.4123E+07  0.4266E+07  0.4359E+07  0.4419E+07  0.4463E+07  0.4507E+07  0.4542E+07  0.4559E+07  0.4579E+07  0.4585E+07  0.4563E+07  0.4495E+07  0.4384E+07  0.4143E+07  0.3617E+07  0.2557E+07  0.1600E+07
      8.4011      124.0900  0.1023E+07  0.1179E+07  0.1454E+07  0.1792E+07  0.2198E+07  0.2657E+07  0.3149E+07  0.3618E+07  0.3928E+07  0.4119E+07  0.4262E+07  0.4355E+07  0.4415E+07  0.4459E+07  0.4503E+07  0.4539E+07  0.4556E+07  0.4577E+07  0.4582E+07  0.4560E+07  0.4493E+07  0.4381E+07  0.4141E+07  0.3615E+07  0.2556E+07  0.1599E+07
      8.5366      133.8334  0.1022E+07  0.1178E+07  0.1452E+07  0.1789E+07  0.2195E+07  0.2653E+07  0.3145E+07  0.3614E+07  0.3924E+07  0.4115E+07  0.4258E+07  0.4352E+07  0.4412E+07  0.4456E+07  0.4500E+07  0.4536E+07  0.4553E+07  0.4574E+07  0.4580E+07  0.4558E+07  0.4491E+07  0.4379E+07  0.4139E+07  0.3614E+07  0.2555E+07  0.1599E+07
      8.6721      143.5768  0.1021E+07  0.1176E+07  0.1450E+07  0.1786E+07  0.2193E+07  0.2650E+07  0.3142E+07  0.3610E+07  0.3921E+07  0.4112E+07  0.4255E+07  0.4349E+07  0.4409E+07  0.4454E+07  0.4498E+07  0.4534E+07  0.4551E+07  0.4572E+07  0.4578E+07  0.4556E+07  0.4489E+07  0.4378E+07  0.4138E+07  0.3613E+07  0.2554E+07  0.1598E+07
      8.8076      153.3202  0.1020E+07  0.1175E+07  0.1448E+07  0.1785E+07  0.2191E+07  0.2648E+07  0.3139E+07  0.3607E+07  0.3918E+07  0.4109E+07  0.4252E+07  0.4347E+07  0.4407E+07  0.4452E+07  0.4496E+07  0.4532E+07  0.4549E+07  0.4570E+07  0.4576E+07  0.4554E+07  0.4487E+07  0.4376E+07  0.4137E+07  0.3612E+07  0.2553E+07  0.1598E+07
      8.9431      163.0635  0.1020E+07  0.1174E+07  0.1447E+07  0.1783E+07  0.2189E+07  0.2646E+07  0.3137E+07  0.3605E+07  0.3916E+07  0.4107E+07  0.4251E+07  0.4345E+07  0.4406E+07  0.4450E+07  0.4495E+07  0.4531E+07  0.4548E+07  0.4569E+07  0.4575E+07  0.4553E+07  0.4486E+07  0.4375E+07  0.4136E+07  0.3611E+07  0.2553E+07  0.1598E+07
      9.0786      172.8069  0.1020E+07  0.1174E+07  0.1447E+07  0.1783E+07  0.2188E+07  0.2645E+07  0.3136E+07  0.3604E+07  0.3915E+07  0.4106E+07  0.4250E+07  0.4344E+07  0.4405E+07  0.4449E+07  0.4494E+07  0.4530E+07  0.4547E+07  0.4569E+07  0.4575E+07  0.4553E+07  0.4486E+07  0.4375E+07  0.4135E+07  0.3610E+07  0.2553E+07  0.1598E+07
      9.2141      182.5503  0.1020E+07  0.1173E+07  0.1446E+07  0.1783E+07  0.2188E+07  0.2645E+07  0.3136E+07  0.3604E+07  0.3915E+07  0.4106E+07  0.4250E+07  0.4344E+07  0.4405E+07  0.4449E+07  0.4494E+07  0.4530E+07  0.4547E+07  0.4568E+07  0.4575E+07  0.4553E+07  0.4485E+07  0.4375E+07  0.4135E+07  0.3610E+07  0.2553E+07  0.1598E+07
      9.3496      192.2937  0.1020E+07  0.1174E+07  0.1447E+07  0.1784E+07  0.2189E+07  0.2646E+07  0.3136E+07  0.3604E+07  0.3915E+07  0.4107E+07  0.4250E+07  0.4345E+07  0.4406E+07  0.4450E+07  0.4495E+07  0.4531E+07  0.4548E+07  0.4569E+07  0.4575E+07  0.4553E+07  0.4486E+07  0.4375E+07  0.4135E+07  0.3611E+07  0.2553E+07  0.1598E+07
      9.4851      202.0371  0.1020E+07  0.1174E+07  0.1448E+07  0.1785E+07  0.2191E+07  0.2647E+07  0.3138E+07  0.3606E+07  0.3917E+07  0.4108E+07  0.4252E+07  0.4346E+07  0.4407E+07  0.4451E+07  0.4496E+07  0.4532E+07  0.4549E+07  0.4570E+07  0.4576E+07  0.4554E+07  0.4487E+07  0.4375E+07  0.4136E+07  0.3611E+07  0.2553E+07  0.1598E+07
      9.6206      211.7805  0.1021E+07  0.1175E+07  0.1449E+07  0.1787E+07  0.2193E+07  0.2650E+07  0.3140E+07  0.3608E+07  0.3919E+07  0.4111E+07  0.4254E+07  0.4348E+07  0.4409E+07  0.4453E+07  0.4498E+07  0.4534E+07  0.4550E+07  0.4571E+07  0.4577E+07  0.4555E+07  0.4488E+07  0.4377E+07  0.4137E+07  0.3612E+07  0.2554E+07  0.1598E+07
      9.7561      221.5239  0.1021E+07  0.1177E+07  0.1451E+07  0.1789E+07  0.2195E+07  0.2652E+07  0.3143E+07  0.3611E+07  0.3922E+07  0.4114E+07  0.4257E+07  0.4351E+07  0.4412E+07  0.4456E+07  0.4500E+07  0.4536E+07  0.4552E+07  0.4573E+07  0.4579E+07  0.4557E+07  0.4489E+07  0.4378E+07  0.4138E+07  0.3613E+07  0.2555E+07  0.1599E+07
      9.8916      231.2673  0.1022E+07  0.1178E+07  0.1454E+07  0.1792E+07  0.2199E+07  0.2656E+07  0.3146E+07  0.3614E+07  0.3926E+07  0.4117E+07  0.4261E+07  0.4355E+07  0.4415E+07  0.4459E+07  0.4503E+07  0.4538E+07  0.4555E+07  0.4576E+07  0.4582E+07  0.4559E+07  0.4491E+07  0.4380E+07  0.4140E+07  0.3615E+07  0.2556E+07  0.1600E+07
     10.0271      241.0106  0.1023E+07  0.1180E+07  0.1456E+07  0.1796E+07  0.2202E+07  0.2660E+07  0.3150E+07  0.3619E+07  0.3930E+07  0.4122E+07  0.4265E+07  0.4359E+07  0.4419E+07  0.4462E+07  0.4506E+07  0.4541E+07  0.4558E+07  0.4579E+07  0.4584E+07  0.4562E+07  0.4494E+07  0.4382E+07  0.4142E+07  0.3616E+07  0.2557E+07  0.1600E+07
     10.1626      250.7540  0.1024E+07  0.1183E+07  0.1459E+07  0.1799E+07  0.2206E+07  0.2664E+07  0.3155E+07  0.3623E+07  0.3935E+07  0.4126E+07  0.4269E+07  0.4363E+07  0.4423E+07  0.4466E+07  0.4510E+07  0.4545E+07  0.4561E+07  0.4582E+07  0.4587E+07  0.4564E+07  0.4496E+07  0.4385E+07  0.4144E+07  0.3618E+07  0.2558E+07  0.1601E+07
     10.2981      260.4974  0.1025E+07  0.1185E+07  0.1463E+07  0.1803E+07  0.2210E+07  0.2668E+07  0.3159E+07  0.3628E+07  0.3940E+07  0.4131E+07  0.4274E+07  0.4367E+07  0.4427E+07  0.4470E+07  0.4513E+07  0.4548E+07  0.4564E+07  0.4585E+07  0.4590E+07  0.4567E+07  0.4499E+07  0.4387E+07  0.4147E+07  0.3620E+07  0.2559E+07  0.1602E+07
     10.4336      270.2408  0.1027E+07  0.1187E+07  0.1466E+07  0.1807E+07  0.2215E+07  0.2673E+07  0.3164E+07  0.3634E+07  0.3945E+07  0.4136E+07  0.4279E+07  0.4372E+07  0.4431E+07  0.4474E+07  0.4517E+07  0.4552E+07  0.4568E+07  0.4588E+07  0.4593E+07  0.4570E+07  0.4502E+07  0.4390E+07  0.4149E+07  0.3622E+07  0.2561E+07  0.1603E+07
     10.5691      279.9842  0.1028E+07  0.1189E+07  0.1469E+07  0.1811E+07  0.2219E+07  0.2677E+07  0.3169E+07  0.3639E+07  0.3950E+07  0.4141E+07  0.4283E+07  0.4376E+07  0.4435E+07  0.4478E+07  0.4521E+07  0.4556E+07  0.4571E+07  0.4591E+07  0.4597E+07  0.4573E+07  0.4505E+07  0.4392E+07  0.4151E+07  0.3624E+07  0.2562E+07  0.1604E+07
     10.7046      289.7276  0.1029E+07  0.1192E+07  0.1472E+07  0.1815E+07  0.2223E+07  0.2682E+07  0.3174E+07  0.3644E+07  0.3955E+07  0.4146E+07  0.4288E+07  0.4381E+07  0.4440E+07  0.4482E+07  0.4525E+07  0.4559E+07  0.4574E+07  0.4594E+07  0.4600E+07  0.4576E+07  0.4508E+07  0.4395E+07  0.4154E+07  0.3626E+07  0.2563E+07  0.1604E+07
     10.8401      299.4710  0.1030E+07  0.1194E+07  0.1475E+07  0.1818E+07  0.2227E+07  0.2686E+07  0.3178E+07  0.3649E+07  0.3960E+07  0.4150E+07  0.4292E+07  0.4385E+07  0.4443E+07  0.4486E+07  0.4528E+07  0.4562E+07  0.4577E+07  0.4597E+07  0.4602E+07  0.4579E+07  0.4510E+07  0.4397E+07  0.4156E+07  0.3628E+07  0.2565E+07  0.1605E+07
     10.9756      309.2143  0.1031E+07  0.1196E+07  0.1478E+07  0.1821E+07  0.2230E+07  0.2690E+07  0.3183E+07  0.3653E+07  0.3964E+07  0.4155E+07  0.4296E+07  0.4388E+07  0.4447E+07  0.4489E+07  0.4531E+07  0.4565E+07  0.4580E+07  0.4600E+07  0.4605E+07  0.4582E+07  0.4512E+07  0.4399E+07  0.4158E+07  0.3629E+07  0.2566E+07  0.1606E+07
     11.1111      318.9577  0.1032E+07  0.1198E+07  0.1480E+07  0.1824E+07  0.2233E+07  0.2693E+07  0.3186E+07  0.3657E+07  0.3968E+07  0.4158E+07  0.4300E+07  0.4392E+07  0.4450E+07  0.4492E+07  0.4534E+07  0.4568E+07  0.4583E+07  0.4602E+07  0.4607E+07  0.4584E+07  0.4514E+07  0.4401E+07  0.4159E+07  0.3631E+07  0.2567E+07  0.1606E+07
     11.2466      328.7011  0.1033E+07  0.1199E+07  0.1482E+07  0.1826E+07  0.2236E+07  0.2695E+07  0.3189E+07  0.3660E+07  0.3971E+07  0.4161E+07  0.4303E+07  0.4394E+07  0.4452E+07  0.4494E+07  0.4536E+07  0.4570E+07  0.4585E+07  0.4604E+07  0.4609E+07  0.4585E+07  0.4516E+07  0.4403E+07  0.4161E+07  0.3632E+07  0.2567E+07  0.1607E+07
     11.3821      338.4445  0.1034E+07  0.1200E+07  0.1483E+07  0.1828E+07  0.2237E+07  0.2697E+07  0.3191E+07  0.3663E+07  0.3973E+07  0.4163E+07  0.4305E+07  0.4396E+07  0.4454E+07  0.4496E+07  0.4538E+07  0.4572E+07  0.4586E+07  0.4606E+07  0.4610E+07  0.4587E+07  0.4517E+07  0.4404E+07  0.4162E+07  0.3633E+07  0.2568E+07  0.1607E+07
     11.5176      348.1879  0.1034E+07  0.1201E+07  0.1484E+07  0.1828E+07  0.2238E+07  0.2699E+07  0.3193E+07  0.3664E+07  0.3975E+07  0.4165E+07  0.4306E+07  0.4397E+07  0.4455E+07  0.4497E+07  0.4539E+07  0.4572E+07  0.4587E+07  0.4607E+07  0.4611E+07  0.4587E+07  0.4518E+07  0.4405E+07  0.4162E+07  0.3633E+07  0.2568E+07  0.1607E+07
     11.6531      357.9313  0.1034E+07  0.1201E+07  0.1484E+07  0.1829E+07  0.2239E+07  0.2699E+07  0.3193E+07  0.3665E+07  0.3975E+07  0.4165E+07  0.4307E+07  0.4398E+07  0.4456E+07  0.4497E+07  0.4539E+07  0.4573E+07  0.4588E+07  0.4607E+07  0.4611E+07  0.4588E+07  0.4518E+07  0.4405E+07  0.4163E+07  0.3633E+07  0.2568E+07  0.1607E+07
     11.7886        7.6747  0.1034E+07  0.1201E+07  0.1484E+07  0.1828E+07  0.2238E+07  0.2699E+07  0.3193E+07  0.3665E+07  0.3975E+07  0.4165E+07  0.4306E+07  0.4398E+07  0.4455E+07  0.4497E+07  0.4539E+07  0.4572E+07  0.4587E+07  0.4607E+07  0.4611E+07  0.4587E+07  0.4518E+07  0.4405E+07  0.4162E+07  0.3633E+07  0.2568E+07  0.1607E+07
     11.9241       17.4181  0.1034E+07  0.1201E+07  0.1483E+07  0.1827E+07  0.2237E+07  0.2697E+07  0.3192E+07  0.3664E+07  0.3974E+07  0.4164E+07  0.4305E+07  0.4397E+07  0.4454E+07  0.4496E+07  0.4538E+07  0.4572E+07  0.4586E+07  0.4606E+07  0.4610E+07  0.4587E+07  0.4517E+07  0.4404E+07  0.4162E+07  0.3633E+07  0.2568E+07  0.1607E+07
     12.0596       27.1614  0.1033E+07  0.1200E+07  0.1482E+07  0.1825E+07  0.2235E+07  0.2695E+07  0.3190E+07  0.3662E+07  0.3972E+07  0.4162E+07  0.4303E+07  0.4395E+07  0.4453E+07  0.4494E+07  0.4536E+07  0.4570E+07  0.4585E+07  0.4604E+07  0.4609E+07  0.4585E+07  0.4516E+07  0.4403E+07  0.4161E+07  0.3632E+07  0.2567E+07  0.1606E+07
     12.1951       36.9048  0.1033E+07  0.1198E+07  0.1480E+07  0.1823E+07  0.2232E+07  0.2693E+07  0.3188E+07  0.3659E+07  0.3970E+07  0.4159E+07  0.4301E+07  0.4392E+07  0.4450E+07  0.4492E+07  0.4534E+07  0.4568E+07  0.4583E+07  0.4603E+07  0.4607E+07  0.4584E+07  0.4515E+07  0.4402E+07  0.4160E+07  0.3631E+07  0.2566E+07  0.1606E+07
     12.3306       46.6482  0.1032E+07  0.1197E+07  0.1478E+07  0.1820E+07  0.2229E+07  0.2690E+07  0.3185E+07  0.3656E+07  0.3966E+07  0.4156E+07  0.4297E+07  0.4389E+07  0.4447E+07  0.4489E+07  0.4531E+07  0.4566E+07  0.4581E+07  0.4600E+07  0.4605E+07  0.4582E+07  0.4513E+07  0.4400E+07  0.4158E+07  0.3629E+07  0.2566E+07  0.1605E+07
     12.4661       56.3916  0.1031E+07  0.1195E+07  0.1475E+07  0.1817E+07  0.2226E+07  0.2686E+07  0.3181E+07  0.3652E+07  0.3962E+07  0.4152E+07  0.4294E+07  0.4385E+07  0.4444E+07  0.4486E+07  0.4528E+07  0.4563E+07  0.4578E+07  0.4598E+07  0.4603E+07  0.4579E+07  0.4511E+07  0.4398E+07  0.4156E+07  0.3628E+07  0.2564E+07  0.1605E+07
     12.6016       66.1350  0.1030E+07  0.1193E+07  0.1472E+07  0.1813E+07  0.2222E+07  0.2682E+07  0.3176E+07  0.3647E+07  0.3958E+07  0.4148E+07  0.4289E+07  0.4381E+07  0.4440E+07  0.4482E+07  0.4525E+07  0.4560E+07  0.4575E+07  0.4595E+07  0.4600E+07  0.4577E+07  0.4508E+07  0.4396E+07  0.4154E+07  0.3626E+07  0.2563E+07  0.1604E+07
     12.7371       75.8784  0.1028E+07  0.1191E+07  0.1469E+07  0.1810E+07  0.2218E+07  0.2678E+07  0.3172E+07  0.3643E+07  0.3953E+07  0.4143E+07  0.4285E+07  0.4377E+07  0.4436E+07  0.4478E+07  0.4521E+07  0.4556E+07  0.4572E+07  0.4592E+07  0.4597E+07  0.4574E+07  0.4506E+07  0.4393E+07  0.4152E+07  0.3624E+07  0.2562E+07  0.1603E+07
     12.8726       85.6218  0.1027E+07  0.1188E+07  0.1466E+07  0.1806E+07  0.2214E+07  0.2673E+07  0.3167E+07  0.3637E+07  0.3948E+07  0.4138E+07  0.4280E+07  0.4372E+07  0.4432E+07  0.4474E+07  0.4517E+07  0.4553E+07  0.4568E+07  0.4589E+07  0.4594E+07  0.4571E+07  0.4503E+07  0.4391E+07  0.4150E+07  0.3622E+07  0.2561E+07  0.1602E+07
     13.0081       95.3652  0.1026E+07  0.1186E+07  0.1463E+07  0.1802E+07  0.2210E+07  0.2669E+07  0.3162E+07  0.3632E+07  0.3942E+07  0.4133E+07  0.4275E+07  0.4368E+07  0.4427E+07  0.4470E+07  0.4514E+07  0.4549E+07  0.4565E+07  0.4585E+07  0.4591E+07  0.4568E+07  0.4500E+07  0.4388E+07  0.4148E+07  0.3621E+07  0.2559E+07  0.1602E+07
     13.1436      105.1085  0.1025E+07  0.1184E+07  0.1460E+07  0.1798E+07  0.2206E+07  0.2664E+07  0.3158E+07  0.3627E+07  0.3937E+07  0.4128E+07  0.4270E+07  0.4363E+07  0.4423E+07  0.4466E+07  0.4510E+07  0.4545E+07  0.4562E+07  0.4582E+07  0.4588E+07  0.4565E+07  0.4497E+07  0.4386E+07  0.4145E+07  0.3619E+07  0.2558E+07  0.1601E+07
     13.2791      114.8519  0.1024E+07  0.1181E+07  0.1457E+07  0.1795E+07  0.2202E+07  0.2660E+07  0.3153E+07  0.3622E+07  0.3932E+07  0.4123E+07  0.4266E+07  0.4359E+07  0.4419E+07  0.4462E+07  0.4506E+07  0.4542E+07  0.4558E+07  0.4579E+07  0.4585E+07  0.4563E+07  0.4495E+07  0.4383E+07  0.4143E+07  0.3617E+07  0.2557E+07  0.1600E+07
     13.4146      124.5953  0.1023E+07  0.1179E+07  0.1454E+07  0.1791E+07  0.2198E+07  0.2656E+07  0.3149E+07  0.3618E+07  0.3928E+07  0.4119E+07  0.4262E+07  0.4355E+07  0.4415E+07  0.4459E+07  0.4503E+07  0.4539E+07  0.4556E+07  0.4576E+07  0.4582E+07  0.4560E+07  0.4493E+07  0.4381E+07  0.4141E+07  0.3615E+07  0.2556E+07  0.1599E+07
     13.5501      134.3387  0.1022E+07  0.1178E+07  0.1452E+07  0.1789E+07  0.2195E+07  0.2653E+07  0.3145E+07  0.3614E+07  0.3924E+07  0.4115E+07  0.4258E+07  0.4352E+07  0.4412E+07  0.4456E+07  0.4500E+07  0.4536E+07  0.4553E+07  0.4574E+07  0.4580E+07  0.4558E+07  0.4490E+07  0.4379E+07  0.4139E+07  0.3614E+07  0.2555E+07  0.1599E+07
     13.6856      144.0821  0.1021E+07  0.1176E+07  0.1450E+07  0.1786E+07  0.2192E+07  0.2650E+07  0.3142E+07  0.3610E+07  0.3920E+07  0.4111E+07  0.4255E+07  0.4349E+07  0.4409E+07  0.4453E+07  0.4498E+07  0.4534E+07  0.4551E+07  0.4572E+07  0.4578E+07  0.4556E+07  0.4489E+07  0.4378E+07  0.4138E+07  0.3613E+07  0.2554E+07  0.1598E+07
     13.8211      153.8255  0.1020E+07  0.1175E+07  0.1448E+07  0.1785E+07  0.2190E+07  0.2648E+07  0.3139E+07  0.3607E+07  0.3918E+07  0.4109E+07  0.4252E+07  0.4347E+07  0.4407E+07  0.4451E+07  0.4496E+07  0.4532E+07  0.4549E+07  0.4570E+07  0.4576E+07  0.4554E+07  0.4487E+07  0.4376E+07  0.4137E+07  0.3612E+07  0.2553E+07  0.1598E+07
     13.9566      163.5689  0.1020E+07  0.1174E+07  0.1447E+07  0.1783E+07  0.2189E+07  0.2646E+07  0.3137E+07  0.3605E+07  0.3916E+07  0.4107E+07  0.4251E+07  0.4345E+07  0.4406E+07  0.4450E+07  0.4495E+07  0.4531E+07  0.4548E+07  0.4569E+07  0.4575E+07  0.4553E+07  0.4486E+07  0.4375E+07  0.4136E+07  0.3611E+07  0.2553E+07  0.1598E+07
     14.0921      173.3122  0.1020E+07  0.1174E+07  0.1446E+07  0.1783E+07  0.2188E+07  0.2645E+07  0.3136E+07  0.3604E+07  0.3915E+07  0.4106E+07  0.4250E+07  0.4344E+07  0.4405E+07  0.4449E+07  0.4494E+07  0.4530E+07  0.4547E+07  0.4568E+07  0.4575E+07  0.4553E+07  0.4486E+07  0.4375E+07  0.4135E+07  0.3610E+07  0.2553E+07  0.1598E+07
     14.2276      183.0556  0.1020E+07  0.1173E+07  0.1446E+07  0.1783E+07  0.2188E+07  0.2645E+07  0.3136E+07  0.3604E+07  0.3914E+07  0.4106E+07  0.4250E+07  0.4344E+07  0.4405E+07  0.4449E+07  0.4494E+07  0.4530E+07  0.4547E+07  0.4568E+07  0.4575E+07  0.4553E+07  0.4485E+07  0.4375E+07  0.4135E+07  0.3610E+07  0.2553E+07  0.1598E+07
     14.3631      192.7990  0.1020E+07  0.1174E+07  0.1447E+07  0.1784E+07  0.2189E+07  0.2646E+07  0.3136E+07  0.3604E+07  0.3915E+07  0.4107E+07  0.4250E+07  0.4345E+07  0.4406E+07  0.4450E+07  0.4495E+07  0.4531E+07  0.4548E+07  0.4569E+07  0.4575E+07  0.4553E+07  0.4486E+07  0.4375E+07  0.4135E+07  0.3611E+07  0.2553E+07  0.1598E+07
     14.4986      202.5424  0.1020E+07  0.1174E+07  0.1448E+07  0.1785E+07  0.2191E+07  0.2648E+07  0.3138E+07  0.3606E+07  0.3917E+07  0.4108E+07  0.4252E+07  0.4346E+07  0.4407E+07  0.4451E+07  0.4496E+07  0.4532E+07  0.4549E+07  0.4570E+07  0.4576E+07  0.4554E+07  0.4487E+07  0.4376E+07  0.4136E+07  0.3611E+07  0.2553E+07  0.1598E+07
     14.6341      212.2858  0.1021E+07  0.1175E+07  0.1449E+07  0.1787E+07  0.2193E+07  0.2650E+07  0.3140E+07  0.3608E+07  0.3919E+07  0.4111E+07  0.4254E+07  0.4349E+07  0.4409E+07  0.4453E+07  0.4498E+07  0.4534E+07  0.4550E+07  0.4571E+07  0.4577E+07  0.4555E+07  0.4488E+07  0.4377E+07  0.4137E+07  0.3612E+07  0.2554E+07  0.1598E+07
     14.7696      222.0292  0.1021E+07  0.1177E+07  0.1451E+07  0.1790E+07  0.2195E+07  0.2652E+07  0.3143E+07  0.3611E+07  0.3922E+07  0.4114E+07  0.4257E+07  0.4351E+07  0.4412E+07  0.4456E+07  0.4500E+07  0.4536E+07  0.4552E+07  0.4573E+07  0.4579E+07  0.4557E+07  0.4490E+07  0.4378E+07  0.4138E+07  0.3613E+07  0.2555E+07  0.1599E+07
     14.9051      231.7726  0.1022E+07  0.1179E+07  0.1454E+07  0.1793E+07  0.2199E+07  0.2656E+07  0.3146E+07  0.3615E+07  0.3926E+07  0.4118E+07  0.4261E+07  0.4355E+07  0.4415E+07  0.4459E+07  0.4503E+07  0.4539E+07  0.4555E+07  0.4576E+07  0.4582E+07  0.4559E+07  0.4492E+07  0.4380E+07  0.4140E+07  0.3615E+07  0.2556E+07  0.1600E+07
     15.0407      241.5160  0.1023E+07  0.1180E+07  0.1457E+07  0.1796E+07  0.2202E+07  0.2660E+07  0.3150E+07  0.3619E+07  0.3930E+07  0.4122E+07  0.4265E+07  0.4359E+07  0.4419E+07  0.4462E+07  0.4506E+07  0.4542E+07  0.4558E+07  0.4579E+07  0.4584E+07  0.4562E+07  0.4494E+07  0.4382E+07  0.4142E+07  0.3616E+07  0.2557E+07  0.1600E+07
     15.1762      251.2593  0.1024E+07  0.1183E+07  0.1460E+07  0.1800E+07  0.2206E+07  0.2664E+07  0.3155E+07  0.3624E+07  0.3935E+07  0.4126E+07  0.4269E+07  0.4363E+07  0.4423E+07  0.4466E+07  0.4510E+07  0.4545E+07  0.4561E+07  0.4582E+07  0.4587E+07  0.4565E+07  0.4497E+07  0.4385E+07  0.4144E+07  0.3618E+07  0.2558E+07  0.1601E+07
     15.3117      261.0027  0.1025E+07  0.1185E+07  0.1463E+07  0.1803E+07  0.2211E+07  0.2668E+07  0.3160E+07  0.3629E+07  0.3940E+07  0.4131E+07  0.4274E+07  0.4367E+07  0.4427E+07  0.4470E+07  0.4514E+07  0.4549E+07  0.4564E+07  0.4585E+07  0.4590E+07  0.4568E+07  0.4499E+07  0.4387E+07  0.4147E+07  0.3620E+07  0.2559E+07  0.1602E+07
     15.4472      270.7461  0.1027E+07  0.1187E+07  0.1466E+07  0.1807E+07  0.2215E+07  0.2673E+07  0.3164E+07  0.3634E+07  0.3945E+07  0.4136E+07  0.4279E+07  0.4372E+07  0.4431E+07  0.4474E+07  0.4517E+07  0.4552E+07  0.4568E+07  0.4588E+07  0.4594E+07  0.4571E+07  0.4502E+07  0.4390E+07  0.4149E+07  0.3622E+07  0.2561E+07  0.1603E+07
     15.5827      280.4895  0.1028E+07  0.1190E+07  0.1469E+07  0.1811E+07  0.2219E+07  0.2678E+07  0.3169E+07  0.3639E+07  0.3950E+07  0.4141E+07  0.4284E+07  0.4377E+07  0.4436E+07  0.4478E+07  0.4521E+07  0.4556E+07  0.4571E+07  0.4591E+07  0.4597E+07  0.4574E+07  0.4505E+07  0.4392E+07  0.4151E+07  0.3624E+07  0.2562E+07  0.1604E+07
     15.7182      290.2329  0.1029E+07  0.1192E+07  0.1472E+07  0.1815E+07  0.2223E+07  0.2682E+07  0.3174E+07  0.3644E+07  0.3955E+07  0.4146E+07  0.4288E+07  0.4381E+07  0.4440E+07  0.4482E+07  0.4525E+07  0.4559E+07  0.4575E+07  0.4595E+07  0.4600E+07  0.4577E+07  0.4508E+07  0.4395E+07  0.4154E+07  0.3626E+07  0.2563E+07  0.1604E+07
     15.8537      299.9763  0.1030E+07  0.1194E+07  0.1475E+07  0.1818E+07  0.2227E+07  0.2686E+07  0.3179E+07  0.3649E+07  0.3960E+07  0.4151E+07  0.4293E+07  0.4385E+07  0.4444E+07  0.4486E+07  0.4528E+07  0.4563E+07  0.4578E+07  0.4598E+07  0.4603E+07  0.4579E+07  0.4510E+07  0.4397E+07  0.4156E+07  0.3628E+07  0.2565E+07  0.1605E+07
     15.9892      309.7197  0.1031E+07  0.1196E+07  0.1478E+07  0.1822E+07  0.2231E+07  0.2690E+07  0.3183E+07  0.3653E+07  0.3964E+07  0.4155E+07  0.4297E+07  0.4389E+07  0.4447E+07  0.4489E+07  0.4531E+07  0.4565E+07  0.4580E+07  0.4600E+07  0.4605E+07  0.4582E+07  0.4513E+07  0.4400E+07  0.4158E+07  0.3629E+07  0.2566E+07  0.1606E+07
     16.1247      319.4631  0.1032E+07  0.1198E+07  0.1480E+07  0.1824E+07  0.2233E+07  0.2693E+07  0.3186E+07  0.3657E+07  0.3968E+07  0.4158E+07  0.4300E+07  0.4392E+07  0.4450E+07  0.4492E+07  0.4534E+07  0.4568E+07  0.4583E+07  0.4603E+07  0.4607E+07  0.4584E+07  0.4515E+07  0.4401E+07  0.4159E+07  0.3631E+07  0.2567E+07  0.1606E+07
     16.2602      329.2064  0.1033E+07  0.1199E+07  0.1482E+07  0.1826E+07  0.2236E+07  0.2696E+07  0.3189E+07  0.3660E+07  0.3971E+07  0.4161E+07  0.4303E+07  0.4394E+07  0.4452E+07  0.4494E+07  0.4536E+07  0.4570E+07  0.4585E+07  0.4604E+07  0.4609E+07  0.4585E+07  0.4516E+07  0.4403E+07  0.4161E+07  0.3632E+07  0.2567E+07  0.1607E+07
     16.3957      338.9498  0.1034E+07  0.1200E+07  0.1483E+07  0.1828E+07  0.2237E+07  0.2697E+07  0.3191E+07  0.3663E+07  0.3973E+07  0.4163E+07  0.4305E+07  0.4396E+07  0.4454E+07  0.4496E+07  0.4538E+07  0.4572E+07  0.4586E+07  0.4606E+07  0.4610E+07  0.4587E+07  0.4517E+07  0.4404E+07  0.4162E+07  0.3633E+07  0.2568E+07  0.1607E+07
     16.5312      348.6932  0.1034E+07  0.1201E+07  0.1484E+07  0.1828E+07  0.2238E+07  0.2699E+07  0.3193E+07  0.3664E+07  0.3975E+07  0.4165E+07  0.4306E+07  0.4398E+07  0.4455E+07  0.4497E+07  0.4539E+07  0.4573E+07  0.4587E+07  0.4607E+07  0.4611E+07  0.4587E+07  0.4518E+07  0.4405E+07  0.4162E+07  0.3633E+07  0.2568E+07  0.1607E+07
     16.6667      358.4366  0.1034E+07  0.1201E+07  0.1484E+07  0.1829E+07  0.2239E+07  0.2699E+07  0.3193E+07  0.3665E+07  0.3975E+07  0.4165E+07  0.4307E+07  0.4398E+07  0.4456E+07  0.4497E+07  0.4539E+07  0.4573E+07  0.4588E+07  0.4607E+07  0.4611E+07  0.4588E+07  0.4518E+07  0.4405E+07  0.4163E+07  0.3633E+07  0.2568E+07  0.1607E+07
     16.8022        8.1800  0.1034E+07  0.1201E+07  0.1484E+07  0.1828E+07  0.2238E+07  0.2698E+07  0.3193E+07  0.3665E+07  0.3975E+07  0.4165E+07  0.4306E+07  0.4398E+07  0.4455E+07  0.4497E+07  0.4539E+07  0.4572E+07  0.4587E+07  0.4607E+07  0.4611E+07  0.4587E+07  0.4518E+07  0.4405E+07  0.4162E+07  0.3633E+07  0.2568E+07  0.1607E+07
     16.9377       17.9234  0.1034E+07  0.1201E+07  0.1483E+07  0.1827E+07  0.2237E+07  0.2697E+07  0.3192E+07  0.3664E+07  0.3974E+07  0.4164E+07  0.4305E+07  0.4396E+07  0.4454E+07  0.4496E+07  0.4538E+07  0.4572E+07  0.4586E+07  0.4606E+07  0.4610E+07  0.4587E+07  0.4517E+07  0.4404E+07  0.4162E+07  0.3633E+07  0.2568E+07  0.1607E+07
     17.0732       27.6668  0.1033E+07  0.1200E+07  0.1482E+07  0.1825E+07  0.2235E+07  0.2695E+07  0.3190E+07  0.3662E+07  0.3972E+07  0.4162E+07  0.4303E+07  0.4395E+07  0.4452E+07  0.4494E+07  0.4536E+07  0.4570E+07  0.4585E+07  0.4604E+07  0.4609E+07  0.4585E+07  0.4516E+07  0.4403E+07  0.4161E+07  0.3632E+07  0.2567E+07  0.1606E+07
     17.2087       37.4101  0.1033E+07  0.1198E+07  0.1480E+07  0.1823E+07  0.2232E+07  0.2693E+07  0.3188E+07  0.3659E+07  0.3969E+07  0.4159E+07  0.4300E+07  0.4392E+07  0.4450E+07  0.4492E+07  0.4534E+07  0.4568E+07  0.4583E+07  0.4603E+07  0.4607E+07  0.4584E+07  0.4515E+07  0.4401E+07  0.4160E+07  0.3631E+07  0.2566E+07  0.1606E+07
     17.3442       47.1535  0.1032E+07  0.1197E+07  0.1478E+07  0.1820E+07  0.2229E+07  0.2690E+07  0.3184E+07  0.3656E+07  0.3966E+07  0.4156E+07  0.4297E+07  0.4389E+07  0.4447E+07  0.4489E+07  0.4531E+07  0.4565E+07  0.4581E+07  0.4600E+07  0.4605E+07  0.4582E+07  0.4513E+07  0.4400E+07  0.4158E+07  0.3629E+07  0.2566E+07  0.1605E+07
     17.4797       56.8969  0.1031E+07  0.1195E+07  0.1475E+07  0.1817E+07  0.2226E+07  0.2686E+07  0.3180E+07  0.3652E+07  0.3962E+07  0.4152E+07  0.4293E+07  0.4385E+07  0.4444E+07  0.4486E+07  0.4528E+07  0.4563E+07  0.4578E+07  0.4598E+07  0.4602E+07  0.4579E+07  0.4510E+07  0.4398E+07  0.4156E+07  0.3628E+07  0.2564E+07  0.1605E+07
     17.6152       66.6403  0.1030E+07  0.1193E+07  0.1472E+07  0.1813E+07  0.2222E+07  0.2682E+07  0.3176E+07  0.3647E+07  0.3957E+07  0.4147E+07  0.4289E+07  0.4381E+07  0.4440E+07  0.4482E+07  0.4525E+07  0.4559E+07  0.4575E+07  0.4595E+07  0.4600E+07  0.4577E+07  0.4508E+07  0.4395E+07  0.4154E+07  0.3626E+07  0.2563E+07  0.1604E+07
     17.7507       76.3837  0.1028E+07  0.1190E+07  0.1469E+07  0.1809E+07  0.2218E+07  0.2678E+07  0.3172E+07  0.3642E+07  0.3952E+07  0.4142E+07  0.4284E+07  0.4377E+07  0.4436E+07  0.4478E+07  0.4521E+07  0.4556E+07  0.4572E+07  0.4592E+07  0.4597E+07  0.4574E+07  0.4505E+07  0.4393E+07  0.4152E+07  0.3624E+07  0.2562E+07  0.1603E+07
     17.8862       86.1271  0.1027E+07  0.1188E+07  0.1466E+07  0.1806E+07  0.2214E+07  0.2673E+07  0.3167E+07  0.3637E+07  0.3947E+07  0.4137E+07  0.4280E+07  0.4372E+07  0.4431E+07  0.4474E+07  0.4517E+07  0.4552E+07  0.4568E+07  0.4588E+07  0.4594E+07  0.4571E+07  0.4503E+07  0.4391E+07  0.4150E+07  0.3622E+07  0.2561E+07  0.1602E+07
     18.0217       95.8705  0.1026E+07  0.1186E+07  0.1463E+07  0.1802E+07  0.2209E+07  0.2669E+07  0.3162E+07  0.3632E+07  0.3942E+07  0.4132E+07  0.4275E+07  0.4368E+07  0.4427E+07  0.4470E+07  0.4513E+07  0.4549E+07  0.4565E+07  0.4585E+07  0.4591E+07  0.4568E+07  0.4500E+07  0.4388E+07  0.4147E+07  0.3620E+07  0.2559E+07  0.1601E+07
     18.1572      105.6139  0.1025E+07  0.1183E+07  0.1460E+07  0.1798E+07  0.2205E+07  0.2664E+07  0.3157E+07  0.3627E+07  0.3937E+07  0.4127E+07  0.4270E+07  0.4363E+07  0.4423E+07  0.4466E+07  0.4510E+07  0.4545E+07  0.4561E+07  0.4582E+07  0.4588E+07  0.4565E+07  0.4497E+07  0.4386E+07  0.4145E+07  0.3619E+07  0.2558E+07  0.1601E+07
     18.2927      115.3572  0.1023E+07  0.1181E+07  0.1457E+07  0.1794E+07  0.2201E+07  0.2660E+07  0.3153E+07  0.3622E+07  0.3932E+07  0.4123E+07  0.4266E+07  0.4359E+07  0.4419E+07  0.4462E+07  0.4506E+07  0.4542E+07  0.4558E+07  0.4579E+07  0.4585E+07  0.4562E+07  0.4495E+07  0.4383E+07  0.4143E+07  0.3617E+07  0.2557E+07  0.1600E+07
     18.4282      125.1006  0.1022E+07  0.1179E+07  0.1454E+07  0.1791E+07  0.2198E+07  0.2656E+07  0.3148E+07  0.3617E+07  0.3928E+07  0.4118E+07  0.4261E+07  0.4355E+07  0.4415E+07  0.4459E+07  0.4503E+07  0.4539E+07  0.4555E+07  0.4576E+07  0.4582E+07  0.4560E+07  0.4492E+07  0.4381E+07  0.4141E+07  0.3615E+07  0.2556E+07  0.1599E+07
     18.5637      134.8440  0.1022E+07  0.1177E+07  0.1452E+07  0.1789E+07  0.2195E+07  0.2653E+07  0.3145E+07  0.3613E+07  0.3924E+07  0.4115E+07  0.4258E+07  0.4352E+07  0.4412E+07  0.4456E+07  0.4500E+07  0.4536E+07  0.4553E+07  0.4574E+07  0.4580E+07  0.4558E+07  0.4490E+07  0.4379E+07  0.4139E+07  0.3614E+07  0.2555E+07  0.1599E+07
     18.6992      144.5874  0.1021E+07  0.1176E+07  0.1450E+07  0.1786E+07  0.2192E+07  0.2650E+07  0.3141E+07  0.3610E+07  0.3920E+07  0.4111E+07  0.4255E+07  0.4349E+07  0.4409E+07  0.4453E+07  0.4498E+07  0.4534E+07  0.4551E+07  0.4572E+07  0.4578E+07  0.4556E+07  0.4489E+07  0.4377E+07  0.4138E+07  0.3612E+07  0.2554E+07  0.1598E+07
     18.8347      154.3308  0.1020E+07  0.1175E+07  0.1448E+07  0.1784E+07  0.2190E+07  0.2648E+07  0.3139E+07  0.3607E+07  0.3918E+07  0.4109E+07  0.4252E+07  0.4346E+07  0.4407E+07  0.4451E+07  0.4496E+07  0.4532E+07  0.4549E+07  0.4570E+07  0.4576E+07  0.4554E+07  0.4487E+07  0.4376E+07  0.4137E+07  0.3611E+07  0.2553E+07  0.1598E+07
     18.9702      164.0742  0.1020E+07  0.1174E+07  0.1447E+07  0.1783E+07  0.2189E+07  0.2646E+07  0.3137E+07  0.3605E+07  0.3916E+07  0.4107E+07  0.4251E+07  0.4345E+07  0.4406E+07  0.4450E+07  0.4495E+07  0.4531E+07  0.4548E+07  0.4569E+07  0.4575E+07  0.4553E+07  0.4486E+07  0.4375E+07  0.4136E+07  0.3611E+07  0.2553E+07  0.1598E+07
     19.1057      173.8176  0.1020E+07  0.1174E+07  0.1446E+07  0.1783E+07  0.2188E+07  0.2645E+07  0.3136E+07  0.3604E+07  0.3915E+07  0.4106E+07  0.4250E+07  0.4344E+07  0.4405E+07  0.4449E+07  0.4494E+07  0.4530E+07  0.4547E+07  0.4568E+07  0.4575E+07  0.4553E+07  0.4486E+07  0.4375E+07  0.4135E+07  0.3610E+07  0.2553E+07  0.1598E+07
     19.2412      183.5610  0.1020E+07  0.1173E+07  0.1446E+07  0.1783E+07  0.2188E+07  0.2645E+07  0.3136E+07  0.3604E+07  0.3914E+07  0.4106E+07  0.4250E+07  0.4344E+07  0.4405E+07  0.4449E+07  0.4494E+07  0.4530E+07  0.4547E+07  0.4568E+07  0.4575E+07  0.4553E+07  0.4485E+07  0.4375E+07  0.4135E+07  0.3610E+07  0.2553E+07  0.1598E+07
     19.3767      193.3043  0.1020E+07  0.1174E+07  0.1447E+07  0.1784E+07  0.2189E+07  0.2646E+07  0.3136E+07  0.3604E+07  0.3915E+07  0.4107E+07  0.4251E+07  0.4345E+07  0.4406E+07  0.4450E+07  0.4495E+07  0.4531E+07  0.4548E+07  0.4569E+07  0.4575E+07  0.4553E+07  0.4486E+07  0.4375E+07  0.4135E+07  0.3611E+07  0.2553E+07  0.1598E+07
     19.5122      203.0477  0.1020E+07  0.1174E+07  0.1448E+07  0.1785E+07  0.2191E+07  0.2648E+07  0.3138E+07  0.3606E+07  0.3917E+07  0.4108E+07  0.4252E+07  0.4346E+07  0.4407E+07  0.4452E+07  0.4496E+07  0.4532E+07  0.4549E+07  0.4570E+07  0.4576E+07  0.4554E+07  0.4487E+07  0.4376E+07  0.4136E+07  0.3611E+07  0.2553E+07  0.1598E+07
     19.6477      212.7911  0.1021E+07  0.1176E+07  0.1450E+07  0.1787E+07  0.2193E+07  0.2650E+07  0.3140E+07  0.3608E+07  0.3919E+07  0.4111E+07  0.4254E+07  0.4349E+07  0.4409E+07  0.4454E+07  0.4498E+07  0.4534E+07  0.4550E+07  0.4572E+07  0.4578E+07  0.4555E+07  0.4488E+07  0.4377E+07  0.4137E+07  0.3612E+07  0.2554E+07  0.1599E+07
     19.7832      222.5345  0.1021E+07  0.1177E+07  0.1452E+07  0.1790E+07  0.2196E+07  0.2653E+07  0.3143E+07  0.3611E+07  0.3922E+07  0.4114E+07  0.4257E+07  0.4352E+07  0.4412E+07  0.4456E+07  0.4500E+07  0.4536E+07  0.4553E+07  0.4574E+07  0.4580E+07  0.4557E+07  0.4490E+07  0.4378E+07  0.4139E+07  0.3613E+07  0.2555E+07  0.1599E+07
     19.9187      232.2779  0.1022E+07  0.1179E+07  0.1454E+07  0.1793E+07  0.2199E+07  0.2656E+07  0.3147E+07  0.3615E+07  0.3926E+07  0.4118E+07  0.4261E+07  0.4355E+07  0.4415E+07  0.4459E+07  0.4503E+07  0.4539E+07  0.4555E+07  0.4576E+07  0.4582E+07  0.4559E+07  0.4492E+07  0.4380E+07  0.4140E+07  0.3615E+07  0.2556E+07  0.1600E+07
     20.0542      242.0213  0.1023E+07  0.1181E+07  0.1457E+07  0.1796E+07  0.2203E+07  0.2660E+07  0.3151E+07  0.3619E+07  0.3930E+07  0.4122E+07  0.4265E+07  0.4359E+07  0.4419E+07  0.4463E+07  0.4506E+07  0.4542E+07  0.4558E+07  0.4579E+07  0.4585E+07  0.4562E+07  0.4494E+07  0.4382E+07  0.4142E+07  0.3616E+07  0.2557E+07  0.1600E+07
     20.1897      251.7647  0.1024E+07  0.1183E+07  0.1460E+07  0.1800E+07  0.2207E+07  0.2664E+07  0.3155E+07  0.3624E+07  0.3935E+07  0.4127E+07  0.4270E+07  0.4363E+07  0.4423E+07  0.4466E+07  0.4510E+07  0.4545E+07  0.4561E+07  0.4582E+07  0.4587E+07  0.4565E+07  0.4497E+07  0.4385E+07  0.4144E+07  0.3618E+07  0.2558E+07  0.1601E+07
     20.3252      261.5080  0.1025E+07  0.1185E+07  0.1463E+07  0.1804E+07  0.2211E+07  0.2669E+07  0.3160E+07  0.3629E+07  0.3940E+07  0.4132E+07  0.4274E+07  0.4368E+07  0.4427E+07  0.4470E+07  0.4514E+07  0.4549E+07  0.4565E+07  0.4585E+07  0.4591E+07  0.4568E+07  0.4499E+07  0.4387E+07  0.4147E+07  0.3620E+07  0.2559E+07  0.1602E+07
     20.4607      271.2514  0.1027E+07  0.1187E+07  0.1466E+07  0.1808E+07  0.2215E+07  0.2673E+07  0.3165E+07  0.3634E+07  0.3945E+07  0.4137E+07  0.4279E+07  0.4372E+07  0.4432E+07  0.4474E+07  0.4518E+07  0.4552E+07  0.4568E+07  0.4588E+07  0.4594E+07  0.4571E+07  0.4502E+07  0.4390E+07  0.4149E+07  0.3622E+07  0.2561E+07  0.1603E+07
     20.5962      280.9948  0.1028E+07  0.1190E+07  0.1469E+07  0.1811E+07  0.2219E+07  0.2678E+07  0.3170E+07  0.3639E+07  0.3950E+07  0.4142E+07  0.4284E+07  0.4377E+07  0.4436E+07  0.4478E+07  0.4521E+07  0.4556E+07  0.4571E+07  0.4592E+07  0.4597E+07  0.4574E+07  0.4505E+07  0.4393E+07  0.4152E+07  0.3624E+07  0.2562E+07  0.1604E+07
     20.7317      290.7382  0.1029E+07  0.1192E+07  0.1473E+07  0.1815E+07  0.2223E+07  0.2682E+07  0.3174E+07  0.3644E+07  0.3955E+07  0.4146E+07  0.4289E+07  0.4381E+07  0.4440E+07  0.4482E+07  0.4525E+07  0.4559E+07  0.4575E+07  0.4595E+07  0.4600E+07  0.4577E+07  0.4508E+07  0.4395E+07  0.4154E+07  0.3626E+07  0.2563E+07  0.1604E+07
     20.8672      300.4816  0.1030E+07  0.1194E+07  0.1475E+07  0.1819E+07  0.2227E+07  0.2686E+07  0.3179E+07  0.3649E+07  0.3960E+07  0.4151E+07  0.4293E+07  0.4385E+07  0.4444E+07  0.4486E+07  0.4528E+07  0.4563E+07  0.4578E+07  0.4598E+07  0.4603E+07  0.4579E+07  0.4510E+07  0.4397E+07  0.4156E+07  0.3628E+07  0.2565E+07  0.1605E+07
     21.0027      310.2250  0.1031E+07  0.1196E+07  0.1478E+07  0.1822E+07  0.2231E+07  0.2690E+07  0.3183E+07  0.3654E+07  0.3964E+07  0.4155E+07  0.4297E+07  0.4389E+07  0.4447E+07  0.4489E+07  0.4531E+07  0.4566E+07  0.4581E+07  0.4600E+07  0.4605E+07  0.4582E+07  0.4513E+07  0.4400E+07  0.4158E+07  0.3629E+07  0.2566E+07  0.1606E+07
     21.1382      319.9684  0.1032E+07  0.1198E+07  0.1480E+07  0.1824E+07  0.2234E+07  0.2693E+07  0.3186E+07  0.3657E+07  0.3968E+07  0.4159E+07  0.4300E+07  0.4392E+07  0.4450E+07  0.4492E+07  0.4534E+07  0.4568E+07  0.4583E+07  0.4603E+07  0.4607E+07  0.4584E+07  0.4515E+07  0.4401E+07  0.4159E+07  0.3631E+07  0.2567E+07  0.1606E+07
     21.2737      329.7118  0.1033E+07  0.1199E+07  0.1482E+07  0.1826E+07  0.2236E+07  0.2696E+07  0.3189E+07  0.3660E+07  0.3971E+07  0.4161E+07  0.4303E+07  0.4395E+07  0.4453E+07  0.4494E+07  0.4536E+07  0.4570E+07  0.4585E+07  0.4604E+07  0.4609E+07  0.4586E+07  0.4516E+07  0.4403E+07  0.4161E+07  0.3632E+07  0.2567E+07  0.1607E+07
     21.4092      339.4551  0.1034E+07  0.1200E+07  0.1483E+07  0.1828E+07  0.2237E+07  0.2697E+07  0.3191E+07  0.3663E+07  0.3973E+07  0.4164E+07  0.4305E+07  0.4396E+07  0.4454E+07  0.4496E+07  0.4538E+07  0.4572E+07  0.4586E+07  0.4606E+07  0.4610E+07  0.4587E+07  0.4517E+07  0.4404E+07  0.4162E+07  0.3633E+07  0.2568E+07  0.1607E+07
     21.5447      349.1985  0.1034E+07  0.1201E+07  0.1484E+07  0.1829E+07  0.2238E+07  0.2699E+07  0.3193E+07  0.3664E+07  0.3975E+07  0.4165E+07  0.4306E+07  0.4398E+07  0.4455E+07  0.4497E+07  0.4539E+07  0.4573E+07  0.4587E+07  0.4607E+07  0.4611E+07  0.4587E+07  0.4518E+07  0.4405E+07  0.4162E+07  0.3633E+07  0.2568E+07  0.1607E+07
     21.6802      358.9419  0.1034E+07  0.1201E+07  0.1484E+07  0.1829E+07  0.2239E+07  0.2699E+07  0.3193E+07  0.3665E+07  0.3975E+07  0.4165E+07  0.4307E+07  0.4398E+07  0.4456E+07  0.4497E+07  0.4539E+07  0.4573E+07  0.4588E+07  0.4607E+07  0.4611E+07  0.4588E+07  0.4518E+07  0.4405E+07  0.4163E+07  0.3633E+07  0.2568E+07  0.1607E+07
     21.8157        8.6853  0.1034E+07  0.1201E+07  0.1484E+07  0.1828E+07  0.2238E+07  0.2698E+07  0.3193E+07  0.3665E+07  0.3975E+07  0.4165E+07  0.4306E+07  0.4398E+07  0.4455E+07  0.4497E+07  0.4538E+07  0.4572E+07  0.4587E+07  0.4607E+07  0.4611E+07  0.4587E+07  0.4518E+07  0.4405E+07  0.4162E+07  0.3633E+07  0.2568E+07  0.1607E+07
     21.9512       18.4287  0.1034E+07  0.1200E+07  0.1483E+07  0.1827E+07  0.2237E+07  0.2697E+07  0.3192E+07  0.3664E+07  0.3974E+07  0.4164E+07  0.4305E+07  0.4396E+07  0.4454E+07  0.4496E+07  0.4537E+07  0.4571E+07  0.4586E+07  0.4606E+07  0.4610E+07  0.4587E+07  0.4517E+07  0.4404E+07  0.4162E+07  0.3633E+07  0.2568E+07  0.1607E+07
     22.0867       28.1721  0.1033E+07  0.1200E+07  0.1482E+07  0.1825E+07  0.2235E+07  0.2695E+07  0.3190E+07  0.3662E+07  0.3972E+07  0.4162E+07  0.4303E+07  0.4395E+07  0.4452E+07  0.4494E+07  0.4536E+07  0.4570E+07  0.4585E+07  0.4604E+07  0.4609E+07  0.4585E+07  0.4516E+07  0.4403E+07  0.4161E+07  0.3632E+07  0.2567E+07  0.1606E+07
     22.2222       37.9155  0.1033E+07  0.1198E+07  0.1480E+07  0.1823E+07  0.2232E+07  0.2693E+07  0.3187E+07  0.3659E+07  0.3969E+07  0.4159E+07  0.4300E+07  0.4392E+07  0.4450E+07  0.4492E+07  0.4534E+07  0.4568E+07  0.4583E+07  0.4602E+07  0.4607E+07  0.4584E+07  0.4515E+07  0.4401E+07  0.4159E+07  0.3631E+07  0.2566E+07  0.1606E+07
     22.3577       47.6589  0.1032E+07  0.1197E+07  0.1478E+07  0.1820E+07  0.2229E+07  0.2689E+07  0.3184E+07  0.3656E+07  0.3966E+07  0.4156E+07  0.4297E+07  0.4389E+07  0.4447E+07  0.4489E+07  0.4531E+07  0.4565E+07  0.4580E+07  0.4600E+07  0.4605E+07  0.4581E+07  0.4513E+07  0.4400E+07  0.4158E+07  0.3629E+07  0.2565E+07  0.1605E+07
     22.4932       57.4022  0.1031E+07  0.1195E+07  0.1475E+07  0.1816E+07  0.2226E+07  0.2686E+07  0.3180E+07  0.3651E+07  0.3962E+07  0.4152E+07  0.4293E+07  0.4385E+07  0.4443E+07  0.4485E+07  0.4528E+07  0.4562E+07  0.4578E+07  0.4597E+07  0.4602E+07  0.4579E+07  0.4510E+07  0.4398E+07  0.4156E+07  0.3628E+07  0.2564E+07  0.1605E+07
     22.6287       67.1456  0.1029E+07  0.1193E+07  0.1472E+07  0.1813E+07  0.2222E+07  0.2682E+07  0.3176E+07  0.3647E+07  0.3957E+07  0.4147E+07  0.4289E+07  0.4381E+07  0.4440E+07  0.4482E+07  0.4524E+07  0.4559E+07  0.4575E+07  0.4595E+07  0.4599E+07  0.4576E+07  0.4508E+07  0.4395E+07  0.4154E+07  0.3626E+07  0.2563E+07  0.1604E+07
     22.7642       76.8890  0.1028E+07  0.1190E+07  0.1469E+07  0.1809E+07  0.2218E+07  0.2677E+07  0.3171E+07  0.3642E+07  0.3952E+07  0.4142E+07  0.4284E+07  0.4377E+07  0.4435E+07  0.4478E+07  0.4521E+07  0.4556E+07  0.4571E+07  0.4591E+07  0.4597E+07  0.4574E+07  0.4505E+07  0.4393E+07  0.4152E+07  0.3624E+07  0.2562E+07  0.1603E+07
     22.8997       86.6324  0.1027E+07  0.1188E+07  0.1466E+07  0.1805E+07  0.2213E+07  0.2673E+07  0.3167E+07  0.3637E+07  0.3947E+07  0.4137E+07  0.4279E+07  0.4372E+07  0.4431E+07  0.4474E+07  0.4517E+07  0.4552E+07  0.4568E+07  0.4588E+07  0.4593E+07  0.4571E+07  0.4503E+07  0.4391E+07  0.4150E+07  0.3622E+07  0.2561E+07  0.1602E+07
     23.0352       96.3758  0.1026E+07  0.1186E+07  0.1463E+07  0.1801E+07  0.2209E+07  0.2668E+07  0.3162E+07  0.3632E+07  0.3942E+07  0.4132E+07  0.4275E+07  0.4367E+07  0.4427E+07  0.4470E+07  0.4513E+07  0.4549E+07  0.4565E+07  0.4585E+07  0.4590E+07  0.4568E+07  0.4500E+07  0.4388E+07  0.4147E+07  0.3620E+07  0.2559E+07  0.1601E+07
     23.1707      106.1192  0.1025E+07  0.1183E+07  0.1460E+07  0.1798E+07  0.2205E+07  0.2664E+07  0.3157E+07  0.3627E+07  0.3937E+07  0.4127E+07  0.4270E+07  0.4363E+07  0.4423E+07  0.4466E+07  0.4509E+07  0.4545E+07  0.4561E+07  0.4582E+07  0.4587E+07  0.4565E+07  0.4497E+07  0.4386E+07  0.4145E+07  0.3619E+07  0.2558E+07  0.1601E+07
     23.3062      115.8626  0.1023E+07  0.1181E+07  0.1457E+07  0.1794E+07  0.2201E+07  0.2660E+07  0.3152E+07  0.3622E+07  0.3932E+07  0.4123E+07  0.4265E+07  0.4359E+07  0.4419E+07  0.4462E+07  0.4506E+07  0.4542E+07  0.4558E+07  0.4579E+07  0.4585E+07  0.4562E+07  0.4495E+07  0.4383E+07  0.4143E+07  0.3617E+07  0.2557E+07  0.1600E+07
     23.4417      125.6059  0.1022E+07  0.1179E+07  0.1454E+07  0.1791E+07  0.2198E+07  0.2656E+07  0.3148E+07  0.3617E+07  0.3927E+07  0.4118E+07  0.4261E+07  0.4355E+07  0.4415E+07  0.4459E+07  0.4503E+07  0.4539E+07  0.4555E+07  0.4576E+07  0.4582E+07  0.4560E+07  0.4492E+07  0.4381E+07  0.4141E+07  0.3615E+07  0.2556E+07  0.1599E+07
     23.5772      135.3493  0.1021E+07  0.1177E+07  0.1452E+07  0.1788E+07  0.2195E+07  0.2653E+07  0.3144E+07  0.3613E+07  0.3923E+07  0.4114E+07  0.4258E+07  0.4351E+07  0.4412E+07  0.4456E+07  0.4500E+07  0.4536E+07  0.4553E+07  0.4574E+07  0.4580E+07  0.4558E+07  0.4490E+07  0.4379E+07  0.4139E+07  0.3614E+07  0.2555E+07  0.1599E+07
     23.7127      145.0927  0.1021E+07  0.1176E+07  0.1450E+07  0.1786E+07  0.2192E+07  0.2650E+07  0.3141E+07  0.3610E+07  0.3920E+07  0.4111E+07  0.4254E+07  0.4349E+07  0.4409E+07  0.4453E+07  0.4498E+07  0.4534E+07  0.4551E+07  0.4572E+07  0.4578E+07  0.4556E+07  0.4488E+07  0.4377E+07  0.4138E+07  0.3612E+07  0.2554E+07  0.1598E+07
     23.8482      154.8361  0.1020E+07  0.1175E+07  0.1448E+07  0.1784E+07  0.2190E+07  0.2648E+07  0.3139E+07  0.3607E+07  0.3917E+07  0.4109E+07  0.4252E+07  0.4346E+07  0.4407E+07  0.4451E+07  0.4496E+07  0.4532E+07  0.4549E+07  0.4570E+07  0.4576E+07  0.4554E+07  0.4487E+07  0.4376E+07  0.4137E+07  0.3611E+07  0.2553E+07  0.1598E+07
     23.9837      164.5795  0.1020E+07  0.1174E+07  0.1447E+07  0.1783E+07  0.2189E+07  0.2646E+07  0.3137E+07  0.3605E+07  0.3916E+07  0.4107E+07  0.4251E+07  0.4345E+07  0.4406E+07  0.4450E+07  0.4495E+07  0.4531E+07  0.4548E+07  0.4569E+07  0.4575E+07  0.4553E+07  0.4486E+07  0.4375E+07  0.4136E+07  0.3611E+07  0.2553E+07  0.1598E+07
     24.1192      174.3229  0.1020E+07  0.1174E+07  0.1446E+07  0.1783E+07  0.2188E+07  0.2645E+07  0.3136E+07  0.3604E+07  0.3915E+07  0.4106E+07  0.4250E+07  0.4344E+07  0.4405E+07  0.4449E+07  0.4494E+07  0.4530E+07  0.4547E+07  0.4568E+07  0.4575E+07  0.4553E+07  0.4486E+07  0.4375E+07  0.4135E+07  0.3610E+07  0.2553E+07  0.1598E+07
     24.2547      184.0663  0.1020E+07  0.1173E+07  0.1446E+07  0.1783E+07  0.2188E+07  0.2645E+07  0.3136E+07  0.3604E+07  0.3914E+07  0.4106E+07  0.4250E+07  0.4344E+07  0.4405E+07  0.4449E+07  0.4494E+07  0.4530E+07  0.4547E+07  0.4568E+07  0.4575E+07  0.4553E+07  0.4485E+07  0.4375E+07  0.4135E+07  0.3610E+07  0.2553E+07  0.1598E+07
     24.3902      193.8097  0.1020E+07  0.1174E+07  0.1447E+07  0.1784E+07  0.2189E+07  0.2646E+07  0.3137E+07  0.3604E+07  0.3915E+07  0.4107E+07  0.4251E+07  0.4345E+07  0.4406E+07  0.4450E+07  0.4495E+07  0.4531E+07  0.4548E+07  0.4569E+07  0.4575E+07  0.4553E+07  0.4486E+07  0.4375E+07  0.4135E+07  0.3611E+07  0.2553E+07  0.1598E+07
     24.5257      203.5530  0.1020E+07  0.1175E+07  0.1448E+07  0.1785E+07  0.2191E+07  0.2648E+07  0.3138E+07  0.3606E+07  0.3917E+07  0.4109E+07  0.4252E+07  0.4347E+07  0.4407E+07  0.4452E+07  0.4496E+07  0.4532E+07  0.4549E+07  0.4570E+07  0.4576E+07  0.4554E+07  0.4487E+07  0.4376E+07  0.4136E+07  0.3611E+07  0.2553E+07  0.1598E+07
     24.6612      213.2964  0.1021E+07  0.1176E+07  0.1450E+07  0.1787E+07  0.2193E+07  0.2650E+07  0.3140E+07  0.3608E+07  0.3919E+07  0.4111E+07  0.4255E+07  0.4349E+07  0.4409E+07  0.4454E+07  0.4498E+07  0.4534E+07  0.4550E+07  0.4572E+07  0.4578E+07  0.4555E+07  0.4488E+07  0.4377E+07  0.4137E+07  0.3612E+07  0.2554E+07  0.1599E+07
     24.7967      223.0398  0.1021E+07  0.1177E+07  0.1452E+07  0.1790E+07  0.2196E+07  0.2653E+07  0.3143E+07  0.3611E+07  0.3922E+07  0.4114E+07  0.4258E+07  0.4352E+07  0.4412E+07  0.4456E+07  0.4500E+07  0.4536E+07  0.4553E+07  0.4574E+07  0.4580E+07  0.4557E+07  0.4490E+07  0.4378E+07  0.4139E+07  0.3613E+07  0.2555E+07  0.1599E+07
     24.9322      232.7832  0.1022E+07  0.1179E+07  0.1454E+07  0.1793E+07  0.2199E+07  0.2656E+07  0.3147E+07  0.3615E+07  0.3926E+07  0.4118E+07  0.4261E+07  0.4355E+07  0.4416E+07  0.4459E+07  0.4503E+07  0.4539E+07  0.4555E+07  0.4576E+07  0.4582E+07  0.4560E+07  0.4492E+07  0.4380E+07  0.4140E+07  0.3615E+07  0.2556E+07  0.1600E+07
     25.0678      242.5266  0.1023E+07  0.1181E+07  0.1457E+07  0.1796E+07  0.2203E+07  0.2660E+07  0.3151E+07  0.3619E+07  0.3931E+07  0.4122E+07  0.4265E+07  0.4359E+07  0.4419E+07  0.4463E+07  0.4507E+07  0.4542E+07  0.4558E+07  0.4579E+07  0.4585E+07  0.4562E+07  0.4494E+07  0.4382E+07  0.4142E+07  0.3616E+07  0.2557E+07  0.1600E+07
     25.2033      252.2700  0.1024E+07  0.1183E+07  0.1460E+07  0.1800E+07  0.2207E+07  0.2664E+07  0.3155E+07  0.3624E+07  0.3935E+07  0.4127E+07  0.4270E+07  0.4363E+07  0.4423E+07  0.4467E+07  0.4510E+07  0.4545E+07  0.4561E+07  0.4582E+07  0.4588E+07  0.4565E+07  0.4497E+07  0.4385E+07  0.4145E+07  0.3618E+07  0.2558E+07  0.1601E+07
     25.3388      262.0134  0.1026E+07  0.1185E+07  0.1463E+07  0.1804E+07  0.2211E+07  0.2669E+07  0.3160E+07  0.3629E+07  0.3940E+07  0.4132E+07  0.4275E+07  0.4368E+07  0.4427E+07  0.4471E+07  0.4514E+07  0.4549E+07  0.4565E+07  0.4585E+07  0.4591E+07  0.4568E+07  0.4500E+07  0.4388E+07  0.4147E+07  0.3620E+07  0.2560E+07  0.1602E+07
     25.4743      271.7568  0.1027E+07  0.1187E+07  0.1466E+07  0.1808E+07  0.2215E+07  0.2673E+07  0.3165E+07  0.3634E+07  0.3946E+07  0.4137E+07  0.4279E+07  0.4372E+07  0.4432E+07  0.4475E+07  0.4518E+07  0.4553E+07  0.4568E+07  0.4589E+07  0.4594E+07  0.4571E+07  0.4502E+07  0.4390E+07  0.4149E+07  0.3622E+07  0.2561E+07  0.1603E+07
     25.6098      281.5001  0.1028E+07  0.1190E+07  0.1470E+07  0.1812E+07  0.2220E+07  0.2678E+07  0.3170E+07  0.3640E+07  0.3951E+07  0.4142E+07  0.4284E+07  0.4377E+07  0.4436E+07  0.4479E+07  0.4522E+07  0.4556E+07  0.4572E+07  0.4592E+07  0.4597E+07  0.4574E+07  0.4505E+07  0.4393E+07  0.4152E+07  0.3624E+07  0.2562E+07  0.1604E+07
     25.7453      291.2435  0.1029E+07  0.1192E+07  0.1473E+07  0.1815E+07  0.2224E+07  0.2682E+07  0.3175E+07  0.3645E+07  0.3956E+07  0.4147E+07  0.4289E+07  0.4381E+07  0.4440E+07  0.4483E+07  0.4525E+07  0.4560E+07  0.4575E+07  0.4595E+07  0.4600E+07  0.4577E+07  0.4508E+07  0.4395E+07  0.4154E+07  0.3626E+07  0.2564E+07  0.1604E+07
     25.8808      300.9869  0.1030E+07  0.1194E+07  0.1476E+07  0.1819E+07  0.2227E+07  0.2686E+07  0.3179E+07  0.3649E+07  0.3960E+07  0.4151E+07  0.4293E+07  0.4385E+07  0.4444E+07  0.4486E+07  0.4529E+07  0.4563E+07  0.4578E+07  0.4598E+07  0.4603E+07  0.4580E+07  0.4511E+07  0.4398E+07  0.4156E+07  0.3628E+07  0.2565E+07  0.1605E+07
     26.0163      310.7303  0.1031E+07  0.1196E+07  0.1478E+07  0.1822E+07  0.2231E+07  0.2690E+07  0.3183E+07  0.3654E+07  0.3965E+07  0.4155E+07  0.4297E+07  0.4389E+07  0.4447E+07  0.4489E+07  0.4532E+07  0.4566E+07  0.4581E+07  0.4600E+07  0.4605E+07  0.4582E+07  0.4513E+07  0.4400E+07  0.4158E+07  0.3629E+07  0.2566E+07  0.1606E+07
     26.1518      320.4737  0.1032E+07  0.1198E+07  0.1480E+07  0.1824E+07  0.2234E+07  0.2693E+07  0.3187E+07  0.3658E+07  0.3968E+07  0.4159E+07  0.4300E+07  0.4392E+07  0.4450E+07  0.4492E+07  0.4534E+07  0.4568E+07  0.4583E+07  0.4603E+07  0.4607E+07  0.4584E+07  0.4515E+07  0.4402E+07  0.4160E+07  0.3631E+07  0.2567E+07  0.1606E+07
     26.2873      330.2171  0.1033E+07  0.1199E+07  0.1482E+07  0.1826E+07  0.2236E+07  0.2696E+07  0.3189E+07  0.3661E+07  0.3971E+07  0.4162E+07  0.4303E+07  0.4395E+07  0.4453E+07  0.4494E+07  0.4536E+07  0.4570E+07  0.4585E+07  0.4605E+07  0.4609E+07  0.4586E+07  0.4516E+07  0.4403E+07  0.4161E+07  0.3632E+07  0.2567E+07  0.1607E+07
     26.4228      339.9605  0.1034E+07  0.1200E+07  0.1484E+07  0.1828E+07  0.2237E+07  0.2698E+07  0.3191E+07  0.3663E+07  0.3974E+07  0.4164E+07  0.4305E+07  0.4396E+07  0.4454E+07  0.4496E+07  0.4538E+07  0.4572E+07  0.4586E+07  0.4606E+07  0.4610E+07  0.4587E+07  0.4517E+07  0.4404E+07  0.4162E+07  0.3633E+07  0.2568E+07  0.1607E+07
     26.5583      349.7039  0.1034E+07  0.1201E+07  0.1484E+07  0.1829E+07  0.2238E+07  0.2699E+07  0.3193E+07  0.3664E+07  0.3975E+07  0.4165E+07  0.4306E+07  0.4398E+07  0.4455E+07  0.4497E+07  0.4539E+07  0.4573E+07  0.4587E+07  0.4607E+07  0.4611E+07  0.4587E+07  0.4518E+07  0.4405E+07  0.4162E+07  0.3633E+07  0.2568E+07  0.1607E+07
     26.6938      359.4472  0.1034E+07  0.1201E+07  0.1484E+07  0.1829E+07  0.2238E+07  0.2699E+07  0.3193E+07  0.3665E+07  0.3975E+07  0.4165E+07  0.4307E+07  0.4398E+07  0.4456E+07  0.4497E+07  0.4539E+07  0.4573E+07  0.4588E+07  0.4607E+07  0.4611E+07  0.4588E+07  0.4518E+07  0.4405E+07  0.4163E+07  0.3633E+07  0.2568E+07  0.1607E+07
     26.8293        9.1906  0.1034E+07  0.1201E+07  0.1484E+07  0.1828E+07  0.2238E+07  0.2698E+07  0.3193E+07  0.3665E+07  0.3975E+07  0.4165E+07  0.4306E+07  0.4398E+07  0.4455E+07  0.4497E+07  0.4538E+07  0.4572E+07  0.4587E+07  0.4607E+07  0.4611E+07  0.4587E+07  0.4518E+07  0.4405E+07  0.4162E+07  0.3633E+07  0.2568E+07  0.1607E+07
     26.9648       18.9340  0.1034E+07  0.1200E+07  0.1483E+07  0.1827E+07  0.2237E+07  0.2697E+07  0.3192E+07  0.3664E+07  0.3974E+07  0.4164E+07  0.4305E+07  0.4396E+07  0.4454E+07  0.4496E+07  0.4537E+07  0.4571E+07  0.4586E+07  0.4606E+07  0.4610E+07  0.4586E+07  0.4517E+07  0.4404E+07  0.4162E+07  0.3632E+07  0.2568E+07  0.1607E+07
     27.1003       28.6774  0.1033E+07  0.1199E+07  0.1482E+07  0.1825E+07  0.2235E+07  0.2695E+07  0.3190E+07  0.3662E+07  0.3972E+07  0.4162E+07  0.4303E+07  0.4394E+07  0.4452E+07  0.4494E+07  0.4536E+07  0.4570E+07  0.4585E+07  0.4604E+07  0.4609E+07  0.4585E+07  0.4516E+07  0.4403E+07  0.4161E+07  0.3632E+07  0.2567E+07  0.1606E+07
     27.2358       38.4208  0.1033E+07  0.1198E+07  0.1480E+07  0.1822E+07  0.2232E+07  0.2692E+07  0.3187E+07  0.3659E+07  0.3969E+07  0.4159E+07  0.4300E+07  0.4392E+07  0.4450E+07  0.4491E+07  0.4534E+07  0.4568E+07  0.4583E+07  0.4602E+07  0.4607E+07  0.4583E+07  0.4514E+07  0.4401E+07  0.4159E+07  0.3631E+07  0.2566E+07  0.1606E+07
     27.3713       48.1642  0.1032E+07  0.1197E+07  0.1478E+07  0.1820E+07  0.2229E+07  0.2689E+07  0.3184E+07  0.3655E+07  0.3966E+07  0.4155E+07  0.4297E+07  0.4389E+07  0.4447E+07  0.4489E+07  0.4531E+07  0.4565E+07  0.4580E+07  0.4600E+07  0.4605E+07  0.4581E+07  0.4512E+07  0.4400E+07  0.4158E+07  0.3629E+07  0.2565E+07  0.1605E+07
     27.5068       57.9076  0.1031E+07  0.1195E+07  0.1475E+07  0.1816E+07  0.2225E+07  0.2685E+07  0.3180E+07  0.3651E+07  0.3961E+07  0.4151E+07  0.4293E+07  0.4385E+07  0.4443E+07  0.4485E+07  0.4528E+07  0.4562E+07  0.4578E+07  0.4597E+07  0.4602E+07  0.4579E+07  0.4510E+07  0.4398E+07  0.4156E+07  0.3628E+07  0.2564E+07  0.1605E+07
     27.6423       67.6509  0.1029E+07  0.1192E+07  0.1472E+07  0.1813E+07  0.2221E+07  0.2681E+07  0.3176E+07  0.3647E+07  0.3957E+07  0.4147E+07  0.4289E+07  0.4381E+07  0.4439E+07  0.4482E+07  0.4524E+07  0.4559E+07  0.4574E+07  0.4594E+07  0.4599E+07  0.4576E+07  0.4508E+07  0.4395E+07  0.4154E+07  0.3626E+07  0.2563E+07  0.1604E+07
     27.7778       77.3943  0.1028E+07  0.1190E+07  0.1469E+07  0.1809E+07  0.2217E+07  0.2677E+07  0.3171E+07  0.3642E+07  0.3952E+07  0.4142E+07  0.4284E+07  0.4376E+07  0.4435E+07  0.4478E+07  0.4521E+07  0.4556E+07  0.4571E+07  0.4591E+07  0.4596E+07  0.4573E+07  0.4505E+07  0.4393E+07  0.4152E+07  0.3624E+07  0.2562E+07  0.1603E+07
     27.9133       87.1377  0.1027E+07  0.1188E+07  0.1466E+07  0.1805E+07  0.2213E+07  0.2673E+07  0.3166E+07  0.3637E+07  0.3947E+07  0.4137E+07  0.4279E+07  0.4372E+07  0.4431E+07  0.4474E+07  0.4517E+07  0.4552E+07  0.4568E+07  0.4588E+07  0.4593E+07  0.4571E+07  0.4502E+07  0.4390E+07  0.4149E+07  0.3622E+07  0.2561E+07  0.1602E+07
     28.0488       96.8811  0.1026E+07  0.1186E+07  0.1463E+07  0.1801E+07  0.2209E+07  0.2668E+07  0.3161E+07  0.3631E+07  0.3942E+07  0.4132E+07  0.4274E+07  0.4367E+07  0.4427E+07  0.4470E+07  0.4513E+07  0.4548E+07  0.4564E+07  0.4585E+07  0.4590E+07  0.4568E+07  0.4500E+07  0.4388E+07  0.4147E+07  0.3620E+07  0.2559E+07  0.1601E+07
     28.1843      106.6245  0.1025E+07  0.1183E+07  0.1459E+07  0.1798E+07  0.2205E+07  0.2664E+07  0.3157E+07  0.3626E+07  0.3936E+07  0.4127E+07  0.4270E+07  0.4363E+07  0.4422E+07  0.4466E+07  0.4509E+07  0.4545E+07  0.4561E+07  0.4582E+07  0.4587E+07  0.4565E+07  0.4497E+07  0.4385E+07  0.4145E+07  0.3618E+07  0.2558E+07  0.1601E+07
     28.3198      116.3679  0.1023E+07  0.1181E+07  0.1456E+07  0.1794E+07  0.2201E+07  0.2660E+07  0.3152E+07  0.3621E+07  0.3932E+07  0.4122E+07  0.4265E+07  0.4358E+07  0.4418E+07  0.4462E+07  0.4506E+07  0.4542E+07  0.4558E+07  0.4579E+07  0.4584E+07  0.4562E+07  0.4495E+07  0.4383E+07  0.4143E+07  0.3617E+07  0.2557E+07  0.1600E+07
     28.4553      126.1113  0.1022E+07  0.1179E+07  0.1454E+07  0.1791E+07  0.2198E+07  0.2656E+07  0.3148E+07  0.3617E+07  0.3927E+07  0.4118E+07  0.4261E+07  0.4355E+07  0.4415E+07  0.4459E+07  0.4503E+07  0.4539E+07  0.4555E+07  0.4576E+07  0.4582E+07  0.4560E+07  0.4492E+07  0.4381E+07  0.4141E+07  0.3615E+07  0.2556E+07  0.1599E+07
     28.5908      135.8547  0.1021E+07  0.1177E+07  0.1451E+07  0.1788E+07  0.2195E+07  0.2652E+07  0.3144E+07  0.3613E+07  0.3923E+07  0.4114E+07  0.4257E+07  0.4351E+07  0.4412E+07  0.4456E+07  0.4500E+07  0.4536E+07  0.4553E+07  0.4574E+07  0.4580E+07  0.4557E+07  0.4490E+07  0.4379E+07  0.4139E+07  0.3614E+07  0.2555E+07  0.1599E+07
     28.7263      145.5980  0.1021E+07  0.1176E+07  0.1449E+07  0.1786E+07  0.2192E+07  0.2650E+07  0.3141E+07  0.3609E+07  0.3920E+07  0.4111E+07  0.4254E+07  0.4348E+07  0.4409E+07  0.4453E+07  0.4497E+07  0.4534E+07  0.4550E+07  0.4572E+07  0.4578E+07  0.4556E+07  0.4488E+07  0.4377E+07  0.4138E+07  0.3612E+07  0.2554E+07  0.1598E+07
     28.8618      155.3414  0.1020E+07  0.1175E+07  0.1448E+07  0.1784E+07  0.2190E+07  0.2648E+07  0.3139E+07  0.3607E+07  0.3917E+07  0.4109E+07  0.4252E+07  0.4346E+07  0.4407E+07  0.4451E+07  0.4496E+07  0.4532E+07  0.4549E+07  0.4570E+07  0.4576E+07  0.4554E+07  0.4487E+07  0.4376E+07  0.4136E+07  0.3611E+07  0.2553E+07  0.1598E+07
     28.9973      165.0848  0.1020E+07  0.1174E+07  0.1447E+07  0.1783E+07  0.2189E+07  0.2646E+07  0.3137E+07  0.3605E+07  0.3916E+07  0.4107E+07  0.4250E+07  0.4345E+07  0.4406E+07  0.4450E+07  0.4495E+07  0.4531E+07  0.4548E+07  0.4569E+07  0.4575E+07  0.4553E+07  0.4486E+07  0.4375E+07  0.4136E+07  0.3611E+07  0.2553E+07  0.1598E+07
     29.1328      174.8282  0.1020E+07  0.1174E+07  0.1446E+07  0.1783E+07  0.2188E+07  0.2645E+07  0.3136E+07  0.3604E+07  0.3915E+07  0.4106E+07  0.4250E+07  0.4344E+07  0.4405E+07  0.4449E+07  0.4494E+07  0.4530E+07  0.4547E+07  0.4568E+07  0.4575E+07  0.4553E+07  0.4486E+07  0.4375E+07  0.4135E+07  0.3610E+07  0.2553E+07  0.1598E+07
     29.2683      184.5716  0.1020E+07  0.1173E+07  0.1446E+07  0.1783E+07  0.2188E+07  0.2645E+07  0.3136E+07  0.3604E+07  0.3915E+07  0.4106E+07  0.4250E+07  0.4344E+07  0.4405E+07  0.4449E+07  0.4494E+07  0.4530E+07  0.4547E+07  0.4568E+07  0.4575E+07  0.4553E+07  0.4485E+07  0.4375E+07  0.4135E+07  0.3610E+07  0.2553E+07  0.1598E+07
     29.4038      194.3150  0.1020E+07  0.1174E+07  0.1447E+07  0.1784E+07  0.2189E+07  0.2646E+07  0.3137E+07  0.3604E+07  0.3915E+07  0.4107E+07  0.4251E+07  0.4345E+07  0.4406E+07  0.4450E+07  0.4495E+07  0.4531E+07  0.4548E+07  0.4569E+07  0.4575E+07  0.4553E+07  0.4486E+07  0.4375E+07  0.4135E+07  0.3611E+07  0.2553E+07  0.1598E+07
     29.5393      204.0584  0.1020E+07  0.1175E+07  0.1448E+07  0.1785E+07  0.2191E+07  0.2648E+07  0.3138E+07  0.3606E+07  0.3917E+07  0.4109E+07  0.4252E+07  0.4347E+07  0.4407E+07  0.4452E+07  0.4496E+07  0.4532E+07  0.4549E+07  0.4570E+07  0.4576E+07  0.4554E+07  0.4487E+07  0.4376E+07  0.4136E+07  0.3611E+07  0.2553E+07  0.1598E+07
     29.6748      213.8018  0.1021E+07  0.1176E+07  0.1450E+07  0.1787E+07  0.2193E+07  0.2650E+07  0.3140E+07  0.3608E+07  0.3919E+07  0.4111E+07  0.4255E+07  0.4349E+07  0.4410E+07  0.4454E+07  0.4498E+07  0.4534E+07  0.4551E+07  0.4572E+07  0.4578E+07  0.4556E+07  0.4488E+07  0.4377E+07  0.4137E+07  0.3612E+07  0.2554E+07  0.1599E+07
     29.8103      223.5451  0.1021E+07  0.1177E+07  0.1452E+07  0.1790E+07  0.2196E+07  0.2653E+07  0.3143E+07  0.3611E+07  0.3923E+07  0.4114E+07  0.4258E+07  0.4352E+07  0.4412E+07  0.4456E+07  0.4501E+07  0.4536E+07  0.4553E+07  0.4574E+07  0.4580E+07  0.4557E+07  0.4490E+07  0.4378E+07  0.4139E+07  0.3613E+07  0.2555E+07  0.1599E+07
     29.9458      233.2885  0.1022E+07  0.1179E+07  0.1454E+07  0.1793E+07  0.2199E+07  0.2656E+07  0.3147E+07  0.3615E+07  0.3926E+07  0.4118E+07  0.4261E+07  0.4355E+07  0.4416E+07  0.4460E+07  0.4503E+07  0.4539E+07  0.4555E+07  0.4576E+07  0.4582E+07  0.4560E+07  0.4492E+07  0.4380E+07  0.4140E+07  0.3615E+07  0.2556E+07  0.1600E+07
