Time history of radial distribution for BEM variable: t[N/m] for blade 2
                          rCurvi[m] (curvilinear radial distance)
                                0.7893      2.3679      3.9465      5.5252      7.1038      8.6824     10.2610     11.8396     13.4183     14.9969     16.5755     18.1541     19.7327     21.3113     22.8900     24.4686     26.0472     27.6258     29.2044     30.7831     32.3617     33.9403     35.5189     37.0975     38.2815     39.0708
                          zB[m] (radial coordinate along blade axis)
     time[s]  azimuth[deg]      0.1833      1.7547      3.3293      4.9062      6.4840      8.0623      9.6415     11.2244     12.8081     14.3899     15.9677     17.5461     19.1247     20.7031     22.2812     23.8591     25.4363     27.0129     28.5886     30.1633     31.7372     33.3102     34.8825     36.4544     37.6316     38.4133
      0.0000      240.0000 -0.1095E+02 -0.2680E+02 -0.3344E+02 -0.2165E+02 -0.7772E+01 -0.7469E+01  0.1345E+02  0.2188E+02  0.3077E+02  0.3627E+02  0.4267E+02  0.4736E+02  0.5472E+02  0.6168E+02  0.6683E+02  0.7199E+02  0.7732E+02  0.8265E+02  0.8528E+02  0.8718E+02  0.8983E+02  0.9329E+02  0.9498E+02  0.8829E+02  0.6162E+02  0.4984E+01
      0.1355      250.0000 -0.1095E+02 -0.2680E+02 -0.3344E+02 -0.2165E+02 -0.7335E+01 -0.7113E+01  0.1390E+02  0.2215E+02  0.3095E+02  0.3639E+02  0.4275E+02  0.4741E+02  0.5474E+02  0.6169E+02  0.6683E+02  0.7200E+02  0.7732E+02  0.8265E+02  0.8528E+02  0.8718E+02  0.8983E+02  0.9329E+02  0.9498E+02  0.8829E+02  0.6162E+02  0.4984E+01
      0.2710      260.0000 -0.1095E+02 -0.2680E+02 -0.3343E+02 -0.2165E+02 -0.7388E+01 -0.7210E+01  0.1388E+02  0.2214E+02  0.3094E+02  0.3638E+02  0.4275E+02  0.4741E+02  0.5474E+02  0.6169E+02  0.6683E+02  0.7200E+02  0.7732E+02  0.8265E+02  0.8528E+02  0.8718E+02  0.8983E+02  0.9329E+02  0.9498E+02  0.8829E+02  0.6162E+02  0.4984E+01
      0.4065      270.0000 -0.1095E+02 -0.2680E+02 -0.3343E+02 -0.2165E+02 -0.7399E+01 -0.7229E+01  0.1387E+02  0.2214E+02  0.3094E+02  0.3638E+02  0.4275E+02  0.4741E+02  0.5474E+02  0.6169E+02  0.6683E+02  0.7200E+02  0.7732E+02  0.8265E+02  0.8528E+02  0.8718E+02  0.8983E+02  0.9329E+02  0.9498E+02  0.8829E+02  0.6162E+02  0.4984E+01
      0.5420      280.0000 -0.1095E+02 -0.2680E+02 -0.3343E+02 -0.2165E+02 -0.7398E+01 -0.7222E+01  0.1387E+02  0.2214E+02  0.3094E+02  0.3638E+02  0.4274E+02  0.4741E+02  0.5474E+02  0.6169E+02  0.6683E+02  0.7200E+02  0.7732E+02  0.8265E+02  0.8528E+02  0.8718E+02  0.8983E+02  0.9329E+02  0.9498E+02  0.8829E+02  0.6162E+02  0.4984E+01
      0.6775      290.0000 -0.1095E+02 -0.2680E+02 -0.3344E+02 -0.2165E+02 -0.7393E+01 -0.7208E+01  0.1387E+02  0.2214E+02  0.3094E+02  0.3638E+02  0.4274E+02  0.4740E+02  0.5474E+02  0.6169E+02  0.6683E+02  0.7200E+02  0.7732E+02  0.8265E+02  0.8528E+02  0.8718E+02  0.8983E+02  0.9330E+02  0.9498E+02  0.8829E+02  0.6162E+02  0.4984E+01
      0.8130      300.0000 -0.1095E+02 -0.2680E+02 -0.3344E+02 -0.2165E+02 -0.7387E+01 -0.7194E+01  0.1387E+02  0.2213E+02  0.3094E+02  0.3638E+02  0.4274E+02  0.4740E+02  0.5474E+02  0.6169E+02  0.6683E+02  0.7200E+02  0.7732E+02  0.8265E+02  0.8528E+02  0.8718E+02  0.8983E+02  0.9330E+02  0.9498E+02  0.8829E+02  0.6162E+02  0.4984E+01
      0.9485      310.0000 -0.1095E+02 -0.2680E+02 -0.3345E+02 -0.2165E+02 -0.7382E+01 -0.7181E+01  0.1387E+02  0.2213E+02  0.3093E+02  0.3638E+02  0.4274E+02  0.4740E+02  0.5474E+02  0.6169E+02  0.6683E+02  0.7200E+02  0.7732E+02  0.8266E+02  0.8528E+02  0.8718E+02  0.8983E+02  0.9330E+02  0.9498E+02  0.8829E+02  0.6162E+02  0.4984E+01
      1.0840      320.0000 -0.1095E+02 -0.2680E+02 -0.3344E+02 -0.2165E+02 -0.7378E+01 -0.7169E+01  0.1387E+02  0.2213E+02  0.3093E+02  0.3638E+02  0.4274E+02  0.4740E+02  0.5474E+02  0.6169E+02  0.6683E+02  0.7200E+02  0.7732E+02  0.8265E+02  0.8528E+02  0.8718E+02  0.8983E+02  0.9329E+02  0.9498E+02  0.8829E+02  0.6162E+02  0.4984E+01
      1.2195      330.0000 -0.1095E+02 -0.2680E+02 -0.3344E+02 -0.2165E+02 -0.7374E+01 -0.7159E+01  0.1387E+02  0.2213E+02  0.3093E+02  0.3638E+02  0.4274E+02  0.4740E+02  0.5474E+02  0.6169E+02  0.6683E+02  0.7200E+02  0.7732E+02  0.8265E+02  0.8528E+02  0.8718E+02  0.8983E+02  0.9329E+02  0.9498E+02  0.8829E+02  0.6162E+02  0.4984E+01
      1.3550      340.0000 -0.1095E+02 -0.2680E+02 -0.3344E+02 -0.2165E+02 -0.7371E+01 -0.7151E+01  0.1387E+02  0.2213E+02  0.3093E+02  0.3637E+02  0.4274E+02  0.4740E+02  0.5474E+02  0.6169E+02  0.6683E+02  0.7200E+02  0.7732E+02  0.8265E+02  0.8528E+02  0.8718E+02  0.8983E+02  0.9329E+02  0.9498E+02  0.8829E+02  0.6162E+02  0.4984E+01
      1.4905      350.0000 -0.1095E+02 -0.2680E+02 -0.3343E+02 -0.2165E+02 -0.7369E+01 -0.7144E+01  0.1387E+02  0.2213E+02  0.3093E+02  0.3637E+02  0.4274E+02  0.4740E+02  0.5474E+02  0.6169E+02  0.6683E+02  0.7200E+02  0.7732E+02  0.8265E+02  0.8528E+02  0.8718E+02  0.8983E+02  0.9329E+02  0.9498E+02  0.8829E+02  0.6162E+02  0.4984E+01
      1.6260      360.0000 -0.1095E+02 -0.2680E+02 -0.3343E+02 -0.2165E+02 -0.7368E+01 -0.7138E+01  0.1386E+02  0.2212E+02  0.3093E+02  0.3637E+02  0.4274E+02  0.4740E+02  0.5474E+02  0.6169E+02  0.6683E+02  0.7200E+02  0.7732E+02  0.8265E+02  0.8528E+02  0.8718E+02  0.8983E+02  0.9329E+02  0.9498E+02  0.8829E+02  0.6162E+02  0.4984E+01
      1.7615       10.0000 -0.1095E+02 -0.2680E+02 -0.3343E+02 -0.2165E+02 -0.7367E+01 -0.7133E+01  0.1386E+02  0.2212E+02  0.3092E+02  0.3637E+02  0.4274E+02  0.4740E+02  0.5474E+02  0.6169E+02  0.6683E+02  0.7200E+02  0.7732E+02  0.8265E+02  0.8528E+02  0.8718E+02  0.8983E+02  0.9329E+02  0.9498E+02  0.8829E+02  0.6162E+02  0.4984E+01
      1.8970       20.0000 -0.1095E+02 -0.2680E+02 -0.3344E+02 -0.2165E+02 -0.7366E+01 -0.7129E+01  0.1386E+02  0.2212E+02  0.3092E+02  0.3637E+02  0.4274E+02  0.4740E+02  0.5474E+02  0.6169E+02  0.6683E+02  0.7200E+02  0.7732E+02  0.8265E+02  0.8528E+02  0.8718E+02  0.8983E+02  0.9330E+02  0.9498E+02  0.8829E+02  0.6162E+02  0.4984E+01
      2.0325       30.0000 -0.1095E+02 -0.2680E+02 -0.3344E+02 -0.2165E+02 -0.7365E+01 -0.7125E+01  0.1386E+02  0.2212E+02  0.3092E+02  0.3637E+02  0.4274E+02  0.4740E+02  0.5474E+02  0.6169E+02  0.6683E+02  0.7200E+02  0.7732E+02  0.8265E+02  0.8528E+02  0.8718E+02  0.8983E+02  0.9330E+02  0.9498E+02  0.8829E+02  0.6162E+02  0.4984E+01
      2.1680       40.0000 -0.1095E+02 -0.2680E+02 -0.3344E+02 -0.2165E+02 -0.7365E+01 -0.7122E+01  0.1386E+02  0.2212E+02  0.3092E+02  0.3637E+02  0.4273E+02  0.4740E+02  0.5474E+02  0.6169E+02  0.6683E+02  0.7200E+02  0.7732E+02  0.8266E+02  0.8528E+02  0.8718E+02  0.8983E+02  0.9330E+02  0.9498E+02  0.8829E+02  0.6162E+02  0.4984E+01
      2.3035       50.0000 -0.1095E+02 -0.2680E+02 -0.3344E+02 -0.2165E+02 -0.7365E+01 -0.7120E+01  0.1386E+02  0.2212E+02  0.3092E+02  0.3637E+02  0.4273E+02  0.4740E+02  0.5474E+02  0.6169E+02  0.6683E+02  0.7200E+02  0.7732E+02  0.8265E+02  0.8528E+02  0.8718E+02  0.8983E+02  0.9329E+02  0.9498E+02  0.8829E+02  0.6162E+02  0.4984E+01
      2.4390       60.0000 -0.1095E+02 -0.2680E+02 -0.3344E+02 -0.2165E+02 -0.7365E+01 -0.7118E+01  0.1385E+02  0.2211E+02  0.3092E+02  0.3637E+02  0.4273E+02  0.4740E+02  0.5474E+02  0.6169E+02  0.6683E+02  0.7200E+02  0.7732E+02  0.8265E+02  0.8528E+02  0.8718E+02  0.8983E+02  0.9329E+02  0.9498E+02  0.8829E+02  0.6162E+02  0.4984E+01
      2.5745       70.0000 -0.1095E+02 -0.2680E+02 -0.3344E+02 -0.2165E+02 -0.7365E+01 -0.7116E+01  0.1385E+02  0.2211E+02  0.3092E+02  0.3636E+02  0.4273E+02  0.4740E+02  0.5474E+02  0.6169E+02  0.6683E+02  0.7200E+02  0.7732E+02  0.8265E+02  0.8528E+02  0.8718E+02  0.8983E+02  0.9329E+02  0.9498E+02  0.8829E+02  0.6162E+02  0.4984E+01
      2.7100       80.0000 -0.1095E+02 -0.2680E+02 -0.3343E+02 -0.2165E+02 -0.7366E+01 -0.7114E+01  0.1385E+02  0.2211E+02  0.3091E+02  0.3636E+02  0.4273E+02  0.4740E+02  0.5474E+02  0.6169E+02  0.6683E+02  0.7200E+02  0.7732E+02  0.8265E+02  0.8528E+02  0.8718E+02  0.8983E+02  0.9329E+02  0.9498E+02  0.8829E+02  0.6162E+02  0.4984E+01
      2.8455       90.0000 -0.1095E+02 -0.2680E+02 -0.3343E+02 -0.2165E+02 -0.7366E+01 -0.7113E+01  0.1385E+02  0.2211E+02  0.3091E+02  0.3636E+02  0.4273E+02  0.4740E+02  0.5474E+02  0.6169E+02  0.6683E+02  0.7200E+02  0.7732E+02  0.8265E+02  0.8528E+02  0.8718E+02  0.8983E+02  0.9329E+02  0.9498E+02  0.8829E+02  0.6162E+02  0.4984E+01
      2.9810      100.0000 -0.1095E+02 -0.2680E+02 -0.3343E+02 -0.2165E+02 -0.7367E+01 -0.7112E+01  0.1384E+02  0.2211E+02  0.3091E+02  0.3636E+02  0.4273E+02  0.4740E+02  0.5474E+02  0.6169E+02  0.6683E+02  0.7200E+02  0.7732E+02  0.8265E+02  0.8528E+02  0.8718E+02  0.8983E+02  0.9329E+02  0.9498E+02  0.8829E+02  0.6162E+02  0.4984E+01
      3.1165      110.0000 -0.1095E+02 -0.2680E+02 -0.3344E+02 -0.2165E+02 -0.7367E+01 -0.7111E+01  0.1384E+02  0.2210E+02  0.3091E+02  0.3636E+02  0.4273E+02  0.4740E+02  0.5474E+02  0.6169E+02  0.6683E+02  0.7200E+02  0.7732E+02  0.8265E+02  0.8528E+02  0.8718E+02  0.8983E+02  0.9330E+02  0.9498E+02  0.8829E+02  0.6162E+02  0.4984E+01
      3.2520      120.0000 -0.1095E+02 -0.2680E+02 -0.3344E+02 -0.2165E+02 -0.7368E+01 -0.7111E+01  0.1384E+02  0.2210E+02  0.3091E+02  0.3636E+02  0.4273E+02  0.4740E+02  0.5474E+02  0.6169E+02  0.6683E+02  0.7200E+02  0.7732E+02  0.8265E+02  0.8528E+02  0.8718E+02  0.8983E+02  0.9330E+02  0.9498E+02  0.8829E+02  0.6162E+02  0.4984E+01
      3.3875      130.0000 -0.1095E+02 -0.2680E+02 -0.3344E+02 -0.2165E+02 -0.7369E+01 -0.7110E+01  0.1384E+02  0.2210E+02  0.3091E+02  0.3636E+02  0.4273E+02  0.4740E+02  0.5474E+02  0.6169E+02  0.6683E+02  0.7200E+02  0.7732E+02  0.8266E+02  0.8528E+02  0.8718E+02  0.8983E+02  0.9330E+02  0.9498E+02  0.8829E+02  0.6162E+02  0.4984E+01
      3.5230      140.0000 -0.1095E+02 -0.2680E+02 -0.3344E+02 -0.2165E+02 -0.7369E+01 -0.7110E+01  0.1384E+02  0.2210E+02  0.3091E+02  0.3636E+02  0.4273E+02  0.4740E+02  0.5474E+02  0.6169E+02  0.6683E+02  0.7200E+02  0.7732E+02  0.8265E+02  0.8528E+02  0.8718E+02  0.8983E+02  0.9329E+02  0.9498E+02  0.8829E+02  0.6162E+02  0.4984E+01
      3.6585      150.0000 -0.1095E+02 -0.2680E+02 -0.3344E+02 -0.2165E+02 -0.7370E+01 -0.7109E+01  0.1383E+02  0.2210E+02  0.3090E+02  0.3636E+02  0.4273E+02  0.4740E+02  0.5474E+02  0.6169E+02  0.6683E+02  0.7200E+02  0.7732E+02  0.8265E+02  0.8528E+02  0.8718E+02  0.8983E+02  0.9329E+02  0.9498E+02  0.8829E+02  0.6162E+02  0.4984E+01
      3.7940      160.0000 -0.1095E+02 -0.2680E+02 -0.3344E+02 -0.2165E+02 -0.7371E+01 -0.7109E+01  0.1383E+02  0.2210E+02  0.3090E+02  0.3636E+02  0.4273E+02  0.4740E+02  0.5474E+02  0.6169E+02  0.6683E+02  0.7200E+02  0.7732E+02  0.8265E+02  0.8528E+02  0.8718E+02  0.8983E+02  0.9329E+02  0.9498E+02  0.8829E+02  0.6162E+02  0.4984E+01
      3.9295      170.0000 -0.1095E+02 -0.2680E+02 -0.3343E+02 -0.2165E+02 -0.7372E+01 -0.7109E+01  0.1383E+02  0.2209E+02  0.3090E+02  0.3636E+02  0.4273E+02  0.4740E+02  0.5474E+02  0.6169E+02  0.6683E+02  0.7200E+02  0.7732E+02  0.8265E+02  0.8528E+02  0.8718E+02  0.8983E+02  0.9329E+02  0.9498E+02  0.8829E+02  0.6162E+02  0.4984E+01
      4.0650      180.0000 -0.1095E+02 -0.2680E+02 -0.3343E+02 -0.2165E+02 -0.7373E+01 -0.7108E+01  0.1383E+02  0.2209E+02  0.3090E+02  0.3635E+02  0.4273E+02  0.4739E+02  0.5474E+02  0.6169E+02  0.6683E+02  0.7200E+02  0.7732E+02  0.8265E+02  0.8528E+02  0.8718E+02  0.8983E+02  0.9329E+02  0.9498E+02  0.8829E+02  0.6162E+02  0.4984E+01
      4.2005      190.0000 -0.1095E+02 -0.2680E+02 -0.3343E+02 -0.2165E+02 -0.7373E+01 -0.7108E+01  0.1383E+02  0.2209E+02  0.3090E+02  0.3635E+02  0.4272E+02  0.4739E+02  0.5474E+02  0.6169E+02  0.6683E+02  0.7200E+02  0.7732E+02  0.8265E+02  0.8528E+02  0.8718E+02  0.8983E+02  0.9329E+02  0.9498E+02  0.8829E+02  0.6162E+02  0.4984E+01
      4.3360      200.0000 -0.1095E+02 -0.2680E+02 -0.3344E+02 -0.2165E+02 -0.7374E+01 -0.7108E+01  0.1382E+02  0.2209E+02  0.3090E+02  0.3635E+02  0.4272E+02  0.4739E+02  0.5474E+02  0.6169E+02  0.6683E+02  0.7200E+02  0.7732E+02  0.8265E+02  0.8528E+02  0.8718E+02  0.8983E+02  0.9330E+02  0.9498E+02  0.8829E+02  0.6162E+02  0.4984E+01
      4.4715      210.0000 -0.1095E+02 -0.2680E+02 -0.3344E+02 -0.2165E+02 -0.7375E+01 -0.7108E+01  0.1382E+02  0.2209E+02  0.3090E+02  0.3635E+02  0.4272E+02  0.4739E+02  0.5474E+02  0.6169E+02  0.6683E+02  0.7200E+02  0.7732E+02  0.8265E+02  0.8528E+02  0.8718E+02  0.8983E+02  0.9330E+02  0.9498E+02  0.8829E+02  0.6162E+02  0.4984E+01
      4.6070      220.0000 -0.1095E+02 -0.2680E+02 -0.3344E+02 -0.2165E+02 -0.7376E+01 -0.7108E+01  0.1382E+02  0.2209E+02  0.3090E+02  0.3635E+02  0.4272E+02  0.4739E+02  0.5474E+02  0.6169E+02  0.6683E+02  0.7200E+02  0.7732E+02  0.8266E+02  0.8528E+02  0.8718E+02  0.8983E+02  0.9330E+02  0.9498E+02  0.8829E+02  0.6162E+02  0.4984E+01
      4.7425      230.0000 -0.1095E+02 -0.2680E+02 -0.3344E+02 -0.2165E+02 -0.7377E+01 -0.7108E+01  0.1382E+02  0.2209E+02  0.3090E+02  0.3635E+02  0.4272E+02  0.4739E+02  0.5474E+02  0.6169E+02  0.6683E+02  0.7200E+02  0.7732E+02  0.8265E+02  0.8528E+02  0.8718E+02  0.8983E+02  0.9329E+02  0.9498E+02  0.8829E+02  0.6162E+02  0.4984E+01
      4.8780      240.0000 -0.1095E+02 -0.2680E+02 -0.3344E+02 -0.2165E+02 -0.7378E+01 -0.7108E+01  0.1382E+02  0.2208E+02  0.3089E+02  0.3635E+02  0.4272E+02  0.4739E+02  0.5474E+02  0.6169E+02  0.6683E+02  0.7200E+02  0.7732E+02  0.8265E+02  0.8528E+02  0.8718E+02  0.8983E+02  0.9329E+02  0.9498E+02  0.8829E+02  0.6162E+02  0.4984E+01
      5.0136      250.0000 -0.1095E+02 -0.2680E+02 -0.3344E+02 -0.2165E+02 -0.7378E+01 -0.7108E+01  0.1381E+02  0.2208E+02  0.3089E+02  0.3635E+02  0.4272E+02  0.4739E+02  0.5474E+02  0.6169E+02  0.6683E+02  0.7200E+02  0.7732E+02  0.8265E+02  0.8528E+02  0.8718E+02  0.8983E+02  0.9329E+02  0.9498E+02  0.8829E+02  0.6162E+02  0.4984E+01
      5.1491      260.0000 -0.1095E+02 -0.2680E+02 -0.3343E+02 -0.2165E+02 -0.7379E+01 -0.7108E+01  0.1381E+02  0.2208E+02  0.3089E+02  0.3635E+02  0.4272E+02  0.4739E+02  0.5474E+02  0.6169E+02  0.6683E+02  0.7200E+02  0.7732E+02  0.8265E+02  0.8528E+02  0.8718E+02  0.8983E+02  0.9329E+02  0.9498E+02  0.8829E+02  0.6162E+02  0.4984E+01
      5.2846      270.0000 -0.1095E+02 -0.2680E+02 -0.3343E+02 -0.2165E+02 -0.7380E+01 -0.7108E+01  0.1381E+02  0.2208E+02  0.3089E+02  0.3635E+02  0.4272E+02  0.4739E+02  0.5474E+02  0.6169E+02  0.6683E+02  0.7200E+02  0.7732E+02  0.8265E+02  0.8528E+02  0.8718E+02  0.8983E+02  0.9329E+02  0.9498E+02  0.8829E+02  0.6162E+02  0.4984E+01
      5.4201      280.0000 -0.1095E+02 -0.2680E+02 -0.3343E+02 -0.2165E+02 -0.7381E+01 -0.7108E+01  0.1381E+02  0.2208E+02  0.3089E+02  0.3635E+02  0.4272E+02  0.4739E+02  0.5474E+02  0.6169E+02  0.6683E+02  0.7200E+02  0.7732E+02  0.8265E+02  0.8528E+02  0.8718E+02  0.8983E+02  0.9329E+02  0.9498E+02  0.8829E+02  0.6162E+02  0.4984E+01
      5.5556      290.0000 -0.1095E+02 -0.2680E+02 -0.3344E+02 -0.2165E+02 -0.7381E+01 -0.7108E+01  0.1381E+02  0.2208E+02  0.3089E+02  0.3635E+02  0.4272E+02  0.4739E+02  0.5474E+02  0.6169E+02  0.6683E+02  0.7200E+02  0.7732E+02  0.8265E+02  0.8528E+02  0.8718E+02  0.8983E+02  0.9330E+02  0.9498E+02  0.8829E+02  0.6162E+02  0.4984E+01
      5.6911      300.0000 -0.1095E+02 -0.2680E+02 -0.3344E+02 -0.2165E+02 -0.7382E+01 -0.7108E+01  0.1381E+02  0.2208E+02  0.3089E+02  0.3635E+02  0.4272E+02  0.4739E+02  0.5474E+02  0.6169E+02  0.6683E+02  0.7200E+02  0.7732E+02  0.8265E+02  0.8528E+02  0.8718E+02  0.8983E+02  0.9330E+02  0.9498E+02  0.8829E+02  0.6162E+02  0.4984E+01
      5.8266      310.0000 -0.1095E+02 -0.2680E+02 -0.3344E+02 -0.2165E+02 -0.7383E+01 -0.7108E+01  0.1380E+02  0.2207E+02  0.3089E+02  0.3635E+02  0.4272E+02  0.4739E+02  0.5474E+02  0.6169E+02  0.6683E+02  0.7200E+02  0.7732E+02  0.8266E+02  0.8528E+02  0.8718E+02  0.8983E+02  0.9330E+02  0.9498E+02  0.8829E+02  0.6162E+02  0.4984E+01
      5.9621      320.0000 -0.1095E+02 -0.2680E+02 -0.3344E+02 -0.2165E+02 -0.7384E+01 -0.7108E+01  0.1380E+02  0.2207E+02  0.3089E+02  0.3634E+02  0.4272E+02  0.4739E+02  0.5473E+02  0.6169E+02  0.6683E+02  0.7200E+02  0.7732E+02  0.8265E+02  0.8528E+02  0.8718E+02  0.8983E+02  0.9329E+02  0.9498E+02  0.8829E+02  0.6162E+02  0.4984E+01
      6.0976      330.0000 -0.1095E+02 -0.2680E+02 -0.3344E+02 -0.2165E+02 -0.7384E+01 -0.7108E+01  0.1380E+02  0.2207E+02  0.3089E+02  0.3634E+02  0.4272E+02  0.4739E+02  0.5473E+02  0.6168E+02  0.6683E+02  0.7200E+02  0.7732E+02  0.8265E+02  0.8528E+02  0.8718E+02  0.8983E+02  0.9329E+02  0.9498E+02  0.8829E+02  0.6162E+02  0.4984E+01
      6.2331      340.0000 -0.1095E+02 -0.2680E+02 -0.3344E+02 -0.2165E+02 -0.7385E+01 -0.7109E+01  0.1380E+02  0.2207E+02  0.3089E+02  0.3634E+02  0.4272E+02  0.4739E+02  0.5473E+02  0.6168E+02  0.6683E+02  0.7200E+02  0.7732E+02  0.8265E+02  0.8528E+02  0.8718E+02  0.8983E+02  0.9329E+02  0.9498E+02  0.8829E+02  0.6162E+02  0.4984E+01
      6.3686      350.0000 -0.1095E+02 -0.2680E+02 -0.3343E+02 -0.2165E+02 -0.7386E+01 -0.7109E+01  0.1380E+02  0.2207E+02  0.3089E+02  0.3634E+02  0.4272E+02  0.4739E+02  0.5473E+02  0.6168E+02  0.6683E+02  0.7200E+02  0.7732E+02  0.8265E+02  0.8528E+02  0.8718E+02  0.8983E+02  0.9329E+02  0.9498E+02  0.8829E+02  0.6162E+02  0.4984E+01
      6.5041      360.0000 -0.1095E+02 -0.2680E+02 -0.3343E+02 -0.2165E+02 -0.7386E+01 -0.7109E+01  0.1380E+02  0.2207E+02  0.3088E+02  0.3634E+02  0.4272E+02  0.4739E+02  0.5473E+02  0.6168E+02  0.6683E+02  0.7200E+02  0.7732E+02  0.8265E+02  0.8528E+02  0.8718E+02  0.8983E+02  0.9329E+02  0.9498E+02  0.8829E+02  0.6162E+02  0.4984E+01
      6.6396       10.0000 -0.1095E+02 -0.2680E+02 -0.3343E+02 -0.2165E+02 -0.7387E+01 -0.7109E+01  0.1380E+02  0.2207E+02  0.3088E+02  0.3634E+02  0.4272E+02  0.4739E+02  0.5473E+02  0.6168E+02  0.6683E+02  0.7200E+02  0.7732E+02  0.8265E+02  0.8528E+02  0.8718E+02  0.8983E+02  0.9329E+02  0.9498E+02  0.8829E+02  0.6162E+02  0.4984E+01
      6.7751       20.0000 -0.1095E+02 -0.2680E+02 -0.3344E+02 -0.2165E+02 -0.7388E+01 -0.7109E+01  0.1379E+02  0.2207E+02  0.3088E+02  0.3634E+02  0.4272E+02  0.4739E+02  0.5473E+02  0.6168E+02  0.6683E+02  0.7200E+02  0.7732E+02  0.8265E+02  0.8528E+02  0.8718E+02  0.8983E+02  0.9330E+02  0.9498E+02  0.8829E+02  0.6162E+02  0.4984E+01
      6.9106       30.0000 -0.1095E+02 -0.2680E+02 -0.3344E+02 -0.2165E+02 -0.7388E+01 -0.7109E+01  0.1379E+02  0.2207E+02  0.3088E+02  0.3634E+02  0.4272E+02  0.4739E+02  0.5473E+02  0.6168E+02  0.6683E+02  0.7200E+02  0.7732E+02  0.8265E+02  0.8528E+02  0.8718E+02  0.8983E+02  0.9330E+02  0.9498E+02  0.8829E+02  0.6162E+02  0.4984E+01
      7.0461       40.0000 -0.1095E+02 -0.2680E+02 -0.3344E+02 -0.2165E+02 -0.7389E+01 -0.7109E+01  0.1379E+02  0.2206E+02  0.3088E+02  0.3634E+02  0.4272E+02  0.4739E+02  0.5473E+02  0.6168E+02  0.6683E+02  0.7200E+02  0.7732E+02  0.8266E+02  0.8528E+02  0.8718E+02  0.8983E+02  0.9330E+02  0.9498E+02  0.8829E+02  0.6162E+02  0.4984E+01
      7.1816       50.0000 -0.1095E+02 -0.2680E+02 -0.3344E+02 -0.2165E+02 -0.7389E+01 -0.7109E+01  0.1379E+02  0.2206E+02  0.3088E+02  0.3634E+02  0.4271E+02  0.4739E+02  0.5473E+02  0.6168E+02  0.6683E+02  0.7200E+02  0.7732E+02  0.8265E+02  0.8528E+02  0.8718E+02  0.8983E+02  0.9329E+02  0.9498E+02  0.8829E+02  0.6162E+02  0.4984E+01
      7.3171       60.0000 -0.1095E+02 -0.2680E+02 -0.3344E+02 -0.2165E+02 -0.7390E+01 -0.7109E+01  0.1379E+02  0.2206E+02  0.3088E+02  0.3634E+02  0.4271E+02  0.4739E+02  0.5473E+02  0.6168E+02  0.6683E+02  0.7200E+02  0.7732E+02  0.8265E+02  0.8528E+02  0.8718E+02  0.8983E+02  0.9329E+02  0.9498E+02  0.8829E+02  0.6162E+02  0.4984E+01
      7.4526       70.0000 -0.1095E+02 -0.2680E+02 -0.3344E+02 -0.2165E+02 -0.7391E+01 -0.7109E+01  0.1379E+02  0.2206E+02  0.3088E+02  0.3634E+02  0.4271E+02  0.4739E+02  0.5473E+02  0.6168E+02  0.6683E+02  0.7200E+02  0.7732E+02  0.8265E+02  0.8528E+02  0.8718E+02  0.8983E+02  0.9329E+02  0.9498E+02  0.8829E+02  0.6162E+02  0.4984E+01
      7.5881       80.0000 -0.1095E+02 -0.2680E+02 -0.3343E+02 -0.2165E+02 -0.7391E+01 -0.7109E+01  0.1379E+02  0.2206E+02  0.3088E+02  0.3634E+02  0.4271E+02  0.4739E+02  0.5473E+02  0.6168E+02  0.6683E+02  0.7200E+02  0.7732E+02  0.8265E+02  0.8528E+02  0.8718E+02  0.8983E+02  0.9329E+02  0.9498E+02  0.8829E+02  0.6162E+02  0.4984E+01
      7.7236       90.0000 -0.1095E+02 -0.2680E+02 -0.3343E+02 -0.2165E+02 -0.7392E+01 -0.7109E+01  0.1378E+02  0.2206E+02  0.3088E+02  0.3634E+02  0.4271E+02  0.4739E+02  0.5473E+02  0.6168E+02  0.6683E+02  0.7200E+02  0.7732E+02  0.8265E+02  0.8528E+02  0.8718E+02  0.8983E+02  0.9329E+02  0.9498E+02  0.8829E+02  0.6162E+02  0.4984E+01
      7.8591      100.0000 -0.1095E+02 -0.2680E+02 -0.3343E+02 -0.2165E+02 -0.7392E+01 -0.7109E+01  0.1378E+02  0.2206E+02  0.3088E+02  0.3634E+02  0.4271E+02  0.4739E+02  0.5473E+02  0.6168E+02  0.6683E+02  0.7200E+02  0.7732E+02  0.8265E+02  0.8528E+02  0.8718E+02  0.8983E+02  0.9329E+02  0.9498E+02  0.8829E+02  0.6162E+02  0.4984E+01
      7.9946      110.0000 -0.1095E+02 -0.2680E+02 -0.3344E+02 -0.2165E+02 -0.7393E+01 -0.7110E+01  0.1378E+02  0.2206E+02  0.3088E+02  0.3634E+02  0.4271E+02  0.4739E+02  0.5473E+02  0.6168E+02  0.6683E+02  0.7200E+02  0.7732E+02  0.8265E+02  0.8528E+02  0.8718E+02  0.8983E+02  0.9330E+02  0.9498E+02  0.8829E+02  0.6162E+02  0.4984E+01
      8.1301      120.0000 -0.1095E+02 -0.2680E+02 -0.3344E+02 -0.2165E+02 -0.7393E+01 -0.7110E+01  0.1378E+02  0.2206E+02  0.3088E+02  0.3634E+02  0.4271E+02  0.4739E+02  0.5473E+02  0.6168E+02  0.6683E+02  0.7200E+02  0.7732E+02  0.8265E+02  0.8528E+02  0.8718E+02  0.8983E+02  0.9330E+02  0.9498E+02  0.8829E+02  0.6162E+02  0.4984E+01
      8.2656      130.0000 -0.1095E+02 -0.2680E+02 -0.3344E+02 -0.2165E+02 -0.7394E+01 -0.7110E+01  0.1378E+02  0.2206E+02  0.3088E+02  0.3634E+02  0.4271E+02  0.4739E+02  0.5473E+02  0.6168E+02  0.6683E+02  0.7200E+02  0.7732E+02  0.8266E+02  0.8528E+02  0.8718E+02  0.8983E+02  0.9330E+02  0.9498E+02  0.8829E+02  0.6162E+02  0.4984E+01
      8.4011      140.0000 -0.1095E+02 -0.2680E+02 -0.3344E+02 -0.2165E+02 -0.7394E+01 -0.7110E+01  0.1378E+02  0.2205E+02  0.3087E+02  0.3634E+02  0.4271E+02  0.4739E+02  0.5473E+02  0.6168E+02  0.6683E+02  0.7200E+02  0.7732E+02  0.8265E+02  0.8528E+02  0.8718E+02  0.8983E+02  0.9329E+02  0.9498E+02  0.8829E+02  0.6162E+02  0.4984E+01
      8.5366      150.0000 -0.1095E+02 -0.2680E+02 -0.3344E+02 -0.2165E+02 -0.7395E+01 -0.7110E+01  0.1378E+02  0.2205E+02  0.3087E+02  0.3633E+02  0.4271E+02  0.4739E+02  0.5473E+02  0.6168E+02  0.6683E+02  0.7200E+02  0.7732E+02  0.8265E+02  0.8528E+02  0.8718E+02  0.8983E+02  0.9329E+02  0.9498E+02  0.8829E+02  0.6162E+02  0.4984E+01
      8.6721      160.0000 -0.1095E+02 -0.2680E+02 -0.3344E+02 -0.2165E+02 -0.7395E+01 -0.7110E+01  0.1378E+02  0.2205E+02  0.3087E+02  0.3633E+02  0.4271E+02  0.4739E+02  0.5473E+02  0.6168E+02  0.6683E+02  0.7200E+02  0.7732E+02  0.8265E+02  0.8528E+02  0.8718E+02  0.8983E+02  0.9329E+02  0.9498E+02  0.8829E+02  0.6162E+02  0.4984E+01
      8.8076      170.0000 -0.1095E+02 -0.2680E+02 -0.3343E+02 -0.2165E+02 -0.7396E+01 -0.7110E+01  0.1377E+02  0.2205E+02  0.3087E+02  0.3633E+02  0.4271E+02  0.4739E+02  0.5473E+02  0.6168E+02  0.6683E+02  0.7200E+02  0.7732E+02  0.8265E+02  0.8528E+02  0.8718E+02  0.8983E+02  0.9329E+02  0.9498E+02  0.8829E+02  0.6162E+02  0.4984E+01
      8.9431      180.0000 -0.1095E+02 -0.2680E+02 -0.3343E+02 -0.2165E+02 -0.7397E+01 -0.7110E+01  0.1377E+02  0.2205E+02  0.3087E+02  0.3633E+02  0.4271E+02  0.4739E+02  0.5473E+02  0.6168E+02  0.6683E+02  0.7200E+02  0.7732E+02  0.8265E+02  0.8528E+02  0.8718E+02  0.8983E+02  0.9329E+02  0.9498E+02  0.8829E+02  0.6162E+02  0.4984E+01
      9.0786      190.0000 -0.1095E+02 -0.2680E+02 -0.3343E+02 -0.2165E+02 -0.7397E+01 -0.7110E+01  0.1377E+02  0.2205E+02  0.3087E+02  0.3633E+02  0.4271E+02  0.4739E+02  0.5473E+02  0.6168E+02  0.6683E+02  0.7200E+02  0.7732E+02  0.8265E+02  0.8528E+02  0.8718E+02  0.8983E+02  0.9329E+02  0.9498E+02  0.8829E+02  0.6162E+02  0.4984E+01
      9.2141      200.0000 -0.1095E+02 -0.2680E+02 -0.3344E+02 -0.2165E+02 -0.7397E+01 -0.7110E+01  0.1377E+02  0.2205E+02  0.3087E+02  0.3633E+02  0.4271E+02  0.4739E+02  0.5473E+02  0.6168E+02  0.6683E+02  0.7200E+02  0.7732E+02  0.8265E+02  0.8528E+02  0.8718E+02  0.8983E+02  0.9330E+02  0.9498E+02  0.8829E+02  0.6162E+02  0.4984E+01
      9.3496      210.0000 -0.1095E+02 -0.2680E+02 -0.3344E+02 -0.2165E+02 -0.7398E+01 -0.7110E+01  0.1377E+02  0.2205E+02  0.3087E+02  0.3633E+02  0.4271E+02  0.4739E+02  0.5473E+02  0.6168E+02  0.6683E+02  0.7200E+02  0.7732E+02  0.8265E+02  0.8528E+02  0.8718E+02  0.8983E+02  0.9330E+02  0.9498E+02  0.8829E+02  0.6162E+02  0.4984E+01
      9.4851      220.0000 -0.1095E+02 -0.2680E+02 -0.3344E+02 -0.2165E+02 -0.7398E+01 -0.7110E+01  0.1377E+02  0.2205E+02  0.3087E+02  0.3633E+02  0.4271E+02  0.4739E+02  0.5473E+02  0.6168E+02  0.6683E+02  0.7200E+02  0.7732E+02  0.8266E+02  0.8528E+02  0.8718E+02  0.8983E+02  0.9330E+02  0.9498E+02  0.8829E+02  0.6162E+02  0.4984E+01
      9.6206      230.0000 -0.1095E+02 -0.2680E+02 -0.3344E+02 -0.2165E+02 -0.7399E+01 -0.7110E+01  0.1377E+02  0.2205E+02  0.3087E+02  0.3633E+02  0.4271E+02  0.4739E+02  0.5473E+02  0.6168E+02  0.6683E+02  0.7200E+02  0.7732E+02  0.8265E+02  0.8528E+02  0.8718E+02  0.8983E+02  0.9329E+02  0.9498E+02  0.8829E+02  0.6162E+02  0.4984E+01
      9.7561      240.0000 -0.1095E+02 -0.2680E+02 -0.3344E+02 -0.2165E+02 -0.7399E+01 -0.7110E+01  0.1377E+02  0.2205E+02  0.3087E+02  0.3633E+02  0.4271E+02  0.4739E+02  0.5473E+02  0.6168E+02  0.6683E+02  0.7200E+02  0.7732E+02  0.8265E+02  0.8528E+02  0.8718E+02  0.8983E+02  0.9329E+02  0.9498E+02  0.8829E+02  0.6162E+02  0.4984E+01
      9.8916      250.0000 -0.1095E+02 -0.2680E+02 -0.3344E+02 -0.2165E+02 -0.7400E+01 -0.7111E+01  0.1377E+02  0.2205E+02  0.3087E+02  0.3633E+02  0.4271E+02  0.4739E+02  0.5473E+02  0.6168E+02  0.6683E+02  0.7200E+02  0.7732E+02  0.8265E+02  0.8528E+02  0.8718E+02  0.8983E+02  0.9329E+02  0.9498E+02  0.8829E+02  0.6162E+02  0.4984E+01
     10.0271      260.0000 -0.1095E+02 -0.2680E+02 -0.3343E+02 -0.2165E+02 -0.7400E+01 -0.7111E+01  0.1376E+02  0.2205E+02  0.3087E+02  0.3633E+02  0.4271E+02  0.4739E+02  0.5473E+02  0.6168E+02  0.6683E+02  0.7200E+02  0.7732E+02  0.8265E+02  0.8528E+02  0.8718E+02  0.8983E+02  0.9329E+02  0.9498E+02  0.8829E+02  0.6162E+02  0.4984E+01
     10.1626      270.0000 -0.1095E+02 -0.2680E+02 -0.3343E+02 -0.2165E+02 -0.7400E+01 -0.7111E+01  0.1376E+02  0.2204E+02  0.3087E+02  0.3633E+02  0.4271E+02  0.4739E+02  0.5473E+02  0.6168E+02  0.6683E+02  0.7200E+02  0.7732E+02  0.8265E+02  0.8528E+02  0.8718E+02  0.8983E+02  0.9329E+02  0.9498E+02  0.8829E+02  0.6162E+02  0.4984E+01
     10.2981      280.0000 -0.1095E+02 -0.2680E+02 -0.3343E+02 -0.2165E+02 -0.7401E+01 -0.7111E+01  0.1376E+02  0.2204E+02  0.3087E+02  0.3633E+02  0.4271E+02  0.4739E+02  0.5473E+02  0.6168E+02  0.6683E+02  0.7200E+02  0.7732E+02  0.8265E+02  0.8528E+02  0.8718E+02  0.8983E+02  0.9329E+02  0.9498E+02  0.8829E+02  0.6162E+02  0.4984E+01
     10.4336      290.0000 -0.1095E+02 -0.2680E+02 -0.3344E+02 -0.2165E+02 -0.7401E+01 -0.7111E+01  0.1376E+02  0.2204E+02  0.3087E+02  0.3633E+02  0.4271E+02  0.4739E+02  0.5473E+02  0.6168E+02  0.6683E+02  0.7199E+02  0.7732E+02  0.8265E+02  0.8528E+02  0.8718E+02  0.8983E+02  0.9330E+02  0.9498E+02  0.8829E+02  0.6162E+02  0.4984E+01
     10.5691      300.0000 -0.1095E+02 -0.2680E+02 -0.3344E+02 -0.2165E+02 -0.7402E+01 -0.7111E+01  0.1376E+02  0.2204E+02  0.3087E+02  0.3633E+02  0.4271E+02  0.4738E+02  0.5473E+02  0.6168E+02  0.6683E+02  0.7199E+02  0.7732E+02  0.8265E+02  0.8528E+02  0.8718E+02  0.8983E+02  0.9330E+02  0.9498E+02  0.8829E+02  0.6162E+02  0.4984E+01
     10.7046      310.0000 -0.1095E+02 -0.2680E+02 -0.3344E+02 -0.2165E+02 -0.7402E+01 -0.7111E+01  0.1376E+02  0.2204E+02  0.3087E+02  0.3633E+02  0.4271E+02  0.4738E+02  0.5473E+02  0.6168E+02  0.6683E+02  0.7199E+02  0.7732E+02  0.8266E+02  0.8528E+02  0.8718E+02  0.8983E+02  0.9330E+02  0.9498E+02  0.8829E+02  0.6162E+02  0.4984E+01
     10.8401      320.0000 -0.1095E+02 -0.2680E+02 -0.3344E+02 -0.2165E+02 -0.7402E+01 -0.7111E+01  0.1376E+02  0.2204E+02  0.3087E+02  0.3633E+02  0.4271E+02  0.4738E+02  0.5473E+02  0.6168E+02  0.6683E+02  0.7199E+02  0.7732E+02  0.8265E+02  0.8528E+02  0.8718E+02  0.8983E+02  0.9329E+02  0.9498E+02  0.8829E+02  0.6162E+02  0.4984E+01
     10.9756      330.0000 -0.1095E+02 -0.2680E+02 -0.3344E+02 -0.2165E+02 -0.7403E+01 -0.7111E+01  0.1376E+02  0.2204E+02  0.3087E+02  0.3633E+02  0.4271E+02  0.4738E+02  0.5473E+02  0.6168E+02  0.6683E+02  0.7199E+02  0.7732E+02  0.8265E+02  0.8528E+02  0.8718E+02  0.8983E+02  0.9329E+02  0.9498E+02  0.8829E+02  0.6162E+02  0.4984E+01
     11.1111      340.0000 -0.1095E+02 -0.2680E+02 -0.3344E+02 -0.2165E+02 -0.7403E+01 -0.7111E+01  0.1376E+02  0.2204E+02  0.3087E+02  0.3633E+02  0.4271E+02  0.4738E+02  0.5473E+02  0.6168E+02  0.6683E+02  0.7199E+02  0.7732E+02  0.8265E+02  0.8528E+02  0.8718E+02  0.8983E+02  0.9329E+02  0.9498E+02  0.8829E+02  0.6162E+02  0.4984E+01
     11.2466      350.0000 -0.1095E+02 -0.2680E+02 -0.3343E+02 -0.2165E+02 -0.7403E+01 -0.7111E+01  0.1376E+02  0.2204E+02  0.3086E+02  0.3633E+02  0.4271E+02  0.4738E+02  0.5473E+02  0.6168E+02  0.6683E+02  0.7199E+02  0.7732E+02  0.8265E+02  0.8528E+02  0.8718E+02  0.8983E+02  0.9329E+02  0.9498E+02  0.8829E+02  0.6162E+02  0.4984E+01
     11.3821      360.0000 -0.1095E+02 -0.2680E+02 -0.3343E+02 -0.2165E+02 -0.7404E+01 -0.7111E+01  0.1376E+02  0.2204E+02  0.3086E+02  0.3633E+02  0.4271E+02  0.4738E+02  0.5473E+02  0.6168E+02  0.6683E+02  0.7199E+02  0.7732E+02  0.8265E+02  0.8528E+02  0.8718E+02  0.8983E+02  0.9329E+02  0.9498E+02  0.8829E+02  0.6162E+02  0.4984E+01
     11.5176       10.0000 -0.1095E+02 -0.2680E+02 -0.3343E+02 -0.2165E+02 -0.7404E+01 -0.7111E+01  0.1376E+02  0.2204E+02  0.3086E+02  0.3633E+02  0.4271E+02  0.4738E+02  0.5473E+02  0.6168E+02  0.6683E+02  0.7199E+02  0.7732E+02  0.8265E+02  0.8528E+02  0.8718E+02  0.8983E+02  0.9329E+02  0.9498E+02  0.8829E+02  0.6162E+02  0.4984E+01
     11.6531       20.0000 -0.1095E+02 -0.2680E+02 -0.3344E+02 -0.2165E+02 -0.7404E+01 -0.7111E+01  0.1375E+02  0.2204E+02  0.3086E+02  0.3633E+02  0.4271E+02  0.4738E+02  0.5473E+02  0.6168E+02  0.6683E+02  0.7199E+02  0.7732E+02  0.8265E+02  0.8528E+02  0.8718E+02  0.8983E+02  0.9330E+02  0.9498E+02  0.8829E+02  0.6162E+02  0.4984E+01
     11.7886       30.0000 -0.1095E+02 -0.2680E+02 -0.3344E+02 -0.2165E+02 -0.7405E+01 -0.7111E+01  0.1375E+02  0.2204E+02  0.3086E+02  0.3633E+02  0.4271E+02  0.4738E+02  0.5473E+02  0.6168E+02  0.6683E+02  0.7199E+02  0.7732E+02  0.8265E+02  0.8528E+02  0.8718E+02  0.8983E+02  0.9330E+02  0.9498E+02  0.8829E+02  0.6162E+02  0.4984E+01
     11.9241       40.0000 -0.1095E+02 -0.2680E+02 -0.3344E+02 -0.2165E+02 -0.7405E+01 -0.7111E+01  0.1375E+02  0.2204E+02  0.3086E+02  0.3633E+02  0.4271E+02  0.4738E+02  0.5473E+02  0.6168E+02  0.6683E+02  0.7199E+02  0.7732E+02  0.8265E+02  0.8528E+02  0.8718E+02  0.8983E+02  0.9330E+02  0.9498E+02  0.8829E+02  0.6162E+02  0.4984E+01
     12.0596       50.0000 -0.1095E+02 -0.2680E+02 -0.3344E+02 -0.2165E+02 -0.7405E+01 -0.7111E+01  0.1375E+02  0.2204E+02  0.3086E+02  0.3633E+02  0.4271E+02  0.4738E+02  0.5473E+02  0.6168E+02  0.6683E+02  0.7199E+02  0.7732E+02  0.8265E+02  0.8528E+02  0.8718E+02  0.8983E+02  0.9329E+02  0.9498E+02  0.8829E+02  0.6162E+02  0.4984E+01
     12.1951       60.0000 -0.1095E+02 -0.2680E+02 -0.3344E+02 -0.2165E+02 -0.7406E+01 -0.7112E+01  0.1375E+02  0.2204E+02  0.3086E+02  0.3633E+02  0.4270E+02  0.4738E+02  0.5473E+02  0.6168E+02  0.6683E+02  0.7199E+02  0.7732E+02  0.8265E+02  0.8528E+02  0.8718E+02  0.8983E+02  0.9329E+02  0.9498E+02  0.8829E+02  0.6162E+02  0.4984E+01
     12.3306       70.0000 -0.1095E+02 -0.2680E+02 -0.3344E+02 -0.2165E+02 -0.7406E+01 -0.7112E+01  0.1375E+02  0.2204E+02  0.3086E+02  0.3633E+02  0.4270E+02  0.4738E+02  0.5473E+02  0.6168E+02  0.6683E+02  0.7199E+02  0.7732E+02  0.8265E+02  0.8528E+02  0.8718E+02  0.8983E+02  0.9329E+02  0.9498E+02  0.8829E+02  0.6162E+02  0.4984E+01
     12.4661       80.0000 -0.1095E+02 -0.2680E+02 -0.3343E+02 -0.2165E+02 -0.7406E+01 -0.7112E+01  0.1375E+02  0.2204E+02  0.3086E+02  0.3633E+02  0.4270E+02  0.4738E+02  0.5473E+02  0.6168E+02  0.6683E+02  0.7199E+02  0.7732E+02  0.8265E+02  0.8528E+02  0.8718E+02  0.8983E+02  0.9329E+02  0.9498E+02  0.8829E+02  0.6162E+02  0.4984E+01
     12.6016       90.0000 -0.1095E+02 -0.2680E+02 -0.3343E+02 -0.2165E+02 -0.7407E+01 -0.7112E+01  0.1375E+02  0.2203E+02  0.3086E+02  0.3633E+02  0.4270E+02  0.4738E+02  0.5473E+02  0.6168E+02  0.6683E+02  0.7199E+02  0.7732E+02  0.8265E+02  0.8528E+02  0.8718E+02  0.8983E+02  0.9329E+02  0.9498E+02  0.8829E+02  0.6162E+02  0.4984E+01
     12.7371      100.0000 -0.1095E+02 -0.2680E+02 -0.3343E+02 -0.2165E+02 -0.7407E+01 -0.7112E+01  0.1375E+02  0.2203E+02  0.3086E+02  0.3632E+02  0.4270E+02  0.4738E+02  0.5473E+02  0.6168E+02  0.6683E+02  0.7199E+02  0.7732E+02  0.8265E+02  0.8528E+02  0.8718E+02  0.8983E+02  0.9329E+02  0.9498E+02  0.8829E+02  0.6162E+02  0.4984E+01
     12.8726      110.0000 -0.1095E+02 -0.2680E+02 -0.3344E+02 -0.2165E+02 -0.7407E+01 -0.7112E+01  0.1375E+02  0.2203E+02  0.3086E+02  0.3632E+02  0.4270E+02  0.4738E+02  0.5473E+02  0.6168E+02  0.6683E+02  0.7199E+02  0.7732E+02  0.8265E+02  0.8528E+02  0.8718E+02  0.8983E+02  0.9330E+02  0.9498E+02  0.8829E+02  0.6162E+02  0.4984E+01
     13.0081      120.0000 -0.1095E+02 -0.2680E+02 -0.3344E+02 -0.2165E+02 -0.7407E+01 -0.7112E+01  0.1375E+02  0.2203E+02  0.3086E+02  0.3632E+02  0.4270E+02  0.4738E+02  0.5473E+02  0.6168E+02  0.6683E+02  0.7199E+02  0.7732E+02  0.8265E+02  0.8528E+02  0.8718E+02  0.8983E+02  0.9330E+02  0.9498E+02  0.8829E+02  0.6162E+02  0.4984E+01
     13.1436      130.0000 -0.1095E+02 -0.2680E+02 -0.3344E+02 -0.2165E+02 -0.7408E+01 -0.7112E+01  0.1375E+02  0.2203E+02  0.3086E+02  0.3632E+02  0.4270E+02  0.4738E+02  0.5473E+02  0.6168E+02  0.6683E+02  0.7199E+02  0.7732E+02  0.8265E+02  0.8528E+02  0.8718E+02  0.8983E+02  0.9330E+02  0.9498E+02  0.8829E+02  0.6162E+02  0.4984E+01
     13.2791      140.0000 -0.1095E+02 -0.2680E+02 -0.3344E+02 -0.2165E+02 -0.7408E+01 -0.7112E+01  0.1375E+02  0.2203E+02  0.3086E+02  0.3632E+02  0.4270E+02  0.4738E+02  0.5473E+02  0.6168E+02  0.6683E+02  0.7199E+02  0.7732E+02  0.8265E+02  0.8528E+02  0.8718E+02  0.8983E+02  0.9329E+02  0.9498E+02  0.8829E+02  0.6162E+02  0.4984E+01
     13.4146      150.0000 -0.1095E+02 -0.2680E+02 -0.3344E+02 -0.2165E+02 -0.7408E+01 -0.7112E+01  0.1374E+02  0.2203E+02  0.3086E+02  0.3632E+02  0.4270E+02  0.4738E+02  0.5473E+02  0.6168E+02  0.6683E+02  0.7199E+02  0.7732E+02  0.8265E+02  0.8528E+02  0.8718E+02  0.8983E+02  0.9329E+02  0.9498E+02  0.8829E+02  0.6162E+02  0.4984E+01
     13.5501      160.0000 -0.1095E+02 -0.2680E+02 -0.3344E+02 -0.2165E+02 -0.7408E+01 -0.7112E+01  0.1374E+02  0.2203E+02  0.3086E+02  0.3632E+02  0.4270E+02  0.4738E+02  0.5473E+02  0.6168E+02  0.6683E+02  0.7199E+02  0.7732E+02  0.8265E+02  0.8528E+02  0.8718E+02  0.8983E+02  0.9329E+02  0.9498E+02  0.8829E+02  0.6162E+02  0.4984E+01
     13.6856      170.0000 -0.1095E+02 -0.2680E+02 -0.3343E+02 -0.2165E+02 -0.7409E+01 -0.7112E+01  0.1374E+02  0.2203E+02  0.3086E+02  0.3632E+02  0.4270E+02  0.4738E+02  0.5473E+02  0.6168E+02  0.6683E+02  0.7199E+02  0.7732E+02  0.8265E+02  0.8528E+02  0.8718E+02  0.8983E+02  0.9329E+02  0.9498E+02  0.8829E+02  0.6162E+02  0.4984E+01
     13.8211      180.0000 -0.1095E+02 -0.2680E+02 -0.3343E+02 -0.2165E+02 -0.7409E+01 -0.7112E+01  0.1374E+02  0.2203E+02  0.3086E+02  0.3632E+02  0.4270E+02  0.4738E+02  0.5473E+02  0.6168E+02  0.6683E+02  0.7199E+02  0.7732E+02  0.8265E+02  0.8528E+02  0.8718E+02  0.8983E+02  0.9329E+02  0.9498E+02  0.8829E+02  0.6162E+02  0.4984E+01
     13.9566      190.0000 -0.1095E+02 -0.2680E+02 -0.3343E+02 -0.2165E+02 -0.7409E+01 -0.7112E+01  0.1374E+02  0.2203E+02  0.3086E+02  0.3632E+02  0.4270E+02  0.4738E+02  0.5473E+02  0.6168E+02  0.6683E+02  0.7199E+02  0.7732E+02  0.8265E+02  0.8528E+02  0.8718E+02  0.8983E+02  0.9329E+02  0.9498E+02  0.8829E+02  0.6162E+02  0.4984E+01
     14.0921      200.0000 -0.1095E+02 -0.2680E+02 -0.3344E+02 -0.2165E+02 -0.7409E+01 -0.7112E+01  0.1374E+02  0.2203E+02  0.3086E+02  0.3632E+02  0.4270E+02  0.4738E+02  0.5473E+02  0.6168E+02  0.6683E+02  0.7199E+02  0.7732E+02  0.8265E+02  0.8528E+02  0.8718E+02  0.8983E+02  0.9330E+02  0.9498E+02  0.8829E+02  0.6162E+02  0.4984E+01
     14.2276      210.0000 -0.1095E+02 -0.2680E+02 -0.3344E+02 -0.2165E+02 -0.7410E+01 -0.7112E+01  0.1374E+02  0.2203E+02  0.3086E+02  0.3632E+02  0.4270E+02  0.4738E+02  0.5473E+02  0.6168E+02  0.6683E+02  0.7199E+02  0.7732E+02  0.8265E+02  0.8528E+02  0.8718E+02  0.8983E+02  0.9330E+02  0.9498E+02  0.8829E+02  0.6162E+02  0.4984E+01
     14.3631      220.0000 -0.1095E+02 -0.2680E+02 -0.3344E+02 -0.2165E+02 -0.7410E+01 -0.7112E+01  0.1374E+02  0.2203E+02  0.3086E+02  0.3632E+02  0.4270E+02  0.4738E+02  0.5473E+02  0.6168E+02  0.6683E+02  0.7199E+02  0.7732E+02  0.8265E+02  0.8528E+02  0.8718E+02  0.8983E+02  0.9330E+02  0.9498E+02  0.8829E+02  0.6162E+02  0.4984E+01
     14.4986      230.0000 -0.1095E+02 -0.2680E+02 -0.3344E+02 -0.2165E+02 -0.7410E+01 -0.7112E+01  0.1374E+02  0.2203E+02  0.3086E+02  0.3632E+02  0.4270E+02  0.4738E+02  0.5473E+02  0.6168E+02  0.6683E+02  0.7199E+02  0.7732E+02  0.8265E+02  0.8528E+02  0.8718E+02  0.8983E+02  0.9329E+02  0.9498E+02  0.8829E+02  0.6162E+02  0.4984E+01
     14.6341      240.0000 -0.1095E+02 -0.2680E+02 -0.3344E+02 -0.2165E+02 -0.7410E+01 -0.7112E+01  0.1374E+02  0.2203E+02  0.3086E+02  0.3632E+02  0.4270E+02  0.4738E+02  0.5473E+02  0.6168E+02  0.6683E+02  0.7199E+02  0.7732E+02  0.8265E+02  0.8528E+02  0.8718E+02  0.8983E+02  0.9329E+02  0.9498E+02  0.8829E+02  0.6162E+02  0.4984E+01
     14.7696      250.0000 -0.1095E+02 -0.2680E+02 -0.3344E+02 -0.2165E+02 -0.7410E+01 -0.7112E+01  0.1374E+02  0.2203E+02  0.3086E+02  0.3632E+02  0.4270E+02  0.4738E+02  0.5473E+02  0.6168E+02  0.6683E+02  0.7199E+02  0.7732E+02  0.8265E+02  0.8528E+02  0.8718E+02  0.8983E+02  0.9329E+02  0.9498E+02  0.8829E+02  0.6162E+02  0.4984E+01
     14.9051      260.0000 -0.1095E+02 -0.2680E+02 -0.3343E+02 -0.2165E+02 -0.7411E+01 -0.7112E+01  0.1374E+02  0.2203E+02  0.3086E+02  0.3632E+02  0.4270E+02  0.4738E+02  0.5473E+02  0.6168E+02  0.6683E+02  0.7199E+02  0.7732E+02  0.8265E+02  0.8528E+02  0.8718E+02  0.8983E+02  0.9329E+02  0.9498E+02  0.8829E+02  0.6162E+02  0.4984E+01
     15.0407      270.0000 -0.1095E+02 -0.2680E+02 -0.3343E+02 -0.2165E+02 -0.7411E+01 -0.7113E+01  0.1374E+02  0.2203E+02  0.3086E+02  0.3632E+02  0.4270E+02  0.4738E+02  0.5473E+02  0.6168E+02  0.6683E+02  0.7199E+02  0.7732E+02  0.8265E+02  0.8528E+02  0.8718E+02  0.8983E+02  0.9329E+02  0.9498E+02  0.8829E+02  0.6162E+02  0.4984E+01
     15.1762      280.0000 -0.1095E+02 -0.2680E+02 -0.3343E+02 -0.2165E+02 -0.7411E+01 -0.7113E+01  0.1374E+02  0.2203E+02  0.3086E+02  0.3632E+02  0.4270E+02  0.4738E+02  0.5473E+02  0.6168E+02  0.6683E+02  0.7199E+02  0.7732E+02  0.8265E+02  0.8528E+02  0.8718E+02  0.8983E+02  0.9329E+02  0.9498E+02  0.8829E+02  0.6162E+02  0.4984E+01
     15.3117      290.0000 -0.1095E+02 -0.2680E+02 -0.3344E+02 -0.2165E+02 -0.7411E+01 -0.7113E+01  0.1374E+02  0.2203E+02  0.3086E+02  0.3632E+02  0.4270E+02  0.4738E+02  0.5473E+02  0.6168E+02  0.6683E+02  0.7199E+02  0.7732E+02  0.8265E+02  0.8528E+02  0.8718E+02  0.8983E+02  0.9330E+02  0.9498E+02  0.8829E+02  0.6162E+02  0.4984E+01
     15.4472      300.0000 -0.1095E+02 -0.2680E+02 -0.3344E+02 -0.2165E+02 -0.7411E+01 -0.7113E+01  0.1374E+02  0.2203E+02  0.3086E+02  0.3632E+02  0.4270E+02  0.4738E+02  0.5473E+02  0.6168E+02  0.6683E+02  0.7199E+02  0.7732E+02  0.8265E+02  0.8528E+02  0.8718E+02  0.8983E+02  0.9330E+02  0.9498E+02  0.8829E+02  0.6162E+02  0.4984E+01
     15.5827      310.0000 -0.1095E+02 -0.2680E+02 -0.3344E+02 -0.2165E+02 -0.7412E+01 -0.7113E+01  0.1374E+02  0.2203E+02  0.3086E+02  0.3632E+02  0.4270E+02  0.4738E+02  0.5473E+02  0.6168E+02  0.6683E+02  0.7199E+02  0.7732E+02  0.8265E+02  0.8528E+02  0.8718E+02  0.8983E+02  0.9330E+02  0.9498E+02  0.8829E+02  0.6162E+02  0.4984E+01
     15.7182      320.0000 -0.1095E+02 -0.2680E+02 -0.3344E+02 -0.2165E+02 -0.7412E+01 -0.7113E+01  0.1374E+02  0.2203E+02  0.3086E+02  0.3632E+02  0.4270E+02  0.4738E+02  0.5473E+02  0.6168E+02  0.6683E+02  0.7199E+02  0.7732E+02  0.8265E+02  0.8528E+02  0.8718E+02  0.8983E+02  0.9329E+02  0.9498E+02  0.8829E+02  0.6162E+02  0.4984E+01
     15.8537      330.0000 -0.1095E+02 -0.2680E+02 -0.3344E+02 -0.2165E+02 -0.7412E+01 -0.7113E+01  0.1373E+02  0.2203E+02  0.3086E+02  0.3632E+02  0.4270E+02  0.4738E+02  0.5473E+02  0.6168E+02  0.6683E+02  0.7199E+02  0.7732E+02  0.8265E+02  0.8528E+02  0.8718E+02  0.8983E+02  0.9329E+02  0.9498E+02  0.8829E+02  0.6162E+02  0.4984E+01
     15.9892      340.0000 -0.1095E+02 -0.2680E+02 -0.3344E+02 -0.2165E+02 -0.7412E+01 -0.7113E+01  0.1373E+02  0.2203E+02  0.3086E+02  0.3632E+02  0.4270E+02  0.4738E+02  0.5473E+02  0.6168E+02  0.6683E+02  0.7199E+02  0.7732E+02  0.8265E+02  0.8528E+02  0.8718E+02  0.8983E+02  0.9329E+02  0.9498E+02  0.8829E+02  0.6162E+02  0.4984E+01
     16.1247      350.0000 -0.1095E+02 -0.2680E+02 -0.3343E+02 -0.2165E+02 -0.7412E+01 -0.7113E+01  0.1373E+02  0.2202E+02  0.3086E+02  0.3632E+02  0.4270E+02  0.4738E+02  0.5473E+02  0.6168E+02  0.6683E+02  0.7199E+02  0.7732E+02  0.8265E+02  0.8528E+02  0.8718E+02  0.8983E+02  0.9329E+02  0.9498E+02  0.8829E+02  0.6162E+02  0.4984E+01
     16.2602      360.0000 -0.1095E+02 -0.2680E+02 -0.3343E+02 -0.2165E+02 -0.7413E+01 -0.7113E+01  0.1373E+02  0.2202E+02  0.3085E+02  0.3632E+02  0.4270E+02  0.4738E+02  0.5473E+02  0.6168E+02  0.6683E+02  0.7199E+02  0.7732E+02  0.8265E+02  0.8528E+02  0.8718E+02  0.8983E+02  0.9329E+02  0.9498E+02  0.8829E+02  0.6162E+02  0.4984E+01
     16.3957       10.0000 -0.1095E+02 -0.2680E+02 -0.3343E+02 -0.2165E+02 -0.7413E+01 -0.7113E+01  0.1373E+02  0.2202E+02  0.3085E+02  0.3632E+02  0.4270E+02  0.4738E+02  0.5473E+02  0.6168E+02  0.6683E+02  0.7199E+02  0.7732E+02  0.8265E+02  0.8528E+02  0.8718E+02  0.8983E+02  0.9329E+02  0.9498E+02  0.8829E+02  0.6162E+02  0.4984E+01
     16.5312       20.0000 -0.1095E+02 -0.2680E+02 -0.3344E+02 -0.2165E+02 -0.7413E+01 -0.7113E+01  0.1373E+02  0.2202E+02  0.3085E+02  0.3632E+02  0.4270E+02  0.4738E+02  0.5473E+02  0.6168E+02  0.6683E+02  0.7199E+02  0.7732E+02  0.8265E+02  0.8528E+02  0.8718E+02  0.8983E+02  0.9330E+02  0.9498E+02  0.8829E+02  0.6162E+02  0.4984E+01
     16.6667       30.0000 -0.1095E+02 -0.2680E+02 -0.3344E+02 -0.2165E+02 -0.7413E+01 -0.7113E+01  0.1373E+02  0.2202E+02  0.3085E+02  0.3632E+02  0.4270E+02  0.4738E+02  0.5473E+02  0.6168E+02  0.6683E+02  0.7199E+02  0.7732E+02  0.8265E+02  0.8528E+02  0.8718E+02  0.8983E+02  0.9330E+02  0.9498E+02  0.8829E+02  0.6162E+02  0.4984E+01
     16.8022       40.0000 -0.1095E+02 -0.2680E+02 -0.3344E+02 -0.2165E+02 -0.7413E+01 -0.7113E+01  0.1373E+02  0.2202E+02  0.3085E+02  0.3632E+02  0.4270E+02  0.4738E+02  0.5473E+02  0.6168E+02  0.6683E+02  0.7199E+02  0.7732E+02  0.8265E+02  0.8528E+02  0.8718E+02  0.8983E+02  0.9330E+02  0.9498E+02  0.8829E+02  0.6162E+02  0.4984E+01
     16.9377       50.0000 -0.1095E+02 -0.2680E+02 -0.3344E+02 -0.2165E+02 -0.7413E+01 -0.7113E+01  0.1373E+02  0.2202E+02  0.3085E+02  0.3632E+02  0.4270E+02  0.4738E+02  0.5473E+02  0.6168E+02  0.6683E+02  0.7199E+02  0.7732E+02  0.8265E+02  0.8528E+02  0.8718E+02  0.8983E+02  0.9329E+02  0.9498E+02  0.8829E+02  0.6162E+02  0.4984E+01
     17.0732       60.0000 -0.1095E+02 -0.2680E+02 -0.3344E+02 -0.2165E+02 -0.7413E+01 -0.7113E+01  0.1373E+02  0.2202E+02  0.3085E+02  0.3632E+02  0.4270E+02  0.4738E+02  0.5473E+02  0.6168E+02  0.6683E+02  0.7199E+02  0.7732E+02  0.8265E+02  0.8528E+02  0.8718E+02  0.8983E+02  0.9329E+02  0.9498E+02  0.8829E+02  0.6162E+02  0.4984E+01
     17.2087       70.0000 -0.1095E+02 -0.2680E+02 -0.3344E+02 -0.2165E+02 -0.7414E+01 -0.7113E+01  0.1373E+02  0.2202E+02  0.3085E+02  0.3632E+02  0.4270E+02  0.4738E+02  0.5473E+02  0.6168E+02  0.6683E+02  0.7199E+02  0.7732E+02  0.8265E+02  0.8528E+02  0.8718E+02  0.8983E+02  0.9329E+02  0.9498E+02  0.8829E+02  0.6162E+02  0.4984E+01
     17.3442       80.0000 -0.1095E+02 -0.2680E+02 -0.3343E+02 -0.2165E+02 -0.7414E+01 -0.7113E+01  0.1373E+02  0.2202E+02  0.3085E+02  0.3632E+02  0.4270E+02  0.4738E+02  0.5473E+02  0.6168E+02  0.6683E+02  0.7199E+02  0.7732E+02  0.8265E+02  0.8528E+02  0.8718E+02  0.8983E+02  0.9329E+02  0.9498E+02  0.8829E+02  0.6162E+02  0.4984E+01
     17.4797       90.0000 -0.1095E+02 -0.2680E+02 -0.3343E+02 -0.2165E+02 -0.7414E+01 -0.7113E+01  0.1373E+02  0.2202E+02  0.3085E+02  0.3632E+02  0.4270E+02  0.4738E+02  0.5473E+02  0.6168E+02  0.6683E+02  0.7199E+02  0.7732E+02  0.8265E+02  0.8528E+02  0.8718E+02  0.8983E+02  0.9329E+02  0.9498E+02  0.8829E+02  0.6162E+02  0.4984E+01
     17.6152      100.0000 -0.1095E+02 -0.2680E+02 -0.3343E+02 -0.2165E+02 -0.7414E+01 -0.7113E+01  0.1373E+02  0.2202E+02  0.3085E+02  0.3632E+02  0.4270E+02  0.4738E+02  0.5473E+02  0.6168E+02  0.6683E+02  0.7199E+02  0.7732E+02  0.8265E+02  0.8528E+02  0.8718E+02  0.8983E+02  0.9329E+02  0.9498E+02  0.8829E+02  0.6162E+02  0.4984E+01
     17.7507      110.0000 -0.1095E+02 -0.2680E+02 -0.3344E+02 -0.2165E+02 -0.7414E+01 -0.7113E+01  0.1373E+02  0.2202E+02  0.3085E+02  0.3632E+02  0.4270E+02  0.4738E+02  0.5473E+02  0.6168E+02  0.6683E+02  0.7199E+02  0.7732E+02  0.8265E+02  0.8528E+02  0.8718E+02  0.8983E+02  0.9330E+02  0.9498E+02  0.8829E+02  0.6162E+02  0.4984E+01
     17.8862      120.0000 -0.1095E+02 -0.2680E+02 -0.3344E+02 -0.2165E+02 -0.7414E+01 -0.7113E+01  0.1373E+02  0.2202E+02  0.3085E+02  0.3632E+02  0.4270E+02  0.4738E+02  0.5473E+02  0.6168E+02  0.6683E+02  0.7199E+02  0.7732E+02  0.8265E+02  0.8528E+02  0.8718E+02  0.8983E+02  0.9330E+02  0.9498E+02  0.8829E+02  0.6162E+02  0.4984E+01
     18.0217      130.0000 -0.1095E+02 -0.2680E+02 -0.3344E+02 -0.2165E+02 -0.7414E+01 -0.7113E+01  0.1373E+02  0.2202E+02  0.3085E+02  0.3632E+02  0.4270E+02  0.4738E+02  0.5473E+02  0.6168E+02  0.6683E+02  0.7199E+02  0.7732E+02  0.8265E+02  0.8528E+02  0.8718E+02  0.8983E+02  0.9330E+02  0.9498E+02  0.8829E+02  0.6162E+02  0.4984E+01
     18.1572      140.0000 -0.1095E+02 -0.2680E+02 -0.3344E+02 -0.2165E+02 -0.7415E+01 -0.7113E+01  0.1373E+02  0.2202E+02  0.3085E+02  0.3632E+02  0.4270E+02  0.4738E+02  0.5473E+02  0.6168E+02  0.6683E+02  0.7199E+02  0.7732E+02  0.8265E+02  0.8528E+02  0.8718E+02  0.8983E+02  0.9329E+02  0.9498E+02  0.8829E+02  0.6162E+02  0.4984E+01
     18.2927      150.0000 -0.1095E+02 -0.2680E+02 -0.3344E+02 -0.2165E+02 -0.7415E+01 -0.7113E+01  0.1373E+02  0.2202E+02  0.3085E+02  0.3632E+02  0.4270E+02  0.4738E+02  0.5473E+02  0.6168E+02  0.6683E+02  0.7199E+02  0.7732E+02  0.8265E+02  0.8528E+02  0.8718E+02  0.8983E+02  0.9329E+02  0.9498E+02  0.8829E+02  0.6162E+02  0.4984E+01
     18.4282      160.0000 -0.1095E+02 -0.2680E+02 -0.3344E+02 -0.2165E+02 -0.7415E+01 -0.7113E+01  0.1373E+02  0.2202E+02  0.3085E+02  0.3632E+02  0.4270E+02  0.4738E+02  0.5473E+02  0.6168E+02  0.6683E+02  0.7199E+02  0.7732E+02  0.8265E+02  0.8528E+02  0.8718E+02  0.8983E+02  0.9329E+02  0.9498E+02  0.8829E+02  0.6162E+02  0.4984E+01
     18.5637      170.0000 -0.1095E+02 -0.2680E+02 -0.3343E+02 -0.2165E+02 -0.7415E+01 -0.7114E+01  0.1373E+02  0.2202E+02  0.3085E+02  0.3632E+02  0.4270E+02  0.4738E+02  0.5473E+02  0.6168E+02  0.6683E+02  0.7199E+02  0.7732E+02  0.8265E+02  0.8528E+02  0.8718E+02  0.8983E+02  0.9329E+02  0.9498E+02  0.8829E+02  0.6162E+02  0.4984E+01
     18.6992      180.0000 -0.1095E+02 -0.2680E+02 -0.3343E+02 -0.2165E+02 -0.7415E+01 -0.7114E+01  0.1373E+02  0.2202E+02  0.3085E+02  0.3632E+02  0.4270E+02  0.4738E+02  0.5473E+02  0.6168E+02  0.6683E+02  0.7199E+02  0.7732E+02  0.8265E+02  0.8528E+02  0.8718E+02  0.8983E+02  0.9329E+02  0.9498E+02  0.8829E+02  0.6162E+02  0.4984E+01
     18.8347      190.0000 -0.1095E+02 -0.2680E+02 -0.3343E+02 -0.2165E+02 -0.7415E+01 -0.7114E+01  0.1373E+02  0.2202E+02  0.3085E+02  0.3632E+02  0.4270E+02  0.4738E+02  0.5473E+02  0.6168E+02  0.6683E+02  0.7199E+02  0.7732E+02  0.8265E+02  0.8528E+02  0.8718E+02  0.8983E+02  0.9329E+02  0.9498E+02  0.8829E+02  0.6162E+02  0.4984E+01
     18.9702      200.0000 -0.1095E+02 -0.2680E+02 -0.3344E+02 -0.2165E+02 -0.7415E+01 -0.7114E+01  0.1373E+02  0.2202E+02  0.3085E+02  0.3632E+02  0.4270E+02  0.4738E+02  0.5473E+02  0.6168E+02  0.6683E+02  0.7199E+02  0.7732E+02  0.8265E+02  0.8528E+02  0.8718E+02  0.8983E+02  0.9330E+02  0.9498E+02  0.8829E+02  0.6162E+02  0.4984E+01
     19.1057      210.0000 -0.1095E+02 -0.2680E+02 -0.3344E+02 -0.2165E+02 -0.7415E+01 -0.7114E+01  0.1373E+02  0.2202E+02  0.3085E+02  0.3632E+02  0.4270E+02  0.4738E+02  0.5473E+02  0.6168E+02  0.6683E+02  0.7199E+02  0.7732E+02  0.8265E+02  0.8528E+02  0.8718E+02  0.8983E+02  0.9330E+02  0.9498E+02  0.8829E+02  0.6162E+02  0.4984E+01
     19.2412      220.0000 -0.1095E+02 -0.2680E+02 -0.3344E+02 -0.2165E+02 -0.7416E+01 -0.7114E+01  0.1373E+02  0.2202E+02  0.3085E+02  0.3632E+02  0.4270E+02  0.4738E+02  0.5473E+02  0.6168E+02  0.6683E+02  0.7199E+02  0.7732E+02  0.8265E+02  0.8528E+02  0.8718E+02  0.8983E+02  0.9330E+02  0.9498E+02  0.8829E+02  0.6162E+02  0.4984E+01
     19.3767      230.0000 -0.1095E+02 -0.2680E+02 -0.3344E+02 -0.2165E+02 -0.7416E+01 -0.7114E+01  0.1372E+02  0.2202E+02  0.3085E+02  0.3632E+02  0.4270E+02  0.4738E+02  0.5473E+02  0.6168E+02  0.6683E+02  0.7199E+02  0.7732E+02  0.8265E+02  0.8528E+02  0.8718E+02  0.8983E+02  0.9329E+02  0.9498E+02  0.8829E+02  0.6162E+02  0.4984E+01
     19.5122      240.0000 -0.1095E+02 -0.2680E+02 -0.3344E+02 -0.2165E+02 -0.7416E+01 -0.7114E+01  0.1372E+02  0.2202E+02  0.3085E+02  0.3632E+02  0.4270E+02  0.4738E+02  0.5473E+02  0.6168E+02  0.6683E+02  0.7199E+02  0.7732E+02  0.8265E+02  0.8528E+02  0.8718E+02  0.8983E+02  0.9329E+02  0.9498E+02  0.8829E+02  0.6162E+02  0.4984E+01
     19.6477      250.0000 -0.1095E+02 -0.2680E+02 -0.3344E+02 -0.2165E+02 -0.7416E+01 -0.7114E+01  0.1372E+02  0.2202E+02  0.3085E+02  0.3632E+02  0.4270E+02  0.4738E+02  0.5473E+02  0.6168E+02  0.6683E+02  0.7199E+02  0.7732E+02  0.8265E+02  0.8528E+02  0.8718E+02  0.8983E+02  0.9329E+02  0.9498E+02  0.8829E+02  0.6162E+02  0.4984E+01
     19.7832      260.0000 -0.1095E+02 -0.2680E+02 -0.3343E+02 -0.2165E+02 -0.7416E+01 -0.7114E+01  0.1372E+02  0.2202E+02  0.3085E+02  0.3632E+02  0.4270E+02  0.4738E+02  0.5473E+02  0.6168E+02  0.6683E+02  0.7199E+02  0.7732E+02  0.8265E+02  0.8528E+02  0.8718E+02  0.8983E+02  0.9329E+02  0.9498E+02  0.8829E+02  0.6162E+02  0.4984E+01
     19.9187      270.0000 -0.1095E+02 -0.2680E+02 -0.3343E+02 -0.2165E+02 -0.7416E+01 -0.7114E+01  0.1372E+02  0.2202E+02  0.3085E+02  0.3632E+02  0.4270E+02  0.4738E+02  0.5473E+02  0.6168E+02  0.6683E+02  0.7199E+02  0.7732E+02  0.8265E+02  0.8528E+02  0.8718E+02  0.8983E+02  0.9329E+02  0.9498E+02  0.8829E+02  0.6162E+02  0.4984E+01
     20.0542      280.0000 -0.1095E+02 -0.2680E+02 -0.3343E+02 -0.2165E+02 -0.7416E+01 -0.7114E+01  0.1372E+02  0.2202E+02  0.3085E+02  0.3632E+02  0.4270E+02  0.4738E+02  0.5473E+02  0.6168E+02  0.6683E+02  0.7199E+02  0.7732E+02  0.8265E+02  0.8528E+02  0.8718E+02  0.8983E+02  0.9329E+02  0.9498E+02  0.8829E+02  0.6162E+02  0.4984E+01
     20.1897      290.0000 -0.1095E+02 -0.2680E+02 -0.3344E+02 -0.2165E+02 -0.7416E+01 -0.7114E+01  0.1372E+02  0.2202E+02  0.3085E+02  0.3632E+02  0.4270E+02  0.4738E+02  0.5473E+02  0.6168E+02  0.6683E+02  0.7199E+02  0.7732E+02  0.8265E+02  0.8528E+02  0.8718E+02  0.8983E+02  0.9330E+02  0.9498E+02  0.8829E+02  0.6162E+02  0.4984E+01
     20.3252      300.0000 -0.1095E+02 -0.2680E+02 -0.3344E+02 -0.2165E+02 -0.7416E+01 -0.7114E+01  0.1372E+02  0.2202E+02  0.3085E+02  0.3632E+02  0.4270E+02  0.4738E+02  0.5473E+02  0.6168E+02  0.6683E+02  0.7199E+02  0.7732E+02  0.8265E+02  0.8528E+02  0.8718E+02  0.8983E+02  0.9330E+02  0.9498E+02  0.8829E+02  0.6162E+02  0.4984E+01
     20.4607      310.0000 -0.1095E+02 -0.2680E+02 -0.3344E+02 -0.2165E+02 -0.7416E+01 -0.7114E+01  0.1372E+02  0.2202E+02  0.3085E+02  0.3632E+02  0.4270E+02  0.4738E+02  0.5473E+02  0.6168E+02  0.6683E+02  0.7199E+02  0.7732E+02  0.8265E+02  0.8528E+02  0.8718E+02  0.8983E+02  0.9330E+02  0.9498E+02  0.8829E+02  0.6162E+02  0.4984E+01
     20.5962      320.0000 -0.1095E+02 -0.2680E+02 -0.3344E+02 -0.2165E+02 -0.7417E+01 -0.7114E+01  0.1372E+02  0.2202E+02  0.3085E+02  0.3632E+02  0.4270E+02  0.4738E+02  0.5473E+02  0.6168E+02  0.6683E+02  0.7199E+02  0.7732E+02  0.8265E+02  0.8528E+02  0.8718E+02  0.8983E+02  0.9329E+02  0.9498E+02  0.8829E+02  0.6162E+02  0.4984E+01
     20.7317      330.0000 -0.1095E+02 -0.2680E+02 -0.3344E+02 -0.2165E+02 -0.7417E+01 -0.7114E+01  0.1372E+02  0.2202E+02  0.3085E+02  0.3632E+02  0.4270E+02  0.4738E+02  0.5473E+02  0.6168E+02  0.6683E+02  0.7199E+02  0.7732E+02  0.8265E+02  0.8528E+02  0.8718E+02  0.8983E+02  0.9329E+02  0.9498E+02  0.8829E+02  0.6162E+02  0.4984E+01
     20.8672      340.0000 -0.1095E+02 -0.2680E+02 -0.3344E+02 -0.2165E+02 -0.7417E+01 -0.7114E+01  0.1372E+02  0.2202E+02  0.3085E+02  0.3632E+02  0.4270E+02  0.4738E+02  0.5473E+02  0.6168E+02  0.6683E+02  0.7199E+02  0.7732E+02  0.8265E+02  0.8528E+02  0.8718E+02  0.8983E+02  0.9329E+02  0.9498E+02  0.8829E+02  0.6162E+02  0.4984E+01
     21.0027      350.0000 -0.1095E+02 -0.2680E+02 -0.3343E+02 -0.2165E+02 -0.7417E+01 -0.7114E+01  0.1372E+02  0.2202E+02  0.3085E+02  0.3632E+02  0.4270E+02  0.4738E+02  0.5473E+02  0.6168E+02  0.6683E+02  0.7199E+02  0.7732E+02  0.8265E+02  0.8528E+02  0.8718E+02  0.8983E+02  0.9329E+02  0.9498E+02  0.8829E+02  0.6162E+02  0.4984E+01
     21.1382      360.0000 -0.1095E+02 -0.2680E+02 -0.3343E+02 -0.2165E+02 -0.7417E+01 -0.7114E+01  0.1372E+02  0.2202E+02  0.3085E+02  0.3632E+02  0.4270E+02  0.4738E+02  0.5473E+02  0.6168E+02  0.6683E+02  0.7199E+02  0.7732E+02  0.8265E+02  0.8528E+02  0.8718E+02  0.8983E+02  0.9329E+02  0.9498E+02  0.8829E+02  0.6162E+02  0.4984E+01
     21.2737       10.0000 -0.1095E+02 -0.2680E+02 -0.3343E+02 -0.2165E+02 -0.7417E+01 -0.7114E+01  0.1372E+02  0.2202E+02  0.3085E+02  0.3632E+02  0.4270E+02  0.4738E+02  0.5473E+02  0.6168E+02  0.6683E+02  0.7199E+02  0.7732E+02  0.8265E+02  0.8528E+02  0.8718E+02  0.8983E+02  0.9329E+02  0.9498E+02  0.8829E+02  0.6162E+02  0.4984E+01
     21.4092       20.0000 -0.1095E+02 -0.2680E+02 -0.3344E+02 -0.2165E+02 -0.7417E+01 -0.7114E+01  0.1372E+02  0.2202E+02  0.3085E+02  0.3632E+02  0.4270E+02  0.4738E+02  0.5473E+02  0.6168E+02  0.6683E+02  0.7199E+02  0.7732E+02  0.8265E+02  0.8528E+02  0.8718E+02  0.8983E+02  0.9330E+02  0.9498E+02  0.8829E+02  0.6162E+02  0.4984E+01
     21.5447       30.0000 -0.1095E+02 -0.2680E+02 -0.3344E+02 -0.2165E+02 -0.7417E+01 -0.7114E+01  0.1372E+02  0.2202E+02  0.3085E+02  0.3632E+02  0.4270E+02  0.4738E+02  0.5473E+02  0.6168E+02  0.6683E+02  0.7199E+02  0.7732E+02  0.8265E+02  0.8528E+02  0.8718E+02  0.8983E+02  0.9330E+02  0.9498E+02  0.8829E+02  0.6162E+02  0.4984E+01
     21.6802       40.0000 -0.1095E+02 -0.2680E+02 -0.3344E+02 -0.2165E+02 -0.7417E+01 -0.7114E+01  0.1372E+02  0.2202E+02  0.3085E+02  0.3632E+02  0.4270E+02  0.4738E+02  0.5473E+02  0.6168E+02  0.6683E+02  0.7199E+02  0.7732E+02  0.8265E+02  0.8528E+02  0.8718E+02  0.8983E+02  0.9330E+02  0.9498E+02  0.8829E+02  0.6162E+02  0.4984E+01
     21.8157       50.0000 -0.1095E+02 -0.2680E+02 -0.3344E+02 -0.2165E+02 -0.7417E+01 -0.7114E+01  0.1372E+02  0.2202E+02  0.3085E+02  0.3632E+02  0.4270E+02  0.4738E+02  0.5473E+02  0.6168E+02  0.6683E+02  0.7199E+02  0.7732E+02  0.8265E+02  0.8528E+02  0.8718E+02  0.8983E+02  0.9329E+02  0.9498E+02  0.8829E+02  0.6162E+02  0.4984E+01
     21.9512       60.0000 -0.1095E+02 -0.2680E+02 -0.3344E+02 -0.2165E+02 -0.7417E+01 -0.7114E+01  0.1372E+02  0.2202E+02  0.3085E+02  0.3632E+02  0.4270E+02  0.4738E+02  0.5473E+02  0.6168E+02  0.6683E+02  0.7199E+02  0.7732E+02  0.8265E+02  0.8528E+02  0.8718E+02  0.8983E+02  0.9329E+02  0.9498E+02  0.8829E+02  0.6162E+02  0.4984E+01
     22.0867       70.0000 -0.1095E+02 -0.2680E+02 -0.3344E+02 -0.2165E+02 -0.7417E+01 -0.7114E+01  0.1372E+02  0.2202E+02  0.3085E+02  0.3632E+02  0.4270E+02  0.4738E+02  0.5473E+02  0.6168E+02  0.6683E+02  0.7199E+02  0.7732E+02  0.8265E+02  0.8528E+02  0.8718E+02  0.8983E+02  0.9329E+02  0.9498E+02  0.8829E+02  0.6162E+02  0.4984E+01
     22.2222       80.0000 -0.1095E+02 -0.2680E+02 -0.3343E+02 -0.2165E+02 -0.7418E+01 -0.7114E+01  0.1372E+02  0.2202E+02  0.3085E+02  0.3632E+02  0.4270E+02  0.4738E+02  0.5473E+02  0.6168E+02  0.6683E+02  0.7199E+02  0.7732E+02  0.8265E+02  0.8528E+02  0.8718E+02  0.8983E+02  0.9329E+02  0.9498E+02  0.8829E+02  0.6162E+02  0.4984E+01
     22.3577       90.0000 -0.1095E+02 -0.2680E+02 -0.3343E+02 -0.2165E+02 -0.7418E+01 -0.7114E+01  0.1372E+02  0.2202E+02  0.3085E+02  0.3632E+02  0.4270E+02  0.4738E+02  0.5473E+02  0.6168E+02  0.6683E+02  0.7199E+02  0.7732E+02  0.8265E+02  0.8528E+02  0.8718E+02  0.8983E+02  0.9329E+02  0.9498E+02  0.8829E+02  0.6162E+02  0.4984E+01
     22.4932      100.0000 -0.1095E+02 -0.2680E+02 -0.3343E+02 -0.2165E+02 -0.7418E+01 -0.7114E+01  0.1372E+02  0.2202E+02  0.3085E+02  0.3632E+02  0.4270E+02  0.4738E+02  0.5473E+02  0.6168E+02  0.6683E+02  0.7199E+02  0.7732E+02  0.8265E+02  0.8528E+02  0.8718E+02  0.8983E+02  0.9329E+02  0.9498E+02  0.8829E+02  0.6162E+02  0.4984E+01
     22.6287      110.0000 -0.1095E+02 -0.2680E+02 -0.3344E+02 -0.2165E+02 -0.7418E+01 -0.7114E+01  0.1372E+02  0.2202E+02  0.3085E+02  0.3632E+02  0.4270E+02  0.4738E+02  0.5473E+02  0.6168E+02  0.6683E+02  0.7199E+02  0.7732E+02  0.8265E+02  0.8528E+02  0.8718E+02  0.8983E+02  0.9330E+02  0.9498E+02  0.8829E+02  0.6162E+02  0.4984E+01
     22.7642      120.0000 -0.1095E+02 -0.2680E+02 -0.3344E+02 -0.2165E+02 -0.7418E+01 -0.7114E+01  0.1372E+02  0.2202E+02  0.3085E+02  0.3632E+02  0.4270E+02  0.4738E+02  0.5473E+02  0.6168E+02  0.6683E+02  0.7199E+02  0.7732E+02  0.8265E+02  0.8528E+02  0.8718E+02  0.8983E+02  0.9330E+02  0.9498E+02  0.8829E+02  0.6162E+02  0.4984E+01
     22.8997      130.0000 -0.1095E+02 -0.2680E+02 -0.3344E+02 -0.2165E+02 -0.7418E+01 -0.7114E+01  0.1372E+02  0.2202E+02  0.3085E+02  0.3632E+02  0.4270E+02  0.4738E+02  0.5473E+02  0.6168E+02  0.6683E+02  0.7199E+02  0.7732E+02  0.8265E+02  0.8528E+02  0.8718E+02  0.8983E+02  0.9330E+02  0.9498E+02  0.8829E+02  0.6162E+02  0.4984E+01
     23.0352      140.0000 -0.1095E+02 -0.2680E+02 -0.3344E+02 -0.2165E+02 -0.7418E+01 -0.7114E+01  0.1372E+02  0.2202E+02  0.3085E+02  0.3632E+02  0.4270E+02  0.4738E+02  0.5473E+02  0.6168E+02  0.6683E+02  0.7199E+02  0.7732E+02  0.8265E+02  0.8528E+02  0.8718E+02  0.8983E+02  0.9329E+02  0.9498E+02  0.8829E+02  0.6162E+02  0.4984E+01
     23.1707      150.0000 -0.1095E+02 -0.2680E+02 -0.3344E+02 -0.2165E+02 -0.7418E+01 -0.7114E+01  0.1372E+02  0.2202E+02  0.3085E+02  0.3632E+02  0.4270E+02  0.4738E+02  0.5473E+02  0.6168E+02  0.6683E+02  0.7199E+02  0.7732E+02  0.8265E+02  0.8528E+02  0.8718E+02  0.8983E+02  0.9329E+02  0.9498E+02  0.8829E+02  0.6162E+02  0.4984E+01
     23.3062      160.0000 -0.1095E+02 -0.2680E+02 -0.3344E+02 -0.2165E+02 -0.7418E+01 -0.7114E+01  0.1372E+02  0.2202E+02  0.3085E+02  0.3632E+02  0.4270E+02  0.4738E+02  0.5473E+02  0.6168E+02  0.6683E+02  0.7199E+02  0.7732E+02  0.8265E+02  0.8528E+02  0.8718E+02  0.8983E+02  0.9329E+02  0.9498E+02  0.8829E+02  0.6162E+02  0.4984E+01
     23.4417      170.0000 -0.1095E+02 -0.2680E+02 -0.3343E+02 -0.2165E+02 -0.7418E+01 -0.7114E+01  0.1372E+02  0.2201E+02  0.3085E+02  0.3632E+02  0.4270E+02  0.4738E+02  0.5473E+02  0.6168E+02  0.6683E+02  0.7199E+02  0.7732E+02  0.8265E+02  0.8528E+02  0.8718E+02  0.8983E+02  0.9329E+02  0.9498E+02  0.8829E+02  0.6162E+02  0.4984E+01
     23.5772      180.0000 -0.1095E+02 -0.2680E+02 -0.3343E+02 -0.2165E+02 -0.7418E+01 -0.7114E+01  0.1372E+02  0.2201E+02  0.3085E+02  0.3632E+02  0.4270E+02  0.4738E+02  0.5473E+02  0.6168E+02  0.6683E+02  0.7199E+02  0.7732E+02  0.8265E+02  0.8528E+02  0.8718E+02  0.8983E+02  0.9329E+02  0.9498E+02  0.8829E+02  0.6162E+02  0.4984E+01
     23.7127      190.0000 -0.1095E+02 -0.2680E+02 -0.3343E+02 -0.2165E+02 -0.7418E+01 -0.7114E+01  0.1372E+02  0.2201E+02  0.3085E+02  0.3632E+02  0.4270E+02  0.4738E+02  0.5473E+02  0.6168E+02  0.6683E+02  0.7199E+02  0.7732E+02  0.8265E+02  0.8528E+02  0.8718E+02  0.8983E+02  0.9329E+02  0.9498E+02  0.8829E+02  0.6162E+02  0.4984E+01
     23.8482      200.0000 -0.1095E+02 -0.2680E+02 -0.3344E+02 -0.2165E+02 -0.7418E+01 -0.7115E+01  0.1372E+02  0.2201E+02  0.3085E+02  0.3632E+02  0.4270E+02  0.4738E+02  0.5473E+02  0.6168E+02  0.6683E+02  0.7199E+02  0.7732E+02  0.8265E+02  0.8528E+02  0.8718E+02  0.8983E+02  0.9330E+02  0.9498E+02  0.8829E+02  0.6162E+02  0.4984E+01
     23.9837      210.0000 -0.1095E+02 -0.2680E+02 -0.3344E+02 -0.2165E+02 -0.7418E+01 -0.7115E+01  0.1372E+02  0.2201E+02  0.3085E+02  0.3632E+02  0.4270E+02  0.4738E+02  0.5473E+02  0.6168E+02  0.6683E+02  0.7199E+02  0.7732E+02  0.8265E+02  0.8528E+02  0.8718E+02  0.8983E+02  0.9330E+02  0.9498E+02  0.8829E+02  0.6162E+02  0.4984E+01
     24.1192      220.0000 -0.1095E+02 -0.2680E+02 -0.3344E+02 -0.2165E+02 -0.7418E+01 -0.7115E+01  0.1372E+02  0.2201E+02  0.3085E+02  0.3632E+02  0.4270E+02  0.4738E+02  0.5473E+02  0.6168E+02  0.6683E+02  0.7199E+02  0.7732E+02  0.8265E+02  0.8528E+02  0.8718E+02  0.8983E+02  0.9330E+02  0.9498E+02  0.8829E+02  0.6162E+02  0.4984E+01
     24.2547      230.0000 -0.1095E+02 -0.2680E+02 -0.3344E+02 -0.2165E+02 -0.7419E+01 -0.7115E+01  0.1372E+02  0.2201E+02  0.3085E+02  0.3632E+02  0.4270E+02  0.4738E+02  0.5473E+02  0.6168E+02  0.6683E+02  0.7199E+02  0.7732E+02  0.8265E+02  0.8528E+02  0.8718E+02  0.8983E+02  0.9329E+02  0.9498E+02  0.8829E+02  0.6162E+02  0.4984E+01
     24.3902      240.0000 -0.1095E+02 -0.2680E+02 -0.3344E+02 -0.2165E+02 -0.7419E+01 -0.7115E+01  0.1372E+02  0.2201E+02  0.3085E+02  0.3632E+02  0.4270E+02  0.4738E+02  0.5473E+02  0.6168E+02  0.6683E+02  0.7199E+02  0.7732E+02  0.8265E+02  0.8528E+02  0.8718E+02  0.8983E+02  0.9329E+02  0.9498E+02  0.8829E+02  0.6162E+02  0.4984E+01
     24.5257      250.0000 -0.1095E+02 -0.2680E+02 -0.3344E+02 -0.2165E+02 -0.7419E+01 -0.7115E+01  0.1372E+02  0.2201E+02  0.3085E+02  0.3632E+02  0.4270E+02  0.4738E+02  0.5473E+02  0.6168E+02  0.6683E+02  0.7199E+02  0.7732E+02  0.8265E+02  0.8528E+02  0.8718E+02  0.8983E+02  0.9329E+02  0.9498E+02  0.8829E+02  0.6162E+02  0.4984E+01
     24.6612      260.0000 -0.1095E+02 -0.2680E+02 -0.3343E+02 -0.2165E+02 -0.7419E+01 -0.7115E+01  0.1372E+02  0.2201E+02  0.3085E+02  0.3632E+02  0.4270E+02  0.4738E+02  0.5473E+02  0.6168E+02  0.6683E+02  0.7199E+02  0.7732E+02  0.8265E+02  0.8528E+02  0.8718E+02  0.8983E+02  0.9329E+02  0.9498E+02  0.8829E+02  0.6162E+02  0.4984E+01
     24.7967      270.0000 -0.1095E+02 -0.2680E+02 -0.3343E+02 -0.2165E+02 -0.7419E+01 -0.7115E+01  0.1372E+02  0.2201E+02  0.3085E+02  0.3632E+02  0.4270E+02  0.4738E+02  0.5473E+02  0.6168E+02  0.6683E+02  0.7199E+02  0.7732E+02  0.8265E+02  0.8528E+02  0.8718E+02  0.8983E+02  0.9329E+02  0.9498E+02  0.8829E+02  0.6162E+02  0.4984E+01
     24.9322      280.0000 -0.1095E+02 -0.2680E+02 -0.3343E+02 -0.2165E+02 -0.7419E+01 -0.7115E+01  0.1372E+02  0.2201E+02  0.3085E+02  0.3632E+02  0.4270E+02  0.4738E+02  0.5473E+02  0.6168E+02  0.6683E+02  0.7199E+02  0.7732E+02  0.8265E+02  0.8528E+02  0.8718E+02  0.8983E+02  0.9329E+02  0.9498E+02  0.8829E+02  0.6162E+02  0.4984E+01
     25.0678      290.0000 -0.1095E+02 -0.2680E+02 -0.3344E+02 -0.2165E+02 -0.7419E+01 -0.7115E+01  0.1372E+02  0.2201E+02  0.3085E+02  0.3632E+02  0.4270E+02  0.4738E+02  0.5473E+02  0.6168E+02  0.6683E+02  0.7199E+02  0.7732E+02  0.8265E+02  0.8528E+02  0.8718E+02  0.8983E+02  0.9330E+02  0.9498E+02  0.8829E+02  0.6162E+02  0.4984E+01
     25.2033      300.0000 -0.1095E+02 -0.2680E+02 -0.3344E+02 -0.2165E+02 -0.7419E+01 -0.7115E+01  0.1372E+02  0.2201E+02  0.3085E+02  0.3632E+02  0.4270E+02  0.4738E+02  0.5473E+02  0.6168E+02  0.6683E+02  0.7199E+02  0.7732E+02  0.8265E+02  0.8528E+02  0.8718E+02  0.8983E+02  0.9330E+02  0.9498E+02  0.8829E+02  0.6162E+02  0.4984E+01
     25.3388      310.0000 -0.1095E+02 -0.2680E+02 -0.3344E+02 -0.2165E+02 -0.7419E+01 -0.7115E+01  0.1372E+02  0.2201E+02  0.3085E+02  0.3632E+02  0.4270E+02  0.4738E+02  0.5473E+02  0.6168E+02  0.6683E+02  0.7199E+02  0.7732E+02  0.8265E+02  0.8528E+02  0.8718E+02  0.8983E+02  0.9330E+02  0.9498E+02  0.8829E+02  0.6162E+02  0.4984E+01
     25.4743      320.0000 -0.1095E+02 -0.2680E+02 -0.3344E+02 -0.2165E+02 -0.7419E+01 -0.7115E+01  0.1372E+02  0.2201E+02  0.3085E+02  0.3632E+02  0.4270E+02  0.4738E+02  0.5473E+02  0.6168E+02  0.6683E+02  0.7199E+02  0.7732E+02  0.8265E+02  0.8528E+02  0.8718E+02  0.8983E+02  0.9329E+02  0.9498E+02  0.8829E+02  0.6162E+02  0.4984E+01
     25.6098      330.0000 -0.1095E+02 -0.2680E+02 -0.3344E+02 -0.2165E+02 -0.7419E+01 -0.7115E+01  0.1371E+02  0.2201E+02  0.3085E+02  0.3632E+02  0.4270E+02  0.4738E+02  0.5473E+02  0.6168E+02  0.6683E+02  0.7199E+02  0.7732E+02  0.8265E+02  0.8528E+02  0.8718E+02  0.8983E+02  0.9329E+02  0.9498E+02  0.8829E+02  0.6162E+02  0.4984E+01
     25.7453      340.0000 -0.1095E+02 -0.2680E+02 -0.3344E+02 -0.2165E+02 -0.7419E+01 -0.7115E+01  0.1371E+02  0.2201E+02  0.3085E+02  0.3632E+02  0.4270E+02  0.4738E+02  0.5473E+02  0.6168E+02  0.6683E+02  0.7199E+02  0.7732E+02  0.8265E+02  0.8528E+02  0.8718E+02  0.8983E+02  0.9329E+02  0.9498E+02  0.8829E+02  0.6162E+02  0.4984E+01
     25.8808      350.0000 -0.1095E+02 -0.2680E+02 -0.3343E+02 -0.2165E+02 -0.7419E+01 -0.7115E+01  0.1371E+02  0.2201E+02  0.3085E+02  0.3632E+02  0.4270E+02  0.4738E+02  0.5473E+02  0.6168E+02  0.6683E+02  0.7199E+02  0.7732E+02  0.8265E+02  0.8528E+02  0.8718E+02  0.8983E+02  0.9329E+02  0.9498E+02  0.8829E+02  0.6162E+02  0.4984E+01
     26.0163      360.0000 -0.1095E+02 -0.2680E+02 -0.3343E+02 -0.2165E+02 -0.7419E+01 -0.7115E+01  0.1371E+02  0.2201E+02  0.3085E+02  0.3632E+02  0.4270E+02  0.4738E+02  0.5473E+02  0.6168E+02  0.6683E+02  0.7199E+02  0.7732E+02  0.8265E+02  0.8528E+02  0.8718E+02  0.8983E+02  0.9329E+02  0.9498E+02  0.8829E+02  0.6162E+02  0.4984E+01
     26.1518       10.0000 -0.1095E+02 -0.2680E+02 -0.3343E+02 -0.2165E+02 -0.7419E+01 -0.7115E+01  0.1371E+02  0.2201E+02  0.3085E+02  0.3632E+02  0.4270E+02  0.4738E+02  0.5473E+02  0.6168E+02  0.6683E+02  0.7199E+02  0.7732E+02  0.8265E+02  0.8528E+02  0.8718E+02  0.8983E+02  0.9329E+02  0.9498E+02  0.8829E+02  0.6162E+02  0.4984E+01
     26.2873       20.0000 -0.1095E+02 -0.2680E+02 -0.3344E+02 -0.2165E+02 -0.7419E+01 -0.7115E+01  0.1371E+02  0.2201E+02  0.3085E+02  0.3632E+02  0.4270E+02  0.4738E+02  0.5473E+02  0.6168E+02  0.6683E+02  0.7199E+02  0.7732E+02  0.8265E+02  0.8528E+02  0.8718E+02  0.8983E+02  0.9330E+02  0.9498E+02  0.8829E+02  0.6162E+02  0.4984E+01
     26.4228       30.0000 -0.1095E+02 -0.2680E+02 -0.3344E+02 -0.2165E+02 -0.7419E+01 -0.7115E+01  0.1371E+02  0.2201E+02  0.3085E+02  0.3632E+02  0.4270E+02  0.4738E+02  0.5473E+02  0.6168E+02  0.6683E+02  0.7199E+02  0.7732E+02  0.8265E+02  0.8528E+02  0.8718E+02  0.8983E+02  0.9330E+02  0.9498E+02  0.8829E+02  0.6162E+02  0.4984E+01
     26.5583       40.0000 -0.1095E+02 -0.2680E+02 -0.3344E+02 -0.2165E+02 -0.7419E+01 -0.7115E+01  0.1371E+02  0.2201E+02  0.3085E+02  0.3631E+02  0.4270E+02  0.4738E+02  0.5473E+02  0.6168E+02  0.6683E+02  0.7199E+02  0.7732E+02  0.8265E+02  0.8528E+02  0.8718E+02  0.8983E+02  0.9330E+02  0.9498E+02  0.8829E+02  0.6162E+02  0.4984E+01
     26.6938       50.0000 -0.1095E+02 -0.2680E+02 -0.3344E+02 -0.2165E+02 -0.7419E+01 -0.7115E+01  0.1371E+02  0.2201E+02  0.3085E+02  0.3631E+02  0.4270E+02  0.4738E+02  0.5473E+02  0.6168E+02  0.6683E+02  0.7199E+02  0.7732E+02  0.8265E+02  0.8528E+02  0.8718E+02  0.8983E+02  0.9329E+02  0.9498E+02  0.8829E+02  0.6162E+02  0.4984E+01
     26.8293       60.0000 -0.1095E+02 -0.2680E+02 -0.3344E+02 -0.2165E+02 -0.7419E+01 -0.7115E+01  0.1371E+02  0.2201E+02  0.3085E+02  0.3631E+02  0.4270E+02  0.4738E+02  0.5473E+02  0.6168E+02  0.6683E+02  0.7199E+02  0.7732E+02  0.8265E+02  0.8528E+02  0.8718E+02  0.8983E+02  0.9329E+02  0.9498E+02  0.8829E+02  0.6162E+02  0.4984E+01
     26.9648       70.0000 -0.1095E+02 -0.2680E+02 -0.3344E+02 -0.2165E+02 -0.7419E+01 -0.7115E+01  0.1371E+02  0.2201E+02  0.3085E+02  0.3631E+02  0.4270E+02  0.4738E+02  0.5473E+02  0.6168E+02  0.6683E+02  0.7199E+02  0.7732E+02  0.8265E+02  0.8528E+02  0.8718E+02  0.8983E+02  0.9329E+02  0.9498E+02  0.8829E+02  0.6162E+02  0.4984E+01
     27.1003       80.0000 -0.1095E+02 -0.2680E+02 -0.3343E+02 -0.2165E+02 -0.7420E+01 -0.7115E+01  0.1371E+02  0.2201E+02  0.3085E+02  0.3631E+02  0.4270E+02  0.4738E+02  0.5473E+02  0.6168E+02  0.6683E+02  0.7199E+02  0.7732E+02  0.8265E+02  0.8528E+02  0.8718E+02  0.8983E+02  0.9329E+02  0.9498E+02  0.8829E+02  0.6162E+02  0.4984E+01
     27.2358       90.0000 -0.1095E+02 -0.2680E+02 -0.3343E+02 -0.2165E+02 -0.7420E+01 -0.7115E+01  0.1371E+02  0.2201E+02  0.3085E+02  0.3631E+02  0.4270E+02  0.4738E+02  0.5473E+02  0.6168E+02  0.6683E+02  0.7199E+02  0.7732E+02  0.8265E+02  0.8528E+02  0.8718E+02  0.8983E+02  0.9329E+02  0.9498E+02  0.8829E+02  0.6162E+02  0.4984E+01
     27.3713      100.0000 -0.1095E+02 -0.2680E+02 -0.3343E+02 -0.2165E+02 -0.7420E+01 -0.7115E+01  0.1371E+02  0.2201E+02  0.3085E+02  0.3631E+02  0.4270E+02  0.4738E+02  0.5473E+02  0.6168E+02  0.6683E+02  0.7199E+02  0.7732E+02  0.8265E+02  0.8528E+02  0.8718E+02  0.8983E+02  0.9329E+02  0.9498E+02  0.8829E+02  0.6162E+02  0.4984E+01
     27.5068      110.0000 -0.1095E+02 -0.2680E+02 -0.3344E+02 -0.2165E+02 -0.7420E+01 -0.7115E+01  0.1371E+02  0.2201E+02  0.3085E+02  0.3631E+02  0.4270E+02  0.4738E+02  0.5473E+02  0.6168E+02  0.6683E+02  0.7199E+02  0.7732E+02  0.8265E+02  0.8528E+02  0.8718E+02  0.8983E+02  0.9330E+02  0.9498E+02  0.8829E+02  0.6162E+02  0.4984E+01
     27.6423      120.0000 -0.1095E+02 -0.2680E+02 -0.3344E+02 -0.2165E+02 -0.7420E+01 -0.7115E+01  0.1371E+02  0.2201E+02  0.3085E+02  0.3631E+02  0.4270E+02  0.4738E+02  0.5473E+02  0.6168E+02  0.6683E+02  0.7199E+02  0.7732E+02  0.8265E+02  0.8528E+02  0.8718E+02  0.8983E+02  0.9330E+02  0.9498E+02  0.8829E+02  0.6162E+02  0.4984E+01
     27.7778      130.0000 -0.1095E+02 -0.2680E+02 -0.3344E+02 -0.2165E+02 -0.7420E+01 -0.7115E+01  0.1371E+02  0.2201E+02  0.3085E+02  0.3631E+02  0.4270E+02  0.4738E+02  0.5473E+02  0.6168E+02  0.6683E+02  0.7199E+02  0.7732E+02  0.8265E+02  0.8528E+02  0.8718E+02  0.8983E+02  0.9330E+02  0.9498E+02  0.8829E+02  0.6162E+02  0.4984E+01
     27.9133      140.0000 -0.1095E+02 -0.2680E+02 -0.3344E+02 -0.2165E+02 -0.7420E+01 -0.7115E+01  0.1371E+02  0.2201E+02  0.3085E+02  0.3631E+02  0.4270E+02  0.4738E+02  0.5473E+02  0.6168E+02  0.6683E+02  0.7199E+02  0.7732E+02  0.8265E+02  0.8528E+02  0.8718E+02  0.8983E+02  0.9329E+02  0.9498E+02  0.8829E+02  0.6162E+02  0.4984E+01
     28.0488      150.0000 -0.1095E+02 -0.2680E+02 -0.3344E+02 -0.2165E+02 -0.7420E+01 -0.7115E+01  0.1371E+02  0.2201E+02  0.3085E+02  0.3631E+02  0.4270E+02  0.4738E+02  0.5473E+02  0.6168E+02  0.6683E+02  0.7199E+02  0.7732E+02  0.8265E+02  0.8528E+02  0.8718E+02  0.8983E+02  0.9329E+02  0.9498E+02  0.8829E+02  0.6162E+02  0.4984E+01
     28.1843      160.0000 -0.1095E+02 -0.2680E+02 -0.3344E+02 -0.2165E+02 -0.7420E+01 -0.7115E+01  0.1371E+02  0.2201E+02  0.3085E+02  0.3631E+02  0.4270E+02  0.4738E+02  0.5473E+02  0.6168E+02  0.6683E+02  0.7199E+02  0.7732E+02  0.8265E+02  0.8528E+02  0.8718E+02  0.8983E+02  0.9329E+02  0.9498E+02  0.8829E+02  0.6162E+02  0.4984E+01
     28.3198      170.0000 -0.1095E+02 -0.2680E+02 -0.3343E+02 -0.2165E+02 -0.7420E+01 -0.7115E+01  0.1371E+02  0.2201E+02  0.3085E+02  0.3631E+02  0.4270E+02  0.4738E+02  0.5473E+02  0.6168E+02  0.6683E+02  0.7199E+02  0.7732E+02  0.8265E+02  0.8528E+02  0.8718E+02  0.8983E+02  0.9329E+02  0.9498E+02  0.8829E+02  0.6162E+02  0.4984E+01
     28.4553      180.0000 -0.1095E+02 -0.2680E+02 -0.3343E+02 -0.2165E+02 -0.7420E+01 -0.7115E+01  0.1371E+02  0.2201E+02  0.3085E+02  0.3631E+02  0.4270E+02  0.4738E+02  0.5473E+02  0.6168E+02  0.6683E+02  0.7199E+02  0.7732E+02  0.8265E+02  0.8528E+02  0.8718E+02  0.8983E+02  0.9329E+02  0.9498E+02  0.8829E+02  0.6162E+02  0.4984E+01
     28.5908      190.0000 -0.1095E+02 -0.2680E+02 -0.3343E+02 -0.2165E+02 -0.7420E+01 -0.7115E+01  0.1371E+02  0.2201E+02  0.3085E+02  0.3631E+02  0.4270E+02  0.4738E+02  0.5473E+02  0.6168E+02  0.6683E+02  0.7199E+02  0.7732E+02  0.8265E+02  0.8528E+02  0.8718E+02  0.8983E+02  0.9329E+02  0.9498E+02  0.8829E+02  0.6162E+02  0.4984E+01
     28.7263      200.0000 -0.1095E+02 -0.2680E+02 -0.3344E+02 -0.2165E+02 -0.7420E+01 -0.7115E+01  0.1371E+02  0.2201E+02  0.3085E+02  0.3631E+02  0.4270E+02  0.4738E+02  0.5473E+02  0.6168E+02  0.6683E+02  0.7199E+02  0.7732E+02  0.8265E+02  0.8528E+02  0.8718E+02  0.8983E+02  0.9330E+02  0.9498E+02  0.8829E+02  0.6162E+02  0.4984E+01
     28.8618      210.0000 -0.1095E+02 -0.2680E+02 -0.3344E+02 -0.2165E+02 -0.7420E+01 -0.7115E+01  0.1371E+02  0.2201E+02  0.3085E+02  0.3631E+02  0.4270E+02  0.4738E+02  0.5473E+02  0.6168E+02  0.6683E+02  0.7199E+02  0.7732E+02  0.8265E+02  0.8528E+02  0.8718E+02  0.8983E+02  0.9330E+02  0.9498E+02  0.8829E+02  0.6162E+02  0.4984E+01
     28.9973      220.0000 -0.1095E+02 -0.2680E+02 -0.3344E+02 -0.2165E+02 -0.7420E+01 -0.7115E+01  0.1371E+02  0.2201E+02  0.3085E+02  0.3631E+02  0.4270E+02  0.4738E+02  0.5473E+02  0.6168E+02  0.6683E+02  0.7199E+02  0.7732E+02  0.8265E+02  0.8528E+02  0.8718E+02  0.8983E+02  0.9330E+02  0.9498E+02  0.8829E+02  0.6162E+02  0.4984E+01
     29.1328      230.0000 -0.1095E+02 -0.2680E+02 -0.3344E+02 -0.2165E+02 -0.7420E+01 -0.7115E+01  0.1371E+02  0.2201E+02  0.3085E+02  0.3631E+02  0.4270E+02  0.4738E+02  0.5473E+02  0.6168E+02  0.6683E+02  0.7199E+02  0.7732E+02  0.8265E+02  0.8528E+02  0.8718E+02  0.8983E+02  0.9329E+02  0.9498E+02  0.8829E+02  0.6162E+02  0.4984E+01
     29.2683      240.0000 -0.1095E+02 -0.2680E+02 -0.3344E+02 -0.2165E+02 -0.7420E+01 -0.7115E+01  0.1371E+02  0.2201E+02  0.3085E+02  0.3631E+02  0.4270E+02  0.4738E+02  0.5473E+02  0.6168E+02  0.6683E+02  0.7199E+02  0.7732E+02  0.8265E+02  0.8528E+02  0.8718E+02  0.8983E+02  0.9329E+02  0.9498E+02  0.8829E+02  0.6162E+02  0.4984E+01
     29.4038      250.0000 -0.1095E+02 -0.2680E+02 -0.3344E+02 -0.2165E+02 -0.7420E+01 -0.7115E+01  0.1371E+02  0.2201E+02  0.3085E+02  0.3631E+02  0.4270E+02  0.4738E+02  0.5473E+02  0.6168E+02  0.6683E+02  0.7199E+02  0.7732E+02  0.8265E+02  0.8528E+02  0.8718E+02  0.8983E+02  0.9329E+02  0.9498E+02  0.8829E+02  0.6162E+02  0.4984E+01
     29.5393      260.0000 -0.1095E+02 -0.2680E+02 -0.3343E+02 -0.2165E+02 -0.7420E+01 -0.7115E+01  0.1371E+02  0.2201E+02  0.3085E+02  0.3631E+02  0.4270E+02  0.4738E+02  0.5473E+02  0.6168E+02  0.6683E+02  0.7199E+02  0.7732E+02  0.8265E+02  0.8528E+02  0.8718E+02  0.8983E+02  0.9329E+02  0.9498E+02  0.8829E+02  0.6162E+02  0.4984E+01
     29.6748      270.0000 -0.1095E+02 -0.2680E+02 -0.3343E+02 -0.2165E+02 -0.7420E+01 -0.7115E+01  0.1371E+02  0.2201E+02  0.3085E+02  0.3631E+02  0.4270E+02  0.4738E+02  0.5473E+02  0.6168E+02  0.6683E+02  0.7199E+02  0.7732E+02  0.8265E+02  0.8528E+02  0.8718E+02  0.8983E+02  0.9329E+02  0.9498E+02  0.8829E+02  0.6162E+02  0.4984E+01
     29.8103      280.0000 -0.1095E+02 -0.2680E+02 -0.3343E+02 -0.2165E+02 -0.7420E+01 -0.7115E+01  0.1371E+02  0.2201E+02  0.3085E+02  0.3631E+02  0.4270E+02  0.4738E+02  0.5473E+02  0.6168E+02  0.6683E+02  0.7199E+02  0.7732E+02  0.8265E+02  0.8528E+02  0.8718E+02  0.8983E+02  0.9329E+02  0.9498E+02  0.8829E+02  0.6162E+02  0.4984E+01
     29.9458      290.0000 -0.1095E+02 -0.2680E+02 -0.3344E+02 -0.2165E+02 -0.7420E+01 -0.7115E+01  0.1371E+02  0.2201E+02  0.3085E+02  0.3631E+02  0.4270E+02  0.4738E+02  0.5473E+02  0.6168E+02  0.6683E+02  0.7199E+02  0.7732E+02  0.8265E+02  0.8528E+02  0.8718E+02  0.8983E+02  0.9330E+02  0.9498E+02  0.8829E+02  0.6162E+02  0.4984E+01
