Time history of radial distribution for BEM variable: uEff[m/s] for blade 2
                          rCurvi[m] (curvilinear radial distance)
                                0.7893      2.3680      3.9467      5.5254      7.1040      8.6827     10.2614     11.8401     13.4188     14.9974     16.5761     18.1548     19.7335     21.3121     22.8908     24.4695     26.0482     27.6268     29.2055     30.7842     32.3629     33.9416     35.5202     37.0989     38.2829     39.0723
                          zB[m] (radial coordinate along blade axis)
     time[s]  azimuth[deg]      0.1833      1.7549      3.3294      4.9066      6.4848      8.0632      9.6423     11.2252     12.8089     14.3906     15.9682     17.5466     19.1253     20.7040     22.2825     23.8605     25.4378     27.0144     28.5901     30.1649     31.7388     33.3118     34.8842     36.4562     37.6335     38.4193
      0.0000      240.0000  0.6137E+01  0.6949E+01  0.8167E+01  0.9577E+01  0.1122E+02  0.1294E+02  0.1470E+02  0.1653E+02  0.1839E+02  0.2027E+02  0.2217E+02  0.2409E+02  0.2603E+02  0.2797E+02  0.2991E+02  0.3186E+02  0.3381E+02  0.3577E+02  0.3772E+02  0.3968E+02  0.4163E+02  0.4359E+02  0.4555E+02  0.4751E+02  0.4897E+02  0.4983E+02
      0.1355      249.7434  0.6144E+01  0.6961E+01  0.8184E+01  0.9597E+01  0.1124E+02  0.1296E+02  0.1472E+02  0.1655E+02  0.1842E+02  0.2030E+02  0.2220E+02  0.2412E+02  0.2605E+02  0.2799E+02  0.2994E+02  0.3188E+02  0.3383E+02  0.3579E+02  0.3775E+02  0.3970E+02  0.4166E+02  0.4361E+02  0.4557E+02  0.4753E+02  0.4899E+02  0.4986E+02
      0.2710      259.4868  0.6151E+01  0.6974E+01  0.8201E+01  0.9618E+01  0.1126E+02  0.1298E+02  0.1474E+02  0.1657E+02  0.1844E+02  0.2032E+02  0.2222E+02  0.2414E+02  0.2607E+02  0.2801E+02  0.2996E+02  0.3191E+02  0.3386E+02  0.3581E+02  0.3777E+02  0.3973E+02  0.4168E+02  0.4364E+02  0.4560E+02  0.4756E+02  0.4902E+02  0.4988E+02
      0.4065      269.2302  0.6158E+01  0.6988E+01  0.8219E+01  0.9638E+01  0.1128E+02  0.1300E+02  0.1476E+02  0.1660E+02  0.1846E+02  0.2034E+02  0.2224E+02  0.2417E+02  0.2610E+02  0.2804E+02  0.2999E+02  0.3193E+02  0.3389E+02  0.3584E+02  0.3780E+02  0.3975E+02  0.4171E+02  0.4367E+02  0.4562E+02  0.4758E+02  0.4904E+02  0.4991E+02
      0.5420      278.9735  0.6166E+01  0.7002E+01  0.8237E+01  0.9659E+01  0.1130E+02  0.1302E+02  0.1478E+02  0.1662E+02  0.1849E+02  0.2037E+02  0.2227E+02  0.2419E+02  0.2612E+02  0.2807E+02  0.3001E+02  0.3196E+02  0.3391E+02  0.3587E+02  0.3782E+02  0.3978E+02  0.4174E+02  0.4369E+02  0.4565E+02  0.4761E+02  0.4907E+02  0.4993E+02
      0.6775      288.7169  0.6173E+01  0.7016E+01  0.8255E+01  0.9679E+01  0.1132E+02  0.1305E+02  0.1481E+02  0.1664E+02  0.1851E+02  0.2039E+02  0.2229E+02  0.2422E+02  0.2615E+02  0.2809E+02  0.3004E+02  0.3198E+02  0.3394E+02  0.3589E+02  0.3785E+02  0.3981E+02  0.4176E+02  0.4372E+02  0.4568E+02  0.4764E+02  0.4909E+02  0.4996E+02
      0.8130      298.4603  0.6180E+01  0.7029E+01  0.8272E+01  0.9698E+01  0.1134E+02  0.1307E+02  0.1483E+02  0.1667E+02  0.1853E+02  0.2042E+02  0.2232E+02  0.2424E+02  0.2617E+02  0.2811E+02  0.3006E+02  0.3201E+02  0.3396E+02  0.3591E+02  0.3787E+02  0.3983E+02  0.4179E+02  0.4374E+02  0.4570E+02  0.4766E+02  0.4912E+02  0.4998E+02
      0.9485      308.2037  0.6187E+01  0.7041E+01  0.8287E+01  0.9714E+01  0.1136E+02  0.1308E+02  0.1485E+02  0.1669E+02  0.1856E+02  0.2044E+02  0.2234E+02  0.2426E+02  0.2619E+02  0.2813E+02  0.3008E+02  0.3203E+02  0.3398E+02  0.3594E+02  0.3789E+02  0.3985E+02  0.4181E+02  0.4376E+02  0.4572E+02  0.4768E+02  0.4914E+02  0.5000E+02
      1.0840      317.9471  0.6192E+01  0.7051E+01  0.8300E+01  0.9729E+01  0.1138E+02  0.1310E+02  0.1486E+02  0.1670E+02  0.1857E+02  0.2045E+02  0.2236E+02  0.2428E+02  0.2621E+02  0.2815E+02  0.3010E+02  0.3205E+02  0.3400E+02  0.3595E+02  0.3791E+02  0.3987E+02  0.4183E+02  0.4378E+02  0.4574E+02  0.4770E+02  0.4916E+02  0.5002E+02
      1.2195      327.6905  0.6197E+01  0.7060E+01  0.8311E+01  0.9740E+01  0.1139E+02  0.1311E+02  0.1488E+02  0.1672E+02  0.1859E+02  0.2047E+02  0.2237E+02  0.2429E+02  0.2623E+02  0.2817E+02  0.3011E+02  0.3206E+02  0.3401E+02  0.3597E+02  0.3793E+02  0.3989E+02  0.4184E+02  0.4380E+02  0.4575E+02  0.4771E+02  0.4917E+02  0.5003E+02
      1.3550      337.4339  0.6201E+01  0.7066E+01  0.8319E+01  0.9749E+01  0.1140E+02  0.1312E+02  0.1489E+02  0.1673E+02  0.1860E+02  0.2048E+02  0.2238E+02  0.2430E+02  0.2624E+02  0.2818E+02  0.3012E+02  0.3207E+02  0.3403E+02  0.3598E+02  0.3794E+02  0.3990E+02  0.4185E+02  0.4381E+02  0.4577E+02  0.4773E+02  0.4918E+02  0.5004E+02
      1.4905      347.1773  0.6203E+01  0.7071E+01  0.8324E+01  0.9754E+01  0.1140E+02  0.1313E+02  0.1490E+02  0.1674E+02  0.1861E+02  0.2049E+02  0.2239E+02  0.2431E+02  0.2624E+02  0.2818E+02  0.3013E+02  0.3208E+02  0.3403E+02  0.3599E+02  0.3795E+02  0.3990E+02  0.4186E+02  0.4382E+02  0.4577E+02  0.4773E+02  0.4919E+02  0.5005E+02
      1.6260      356.9206  0.6205E+01  0.7073E+01  0.8326E+01  0.9755E+01  0.1141E+02  0.1313E+02  0.1490E+02  0.1674E+02  0.1861E+02  0.2049E+02  0.2239E+02  0.2431E+02  0.2625E+02  0.2819E+02  0.3013E+02  0.3208E+02  0.3404E+02  0.3599E+02  0.3795E+02  0.3991E+02  0.4186E+02  0.4382E+02  0.4578E+02  0.4774E+02  0.4919E+02  0.5005E+02
      1.7615        6.6640  0.6204E+01  0.7072E+01  0.8325E+01  0.9753E+01  0.1140E+02  0.1313E+02  0.1490E+02  0.1674E+02  0.1861E+02  0.2049E+02  0.2239E+02  0.2431E+02  0.2625E+02  0.2819E+02  0.3013E+02  0.3208E+02  0.3403E+02  0.3599E+02  0.3795E+02  0.3991E+02  0.4186E+02  0.4382E+02  0.4577E+02  0.4773E+02  0.4919E+02  0.5005E+02
      1.8970       16.4074  0.6203E+01  0.7069E+01  0.8320E+01  0.9747E+01  0.1140E+02  0.1312E+02  0.1490E+02  0.1674E+02  0.1861E+02  0.2049E+02  0.2239E+02  0.2431E+02  0.2624E+02  0.2818E+02  0.3013E+02  0.3208E+02  0.3403E+02  0.3598E+02  0.3794E+02  0.3990E+02  0.4186E+02  0.4381E+02  0.4577E+02  0.4773E+02  0.4918E+02  0.5004E+02
      2.0325       26.1508  0.6200E+01  0.7064E+01  0.8313E+01  0.9738E+01  0.1139E+02  0.1312E+02  0.1489E+02  0.1673E+02  0.1860E+02  0.2048E+02  0.2238E+02  0.2430E+02  0.2623E+02  0.2817E+02  0.3012E+02  0.3207E+02  0.3402E+02  0.3597E+02  0.3793E+02  0.3989E+02  0.4185E+02  0.4380E+02  0.4576E+02  0.4772E+02  0.4917E+02  0.5003E+02
      2.1680       35.8942  0.6196E+01  0.7057E+01  0.8303E+01  0.9726E+01  0.1138E+02  0.1310E+02  0.1488E+02  0.1672E+02  0.1858E+02  0.2046E+02  0.2236E+02  0.2428E+02  0.2622E+02  0.2816E+02  0.3010E+02  0.3205E+02  0.3400E+02  0.3596E+02  0.3792E+02  0.3987E+02  0.4183E+02  0.4379E+02  0.4575E+02  0.4770E+02  0.4916E+02  0.5001E+02
      2.3035       45.6376  0.6191E+01  0.7048E+01  0.8291E+01  0.9711E+01  0.1136E+02  0.1309E+02  0.1486E+02  0.1670E+02  0.1857E+02  0.2045E+02  0.2235E+02  0.2427E+02  0.2620E+02  0.2814E+02  0.3008E+02  0.3203E+02  0.3399E+02  0.3594E+02  0.3790E+02  0.3986E+02  0.4181E+02  0.4377E+02  0.4573E+02  0.4769E+02  0.4914E+02  0.4999E+02
      2.4390       55.3810  0.6184E+01  0.7037E+01  0.8276E+01  0.9694E+01  0.1134E+02  0.1307E+02  0.1484E+02  0.1668E+02  0.1855E+02  0.2043E+02  0.2233E+02  0.2425E+02  0.2618E+02  0.2812E+02  0.3006E+02  0.3201E+02  0.3397E+02  0.3592E+02  0.3788E+02  0.3984E+02  0.4179E+02  0.4375E+02  0.4571E+02  0.4767E+02  0.4912E+02  0.4997E+02
      2.5745       65.1244  0.6178E+01  0.7025E+01  0.8260E+01  0.9675E+01  0.1132E+02  0.1305E+02  0.1482E+02  0.1666E+02  0.1853E+02  0.2041E+02  0.2231E+02  0.2422E+02  0.2616E+02  0.2810E+02  0.3004E+02  0.3199E+02  0.3394E+02  0.3590E+02  0.3786E+02  0.3981E+02  0.4177E+02  0.4373E+02  0.4569E+02  0.4765E+02  0.4910E+02  0.4995E+02
      2.7100       74.8677  0.6170E+01  0.7011E+01  0.8243E+01  0.9655E+01  0.1130E+02  0.1303E+02  0.1480E+02  0.1664E+02  0.1851E+02  0.2038E+02  0.2228E+02  0.2420E+02  0.2613E+02  0.2807E+02  0.3002E+02  0.3197E+02  0.3392E+02  0.3588E+02  0.3783E+02  0.3979E+02  0.4175E+02  0.4371E+02  0.4566E+02  0.4762E+02  0.4907E+02  0.4992E+02
      2.8455       84.6111  0.6163E+01  0.6998E+01  0.8225E+01  0.9635E+01  0.1128E+02  0.1301E+02  0.1478E+02  0.1662E+02  0.1848E+02  0.2036E+02  0.2226E+02  0.2418E+02  0.2611E+02  0.2805E+02  0.2999E+02  0.3194E+02  0.3390E+02  0.3585E+02  0.3781E+02  0.3976E+02  0.4172E+02  0.4368E+02  0.4564E+02  0.4760E+02  0.4905E+02  0.4990E+02
      2.9810       94.3545  0.6156E+01  0.6984E+01  0.8207E+01  0.9615E+01  0.1126E+02  0.1299E+02  0.1476E+02  0.1659E+02  0.1846E+02  0.2033E+02  0.2223E+02  0.2415E+02  0.2608E+02  0.2802E+02  0.2997E+02  0.3192E+02  0.3387E+02  0.3583E+02  0.3778E+02  0.3974E+02  0.4170E+02  0.4366E+02  0.4561E+02  0.4757E+02  0.4902E+02  0.4987E+02
      3.1165      104.0979  0.6148E+01  0.6970E+01  0.8190E+01  0.9595E+01  0.1124E+02  0.1297E+02  0.1474E+02  0.1657E+02  0.1843E+02  0.2031E+02  0.2221E+02  0.2413E+02  0.2606E+02  0.2800E+02  0.2994E+02  0.3189E+02  0.3385E+02  0.3580E+02  0.3776E+02  0.3971E+02  0.4167E+02  0.4363E+02  0.4559E+02  0.4755E+02  0.4900E+02  0.4985E+02
      3.2520      113.8413  0.6141E+01  0.6957E+01  0.8173E+01  0.9576E+01  0.1122E+02  0.1294E+02  0.1471E+02  0.1655E+02  0.1841E+02  0.2029E+02  0.2218E+02  0.2410E+02  0.2603E+02  0.2797E+02  0.2992E+02  0.3187E+02  0.3382E+02  0.3578E+02  0.3773E+02  0.3969E+02  0.4165E+02  0.4361E+02  0.4557E+02  0.4752E+02  0.4897E+02  0.4983E+02
      3.3875      123.5847  0.6135E+01  0.6945E+01  0.8157E+01  0.9559E+01  0.1120E+02  0.1293E+02  0.1469E+02  0.1653E+02  0.1839E+02  0.2026E+02  0.2216E+02  0.2408E+02  0.2601E+02  0.2795E+02  0.2990E+02  0.3185E+02  0.3380E+02  0.3575E+02  0.3771E+02  0.3967E+02  0.4163E+02  0.4358E+02  0.4554E+02  0.4750E+02  0.4895E+02  0.4980E+02
      3.5230      133.3281  0.6129E+01  0.6934E+01  0.8144E+01  0.9543E+01  0.1119E+02  0.1291E+02  0.1468E+02  0.1651E+02  0.1837E+02  0.2024E+02  0.2214E+02  0.2406E+02  0.2599E+02  0.2793E+02  0.2988E+02  0.3183E+02  0.3378E+02  0.3574E+02  0.3769E+02  0.3965E+02  0.4161E+02  0.4357E+02  0.4552E+02  0.4748E+02  0.4893E+02  0.4979E+02
      3.6585      143.0714  0.6125E+01  0.6925E+01  0.8132E+01  0.9531E+01  0.1117E+02  0.1289E+02  0.1466E+02  0.1649E+02  0.1835E+02  0.2023E+02  0.2212E+02  0.2404E+02  0.2598E+02  0.2792E+02  0.2986E+02  0.3181E+02  0.3376E+02  0.3572E+02  0.3767E+02  0.3963E+02  0.4159E+02  0.4355E+02  0.4551E+02  0.4747E+02  0.4892E+02  0.4977E+02
      3.7940      152.8148  0.6121E+01  0.6918E+01  0.8123E+01  0.9521E+01  0.1116E+02  0.1288E+02  0.1465E+02  0.1648E+02  0.1834E+02  0.2021E+02  0.2211E+02  0.2403E+02  0.2596E+02  0.2790E+02  0.2985E+02  0.3180E+02  0.3375E+02  0.3571E+02  0.3766E+02  0.3962E+02  0.4158E+02  0.4353E+02  0.4549E+02  0.4745E+02  0.4890E+02  0.4976E+02
      3.9295      162.5582  0.6118E+01  0.6913E+01  0.8117E+01  0.9514E+01  0.1115E+02  0.1288E+02  0.1464E+02  0.1647E+02  0.1833E+02  0.2021E+02  0.2210E+02  0.2402E+02  0.2595E+02  0.2789E+02  0.2984E+02  0.3179E+02  0.3374E+02  0.3570E+02  0.3765E+02  0.3961E+02  0.4157E+02  0.4352E+02  0.4548E+02  0.4744E+02  0.4890E+02  0.4975E+02
      4.0650      172.3016  0.6117E+01  0.6910E+01  0.8113E+01  0.9511E+01  0.1115E+02  0.1287E+02  0.1463E+02  0.1646E+02  0.1833E+02  0.2020E+02  0.2210E+02  0.2402E+02  0.2595E+02  0.2789E+02  0.2984E+02  0.3179E+02  0.3374E+02  0.3569E+02  0.3765E+02  0.3960E+02  0.4156E+02  0.4352E+02  0.4548E+02  0.4744E+02  0.4889E+02  0.4975E+02
      4.2005      182.0450  0.6116E+01  0.6909E+01  0.8112E+01  0.9511E+01  0.1115E+02  0.1287E+02  0.1463E+02  0.1646E+02  0.1833E+02  0.2020E+02  0.2210E+02  0.2402E+02  0.2595E+02  0.2789E+02  0.2984E+02  0.3178E+02  0.3374E+02  0.3569E+02  0.3765E+02  0.3960E+02  0.4156E+02  0.4352E+02  0.4548E+02  0.4744E+02  0.4889E+02  0.4975E+02
      4.3360      191.7884  0.6117E+01  0.6911E+01  0.8115E+01  0.9515E+01  0.1115E+02  0.1287E+02  0.1463E+02  0.1646E+02  0.1833E+02  0.2020E+02  0.2210E+02  0.2402E+02  0.2595E+02  0.2789E+02  0.2984E+02  0.3179E+02  0.3374E+02  0.3569E+02  0.3765E+02  0.3960E+02  0.4156E+02  0.4352E+02  0.4548E+02  0.4744E+02  0.4889E+02  0.4975E+02
      4.4715      201.5318  0.6119E+01  0.6915E+01  0.8120E+01  0.9522E+01  0.1116E+02  0.1288E+02  0.1464E+02  0.1647E+02  0.1833E+02  0.2021E+02  0.2211E+02  0.2403E+02  0.2596E+02  0.2790E+02  0.2985E+02  0.3180E+02  0.3375E+02  0.3570E+02  0.3766E+02  0.3961E+02  0.4157E+02  0.4353E+02  0.4548E+02  0.4745E+02  0.4890E+02  0.4976E+02
      4.6070      211.2752  0.6122E+01  0.6921E+01  0.8128E+01  0.9532E+01  0.1117E+02  0.1289E+02  0.1465E+02  0.1648E+02  0.1835E+02  0.2022E+02  0.2212E+02  0.2404E+02  0.2597E+02  0.2791E+02  0.2986E+02  0.3181E+02  0.3376E+02  0.3571E+02  0.3767E+02  0.3962E+02  0.4158E+02  0.4354E+02  0.4550E+02  0.4746E+02  0.4891E+02  0.4978E+02
      4.7425      221.0185  0.6126E+01  0.6928E+01  0.8139E+01  0.9545E+01  0.1118E+02  0.1290E+02  0.1466E+02  0.1649E+02  0.1836E+02  0.2024E+02  0.2213E+02  0.2405E+02  0.2599E+02  0.2793E+02  0.2987E+02  0.3182E+02  0.3377E+02  0.3573E+02  0.3768E+02  0.3964E+02  0.4160E+02  0.4355E+02  0.4551E+02  0.4747E+02  0.4893E+02  0.4979E+02
      4.8780      230.7619  0.6132E+01  0.6938E+01  0.8152E+01  0.9561E+01  0.1120E+02  0.1292E+02  0.1468E+02  0.1651E+02  0.1838E+02  0.2025E+02  0.2215E+02  0.2407E+02  0.2601E+02  0.2795E+02  0.2989E+02  0.3184E+02  0.3379E+02  0.3575E+02  0.3770E+02  0.3966E+02  0.4161E+02  0.4357E+02  0.4553E+02  0.4749E+02  0.4895E+02  0.4981E+02
      5.0136      240.5053  0.6137E+01  0.6949E+01  0.8168E+01  0.9578E+01  0.1122E+02  0.1294E+02  0.1470E+02  0.1653E+02  0.1840E+02  0.2027E+02  0.2217E+02  0.2409E+02  0.2603E+02  0.2797E+02  0.2991E+02  0.3186E+02  0.3381E+02  0.3577E+02  0.3772E+02  0.3968E+02  0.4164E+02  0.4359E+02  0.4555E+02  0.4751E+02  0.4897E+02  0.4983E+02
      5.1491      250.2487  0.6144E+01  0.6962E+01  0.8184E+01  0.9598E+01  0.1124E+02  0.1296E+02  0.1472E+02  0.1655E+02  0.1842E+02  0.2030E+02  0.2220E+02  0.2412E+02  0.2605E+02  0.2799E+02  0.2994E+02  0.3189E+02  0.3384E+02  0.3579E+02  0.3775E+02  0.3970E+02  0.4166E+02  0.4361E+02  0.4557E+02  0.4753E+02  0.4899E+02  0.4986E+02
      5.2846      259.9921  0.6151E+01  0.6975E+01  0.8202E+01  0.9618E+01  0.1126E+02  0.1298E+02  0.1474E+02  0.1657E+02  0.1844E+02  0.2032E+02  0.2222E+02  0.2414E+02  0.2608E+02  0.2802E+02  0.2996E+02  0.3191E+02  0.3386E+02  0.3582E+02  0.3777E+02  0.3973E+02  0.4168E+02  0.4364E+02  0.4560E+02  0.4756E+02  0.4902E+02  0.4988E+02
      5.4201      269.7355  0.6158E+01  0.6989E+01  0.8220E+01  0.9639E+01  0.1128E+02  0.1300E+02  0.1476E+02  0.1660E+02  0.1847E+02  0.2035E+02  0.2225E+02  0.2417E+02  0.2610E+02  0.2804E+02  0.2999E+02  0.3194E+02  0.3389E+02  0.3584E+02  0.3780E+02  0.3976E+02  0.4171E+02  0.4367E+02  0.4562E+02  0.4759E+02  0.4904E+02  0.4991E+02
      5.5556      279.4789  0.6166E+01  0.7003E+01  0.8238E+01  0.9660E+01  0.1130E+02  0.1303E+02  0.1479E+02  0.1662E+02  0.1849E+02  0.2037E+02  0.2227E+02  0.2419E+02  0.2613E+02  0.2807E+02  0.3001E+02  0.3196E+02  0.3391E+02  0.3587E+02  0.3783E+02  0.3978E+02  0.4174E+02  0.4369E+02  0.4565E+02  0.4761E+02  0.4907E+02  0.4993E+02
      5.6911      289.2223  0.6173E+01  0.7016E+01  0.8256E+01  0.9680E+01  0.1133E+02  0.1305E+02  0.1481E+02  0.1664E+02  0.1851E+02  0.2039E+02  0.2230E+02  0.2422E+02  0.2615E+02  0.2809E+02  0.3004E+02  0.3199E+02  0.3394E+02  0.3589E+02  0.3785E+02  0.3981E+02  0.4176E+02  0.4372E+02  0.4568E+02  0.4764E+02  0.4909E+02  0.4996E+02
      5.8266      298.9656  0.6180E+01  0.7029E+01  0.8273E+01  0.9699E+01  0.1135E+02  0.1307E+02  0.1483E+02  0.1667E+02  0.1854E+02  0.2042E+02  0.2232E+02  0.2424E+02  0.2617E+02  0.2811E+02  0.3006E+02  0.3201E+02  0.3396E+02  0.3592E+02  0.3787E+02  0.3983E+02  0.4179E+02  0.4374E+02  0.4570E+02  0.4766E+02  0.4912E+02  0.4998E+02
      5.9621      308.7090  0.6187E+01  0.7041E+01  0.8288E+01  0.9716E+01  0.1136E+02  0.1309E+02  0.1485E+02  0.1669E+02  0.1856E+02  0.2044E+02  0.2234E+02  0.2426E+02  0.2619E+02  0.2814E+02  0.3008E+02  0.3203E+02  0.3398E+02  0.3594E+02  0.3789E+02  0.3985E+02  0.4181E+02  0.4376E+02  0.4572E+02  0.4768E+02  0.4914E+02  0.5000E+02
      6.0976      318.4524  0.6193E+01  0.7051E+01  0.8301E+01  0.9730E+01  0.1138E+02  0.1310E+02  0.1487E+02  0.1670E+02  0.1857E+02  0.2046E+02  0.2236E+02  0.2428E+02  0.2621E+02  0.2815E+02  0.3010E+02  0.3205E+02  0.3400E+02  0.3595E+02  0.3791E+02  0.3987E+02  0.4183E+02  0.4378E+02  0.4574E+02  0.4770E+02  0.4916E+02  0.5002E+02
      6.2331      328.1958  0.6197E+01  0.7060E+01  0.8311E+01  0.9741E+01  0.1139E+02  0.1311E+02  0.1488E+02  0.1672E+02  0.1859E+02  0.2047E+02  0.2237E+02  0.2429E+02  0.2623E+02  0.2817E+02  0.3011E+02  0.3206E+02  0.3401E+02  0.3597E+02  0.3793E+02  0.3989E+02  0.4184E+02  0.4380E+02  0.4576E+02  0.4771E+02  0.4917E+02  0.5003E+02
      6.3686      337.9392  0.6201E+01  0.7066E+01  0.8319E+01  0.9749E+01  0.1140E+02  0.1312E+02  0.1489E+02  0.1673E+02  0.1860E+02  0.2048E+02  0.2238E+02  0.2430E+02  0.2624E+02  0.2818E+02  0.3012E+02  0.3207E+02  0.3403E+02  0.3598E+02  0.3794E+02  0.3990E+02  0.4185E+02  0.4381E+02  0.4577E+02  0.4773E+02  0.4918E+02  0.5004E+02
      6.5041      347.6826  0.6203E+01  0.7071E+01  0.8324E+01  0.9754E+01  0.1140E+02  0.1313E+02  0.1490E+02  0.1674E+02  0.1861E+02  0.2049E+02  0.2239E+02  0.2431E+02  0.2624E+02  0.2819E+02  0.3013E+02  0.3208E+02  0.3403E+02  0.3599E+02  0.3795E+02  0.3990E+02  0.4186E+02  0.4382E+02  0.4577E+02  0.4773E+02  0.4919E+02  0.5005E+02
      6.6396      357.4260  0.6205E+01  0.7073E+01  0.8326E+01  0.9755E+01  0.1141E+02  0.1313E+02  0.1490E+02  0.1674E+02  0.1861E+02  0.2049E+02  0.2239E+02  0.2431E+02  0.2625E+02  0.2819E+02  0.3013E+02  0.3208E+02  0.3404E+02  0.3599E+02  0.3795E+02  0.3991E+02  0.4186E+02  0.4382E+02  0.4578E+02  0.4774E+02  0.4919E+02  0.5005E+02
      6.7751        7.1693  0.6204E+01  0.7072E+01  0.8324E+01  0.9752E+01  0.1140E+02  0.1313E+02  0.1490E+02  0.1674E+02  0.1861E+02  0.2049E+02  0.2239E+02  0.2431E+02  0.2625E+02  0.2819E+02  0.3013E+02  0.3208E+02  0.3403E+02  0.3599E+02  0.3795E+02  0.3990E+02  0.4186E+02  0.4382E+02  0.4577E+02  0.4773E+02  0.4919E+02  0.5005E+02
      6.9106       16.9127  0.6203E+01  0.7069E+01  0.8320E+01  0.9746E+01  0.1140E+02  0.1312E+02  0.1489E+02  0.1674E+02  0.1860E+02  0.2048E+02  0.2239E+02  0.2431E+02  0.2624E+02  0.2818E+02  0.3013E+02  0.3207E+02  0.3403E+02  0.3598E+02  0.3794E+02  0.3990E+02  0.4186E+02  0.4381E+02  0.4577E+02  0.4773E+02  0.4918E+02  0.5004E+02
      7.0461       26.6561  0.6200E+01  0.7064E+01  0.8313E+01  0.9737E+01  0.1139E+02  0.1311E+02  0.1489E+02  0.1673E+02  0.1860E+02  0.2048E+02  0.2238E+02  0.2430E+02  0.2623E+02  0.2817E+02  0.3012E+02  0.3206E+02  0.3402E+02  0.3597E+02  0.3793E+02  0.3989E+02  0.4185E+02  0.4380E+02  0.4576E+02  0.4772E+02  0.4917E+02  0.5003E+02
      7.1816       36.3995  0.6195E+01  0.7056E+01  0.8302E+01  0.9725E+01  0.1138E+02  0.1310E+02  0.1487E+02  0.1672E+02  0.1858E+02  0.2046E+02  0.2236E+02  0.2428E+02  0.2622E+02  0.2816E+02  0.3010E+02  0.3205E+02  0.3400E+02  0.3596E+02  0.3792E+02  0.3987E+02  0.4183E+02  0.4379E+02  0.4574E+02  0.4770E+02  0.4916E+02  0.5001E+02
      7.3171       46.1429  0.6190E+01  0.7047E+01  0.8290E+01  0.9710E+01  0.1136E+02  0.1309E+02  0.1486E+02  0.1670E+02  0.1857E+02  0.2045E+02  0.2235E+02  0.2427E+02  0.2620E+02  0.2814E+02  0.3008E+02  0.3203E+02  0.3399E+02  0.3594E+02  0.3790E+02  0.3986E+02  0.4181E+02  0.4377E+02  0.4573E+02  0.4769E+02  0.4914E+02  0.4999E+02
      7.4526       55.8863  0.6184E+01  0.7036E+01  0.8275E+01  0.9693E+01  0.1134E+02  0.1307E+02  0.1484E+02  0.1668E+02  0.1855E+02  0.2043E+02  0.2233E+02  0.2425E+02  0.2618E+02  0.2812E+02  0.3006E+02  0.3201E+02  0.3397E+02  0.3592E+02  0.3788E+02  0.3984E+02  0.4179E+02  0.4375E+02  0.4571E+02  0.4767E+02  0.4912E+02  0.4997E+02
      7.5881       65.6297  0.6177E+01  0.7024E+01  0.8259E+01  0.9674E+01  0.1132E+02  0.1305E+02  0.1482E+02  0.1666E+02  0.1853E+02  0.2040E+02  0.2230E+02  0.2422E+02  0.2616E+02  0.2810E+02  0.3004E+02  0.3199E+02  0.3394E+02  0.3590E+02  0.3785E+02  0.3981E+02  0.4177E+02  0.4373E+02  0.4569E+02  0.4764E+02  0.4910E+02  0.4995E+02
      7.7236       75.3731  0.6170E+01  0.7011E+01  0.8242E+01  0.9654E+01  0.1130E+02  0.1303E+02  0.1480E+02  0.1664E+02  0.1850E+02  0.2038E+02  0.2228E+02  0.2420E+02  0.2613E+02  0.2807E+02  0.3002E+02  0.3197E+02  0.3392E+02  0.3587E+02  0.3783E+02  0.3979E+02  0.4175E+02  0.4370E+02  0.4566E+02  0.4762E+02  0.4907E+02  0.4992E+02
      7.8591       85.1164  0.6163E+01  0.6997E+01  0.8224E+01  0.9634E+01  0.1128E+02  0.1301E+02  0.1478E+02  0.1662E+02  0.1848E+02  0.2036E+02  0.2226E+02  0.2417E+02  0.2611E+02  0.2805E+02  0.2999E+02  0.3194E+02  0.3389E+02  0.3585E+02  0.3780E+02  0.3976E+02  0.4172E+02  0.4368E+02  0.4564E+02  0.4760E+02  0.4905E+02  0.4990E+02
      7.9946       94.8598  0.6155E+01  0.6983E+01  0.8206E+01  0.9613E+01  0.1126E+02  0.1299E+02  0.1476E+02  0.1659E+02  0.1846E+02  0.2033E+02  0.2223E+02  0.2415E+02  0.2608E+02  0.2802E+02  0.2997E+02  0.3192E+02  0.3387E+02  0.3582E+02  0.3778E+02  0.3974E+02  0.4170E+02  0.4365E+02  0.4561E+02  0.4757E+02  0.4902E+02  0.4987E+02
      8.1301      104.6032  0.6148E+01  0.6969E+01  0.8189E+01  0.9593E+01  0.1124E+02  0.1296E+02  0.1473E+02  0.1657E+02  0.1843E+02  0.2031E+02  0.2221E+02  0.2412E+02  0.2606E+02  0.2800E+02  0.2994E+02  0.3189E+02  0.3384E+02  0.3580E+02  0.3775E+02  0.3971E+02  0.4167E+02  0.4363E+02  0.4559E+02  0.4755E+02  0.4900E+02  0.4985E+02
      8.2656      114.3466  0.6141E+01  0.6957E+01  0.8172E+01  0.9575E+01  0.1122E+02  0.1294E+02  0.1471E+02  0.1655E+02  0.1841E+02  0.2028E+02  0.2218E+02  0.2410E+02  0.2603E+02  0.2797E+02  0.2992E+02  0.3187E+02  0.3382E+02  0.3578E+02  0.3773E+02  0.3969E+02  0.4165E+02  0.4361E+02  0.4556E+02  0.4752E+02  0.4897E+02  0.4982E+02
      8.4011      124.0900  0.6135E+01  0.6945E+01  0.8157E+01  0.9558E+01  0.1120E+02  0.1292E+02  0.1469E+02  0.1653E+02  0.1839E+02  0.2026E+02  0.2216E+02  0.2408E+02  0.2601E+02  0.2795E+02  0.2990E+02  0.3185E+02  0.3380E+02  0.3575E+02  0.3771E+02  0.3967E+02  0.4163E+02  0.4358E+02  0.4554E+02  0.4750E+02  0.4895E+02  0.4980E+02
      8.5366      133.8334  0.6129E+01  0.6934E+01  0.8143E+01  0.9543E+01  0.1118E+02  0.1291E+02  0.1468E+02  0.1651E+02  0.1837E+02  0.2024E+02  0.2214E+02  0.2406E+02  0.2599E+02  0.2793E+02  0.2988E+02  0.3183E+02  0.3378E+02  0.3573E+02  0.3769E+02  0.3965E+02  0.4161E+02  0.4356E+02  0.4552E+02  0.4748E+02  0.4893E+02  0.4979E+02
      8.6721      143.5768  0.6124E+01  0.6925E+01  0.8132E+01  0.9530E+01  0.1117E+02  0.1289E+02  0.1466E+02  0.1649E+02  0.1835E+02  0.2023E+02  0.2212E+02  0.2404E+02  0.2597E+02  0.2792E+02  0.2986E+02  0.3181E+02  0.3376E+02  0.3572E+02  0.3767E+02  0.3963E+02  0.4159E+02  0.4355E+02  0.4551E+02  0.4747E+02  0.4892E+02  0.4977E+02
      8.8076      153.3202  0.6121E+01  0.6918E+01  0.8123E+01  0.9520E+01  0.1116E+02  0.1288E+02  0.1465E+02  0.1648E+02  0.1834E+02  0.2021E+02  0.2211E+02  0.2403E+02  0.2596E+02  0.2790E+02  0.2985E+02  0.3180E+02  0.3375E+02  0.3571E+02  0.3766E+02  0.3962E+02  0.4158E+02  0.4353E+02  0.4549E+02  0.4745E+02  0.4890E+02  0.4976E+02
      8.9431      163.0635  0.6118E+01  0.6913E+01  0.8116E+01  0.9514E+01  0.1115E+02  0.1288E+02  0.1464E+02  0.1647E+02  0.1833E+02  0.2021E+02  0.2210E+02  0.2402E+02  0.2595E+02  0.2789E+02  0.2984E+02  0.3179E+02  0.3374E+02  0.3570E+02  0.3765E+02  0.3961E+02  0.4157E+02  0.4352E+02  0.4548E+02  0.4744E+02  0.4889E+02  0.4975E+02
      9.0786      172.8069  0.6117E+01  0.6910E+01  0.8113E+01  0.9511E+01  0.1115E+02  0.1287E+02  0.1463E+02  0.1646E+02  0.1833E+02  0.2020E+02  0.2210E+02  0.2402E+02  0.2595E+02  0.2789E+02  0.2984E+02  0.3178E+02  0.3374E+02  0.3569E+02  0.3765E+02  0.3960E+02  0.4156E+02  0.4352E+02  0.4548E+02  0.4744E+02  0.4889E+02  0.4975E+02
      9.2141      182.5503  0.6116E+01  0.6909E+01  0.8112E+01  0.9511E+01  0.1115E+02  0.1287E+02  0.1463E+02  0.1646E+02  0.1832E+02  0.2020E+02  0.2210E+02  0.2402E+02  0.2595E+02  0.2789E+02  0.2984E+02  0.3178E+02  0.3374E+02  0.3569E+02  0.3765E+02  0.3960E+02  0.4156E+02  0.4352E+02  0.4548E+02  0.4744E+02  0.4889E+02  0.4975E+02
      9.3496      192.2937  0.6117E+01  0.6911E+01  0.8115E+01  0.9515E+01  0.1115E+02  0.1287E+02  0.1463E+02  0.1646E+02  0.1833E+02  0.2020E+02  0.2210E+02  0.2402E+02  0.2595E+02  0.2789E+02  0.2984E+02  0.3179E+02  0.3374E+02  0.3569E+02  0.3765E+02  0.3961E+02  0.4156E+02  0.4352E+02  0.4548E+02  0.4744E+02  0.4889E+02  0.4975E+02
      9.4851      202.0371  0.6119E+01  0.6915E+01  0.8121E+01  0.9522E+01  0.1116E+02  0.1288E+02  0.1464E+02  0.1647E+02  0.1833E+02  0.2021E+02  0.2211E+02  0.2403E+02  0.2596E+02  0.2790E+02  0.2985E+02  0.3180E+02  0.3375E+02  0.3570E+02  0.3766E+02  0.3961E+02  0.4157E+02  0.4353E+02  0.4548E+02  0.4745E+02  0.4890E+02  0.4976E+02
      9.6206      211.7805  0.6123E+01  0.6921E+01  0.8129E+01  0.9532E+01  0.1117E+02  0.1289E+02  0.1465E+02  0.1648E+02  0.1835E+02  0.2022E+02  0.2212E+02  0.2404E+02  0.2597E+02  0.2791E+02  0.2986E+02  0.3181E+02  0.3376E+02  0.3571E+02  0.3767E+02  0.3962E+02  0.4158E+02  0.4354E+02  0.4550E+02  0.4746E+02  0.4891E+02  0.4978E+02
      9.7561      221.5239  0.6127E+01  0.6929E+01  0.8140E+01  0.9546E+01  0.1118E+02  0.1290E+02  0.1466E+02  0.1649E+02  0.1836E+02  0.2024E+02  0.2214E+02  0.2406E+02  0.2599E+02  0.2793E+02  0.2988E+02  0.3182E+02  0.3377E+02  0.3573E+02  0.3768E+02  0.3964E+02  0.4160E+02  0.4355E+02  0.4551E+02  0.4747E+02  0.4893E+02  0.4979E+02
      9.8916      231.2673  0.6132E+01  0.6939E+01  0.8153E+01  0.9561E+01  0.1120E+02  0.1292E+02  0.1468E+02  0.1651E+02  0.1838E+02  0.2025E+02  0.2215E+02  0.2407E+02  0.2601E+02  0.2795E+02  0.2989E+02  0.3184E+02  0.3379E+02  0.3575E+02  0.3770E+02  0.3966E+02  0.4162E+02  0.4357E+02  0.4553E+02  0.4749E+02  0.4895E+02  0.4981E+02
     10.0271      241.0106  0.6138E+01  0.6950E+01  0.8168E+01  0.9579E+01  0.1122E+02  0.1294E+02  0.1470E+02  0.1653E+02  0.1840E+02  0.2028E+02  0.2218E+02  0.2410E+02  0.2603E+02  0.2797E+02  0.2992E+02  0.3186E+02  0.3381E+02  0.3577E+02  0.3773E+02  0.3968E+02  0.4164E+02  0.4359E+02  0.4555E+02  0.4751E+02  0.4897E+02  0.4984E+02
     10.1626      250.7540  0.6144E+01  0.6963E+01  0.8185E+01  0.9599E+01  0.1124E+02  0.1296E+02  0.1472E+02  0.1655E+02  0.1842E+02  0.2030E+02  0.2220E+02  0.2412E+02  0.2605E+02  0.2799E+02  0.2994E+02  0.3189E+02  0.3384E+02  0.3579E+02  0.3775E+02  0.3971E+02  0.4166E+02  0.4362E+02  0.4557E+02  0.4754E+02  0.4899E+02  0.4986E+02
     10.2981      260.4974  0.6151E+01  0.6976E+01  0.8203E+01  0.9619E+01  0.1126E+02  0.1298E+02  0.1474E+02  0.1657E+02  0.1844E+02  0.2032E+02  0.2222E+02  0.2414E+02  0.2608E+02  0.2802E+02  0.2996E+02  0.3191E+02  0.3386E+02  0.3582E+02  0.3777E+02  0.3973E+02  0.4169E+02  0.4364E+02  0.4560E+02  0.4756E+02  0.4902E+02  0.4988E+02
     10.4336      270.2408  0.6159E+01  0.6990E+01  0.8221E+01  0.9640E+01  0.1128E+02  0.1300E+02  0.1476E+02  0.1660E+02  0.1847E+02  0.2035E+02  0.2225E+02  0.2417E+02  0.2610E+02  0.2804E+02  0.2999E+02  0.3194E+02  0.3389E+02  0.3584E+02  0.3780E+02  0.3976E+02  0.4171E+02  0.4367E+02  0.4563E+02  0.4759E+02  0.4905E+02  0.4991E+02
     10.5691      279.9842  0.6166E+01  0.7004E+01  0.8239E+01  0.9661E+01  0.1131E+02  0.1303E+02  0.1479E+02  0.1662E+02  0.1849E+02  0.2037E+02  0.2227E+02  0.2419E+02  0.2613E+02  0.2807E+02  0.3001E+02  0.3196E+02  0.3391E+02  0.3587E+02  0.3783E+02  0.3978E+02  0.4174E+02  0.4369E+02  0.4565E+02  0.4761E+02  0.4907E+02  0.4994E+02
     10.7046      289.7276  0.6174E+01  0.7017E+01  0.8257E+01  0.9681E+01  0.1133E+02  0.1305E+02  0.1481E+02  0.1665E+02  0.1851E+02  0.2040E+02  0.2230E+02  0.2422E+02  0.2615E+02  0.2809E+02  0.3004E+02  0.3199E+02  0.3394E+02  0.3589E+02  0.3785E+02  0.3981E+02  0.4176E+02  0.4372E+02  0.4568E+02  0.4764E+02  0.4910E+02  0.4996E+02
     10.8401      299.4710  0.6181E+01  0.7030E+01  0.8273E+01  0.9700E+01  0.1135E+02  0.1307E+02  0.1483E+02  0.1667E+02  0.1854E+02  0.2042E+02  0.2232E+02  0.2424E+02  0.2617E+02  0.2812E+02  0.3006E+02  0.3201E+02  0.3396E+02  0.3592E+02  0.3787E+02  0.3983E+02  0.4179E+02  0.4374E+02  0.4570E+02  0.4766E+02  0.4912E+02  0.4998E+02
     10.9756      309.2143  0.6187E+01  0.7042E+01  0.8288E+01  0.9716E+01  0.1136E+02  0.1309E+02  0.1485E+02  0.1669E+02  0.1856E+02  0.2044E+02  0.2234E+02  0.2426E+02  0.2620E+02  0.2814E+02  0.3008E+02  0.3203E+02  0.3398E+02  0.3594E+02  0.3790E+02  0.3985E+02  0.4181E+02  0.4376E+02  0.4572E+02  0.4768E+02  0.4914E+02  0.5000E+02
     11.1111      318.9577  0.6193E+01  0.7052E+01  0.8301E+01  0.9730E+01  0.1138E+02  0.1310E+02  0.1487E+02  0.1670E+02  0.1857E+02  0.2046E+02  0.2236E+02  0.2428E+02  0.2621E+02  0.2815E+02  0.3010E+02  0.3205E+02  0.3400E+02  0.3596E+02  0.3791E+02  0.3987E+02  0.4183E+02  0.4378E+02  0.4574E+02  0.4770E+02  0.4916E+02  0.5002E+02
     11.2466      328.7011  0.6198E+01  0.7060E+01  0.8312E+01  0.9742E+01  0.1139E+02  0.1311E+02  0.1488E+02  0.1672E+02  0.1859E+02  0.2047E+02  0.2237E+02  0.2429E+02  0.2623E+02  0.2817E+02  0.3011E+02  0.3206E+02  0.3402E+02  0.3597E+02  0.3793E+02  0.3989E+02  0.4184E+02  0.4380E+02  0.4576E+02  0.4772E+02  0.4917E+02  0.5003E+02
     11.3821      338.4445  0.6201E+01  0.7067E+01  0.8319E+01  0.9750E+01  0.1140E+02  0.1312E+02  0.1489E+02  0.1673E+02  0.1860E+02  0.2048E+02  0.2238E+02  0.2430E+02  0.2624E+02  0.2818E+02  0.3012E+02  0.3207E+02  0.3403E+02  0.3598E+02  0.3794E+02  0.3990E+02  0.4185E+02  0.4381E+02  0.4577E+02  0.4773E+02  0.4918E+02  0.5004E+02
     11.5176      348.1879  0.6204E+01  0.7071E+01  0.8324E+01  0.9754E+01  0.1140E+02  0.1313E+02  0.1490E+02  0.1674E+02  0.1861E+02  0.2049E+02  0.2239E+02  0.2431E+02  0.2624E+02  0.2819E+02  0.3013E+02  0.3208E+02  0.3403E+02  0.3599E+02  0.3795E+02  0.3990E+02  0.4186E+02  0.4382E+02  0.4577E+02  0.4773E+02  0.4919E+02  0.5005E+02
     11.6531      357.9313  0.6205E+01  0.7073E+01  0.8326E+01  0.9755E+01  0.1141E+02  0.1313E+02  0.1490E+02  0.1674E+02  0.1861E+02  0.2049E+02  0.2239E+02  0.2431E+02  0.2625E+02  0.2819E+02  0.3013E+02  0.3208E+02  0.3404E+02  0.3599E+02  0.3795E+02  0.3991E+02  0.4186E+02  0.4382E+02  0.4578E+02  0.4774E+02  0.4919E+02  0.5005E+02
     11.7886        7.6747  0.6204E+01  0.7072E+01  0.8324E+01  0.9752E+01  0.1140E+02  0.1313E+02  0.1490E+02  0.1674E+02  0.1861E+02  0.2049E+02  0.2239E+02  0.2431E+02  0.2625E+02  0.2819E+02  0.3013E+02  0.3208E+02  0.3403E+02  0.3599E+02  0.3795E+02  0.3990E+02  0.4186E+02  0.4382E+02  0.4577E+02  0.4773E+02  0.4919E+02  0.5005E+02
     11.9241       17.4181  0.6202E+01  0.7069E+01  0.8320E+01  0.9746E+01  0.1140E+02  0.1312E+02  0.1489E+02  0.1674E+02  0.1860E+02  0.2048E+02  0.2239E+02  0.2431E+02  0.2624E+02  0.2818E+02  0.3012E+02  0.3207E+02  0.3403E+02  0.3598E+02  0.3794E+02  0.3990E+02  0.4186E+02  0.4381E+02  0.4577E+02  0.4773E+02  0.4918E+02  0.5004E+02
     12.0596       27.1614  0.6199E+01  0.7064E+01  0.8312E+01  0.9736E+01  0.1139E+02  0.1311E+02  0.1489E+02  0.1673E+02  0.1860E+02  0.2047E+02  0.2238E+02  0.2430E+02  0.2623E+02  0.2817E+02  0.3011E+02  0.3206E+02  0.3402E+02  0.3597E+02  0.3793E+02  0.3989E+02  0.4184E+02  0.4380E+02  0.4576E+02  0.4772E+02  0.4917E+02  0.5003E+02
     12.1951       36.9048  0.6195E+01  0.7056E+01  0.8302E+01  0.9724E+01  0.1137E+02  0.1310E+02  0.1487E+02  0.1672E+02  0.1858E+02  0.2046E+02  0.2236E+02  0.2428E+02  0.2621E+02  0.2815E+02  0.3010E+02  0.3205E+02  0.3400E+02  0.3596E+02  0.3791E+02  0.3987E+02  0.4183E+02  0.4379E+02  0.4574E+02  0.4770E+02  0.4916E+02  0.5001E+02
     12.3306       46.6482  0.6190E+01  0.7047E+01  0.8289E+01  0.9709E+01  0.1136E+02  0.1309E+02  0.1486E+02  0.1670E+02  0.1857E+02  0.2045E+02  0.2234E+02  0.2427E+02  0.2620E+02  0.2814E+02  0.3008E+02  0.3203E+02  0.3399E+02  0.3594E+02  0.3790E+02  0.3985E+02  0.4181E+02  0.4377E+02  0.4573E+02  0.4769E+02  0.4914E+02  0.4999E+02
     12.4661       56.3916  0.6184E+01  0.7036E+01  0.8275E+01  0.9692E+01  0.1134E+02  0.1307E+02  0.1484E+02  0.1668E+02  0.1855E+02  0.2043E+02  0.2232E+02  0.2424E+02  0.2618E+02  0.2812E+02  0.3006E+02  0.3201E+02  0.3396E+02  0.3592E+02  0.3788E+02  0.3983E+02  0.4179E+02  0.4375E+02  0.4571E+02  0.4767E+02  0.4912E+02  0.4997E+02
     12.6016       66.1350  0.6177E+01  0.7023E+01  0.8258E+01  0.9673E+01  0.1132E+02  0.1305E+02  0.1482E+02  0.1666E+02  0.1853E+02  0.2040E+02  0.2230E+02  0.2422E+02  0.2615E+02  0.2809E+02  0.3004E+02  0.3199E+02  0.3394E+02  0.3590E+02  0.3785E+02  0.3981E+02  0.4177E+02  0.4373E+02  0.4568E+02  0.4764E+02  0.4909E+02  0.4995E+02
     12.7371       75.8784  0.6170E+01  0.7010E+01  0.8241E+01  0.9653E+01  0.1130E+02  0.1303E+02  0.1480E+02  0.1664E+02  0.1850E+02  0.2038E+02  0.2228E+02  0.2420E+02  0.2613E+02  0.2807E+02  0.3002E+02  0.3197E+02  0.3392E+02  0.3587E+02  0.3783E+02  0.3979E+02  0.4175E+02  0.4370E+02  0.4566E+02  0.4762E+02  0.4907E+02  0.4992E+02
     12.8726       85.6218  0.6162E+01  0.6996E+01  0.8223E+01  0.9633E+01  0.1128E+02  0.1301E+02  0.1478E+02  0.1662E+02  0.1848E+02  0.2036E+02  0.2225E+02  0.2417E+02  0.2610E+02  0.2804E+02  0.2999E+02  0.3194E+02  0.3389E+02  0.3585E+02  0.3780E+02  0.3976E+02  0.4172E+02  0.4368E+02  0.4564E+02  0.4759E+02  0.4905E+02  0.4990E+02
     13.0081       95.3652  0.6155E+01  0.6982E+01  0.8205E+01  0.9612E+01  0.1126E+02  0.1298E+02  0.1476E+02  0.1659E+02  0.1846E+02  0.2033E+02  0.2223E+02  0.2415E+02  0.2608E+02  0.2802E+02  0.2997E+02  0.3192E+02  0.3387E+02  0.3582E+02  0.3778E+02  0.3974E+02  0.4170E+02  0.4365E+02  0.4561E+02  0.4757E+02  0.4902E+02  0.4987E+02
     13.1436      105.1085  0.6147E+01  0.6969E+01  0.8188E+01  0.9592E+01  0.1124E+02  0.1296E+02  0.1473E+02  0.1657E+02  0.1843E+02  0.2031E+02  0.2220E+02  0.2412E+02  0.2605E+02  0.2799E+02  0.2994E+02  0.3189E+02  0.3384E+02  0.3580E+02  0.3775E+02  0.3971E+02  0.4167E+02  0.4363E+02  0.4559E+02  0.4755E+02  0.4900E+02  0.4985E+02
     13.2791      114.8519  0.6141E+01  0.6956E+01  0.8171E+01  0.9574E+01  0.1122E+02  0.1294E+02  0.1471E+02  0.1655E+02  0.1841E+02  0.2028E+02  0.2218E+02  0.2410E+02  0.2603E+02  0.2797E+02  0.2992E+02  0.3187E+02  0.3382E+02  0.3577E+02  0.3773E+02  0.3969E+02  0.4165E+02  0.4360E+02  0.4556E+02  0.4752E+02  0.4897E+02  0.4982E+02
     13.4146      124.5953  0.6134E+01  0.6944E+01  0.8156E+01  0.9557E+01  0.1120E+02  0.1292E+02  0.1469E+02  0.1652E+02  0.1839E+02  0.2026E+02  0.2216E+02  0.2408E+02  0.2601E+02  0.2795E+02  0.2990E+02  0.3185E+02  0.3380E+02  0.3575E+02  0.3771E+02  0.3967E+02  0.4163E+02  0.4358E+02  0.4554E+02  0.4750E+02  0.4895E+02  0.4980E+02
     13.5501      134.3387  0.6129E+01  0.6933E+01  0.8142E+01  0.9542E+01  0.1118E+02  0.1291E+02  0.1467E+02  0.1651E+02  0.1837E+02  0.2024E+02  0.2214E+02  0.2406E+02  0.2599E+02  0.2793E+02  0.2988E+02  0.3183E+02  0.3378E+02  0.3573E+02  0.3769E+02  0.3965E+02  0.4161E+02  0.4356E+02  0.4552E+02  0.4748E+02  0.4893E+02  0.4978E+02
     13.6856      144.0821  0.6124E+01  0.6924E+01  0.8131E+01  0.9529E+01  0.1117E+02  0.1289E+02  0.1466E+02  0.1649E+02  0.1835E+02  0.2023E+02  0.2212E+02  0.2404E+02  0.2597E+02  0.2791E+02  0.2986E+02  0.3181E+02  0.3376E+02  0.3572E+02  0.3767E+02  0.3963E+02  0.4159E+02  0.4355E+02  0.4551E+02  0.4746E+02  0.4892E+02  0.4977E+02
     13.8211      153.8255  0.6121E+01  0.6917E+01  0.8122E+01  0.9520E+01  0.1116E+02  0.1288E+02  0.1465E+02  0.1648E+02  0.1834E+02  0.2021E+02  0.2211E+02  0.2403E+02  0.2596E+02  0.2790E+02  0.2985E+02  0.3180E+02  0.3375E+02  0.3570E+02  0.3766E+02  0.3962E+02  0.4158E+02  0.4353E+02  0.4549E+02  0.4745E+02  0.4890E+02  0.4976E+02
     13.9566      163.5689  0.6118E+01  0.6913E+01  0.8116E+01  0.9514E+01  0.1115E+02  0.1287E+02  0.1464E+02  0.1647E+02  0.1833E+02  0.2020E+02  0.2210E+02  0.2402E+02  0.2595E+02  0.2789E+02  0.2984E+02  0.3179E+02  0.3374E+02  0.3570E+02  0.3765E+02  0.3961E+02  0.4157E+02  0.4352E+02  0.4548E+02  0.4744E+02  0.4889E+02  0.4975E+02
     14.0921      173.3122  0.6117E+01  0.6910E+01  0.8113E+01  0.9511E+01  0.1115E+02  0.1287E+02  0.1463E+02  0.1646E+02  0.1833E+02  0.2020E+02  0.2210E+02  0.2402E+02  0.2595E+02  0.2789E+02  0.2984E+02  0.3178E+02  0.3374E+02  0.3569E+02  0.3765E+02  0.3960E+02  0.4156E+02  0.4352E+02  0.4548E+02  0.4744E+02  0.4889E+02  0.4975E+02
     14.2276      183.0556  0.6116E+01  0.6909E+01  0.8112E+01  0.9511E+01  0.1115E+02  0.1287E+02  0.1463E+02  0.1646E+02  0.1832E+02  0.2020E+02  0.2210E+02  0.2402E+02  0.2595E+02  0.2789E+02  0.2984E+02  0.3178E+02  0.3374E+02  0.3569E+02  0.3765E+02  0.3960E+02  0.4156E+02  0.4352E+02  0.4548E+02  0.4744E+02  0.4889E+02  0.4975E+02
     14.3631      192.7990  0.6117E+01  0.6911E+01  0.8115E+01  0.9515E+01  0.1115E+02  0.1287E+02  0.1463E+02  0.1646E+02  0.1833E+02  0.2020E+02  0.2210E+02  0.2402E+02  0.2595E+02  0.2789E+02  0.2984E+02  0.3179E+02  0.3374E+02  0.3569E+02  0.3765E+02  0.3961E+02  0.4156E+02  0.4352E+02  0.4548E+02  0.4744E+02  0.4889E+02  0.4975E+02
     14.4986      202.5424  0.6120E+01  0.6915E+01  0.8121E+01  0.9522E+01  0.1116E+02  0.1288E+02  0.1464E+02  0.1647E+02  0.1834E+02  0.2021E+02  0.2211E+02  0.2403E+02  0.2596E+02  0.2790E+02  0.2985E+02  0.3180E+02  0.3375E+02  0.3570E+02  0.3766E+02  0.3961E+02  0.4157E+02  0.4353E+02  0.4549E+02  0.4745E+02  0.4890E+02  0.4976E+02
     14.6341      212.2858  0.6123E+01  0.6921E+01  0.8129E+01  0.9533E+01  0.1117E+02  0.1289E+02  0.1465E+02  0.1648E+02  0.1835E+02  0.2022E+02  0.2212E+02  0.2404E+02  0.2597E+02  0.2791E+02  0.2986E+02  0.3181E+02  0.3376E+02  0.3571E+02  0.3767E+02  0.3963E+02  0.4158E+02  0.4354E+02  0.4550E+02  0.4746E+02  0.4891E+02  0.4978E+02
     14.7696      222.0292  0.6127E+01  0.6929E+01  0.8140E+01  0.9546E+01  0.1119E+02  0.1291E+02  0.1466E+02  0.1649E+02  0.1836E+02  0.2024E+02  0.2214E+02  0.2406E+02  0.2599E+02  0.2793E+02  0.2988E+02  0.3182E+02  0.3378E+02  0.3573E+02  0.3769E+02  0.3964E+02  0.4160E+02  0.4355E+02  0.4551E+02  0.4747E+02  0.4893E+02  0.4979E+02
     14.9051      231.7726  0.6132E+01  0.6939E+01  0.8154E+01  0.9562E+01  0.1120E+02  0.1292E+02  0.1468E+02  0.1651E+02  0.1838E+02  0.2026E+02  0.2216E+02  0.2408E+02  0.2601E+02  0.2795E+02  0.2990E+02  0.3184E+02  0.3379E+02  0.3575E+02  0.3770E+02  0.3966E+02  0.4162E+02  0.4357E+02  0.4553E+02  0.4749E+02  0.4895E+02  0.4981E+02
     15.0407      241.5160  0.6138E+01  0.6951E+01  0.8169E+01  0.9580E+01  0.1122E+02  0.1294E+02  0.1470E+02  0.1653E+02  0.1840E+02  0.2028E+02  0.2218E+02  0.2410E+02  0.2603E+02  0.2797E+02  0.2992E+02  0.3186E+02  0.3382E+02  0.3577E+02  0.3773E+02  0.3968E+02  0.4164E+02  0.4359E+02  0.4555E+02  0.4751E+02  0.4897E+02  0.4984E+02
     15.1762      251.2593  0.6145E+01  0.6963E+01  0.8186E+01  0.9600E+01  0.1124E+02  0.1296E+02  0.1472E+02  0.1655E+02  0.1842E+02  0.2030E+02  0.2220E+02  0.2412E+02  0.2605E+02  0.2799E+02  0.2994E+02  0.3189E+02  0.3384E+02  0.3579E+02  0.3775E+02  0.3971E+02  0.4166E+02  0.4362E+02  0.4558E+02  0.4754E+02  0.4900E+02  0.4986E+02
     15.3117      261.0027  0.6152E+01  0.6977E+01  0.8204E+01  0.9620E+01  0.1126E+02  0.1298E+02  0.1474E+02  0.1658E+02  0.1844E+02  0.2032E+02  0.2222E+02  0.2415E+02  0.2608E+02  0.2802E+02  0.2997E+02  0.3191E+02  0.3386E+02  0.3582E+02  0.3778E+02  0.3973E+02  0.4169E+02  0.4364E+02  0.4560E+02  0.4756E+02  0.4902E+02  0.4989E+02
     15.4472      270.7461  0.6159E+01  0.6990E+01  0.8222E+01  0.9641E+01  0.1128E+02  0.1301E+02  0.1477E+02  0.1660E+02  0.1847E+02  0.2035E+02  0.2225E+02  0.2417E+02  0.2610E+02  0.2804E+02  0.2999E+02  0.3194E+02  0.3389E+02  0.3584E+02  0.3780E+02  0.3976E+02  0.4171E+02  0.4367E+02  0.4563E+02  0.4759E+02  0.4905E+02  0.4991E+02
     15.5827      280.4895  0.6167E+01  0.7004E+01  0.8240E+01  0.9662E+01  0.1131E+02  0.1303E+02  0.1479E+02  0.1662E+02  0.1849E+02  0.2037E+02  0.2227E+02  0.2420E+02  0.2613E+02  0.2807E+02  0.3002E+02  0.3196E+02  0.3391E+02  0.3587E+02  0.3783E+02  0.3978E+02  0.4174E+02  0.4369E+02  0.4565E+02  0.4761E+02  0.4907E+02  0.4994E+02
     15.7182      290.2329  0.6174E+01  0.7018E+01  0.8258E+01  0.9682E+01  0.1133E+02  0.1305E+02  0.1481E+02  0.1665E+02  0.1852E+02  0.2040E+02  0.2230E+02  0.2422E+02  0.2615E+02  0.2809E+02  0.3004E+02  0.3199E+02  0.3394E+02  0.3589E+02  0.3785E+02  0.3981E+02  0.4177E+02  0.4372E+02  0.4568E+02  0.4764E+02  0.4910E+02  0.4996E+02
     15.8537      299.9763  0.6181E+01  0.7031E+01  0.8274E+01  0.9701E+01  0.1135E+02  0.1307E+02  0.1483E+02  0.1667E+02  0.1854E+02  0.2042E+02  0.2232E+02  0.2424E+02  0.2618E+02  0.2812E+02  0.3006E+02  0.3201E+02  0.3396E+02  0.3592E+02  0.3788E+02  0.3983E+02  0.4179E+02  0.4374E+02  0.4570E+02  0.4766E+02  0.4912E+02  0.4998E+02
     15.9892      309.7197  0.6188E+01  0.7042E+01  0.8289E+01  0.9717E+01  0.1136E+02  0.1309E+02  0.1485E+02  0.1669E+02  0.1856E+02  0.2044E+02  0.2234E+02  0.2426E+02  0.2620E+02  0.2814E+02  0.3008E+02  0.3203E+02  0.3398E+02  0.3594E+02  0.3790E+02  0.3986E+02  0.4181E+02  0.4376E+02  0.4572E+02  0.4768E+02  0.4914E+02  0.5000E+02
     16.1247      319.4631  0.6193E+01  0.7052E+01  0.8302E+01  0.9731E+01  0.1138E+02  0.1310E+02  0.1487E+02  0.1671E+02  0.1858E+02  0.2046E+02  0.2236E+02  0.2428E+02  0.2621E+02  0.2815E+02  0.3010E+02  0.3205E+02  0.3400E+02  0.3596E+02  0.3791E+02  0.3987E+02  0.4183E+02  0.4378E+02  0.4574E+02  0.4770E+02  0.4916E+02  0.5002E+02
     16.2602      329.2064  0.6198E+01  0.7061E+01  0.8312E+01  0.9742E+01  0.1139E+02  0.1311E+02  0.1488E+02  0.1672E+02  0.1859E+02  0.2047E+02  0.2237E+02  0.2429E+02  0.2623E+02  0.2817E+02  0.3011E+02  0.3206E+02  0.3402E+02  0.3597E+02  0.3793E+02  0.3989E+02  0.4184E+02  0.4380E+02  0.4576E+02  0.4772E+02  0.4917E+02  0.5003E+02
     16.3957      338.9498  0.6201E+01  0.7067E+01  0.8320E+01  0.9750E+01  0.1140E+02  0.1312E+02  0.1489E+02  0.1673E+02  0.1860E+02  0.2048E+02  0.2238E+02  0.2431E+02  0.2624E+02  0.2818E+02  0.3013E+02  0.3207E+02  0.3403E+02  0.3598E+02  0.3794E+02  0.3990E+02  0.4186E+02  0.4381E+02  0.4577E+02  0.4773E+02  0.4918E+02  0.5004E+02
     16.5312      348.6932  0.6204E+01  0.7071E+01  0.8324E+01  0.9754E+01  0.1140E+02  0.1313E+02  0.1490E+02  0.1674E+02  0.1861E+02  0.2049E+02  0.2239E+02  0.2431E+02  0.2625E+02  0.2819E+02  0.3013E+02  0.3208E+02  0.3403E+02  0.3599E+02  0.3795E+02  0.3990E+02  0.4186E+02  0.4382E+02  0.4577E+02  0.4773E+02  0.4919E+02  0.5005E+02
     16.6667      358.4366  0.6205E+01  0.7073E+01  0.8326E+01  0.9755E+01  0.1140E+02  0.1313E+02  0.1490E+02  0.1674E+02  0.1861E+02  0.2049E+02  0.2239E+02  0.2431E+02  0.2625E+02  0.2819E+02  0.3013E+02  0.3208E+02  0.3404E+02  0.3599E+02  0.3795E+02  0.3991E+02  0.4186E+02  0.4382E+02  0.4578E+02  0.4774E+02  0.4919E+02  0.5005E+02
     16.8022        8.1800  0.6204E+01  0.7072E+01  0.8324E+01  0.9752E+01  0.1140E+02  0.1313E+02  0.1490E+02  0.1674E+02  0.1861E+02  0.2049E+02  0.2239E+02  0.2431E+02  0.2625E+02  0.2819E+02  0.3013E+02  0.3208E+02  0.3403E+02  0.3599E+02  0.3795E+02  0.3990E+02  0.4186E+02  0.4382E+02  0.4577E+02  0.4773E+02  0.4919E+02  0.5004E+02
     16.9377       17.9234  0.6202E+01  0.7069E+01  0.8319E+01  0.9745E+01  0.1140E+02  0.1312E+02  0.1489E+02  0.1674E+02  0.1860E+02  0.2048E+02  0.2238E+02  0.2431E+02  0.2624E+02  0.2818E+02  0.3012E+02  0.3207E+02  0.3403E+02  0.3598E+02  0.3794E+02  0.3990E+02  0.4185E+02  0.4381E+02  0.4577E+02  0.4773E+02  0.4918E+02  0.5004E+02
     17.0732       27.6668  0.6199E+01  0.7063E+01  0.8312E+01  0.9736E+01  0.1139E+02  0.1311E+02  0.1489E+02  0.1673E+02  0.1859E+02  0.2047E+02  0.2237E+02  0.2430E+02  0.2623E+02  0.2817E+02  0.3011E+02  0.3206E+02  0.3402E+02  0.3597E+02  0.3793E+02  0.3989E+02  0.4184E+02  0.4380E+02  0.4576E+02  0.4772E+02  0.4917E+02  0.5002E+02
     17.2087       37.4101  0.6195E+01  0.7056E+01  0.8301E+01  0.9723E+01  0.1137E+02  0.1310E+02  0.1487E+02  0.1671E+02  0.1858E+02  0.2046E+02  0.2236E+02  0.2428E+02  0.2621E+02  0.2815E+02  0.3010E+02  0.3205E+02  0.3400E+02  0.3596E+02  0.3791E+02  0.3987E+02  0.4183E+02  0.4378E+02  0.4574E+02  0.4770E+02  0.4916E+02  0.5001E+02
     17.3442       47.1535  0.6190E+01  0.7046E+01  0.8288E+01  0.9708E+01  0.1136E+02  0.1309E+02  0.1486E+02  0.1670E+02  0.1857E+02  0.2044E+02  0.2234E+02  0.2426E+02  0.2620E+02  0.2814E+02  0.3008E+02  0.3203E+02  0.3398E+02  0.3594E+02  0.3790E+02  0.3985E+02  0.4181E+02  0.4377E+02  0.4573E+02  0.4769E+02  0.4914E+02  0.4999E+02
     17.4797       56.8969  0.6183E+01  0.7035E+01  0.8274E+01  0.9691E+01  0.1134E+02  0.1307E+02  0.1484E+02  0.1668E+02  0.1855E+02  0.2042E+02  0.2232E+02  0.2424E+02  0.2618E+02  0.2812E+02  0.3006E+02  0.3201E+02  0.3396E+02  0.3592E+02  0.3787E+02  0.3983E+02  0.4179E+02  0.4375E+02  0.4571E+02  0.4766E+02  0.4912E+02  0.4997E+02
     17.6152       66.6403  0.6177E+01  0.7023E+01  0.8257E+01  0.9672E+01  0.1132E+02  0.1305E+02  0.1482E+02  0.1666E+02  0.1853E+02  0.2040E+02  0.2230E+02  0.2422E+02  0.2615E+02  0.2809E+02  0.3004E+02  0.3199E+02  0.3394E+02  0.3590E+02  0.3785E+02  0.3981E+02  0.4177E+02  0.4373E+02  0.4568E+02  0.4764E+02  0.4909E+02  0.4995E+02
     17.7507       76.3837  0.6169E+01  0.7009E+01  0.8240E+01  0.9652E+01  0.1130E+02  0.1303E+02  0.1480E+02  0.1664E+02  0.1850E+02  0.2038E+02  0.2228E+02  0.2420E+02  0.2613E+02  0.2807E+02  0.3001E+02  0.3196E+02  0.3392E+02  0.3587E+02  0.3783E+02  0.3979E+02  0.4174E+02  0.4370E+02  0.4566E+02  0.4762E+02  0.4907E+02  0.4992E+02
     17.8862       86.1271  0.6162E+01  0.6996E+01  0.8222E+01  0.9632E+01  0.1128E+02  0.1301E+02  0.1478E+02  0.1661E+02  0.1848E+02  0.2035E+02  0.2225E+02  0.2417E+02  0.2610E+02  0.2804E+02  0.2999E+02  0.3194E+02  0.3389E+02  0.3585E+02  0.3780E+02  0.3976E+02  0.4172E+02  0.4368E+02  0.4564E+02  0.4759E+02  0.4904E+02  0.4990E+02
     18.0217       95.8705  0.6154E+01  0.6982E+01  0.8204E+01  0.9611E+01  0.1126E+02  0.1298E+02  0.1475E+02  0.1659E+02  0.1845E+02  0.2033E+02  0.2223E+02  0.2415E+02  0.2608E+02  0.2802E+02  0.2996E+02  0.3191E+02  0.3387E+02  0.3582E+02  0.3778E+02  0.3974E+02  0.4169E+02  0.4365E+02  0.4561E+02  0.4757E+02  0.4902E+02  0.4987E+02
     18.1572      105.6139  0.6147E+01  0.6968E+01  0.8187E+01  0.9591E+01  0.1124E+02  0.1296E+02  0.1473E+02  0.1657E+02  0.1843E+02  0.2030E+02  0.2220E+02  0.2412E+02  0.2605E+02  0.2799E+02  0.2994E+02  0.3189E+02  0.3384E+02  0.3580E+02  0.3775E+02  0.3971E+02  0.4167E+02  0.4363E+02  0.4559E+02  0.4754E+02  0.4899E+02  0.4985E+02
     18.2927      115.3572  0.6140E+01  0.6955E+01  0.8170E+01  0.9573E+01  0.1122E+02  0.1294E+02  0.1471E+02  0.1654E+02  0.1841E+02  0.2028E+02  0.2218E+02  0.2410E+02  0.2603E+02  0.2797E+02  0.2992E+02  0.3187E+02  0.3382E+02  0.3577E+02  0.3773E+02  0.3969E+02  0.4165E+02  0.4360E+02  0.4556E+02  0.4752E+02  0.4897E+02  0.4982E+02
     18.4282      125.1006  0.6134E+01  0.6943E+01  0.8155E+01  0.9556E+01  0.1120E+02  0.1292E+02  0.1469E+02  0.1652E+02  0.1839E+02  0.2026E+02  0.2216E+02  0.2408E+02  0.2601E+02  0.2795E+02  0.2989E+02  0.3184E+02  0.3380E+02  0.3575E+02  0.3771E+02  0.3967E+02  0.4162E+02  0.4358E+02  0.4554E+02  0.4750E+02  0.4895E+02  0.4980E+02
     18.5637      134.8440  0.6129E+01  0.6933E+01  0.8142E+01  0.9541E+01  0.1118E+02  0.1291E+02  0.1467E+02  0.1650E+02  0.1837E+02  0.2024E+02  0.2214E+02  0.2406E+02  0.2599E+02  0.2793E+02  0.2988E+02  0.3183E+02  0.3378E+02  0.3573E+02  0.3769E+02  0.3965E+02  0.4160E+02  0.4356E+02  0.4552E+02  0.4748E+02  0.4893E+02  0.4978E+02
     18.6992      144.5874  0.6124E+01  0.6924E+01  0.8130E+01  0.9529E+01  0.1117E+02  0.1289E+02  0.1466E+02  0.1649E+02  0.1835E+02  0.2023E+02  0.2212E+02  0.2404E+02  0.2597E+02  0.2791E+02  0.2986E+02  0.3181E+02  0.3376E+02  0.3572E+02  0.3767E+02  0.3963E+02  0.4159E+02  0.4355E+02  0.4550E+02  0.4746E+02  0.4891E+02  0.4977E+02
     18.8347      154.3308  0.6120E+01  0.6917E+01  0.8122E+01  0.9519E+01  0.1116E+02  0.1288E+02  0.1465E+02  0.1648E+02  0.1834E+02  0.2021E+02  0.2211E+02  0.2403E+02  0.2596E+02  0.2790E+02  0.2985E+02  0.3180E+02  0.3375E+02  0.3570E+02  0.3766E+02  0.3962E+02  0.4158E+02  0.4353E+02  0.4549E+02  0.4745E+02  0.4890E+02  0.4976E+02
     18.9702      164.0742  0.6118E+01  0.6912E+01  0.8116E+01  0.9513E+01  0.1115E+02  0.1287E+02  0.1464E+02  0.1647E+02  0.1833E+02  0.2020E+02  0.2210E+02  0.2402E+02  0.2595E+02  0.2789E+02  0.2984E+02  0.3179E+02  0.3374E+02  0.3570E+02  0.3765E+02  0.3961E+02  0.4157E+02  0.4352E+02  0.4548E+02  0.4744E+02  0.4889E+02  0.4975E+02
     19.1057      173.8176  0.6117E+01  0.6910E+01  0.8113E+01  0.9511E+01  0.1115E+02  0.1287E+02  0.1463E+02  0.1646E+02  0.1833E+02  0.2020E+02  0.2210E+02  0.2402E+02  0.2595E+02  0.2789E+02  0.2984E+02  0.3178E+02  0.3374E+02  0.3569E+02  0.3765E+02  0.3960E+02  0.4156E+02  0.4352E+02  0.4548E+02  0.4744E+02  0.4889E+02  0.4975E+02
     19.2412      183.5610  0.6116E+01  0.6909E+01  0.8112E+01  0.9511E+01  0.1115E+02  0.1287E+02  0.1463E+02  0.1646E+02  0.1832E+02  0.2020E+02  0.2210E+02  0.2402E+02  0.2595E+02  0.2789E+02  0.2984E+02  0.3178E+02  0.3374E+02  0.3569E+02  0.3765E+02  0.3960E+02  0.4156E+02  0.4352E+02  0.4548E+02  0.4744E+02  0.4889E+02  0.4975E+02
     19.3767      193.3043  0.6117E+01  0.6911E+01  0.8115E+01  0.9515E+01  0.1115E+02  0.1287E+02  0.1463E+02  0.1646E+02  0.1833E+02  0.2020E+02  0.2210E+02  0.2402E+02  0.2595E+02  0.2789E+02  0.2984E+02  0.3179E+02  0.3374E+02  0.3569E+02  0.3765E+02  0.3961E+02  0.4156E+02  0.4352E+02  0.4548E+02  0.4744E+02  0.4889E+02  0.4975E+02
     19.5122      203.0477  0.6120E+01  0.6915E+01  0.8121E+01  0.9523E+01  0.1116E+02  0.1288E+02  0.1464E+02  0.1647E+02  0.1834E+02  0.2021E+02  0.2211E+02  0.2403E+02  0.2596E+02  0.2790E+02  0.2985E+02  0.3180E+02  0.3375E+02  0.3570E+02  0.3766E+02  0.3961E+02  0.4157E+02  0.4353E+02  0.4549E+02  0.4745E+02  0.4890E+02  0.4976E+02
     19.6477      212.7911  0.6123E+01  0.6922E+01  0.8130E+01  0.9533E+01  0.1117E+02  0.1289E+02  0.1465E+02  0.1648E+02  0.1835E+02  0.2022E+02  0.2212E+02  0.2404E+02  0.2597E+02  0.2792E+02  0.2986E+02  0.3181E+02  0.3376E+02  0.3571E+02  0.3767E+02  0.3963E+02  0.4158E+02  0.4354E+02  0.4550E+02  0.4746E+02  0.4891E+02  0.4978E+02
     19.7832      222.5345  0.6127E+01  0.6930E+01  0.8141E+01  0.9547E+01  0.1119E+02  0.1291E+02  0.1467E+02  0.1650E+02  0.1836E+02  0.2024E+02  0.2214E+02  0.2406E+02  0.2599E+02  0.2793E+02  0.2988E+02  0.3182E+02  0.3378E+02  0.3573E+02  0.3769E+02  0.3964E+02  0.4160E+02  0.4355E+02  0.4551E+02  0.4747E+02  0.4893E+02  0.4979E+02
     19.9187      232.2779  0.6132E+01  0.6940E+01  0.8155E+01  0.9563E+01  0.1120E+02  0.1292E+02  0.1468E+02  0.1651E+02  0.1838E+02  0.2026E+02  0.2216E+02  0.2408E+02  0.2601E+02  0.2795E+02  0.2990E+02  0.3184E+02  0.3380E+02  0.3575E+02  0.3771E+02  0.3966E+02  0.4162E+02  0.4357E+02  0.4553E+02  0.4749E+02  0.4895E+02  0.4981E+02
     20.0542      242.0213  0.6138E+01  0.6951E+01  0.8170E+01  0.9581E+01  0.1122E+02  0.1294E+02  0.1470E+02  0.1653E+02  0.1840E+02  0.2028E+02  0.2218E+02  0.2410E+02  0.2603E+02  0.2797E+02  0.2992E+02  0.3187E+02  0.3382E+02  0.3577E+02  0.3773E+02  0.3968E+02  0.4164E+02  0.4359E+02  0.4555E+02  0.4751E+02  0.4897E+02  0.4984E+02
     20.1897      251.7647  0.6145E+01  0.6964E+01  0.8187E+01  0.9601E+01  0.1124E+02  0.1296E+02  0.1472E+02  0.1655E+02  0.1842E+02  0.2030E+02  0.2220E+02  0.2412E+02  0.2606E+02  0.2800E+02  0.2994E+02  0.3189E+02  0.3384E+02  0.3580E+02  0.3775E+02  0.3971E+02  0.4166E+02  0.4362E+02  0.4558E+02  0.4754E+02  0.4900E+02  0.4986E+02
     20.3252      261.5080  0.6152E+01  0.6977E+01  0.8205E+01  0.9622E+01  0.1126E+02  0.1298E+02  0.1474E+02  0.1658E+02  0.1845E+02  0.2032E+02  0.2223E+02  0.2415E+02  0.2608E+02  0.2802E+02  0.2997E+02  0.3191E+02  0.3387E+02  0.3582E+02  0.3778E+02  0.3973E+02  0.4169E+02  0.4364E+02  0.4560E+02  0.4756E+02  0.4902E+02  0.4989E+02
     20.4607      271.2514  0.6160E+01  0.6991E+01  0.8223E+01  0.9643E+01  0.1129E+02  0.1301E+02  0.1477E+02  0.1660E+02  0.1847E+02  0.2035E+02  0.2225E+02  0.2417E+02  0.2611E+02  0.2805E+02  0.2999E+02  0.3194E+02  0.3389E+02  0.3585E+02  0.3780E+02  0.3976E+02  0.4172E+02  0.4367E+02  0.4563E+02  0.4759E+02  0.4905E+02  0.4991E+02
     20.5962      280.9948  0.6167E+01  0.7005E+01  0.8241E+01  0.9663E+01  0.1131E+02  0.1303E+02  0.1479E+02  0.1662E+02  0.1849E+02  0.2037E+02  0.2228E+02  0.2420E+02  0.2613E+02  0.2807E+02  0.3002E+02  0.3196E+02  0.3392E+02  0.3587E+02  0.3783E+02  0.3979E+02  0.4174E+02  0.4370E+02  0.4566E+02  0.4762E+02  0.4907E+02  0.4994E+02
     20.7317      290.7382  0.6175E+01  0.7019E+01  0.8259E+01  0.9683E+01  0.1133E+02  0.1305E+02  0.1481E+02  0.1665E+02  0.1852E+02  0.2040E+02  0.2230E+02  0.2422E+02  0.2615E+02  0.2810E+02  0.3004E+02  0.3199E+02  0.3394E+02  0.3590E+02  0.3785E+02  0.3981E+02  0.4177E+02  0.4372E+02  0.4568E+02  0.4764E+02  0.4910E+02  0.4996E+02
     20.8672      300.4816  0.6182E+01  0.7031E+01  0.8275E+01  0.9702E+01  0.1135E+02  0.1307E+02  0.1483E+02  0.1667E+02  0.1854E+02  0.2042E+02  0.2232E+02  0.2424E+02  0.2618E+02  0.2812E+02  0.3006E+02  0.3201E+02  0.3396E+02  0.3592E+02  0.3788E+02  0.3983E+02  0.4179E+02  0.4374E+02  0.4570E+02  0.4766E+02  0.4912E+02  0.4999E+02
     21.0027      310.2250  0.6188E+01  0.7043E+01  0.8290E+01  0.9718E+01  0.1136E+02  0.1309E+02  0.1485E+02  0.1669E+02  0.1856E+02  0.2044E+02  0.2234E+02  0.2426E+02  0.2620E+02  0.2814E+02  0.3008E+02  0.3203E+02  0.3398E+02  0.3594E+02  0.3790E+02  0.3986E+02  0.4181E+02  0.4377E+02  0.4572E+02  0.4768E+02  0.4914E+02  0.5000E+02
     21.1382      319.9684  0.6193E+01  0.7053E+01  0.8302E+01  0.9732E+01  0.1138E+02  0.1310E+02  0.1487E+02  0.1671E+02  0.1858E+02  0.2046E+02  0.2236E+02  0.2428E+02  0.2621E+02  0.2816E+02  0.3010E+02  0.3205E+02  0.3400E+02  0.3596E+02  0.3792E+02  0.3987E+02  0.4183E+02  0.4378E+02  0.4574E+02  0.4770E+02  0.4916E+02  0.5002E+02
     21.2737      329.7118  0.6198E+01  0.7061E+01  0.8313E+01  0.9743E+01  0.1139E+02  0.1312E+02  0.1488E+02  0.1672E+02  0.1859E+02  0.2047E+02  0.2237E+02  0.2430E+02  0.2623E+02  0.2817E+02  0.3012E+02  0.3206E+02  0.3402E+02  0.3597E+02  0.3793E+02  0.3989E+02  0.4184E+02  0.4380E+02  0.4576E+02  0.4772E+02  0.4917E+02  0.5003E+02
     21.4092      339.4551  0.6202E+01  0.7067E+01  0.8320E+01  0.9750E+01  0.1140E+02  0.1312E+02  0.1489E+02  0.1673E+02  0.1860E+02  0.2048E+02  0.2238E+02  0.2431E+02  0.2624E+02  0.2818E+02  0.3013E+02  0.3207E+02  0.3403E+02  0.3598E+02  0.3794E+02  0.3990E+02  0.4186E+02  0.4381E+02  0.4577E+02  0.4773E+02  0.4918E+02  0.5004E+02
     21.5447      349.1985  0.6204E+01  0.7071E+01  0.8324E+01  0.9754E+01  0.1140E+02  0.1313E+02  0.1490E+02  0.1674E+02  0.1861E+02  0.2049E+02  0.2239E+02  0.2431E+02  0.2625E+02  0.2819E+02  0.3013E+02  0.3208E+02  0.3403E+02  0.3599E+02  0.3795E+02  0.3991E+02  0.4186E+02  0.4382E+02  0.4577E+02  0.4773E+02  0.4919E+02  0.5005E+02
     21.6802      358.9419  0.6205E+01  0.7073E+01  0.8326E+01  0.9755E+01  0.1140E+02  0.1313E+02  0.1490E+02  0.1674E+02  0.1861E+02  0.2049E+02  0.2239E+02  0.2431E+02  0.2625E+02  0.2819E+02  0.3013E+02  0.3208E+02  0.3404E+02  0.3599E+02  0.3795E+02  0.3991E+02  0.4186E+02  0.4382E+02  0.4578E+02  0.4774E+02  0.4919E+02  0.5005E+02
     21.8157        8.6853  0.6204E+01  0.7072E+01  0.8324E+01  0.9752E+01  0.1140E+02  0.1313E+02  0.1490E+02  0.1674E+02  0.1861E+02  0.2049E+02  0.2239E+02  0.2431E+02  0.2624E+02  0.2819E+02  0.3013E+02  0.3208E+02  0.3403E+02  0.3599E+02  0.3795E+02  0.3990E+02  0.4186E+02  0.4382E+02  0.4577E+02  0.4773E+02  0.4919E+02  0.5004E+02
     21.9512       18.4287  0.6202E+01  0.7068E+01  0.8319E+01  0.9745E+01  0.1140E+02  0.1312E+02  0.1489E+02  0.1674E+02  0.1860E+02  0.2048E+02  0.2238E+02  0.2431E+02  0.2624E+02  0.2818E+02  0.3012E+02  0.3207E+02  0.3403E+02  0.3598E+02  0.3794E+02  0.3990E+02  0.4185E+02  0.4381E+02  0.4577E+02  0.4773E+02  0.4918E+02  0.5004E+02
     22.0867       28.1721  0.6199E+01  0.7063E+01  0.8311E+01  0.9735E+01  0.1139E+02  0.1311E+02  0.1488E+02  0.1673E+02  0.1859E+02  0.2047E+02  0.2237E+02  0.2429E+02  0.2623E+02  0.2817E+02  0.3011E+02  0.3206E+02  0.3402E+02  0.3597E+02  0.3793E+02  0.3989E+02  0.4184E+02  0.4380E+02  0.4576E+02  0.4772E+02  0.4917E+02  0.5002E+02
     22.2222       37.9155  0.6195E+01  0.7055E+01  0.8301E+01  0.9722E+01  0.1137E+02  0.1310E+02  0.1487E+02  0.1671E+02  0.1858E+02  0.2046E+02  0.2236E+02  0.2428E+02  0.2621E+02  0.2815E+02  0.3010E+02  0.3205E+02  0.3400E+02  0.3596E+02  0.3791E+02  0.3987E+02  0.4183E+02  0.4378E+02  0.4574E+02  0.4770E+02  0.4915E+02  0.5001E+02
     22.3577       47.6589  0.6189E+01  0.7046E+01  0.8288E+01  0.9707E+01  0.1136E+02  0.1308E+02  0.1486E+02  0.1670E+02  0.1856E+02  0.2044E+02  0.2234E+02  0.2426E+02  0.2620E+02  0.2814E+02  0.3008E+02  0.3203E+02  0.3398E+02  0.3594E+02  0.3789E+02  0.3985E+02  0.4181E+02  0.4377E+02  0.4572E+02  0.4768E+02  0.4914E+02  0.4999E+02
     22.4932       57.4022  0.6183E+01  0.7034E+01  0.8273E+01  0.9690E+01  0.1134E+02  0.1307E+02  0.1484E+02  0.1668E+02  0.1855E+02  0.2042E+02  0.2232E+02  0.2424E+02  0.2617E+02  0.2811E+02  0.3006E+02  0.3201E+02  0.3396E+02  0.3592E+02  0.3787E+02  0.3983E+02  0.4179E+02  0.4375E+02  0.4570E+02  0.4766E+02  0.4912E+02  0.4997E+02
     22.6287       67.1456  0.6176E+01  0.7022E+01  0.8257E+01  0.9671E+01  0.1132E+02  0.1305E+02  0.1482E+02  0.1666E+02  0.1852E+02  0.2040E+02  0.2230E+02  0.2422E+02  0.2615E+02  0.2809E+02  0.3004E+02  0.3199E+02  0.3394E+02  0.3589E+02  0.3785E+02  0.3981E+02  0.4177E+02  0.4372E+02  0.4568E+02  0.4764E+02  0.4909E+02  0.4994E+02
     22.7642       76.8890  0.6169E+01  0.7009E+01  0.8239E+01  0.9651E+01  0.1130E+02  0.1303E+02  0.1480E+02  0.1664E+02  0.1850E+02  0.2038E+02  0.2228E+02  0.2420E+02  0.2613E+02  0.2807E+02  0.3001E+02  0.3196E+02  0.3392E+02  0.3587E+02  0.3783E+02  0.3978E+02  0.4174E+02  0.4370E+02  0.4566E+02  0.4762E+02  0.4907E+02  0.4992E+02
     22.8997       86.6324  0.6161E+01  0.6995E+01  0.8221E+01  0.9630E+01  0.1128E+02  0.1300E+02  0.1478E+02  0.1661E+02  0.1848E+02  0.2035E+02  0.2225E+02  0.2417E+02  0.2610E+02  0.2804E+02  0.2999E+02  0.3194E+02  0.3389E+02  0.3585E+02  0.3780E+02  0.3976E+02  0.4172E+02  0.4368E+02  0.4563E+02  0.4759E+02  0.4904E+02  0.4989E+02
     23.0352       96.3758  0.6154E+01  0.6981E+01  0.8203E+01  0.9610E+01  0.1126E+02  0.1298E+02  0.1475E+02  0.1659E+02  0.1845E+02  0.2033E+02  0.2223E+02  0.2415E+02  0.2608E+02  0.2802E+02  0.2996E+02  0.3191E+02  0.3387E+02  0.3582E+02  0.3778E+02  0.3973E+02  0.4169E+02  0.4365E+02  0.4561E+02  0.4757E+02  0.4902E+02  0.4987E+02
     23.1707      106.1192  0.6147E+01  0.6967E+01  0.8186E+01  0.9590E+01  0.1123E+02  0.1296E+02  0.1473E+02  0.1657E+02  0.1843E+02  0.2030E+02  0.2220E+02  0.2412E+02  0.2605E+02  0.2799E+02  0.2994E+02  0.3189E+02  0.3384E+02  0.3580E+02  0.3775E+02  0.3971E+02  0.4167E+02  0.4363E+02  0.4558E+02  0.4754E+02  0.4899E+02  0.4984E+02
     23.3062      115.8626  0.6140E+01  0.6955E+01  0.8169E+01  0.9572E+01  0.1121E+02  0.1294E+02  0.1471E+02  0.1654E+02  0.1841E+02  0.2028E+02  0.2218E+02  0.2410E+02  0.2603E+02  0.2797E+02  0.2991E+02  0.3186E+02  0.3382E+02  0.3577E+02  0.3773E+02  0.3969E+02  0.4164E+02  0.4360E+02  0.4556E+02  0.4752E+02  0.4897E+02  0.4982E+02
     23.4417      125.6059  0.6134E+01  0.6943E+01  0.8154E+01  0.9555E+01  0.1120E+02  0.1292E+02  0.1469E+02  0.1652E+02  0.1839E+02  0.2026E+02  0.2216E+02  0.2408E+02  0.2601E+02  0.2795E+02  0.2989E+02  0.3184E+02  0.3380E+02  0.3575E+02  0.3771E+02  0.3966E+02  0.4162E+02  0.4358E+02  0.4554E+02  0.4750E+02  0.4895E+02  0.4980E+02
     23.5772      135.3493  0.6128E+01  0.6932E+01  0.8141E+01  0.9540E+01  0.1118E+02  0.1291E+02  0.1467E+02  0.1650E+02  0.1837E+02  0.2024E+02  0.2214E+02  0.2406E+02  0.2599E+02  0.2793E+02  0.2987E+02  0.3182E+02  0.3378E+02  0.3573E+02  0.3769E+02  0.3964E+02  0.4160E+02  0.4356E+02  0.4552E+02  0.4748E+02  0.4893E+02  0.4978E+02
     23.7127      145.0927  0.6124E+01  0.6924E+01  0.8130E+01  0.9528E+01  0.1117E+02  0.1289E+02  0.1466E+02  0.1649E+02  0.1835E+02  0.2022E+02  0.2212E+02  0.2404E+02  0.2597E+02  0.2791E+02  0.2986E+02  0.3181E+02  0.3376E+02  0.3572E+02  0.3767E+02  0.3963E+02  0.4159E+02  0.4354E+02  0.4550E+02  0.4746E+02  0.4891E+02  0.4977E+02
     23.8482      154.8361  0.6120E+01  0.6917E+01  0.8121E+01  0.9519E+01  0.1116E+02  0.1288E+02  0.1465E+02  0.1648E+02  0.1834E+02  0.2021E+02  0.2211E+02  0.2403E+02  0.2596E+02  0.2790E+02  0.2985E+02  0.3180E+02  0.3375E+02  0.3570E+02  0.3766E+02  0.3962E+02  0.4157E+02  0.4353E+02  0.4549E+02  0.4745E+02  0.4890E+02  0.4976E+02
     23.9837      164.5795  0.6118E+01  0.6912E+01  0.8115E+01  0.9513E+01  0.1115E+02  0.1287E+02  0.1464E+02  0.1647E+02  0.1833E+02  0.2020E+02  0.2210E+02  0.2402E+02  0.2595E+02  0.2789E+02  0.2984E+02  0.3179E+02  0.3374E+02  0.3569E+02  0.3765E+02  0.3961E+02  0.4157E+02  0.4352E+02  0.4548E+02  0.4744E+02  0.4889E+02  0.4975E+02
     24.1192      174.3229  0.6117E+01  0.6910E+01  0.8112E+01  0.9510E+01  0.1115E+02  0.1287E+02  0.1463E+02  0.1646E+02  0.1833E+02  0.2020E+02  0.2210E+02  0.2402E+02  0.2595E+02  0.2789E+02  0.2984E+02  0.3178E+02  0.3374E+02  0.3569E+02  0.3765E+02  0.3960E+02  0.4156E+02  0.4352E+02  0.4548E+02  0.4744E+02  0.4889E+02  0.4975E+02
     24.2547      184.0663  0.6117E+01  0.6909E+01  0.8113E+01  0.9511E+01  0.1115E+02  0.1287E+02  0.1463E+02  0.1646E+02  0.1832E+02  0.2020E+02  0.2210E+02  0.2402E+02  0.2595E+02  0.2789E+02  0.2984E+02  0.3178E+02  0.3374E+02  0.3569E+02  0.3765E+02  0.3960E+02  0.4156E+02  0.4352E+02  0.4548E+02  0.4744E+02  0.4889E+02  0.4975E+02
     24.3902      193.8097  0.6118E+01  0.6911E+01  0.8116E+01  0.9516E+01  0.1115E+02  0.1287E+02  0.1464E+02  0.1646E+02  0.1833E+02  0.2020E+02  0.2210E+02  0.2402E+02  0.2595E+02  0.2789E+02  0.2984E+02  0.3179E+02  0.3374E+02  0.3569E+02  0.3765E+02  0.3961E+02  0.4156E+02  0.4352E+02  0.4548E+02  0.4744E+02  0.4889E+02  0.4975E+02
     24.5257      203.5530  0.6120E+01  0.6916E+01  0.8122E+01  0.9523E+01  0.1116E+02  0.1288E+02  0.1464E+02  0.1647E+02  0.1834E+02  0.2021E+02  0.2211E+02  0.2403E+02  0.2596E+02  0.2790E+02  0.2985E+02  0.3180E+02  0.3375E+02  0.3570E+02  0.3766E+02  0.3961E+02  0.4157E+02  0.4353E+02  0.4549E+02  0.4745E+02  0.4890E+02  0.4976E+02
     24.6612      213.2964  0.6123E+01  0.6922E+01  0.8130E+01  0.9534E+01  0.1117E+02  0.1289E+02  0.1465E+02  0.1648E+02  0.1835E+02  0.2022E+02  0.2212E+02  0.2404E+02  0.2598E+02  0.2792E+02  0.2986E+02  0.3181E+02  0.3376E+02  0.3572E+02  0.3767E+02  0.3963E+02  0.4158E+02  0.4354E+02  0.4550E+02  0.4746E+02  0.4892E+02  0.4978E+02
     24.7967      223.0398  0.6127E+01  0.6930E+01  0.8142E+01  0.9548E+01  0.1119E+02  0.1291E+02  0.1467E+02  0.1650E+02  0.1836E+02  0.2024E+02  0.2214E+02  0.2406E+02  0.2599E+02  0.2793E+02  0.2988E+02  0.3183E+02  0.3378E+02  0.3573E+02  0.3769E+02  0.3964E+02  0.4160E+02  0.4355E+02  0.4551E+02  0.4747E+02  0.4893E+02  0.4980E+02
     24.9322      232.7832  0.6133E+01  0.6940E+01  0.8155E+01  0.9564E+01  0.1120E+02  0.1292E+02  0.1468E+02  0.1651E+02  0.1838E+02  0.2026E+02  0.2216E+02  0.2408E+02  0.2601E+02  0.2795E+02  0.2990E+02  0.3184E+02  0.3380E+02  0.3575E+02  0.3771E+02  0.3966E+02  0.4162E+02  0.4357E+02  0.4553E+02  0.4749E+02  0.4895E+02  0.4982E+02
     25.0678      242.5266  0.6139E+01  0.6952E+01  0.8171E+01  0.9582E+01  0.1122E+02  0.1294E+02  0.1470E+02  0.1653E+02  0.1840E+02  0.2028E+02  0.2218E+02  0.2410E+02  0.2603E+02  0.2797E+02  0.2992E+02  0.3187E+02  0.3382E+02  0.3577E+02  0.3773E+02  0.3968E+02  0.4164E+02  0.4360E+02  0.4555E+02  0.4752E+02  0.4897E+02  0.4984E+02
     25.2033      252.2700  0.6145E+01  0.6965E+01  0.8188E+01  0.9602E+01  0.1124E+02  0.1296E+02  0.1472E+02  0.1655E+02  0.1842E+02  0.2030E+02  0.2220E+02  0.2412E+02  0.2606E+02  0.2800E+02  0.2994E+02  0.3189E+02  0.3384E+02  0.3580E+02  0.3775E+02  0.3971E+02  0.4166E+02  0.4362E+02  0.4558E+02  0.4754E+02  0.4900E+02  0.4986E+02
     25.3388      262.0134  0.6153E+01  0.6978E+01  0.8206E+01  0.9623E+01  0.1126E+02  0.1298E+02  0.1474E+02  0.1658E+02  0.1845E+02  0.2033E+02  0.2223E+02  0.2415E+02  0.2608E+02  0.2802E+02  0.2997E+02  0.3192E+02  0.3387E+02  0.3582E+02  0.3778E+02  0.3973E+02  0.4169E+02  0.4365E+02  0.4560E+02  0.4756E+02  0.4902E+02  0.4989E+02
     25.4743      271.7568  0.6160E+01  0.6992E+01  0.8224E+01  0.9644E+01  0.1129E+02  0.1301E+02  0.1477E+02  0.1660E+02  0.1847E+02  0.2035E+02  0.2225E+02  0.2417E+02  0.2611E+02  0.2805E+02  0.2999E+02  0.3194E+02  0.3389E+02  0.3585E+02  0.3780E+02  0.3976E+02  0.4172E+02  0.4367E+02  0.4563E+02  0.4759E+02  0.4905E+02  0.4991E+02
     25.6098      281.5001  0.6168E+01  0.7006E+01  0.8242E+01  0.9664E+01  0.1131E+02  0.1303E+02  0.1479E+02  0.1663E+02  0.1849E+02  0.2038E+02  0.2228E+02  0.2420E+02  0.2613E+02  0.2807E+02  0.3002E+02  0.3197E+02  0.3392E+02  0.3587E+02  0.3783E+02  0.3979E+02  0.4174E+02  0.4370E+02  0.4566E+02  0.4762E+02  0.4907E+02  0.4994E+02
     25.7453      291.2435  0.6175E+01  0.7019E+01  0.8259E+01  0.9684E+01  0.1133E+02  0.1305E+02  0.1481E+02  0.1665E+02  0.1852E+02  0.2040E+02  0.2230E+02  0.2422E+02  0.2616E+02  0.2810E+02  0.3004E+02  0.3199E+02  0.3394E+02  0.3590E+02  0.3786E+02  0.3981E+02  0.4177E+02  0.4372E+02  0.4568E+02  0.4764E+02  0.4910E+02  0.4996E+02
     25.8808      300.9869  0.6182E+01  0.7032E+01  0.8276E+01  0.9702E+01  0.1135E+02  0.1307E+02  0.1483E+02  0.1667E+02  0.1854E+02  0.2042E+02  0.2232E+02  0.2424E+02  0.2618E+02  0.2812E+02  0.3006E+02  0.3201E+02  0.3396E+02  0.3592E+02  0.3788E+02  0.3984E+02  0.4179E+02  0.4375E+02  0.4570E+02  0.4766E+02  0.4912E+02  0.4999E+02
     26.0163      310.7303  0.6188E+01  0.7043E+01  0.8290E+01  0.9719E+01  0.1137E+02  0.1309E+02  0.1485E+02  0.1669E+02  0.1856E+02  0.2044E+02  0.2234E+02  0.2426E+02  0.2620E+02  0.2814E+02  0.3009E+02  0.3203E+02  0.3399E+02  0.3594E+02  0.3790E+02  0.3986E+02  0.4181E+02  0.4377E+02  0.4573E+02  0.4769E+02  0.4914E+02  0.5001E+02
     26.1518      320.4737  0.6194E+01  0.7053E+01  0.8303E+01  0.9732E+01  0.1138E+02  0.1310E+02  0.1487E+02  0.1671E+02  0.1858E+02  0.2046E+02  0.2236E+02  0.2428E+02  0.2622E+02  0.2816E+02  0.3010E+02  0.3205E+02  0.3400E+02  0.3596E+02  0.3792E+02  0.3988E+02  0.4183E+02  0.4378E+02  0.4574E+02  0.4770E+02  0.4916E+02  0.5002E+02
     26.2873      330.2171  0.6198E+01  0.7061E+01  0.8313E+01  0.9743E+01  0.1139E+02  0.1312E+02  0.1488E+02  0.1672E+02  0.1859E+02  0.2047E+02  0.2237E+02  0.2430E+02  0.2623E+02  0.2817E+02  0.3012E+02  0.3207E+02  0.3402E+02  0.3597E+02  0.3793E+02  0.3989E+02  0.4185E+02  0.4380E+02  0.4576E+02  0.4772E+02  0.4917E+02  0.5003E+02
     26.4228      339.9605  0.6202E+01  0.7068E+01  0.8320E+01  0.9750E+01  0.1140E+02  0.1312E+02  0.1489E+02  0.1673E+02  0.1860E+02  0.2048E+02  0.2238E+02  0.2431E+02  0.2624E+02  0.2818E+02  0.3013E+02  0.3208E+02  0.3403E+02  0.3598E+02  0.3794E+02  0.3990E+02  0.4186E+02  0.4381E+02  0.4577E+02  0.4773E+02  0.4918E+02  0.5004E+02
     26.5583      349.7039  0.6204E+01  0.7071E+01  0.8324E+01  0.9754E+01  0.1140E+02  0.1313E+02  0.1490E+02  0.1674E+02  0.1861E+02  0.2049E+02  0.2239E+02  0.2431E+02  0.2625E+02  0.2819E+02  0.3013E+02  0.3208E+02  0.3403E+02  0.3599E+02  0.3795E+02  0.3991E+02  0.4186E+02  0.4382E+02  0.4577E+02  0.4773E+02  0.4919E+02  0.5005E+02
     26.6938      359.4472  0.6205E+01  0.7073E+01  0.8326E+01  0.9755E+01  0.1140E+02  0.1313E+02  0.1490E+02  0.1674E+02  0.1861E+02  0.2049E+02  0.2239E+02  0.2431E+02  0.2625E+02  0.2819E+02  0.3013E+02  0.3208E+02  0.3404E+02  0.3599E+02  0.3795E+02  0.3991E+02  0.4186E+02  0.4382E+02  0.4578E+02  0.4774E+02  0.4919E+02  0.5005E+02
     26.8293        9.1906  0.6204E+01  0.7072E+01  0.8324E+01  0.9751E+01  0.1140E+02  0.1313E+02  0.1490E+02  0.1674E+02  0.1861E+02  0.2049E+02  0.2239E+02  0.2431E+02  0.2624E+02  0.2819E+02  0.3013E+02  0.3208E+02  0.3403E+02  0.3599E+02  0.3795E+02  0.3990E+02  0.4186E+02  0.4382E+02  0.4577E+02  0.4773E+02  0.4919E+02  0.5004E+02
     26.9648       18.9340  0.6202E+01  0.7068E+01  0.8319E+01  0.9745E+01  0.1139E+02  0.1312E+02  0.1489E+02  0.1673E+02  0.1860E+02  0.2048E+02  0.2238E+02  0.2430E+02  0.2624E+02  0.2818E+02  0.3012E+02  0.3207E+02  0.3403E+02  0.3598E+02  0.3794E+02  0.3990E+02  0.4185E+02  0.4381E+02  0.4577E+02  0.4773E+02  0.4918E+02  0.5004E+02
     27.1003       28.6774  0.6199E+01  0.7062E+01  0.8311E+01  0.9735E+01  0.1138E+02  0.1311E+02  0.1488E+02  0.1673E+02  0.1859E+02  0.2047E+02  0.2237E+02  0.2429E+02  0.2623E+02  0.2817E+02  0.3011E+02  0.3206E+02  0.3401E+02  0.3597E+02  0.3793E+02  0.3989E+02  0.4184E+02  0.4380E+02  0.4576E+02  0.4772E+02  0.4917E+02  0.5002E+02
     27.2358       38.4208  0.6194E+01  0.7055E+01  0.8300E+01  0.9722E+01  0.1137E+02  0.1310E+02  0.1487E+02  0.1671E+02  0.1858E+02  0.2046E+02  0.2236E+02  0.2428E+02  0.2621E+02  0.2815E+02  0.3010E+02  0.3205E+02  0.3400E+02  0.3596E+02  0.3791E+02  0.3987E+02  0.4183E+02  0.4378E+02  0.4574E+02  0.4770E+02  0.4915E+02  0.5001E+02
     27.3713       48.1642  0.6189E+01  0.7045E+01  0.8287E+01  0.9706E+01  0.1136E+02  0.1308E+02  0.1486E+02  0.1670E+02  0.1856E+02  0.2044E+02  0.2234E+02  0.2426E+02  0.2619E+02  0.2813E+02  0.3008E+02  0.3203E+02  0.3398E+02  0.3594E+02  0.3789E+02  0.3985E+02  0.4181E+02  0.4377E+02  0.4572E+02  0.4768E+02  0.4914E+02  0.4999E+02
     27.5068       57.9076  0.6183E+01  0.7034E+01  0.8272E+01  0.9689E+01  0.1134E+02  0.1307E+02  0.1484E+02  0.1668E+02  0.1854E+02  0.2042E+02  0.2232E+02  0.2424E+02  0.2617E+02  0.2811E+02  0.3006E+02  0.3201E+02  0.3396E+02  0.3592E+02  0.3787E+02  0.3983E+02  0.4179E+02  0.4374E+02  0.4570E+02  0.4766E+02  0.4911E+02  0.4997E+02
     27.6423       67.6509  0.6176E+01  0.7021E+01  0.8256E+01  0.9670E+01  0.1132E+02  0.1305E+02  0.1482E+02  0.1666E+02  0.1852E+02  0.2040E+02  0.2230E+02  0.2422E+02  0.2615E+02  0.2809E+02  0.3004E+02  0.3199E+02  0.3394E+02  0.3589E+02  0.3785E+02  0.3981E+02  0.4177E+02  0.4372E+02  0.4568E+02  0.4764E+02  0.4909E+02  0.4994E+02
     27.7778       77.3943  0.6169E+01  0.7008E+01  0.8238E+01  0.9650E+01  0.1130E+02  0.1302E+02  0.1480E+02  0.1663E+02  0.1850E+02  0.2038E+02  0.2227E+02  0.2419E+02  0.2613E+02  0.2807E+02  0.3001E+02  0.3196E+02  0.3391E+02  0.3587E+02  0.3782E+02  0.3978E+02  0.4174E+02  0.4370E+02  0.4566E+02  0.4762E+02  0.4907E+02  0.4992E+02
     27.9133       87.1377  0.6161E+01  0.6994E+01  0.8220E+01  0.9629E+01  0.1128E+02  0.1300E+02  0.1477E+02  0.1661E+02  0.1848E+02  0.2035E+02  0.2225E+02  0.2417E+02  0.2610E+02  0.2804E+02  0.2999E+02  0.3194E+02  0.3389E+02  0.3584E+02  0.3780E+02  0.3976E+02  0.4172E+02  0.4367E+02  0.4563E+02  0.4759E+02  0.4904E+02  0.4989E+02
     28.0488       96.8811  0.6154E+01  0.6980E+01  0.8202E+01  0.9609E+01  0.1125E+02  0.1298E+02  0.1475E+02  0.1659E+02  0.1845E+02  0.2033E+02  0.2222E+02  0.2414E+02  0.2608E+02  0.2802E+02  0.2996E+02  0.3191E+02  0.3386E+02  0.3582E+02  0.3777E+02  0.3973E+02  0.4169E+02  0.4365E+02  0.4561E+02  0.4757E+02  0.4902E+02  0.4987E+02
     28.1843      106.6245  0.6146E+01  0.6967E+01  0.8185E+01  0.9589E+01  0.1123E+02  0.1296E+02  0.1473E+02  0.1656E+02  0.1843E+02  0.2030E+02  0.2220E+02  0.2412E+02  0.2605E+02  0.2799E+02  0.2994E+02  0.3189E+02  0.3384E+02  0.3579E+02  0.3775E+02  0.3971E+02  0.4167E+02  0.4362E+02  0.4558E+02  0.4754E+02  0.4899E+02  0.4984E+02
     28.3198      116.3679  0.6140E+01  0.6954E+01  0.8169E+01  0.9571E+01  0.1121E+02  0.1294E+02  0.1471E+02  0.1654E+02  0.1841E+02  0.2028E+02  0.2218E+02  0.2410E+02  0.2603E+02  0.2797E+02  0.2991E+02  0.3186E+02  0.3382E+02  0.3577E+02  0.3773E+02  0.3968E+02  0.4164E+02  0.4360E+02  0.4556E+02  0.4752E+02  0.4897E+02  0.4982E+02
     28.4553      126.1113  0.6133E+01  0.6942E+01  0.8154E+01  0.9554E+01  0.1120E+02  0.1292E+02  0.1469E+02  0.1652E+02  0.1838E+02  0.2026E+02  0.2216E+02  0.2407E+02  0.2601E+02  0.2795E+02  0.2989E+02  0.3184E+02  0.3380E+02  0.3575E+02  0.3771E+02  0.3966E+02  0.4162E+02  0.4358E+02  0.4554E+02  0.4750E+02  0.4895E+02  0.4980E+02
     28.5908      135.8547  0.6128E+01  0.6932E+01  0.8140E+01  0.9540E+01  0.1118E+02  0.1290E+02  0.1467E+02  0.1650E+02  0.1837E+02  0.2024E+02  0.2214E+02  0.2406E+02  0.2599E+02  0.2793E+02  0.2987E+02  0.3182E+02  0.3378E+02  0.3573E+02  0.3769E+02  0.3964E+02  0.4160E+02  0.4356E+02  0.4552E+02  0.4748E+02  0.4893E+02  0.4978E+02
     28.7263      145.5980  0.6124E+01  0.6923E+01  0.8129E+01  0.9528E+01  0.1117E+02  0.1289E+02  0.1466E+02  0.1649E+02  0.1835E+02  0.2022E+02  0.2212E+02  0.2404E+02  0.2597E+02  0.2791E+02  0.2986E+02  0.3181E+02  0.3376E+02  0.3572E+02  0.3767E+02  0.3963E+02  0.4159E+02  0.4354E+02  0.4550E+02  0.4746E+02  0.4891E+02  0.4977E+02
     28.8618      155.3414  0.6120E+01  0.6917E+01  0.8121E+01  0.9519E+01  0.1116E+02  0.1288E+02  0.1465E+02  0.1648E+02  0.1834E+02  0.2021E+02  0.2211E+02  0.2403E+02  0.2596E+02  0.2790E+02  0.2985E+02  0.3180E+02  0.3375E+02  0.3570E+02  0.3766E+02  0.3962E+02  0.4157E+02  0.4353E+02  0.4549E+02  0.4745E+02  0.4890E+02  0.4976E+02
     28.9973      165.0848  0.6118E+01  0.6912E+01  0.8115E+01  0.9513E+01  0.1115E+02  0.1287E+02  0.1464E+02  0.1647E+02  0.1833E+02  0.2020E+02  0.2210E+02  0.2402E+02  0.2595E+02  0.2789E+02  0.2984E+02  0.3179E+02  0.3374E+02  0.3569E+02  0.3765E+02  0.3961E+02  0.4156E+02  0.4352E+02  0.4548E+02  0.4744E+02  0.4889E+02  0.4975E+02
     29.1328      174.8282  0.6117E+01  0.6910E+01  0.8112E+01  0.9510E+01  0.1115E+02  0.1287E+02  0.1463E+02  0.1646E+02  0.1833E+02  0.2020E+02  0.2210E+02  0.2402E+02  0.2595E+02  0.2789E+02  0.2984E+02  0.3178E+02  0.3374E+02  0.3569E+02  0.3765E+02  0.3960E+02  0.4156E+02  0.4352E+02  0.4548E+02  0.4744E+02  0.4889E+02  0.4975E+02
     29.2683      184.5716  0.6117E+01  0.6909E+01  0.8113E+01  0.9511E+01  0.1115E+02  0.1287E+02  0.1463E+02  0.1646E+02  0.1832E+02  0.2020E+02  0.2210E+02  0.2402E+02  0.2595E+02  0.2789E+02  0.2984E+02  0.3178E+02  0.3374E+02  0.3569E+02  0.3765E+02  0.3960E+02  0.4156E+02  0.4352E+02  0.4548E+02  0.4744E+02  0.4889E+02  0.4975E+02
     29.4038      194.3150  0.6118E+01  0.6912E+01  0.8116E+01  0.9516E+01  0.1115E+02  0.1287E+02  0.1464E+02  0.1646E+02  0.1833E+02  0.2020E+02  0.2210E+02  0.2402E+02  0.2595E+02  0.2789E+02  0.2984E+02  0.3179E+02  0.3374E+02  0.3570E+02  0.3765E+02  0.3961E+02  0.4156E+02  0.4352E+02  0.4548E+02  0.4744E+02  0.4889E+02  0.4975E+02
     29.5393      204.0584  0.6120E+01  0.6916E+01  0.8122E+01  0.9524E+01  0.1116E+02  0.1288E+02  0.1464E+02  0.1647E+02  0.1834E+02  0.2021E+02  0.2211E+02  0.2403E+02  0.2596E+02  0.2790E+02  0.2985E+02  0.3180E+02  0.3375E+02  0.3570E+02  0.3766E+02  0.3961E+02  0.4157E+02  0.4353E+02  0.4549E+02  0.4745E+02  0.4890E+02  0.4977E+02
     29.6748      213.8018  0.6123E+01  0.6922E+01  0.8131E+01  0.9535E+01  0.1117E+02  0.1289E+02  0.1465E+02  0.1648E+02  0.1835E+02  0.2022E+02  0.2212E+02  0.2404E+02  0.2598E+02  0.2792E+02  0.2986E+02  0.3181E+02  0.3376E+02  0.3572E+02  0.3767E+02  0.3963E+02  0.4158E+02  0.4354E+02  0.4550E+02  0.4746E+02  0.4892E+02  0.4978E+02
     29.8103      223.5451  0.6128E+01  0.6931E+01  0.8142E+01  0.9549E+01  0.1119E+02  0.1291E+02  0.1467E+02  0.1650E+02  0.1836E+02  0.2024E+02  0.2214E+02  0.2406E+02  0.2599E+02  0.2793E+02  0.2988E+02  0.3183E+02  0.3378E+02  0.3573E+02  0.3769E+02  0.3964E+02  0.4160E+02  0.4356E+02  0.4551E+02  0.4748E+02  0.4893E+02  0.4980E+02
     29.9458      233.2885  0.6133E+01  0.6941E+01  0.8156E+01  0.9565E+01  0.1120E+02  0.1292E+02  0.1468E+02  0.1651E+02  0.1838E+02  0.2026E+02  0.2216E+02  0.2408E+02  0.2601E+02  0.2795E+02  0.2990E+02  0.3185E+02  0.3380E+02  0.3575E+02  0.3771E+02  0.3966E+02  0.4162E+02  0.4357E+02  0.4553E+02  0.4749E+02  0.4895E+02  0.4982E+02
