Time history of radial distribution for BEM variable: uInd[m/s] for blade 2
                          rCurvi[m] (curvilinear radial distance)
                                0.7893      2.3680      3.9467      5.5254      7.1040      8.6827     10.2614     11.8401     13.4188     14.9974     16.5761     18.1548     19.7335     21.3121     22.8908     24.4695     26.0482     27.6268     29.2055     30.7842     32.3629     33.9416     35.5202     37.0989     38.2829     39.0723
                          zB[m] (radial coordinate along blade axis)
     time[s]  azimuth[deg]      0.1833      1.7549      3.3294      4.9066      6.4848      8.0632      9.6423     11.2252     12.8089     14.3906     15.9682     17.5466     19.1253     20.7040     22.2825     23.8605     25.4378     27.0144     28.5901     30.1649     31.7388     33.3118     34.8842     36.4562     37.6335     38.4193
      0.0000      240.0000  0.0000E+00 -0.2187E-01 -0.2384E+00 -0.1140E+01 -0.1223E+01 -0.1688E+01 -0.1933E+01 -0.2085E+01 -0.2269E+01 -0.2564E+01 -0.2793E+01 -0.2938E+01 -0.3052E+01 -0.3141E+01 -0.3218E+01 -0.3297E+01 -0.3376E+01 -0.3454E+01 -0.3524E+01 -0.3576E+01 -0.3621E+01 -0.3662E+01 -0.3626E+01 -0.3356E+01 -0.2460E+01 -0.1759E+01
      0.1355      250.9266  0.0000E+00 -0.2193E-01 -0.2385E+00 -0.1140E+01 -0.1213E+01 -0.1682E+01 -0.1931E+01 -0.2083E+01 -0.2269E+01 -0.2564E+01 -0.2793E+01 -0.2938E+01 -0.3051E+01 -0.3140E+01 -0.3218E+01 -0.3297E+01 -0.3376E+01 -0.3453E+01 -0.3522E+01 -0.3574E+01 -0.3620E+01 -0.3663E+01 -0.3627E+01 -0.3358E+01 -0.2463E+01 -0.1760E+01
      0.2710      261.8532  0.0000E+00 -0.2206E-01 -0.2388E+00 -0.1141E+01 -0.1215E+01 -0.1687E+01 -0.1935E+01 -0.2086E+01 -0.2271E+01 -0.2565E+01 -0.2794E+01 -0.2938E+01 -0.3051E+01 -0.3140E+01 -0.3218E+01 -0.3298E+01 -0.3377E+01 -0.3453E+01 -0.3519E+01 -0.3570E+01 -0.3617E+01 -0.3662E+01 -0.3626E+01 -0.3358E+01 -0.2464E+01 -0.1760E+01
      0.4065      272.7798  0.0000E+00 -0.2223E-01 -0.2392E+00 -0.1142E+01 -0.1217E+01 -0.1691E+01 -0.1938E+01 -0.2087E+01 -0.2272E+01 -0.2567E+01 -0.2795E+01 -0.2939E+01 -0.3052E+01 -0.3141E+01 -0.3219E+01 -0.3299E+01 -0.3377E+01 -0.3452E+01 -0.3517E+01 -0.3565E+01 -0.3612E+01 -0.3659E+01 -0.3623E+01 -0.3357E+01 -0.2463E+01 -0.1760E+01
      0.5420      283.7064  0.0000E+00 -0.2245E-01 -0.2399E+00 -0.1144E+01 -0.1219E+01 -0.1696E+01 -0.1941E+01 -0.2088E+01 -0.2274E+01 -0.2568E+01 -0.2796E+01 -0.2940E+01 -0.3053E+01 -0.3142E+01 -0.3221E+01 -0.3301E+01 -0.3378E+01 -0.3451E+01 -0.3515E+01 -0.3561E+01 -0.3607E+01 -0.3654E+01 -0.3619E+01 -0.3354E+01 -0.2460E+01 -0.1759E+01
      0.6775      294.6330  0.0000E+00 -0.2272E-01 -0.2409E+00 -0.1146E+01 -0.1222E+01 -0.1701E+01 -0.1944E+01 -0.2089E+01 -0.2275E+01 -0.2569E+01 -0.2798E+01 -0.2942E+01 -0.3055E+01 -0.3144E+01 -0.3223E+01 -0.3303E+01 -0.3380E+01 -0.3451E+01 -0.3513E+01 -0.3557E+01 -0.3602E+01 -0.3650E+01 -0.3614E+01 -0.3350E+01 -0.2457E+01 -0.1757E+01
      0.8130      305.5596  0.0000E+00 -0.2302E-01 -0.2424E+00 -0.1149E+01 -0.1226E+01 -0.1706E+01 -0.1947E+01 -0.2090E+01 -0.2276E+01 -0.2571E+01 -0.2799E+01 -0.2943E+01 -0.3057E+01 -0.3147E+01 -0.3226E+01 -0.3305E+01 -0.3381E+01 -0.3452E+01 -0.3512E+01 -0.3555E+01 -0.3598E+01 -0.3646E+01 -0.3610E+01 -0.3347E+01 -0.2454E+01 -0.1755E+01
      0.9485      316.4862  0.0000E+00 -0.2336E-01 -0.2443E+00 -0.1153E+01 -0.1230E+01 -0.1711E+01 -0.1950E+01 -0.2090E+01 -0.2276E+01 -0.2572E+01 -0.2801E+01 -0.2945E+01 -0.3059E+01 -0.3149E+01 -0.3229E+01 -0.3308E+01 -0.3383E+01 -0.3453E+01 -0.3513E+01 -0.3554E+01 -0.3596E+01 -0.3644E+01 -0.3607E+01 -0.3345E+01 -0.2450E+01 -0.1753E+01
      1.0840      327.4128  0.0000E+00 -0.2373E-01 -0.2466E+00 -0.1157E+01 -0.1235E+01 -0.1717E+01 -0.1952E+01 -0.2091E+01 -0.2276E+01 -0.2572E+01 -0.2802E+01 -0.2947E+01 -0.3061E+01 -0.3152E+01 -0.3232E+01 -0.3311E+01 -0.3386E+01 -0.3456E+01 -0.3515E+01 -0.3555E+01 -0.3595E+01 -0.3642E+01 -0.3605E+01 -0.3343E+01 -0.2447E+01 -0.1751E+01
      1.2195      338.3394  0.0000E+00 -0.2411E-01 -0.2493E+00 -0.1162E+01 -0.1241E+01 -0.1722E+01 -0.1954E+01 -0.2090E+01 -0.2276E+01 -0.2573E+01 -0.2803E+01 -0.2948E+01 -0.3063E+01 -0.3155E+01 -0.3235E+01 -0.3314E+01 -0.3388E+01 -0.3459E+01 -0.3518E+01 -0.3557E+01 -0.3596E+01 -0.3642E+01 -0.3604E+01 -0.3341E+01 -0.2444E+01 -0.1749E+01
      1.3550      349.2660  0.0000E+00 -0.2450E-01 -0.2522E+00 -0.1166E+01 -0.1246E+01 -0.1727E+01 -0.1956E+01 -0.2090E+01 -0.2276E+01 -0.2573E+01 -0.2804E+01 -0.2950E+01 -0.3065E+01 -0.3157E+01 -0.3238E+01 -0.3317E+01 -0.3391E+01 -0.3462E+01 -0.3523E+01 -0.3561E+01 -0.3598E+01 -0.3643E+01 -0.3604E+01 -0.3340E+01 -0.2441E+01 -0.1747E+01
      1.4905        0.1926  0.0000E+00 -0.2487E-01 -0.2553E+00 -0.1171E+01 -0.1252E+01 -0.1731E+01 -0.1957E+01 -0.2089E+01 -0.2275E+01 -0.2573E+01 -0.2804E+01 -0.2951E+01 -0.3067E+01 -0.3160E+01 -0.3240E+01 -0.3319E+01 -0.3394E+01 -0.3465E+01 -0.3527E+01 -0.3565E+01 -0.3601E+01 -0.3644E+01 -0.3604E+01 -0.3338E+01 -0.2438E+01 -0.1746E+01
      1.6260       11.1192  0.0000E+00 -0.2521E-01 -0.2582E+00 -0.1175E+01 -0.1257E+01 -0.1735E+01 -0.1957E+01 -0.2088E+01 -0.2274E+01 -0.2572E+01 -0.2804E+01 -0.2952E+01 -0.3069E+01 -0.3162E+01 -0.3242E+01 -0.3321E+01 -0.3396E+01 -0.3468E+01 -0.3532E+01 -0.3569E+01 -0.3603E+01 -0.3645E+01 -0.3604E+01 -0.3336E+01 -0.2435E+01 -0.1744E+01
      1.7615       22.0459  0.0000E+00 -0.2551E-01 -0.2610E+00 -0.1179E+01 -0.1261E+01 -0.1738E+01 -0.1957E+01 -0.2087E+01 -0.2272E+01 -0.2572E+01 -0.2804E+01 -0.2952E+01 -0.3070E+01 -0.3163E+01 -0.3244E+01 -0.3323E+01 -0.3397E+01 -0.3471E+01 -0.3536E+01 -0.3573E+01 -0.3606E+01 -0.3645E+01 -0.3602E+01 -0.3333E+01 -0.2431E+01 -0.1741E+01
      1.8970       32.9725  0.0000E+00 -0.2573E-01 -0.2634E+00 -0.1183E+01 -0.1265E+01 -0.1739E+01 -0.1956E+01 -0.2086E+01 -0.2271E+01 -0.2571E+01 -0.2804E+01 -0.2953E+01 -0.3071E+01 -0.3164E+01 -0.3245E+01 -0.3323E+01 -0.3398E+01 -0.3473E+01 -0.3538E+01 -0.3576E+01 -0.3607E+01 -0.3643E+01 -0.3599E+01 -0.3328E+01 -0.2427E+01 -0.1739E+01
      2.0325       43.8991  0.0000E+00 -0.2587E-01 -0.2653E+00 -0.1185E+01 -0.1267E+01 -0.1739E+01 -0.1955E+01 -0.2084E+01 -0.2269E+01 -0.2570E+01 -0.2804E+01 -0.2953E+01 -0.3071E+01 -0.3165E+01 -0.3245E+01 -0.3323E+01 -0.3398E+01 -0.3473E+01 -0.3540E+01 -0.3578E+01 -0.3606E+01 -0.3639E+01 -0.3593E+01 -0.3322E+01 -0.2422E+01 -0.1736E+01
      2.1680       54.8257  0.0000E+00 -0.2593E-01 -0.2667E+00 -0.1187E+01 -0.1269E+01 -0.1738E+01 -0.1953E+01 -0.2082E+01 -0.2268E+01 -0.2569E+01 -0.2803E+01 -0.2953E+01 -0.3071E+01 -0.3165E+01 -0.3244E+01 -0.3322E+01 -0.3396E+01 -0.3472E+01 -0.3540E+01 -0.3577E+01 -0.3604E+01 -0.3633E+01 -0.3586E+01 -0.3314E+01 -0.2416E+01 -0.1733E+01
      2.3035       65.7523  0.0000E+00 -0.2589E-01 -0.2674E+00 -0.1187E+01 -0.1269E+01 -0.1736E+01 -0.1950E+01 -0.2081E+01 -0.2266E+01 -0.2567E+01 -0.2802E+01 -0.2952E+01 -0.3071E+01 -0.3164E+01 -0.3243E+01 -0.3319E+01 -0.3394E+01 -0.3470E+01 -0.3538E+01 -0.3576E+01 -0.3600E+01 -0.3626E+01 -0.3578E+01 -0.3305E+01 -0.2409E+01 -0.1729E+01
      2.4390       76.6789  0.0000E+00 -0.2575E-01 -0.2676E+00 -0.1187E+01 -0.1268E+01 -0.1733E+01 -0.1947E+01 -0.2079E+01 -0.2265E+01 -0.2566E+01 -0.2802E+01 -0.2952E+01 -0.3070E+01 -0.3163E+01 -0.3241E+01 -0.3316E+01 -0.3390E+01 -0.3467E+01 -0.3535E+01 -0.3572E+01 -0.3595E+01 -0.3618E+01 -0.3569E+01 -0.3296E+01 -0.2402E+01 -0.1725E+01
      2.5745       87.6055  0.0000E+00 -0.2552E-01 -0.2671E+00 -0.1185E+01 -0.1266E+01 -0.1729E+01 -0.1943E+01 -0.2077E+01 -0.2263E+01 -0.2565E+01 -0.2801E+01 -0.2951E+01 -0.3069E+01 -0.3161E+01 -0.3238E+01 -0.3313E+01 -0.3386E+01 -0.3462E+01 -0.3531E+01 -0.3568E+01 -0.3590E+01 -0.3610E+01 -0.3560E+01 -0.3287E+01 -0.2396E+01 -0.1722E+01
      2.7100       98.5321  0.0000E+00 -0.2522E-01 -0.2661E+00 -0.1183E+01 -0.1263E+01 -0.1724E+01 -0.1939E+01 -0.2076E+01 -0.2262E+01 -0.2564E+01 -0.2800E+01 -0.2950E+01 -0.3068E+01 -0.3159E+01 -0.3235E+01 -0.3309E+01 -0.3382E+01 -0.3458E+01 -0.3526E+01 -0.3564E+01 -0.3585E+01 -0.3603E+01 -0.3552E+01 -0.3279E+01 -0.2390E+01 -0.1719E+01
      2.8455      109.4587  0.0000E+00 -0.2485E-01 -0.2646E+00 -0.1180E+01 -0.1259E+01 -0.1718E+01 -0.1936E+01 -0.2074E+01 -0.2261E+01 -0.2563E+01 -0.2798E+01 -0.2948E+01 -0.3066E+01 -0.3156E+01 -0.3231E+01 -0.3305E+01 -0.3377E+01 -0.3453E+01 -0.3521E+01 -0.3560E+01 -0.3580E+01 -0.3597E+01 -0.3547E+01 -0.3274E+01 -0.2386E+01 -0.1717E+01
      2.9810      120.3853  0.0000E+00 -0.2444E-01 -0.2627E+00 -0.1176E+01 -0.1255E+01 -0.1712E+01 -0.1932E+01 -0.2073E+01 -0.2260E+01 -0.2562E+01 -0.2797E+01 -0.2947E+01 -0.3064E+01 -0.3153E+01 -0.3228E+01 -0.3301E+01 -0.3373E+01 -0.3449E+01 -0.3517E+01 -0.3557E+01 -0.3578E+01 -0.3594E+01 -0.3544E+01 -0.3271E+01 -0.2384E+01 -0.1716E+01
      3.1165      131.3119  0.0000E+00 -0.2400E-01 -0.2605E+00 -0.1172E+01 -0.1250E+01 -0.1706E+01 -0.1929E+01 -0.2073E+01 -0.2260E+01 -0.2561E+01 -0.2796E+01 -0.2945E+01 -0.3061E+01 -0.3150E+01 -0.3224E+01 -0.3297E+01 -0.3370E+01 -0.3445E+01 -0.3514E+01 -0.3555E+01 -0.3577E+01 -0.3594E+01 -0.3545E+01 -0.3272E+01 -0.2384E+01 -0.1717E+01
      3.2520      142.2385  0.0000E+00 -0.2357E-01 -0.2581E+00 -0.1167E+01 -0.1245E+01 -0.1700E+01 -0.1926E+01 -0.2073E+01 -0.2260E+01 -0.2560E+01 -0.2794E+01 -0.2943E+01 -0.3059E+01 -0.3147E+01 -0.3220E+01 -0.3293E+01 -0.3367E+01 -0.3443E+01 -0.3512E+01 -0.3554E+01 -0.3579E+01 -0.3597E+01 -0.3549E+01 -0.3276E+01 -0.2387E+01 -0.1719E+01
      3.3875      153.1651  0.0000E+00 -0.2315E-01 -0.2556E+00 -0.1163E+01 -0.1239E+01 -0.1695E+01 -0.1924E+01 -0.2073E+01 -0.2260E+01 -0.2559E+01 -0.2793E+01 -0.2941E+01 -0.3056E+01 -0.3144E+01 -0.3217E+01 -0.3290E+01 -0.3365E+01 -0.3441E+01 -0.3511E+01 -0.3556E+01 -0.3583E+01 -0.3603E+01 -0.3556E+01 -0.3282E+01 -0.2392E+01 -0.1722E+01
      3.5230      164.0917  0.0000E+00 -0.2276E-01 -0.2531E+00 -0.1159E+01 -0.1234E+01 -0.1690E+01 -0.1922E+01 -0.2073E+01 -0.2260E+01 -0.2558E+01 -0.2792E+01 -0.2939E+01 -0.3053E+01 -0.3141E+01 -0.3214E+01 -0.3288E+01 -0.3364E+01 -0.3441E+01 -0.3511E+01 -0.3558E+01 -0.3589E+01 -0.3612E+01 -0.3566E+01 -0.3292E+01 -0.2399E+01 -0.1726E+01
      3.6585      175.0183  0.0000E+00 -0.2242E-01 -0.2506E+00 -0.1155E+01 -0.1230E+01 -0.1686E+01 -0.1921E+01 -0.2074E+01 -0.2261E+01 -0.2558E+01 -0.2790E+01 -0.2937E+01 -0.3051E+01 -0.3138E+01 -0.3212E+01 -0.3287E+01 -0.3364E+01 -0.3442E+01 -0.3512E+01 -0.3562E+01 -0.3597E+01 -0.3622E+01 -0.3578E+01 -0.3303E+01 -0.2409E+01 -0.1731E+01
      3.7940      185.9449  0.0000E+00 -0.2214E-01 -0.2482E+00 -0.1151E+01 -0.1226E+01 -0.1683E+01 -0.1921E+01 -0.2075E+01 -0.2262E+01 -0.2558E+01 -0.2789E+01 -0.2935E+01 -0.3048E+01 -0.3136E+01 -0.3210E+01 -0.3286E+01 -0.3364E+01 -0.3443E+01 -0.3514E+01 -0.3566E+01 -0.3604E+01 -0.3633E+01 -0.3591E+01 -0.3315E+01 -0.2419E+01 -0.1737E+01
      3.9295      196.8715  0.0000E+00 -0.2192E-01 -0.2459E+00 -0.1148E+01 -0.1222E+01 -0.1681E+01 -0.1922E+01 -0.2076E+01 -0.2263E+01 -0.2558E+01 -0.2788E+01 -0.2934E+01 -0.3047E+01 -0.3134E+01 -0.3209E+01 -0.3286E+01 -0.3365E+01 -0.3445E+01 -0.3516E+01 -0.3570E+01 -0.3612E+01 -0.3644E+01 -0.3603E+01 -0.3327E+01 -0.2429E+01 -0.1742E+01
      4.0650      207.7981  0.0000E+00 -0.2176E-01 -0.2438E+00 -0.1145E+01 -0.1219E+01 -0.1680E+01 -0.1922E+01 -0.2078E+01 -0.2265E+01 -0.2559E+01 -0.2788E+01 -0.2933E+01 -0.3045E+01 -0.3132E+01 -0.3208E+01 -0.3287E+01 -0.3367E+01 -0.3446E+01 -0.3518E+01 -0.3573E+01 -0.3618E+01 -0.3654E+01 -0.3614E+01 -0.3338E+01 -0.2439E+01 -0.1748E+01
      4.2005      218.7247  0.0000E+00 -0.2167E-01 -0.2420E+00 -0.1142E+01 -0.1217E+01 -0.1679E+01 -0.1924E+01 -0.2080E+01 -0.2266E+01 -0.2560E+01 -0.2788E+01 -0.2932E+01 -0.3044E+01 -0.3131E+01 -0.3208E+01 -0.3287E+01 -0.3368E+01 -0.3448E+01 -0.3519E+01 -0.3575E+01 -0.3623E+01 -0.3662E+01 -0.3623E+01 -0.3347E+01 -0.2448E+01 -0.1752E+01
      4.3360      229.6513  0.0000E+00 -0.2164E-01 -0.2404E+00 -0.1141E+01 -0.1215E+01 -0.1680E+01 -0.1926E+01 -0.2082E+01 -0.2268E+01 -0.2561E+01 -0.2788E+01 -0.2932E+01 -0.3043E+01 -0.3131E+01 -0.3208E+01 -0.3289E+01 -0.3370E+01 -0.3449E+01 -0.3520E+01 -0.3576E+01 -0.3625E+01 -0.3667E+01 -0.3628E+01 -0.3353E+01 -0.2455E+01 -0.1756E+01
      4.4715      240.5779  0.0000E+00 -0.2167E-01 -0.2392E+00 -0.1140E+01 -0.1214E+01 -0.1681E+01 -0.1928E+01 -0.2083E+01 -0.2270E+01 -0.2562E+01 -0.2789E+01 -0.2932E+01 -0.3044E+01 -0.3131E+01 -0.3209E+01 -0.3290E+01 -0.3371E+01 -0.3450E+01 -0.3519E+01 -0.3575E+01 -0.3625E+01 -0.3669E+01 -0.3631E+01 -0.3357E+01 -0.2460E+01 -0.1759E+01
      4.6070      251.5045  0.0000E+00 -0.2175E-01 -0.2383E+00 -0.1139E+01 -0.1214E+01 -0.1683E+01 -0.1931E+01 -0.2085E+01 -0.2271E+01 -0.2563E+01 -0.2790E+01 -0.2933E+01 -0.3044E+01 -0.3132E+01 -0.3211E+01 -0.3292E+01 -0.3373E+01 -0.3450E+01 -0.3518E+01 -0.3572E+01 -0.3623E+01 -0.3668E+01 -0.3631E+01 -0.3359E+01 -0.2463E+01 -0.1760E+01
      4.7425      262.4311  0.0000E+00 -0.2189E-01 -0.2379E+00 -0.1139E+01 -0.1215E+01 -0.1686E+01 -0.1934E+01 -0.2086E+01 -0.2273E+01 -0.2565E+01 -0.2791E+01 -0.2934E+01 -0.3045E+01 -0.3134E+01 -0.3212E+01 -0.3293E+01 -0.3374E+01 -0.3450E+01 -0.3516E+01 -0.3569E+01 -0.3619E+01 -0.3665E+01 -0.3629E+01 -0.3359E+01 -0.2464E+01 -0.1760E+01
      4.8780      273.3577  0.0000E+00 -0.2209E-01 -0.2379E+00 -0.1140E+01 -0.1216E+01 -0.1690E+01 -0.1937E+01 -0.2088E+01 -0.2274E+01 -0.2566E+01 -0.2793E+01 -0.2935E+01 -0.3047E+01 -0.3136E+01 -0.3215E+01 -0.3296E+01 -0.3375E+01 -0.3450E+01 -0.3514E+01 -0.3564E+01 -0.3613E+01 -0.3661E+01 -0.3625E+01 -0.3357E+01 -0.2463E+01 -0.1760E+01
      5.0136      284.2844  0.0000E+00 -0.2233E-01 -0.2384E+00 -0.1142E+01 -0.1219E+01 -0.1694E+01 -0.1940E+01 -0.2089E+01 -0.2275E+01 -0.2568E+01 -0.2795E+01 -0.2937E+01 -0.3049E+01 -0.3138E+01 -0.3217E+01 -0.3298E+01 -0.3376E+01 -0.3450E+01 -0.3512E+01 -0.3560E+01 -0.3608E+01 -0.3656E+01 -0.3620E+01 -0.3354E+01 -0.2460E+01 -0.1759E+01
      5.1491      295.2110  0.0000E+00 -0.2261E-01 -0.2395E+00 -0.1145E+01 -0.1222E+01 -0.1699E+01 -0.1943E+01 -0.2090E+01 -0.2276E+01 -0.2569E+01 -0.2796E+01 -0.2939E+01 -0.3052E+01 -0.3141E+01 -0.3220E+01 -0.3301E+01 -0.3378E+01 -0.3450E+01 -0.3511E+01 -0.3557E+01 -0.3603E+01 -0.3651E+01 -0.3615E+01 -0.3350E+01 -0.2457E+01 -0.1757E+01
      5.2846      306.1376  0.0000E+00 -0.2294E-01 -0.2411E+00 -0.1148E+01 -0.1226E+01 -0.1705E+01 -0.1946E+01 -0.2091E+01 -0.2277E+01 -0.2571E+01 -0.2798E+01 -0.2941E+01 -0.3054E+01 -0.3144E+01 -0.3223E+01 -0.3303E+01 -0.3380E+01 -0.3451E+01 -0.3511E+01 -0.3554E+01 -0.3599E+01 -0.3647E+01 -0.3610E+01 -0.3347E+01 -0.2453E+01 -0.1755E+01
      5.4201      317.0642  0.0000E+00 -0.2330E-01 -0.2432E+00 -0.1152E+01 -0.1230E+01 -0.1710E+01 -0.1949E+01 -0.2091E+01 -0.2277E+01 -0.2572E+01 -0.2800E+01 -0.2943E+01 -0.3057E+01 -0.3147E+01 -0.3227E+01 -0.3306E+01 -0.3382E+01 -0.3453E+01 -0.3512E+01 -0.3554E+01 -0.3596E+01 -0.3644E+01 -0.3607E+01 -0.3345E+01 -0.2450E+01 -0.1753E+01
      5.5556      327.9908  0.0000E+00 -0.2368E-01 -0.2457E+00 -0.1156E+01 -0.1235E+01 -0.1716E+01 -0.1952E+01 -0.2091E+01 -0.2277E+01 -0.2572E+01 -0.2801E+01 -0.2945E+01 -0.3059E+01 -0.3150E+01 -0.3230E+01 -0.3310E+01 -0.3385E+01 -0.3455E+01 -0.3515E+01 -0.3555E+01 -0.3596E+01 -0.3643E+01 -0.3605E+01 -0.3343E+01 -0.2446E+01 -0.1751E+01
      5.6911      338.9174  0.0000E+00 -0.2408E-01 -0.2486E+00 -0.1161E+01 -0.1241E+01 -0.1721E+01 -0.1954E+01 -0.2091E+01 -0.2277E+01 -0.2573E+01 -0.2802E+01 -0.2947E+01 -0.3062E+01 -0.3153E+01 -0.3233E+01 -0.3313E+01 -0.3388E+01 -0.3458E+01 -0.3518E+01 -0.3557E+01 -0.3596E+01 -0.3643E+01 -0.3604E+01 -0.3341E+01 -0.2443E+01 -0.1749E+01
      5.8266      349.8440  0.0000E+00 -0.2448E-01 -0.2517E+00 -0.1166E+01 -0.1246E+01 -0.1727E+01 -0.1956E+01 -0.2091E+01 -0.2276E+01 -0.2573E+01 -0.2803E+01 -0.2949E+01 -0.3064E+01 -0.3156E+01 -0.3236E+01 -0.3316E+01 -0.3391E+01 -0.3461E+01 -0.3522E+01 -0.3561E+01 -0.3598E+01 -0.3643E+01 -0.3604E+01 -0.3340E+01 -0.2441E+01 -0.1747E+01
      5.9621        0.7706  0.0000E+00 -0.2486E-01 -0.2548E+00 -0.1170E+01 -0.1252E+01 -0.1731E+01 -0.1957E+01 -0.2090E+01 -0.2276E+01 -0.2573E+01 -0.2804E+01 -0.2950E+01 -0.3066E+01 -0.3159E+01 -0.3239E+01 -0.3318E+01 -0.3393E+01 -0.3465E+01 -0.3527E+01 -0.3565E+01 -0.3601E+01 -0.3644E+01 -0.3604E+01 -0.3338E+01 -0.2438E+01 -0.1745E+01
      6.0976       11.6972  0.0000E+00 -0.2520E-01 -0.2579E+00 -0.1175E+01 -0.1257E+01 -0.1735E+01 -0.1958E+01 -0.2089E+01 -0.2274E+01 -0.2573E+01 -0.2804E+01 -0.2951E+01 -0.3068E+01 -0.3161E+01 -0.3241E+01 -0.3321E+01 -0.3396E+01 -0.3468E+01 -0.3531E+01 -0.3569E+01 -0.3604E+01 -0.3645E+01 -0.3604E+01 -0.3336E+01 -0.2435E+01 -0.1744E+01
      6.2331       22.6238  0.0000E+00 -0.2549E-01 -0.2607E+00 -0.1179E+01 -0.1262E+01 -0.1738E+01 -0.1958E+01 -0.2088E+01 -0.2273E+01 -0.2572E+01 -0.2804E+01 -0.2952E+01 -0.3069E+01 -0.3162E+01 -0.3243E+01 -0.3322E+01 -0.3397E+01 -0.3471E+01 -0.3535E+01 -0.3573E+01 -0.3606E+01 -0.3645E+01 -0.3602E+01 -0.3333E+01 -0.2431E+01 -0.1741E+01
      6.3686       33.5504  0.0000E+00 -0.2572E-01 -0.2631E+00 -0.1182E+01 -0.1265E+01 -0.1739E+01 -0.1957E+01 -0.2086E+01 -0.2272E+01 -0.2571E+01 -0.2804E+01 -0.2952E+01 -0.3070E+01 -0.3164E+01 -0.3244E+01 -0.3323E+01 -0.3398E+01 -0.3472E+01 -0.3538E+01 -0.3576E+01 -0.3607E+01 -0.3643E+01 -0.3598E+01 -0.3328E+01 -0.2427E+01 -0.1739E+01
      6.5041       44.4770  0.0000E+00 -0.2586E-01 -0.2651E+00 -0.1185E+01 -0.1268E+01 -0.1739E+01 -0.1955E+01 -0.2085E+01 -0.2270E+01 -0.2570E+01 -0.2804E+01 -0.2952E+01 -0.3071E+01 -0.3164E+01 -0.3244E+01 -0.3322E+01 -0.3397E+01 -0.3473E+01 -0.3540E+01 -0.3578E+01 -0.3606E+01 -0.3639E+01 -0.3593E+01 -0.3321E+01 -0.2422E+01 -0.1736E+01
      6.6396       55.4036  0.0000E+00 -0.2591E-01 -0.2665E+00 -0.1186E+01 -0.1269E+01 -0.1739E+01 -0.1953E+01 -0.2083E+01 -0.2268E+01 -0.2569E+01 -0.2803E+01 -0.2952E+01 -0.3071E+01 -0.3164E+01 -0.3244E+01 -0.3321E+01 -0.3396E+01 -0.3472E+01 -0.3539E+01 -0.3577E+01 -0.3604E+01 -0.3633E+01 -0.3586E+01 -0.3313E+01 -0.2416E+01 -0.1732E+01
      6.7751       66.3302  0.0000E+00 -0.2586E-01 -0.2673E+00 -0.1187E+01 -0.1269E+01 -0.1736E+01 -0.1950E+01 -0.2081E+01 -0.2267E+01 -0.2568E+01 -0.2802E+01 -0.2952E+01 -0.3071E+01 -0.3164E+01 -0.3242E+01 -0.3319E+01 -0.3393E+01 -0.3470E+01 -0.3538E+01 -0.3575E+01 -0.3600E+01 -0.3626E+01 -0.3578E+01 -0.3305E+01 -0.2409E+01 -0.1729E+01
      6.9106       77.2568  0.0000E+00 -0.2572E-01 -0.2675E+00 -0.1186E+01 -0.1269E+01 -0.1733E+01 -0.1947E+01 -0.2080E+01 -0.2265E+01 -0.2566E+01 -0.2802E+01 -0.2952E+01 -0.3070E+01 -0.3162E+01 -0.3240E+01 -0.3316E+01 -0.3390E+01 -0.3466E+01 -0.3535E+01 -0.3572E+01 -0.3595E+01 -0.3618E+01 -0.3569E+01 -0.3295E+01 -0.2402E+01 -0.1725E+01
      7.0461       88.1834  0.0000E+00 -0.2549E-01 -0.2670E+00 -0.1185E+01 -0.1266E+01 -0.1729E+01 -0.1944E+01 -0.2078E+01 -0.2264E+01 -0.2565E+01 -0.2801E+01 -0.2951E+01 -0.3069E+01 -0.3161E+01 -0.3238E+01 -0.3312E+01 -0.3386E+01 -0.3462E+01 -0.3530E+01 -0.3568E+01 -0.3590E+01 -0.3610E+01 -0.3560E+01 -0.3287E+01 -0.2395E+01 -0.1722E+01
      7.1816       99.1100  0.0000E+00 -0.2518E-01 -0.2660E+00 -0.1182E+01 -0.1263E+01 -0.1724E+01 -0.1940E+01 -0.2077E+01 -0.2263E+01 -0.2564E+01 -0.2800E+01 -0.2950E+01 -0.3067E+01 -0.3158E+01 -0.3234E+01 -0.3308E+01 -0.3382E+01 -0.3458E+01 -0.3526E+01 -0.3564E+01 -0.3584E+01 -0.3603E+01 -0.3552E+01 -0.3279E+01 -0.2390E+01 -0.1719E+01
      7.3171      110.0366  0.0000E+00 -0.2481E-01 -0.2645E+00 -0.1179E+01 -0.1259E+01 -0.1718E+01 -0.1936E+01 -0.2075E+01 -0.2262E+01 -0.2563E+01 -0.2798E+01 -0.2948E+01 -0.3066E+01 -0.3156E+01 -0.3231E+01 -0.3304E+01 -0.3377E+01 -0.3453E+01 -0.3521E+01 -0.3560E+01 -0.3580E+01 -0.3597E+01 -0.3547E+01 -0.3274E+01 -0.2386E+01 -0.1717E+01
      7.4526      120.9632  0.0000E+00 -0.2440E-01 -0.2626E+00 -0.1176E+01 -0.1255E+01 -0.1712E+01 -0.1933E+01 -0.2074E+01 -0.2261E+01 -0.2562E+01 -0.2797E+01 -0.2947E+01 -0.3063E+01 -0.3153E+01 -0.3227E+01 -0.3300E+01 -0.3373E+01 -0.3449E+01 -0.3517E+01 -0.3556E+01 -0.3578E+01 -0.3594E+01 -0.3544E+01 -0.3271E+01 -0.2383E+01 -0.1716E+01
      7.5881      131.8898  0.0000E+00 -0.2397E-01 -0.2604E+00 -0.1171E+01 -0.1250E+01 -0.1706E+01 -0.1930E+01 -0.2074E+01 -0.2260E+01 -0.2561E+01 -0.2796E+01 -0.2945E+01 -0.3061E+01 -0.3150E+01 -0.3224E+01 -0.3296E+01 -0.3369E+01 -0.3445E+01 -0.3514E+01 -0.3555E+01 -0.3577E+01 -0.3594E+01 -0.3545E+01 -0.3272E+01 -0.2384E+01 -0.1717E+01
      7.7236      142.8164  0.0000E+00 -0.2353E-01 -0.2580E+00 -0.1167E+01 -0.1245E+01 -0.1701E+01 -0.1927E+01 -0.2073E+01 -0.2260E+01 -0.2560E+01 -0.2794E+01 -0.2943E+01 -0.3058E+01 -0.3147E+01 -0.3220E+01 -0.3293E+01 -0.3367E+01 -0.3443E+01 -0.3512E+01 -0.3554E+01 -0.3579E+01 -0.3597E+01 -0.3549E+01 -0.3276E+01 -0.2387E+01 -0.1719E+01
      7.8591      153.7430  0.0000E+00 -0.2312E-01 -0.2555E+00 -0.1163E+01 -0.1240E+01 -0.1696E+01 -0.1925E+01 -0.2073E+01 -0.2260E+01 -0.2559E+01 -0.2793E+01 -0.2941E+01 -0.3056E+01 -0.3144E+01 -0.3217E+01 -0.3290E+01 -0.3365E+01 -0.3441E+01 -0.3511E+01 -0.3556E+01 -0.3584E+01 -0.3603E+01 -0.3557E+01 -0.3283E+01 -0.2392E+01 -0.1722E+01
      7.9946      164.6696  0.0000E+00 -0.2273E-01 -0.2530E+00 -0.1158E+01 -0.1235E+01 -0.1691E+01 -0.1923E+01 -0.2074E+01 -0.2261E+01 -0.2559E+01 -0.2792E+01 -0.2939E+01 -0.3053E+01 -0.3141E+01 -0.3214E+01 -0.3288E+01 -0.3364E+01 -0.3441E+01 -0.3511E+01 -0.3559E+01 -0.3590E+01 -0.3612E+01 -0.3567E+01 -0.3292E+01 -0.2400E+01 -0.1726E+01
      8.1301      175.5962  0.0000E+00 -0.2240E-01 -0.2505E+00 -0.1154E+01 -0.1230E+01 -0.1687E+01 -0.1922E+01 -0.2075E+01 -0.2262E+01 -0.2558E+01 -0.2790E+01 -0.2937E+01 -0.3051E+01 -0.3138E+01 -0.3212E+01 -0.3287E+01 -0.3364E+01 -0.3442E+01 -0.3513E+01 -0.3562E+01 -0.3597E+01 -0.3623E+01 -0.3579E+01 -0.3304E+01 -0.2409E+01 -0.1731E+01
      8.2656      186.5228  0.0000E+00 -0.2212E-01 -0.2481E+00 -0.1151E+01 -0.1226E+01 -0.1684E+01 -0.1922E+01 -0.2076E+01 -0.2263E+01 -0.2558E+01 -0.2789E+01 -0.2935E+01 -0.3048E+01 -0.3136E+01 -0.3210E+01 -0.3286E+01 -0.3364E+01 -0.3443E+01 -0.3514E+01 -0.3566E+01 -0.3605E+01 -0.3634E+01 -0.3592E+01 -0.3316E+01 -0.2419E+01 -0.1737E+01
      8.4011      197.4495  0.0000E+00 -0.2190E-01 -0.2458E+00 -0.1147E+01 -0.1222E+01 -0.1682E+01 -0.1922E+01 -0.2077E+01 -0.2264E+01 -0.2559E+01 -0.2789E+01 -0.2934E+01 -0.3046E+01 -0.3134E+01 -0.3209E+01 -0.3286E+01 -0.3365E+01 -0.3445E+01 -0.3517E+01 -0.3570E+01 -0.3612E+01 -0.3645E+01 -0.3604E+01 -0.3327E+01 -0.2430E+01 -0.1743E+01
      8.5366      208.3761  0.0000E+00 -0.2175E-01 -0.2438E+00 -0.1145E+01 -0.1219E+01 -0.1680E+01 -0.1923E+01 -0.2079E+01 -0.2265E+01 -0.2559E+01 -0.2788E+01 -0.2933E+01 -0.3045E+01 -0.3132E+01 -0.3208E+01 -0.3287E+01 -0.3367E+01 -0.3446E+01 -0.3518E+01 -0.3574E+01 -0.3618E+01 -0.3655E+01 -0.3615E+01 -0.3338E+01 -0.2440E+01 -0.1748E+01
      8.6721      219.3027  0.0000E+00 -0.2166E-01 -0.2419E+00 -0.1142E+01 -0.1217E+01 -0.1680E+01 -0.1925E+01 -0.2081E+01 -0.2267E+01 -0.2560E+01 -0.2788E+01 -0.2932E+01 -0.3044E+01 -0.3131E+01 -0.3208E+01 -0.3287E+01 -0.3368E+01 -0.3448E+01 -0.3520E+01 -0.3575E+01 -0.3623E+01 -0.3662E+01 -0.3623E+01 -0.3347E+01 -0.2448E+01 -0.1753E+01
      8.8076      230.2293  0.0000E+00 -0.2163E-01 -0.2404E+00 -0.1141E+01 -0.1215E+01 -0.1681E+01 -0.1927E+01 -0.2082E+01 -0.2269E+01 -0.2561E+01 -0.2788E+01 -0.2932E+01 -0.3043E+01 -0.3131E+01 -0.3208E+01 -0.3289E+01 -0.3370E+01 -0.3449E+01 -0.3520E+01 -0.3576E+01 -0.3625E+01 -0.3667E+01 -0.3629E+01 -0.3354E+01 -0.2455E+01 -0.1756E+01
      8.9431      241.1559  0.0000E+00 -0.2166E-01 -0.2392E+00 -0.1140E+01 -0.1215E+01 -0.1682E+01 -0.1929E+01 -0.2084E+01 -0.2270E+01 -0.2562E+01 -0.2789E+01 -0.2932E+01 -0.3044E+01 -0.3131E+01 -0.3209E+01 -0.3290E+01 -0.3371E+01 -0.3450E+01 -0.3519E+01 -0.3575E+01 -0.3625E+01 -0.3669E+01 -0.3631E+01 -0.3358E+01 -0.2460E+01 -0.1759E+01
      9.0786      252.0825  0.0000E+00 -0.2175E-01 -0.2383E+00 -0.1139E+01 -0.1215E+01 -0.1684E+01 -0.1932E+01 -0.2086E+01 -0.2272E+01 -0.2564E+01 -0.2790E+01 -0.2933E+01 -0.3044E+01 -0.3132E+01 -0.3211E+01 -0.3292E+01 -0.3373E+01 -0.3450E+01 -0.3518E+01 -0.3572E+01 -0.3622E+01 -0.3668E+01 -0.3631E+01 -0.3359E+01 -0.2463E+01 -0.1760E+01
      9.2141      263.0091  0.0000E+00 -0.2190E-01 -0.2379E+00 -0.1139E+01 -0.1215E+01 -0.1687E+01 -0.1935E+01 -0.2087E+01 -0.2273E+01 -0.2565E+01 -0.2792E+01 -0.2934E+01 -0.3046E+01 -0.3134E+01 -0.3212E+01 -0.3294E+01 -0.3374E+01 -0.3450E+01 -0.3516E+01 -0.3568E+01 -0.3618E+01 -0.3665E+01 -0.3628E+01 -0.3359E+01 -0.2464E+01 -0.1760E+01
      9.3496      273.9357  0.0000E+00 -0.2209E-01 -0.2380E+00 -0.1141E+01 -0.1217E+01 -0.1691E+01 -0.1938E+01 -0.2089E+01 -0.2275E+01 -0.2567E+01 -0.2793E+01 -0.2936E+01 -0.3047E+01 -0.3136E+01 -0.3215E+01 -0.3296E+01 -0.3375E+01 -0.3450E+01 -0.3514E+01 -0.3564E+01 -0.3613E+01 -0.3661E+01 -0.3624E+01 -0.3356E+01 -0.2462E+01 -0.1760E+01
      9.4851      284.8623  0.0000E+00 -0.2233E-01 -0.2385E+00 -0.1142E+01 -0.1219E+01 -0.1695E+01 -0.1941E+01 -0.2090E+01 -0.2276E+01 -0.2568E+01 -0.2795E+01 -0.2937E+01 -0.3049E+01 -0.3138E+01 -0.3217E+01 -0.3298E+01 -0.3377E+01 -0.3450E+01 -0.3512E+01 -0.3560E+01 -0.3608E+01 -0.3656E+01 -0.3619E+01 -0.3353E+01 -0.2460E+01 -0.1759E+01
      9.6206      295.7889  0.0000E+00 -0.2262E-01 -0.2396E+00 -0.1145E+01 -0.1222E+01 -0.1700E+01 -0.1944E+01 -0.2091E+01 -0.2277E+01 -0.2570E+01 -0.2797E+01 -0.2939E+01 -0.3052E+01 -0.3141E+01 -0.3220E+01 -0.3301E+01 -0.3378E+01 -0.3450E+01 -0.3511E+01 -0.3557E+01 -0.3603E+01 -0.3651E+01 -0.3614E+01 -0.3350E+01 -0.2457E+01 -0.1757E+01
      9.7561      306.7155  0.0000E+00 -0.2295E-01 -0.2413E+00 -0.1148E+01 -0.1226E+01 -0.1706E+01 -0.1947E+01 -0.2091E+01 -0.2277E+01 -0.2571E+01 -0.2798E+01 -0.2942E+01 -0.3054E+01 -0.3144E+01 -0.3223E+01 -0.3304E+01 -0.3380E+01 -0.3451E+01 -0.3511E+01 -0.3554E+01 -0.3599E+01 -0.3647E+01 -0.3610E+01 -0.3347E+01 -0.2453E+01 -0.1755E+01
      9.8916      317.6421  0.0000E+00 -0.2331E-01 -0.2434E+00 -0.1152E+01 -0.1231E+01 -0.1711E+01 -0.1950E+01 -0.2092E+01 -0.2278E+01 -0.2572E+01 -0.2800E+01 -0.2944E+01 -0.3057E+01 -0.3147E+01 -0.3227E+01 -0.3307E+01 -0.3382E+01 -0.3453E+01 -0.3512E+01 -0.3554E+01 -0.3596E+01 -0.3644E+01 -0.3607E+01 -0.3344E+01 -0.2450E+01 -0.1753E+01
     10.0271      328.5687  0.0000E+00 -0.2370E-01 -0.2459E+00 -0.1156E+01 -0.1236E+01 -0.1717E+01 -0.1953E+01 -0.2092E+01 -0.2278E+01 -0.2573E+01 -0.2801E+01 -0.2946E+01 -0.3060E+01 -0.3150E+01 -0.3230E+01 -0.3310E+01 -0.3385E+01 -0.3455E+01 -0.3515E+01 -0.3555E+01 -0.3596E+01 -0.3643E+01 -0.3605E+01 -0.3342E+01 -0.2446E+01 -0.1751E+01
     10.1626      339.4953  0.0000E+00 -0.2410E-01 -0.2488E+00 -0.1161E+01 -0.1242E+01 -0.1722E+01 -0.1955E+01 -0.2092E+01 -0.2277E+01 -0.2573E+01 -0.2803E+01 -0.2947E+01 -0.3062E+01 -0.3153E+01 -0.3233E+01 -0.3313E+01 -0.3388E+01 -0.3458E+01 -0.3518E+01 -0.3557E+01 -0.3596E+01 -0.3643E+01 -0.3604E+01 -0.3341E+01 -0.2443E+01 -0.1749E+01
     10.2981      350.4219  0.0000E+00 -0.2449E-01 -0.2519E+00 -0.1166E+01 -0.1247E+01 -0.1728E+01 -0.1957E+01 -0.2091E+01 -0.2277E+01 -0.2573E+01 -0.2803E+01 -0.2949E+01 -0.3064E+01 -0.3156E+01 -0.3237E+01 -0.3316E+01 -0.3391E+01 -0.3462E+01 -0.3522E+01 -0.3561E+01 -0.3598E+01 -0.3643E+01 -0.3604E+01 -0.3340E+01 -0.2441E+01 -0.1747E+01
     10.4336        1.3485  0.0000E+00 -0.2487E-01 -0.2550E+00 -0.1171E+01 -0.1253E+01 -0.1732E+01 -0.1958E+01 -0.2091E+01 -0.2276E+01 -0.2573E+01 -0.2804E+01 -0.2950E+01 -0.3066E+01 -0.3159E+01 -0.3239E+01 -0.3319E+01 -0.3393E+01 -0.3465E+01 -0.3527E+01 -0.3565E+01 -0.3601E+01 -0.3644E+01 -0.3604E+01 -0.3338E+01 -0.2438E+01 -0.1745E+01
     10.5691       12.2751  0.0000E+00 -0.2521E-01 -0.2581E+00 -0.1175E+01 -0.1258E+01 -0.1736E+01 -0.1958E+01 -0.2090E+01 -0.2275E+01 -0.2573E+01 -0.2804E+01 -0.2951E+01 -0.3068E+01 -0.3161E+01 -0.3242E+01 -0.3321E+01 -0.3396E+01 -0.3468E+01 -0.3532E+01 -0.3570E+01 -0.3604E+01 -0.3645E+01 -0.3604E+01 -0.3336E+01 -0.2435E+01 -0.1743E+01
     10.7046       23.2017  0.0000E+00 -0.2550E-01 -0.2609E+00 -0.1179E+01 -0.1262E+01 -0.1738E+01 -0.1958E+01 -0.2088E+01 -0.2273E+01 -0.2572E+01 -0.2804E+01 -0.2952E+01 -0.3069E+01 -0.3163E+01 -0.3243E+01 -0.3322E+01 -0.3397E+01 -0.3471E+01 -0.3536E+01 -0.3574E+01 -0.3606E+01 -0.3645E+01 -0.3602E+01 -0.3332E+01 -0.2431E+01 -0.1741E+01
     10.8401       34.1283  0.0000E+00 -0.2572E-01 -0.2633E+00 -0.1183E+01 -0.1266E+01 -0.1740E+01 -0.1957E+01 -0.2087E+01 -0.2272E+01 -0.2571E+01 -0.2804E+01 -0.2952E+01 -0.3070E+01 -0.3164E+01 -0.3244E+01 -0.3323E+01 -0.3398E+01 -0.3472E+01 -0.3538E+01 -0.3576E+01 -0.3607E+01 -0.3642E+01 -0.3598E+01 -0.3327E+01 -0.2427E+01 -0.1739E+01
     10.9756       45.0549  0.0000E+00 -0.2586E-01 -0.2653E+00 -0.1185E+01 -0.1268E+01 -0.1740E+01 -0.1956E+01 -0.2085E+01 -0.2270E+01 -0.2570E+01 -0.2804E+01 -0.2953E+01 -0.3071E+01 -0.3164E+01 -0.3244E+01 -0.3322E+01 -0.3397E+01 -0.3473E+01 -0.3540E+01 -0.3578E+01 -0.3606E+01 -0.3639E+01 -0.3593E+01 -0.3321E+01 -0.2421E+01 -0.1736E+01
     11.1111       55.9815  0.0000E+00 -0.2591E-01 -0.2667E+00 -0.1187E+01 -0.1270E+01 -0.1739E+01 -0.1954E+01 -0.2084E+01 -0.2269E+01 -0.2569E+01 -0.2803E+01 -0.2952E+01 -0.3071E+01 -0.3164E+01 -0.3244E+01 -0.3321E+01 -0.3396E+01 -0.3472E+01 -0.3539E+01 -0.3577E+01 -0.3604E+01 -0.3633E+01 -0.3586E+01 -0.3313E+01 -0.2415E+01 -0.1732E+01
     11.2466       66.9081  0.0000E+00 -0.2586E-01 -0.2674E+00 -0.1187E+01 -0.1270E+01 -0.1737E+01 -0.1951E+01 -0.2082E+01 -0.2267E+01 -0.2568E+01 -0.2802E+01 -0.2952E+01 -0.3071E+01 -0.3163E+01 -0.3242E+01 -0.3319E+01 -0.3393E+01 -0.3469E+01 -0.3538E+01 -0.3575E+01 -0.3600E+01 -0.3626E+01 -0.3577E+01 -0.3304E+01 -0.2409E+01 -0.1729E+01
     11.3821       77.8347  0.0000E+00 -0.2571E-01 -0.2675E+00 -0.1186E+01 -0.1269E+01 -0.1734E+01 -0.1948E+01 -0.2080E+01 -0.2265E+01 -0.2567E+01 -0.2802E+01 -0.2952E+01 -0.3070E+01 -0.3162E+01 -0.3240E+01 -0.3316E+01 -0.3390E+01 -0.3466E+01 -0.3534E+01 -0.3572E+01 -0.3595E+01 -0.3618E+01 -0.3568E+01 -0.3295E+01 -0.2402E+01 -0.1725E+01
     11.5176       88.7613  0.0000E+00 -0.2547E-01 -0.2670E+00 -0.1185E+01 -0.1267E+01 -0.1729E+01 -0.1944E+01 -0.2078E+01 -0.2264E+01 -0.2565E+01 -0.2801E+01 -0.2951E+01 -0.3069E+01 -0.3160E+01 -0.3237E+01 -0.3312E+01 -0.3386E+01 -0.3462E+01 -0.3530E+01 -0.3568E+01 -0.3589E+01 -0.3609E+01 -0.3559E+01 -0.3286E+01 -0.2395E+01 -0.1722E+01
     11.6531       99.6879  0.0000E+00 -0.2516E-01 -0.2660E+00 -0.1182E+01 -0.1264E+01 -0.1724E+01 -0.1940E+01 -0.2077E+01 -0.2263E+01 -0.2564E+01 -0.2800E+01 -0.2950E+01 -0.3067E+01 -0.3158E+01 -0.3234E+01 -0.3308E+01 -0.3381E+01 -0.3457E+01 -0.3525E+01 -0.3563E+01 -0.3584E+01 -0.3602E+01 -0.3552E+01 -0.3279E+01 -0.2389E+01 -0.1719E+01
     11.7886      110.6146  0.0000E+00 -0.2479E-01 -0.2645E+00 -0.1179E+01 -0.1260E+01 -0.1719E+01 -0.1937E+01 -0.2076E+01 -0.2262E+01 -0.2563E+01 -0.2798E+01 -0.2948E+01 -0.3065E+01 -0.3156E+01 -0.3231E+01 -0.3304E+01 -0.3377E+01 -0.3453E+01 -0.3521E+01 -0.3559E+01 -0.3580E+01 -0.3597E+01 -0.3546E+01 -0.3274E+01 -0.2385E+01 -0.1717E+01
     11.9241      121.5412  0.0000E+00 -0.2438E-01 -0.2625E+00 -0.1175E+01 -0.1255E+01 -0.1713E+01 -0.1933E+01 -0.2075E+01 -0.2261E+01 -0.2562E+01 -0.2797E+01 -0.2947E+01 -0.3063E+01 -0.3153E+01 -0.3227E+01 -0.3300E+01 -0.3373E+01 -0.3448E+01 -0.3517E+01 -0.3556E+01 -0.3578E+01 -0.3594E+01 -0.3544E+01 -0.3271E+01 -0.2383E+01 -0.1716E+01
     12.0596      132.4678  0.0000E+00 -0.2394E-01 -0.2603E+00 -0.1171E+01 -0.1250E+01 -0.1707E+01 -0.1930E+01 -0.2074E+01 -0.2261E+01 -0.2561E+01 -0.2796E+01 -0.2945E+01 -0.3061E+01 -0.3150E+01 -0.3224E+01 -0.3296E+01 -0.3369E+01 -0.3445E+01 -0.3514E+01 -0.3555E+01 -0.3577E+01 -0.3594E+01 -0.3545E+01 -0.3272E+01 -0.2384E+01 -0.1717E+01
     12.1951      143.3944  0.0000E+00 -0.2351E-01 -0.2579E+00 -0.1167E+01 -0.1245E+01 -0.1701E+01 -0.1927E+01 -0.2074E+01 -0.2260E+01 -0.2560E+01 -0.2794E+01 -0.2943E+01 -0.3058E+01 -0.3147E+01 -0.3220E+01 -0.3293E+01 -0.3366E+01 -0.3443E+01 -0.3512E+01 -0.3554E+01 -0.3579E+01 -0.3597E+01 -0.3550E+01 -0.3276E+01 -0.2387E+01 -0.1719E+01
     12.3306      154.3210  0.0000E+00 -0.2309E-01 -0.2554E+00 -0.1162E+01 -0.1240E+01 -0.1696E+01 -0.1925E+01 -0.2074E+01 -0.2261E+01 -0.2559E+01 -0.2793E+01 -0.2941E+01 -0.3056E+01 -0.3143E+01 -0.3217E+01 -0.3290E+01 -0.3365E+01 -0.3441E+01 -0.3511E+01 -0.3556E+01 -0.3584E+01 -0.3604E+01 -0.3557E+01 -0.3283E+01 -0.2393E+01 -0.1722E+01
     12.4661      165.2476  0.0000E+00 -0.2271E-01 -0.2529E+00 -0.1158E+01 -0.1235E+01 -0.1691E+01 -0.1924E+01 -0.2074E+01 -0.2261E+01 -0.2559E+01 -0.2792E+01 -0.2939E+01 -0.3053E+01 -0.3140E+01 -0.3214E+01 -0.3288E+01 -0.3364E+01 -0.3441E+01 -0.3511E+01 -0.3559E+01 -0.3590E+01 -0.3613E+01 -0.3568E+01 -0.3293E+01 -0.2400E+01 -0.1727E+01
     12.6016      176.1742  0.0000E+00 -0.2238E-01 -0.2504E+00 -0.1154E+01 -0.1230E+01 -0.1687E+01 -0.1923E+01 -0.2075E+01 -0.2262E+01 -0.2559E+01 -0.2790E+01 -0.2937E+01 -0.3051E+01 -0.3138E+01 -0.3212E+01 -0.3287E+01 -0.3364E+01 -0.3442E+01 -0.3513E+01 -0.3562E+01 -0.3597E+01 -0.3623E+01 -0.3580E+01 -0.3304E+01 -0.2410E+01 -0.1732E+01
     12.7371      187.1008  0.0000E+00 -0.2210E-01 -0.2480E+00 -0.1150E+01 -0.1226E+01 -0.1684E+01 -0.1923E+01 -0.2076E+01 -0.2263E+01 -0.2559E+01 -0.2789E+01 -0.2935E+01 -0.3048E+01 -0.3135E+01 -0.3210E+01 -0.3286E+01 -0.3364E+01 -0.3443E+01 -0.3515E+01 -0.3567E+01 -0.3605E+01 -0.3635E+01 -0.3592E+01 -0.3316E+01 -0.2420E+01 -0.1737E+01
     12.8726      198.0274  0.0000E+00 -0.2189E-01 -0.2458E+00 -0.1147E+01 -0.1223E+01 -0.1682E+01 -0.1923E+01 -0.2078E+01 -0.2264E+01 -0.2559E+01 -0.2789E+01 -0.2934E+01 -0.3046E+01 -0.3134E+01 -0.3209E+01 -0.3286E+01 -0.3365E+01 -0.3445E+01 -0.3517E+01 -0.3571E+01 -0.3613E+01 -0.3646E+01 -0.3605E+01 -0.3328E+01 -0.2430E+01 -0.1743E+01
     13.0081      208.9540  0.0000E+00 -0.2174E-01 -0.2437E+00 -0.1144E+01 -0.1220E+01 -0.1681E+01 -0.1924E+01 -0.2079E+01 -0.2266E+01 -0.2559E+01 -0.2788E+01 -0.2933E+01 -0.3045E+01 -0.3132E+01 -0.3208E+01 -0.3287E+01 -0.3367E+01 -0.3446E+01 -0.3518E+01 -0.3574E+01 -0.3619E+01 -0.3655E+01 -0.3615E+01 -0.3339E+01 -0.2440E+01 -0.1748E+01
     13.1436      219.8806  0.0000E+00 -0.2165E-01 -0.2419E+00 -0.1142E+01 -0.1217E+01 -0.1681E+01 -0.1926E+01 -0.2081E+01 -0.2267E+01 -0.2560E+01 -0.2788E+01 -0.2932E+01 -0.3044E+01 -0.3131E+01 -0.3208E+01 -0.3287E+01 -0.3368E+01 -0.3448E+01 -0.3520E+01 -0.3576E+01 -0.3623E+01 -0.3662E+01 -0.3623E+01 -0.3347E+01 -0.2449E+01 -0.1753E+01
     13.2791      230.8072  0.0000E+00 -0.2163E-01 -0.2404E+00 -0.1141E+01 -0.1216E+01 -0.1681E+01 -0.1928E+01 -0.2083E+01 -0.2269E+01 -0.2561E+01 -0.2789E+01 -0.2932E+01 -0.3043E+01 -0.3131E+01 -0.3208E+01 -0.3289E+01 -0.3370E+01 -0.3449E+01 -0.3520E+01 -0.3576E+01 -0.3625E+01 -0.3667E+01 -0.3629E+01 -0.3354E+01 -0.2456E+01 -0.1756E+01
     13.4146      241.7338  0.0000E+00 -0.2166E-01 -0.2392E+00 -0.1140E+01 -0.1215E+01 -0.1683E+01 -0.1930E+01 -0.2085E+01 -0.2271E+01 -0.2562E+01 -0.2789E+01 -0.2932E+01 -0.3044E+01 -0.3132E+01 -0.3209E+01 -0.3290E+01 -0.3371E+01 -0.3450E+01 -0.3519E+01 -0.3575E+01 -0.3625E+01 -0.3669E+01 -0.3631E+01 -0.3358E+01 -0.2460E+01 -0.1759E+01
     13.5501      252.6604  0.0000E+00 -0.2176E-01 -0.2383E+00 -0.1139E+01 -0.1215E+01 -0.1685E+01 -0.1933E+01 -0.2086E+01 -0.2272E+01 -0.2564E+01 -0.2790E+01 -0.2933E+01 -0.3044E+01 -0.3132E+01 -0.3211E+01 -0.3292E+01 -0.3373E+01 -0.3450E+01 -0.3518E+01 -0.3572E+01 -0.3622E+01 -0.3668E+01 -0.3631E+01 -0.3359E+01 -0.2463E+01 -0.1760E+01
     13.6856      263.5870  0.0000E+00 -0.2190E-01 -0.2379E+00 -0.1140E+01 -0.1216E+01 -0.1688E+01 -0.1936E+01 -0.2088E+01 -0.2274E+01 -0.2565E+01 -0.2792E+01 -0.2934E+01 -0.3046E+01 -0.3134E+01 -0.3213E+01 -0.3294E+01 -0.3374E+01 -0.3450E+01 -0.3516E+01 -0.3568E+01 -0.3618E+01 -0.3665E+01 -0.3628E+01 -0.3358E+01 -0.2463E+01 -0.1760E+01
     13.8211      274.5136  0.0000E+00 -0.2210E-01 -0.2380E+00 -0.1141E+01 -0.1217E+01 -0.1692E+01 -0.1939E+01 -0.2089E+01 -0.2275E+01 -0.2567E+01 -0.2793E+01 -0.2936E+01 -0.3047E+01 -0.3136E+01 -0.3215E+01 -0.3296E+01 -0.3375E+01 -0.3450E+01 -0.3514E+01 -0.3564E+01 -0.3613E+01 -0.3661E+01 -0.3624E+01 -0.3356E+01 -0.2462E+01 -0.1760E+01
     13.9566      285.4402  0.0000E+00 -0.2235E-01 -0.2386E+00 -0.1143E+01 -0.1220E+01 -0.1696E+01 -0.1942E+01 -0.2090E+01 -0.2276E+01 -0.2568E+01 -0.2795E+01 -0.2938E+01 -0.3049E+01 -0.3138E+01 -0.3217E+01 -0.3298E+01 -0.3377E+01 -0.3450E+01 -0.3512E+01 -0.3560E+01 -0.3607E+01 -0.3656E+01 -0.3619E+01 -0.3353E+01 -0.2460E+01 -0.1758E+01
     14.0921      296.3668  0.0000E+00 -0.2264E-01 -0.2398E+00 -0.1145E+01 -0.1223E+01 -0.1701E+01 -0.1945E+01 -0.2091E+01 -0.2277E+01 -0.2570E+01 -0.2797E+01 -0.2940E+01 -0.3052E+01 -0.3141E+01 -0.3220E+01 -0.3301E+01 -0.3378E+01 -0.3450E+01 -0.3511E+01 -0.3556E+01 -0.3602E+01 -0.3651E+01 -0.3614E+01 -0.3350E+01 -0.2457E+01 -0.1757E+01
     14.2276      307.2934  0.0000E+00 -0.2297E-01 -0.2414E+00 -0.1148E+01 -0.1227E+01 -0.1707E+01 -0.1948E+01 -0.2092E+01 -0.2278E+01 -0.2571E+01 -0.2799E+01 -0.2942E+01 -0.3054E+01 -0.3144E+01 -0.3224E+01 -0.3304E+01 -0.3380E+01 -0.3451E+01 -0.3511E+01 -0.3554E+01 -0.3599E+01 -0.3647E+01 -0.3610E+01 -0.3347E+01 -0.2453E+01 -0.1755E+01
     14.3631      318.2200  0.0000E+00 -0.2333E-01 -0.2436E+00 -0.1152E+01 -0.1231E+01 -0.1712E+01 -0.1951E+01 -0.2092E+01 -0.2278E+01 -0.2572E+01 -0.2800E+01 -0.2944E+01 -0.3057E+01 -0.3147E+01 -0.3227E+01 -0.3307E+01 -0.3383E+01 -0.3453E+01 -0.3512E+01 -0.3554E+01 -0.3596E+01 -0.3644E+01 -0.3607E+01 -0.3344E+01 -0.2449E+01 -0.1753E+01
     14.4986      329.1466  0.0000E+00 -0.2372E-01 -0.2461E+00 -0.1157E+01 -0.1237E+01 -0.1718E+01 -0.1953E+01 -0.2092E+01 -0.2278E+01 -0.2573E+01 -0.2802E+01 -0.2946E+01 -0.3060E+01 -0.3151E+01 -0.3230E+01 -0.3310E+01 -0.3385E+01 -0.3455E+01 -0.3515E+01 -0.3555E+01 -0.3596E+01 -0.3643E+01 -0.3605E+01 -0.3342E+01 -0.2446E+01 -0.1751E+01
     14.6341      340.0732  0.0000E+00 -0.2412E-01 -0.2490E+00 -0.1161E+01 -0.1242E+01 -0.1723E+01 -0.1955E+01 -0.2092E+01 -0.2278E+01 -0.2573E+01 -0.2803E+01 -0.2947E+01 -0.3062E+01 -0.3154E+01 -0.3234E+01 -0.3313E+01 -0.3388E+01 -0.3458E+01 -0.3518E+01 -0.3557E+01 -0.3596E+01 -0.3643E+01 -0.3604E+01 -0.3341E+01 -0.2443E+01 -0.1749E+01
     14.7696      350.9998  0.0000E+00 -0.2451E-01 -0.2521E+00 -0.1166E+01 -0.1248E+01 -0.1728E+01 -0.1957E+01 -0.2092E+01 -0.2277E+01 -0.2573E+01 -0.2803E+01 -0.2949E+01 -0.3064E+01 -0.3156E+01 -0.3237E+01 -0.3316E+01 -0.3391E+01 -0.3462E+01 -0.3523E+01 -0.3561E+01 -0.3599E+01 -0.3643E+01 -0.3604E+01 -0.3340E+01 -0.2440E+01 -0.1747E+01
     14.9051        1.9264  0.0000E+00 -0.2489E-01 -0.2552E+00 -0.1171E+01 -0.1253E+01 -0.1733E+01 -0.1958E+01 -0.2091E+01 -0.2276E+01 -0.2573E+01 -0.2804E+01 -0.2950E+01 -0.3066E+01 -0.3159E+01 -0.3239E+01 -0.3319E+01 -0.3394E+01 -0.3465E+01 -0.3527E+01 -0.3566E+01 -0.3601E+01 -0.3644E+01 -0.3604E+01 -0.3338E+01 -0.2438E+01 -0.1745E+01
     15.0407       12.8531  0.0000E+00 -0.2523E-01 -0.2583E+00 -0.1176E+01 -0.1258E+01 -0.1736E+01 -0.1959E+01 -0.2090E+01 -0.2275E+01 -0.2573E+01 -0.2804E+01 -0.2951E+01 -0.3068E+01 -0.3161E+01 -0.3242E+01 -0.3321E+01 -0.3396E+01 -0.3469E+01 -0.3532E+01 -0.3570E+01 -0.3604E+01 -0.3645E+01 -0.3603E+01 -0.3336E+01 -0.2435E+01 -0.1743E+01
     15.1762       23.7797  0.0000E+00 -0.2551E-01 -0.2611E+00 -0.1180E+01 -0.1263E+01 -0.1739E+01 -0.1959E+01 -0.2089E+01 -0.2274E+01 -0.2572E+01 -0.2804E+01 -0.2952E+01 -0.3069E+01 -0.3163E+01 -0.3243E+01 -0.3322E+01 -0.3397E+01 -0.3471E+01 -0.3536E+01 -0.3574E+01 -0.3606E+01 -0.3644E+01 -0.3601E+01 -0.3332E+01 -0.2431E+01 -0.1741E+01
     15.3117       34.7063  0.0000E+00 -0.2573E-01 -0.2635E+00 -0.1183E+01 -0.1266E+01 -0.1740E+01 -0.1958E+01 -0.2087E+01 -0.2272E+01 -0.2571E+01 -0.2804E+01 -0.2952E+01 -0.3070E+01 -0.3164E+01 -0.3244E+01 -0.3323E+01 -0.3398E+01 -0.3473E+01 -0.3538E+01 -0.3576E+01 -0.3607E+01 -0.3642E+01 -0.3598E+01 -0.3327E+01 -0.2426E+01 -0.1738E+01
     15.4472       45.6329  0.0000E+00 -0.2586E-01 -0.2654E+00 -0.1185E+01 -0.1269E+01 -0.1741E+01 -0.1956E+01 -0.2086E+01 -0.2270E+01 -0.2570E+01 -0.2804E+01 -0.2953E+01 -0.3071E+01 -0.3164E+01 -0.3244E+01 -0.3322E+01 -0.3397E+01 -0.3473E+01 -0.3540E+01 -0.3578E+01 -0.3606E+01 -0.3638E+01 -0.3592E+01 -0.3320E+01 -0.2421E+01 -0.1735E+01
     15.5827       56.5595  0.0000E+00 -0.2590E-01 -0.2668E+00 -0.1187E+01 -0.1270E+01 -0.1739E+01 -0.1954E+01 -0.2084E+01 -0.2269E+01 -0.2569E+01 -0.2803E+01 -0.2953E+01 -0.3071E+01 -0.3164E+01 -0.3244E+01 -0.3321E+01 -0.3396E+01 -0.3472E+01 -0.3539E+01 -0.3577E+01 -0.3603E+01 -0.3633E+01 -0.3585E+01 -0.3312E+01 -0.2415E+01 -0.1732E+01
     15.7182       67.4861  0.0000E+00 -0.2585E-01 -0.2675E+00 -0.1187E+01 -0.1270E+01 -0.1737E+01 -0.1951E+01 -0.2082E+01 -0.2267E+01 -0.2568E+01 -0.2803E+01 -0.2952E+01 -0.3071E+01 -0.3163E+01 -0.3242E+01 -0.3319E+01 -0.3393E+01 -0.3469E+01 -0.3537E+01 -0.3575E+01 -0.3600E+01 -0.3625E+01 -0.3577E+01 -0.3304E+01 -0.2408E+01 -0.1729E+01
     15.8537       78.4127  0.0000E+00 -0.2570E-01 -0.2676E+00 -0.1186E+01 -0.1269E+01 -0.1734E+01 -0.1948E+01 -0.2080E+01 -0.2266E+01 -0.2567E+01 -0.2802E+01 -0.2952E+01 -0.3070E+01 -0.3162E+01 -0.3240E+01 -0.3316E+01 -0.3390E+01 -0.3466E+01 -0.3534E+01 -0.3572E+01 -0.3594E+01 -0.3617E+01 -0.3568E+01 -0.3294E+01 -0.2401E+01 -0.1725E+01
     15.9892       89.3393  0.0000E+00 -0.2546E-01 -0.2670E+00 -0.1185E+01 -0.1267E+01 -0.1729E+01 -0.1944E+01 -0.2079E+01 -0.2264E+01 -0.2565E+01 -0.2801E+01 -0.2951E+01 -0.3069E+01 -0.3160E+01 -0.3237E+01 -0.3312E+01 -0.3386E+01 -0.3462E+01 -0.3530E+01 -0.3568E+01 -0.3589E+01 -0.3609E+01 -0.3559E+01 -0.3286E+01 -0.2395E+01 -0.1722E+01
     16.1247      100.2659  0.0000E+00 -0.2514E-01 -0.2660E+00 -0.1182E+01 -0.1264E+01 -0.1724E+01 -0.1941E+01 -0.2077E+01 -0.2263E+01 -0.2564E+01 -0.2800E+01 -0.2950E+01 -0.3067E+01 -0.3158E+01 -0.3234E+01 -0.3308E+01 -0.3381E+01 -0.3457E+01 -0.3525E+01 -0.3563E+01 -0.3584E+01 -0.3602E+01 -0.3551E+01 -0.3278E+01 -0.2389E+01 -0.1719E+01
     16.2602      111.1925  0.0000E+00 -0.2477E-01 -0.2644E+00 -0.1179E+01 -0.1260E+01 -0.1719E+01 -0.1937E+01 -0.2076E+01 -0.2262E+01 -0.2563E+01 -0.2798E+01 -0.2948E+01 -0.3065E+01 -0.3155E+01 -0.3231E+01 -0.3304E+01 -0.3377E+01 -0.3452E+01 -0.3521E+01 -0.3559E+01 -0.3580E+01 -0.3597E+01 -0.3546E+01 -0.3273E+01 -0.2385E+01 -0.1717E+01
     16.3957      122.1191  0.0000E+00 -0.2435E-01 -0.2625E+00 -0.1175E+01 -0.1255E+01 -0.1713E+01 -0.1933E+01 -0.2075E+01 -0.2261E+01 -0.2562E+01 -0.2797E+01 -0.2947E+01 -0.3063E+01 -0.3153E+01 -0.3227E+01 -0.3300E+01 -0.3373E+01 -0.3448E+01 -0.3517E+01 -0.3556E+01 -0.3578E+01 -0.3594E+01 -0.3544E+01 -0.3271E+01 -0.2383E+01 -0.1716E+01
     16.5312      133.0457  0.0000E+00 -0.2392E-01 -0.2602E+00 -0.1171E+01 -0.1250E+01 -0.1707E+01 -0.1930E+01 -0.2074E+01 -0.2261E+01 -0.2561E+01 -0.2796E+01 -0.2945E+01 -0.3061E+01 -0.3150E+01 -0.3223E+01 -0.3296E+01 -0.3369E+01 -0.3445E+01 -0.3513E+01 -0.3555E+01 -0.3577E+01 -0.3594E+01 -0.3545E+01 -0.3272E+01 -0.2384E+01 -0.1717E+01
     16.6667      143.9723  0.0000E+00 -0.2348E-01 -0.2578E+00 -0.1167E+01 -0.1245E+01 -0.1701E+01 -0.1928E+01 -0.2074E+01 -0.2261E+01 -0.2560E+01 -0.2794E+01 -0.2943E+01 -0.3058E+01 -0.3146E+01 -0.3220E+01 -0.3293E+01 -0.3366E+01 -0.3443E+01 -0.3511E+01 -0.3554E+01 -0.3580E+01 -0.3598E+01 -0.3550E+01 -0.3276E+01 -0.2387E+01 -0.1719E+01
     16.8022      154.8989  0.0000E+00 -0.2307E-01 -0.2553E+00 -0.1162E+01 -0.1240E+01 -0.1696E+01 -0.1925E+01 -0.2074E+01 -0.2261E+01 -0.2559E+01 -0.2793E+01 -0.2941E+01 -0.3056E+01 -0.3143E+01 -0.3217E+01 -0.3290E+01 -0.3365E+01 -0.3441E+01 -0.3511E+01 -0.3556E+01 -0.3584E+01 -0.3604E+01 -0.3558E+01 -0.3284E+01 -0.2393E+01 -0.1722E+01
     16.9377      165.8255  0.0000E+00 -0.2269E-01 -0.2528E+00 -0.1158E+01 -0.1235E+01 -0.1691E+01 -0.1924E+01 -0.2075E+01 -0.2261E+01 -0.2559E+01 -0.2792E+01 -0.2939E+01 -0.3053E+01 -0.3140E+01 -0.3214E+01 -0.3288E+01 -0.3364E+01 -0.3441E+01 -0.3511E+01 -0.3559E+01 -0.3590E+01 -0.3613E+01 -0.3568E+01 -0.3293E+01 -0.2401E+01 -0.1727E+01
     17.0732      176.7521  0.0000E+00 -0.2236E-01 -0.2503E+00 -0.1154E+01 -0.1230E+01 -0.1688E+01 -0.1923E+01 -0.2076E+01 -0.2262E+01 -0.2559E+01 -0.2790E+01 -0.2937E+01 -0.3050E+01 -0.3138E+01 -0.3212E+01 -0.3287E+01 -0.3364E+01 -0.3442E+01 -0.3513E+01 -0.3563E+01 -0.3598E+01 -0.3624E+01 -0.3580E+01 -0.3305E+01 -0.2410E+01 -0.1732E+01
     17.2087      187.6787  0.0000E+00 -0.2209E-01 -0.2479E+00 -0.1150E+01 -0.1226E+01 -0.1684E+01 -0.1923E+01 -0.2077E+01 -0.2263E+01 -0.2559E+01 -0.2789E+01 -0.2935E+01 -0.3048E+01 -0.3135E+01 -0.3210E+01 -0.3286E+01 -0.3364E+01 -0.3443E+01 -0.3515E+01 -0.3567E+01 -0.3606E+01 -0.3635E+01 -0.3593E+01 -0.3317E+01 -0.2421E+01 -0.1738E+01
     17.3442      198.6053  0.0000E+00 -0.2188E-01 -0.2457E+00 -0.1147E+01 -0.1223E+01 -0.1682E+01 -0.1923E+01 -0.2078E+01 -0.2264E+01 -0.2559E+01 -0.2789E+01 -0.2934E+01 -0.3046E+01 -0.3133E+01 -0.3209E+01 -0.3286E+01 -0.3365E+01 -0.3445E+01 -0.3517E+01 -0.3571E+01 -0.3613E+01 -0.3646E+01 -0.3605E+01 -0.3329E+01 -0.2431E+01 -0.1743E+01
     17.4797      209.5319  0.0000E+00 -0.2173E-01 -0.2436E+00 -0.1144E+01 -0.1220E+01 -0.1681E+01 -0.1924E+01 -0.2080E+01 -0.2266E+01 -0.2559E+01 -0.2788E+01 -0.2933E+01 -0.3045E+01 -0.3132E+01 -0.3208E+01 -0.3287E+01 -0.3367E+01 -0.3446E+01 -0.3518E+01 -0.3574E+01 -0.3619E+01 -0.3655E+01 -0.3616E+01 -0.3339E+01 -0.2441E+01 -0.1748E+01
     17.6152      220.4585  0.0000E+00 -0.2165E-01 -0.2418E+00 -0.1142E+01 -0.1217E+01 -0.1681E+01 -0.1926E+01 -0.2081E+01 -0.2268E+01 -0.2560E+01 -0.2788E+01 -0.2932E+01 -0.3044E+01 -0.3131E+01 -0.3208E+01 -0.3288E+01 -0.3368E+01 -0.3448E+01 -0.3520E+01 -0.3576E+01 -0.3623E+01 -0.3663E+01 -0.3624E+01 -0.3348E+01 -0.2449E+01 -0.1753E+01
     17.7507      231.3851  0.0000E+00 -0.2163E-01 -0.2403E+00 -0.1141E+01 -0.1216E+01 -0.1682E+01 -0.1928E+01 -0.2083E+01 -0.2269E+01 -0.2561E+01 -0.2789E+01 -0.2932E+01 -0.3043E+01 -0.3131E+01 -0.3208E+01 -0.3289E+01 -0.3370E+01 -0.3449E+01 -0.3520E+01 -0.3576E+01 -0.3625E+01 -0.3667E+01 -0.3629E+01 -0.3354E+01 -0.2456E+01 -0.1756E+01
     17.8862      242.3117  0.0000E+00 -0.2167E-01 -0.2391E+00 -0.1140E+01 -0.1215E+01 -0.1683E+01 -0.1930E+01 -0.2085E+01 -0.2271E+01 -0.2563E+01 -0.2789E+01 -0.2932E+01 -0.3044E+01 -0.3132E+01 -0.3209E+01 -0.3290E+01 -0.3371E+01 -0.3450E+01 -0.3519E+01 -0.3574E+01 -0.3625E+01 -0.3669E+01 -0.3631E+01 -0.3358E+01 -0.2461E+01 -0.1759E+01
     18.0217      253.2383  0.0000E+00 -0.2176E-01 -0.2383E+00 -0.1139E+01 -0.1215E+01 -0.1685E+01 -0.1933E+01 -0.2086E+01 -0.2272E+01 -0.2564E+01 -0.2790E+01 -0.2933E+01 -0.3044E+01 -0.3133E+01 -0.3211E+01 -0.3292E+01 -0.3373E+01 -0.3450E+01 -0.3518E+01 -0.3572E+01 -0.3622E+01 -0.3668E+01 -0.3631E+01 -0.3359E+01 -0.2463E+01 -0.1760E+01
     18.1572      264.1649  0.0000E+00 -0.2191E-01 -0.2380E+00 -0.1140E+01 -0.1216E+01 -0.1689E+01 -0.1936E+01 -0.2088E+01 -0.2274E+01 -0.2566E+01 -0.2792E+01 -0.2934E+01 -0.3046E+01 -0.3134E+01 -0.3213E+01 -0.3294E+01 -0.3374E+01 -0.3450E+01 -0.3516E+01 -0.3568E+01 -0.3618E+01 -0.3665E+01 -0.3628E+01 -0.3358E+01 -0.2463E+01 -0.1760E+01
     18.2927      275.0915  0.0000E+00 -0.2211E-01 -0.2381E+00 -0.1141E+01 -0.1217E+01 -0.1692E+01 -0.1939E+01 -0.2089E+01 -0.2275E+01 -0.2567E+01 -0.2794E+01 -0.2936E+01 -0.3047E+01 -0.3136E+01 -0.3215E+01 -0.3296E+01 -0.3375E+01 -0.3450E+01 -0.3514E+01 -0.3564E+01 -0.3613E+01 -0.3660E+01 -0.3624E+01 -0.3356E+01 -0.2462E+01 -0.1760E+01
     18.4282      286.0182  0.0000E+00 -0.2236E-01 -0.2387E+00 -0.1143E+01 -0.1220E+01 -0.1697E+01 -0.1942E+01 -0.2090E+01 -0.2276E+01 -0.2569E+01 -0.2795E+01 -0.2938E+01 -0.3050E+01 -0.3139E+01 -0.3218E+01 -0.3298E+01 -0.3377E+01 -0.3450E+01 -0.3512E+01 -0.3560E+01 -0.3607E+01 -0.3655E+01 -0.3619E+01 -0.3353E+01 -0.2460E+01 -0.1758E+01
     18.5637      296.9448  0.0000E+00 -0.2265E-01 -0.2399E+00 -0.1145E+01 -0.1223E+01 -0.1702E+01 -0.1945E+01 -0.2091E+01 -0.2277E+01 -0.2570E+01 -0.2797E+01 -0.2940E+01 -0.3052E+01 -0.3141E+01 -0.3221E+01 -0.3301E+01 -0.3378E+01 -0.3450E+01 -0.3511E+01 -0.3556E+01 -0.3602E+01 -0.3651E+01 -0.3614E+01 -0.3350E+01 -0.2456E+01 -0.1757E+01
     18.6992      307.8714  0.0000E+00 -0.2298E-01 -0.2415E+00 -0.1149E+01 -0.1227E+01 -0.1707E+01 -0.1948E+01 -0.2092E+01 -0.2278E+01 -0.2571E+01 -0.2799E+01 -0.2942E+01 -0.3055E+01 -0.3144E+01 -0.3224E+01 -0.3304E+01 -0.3380E+01 -0.3451E+01 -0.3511E+01 -0.3554E+01 -0.3598E+01 -0.3647E+01 -0.3610E+01 -0.3347E+01 -0.2453E+01 -0.1755E+01
     18.8347      318.7980  0.0000E+00 -0.2335E-01 -0.2437E+00 -0.1152E+01 -0.1232E+01 -0.1713E+01 -0.1951E+01 -0.2092E+01 -0.2278E+01 -0.2572E+01 -0.2800E+01 -0.2944E+01 -0.3057E+01 -0.3148E+01 -0.3227E+01 -0.3307E+01 -0.3383E+01 -0.3453E+01 -0.3513E+01 -0.3554E+01 -0.3596E+01 -0.3644E+01 -0.3607E+01 -0.3344E+01 -0.2449E+01 -0.1752E+01
     18.9702      329.7246  0.0000E+00 -0.2374E-01 -0.2463E+00 -0.1157E+01 -0.1237E+01 -0.1718E+01 -0.1954E+01 -0.2092E+01 -0.2278E+01 -0.2573E+01 -0.2802E+01 -0.2946E+01 -0.3060E+01 -0.3151E+01 -0.3231E+01 -0.3310E+01 -0.3385E+01 -0.3455E+01 -0.3515E+01 -0.3555E+01 -0.3596E+01 -0.3643E+01 -0.3605E+01 -0.3342E+01 -0.2446E+01 -0.1751E+01
     19.1057      340.6512  0.0000E+00 -0.2414E-01 -0.2492E+00 -0.1162E+01 -0.1243E+01 -0.1724E+01 -0.1956E+01 -0.2092E+01 -0.2278E+01 -0.2573E+01 -0.2803E+01 -0.2948E+01 -0.3062E+01 -0.3154E+01 -0.3234E+01 -0.3313E+01 -0.3388E+01 -0.3459E+01 -0.3519E+01 -0.3558E+01 -0.3597E+01 -0.3643E+01 -0.3604E+01 -0.3341E+01 -0.2443E+01 -0.1749E+01
     19.2412      351.5778  0.0000E+00 -0.2453E-01 -0.2523E+00 -0.1167E+01 -0.1248E+01 -0.1729E+01 -0.1957E+01 -0.2092E+01 -0.2277E+01 -0.2574E+01 -0.2804E+01 -0.2949E+01 -0.3065E+01 -0.3157E+01 -0.3237E+01 -0.3316E+01 -0.3391E+01 -0.3462E+01 -0.3523E+01 -0.3561E+01 -0.3599E+01 -0.3644E+01 -0.3604E+01 -0.3340E+01 -0.2440E+01 -0.1747E+01
     19.3767        2.5044  0.0000E+00 -0.2491E-01 -0.2554E+00 -0.1171E+01 -0.1254E+01 -0.1733E+01 -0.1959E+01 -0.2091E+01 -0.2276E+01 -0.2573E+01 -0.2804E+01 -0.2950E+01 -0.3066E+01 -0.3159E+01 -0.3240E+01 -0.3319E+01 -0.3394E+01 -0.3466E+01 -0.3528E+01 -0.3566E+01 -0.3601E+01 -0.3645E+01 -0.3604E+01 -0.3338E+01 -0.2437E+01 -0.1745E+01
     19.5122       13.4310  0.0000E+00 -0.2524E-01 -0.2585E+00 -0.1176E+01 -0.1259E+01 -0.1737E+01 -0.1959E+01 -0.2090E+01 -0.2275E+01 -0.2573E+01 -0.2804E+01 -0.2951E+01 -0.3068E+01 -0.3161E+01 -0.3242E+01 -0.3321E+01 -0.3396E+01 -0.3469E+01 -0.3532E+01 -0.3570E+01 -0.3604E+01 -0.3645E+01 -0.3603E+01 -0.3336E+01 -0.2434E+01 -0.1743E+01
     19.6477       24.3576  0.0000E+00 -0.2553E-01 -0.2612E+00 -0.1180E+01 -0.1263E+01 -0.1739E+01 -0.1959E+01 -0.2089E+01 -0.2274E+01 -0.2572E+01 -0.2804E+01 -0.2952E+01 -0.3069E+01 -0.3163E+01 -0.3243E+01 -0.3322E+01 -0.3397E+01 -0.3471E+01 -0.3536E+01 -0.3574E+01 -0.3606E+01 -0.3644E+01 -0.3601E+01 -0.3332E+01 -0.2431E+01 -0.1741E+01
     19.7832       35.2842  0.0000E+00 -0.2574E-01 -0.2636E+00 -0.1183E+01 -0.1267E+01 -0.1741E+01 -0.1958E+01 -0.2087E+01 -0.2272E+01 -0.2571E+01 -0.2804E+01 -0.2952E+01 -0.3070E+01 -0.3164E+01 -0.3244E+01 -0.3323E+01 -0.3398E+01 -0.3473E+01 -0.3539E+01 -0.3577E+01 -0.3607E+01 -0.3642E+01 -0.3598E+01 -0.3327E+01 -0.2426E+01 -0.1738E+01
     19.9187       46.2108  0.0000E+00 -0.2587E-01 -0.2655E+00 -0.1185E+01 -0.1269E+01 -0.1741E+01 -0.1956E+01 -0.2086E+01 -0.2270E+01 -0.2570E+01 -0.2804E+01 -0.2953E+01 -0.3071E+01 -0.3164E+01 -0.3244E+01 -0.3322E+01 -0.3397E+01 -0.3473E+01 -0.3540E+01 -0.3578E+01 -0.3606E+01 -0.3638E+01 -0.3592E+01 -0.3320E+01 -0.2421E+01 -0.1735E+01
     20.0542       57.1374  0.0000E+00 -0.2590E-01 -0.2668E+00 -0.1187E+01 -0.1270E+01 -0.1740E+01 -0.1954E+01 -0.2084E+01 -0.2269E+01 -0.2569E+01 -0.2803E+01 -0.2953E+01 -0.3071E+01 -0.3164E+01 -0.3244E+01 -0.3321E+01 -0.3396E+01 -0.3472E+01 -0.3539E+01 -0.3577E+01 -0.3603E+01 -0.3632E+01 -0.3585E+01 -0.3312E+01 -0.2415E+01 -0.1732E+01
     20.1897       68.0640  0.0000E+00 -0.2584E-01 -0.2675E+00 -0.1187E+01 -0.1270E+01 -0.1737E+01 -0.1951E+01 -0.2082E+01 -0.2267E+01 -0.2568E+01 -0.2802E+01 -0.2952E+01 -0.3071E+01 -0.3163E+01 -0.3242E+01 -0.3319E+01 -0.3393E+01 -0.3469E+01 -0.3537E+01 -0.3575E+01 -0.3599E+01 -0.3625E+01 -0.3576E+01 -0.3303E+01 -0.2408E+01 -0.1728E+01
     20.3252       78.9906  0.0000E+00 -0.2568E-01 -0.2676E+00 -0.1186E+01 -0.1269E+01 -0.1734E+01 -0.1948E+01 -0.2080E+01 -0.2266E+01 -0.2567E+01 -0.2802E+01 -0.2952E+01 -0.3070E+01 -0.3162E+01 -0.3240E+01 -0.3316E+01 -0.3389E+01 -0.3466E+01 -0.3534E+01 -0.3572E+01 -0.3594E+01 -0.3617E+01 -0.3567E+01 -0.3294E+01 -0.2401E+01 -0.1725E+01
     20.4607       89.9172  0.0000E+00 -0.2544E-01 -0.2670E+00 -0.1185E+01 -0.1267E+01 -0.1729E+01 -0.1944E+01 -0.2079E+01 -0.2264E+01 -0.2565E+01 -0.2801E+01 -0.2951E+01 -0.3069E+01 -0.3160E+01 -0.3237E+01 -0.3312E+01 -0.3385E+01 -0.3461E+01 -0.3530E+01 -0.3567E+01 -0.3589E+01 -0.3609E+01 -0.3558E+01 -0.3285E+01 -0.2394E+01 -0.1721E+01
     20.5962      100.8438  0.0000E+00 -0.2512E-01 -0.2659E+00 -0.1182E+01 -0.1264E+01 -0.1724E+01 -0.1941E+01 -0.2077E+01 -0.2263E+01 -0.2564E+01 -0.2800E+01 -0.2950E+01 -0.3067E+01 -0.3158E+01 -0.3234E+01 -0.3308E+01 -0.3381E+01 -0.3457E+01 -0.3525E+01 -0.3563E+01 -0.3584E+01 -0.3602E+01 -0.3551E+01 -0.3278E+01 -0.2389E+01 -0.1719E+01
     20.7317      111.7704  0.0000E+00 -0.2474E-01 -0.2643E+00 -0.1179E+01 -0.1260E+01 -0.1719E+01 -0.1937E+01 -0.2076E+01 -0.2262E+01 -0.2563E+01 -0.2798E+01 -0.2948E+01 -0.3065E+01 -0.3155E+01 -0.3230E+01 -0.3304E+01 -0.3376E+01 -0.3452E+01 -0.3520E+01 -0.3559E+01 -0.3580E+01 -0.3596E+01 -0.3546E+01 -0.3273E+01 -0.2385E+01 -0.1717E+01
     20.8672      122.6970  0.0000E+00 -0.2433E-01 -0.2624E+00 -0.1175E+01 -0.1255E+01 -0.1713E+01 -0.1933E+01 -0.2075E+01 -0.2261E+01 -0.2562E+01 -0.2797E+01 -0.2947E+01 -0.3063E+01 -0.3152E+01 -0.3227E+01 -0.3300E+01 -0.3372E+01 -0.3448E+01 -0.3516E+01 -0.3556E+01 -0.3578E+01 -0.3594E+01 -0.3544E+01 -0.3271E+01 -0.2383E+01 -0.1716E+01
     21.0027      133.6236  0.0000E+00 -0.2389E-01 -0.2601E+00 -0.1171E+01 -0.1250E+01 -0.1707E+01 -0.1930E+01 -0.2074E+01 -0.2261E+01 -0.2561E+01 -0.2796E+01 -0.2945E+01 -0.3061E+01 -0.3149E+01 -0.3223E+01 -0.3296E+01 -0.3369E+01 -0.3445E+01 -0.3513E+01 -0.3555E+01 -0.3577E+01 -0.3594E+01 -0.3545E+01 -0.3272E+01 -0.2384E+01 -0.1717E+01
     21.1382      144.5502  0.0000E+00 -0.2346E-01 -0.2577E+00 -0.1167E+01 -0.1245E+01 -0.1701E+01 -0.1928E+01 -0.2074E+01 -0.2261E+01 -0.2560E+01 -0.2794E+01 -0.2943E+01 -0.3058E+01 -0.3146E+01 -0.3220E+01 -0.3293E+01 -0.3366E+01 -0.3442E+01 -0.3511E+01 -0.3555E+01 -0.3580E+01 -0.3598E+01 -0.3550E+01 -0.3277E+01 -0.2387E+01 -0.1719E+01
     21.2737      155.4768  0.0000E+00 -0.2305E-01 -0.2552E+00 -0.1162E+01 -0.1240E+01 -0.1696E+01 -0.1926E+01 -0.2074E+01 -0.2261E+01 -0.2559E+01 -0.2793E+01 -0.2941E+01 -0.3055E+01 -0.3143E+01 -0.3217E+01 -0.3290E+01 -0.3364E+01 -0.3441E+01 -0.3511E+01 -0.3556E+01 -0.3584E+01 -0.3605E+01 -0.3558E+01 -0.3284E+01 -0.2393E+01 -0.1723E+01
     21.4092      166.4034  0.0000E+00 -0.2267E-01 -0.2527E+00 -0.1158E+01 -0.1235E+01 -0.1691E+01 -0.1924E+01 -0.2075E+01 -0.2261E+01 -0.2559E+01 -0.2792E+01 -0.2939E+01 -0.3053E+01 -0.3140E+01 -0.3214E+01 -0.3288E+01 -0.3364E+01 -0.3441E+01 -0.3511E+01 -0.3559E+01 -0.3591E+01 -0.3614E+01 -0.3569E+01 -0.3294E+01 -0.2401E+01 -0.1727E+01
     21.5447      177.3300  0.0000E+00 -0.2234E-01 -0.2502E+00 -0.1154E+01 -0.1230E+01 -0.1688E+01 -0.1923E+01 -0.2076E+01 -0.2262E+01 -0.2559E+01 -0.2790E+01 -0.2937E+01 -0.3050E+01 -0.3138E+01 -0.3212E+01 -0.3287E+01 -0.3364E+01 -0.3442E+01 -0.3513E+01 -0.3563E+01 -0.3598E+01 -0.3625E+01 -0.3581E+01 -0.3305E+01 -0.2411E+01 -0.1732E+01
     21.6802      188.2567  0.0000E+00 -0.2207E-01 -0.2478E+00 -0.1150E+01 -0.1226E+01 -0.1685E+01 -0.1923E+01 -0.2077E+01 -0.2263E+01 -0.2559E+01 -0.2789E+01 -0.2935E+01 -0.3048E+01 -0.3135E+01 -0.3210E+01 -0.3286E+01 -0.3364E+01 -0.3443E+01 -0.3515E+01 -0.3567E+01 -0.3606E+01 -0.3636E+01 -0.3594E+01 -0.3317E+01 -0.2421E+01 -0.1738E+01
     21.8157      199.1833  0.0000E+00 -0.2186E-01 -0.2456E+00 -0.1147E+01 -0.1223E+01 -0.1683E+01 -0.1924E+01 -0.2078E+01 -0.2265E+01 -0.2559E+01 -0.2789E+01 -0.2934E+01 -0.3046E+01 -0.3133E+01 -0.3209E+01 -0.3286E+01 -0.3365E+01 -0.3445E+01 -0.3517E+01 -0.3571E+01 -0.3613E+01 -0.3647E+01 -0.3606E+01 -0.3329E+01 -0.2432E+01 -0.1743E+01
     21.9512      210.1099  0.0000E+00 -0.2172E-01 -0.2436E+00 -0.1144E+01 -0.1220E+01 -0.1681E+01 -0.1925E+01 -0.2080E+01 -0.2266E+01 -0.2559E+01 -0.2788E+01 -0.2933E+01 -0.3045E+01 -0.3132E+01 -0.3208E+01 -0.3287E+01 -0.3367E+01 -0.3447E+01 -0.3519E+01 -0.3574E+01 -0.3619E+01 -0.3656E+01 -0.3616E+01 -0.3340E+01 -0.2441E+01 -0.1749E+01
     22.0867      221.0365  0.0000E+00 -0.2164E-01 -0.2418E+00 -0.1142E+01 -0.1217E+01 -0.1681E+01 -0.1926E+01 -0.2082E+01 -0.2268E+01 -0.2560E+01 -0.2788E+01 -0.2932E+01 -0.3044E+01 -0.3131E+01 -0.3208E+01 -0.3288E+01 -0.3369E+01 -0.3448E+01 -0.3520E+01 -0.3576E+01 -0.3623E+01 -0.3663E+01 -0.3624E+01 -0.3348E+01 -0.2450E+01 -0.1753E+01
     22.2222      231.9631  0.0000E+00 -0.2163E-01 -0.2403E+00 -0.1140E+01 -0.1216E+01 -0.1682E+01 -0.1928E+01 -0.2083E+01 -0.2269E+01 -0.2561E+01 -0.2789E+01 -0.2932E+01 -0.3043E+01 -0.3131E+01 -0.3208E+01 -0.3289E+01 -0.3370E+01 -0.3449E+01 -0.3520E+01 -0.3576E+01 -0.3625E+01 -0.3667E+01 -0.3629E+01 -0.3354E+01 -0.2456E+01 -0.1757E+01
     22.3577      242.8897  0.0000E+00 -0.2167E-01 -0.2391E+00 -0.1140E+01 -0.1215E+01 -0.1683E+01 -0.1931E+01 -0.2085E+01 -0.2271E+01 -0.2563E+01 -0.2789E+01 -0.2932E+01 -0.3044E+01 -0.3132E+01 -0.3209E+01 -0.3290E+01 -0.3372E+01 -0.3450E+01 -0.3519E+01 -0.3574E+01 -0.3625E+01 -0.3669E+01 -0.3631E+01 -0.3358E+01 -0.2461E+01 -0.1759E+01
     22.4932      253.8163  0.0000E+00 -0.2177E-01 -0.2383E+00 -0.1139E+01 -0.1215E+01 -0.1686E+01 -0.1934E+01 -0.2087E+01 -0.2273E+01 -0.2564E+01 -0.2791E+01 -0.2933E+01 -0.3044E+01 -0.3133E+01 -0.3211E+01 -0.3292E+01 -0.3373E+01 -0.3450E+01 -0.3518E+01 -0.3571E+01 -0.3622E+01 -0.3668E+01 -0.3631E+01 -0.3359E+01 -0.2463E+01 -0.1760E+01
     22.6287      264.7429  0.0000E+00 -0.2192E-01 -0.2380E+00 -0.1140E+01 -0.1216E+01 -0.1689E+01 -0.1936E+01 -0.2088E+01 -0.2274E+01 -0.2566E+01 -0.2792E+01 -0.2934E+01 -0.3046E+01 -0.3134E+01 -0.3213E+01 -0.3294E+01 -0.3374E+01 -0.3450E+01 -0.3516E+01 -0.3568E+01 -0.3618E+01 -0.3665E+01 -0.3628E+01 -0.3358E+01 -0.2463E+01 -0.1760E+01
     22.7642      275.6695  0.0000E+00 -0.2212E-01 -0.2381E+00 -0.1141E+01 -0.1218E+01 -0.1693E+01 -0.1939E+01 -0.2089E+01 -0.2275E+01 -0.2567E+01 -0.2794E+01 -0.2936E+01 -0.3048E+01 -0.3136E+01 -0.3215E+01 -0.3296E+01 -0.3375E+01 -0.3450E+01 -0.3514E+01 -0.3563E+01 -0.3612E+01 -0.3660E+01 -0.3624E+01 -0.3356E+01 -0.2462E+01 -0.1760E+01
     22.8997      286.5961  0.0000E+00 -0.2237E-01 -0.2388E+00 -0.1143E+01 -0.1220E+01 -0.1697E+01 -0.1943E+01 -0.2091E+01 -0.2276E+01 -0.2569E+01 -0.2795E+01 -0.2938E+01 -0.3050E+01 -0.3139E+01 -0.3218E+01 -0.3298E+01 -0.3377E+01 -0.3450E+01 -0.3512E+01 -0.3559E+01 -0.3607E+01 -0.3655E+01 -0.3619E+01 -0.3353E+01 -0.2460E+01 -0.1758E+01
     23.0352      297.5227  0.0000E+00 -0.2267E-01 -0.2399E+00 -0.1145E+01 -0.1224E+01 -0.1702E+01 -0.1946E+01 -0.2091E+01 -0.2277E+01 -0.2570E+01 -0.2797E+01 -0.2940E+01 -0.3052E+01 -0.3142E+01 -0.3221E+01 -0.3301E+01 -0.3378E+01 -0.3450E+01 -0.3511E+01 -0.3556E+01 -0.3602E+01 -0.3650E+01 -0.3614E+01 -0.3350E+01 -0.2456E+01 -0.1756E+01
     23.1707      308.4493  0.0000E+00 -0.2300E-01 -0.2417E+00 -0.1149E+01 -0.1228E+01 -0.1708E+01 -0.1949E+01 -0.2092E+01 -0.2278E+01 -0.2571E+01 -0.2799E+01 -0.2942E+01 -0.3055E+01 -0.3145E+01 -0.3224E+01 -0.3304E+01 -0.3380E+01 -0.3451E+01 -0.3511E+01 -0.3554E+01 -0.3598E+01 -0.3646E+01 -0.3610E+01 -0.3347E+01 -0.2453E+01 -0.1754E+01
     23.3062      319.3759  0.0000E+00 -0.2337E-01 -0.2439E+00 -0.1153E+01 -0.1232E+01 -0.1713E+01 -0.1951E+01 -0.2092E+01 -0.2278E+01 -0.2572E+01 -0.2800E+01 -0.2944E+01 -0.3057E+01 -0.3148E+01 -0.3227E+01 -0.3307E+01 -0.3383E+01 -0.3453E+01 -0.3513E+01 -0.3554E+01 -0.3596E+01 -0.3644E+01 -0.3607E+01 -0.3344E+01 -0.2449E+01 -0.1752E+01
     23.4417      330.3025  0.0000E+00 -0.2376E-01 -0.2465E+00 -0.1157E+01 -0.1237E+01 -0.1719E+01 -0.1954E+01 -0.2092E+01 -0.2278E+01 -0.2573E+01 -0.2802E+01 -0.2946E+01 -0.3060E+01 -0.3151E+01 -0.3231E+01 -0.3310E+01 -0.3386E+01 -0.3456E+01 -0.3515E+01 -0.3555E+01 -0.3596E+01 -0.3643E+01 -0.3605E+01 -0.3342E+01 -0.2446E+01 -0.1750E+01
     23.5772      341.2291  0.0000E+00 -0.2416E-01 -0.2494E+00 -0.1162E+01 -0.1243E+01 -0.1724E+01 -0.1956E+01 -0.2092E+01 -0.2278E+01 -0.2573E+01 -0.2803E+01 -0.2948E+01 -0.3062E+01 -0.3154E+01 -0.3234E+01 -0.3313E+01 -0.3388E+01 -0.3459E+01 -0.3519E+01 -0.3558E+01 -0.3597E+01 -0.3643E+01 -0.3604E+01 -0.3341E+01 -0.2443E+01 -0.1749E+01
     23.7127      352.1557  0.0000E+00 -0.2455E-01 -0.2525E+00 -0.1167E+01 -0.1249E+01 -0.1729E+01 -0.1958E+01 -0.2092E+01 -0.2277E+01 -0.2574E+01 -0.2804E+01 -0.2949E+01 -0.3065E+01 -0.3157E+01 -0.3237E+01 -0.3316E+01 -0.3391E+01 -0.3462E+01 -0.3523E+01 -0.3562E+01 -0.3599E+01 -0.3644E+01 -0.3604E+01 -0.3340E+01 -0.2440E+01 -0.1747E+01
     23.8482        3.0823  0.0000E+00 -0.2493E-01 -0.2556E+00 -0.1172E+01 -0.1254E+01 -0.1734E+01 -0.1959E+01 -0.2091E+01 -0.2276E+01 -0.2573E+01 -0.2804E+01 -0.2950E+01 -0.3067E+01 -0.3159E+01 -0.3240E+01 -0.3319E+01 -0.3394E+01 -0.3466E+01 -0.3528E+01 -0.3566E+01 -0.3602E+01 -0.3645E+01 -0.3604E+01 -0.3338E+01 -0.2437E+01 -0.1745E+01
     23.9837       14.0089  0.0000E+00 -0.2526E-01 -0.2586E+00 -0.1176E+01 -0.1259E+01 -0.1737E+01 -0.1959E+01 -0.2090E+01 -0.2275E+01 -0.2573E+01 -0.2804E+01 -0.2951E+01 -0.3068E+01 -0.3161E+01 -0.3242E+01 -0.3321E+01 -0.3396E+01 -0.3469E+01 -0.3532E+01 -0.3570E+01 -0.3604E+01 -0.3645E+01 -0.3603E+01 -0.3335E+01 -0.2434E+01 -0.1743E+01
     24.1192       24.9355  0.0000E+00 -0.2554E-01 -0.2614E+00 -0.1180E+01 -0.1263E+01 -0.1740E+01 -0.1959E+01 -0.2089E+01 -0.2274E+01 -0.2572E+01 -0.2804E+01 -0.2952E+01 -0.3069E+01 -0.3163E+01 -0.3243E+01 -0.3322E+01 -0.3397E+01 -0.3471E+01 -0.3536E+01 -0.3574E+01 -0.3606E+01 -0.3644E+01 -0.3601E+01 -0.3332E+01 -0.2430E+01 -0.1741E+01
     24.2547       35.8621  0.0000E+00 -0.2575E-01 -0.2638E+00 -0.1183E+01 -0.1267E+01 -0.1741E+01 -0.1958E+01 -0.2087E+01 -0.2272E+01 -0.2571E+01 -0.2804E+01 -0.2952E+01 -0.3070E+01 -0.3164E+01 -0.3244E+01 -0.3323E+01 -0.3398E+01 -0.3473E+01 -0.3539E+01 -0.3577E+01 -0.3607E+01 -0.3642E+01 -0.3597E+01 -0.3326E+01 -0.2426E+01 -0.1738E+01
     24.3902       46.7887  0.0000E+00 -0.2587E-01 -0.2656E+00 -0.1185E+01 -0.1269E+01 -0.1741E+01 -0.1956E+01 -0.2086E+01 -0.2270E+01 -0.2570E+01 -0.2804E+01 -0.2953E+01 -0.3071E+01 -0.3164E+01 -0.3244E+01 -0.3322E+01 -0.3397E+01 -0.3473E+01 -0.3540E+01 -0.3578E+01 -0.3606E+01 -0.3638E+01 -0.3592E+01 -0.3320E+01 -0.2420E+01 -0.1735E+01
     24.5257       57.7153  0.0000E+00 -0.2590E-01 -0.2669E+00 -0.1187E+01 -0.1270E+01 -0.1740E+01 -0.1954E+01 -0.2084E+01 -0.2269E+01 -0.2569E+01 -0.2803E+01 -0.2953E+01 -0.3071E+01 -0.3164E+01 -0.3244E+01 -0.3321E+01 -0.3396E+01 -0.3471E+01 -0.3539E+01 -0.3577E+01 -0.3603E+01 -0.3632E+01 -0.3584E+01 -0.3312E+01 -0.2414E+01 -0.1732E+01
     24.6612       68.6419  0.0000E+00 -0.2583E-01 -0.2676E+00 -0.1187E+01 -0.1270E+01 -0.1737E+01 -0.1951E+01 -0.2082E+01 -0.2267E+01 -0.2568E+01 -0.2802E+01 -0.2952E+01 -0.3070E+01 -0.3163E+01 -0.3242E+01 -0.3318E+01 -0.3393E+01 -0.3469E+01 -0.3537E+01 -0.3575E+01 -0.3599E+01 -0.3624E+01 -0.3576E+01 -0.3303E+01 -0.2407E+01 -0.1728E+01
     24.7967       79.5685  0.0000E+00 -0.2567E-01 -0.2676E+00 -0.1186E+01 -0.1269E+01 -0.1734E+01 -0.1948E+01 -0.2080E+01 -0.2266E+01 -0.2567E+01 -0.2802E+01 -0.2952E+01 -0.3070E+01 -0.3162E+01 -0.3240E+01 -0.3315E+01 -0.3389E+01 -0.3465E+01 -0.3534E+01 -0.3571E+01 -0.3594E+01 -0.3616E+01 -0.3567E+01 -0.3293E+01 -0.2401E+01 -0.1725E+01
     24.9322       90.4951  0.0000E+00 -0.2542E-01 -0.2670E+00 -0.1185E+01 -0.1267E+01 -0.1729E+01 -0.1944E+01 -0.2079E+01 -0.2264E+01 -0.2565E+01 -0.2801E+01 -0.2951E+01 -0.3069E+01 -0.3160E+01 -0.3237E+01 -0.3312E+01 -0.3385E+01 -0.3461E+01 -0.3529E+01 -0.3567E+01 -0.3588E+01 -0.3608E+01 -0.3558E+01 -0.3285E+01 -0.2394E+01 -0.1721E+01
     25.0678      101.4218  0.0000E+00 -0.2510E-01 -0.2658E+00 -0.1182E+01 -0.1263E+01 -0.1724E+01 -0.1941E+01 -0.2077E+01 -0.2263E+01 -0.2564E+01 -0.2800E+01 -0.2950E+01 -0.3067E+01 -0.3158E+01 -0.3234E+01 -0.3308E+01 -0.3381E+01 -0.3457E+01 -0.3525E+01 -0.3563E+01 -0.3583E+01 -0.3601E+01 -0.3551E+01 -0.3278E+01 -0.2389E+01 -0.1719E+01
     25.2033      112.3484  0.0000E+00 -0.2472E-01 -0.2642E+00 -0.1179E+01 -0.1259E+01 -0.1718E+01 -0.1937E+01 -0.2076E+01 -0.2262E+01 -0.2563E+01 -0.2798E+01 -0.2948E+01 -0.3065E+01 -0.3155E+01 -0.3230E+01 -0.3303E+01 -0.3376E+01 -0.3452E+01 -0.3520E+01 -0.3559E+01 -0.3580E+01 -0.3596E+01 -0.3546E+01 -0.3273E+01 -0.2385E+01 -0.1717E+01
     25.3388      123.2750  0.0000E+00 -0.2430E-01 -0.2623E+00 -0.1175E+01 -0.1255E+01 -0.1713E+01 -0.1933E+01 -0.2075E+01 -0.2261E+01 -0.2562E+01 -0.2797E+01 -0.2947E+01 -0.3063E+01 -0.3152E+01 -0.3227E+01 -0.3299E+01 -0.3372E+01 -0.3448E+01 -0.3516E+01 -0.3556E+01 -0.3577E+01 -0.3594E+01 -0.3544E+01 -0.3271E+01 -0.2383E+01 -0.1716E+01
     25.4743      134.2016  0.0000E+00 -0.2387E-01 -0.2600E+00 -0.1171E+01 -0.1250E+01 -0.1707E+01 -0.1930E+01 -0.2074E+01 -0.2261E+01 -0.2561E+01 -0.2796E+01 -0.2945E+01 -0.3061E+01 -0.3149E+01 -0.3223E+01 -0.3296E+01 -0.3369E+01 -0.3445E+01 -0.3513E+01 -0.3554E+01 -0.3578E+01 -0.3594E+01 -0.3546E+01 -0.3272E+01 -0.2384E+01 -0.1717E+01
     25.6098      145.1282  0.0000E+00 -0.2344E-01 -0.2576E+00 -0.1166E+01 -0.1245E+01 -0.1701E+01 -0.1928E+01 -0.2074E+01 -0.2261E+01 -0.2560E+01 -0.2794E+01 -0.2943E+01 -0.3058E+01 -0.3146E+01 -0.3220E+01 -0.3292E+01 -0.3366E+01 -0.3442E+01 -0.3511E+01 -0.3555E+01 -0.3580E+01 -0.3598E+01 -0.3551E+01 -0.3277E+01 -0.2388E+01 -0.1719E+01
     25.7453      156.0548  0.0000E+00 -0.2303E-01 -0.2551E+00 -0.1162E+01 -0.1239E+01 -0.1696E+01 -0.1926E+01 -0.2074E+01 -0.2261E+01 -0.2559E+01 -0.2793E+01 -0.2941E+01 -0.3055E+01 -0.3143E+01 -0.3216E+01 -0.3290E+01 -0.3364E+01 -0.3441E+01 -0.3511E+01 -0.3556E+01 -0.3585E+01 -0.3605E+01 -0.3559E+01 -0.3285E+01 -0.2394E+01 -0.1723E+01
     25.8808      166.9814  0.0000E+00 -0.2265E-01 -0.2525E+00 -0.1158E+01 -0.1234E+01 -0.1691E+01 -0.1924E+01 -0.2075E+01 -0.2261E+01 -0.2559E+01 -0.2791E+01 -0.2939E+01 -0.3053E+01 -0.3140E+01 -0.3214E+01 -0.3288E+01 -0.3364E+01 -0.3441E+01 -0.3511E+01 -0.3559E+01 -0.3591E+01 -0.3614E+01 -0.3570E+01 -0.3295E+01 -0.2402E+01 -0.1727E+01
     26.0163      177.9080  0.0000E+00 -0.2233E-01 -0.2501E+00 -0.1154E+01 -0.1230E+01 -0.1688E+01 -0.1923E+01 -0.2076E+01 -0.2262E+01 -0.2559E+01 -0.2790E+01 -0.2937E+01 -0.3050E+01 -0.3137E+01 -0.3211E+01 -0.3287E+01 -0.3364E+01 -0.3442E+01 -0.3513E+01 -0.3563E+01 -0.3599E+01 -0.3625E+01 -0.3582E+01 -0.3306E+01 -0.2411E+01 -0.1733E+01
     26.1518      188.8346  0.0000E+00 -0.2206E-01 -0.2477E+00 -0.1150E+01 -0.1226E+01 -0.1685E+01 -0.1923E+01 -0.2077E+01 -0.2263E+01 -0.2559E+01 -0.2789E+01 -0.2935E+01 -0.3048E+01 -0.3135E+01 -0.3210E+01 -0.3286E+01 -0.3364E+01 -0.3443E+01 -0.3515E+01 -0.3567E+01 -0.3606E+01 -0.3636E+01 -0.3594E+01 -0.3318E+01 -0.2422E+01 -0.1738E+01
     26.2873      199.7612  0.0000E+00 -0.2186E-01 -0.2455E+00 -0.1147E+01 -0.1222E+01 -0.1683E+01 -0.1924E+01 -0.2078E+01 -0.2265E+01 -0.2559E+01 -0.2789E+01 -0.2934E+01 -0.3046E+01 -0.3133E+01 -0.3209E+01 -0.3286E+01 -0.3366E+01 -0.3445E+01 -0.3517E+01 -0.3571E+01 -0.3614E+01 -0.3647E+01 -0.3606E+01 -0.3330E+01 -0.2432E+01 -0.1744E+01
     26.4228      210.6878  0.0000E+00 -0.2172E-01 -0.2435E+00 -0.1144E+01 -0.1220E+01 -0.1681E+01 -0.1925E+01 -0.2080E+01 -0.2266E+01 -0.2560E+01 -0.2788E+01 -0.2932E+01 -0.3045E+01 -0.3132E+01 -0.3208E+01 -0.3287E+01 -0.3367E+01 -0.3447E+01 -0.3519E+01 -0.3574E+01 -0.3620E+01 -0.3656E+01 -0.3617E+01 -0.3340E+01 -0.2442E+01 -0.1749E+01
     26.5583      221.6144  0.0000E+00 -0.2164E-01 -0.2417E+00 -0.1142E+01 -0.1217E+01 -0.1681E+01 -0.1927E+01 -0.2082E+01 -0.2268E+01 -0.2560E+01 -0.2788E+01 -0.2932E+01 -0.3044E+01 -0.3131E+01 -0.3208E+01 -0.3288E+01 -0.3369E+01 -0.3448E+01 -0.3520E+01 -0.3576E+01 -0.3623E+01 -0.3663E+01 -0.3625E+01 -0.3349E+01 -0.2450E+01 -0.1753E+01
     26.6938      232.5410  0.0000E+00 -0.2163E-01 -0.2402E+00 -0.1140E+01 -0.1216E+01 -0.1682E+01 -0.1929E+01 -0.2083E+01 -0.2269E+01 -0.2561E+01 -0.2789E+01 -0.2932E+01 -0.3043E+01 -0.3131E+01 -0.3208E+01 -0.3289E+01 -0.3370E+01 -0.3449E+01 -0.3520E+01 -0.3576E+01 -0.3625E+01 -0.3667E+01 -0.3629E+01 -0.3355E+01 -0.2457E+01 -0.1757E+01
     26.8293      243.4676  0.0000E+00 -0.2167E-01 -0.2391E+00 -0.1140E+01 -0.1215E+01 -0.1684E+01 -0.1931E+01 -0.2085E+01 -0.2271E+01 -0.2563E+01 -0.2790E+01 -0.2932E+01 -0.3044E+01 -0.3132E+01 -0.3209E+01 -0.3290E+01 -0.3372E+01 -0.3450E+01 -0.3519E+01 -0.3574E+01 -0.3624E+01 -0.3669E+01 -0.3631E+01 -0.3358E+01 -0.2461E+01 -0.1759E+01
     26.9648      254.3942  0.0000E+00 -0.2177E-01 -0.2383E+00 -0.1139E+01 -0.1215E+01 -0.1686E+01 -0.1934E+01 -0.2087E+01 -0.2273E+01 -0.2564E+01 -0.2791E+01 -0.2933E+01 -0.3045E+01 -0.3133E+01 -0.3211E+01 -0.3292E+01 -0.3373E+01 -0.3450E+01 -0.3518E+01 -0.3571E+01 -0.3622E+01 -0.3668E+01 -0.3631E+01 -0.3359E+01 -0.2463E+01 -0.1760E+01
     27.1003      265.3208  0.0000E+00 -0.2193E-01 -0.2380E+00 -0.1140E+01 -0.1216E+01 -0.1689E+01 -0.1937E+01 -0.2088E+01 -0.2274E+01 -0.2566E+01 -0.2792E+01 -0.2934E+01 -0.3046E+01 -0.3134E+01 -0.3213E+01 -0.3294E+01 -0.3374E+01 -0.3450E+01 -0.3516E+01 -0.3567E+01 -0.3617E+01 -0.3664E+01 -0.3628E+01 -0.3358E+01 -0.2463E+01 -0.1760E+01
     27.2358      276.2474  0.0000E+00 -0.2213E-01 -0.2381E+00 -0.1141E+01 -0.1218E+01 -0.1693E+01 -0.1940E+01 -0.2090E+01 -0.2275E+01 -0.2567E+01 -0.2794E+01 -0.2936E+01 -0.3048E+01 -0.3136E+01 -0.3215E+01 -0.3296E+01 -0.3375E+01 -0.3450E+01 -0.3514E+01 -0.3563E+01 -0.3612E+01 -0.3660E+01 -0.3623E+01 -0.3356E+01 -0.2462E+01 -0.1760E+01
     27.3713      287.1740  0.0000E+00 -0.2239E-01 -0.2388E+00 -0.1143E+01 -0.1220E+01 -0.1698E+01 -0.1943E+01 -0.2091E+01 -0.2277E+01 -0.2569E+01 -0.2795E+01 -0.2938E+01 -0.3050E+01 -0.3139E+01 -0.3218E+01 -0.3299E+01 -0.3377E+01 -0.3450E+01 -0.3512E+01 -0.3559E+01 -0.3607E+01 -0.3655E+01 -0.3618E+01 -0.3353E+01 -0.2459E+01 -0.1758E+01
     27.5068      298.1006  0.0000E+00 -0.2268E-01 -0.2400E+00 -0.1146E+01 -0.1224E+01 -0.1703E+01 -0.1946E+01 -0.2091E+01 -0.2277E+01 -0.2570E+01 -0.2797E+01 -0.2940E+01 -0.3052E+01 -0.3142E+01 -0.3221E+01 -0.3301E+01 -0.3379E+01 -0.3450E+01 -0.3511E+01 -0.3556E+01 -0.3602E+01 -0.3650E+01 -0.3613E+01 -0.3349E+01 -0.2456E+01 -0.1756E+01
     27.6423      309.0272  0.0000E+00 -0.2302E-01 -0.2418E+00 -0.1149E+01 -0.1228E+01 -0.1708E+01 -0.1949E+01 -0.2092E+01 -0.2278E+01 -0.2571E+01 -0.2799E+01 -0.2942E+01 -0.3055E+01 -0.3145E+01 -0.3224E+01 -0.3304E+01 -0.3381E+01 -0.3451E+01 -0.3511E+01 -0.3554E+01 -0.3598E+01 -0.3646E+01 -0.3609E+01 -0.3346E+01 -0.2452E+01 -0.1754E+01
     27.7778      319.9538  0.0000E+00 -0.2339E-01 -0.2440E+00 -0.1153E+01 -0.1233E+01 -0.1714E+01 -0.1952E+01 -0.2092E+01 -0.2278E+01 -0.2572E+01 -0.2800E+01 -0.2944E+01 -0.3058E+01 -0.3148E+01 -0.3227E+01 -0.3307E+01 -0.3383E+01 -0.3453E+01 -0.3513E+01 -0.3554E+01 -0.3596E+01 -0.3644E+01 -0.3607E+01 -0.3344E+01 -0.2449E+01 -0.1752E+01
     27.9133      330.8804  0.0000E+00 -0.2378E-01 -0.2466E+00 -0.1157E+01 -0.1238E+01 -0.1719E+01 -0.1954E+01 -0.2092E+01 -0.2278E+01 -0.2573E+01 -0.2802E+01 -0.2946E+01 -0.3060E+01 -0.3151E+01 -0.3231E+01 -0.3310E+01 -0.3386E+01 -0.3456E+01 -0.3515E+01 -0.3555E+01 -0.3596E+01 -0.3643E+01 -0.3605E+01 -0.3342E+01 -0.2446E+01 -0.1750E+01
     28.0488      341.8070  0.0000E+00 -0.2418E-01 -0.2495E+00 -0.1162E+01 -0.1243E+01 -0.1725E+01 -0.1956E+01 -0.2092E+01 -0.2278E+01 -0.2574E+01 -0.2803E+01 -0.2948E+01 -0.3063E+01 -0.3154E+01 -0.3234E+01 -0.3314E+01 -0.3389E+01 -0.3459E+01 -0.3519E+01 -0.3558E+01 -0.3597E+01 -0.3643E+01 -0.3604E+01 -0.3341E+01 -0.2443E+01 -0.1749E+01
     28.1843      352.7336  0.0000E+00 -0.2457E-01 -0.2526E+00 -0.1167E+01 -0.1249E+01 -0.1730E+01 -0.1958E+01 -0.2092E+01 -0.2277E+01 -0.2574E+01 -0.2804E+01 -0.2949E+01 -0.3065E+01 -0.3157E+01 -0.3237E+01 -0.3317E+01 -0.3391E+01 -0.3462E+01 -0.3523E+01 -0.3562E+01 -0.3599E+01 -0.3644E+01 -0.3604E+01 -0.3339E+01 -0.2440E+01 -0.1747E+01
     28.3198        3.6602  0.0000E+00 -0.2494E-01 -0.2558E+00 -0.1172E+01 -0.1254E+01 -0.1734E+01 -0.1959E+01 -0.2091E+01 -0.2276E+01 -0.2573E+01 -0.2804E+01 -0.2950E+01 -0.3067E+01 -0.3159E+01 -0.3240E+01 -0.3319E+01 -0.3394E+01 -0.3466E+01 -0.3528E+01 -0.3566E+01 -0.3602E+01 -0.3645E+01 -0.3604E+01 -0.3338E+01 -0.2437E+01 -0.1745E+01
     28.4553       14.5869  0.0000E+00 -0.2528E-01 -0.2588E+00 -0.1176E+01 -0.1259E+01 -0.1737E+01 -0.1959E+01 -0.2090E+01 -0.2275E+01 -0.2573E+01 -0.2804E+01 -0.2951E+01 -0.3068E+01 -0.3161E+01 -0.3242E+01 -0.3321E+01 -0.3396E+01 -0.3469E+01 -0.3533E+01 -0.3571E+01 -0.3604E+01 -0.3645E+01 -0.3603E+01 -0.3335E+01 -0.2434E+01 -0.1743E+01
     28.5908       25.5135  0.0000E+00 -0.2555E-01 -0.2615E+00 -0.1180E+01 -0.1264E+01 -0.1740E+01 -0.1959E+01 -0.2089E+01 -0.2273E+01 -0.2572E+01 -0.2804E+01 -0.2952E+01 -0.3069E+01 -0.3163E+01 -0.3244E+01 -0.3322E+01 -0.3397E+01 -0.3471E+01 -0.3536E+01 -0.3574E+01 -0.3606E+01 -0.3644E+01 -0.3601E+01 -0.3331E+01 -0.2430E+01 -0.1741E+01
     28.7263       36.4401  0.0000E+00 -0.2576E-01 -0.2639E+00 -0.1183E+01 -0.1267E+01 -0.1741E+01 -0.1958E+01 -0.2087E+01 -0.2272E+01 -0.2571E+01 -0.2804E+01 -0.2952E+01 -0.3070E+01 -0.3164E+01 -0.3244E+01 -0.3323E+01 -0.3398E+01 -0.3473E+01 -0.3539E+01 -0.3577E+01 -0.3607E+01 -0.3642E+01 -0.3597E+01 -0.3326E+01 -0.2426E+01 -0.1738E+01
     28.8618       47.3667  0.0000E+00 -0.2587E-01 -0.2657E+00 -0.1186E+01 -0.1269E+01 -0.1741E+01 -0.1956E+01 -0.2086E+01 -0.2270E+01 -0.2570E+01 -0.2804E+01 -0.2953E+01 -0.3071E+01 -0.3164E+01 -0.3244E+01 -0.3322E+01 -0.3397E+01 -0.3473E+01 -0.3540E+01 -0.3578E+01 -0.3606E+01 -0.3638E+01 -0.3591E+01 -0.3319E+01 -0.2420E+01 -0.1735E+01
     28.9973       58.2933  0.0000E+00 -0.2590E-01 -0.2670E+00 -0.1187E+01 -0.1270E+01 -0.1740E+01 -0.1954E+01 -0.2084E+01 -0.2269E+01 -0.2569E+01 -0.2803E+01 -0.2953E+01 -0.3071E+01 -0.3164E+01 -0.3243E+01 -0.3321E+01 -0.3395E+01 -0.3471E+01 -0.3539E+01 -0.3577E+01 -0.3603E+01 -0.3631E+01 -0.3584E+01 -0.3311E+01 -0.2414E+01 -0.1732E+01
     29.1328       69.2199  0.0000E+00 -0.2583E-01 -0.2676E+00 -0.1187E+01 -0.1270E+01 -0.1737E+01 -0.1951E+01 -0.2082E+01 -0.2267E+01 -0.2568E+01 -0.2802E+01 -0.2952E+01 -0.3070E+01 -0.3163E+01 -0.3242E+01 -0.3318E+01 -0.3393E+01 -0.3469E+01 -0.3537E+01 -0.3575E+01 -0.3599E+01 -0.3624E+01 -0.3575E+01 -0.3302E+01 -0.2407E+01 -0.1728E+01
     29.2683       80.1465  0.0000E+00 -0.2566E-01 -0.2676E+00 -0.1186E+01 -0.1269E+01 -0.1734E+01 -0.1948E+01 -0.2080E+01 -0.2266E+01 -0.2567E+01 -0.2802E+01 -0.2952E+01 -0.3070E+01 -0.3162E+01 -0.3240E+01 -0.3315E+01 -0.3389E+01 -0.3465E+01 -0.3534E+01 -0.3571E+01 -0.3594E+01 -0.3616E+01 -0.3566E+01 -0.3293E+01 -0.2400E+01 -0.1724E+01
     29.4038       91.0731  0.0000E+00 -0.2541E-01 -0.2669E+00 -0.1184E+01 -0.1267E+01 -0.1729E+01 -0.1944E+01 -0.2079E+01 -0.2264E+01 -0.2565E+01 -0.2801E+01 -0.2951E+01 -0.3069E+01 -0.3160E+01 -0.3237E+01 -0.3311E+01 -0.3385E+01 -0.3461E+01 -0.3529E+01 -0.3567E+01 -0.3588E+01 -0.3608E+01 -0.3558E+01 -0.3284E+01 -0.2394E+01 -0.1721E+01
     29.5393      101.9997  0.0000E+00 -0.2508E-01 -0.2658E+00 -0.1182E+01 -0.1263E+01 -0.1724E+01 -0.1941E+01 -0.2077E+01 -0.2263E+01 -0.2564E+01 -0.2800E+01 -0.2949E+01 -0.3067E+01 -0.3158E+01 -0.3234E+01 -0.3307E+01 -0.3380E+01 -0.3456E+01 -0.3524E+01 -0.3563E+01 -0.3583E+01 -0.3601E+01 -0.3550E+01 -0.3277E+01 -0.2388E+01 -0.1719E+01
     29.6748      112.9263  0.0000E+00 -0.2470E-01 -0.2642E+00 -0.1178E+01 -0.1259E+01 -0.1718E+01 -0.1937E+01 -0.2076E+01 -0.2262E+01 -0.2563E+01 -0.2798E+01 -0.2948E+01 -0.3065E+01 -0.3155E+01 -0.3230E+01 -0.3303E+01 -0.3376E+01 -0.3452E+01 -0.3520E+01 -0.3559E+01 -0.3579E+01 -0.3596E+01 -0.3546E+01 -0.3273E+01 -0.2385E+01 -0.1717E+01
     29.8103      123.8529  0.0000E+00 -0.2428E-01 -0.2622E+00 -0.1175E+01 -0.1254E+01 -0.1712E+01 -0.1933E+01 -0.2075E+01 -0.2261E+01 -0.2562E+01 -0.2797E+01 -0.2946E+01 -0.3063E+01 -0.3152E+01 -0.3226E+01 -0.3299E+01 -0.3372E+01 -0.3448E+01 -0.3516E+01 -0.3556E+01 -0.3577E+01 -0.3594E+01 -0.3544E+01 -0.3271E+01 -0.2383E+01 -0.1716E+01
     29.9458      134.7795  0.0000E+00 -0.2385E-01 -0.2599E+00 -0.1170E+01 -0.1249E+01 -0.1706E+01 -0.1930E+01 -0.2074E+01 -0.2261E+01 -0.2561E+01 -0.2796E+01 -0.2945E+01 -0.3060E+01 -0.3149E+01 -0.3223E+01 -0.3295E+01 -0.3369E+01 -0.3444E+01 -0.3513E+01 -0.3554E+01 -0.3578E+01 -0.3594E+01 -0.3546E+01 -0.3273E+01 -0.2384E+01 -0.1717E+01
