Time history of radial distribution for BEM variable: velIndy[m/s] for blade 2
                          rCurvi[m] (curvilinear radial distance)
                                0.7893      2.3680      3.9467      5.5254      7.1040      8.6827     10.2614     11.8401     13.4188     14.9974     16.5761     18.1548     19.7335     21.3121     22.8908     24.4695     26.0482     27.6268     29.2055     30.7842     32.3629     33.9416     35.5202     37.0989     38.2829     39.0723
                          zB[m] (radial coordinate along blade axis)
     time[s]  azimuth[deg]      0.1833      1.7549      3.3294      4.9066      6.4848      8.0632      9.6423     11.2252     12.8089     14.3906     15.9682     17.5466     19.1253     20.7040     22.2825     23.8605     25.4378     27.0144     28.5901     30.1649     31.7388     33.3118     34.8842     36.4562     37.6335     38.4193
      0.0000      240.0000  0.0000E+00  0.2988E-01  0.1864E+00  0.4677E+00  0.3556E+00  0.2885E+00  0.1854E+00  0.1231E+00  0.1174E+00  0.1417E+00  0.1649E+00  0.1718E+00  0.1784E+00  0.1847E+00  0.1903E+00  0.1970E+00  0.2069E+00  0.2186E+00  0.2298E+00  0.2398E+00  0.2519E+00  0.2626E+00  0.2572E+00  0.2441E+00  0.1952E+00  0.9829E-01
      0.1355      250.9266  0.0000E+00  0.3010E-01  0.1872E+00  0.4680E+00  0.3547E+00  0.2880E+00  0.1847E+00  0.1225E+00  0.1169E+00  0.1415E+00  0.1650E+00  0.1718E+00  0.1784E+00  0.1847E+00  0.1903E+00  0.1970E+00  0.2069E+00  0.2186E+00  0.2298E+00  0.2398E+00  0.2518E+00  0.2627E+00  0.2573E+00  0.2442E+00  0.1953E+00  0.9829E-01
      0.2710      261.8532  0.0000E+00  0.3022E-01  0.1870E+00  0.4672E+00  0.3534E+00  0.2858E+00  0.1824E+00  0.1210E+00  0.1158E+00  0.1409E+00  0.1648E+00  0.1718E+00  0.1784E+00  0.1847E+00  0.1902E+00  0.1970E+00  0.2069E+00  0.2186E+00  0.2298E+00  0.2397E+00  0.2518E+00  0.2632E+00  0.2577E+00  0.2445E+00  0.1954E+00  0.9834E-01
      0.4065      272.7798  0.0000E+00  0.3031E-01  0.1866E+00  0.4659E+00  0.3521E+00  0.2837E+00  0.1803E+00  0.1197E+00  0.1148E+00  0.1403E+00  0.1645E+00  0.1717E+00  0.1784E+00  0.1847E+00  0.1902E+00  0.1970E+00  0.2068E+00  0.2186E+00  0.2297E+00  0.2397E+00  0.2517E+00  0.2638E+00  0.2583E+00  0.2449E+00  0.1956E+00  0.9842E-01
      0.5420      283.7064  0.0000E+00  0.3040E-01  0.1861E+00  0.4646E+00  0.3507E+00  0.2815E+00  0.1784E+00  0.1186E+00  0.1138E+00  0.1396E+00  0.1641E+00  0.1717E+00  0.1783E+00  0.1846E+00  0.1902E+00  0.1969E+00  0.2068E+00  0.2186E+00  0.2297E+00  0.2396E+00  0.2516E+00  0.2646E+00  0.2590E+00  0.2453E+00  0.1958E+00  0.9851E-01
      0.6775      294.6330  0.0000E+00  0.3049E-01  0.1858E+00  0.4631E+00  0.3493E+00  0.2794E+00  0.1767E+00  0.1177E+00  0.1130E+00  0.1390E+00  0.1637E+00  0.1716E+00  0.1783E+00  0.1846E+00  0.1901E+00  0.1969E+00  0.2068E+00  0.2186E+00  0.2297E+00  0.2396E+00  0.2515E+00  0.2654E+00  0.2596E+00  0.2457E+00  0.1959E+00  0.9861E-01
      0.8130      305.5596  0.0000E+00  0.3059E-01  0.1857E+00  0.4616E+00  0.3478E+00  0.2774E+00  0.1751E+00  0.1169E+00  0.1123E+00  0.1384E+00  0.1632E+00  0.1715E+00  0.1782E+00  0.1845E+00  0.1901E+00  0.1969E+00  0.2068E+00  0.2186E+00  0.2297E+00  0.2396E+00  0.2515E+00  0.2662E+00  0.2603E+00  0.2460E+00  0.1961E+00  0.9868E-01
      0.9485      316.4862  0.0000E+00  0.3069E-01  0.1856E+00  0.4601E+00  0.3463E+00  0.2754E+00  0.1737E+00  0.1164E+00  0.1118E+00  0.1379E+00  0.1628E+00  0.1714E+00  0.1781E+00  0.1844E+00  0.1900E+00  0.1968E+00  0.2068E+00  0.2186E+00  0.2297E+00  0.2395E+00  0.2514E+00  0.2666E+00  0.2608E+00  0.2463E+00  0.1962E+00  0.9873E-01
      1.0840      327.4128  0.0000E+00  0.3080E-01  0.1857E+00  0.4586E+00  0.3448E+00  0.2735E+00  0.1726E+00  0.1160E+00  0.1115E+00  0.1375E+00  0.1624E+00  0.1713E+00  0.1780E+00  0.1844E+00  0.1900E+00  0.1968E+00  0.2068E+00  0.2186E+00  0.2297E+00  0.2396E+00  0.2514E+00  0.2666E+00  0.2611E+00  0.2465E+00  0.1962E+00  0.9874E-01
      1.2195      338.3394  0.0000E+00  0.3090E-01  0.1859E+00  0.4571E+00  0.3433E+00  0.2718E+00  0.1717E+00  0.1159E+00  0.1113E+00  0.1372E+00  0.1620E+00  0.1712E+00  0.1779E+00  0.1843E+00  0.1899E+00  0.1968E+00  0.2068E+00  0.2186E+00  0.2298E+00  0.2396E+00  0.2514E+00  0.2666E+00  0.2612E+00  0.2465E+00  0.1962E+00  0.9872E-01
      1.3550      349.2660  0.0000E+00  0.3100E-01  0.1861E+00  0.4558E+00  0.3419E+00  0.2704E+00  0.1712E+00  0.1160E+00  0.1113E+00  0.1370E+00  0.1617E+00  0.1712E+00  0.1779E+00  0.1842E+00  0.1898E+00  0.1967E+00  0.2068E+00  0.2186E+00  0.2298E+00  0.2396E+00  0.2515E+00  0.2666E+00  0.2612E+00  0.2464E+00  0.1961E+00  0.9867E-01
      1.4905        0.1926  0.0000E+00  0.3109E-01  0.1864E+00  0.4546E+00  0.3406E+00  0.2692E+00  0.1709E+00  0.1163E+00  0.1115E+00  0.1369E+00  0.1614E+00  0.1711E+00  0.1778E+00  0.1841E+00  0.1898E+00  0.1967E+00  0.2068E+00  0.2186E+00  0.2298E+00  0.2397E+00  0.2515E+00  0.2666E+00  0.2610E+00  0.2463E+00  0.1960E+00  0.9862E-01
      1.6260       11.1192  0.0000E+00  0.3117E-01  0.1867E+00  0.4536E+00  0.3396E+00  0.2685E+00  0.1711E+00  0.1169E+00  0.1119E+00  0.1370E+00  0.1612E+00  0.1711E+00  0.1777E+00  0.1841E+00  0.1897E+00  0.1967E+00  0.2067E+00  0.2186E+00  0.2298E+00  0.2397E+00  0.2516E+00  0.2666E+00  0.2608E+00  0.2461E+00  0.1959E+00  0.9856E-01
      1.7615       22.0459  0.0000E+00  0.3123E-01  0.1872E+00  0.4529E+00  0.3388E+00  0.2681E+00  0.1716E+00  0.1176E+00  0.1124E+00  0.1372E+00  0.1611E+00  0.1710E+00  0.1777E+00  0.1840E+00  0.1897E+00  0.1966E+00  0.2067E+00  0.2186E+00  0.2299E+00  0.2398E+00  0.2516E+00  0.2664E+00  0.2607E+00  0.2460E+00  0.1958E+00  0.9853E-01
      1.8970       32.9725  0.0000E+00  0.3128E-01  0.1876E+00  0.4526E+00  0.3384E+00  0.2683E+00  0.1725E+00  0.1186E+00  0.1131E+00  0.1375E+00  0.1611E+00  0.1710E+00  0.1776E+00  0.1840E+00  0.1897E+00  0.1966E+00  0.2067E+00  0.2186E+00  0.2299E+00  0.2398E+00  0.2516E+00  0.2662E+00  0.2606E+00  0.2460E+00  0.1957E+00  0.9852E-01
      2.0325       43.8991  0.0000E+00  0.3131E-01  0.1881E+00  0.4526E+00  0.3384E+00  0.2689E+00  0.1737E+00  0.1197E+00  0.1139E+00  0.1378E+00  0.1611E+00  0.1710E+00  0.1776E+00  0.1840E+00  0.1897E+00  0.1966E+00  0.2067E+00  0.2186E+00  0.2299E+00  0.2398E+00  0.2516E+00  0.2662E+00  0.2607E+00  0.2461E+00  0.1957E+00  0.9856E-01
      2.1680       54.8257  0.0000E+00  0.3132E-01  0.1887E+00  0.4530E+00  0.3388E+00  0.2700E+00  0.1753E+00  0.1210E+00  0.1148E+00  0.1383E+00  0.1612E+00  0.1710E+00  0.1776E+00  0.1840E+00  0.1897E+00  0.1967E+00  0.2067E+00  0.2186E+00  0.2299E+00  0.2398E+00  0.2516E+00  0.2664E+00  0.2610E+00  0.2462E+00  0.1958E+00  0.9864E-01
      2.3035       65.7523  0.0000E+00  0.3129E-01  0.1893E+00  0.4539E+00  0.3396E+00  0.2716E+00  0.1771E+00  0.1223E+00  0.1158E+00  0.1387E+00  0.1613E+00  0.1710E+00  0.1776E+00  0.1840E+00  0.1897E+00  0.1967E+00  0.2068E+00  0.2186E+00  0.2299E+00  0.2398E+00  0.2515E+00  0.2663E+00  0.2614E+00  0.2465E+00  0.1959E+00  0.9876E-01
      2.4390       76.6789  0.0000E+00  0.3123E-01  0.1898E+00  0.4554E+00  0.3409E+00  0.2736E+00  0.1791E+00  0.1237E+00  0.1168E+00  0.1393E+00  0.1614E+00  0.1711E+00  0.1777E+00  0.1841E+00  0.1898E+00  0.1967E+00  0.2068E+00  0.2186E+00  0.2299E+00  0.2398E+00  0.2514E+00  0.2661E+00  0.2619E+00  0.2469E+00  0.1960E+00  0.9892E-01
      2.5745       87.6055  0.0000E+00  0.3114E-01  0.1904E+00  0.4569E+00  0.3423E+00  0.2759E+00  0.1813E+00  0.1250E+00  0.1177E+00  0.1398E+00  0.1616E+00  0.1711E+00  0.1777E+00  0.1841E+00  0.1898E+00  0.1968E+00  0.2068E+00  0.2186E+00  0.2298E+00  0.2397E+00  0.2513E+00  0.2659E+00  0.2625E+00  0.2473E+00  0.1962E+00  0.9909E-01
      2.7100       98.5321  0.0000E+00  0.3101E-01  0.1909E+00  0.4585E+00  0.3440E+00  0.2783E+00  0.1835E+00  0.1263E+00  0.1186E+00  0.1403E+00  0.1618E+00  0.1712E+00  0.1778E+00  0.1842E+00  0.1899E+00  0.1968E+00  0.2068E+00  0.2186E+00  0.2298E+00  0.2397E+00  0.2512E+00  0.2658E+00  0.2631E+00  0.2477E+00  0.1964E+00  0.9925E-01
      2.8455      109.4587  0.0000E+00  0.3086E-01  0.1913E+00  0.4603E+00  0.3458E+00  0.2809E+00  0.1856E+00  0.1275E+00  0.1194E+00  0.1409E+00  0.1621E+00  0.1712E+00  0.1778E+00  0.1842E+00  0.1900E+00  0.1969E+00  0.2069E+00  0.2186E+00  0.2298E+00  0.2396E+00  0.2512E+00  0.2656E+00  0.2635E+00  0.2480E+00  0.1965E+00  0.9940E-01
      2.9810      120.3853  0.0000E+00  0.3069E-01  0.1916E+00  0.4622E+00  0.3477E+00  0.2834E+00  0.1875E+00  0.1284E+00  0.1201E+00  0.1414E+00  0.1624E+00  0.1713E+00  0.1779E+00  0.1843E+00  0.1901E+00  0.1969E+00  0.2069E+00  0.2186E+00  0.2297E+00  0.2396E+00  0.2511E+00  0.2656E+00  0.2638E+00  0.2481E+00  0.1966E+00  0.9950E-01
      3.1165      131.3119  0.0000E+00  0.3051E-01  0.1918E+00  0.4640E+00  0.3495E+00  0.2857E+00  0.1892E+00  0.1291E+00  0.1207E+00  0.1419E+00  0.1628E+00  0.1714E+00  0.1780E+00  0.1844E+00  0.1901E+00  0.1970E+00  0.2069E+00  0.2186E+00  0.2297E+00  0.2396E+00  0.2511E+00  0.2656E+00  0.2638E+00  0.2482E+00  0.1967E+00  0.9955E-01
      3.2520      142.2385  0.0000E+00  0.3032E-01  0.1919E+00  0.4656E+00  0.3512E+00  0.2878E+00  0.1905E+00  0.1296E+00  0.1211E+00  0.1423E+00  0.1632E+00  0.1715E+00  0.1781E+00  0.1845E+00  0.1902E+00  0.1970E+00  0.2069E+00  0.2186E+00  0.2297E+00  0.2396E+00  0.2511E+00  0.2656E+00  0.2635E+00  0.2480E+00  0.1966E+00  0.9953E-01
      3.3875      153.1651  0.0000E+00  0.3015E-01  0.1917E+00  0.4667E+00  0.3525E+00  0.2895E+00  0.1915E+00  0.1298E+00  0.1213E+00  0.1427E+00  0.1637E+00  0.1716E+00  0.1782E+00  0.1846E+00  0.1903E+00  0.1971E+00  0.2069E+00  0.2186E+00  0.2297E+00  0.2396E+00  0.2512E+00  0.2658E+00  0.2629E+00  0.2476E+00  0.1965E+00  0.9946E-01
      3.5230      164.0917  0.0000E+00  0.2999E-01  0.1915E+00  0.4679E+00  0.3538E+00  0.2908E+00  0.1920E+00  0.1297E+00  0.1213E+00  0.1430E+00  0.1642E+00  0.1717E+00  0.1783E+00  0.1847E+00  0.1903E+00  0.1971E+00  0.2069E+00  0.2186E+00  0.2297E+00  0.2396E+00  0.2513E+00  0.2660E+00  0.2621E+00  0.2471E+00  0.1964E+00  0.9932E-01
      3.6585      175.0183  0.0000E+00  0.2986E-01  0.1910E+00  0.4688E+00  0.3548E+00  0.2917E+00  0.1921E+00  0.1293E+00  0.1211E+00  0.1432E+00  0.1646E+00  0.1718E+00  0.1784E+00  0.1848E+00  0.1904E+00  0.1971E+00  0.2069E+00  0.2186E+00  0.2297E+00  0.2396E+00  0.2514E+00  0.2662E+00  0.2611E+00  0.2465E+00  0.1961E+00  0.9915E-01
      3.7940      185.9449  0.0000E+00  0.2977E-01  0.1905E+00  0.4694E+00  0.3555E+00  0.2922E+00  0.1918E+00  0.1287E+00  0.1208E+00  0.1433E+00  0.1650E+00  0.1719E+00  0.1785E+00  0.1848E+00  0.1904E+00  0.1971E+00  0.2069E+00  0.2186E+00  0.2297E+00  0.2397E+00  0.2516E+00  0.2657E+00  0.2601E+00  0.2459E+00  0.1959E+00  0.9895E-01
      3.9295      196.8715  0.0000E+00  0.2971E-01  0.1898E+00  0.4697E+00  0.3558E+00  0.2921E+00  0.1911E+00  0.1278E+00  0.1203E+00  0.1433E+00  0.1654E+00  0.1720E+00  0.1786E+00  0.1849E+00  0.1904E+00  0.1971E+00  0.2069E+00  0.2186E+00  0.2297E+00  0.2397E+00  0.2517E+00  0.2646E+00  0.2590E+00  0.2452E+00  0.1956E+00  0.9876E-01
      4.0650      207.7981  0.0000E+00  0.2968E-01  0.1890E+00  0.4697E+00  0.3559E+00  0.2917E+00  0.1900E+00  0.1268E+00  0.1196E+00  0.1432E+00  0.1657E+00  0.1721E+00  0.1787E+00  0.1849E+00  0.1905E+00  0.1971E+00  0.2069E+00  0.2186E+00  0.2298E+00  0.2398E+00  0.2518E+00  0.2637E+00  0.2582E+00  0.2447E+00  0.1954E+00  0.9858E-01
      4.2005      218.7247  0.0000E+00  0.2969E-01  0.1883E+00  0.4695E+00  0.3558E+00  0.2910E+00  0.1887E+00  0.1256E+00  0.1188E+00  0.1430E+00  0.1658E+00  0.1721E+00  0.1787E+00  0.1850E+00  0.1905E+00  0.1971E+00  0.2069E+00  0.2186E+00  0.2298E+00  0.2398E+00  0.2519E+00  0.2629E+00  0.2575E+00  0.2443E+00  0.1953E+00  0.9843E-01
      4.3360      229.6513  0.0000E+00  0.2974E-01  0.1876E+00  0.4690E+00  0.3553E+00  0.2899E+00  0.1871E+00  0.1243E+00  0.1179E+00  0.1426E+00  0.1659E+00  0.1721E+00  0.1787E+00  0.1850E+00  0.1905E+00  0.1971E+00  0.2069E+00  0.2186E+00  0.2298E+00  0.2398E+00  0.2519E+00  0.2625E+00  0.2571E+00  0.2441E+00  0.1952E+00  0.9833E-01
      4.4715      240.5779  0.0000E+00  0.2981E-01  0.1869E+00  0.4683E+00  0.3547E+00  0.2885E+00  0.1854E+00  0.1230E+00  0.1170E+00  0.1421E+00  0.1658E+00  0.1721E+00  0.1787E+00  0.1850E+00  0.1904E+00  0.1971E+00  0.2069E+00  0.2186E+00  0.2298E+00  0.2398E+00  0.2519E+00  0.2624E+00  0.2570E+00  0.2441E+00  0.1952E+00  0.9829E-01
      4.6070      251.5045  0.0000E+00  0.2990E-01  0.1863E+00  0.4675E+00  0.3539E+00  0.2870E+00  0.1836E+00  0.1217E+00  0.1160E+00  0.1416E+00  0.1656E+00  0.1721E+00  0.1787E+00  0.1849E+00  0.1904E+00  0.1971E+00  0.2069E+00  0.2186E+00  0.2298E+00  0.2398E+00  0.2519E+00  0.2626E+00  0.2572E+00  0.2442E+00  0.1953E+00  0.9829E-01
      4.7425      262.4311  0.0000E+00  0.3000E-01  0.1858E+00  0.4665E+00  0.3530E+00  0.2852E+00  0.1818E+00  0.1205E+00  0.1150E+00  0.1409E+00  0.1653E+00  0.1720E+00  0.1786E+00  0.1849E+00  0.1904E+00  0.1970E+00  0.2069E+00  0.2186E+00  0.2297E+00  0.2397E+00  0.2518E+00  0.2631E+00  0.2577E+00  0.2445E+00  0.1954E+00  0.9834E-01
      4.8780      273.3577  0.0000E+00  0.3011E-01  0.1854E+00  0.4654E+00  0.3518E+00  0.2834E+00  0.1799E+00  0.1193E+00  0.1141E+00  0.1403E+00  0.1649E+00  0.1719E+00  0.1786E+00  0.1848E+00  0.1903E+00  0.1970E+00  0.2069E+00  0.2186E+00  0.2297E+00  0.2397E+00  0.2517E+00  0.2638E+00  0.2583E+00  0.2449E+00  0.1956E+00  0.9842E-01
      5.0136      284.2844  0.0000E+00  0.3023E-01  0.1851E+00  0.4641E+00  0.3506E+00  0.2814E+00  0.1781E+00  0.1182E+00  0.1133E+00  0.1396E+00  0.1644E+00  0.1718E+00  0.1785E+00  0.1848E+00  0.1903E+00  0.1970E+00  0.2069E+00  0.2186E+00  0.2297E+00  0.2396E+00  0.2516E+00  0.2646E+00  0.2590E+00  0.2453E+00  0.1958E+00  0.9852E-01
      5.1491      295.2110  0.0000E+00  0.3035E-01  0.1850E+00  0.4628E+00  0.3492E+00  0.2794E+00  0.1764E+00  0.1173E+00  0.1125E+00  0.1390E+00  0.1639E+00  0.1717E+00  0.1784E+00  0.1847E+00  0.1902E+00  0.1969E+00  0.2068E+00  0.2186E+00  0.2297E+00  0.2396E+00  0.2516E+00  0.2654E+00  0.2597E+00  0.2457E+00  0.1960E+00  0.9861E-01
      5.2846      306.1376  0.0000E+00  0.3048E-01  0.1849E+00  0.4613E+00  0.3477E+00  0.2773E+00  0.1749E+00  0.1166E+00  0.1119E+00  0.1384E+00  0.1634E+00  0.1716E+00  0.1783E+00  0.1846E+00  0.1901E+00  0.1969E+00  0.2068E+00  0.2186E+00  0.2297E+00  0.2396E+00  0.2515E+00  0.2662E+00  0.2603E+00  0.2461E+00  0.1961E+00  0.9868E-01
      5.4201      317.0642  0.0000E+00  0.3060E-01  0.1850E+00  0.4599E+00  0.3462E+00  0.2753E+00  0.1735E+00  0.1161E+00  0.1114E+00  0.1378E+00  0.1629E+00  0.1715E+00  0.1782E+00  0.1845E+00  0.1901E+00  0.1969E+00  0.2068E+00  0.2186E+00  0.2297E+00  0.2395E+00  0.2514E+00  0.2667E+00  0.2608E+00  0.2463E+00  0.1962E+00  0.9873E-01
      5.5556      327.9908  0.0000E+00  0.3072E-01  0.1851E+00  0.4584E+00  0.3446E+00  0.2734E+00  0.1724E+00  0.1157E+00  0.1111E+00  0.1374E+00  0.1625E+00  0.1714E+00  0.1781E+00  0.1844E+00  0.1900E+00  0.1968E+00  0.2068E+00  0.2186E+00  0.2297E+00  0.2396E+00  0.2514E+00  0.2666E+00  0.2611E+00  0.2465E+00  0.1962E+00  0.9874E-01
      5.6911      338.9174  0.0000E+00  0.3083E-01  0.1854E+00  0.4569E+00  0.3431E+00  0.2717E+00  0.1715E+00  0.1156E+00  0.1110E+00  0.1371E+00  0.1621E+00  0.1713E+00  0.1780E+00  0.1843E+00  0.1899E+00  0.1968E+00  0.2068E+00  0.2186E+00  0.2297E+00  0.2396E+00  0.2514E+00  0.2666E+00  0.2612E+00  0.2465E+00  0.1962E+00  0.9872E-01
      5.8266      349.8440  0.0000E+00  0.3094E-01  0.1857E+00  0.4556E+00  0.3417E+00  0.2703E+00  0.1710E+00  0.1157E+00  0.1110E+00  0.1369E+00  0.1617E+00  0.1712E+00  0.1779E+00  0.1842E+00  0.1899E+00  0.1967E+00  0.2068E+00  0.2186E+00  0.2298E+00  0.2396E+00  0.2515E+00  0.2666E+00  0.2612E+00  0.2464E+00  0.1961E+00  0.9867E-01
      5.9621        0.7706  0.0000E+00  0.3104E-01  0.1860E+00  0.4544E+00  0.3404E+00  0.2691E+00  0.1707E+00  0.1160E+00  0.1113E+00  0.1369E+00  0.1615E+00  0.1711E+00  0.1778E+00  0.1842E+00  0.1898E+00  0.1967E+00  0.2068E+00  0.2186E+00  0.2298E+00  0.2397E+00  0.2515E+00  0.2667E+00  0.2610E+00  0.2463E+00  0.1960E+00  0.9861E-01
      6.0976       11.6972  0.0000E+00  0.3112E-01  0.1864E+00  0.4534E+00  0.3394E+00  0.2683E+00  0.1709E+00  0.1166E+00  0.1117E+00  0.1370E+00  0.1613E+00  0.1711E+00  0.1778E+00  0.1841E+00  0.1898E+00  0.1967E+00  0.2067E+00  0.2186E+00  0.2298E+00  0.2397E+00  0.2516E+00  0.2666E+00  0.2608E+00  0.2461E+00  0.1959E+00  0.9856E-01
      6.2331       22.6238  0.0000E+00  0.3120E-01  0.1869E+00  0.4528E+00  0.3387E+00  0.2680E+00  0.1714E+00  0.1174E+00  0.1122E+00  0.1371E+00  0.1612E+00  0.1711E+00  0.1777E+00  0.1841E+00  0.1897E+00  0.1967E+00  0.2067E+00  0.2186E+00  0.2299E+00  0.2398E+00  0.2516E+00  0.2664E+00  0.2607E+00  0.2460E+00  0.1958E+00  0.9853E-01
      6.3686       33.5504  0.0000E+00  0.3125E-01  0.1874E+00  0.4524E+00  0.3383E+00  0.2681E+00  0.1723E+00  0.1184E+00  0.1130E+00  0.1374E+00  0.1611E+00  0.1710E+00  0.1777E+00  0.1840E+00  0.1897E+00  0.1966E+00  0.2067E+00  0.2186E+00  0.2299E+00  0.2398E+00  0.2516E+00  0.2662E+00  0.2606E+00  0.2460E+00  0.1957E+00  0.9852E-01
      6.5041       44.4770  0.0000E+00  0.3128E-01  0.1879E+00  0.4525E+00  0.3383E+00  0.2688E+00  0.1735E+00  0.1195E+00  0.1138E+00  0.1378E+00  0.1611E+00  0.1710E+00  0.1776E+00  0.1840E+00  0.1897E+00  0.1966E+00  0.2067E+00  0.2186E+00  0.2299E+00  0.2398E+00  0.2516E+00  0.2662E+00  0.2607E+00  0.2461E+00  0.1957E+00  0.9856E-01
      6.6396       55.4036  0.0000E+00  0.3129E-01  0.1885E+00  0.4530E+00  0.3387E+00  0.2699E+00  0.1751E+00  0.1207E+00  0.1147E+00  0.1382E+00  0.1612E+00  0.1710E+00  0.1776E+00  0.1840E+00  0.1897E+00  0.1967E+00  0.2067E+00  0.2186E+00  0.2299E+00  0.2398E+00  0.2516E+00  0.2664E+00  0.2610E+00  0.2463E+00  0.1958E+00  0.9865E-01
      6.7751       66.3302  0.0000E+00  0.3126E-01  0.1891E+00  0.4538E+00  0.3395E+00  0.2715E+00  0.1769E+00  0.1221E+00  0.1156E+00  0.1387E+00  0.1612E+00  0.1710E+00  0.1776E+00  0.1840E+00  0.1898E+00  0.1967E+00  0.2068E+00  0.2186E+00  0.2299E+00  0.2398E+00  0.2515E+00  0.2663E+00  0.2614E+00  0.2465E+00  0.1959E+00  0.9877E-01
      6.9106       77.2568  0.0000E+00  0.3120E-01  0.1897E+00  0.4554E+00  0.3408E+00  0.2735E+00  0.1790E+00  0.1235E+00  0.1166E+00  0.1392E+00  0.1614E+00  0.1711E+00  0.1777E+00  0.1841E+00  0.1898E+00  0.1967E+00  0.2068E+00  0.2186E+00  0.2299E+00  0.2398E+00  0.2514E+00  0.2661E+00  0.2619E+00  0.2469E+00  0.1960E+00  0.9893E-01
      7.0461       88.1834  0.0000E+00  0.3111E-01  0.1902E+00  0.4568E+00  0.3422E+00  0.2758E+00  0.1811E+00  0.1248E+00  0.1176E+00  0.1397E+00  0.1616E+00  0.1711E+00  0.1777E+00  0.1841E+00  0.1899E+00  0.1968E+00  0.2068E+00  0.2186E+00  0.2298E+00  0.2397E+00  0.2513E+00  0.2659E+00  0.2625E+00  0.2473E+00  0.1962E+00  0.9910E-01
      7.1816       99.1100  0.0000E+00  0.3099E-01  0.1907E+00  0.4585E+00  0.3439E+00  0.2782E+00  0.1833E+00  0.1261E+00  0.1185E+00  0.1403E+00  0.1618E+00  0.1712E+00  0.1778E+00  0.1842E+00  0.1899E+00  0.1968E+00  0.2068E+00  0.2186E+00  0.2298E+00  0.2397E+00  0.2512E+00  0.2658E+00  0.2631E+00  0.2477E+00  0.1964E+00  0.9926E-01
      7.3171      110.0366  0.0000E+00  0.3084E-01  0.1912E+00  0.4604E+00  0.3457E+00  0.2808E+00  0.1854E+00  0.1272E+00  0.1193E+00  0.1408E+00  0.1621E+00  0.1712E+00  0.1778E+00  0.1843E+00  0.1900E+00  0.1969E+00  0.2069E+00  0.2186E+00  0.2298E+00  0.2396E+00  0.2512E+00  0.2656E+00  0.2635E+00  0.2480E+00  0.1965E+00  0.9940E-01
      7.4526      120.9632  0.0000E+00  0.3067E-01  0.1915E+00  0.4622E+00  0.3476E+00  0.2833E+00  0.1873E+00  0.1282E+00  0.1200E+00  0.1413E+00  0.1624E+00  0.1713E+00  0.1779E+00  0.1843E+00  0.1901E+00  0.1970E+00  0.2069E+00  0.2186E+00  0.2297E+00  0.2396E+00  0.2511E+00  0.2656E+00  0.2638E+00  0.2482E+00  0.1966E+00  0.9950E-01
      7.5881      131.8898  0.0000E+00  0.3049E-01  0.1917E+00  0.4640E+00  0.3494E+00  0.2856E+00  0.1890E+00  0.1289E+00  0.1206E+00  0.1418E+00  0.1628E+00  0.1714E+00  0.1780E+00  0.1844E+00  0.1901E+00  0.1970E+00  0.2069E+00  0.2186E+00  0.2297E+00  0.2396E+00  0.2511E+00  0.2656E+00  0.2637E+00  0.2481E+00  0.1967E+00  0.9955E-01
      7.7236      142.8164  0.0000E+00  0.3031E-01  0.1918E+00  0.4656E+00  0.3511E+00  0.2877E+00  0.1903E+00  0.1294E+00  0.1209E+00  0.1423E+00  0.1632E+00  0.1715E+00  0.1781E+00  0.1845E+00  0.1902E+00  0.1971E+00  0.2069E+00  0.2186E+00  0.2297E+00  0.2396E+00  0.2511E+00  0.2656E+00  0.2634E+00  0.2480E+00  0.1966E+00  0.9953E-01
      7.8591      153.7430  0.0000E+00  0.3013E-01  0.1916E+00  0.4667E+00  0.3525E+00  0.2894E+00  0.1912E+00  0.1295E+00  0.1211E+00  0.1426E+00  0.1637E+00  0.1716E+00  0.1782E+00  0.1846E+00  0.1903E+00  0.1971E+00  0.2069E+00  0.2186E+00  0.2297E+00  0.2396E+00  0.2512E+00  0.2658E+00  0.2629E+00  0.2476E+00  0.1965E+00  0.9945E-01
      7.9946      164.6696  0.0000E+00  0.2998E-01  0.1914E+00  0.4679E+00  0.3537E+00  0.2907E+00  0.1917E+00  0.1294E+00  0.1212E+00  0.1429E+00  0.1642E+00  0.1717E+00  0.1783E+00  0.1847E+00  0.1903E+00  0.1971E+00  0.2069E+00  0.2186E+00  0.2297E+00  0.2396E+00  0.2513E+00  0.2660E+00  0.2620E+00  0.2471E+00  0.1963E+00  0.9932E-01
      8.1301      175.5962  0.0000E+00  0.2985E-01  0.1909E+00  0.4688E+00  0.3547E+00  0.2916E+00  0.1918E+00  0.1291E+00  0.1210E+00  0.1431E+00  0.1646E+00  0.1718E+00  0.1784E+00  0.1848E+00  0.1904E+00  0.1971E+00  0.2069E+00  0.2186E+00  0.2297E+00  0.2397E+00  0.2515E+00  0.2662E+00  0.2610E+00  0.2465E+00  0.1961E+00  0.9914E-01
      8.2656      186.5228  0.0000E+00  0.2976E-01  0.1903E+00  0.4694E+00  0.3553E+00  0.2920E+00  0.1915E+00  0.1284E+00  0.1206E+00  0.1433E+00  0.1650E+00  0.1719E+00  0.1785E+00  0.1849E+00  0.1904E+00  0.1971E+00  0.2069E+00  0.2186E+00  0.2297E+00  0.2397E+00  0.2516E+00  0.2657E+00  0.2600E+00  0.2458E+00  0.1959E+00  0.9894E-01
      8.4011      197.4495  0.0000E+00  0.2970E-01  0.1897E+00  0.4696E+00  0.3557E+00  0.2919E+00  0.1908E+00  0.1276E+00  0.1201E+00  0.1432E+00  0.1654E+00  0.1720E+00  0.1786E+00  0.1849E+00  0.1904E+00  0.1971E+00  0.2069E+00  0.2186E+00  0.2297E+00  0.2398E+00  0.2517E+00  0.2646E+00  0.2590E+00  0.2452E+00  0.1956E+00  0.9875E-01
      8.5366      208.3761  0.0000E+00  0.2968E-01  0.1890E+00  0.4696E+00  0.3558E+00  0.2915E+00  0.1897E+00  0.1265E+00  0.1194E+00  0.1431E+00  0.1656E+00  0.1721E+00  0.1787E+00  0.1850E+00  0.1905E+00  0.1971E+00  0.2069E+00  0.2186E+00  0.2298E+00  0.2398E+00  0.2518E+00  0.2636E+00  0.2581E+00  0.2447E+00  0.1954E+00  0.9857E-01
      8.6721      219.3027  0.0000E+00  0.2969E-01  0.1882E+00  0.4694E+00  0.3556E+00  0.2907E+00  0.1884E+00  0.1253E+00  0.1186E+00  0.1429E+00  0.1658E+00  0.1721E+00  0.1787E+00  0.1850E+00  0.1905E+00  0.1971E+00  0.2069E+00  0.2186E+00  0.2298E+00  0.2398E+00  0.2519E+00  0.2629E+00  0.2575E+00  0.2443E+00  0.1953E+00  0.9842E-01
      8.8076      230.2293  0.0000E+00  0.2974E-01  0.1875E+00  0.4689E+00  0.3552E+00  0.2896E+00  0.1868E+00  0.1241E+00  0.1177E+00  0.1425E+00  0.1658E+00  0.1721E+00  0.1787E+00  0.1850E+00  0.1905E+00  0.1971E+00  0.2069E+00  0.2186E+00  0.2298E+00  0.2398E+00  0.2519E+00  0.2625E+00  0.2571E+00  0.2441E+00  0.1952E+00  0.9833E-01
      8.9431      241.1559  0.0000E+00  0.2981E-01  0.1868E+00  0.4682E+00  0.3546E+00  0.2883E+00  0.1851E+00  0.1227E+00  0.1168E+00  0.1420E+00  0.1658E+00  0.1721E+00  0.1787E+00  0.1850E+00  0.1904E+00  0.1971E+00  0.2069E+00  0.2186E+00  0.2298E+00  0.2398E+00  0.2519E+00  0.2624E+00  0.2570E+00  0.2441E+00  0.1952E+00  0.9829E-01
      9.0786      252.0825  0.0000E+00  0.2990E-01  0.1862E+00  0.4674E+00  0.3538E+00  0.2867E+00  0.1833E+00  0.1214E+00  0.1158E+00  0.1415E+00  0.1656E+00  0.1721E+00  0.1787E+00  0.1849E+00  0.1904E+00  0.1971E+00  0.2069E+00  0.2186E+00  0.2298E+00  0.2398E+00  0.2519E+00  0.2626E+00  0.2572E+00  0.2442E+00  0.1953E+00  0.9830E-01
      9.2141      263.0091  0.0000E+00  0.3000E-01  0.1857E+00  0.4664E+00  0.3528E+00  0.2850E+00  0.1814E+00  0.1202E+00  0.1149E+00  0.1408E+00  0.1652E+00  0.1720E+00  0.1786E+00  0.1849E+00  0.1904E+00  0.1970E+00  0.2069E+00  0.2186E+00  0.2297E+00  0.2397E+00  0.2518E+00  0.2631E+00  0.2577E+00  0.2445E+00  0.1954E+00  0.9835E-01
      9.3496      273.9357  0.0000E+00  0.3012E-01  0.1853E+00  0.4653E+00  0.3517E+00  0.2831E+00  0.1796E+00  0.1190E+00  0.1139E+00  0.1402E+00  0.1648E+00  0.1719E+00  0.1786E+00  0.1848E+00  0.1903E+00  0.1970E+00  0.2069E+00  0.2186E+00  0.2297E+00  0.2397E+00  0.2517E+00  0.2639E+00  0.2583E+00  0.2449E+00  0.1956E+00  0.9843E-01
      9.4851      284.8623  0.0000E+00  0.3024E-01  0.1851E+00  0.4640E+00  0.3504E+00  0.2811E+00  0.1778E+00  0.1180E+00  0.1131E+00  0.1395E+00  0.1644E+00  0.1718E+00  0.1785E+00  0.1848E+00  0.1903E+00  0.1970E+00  0.2069E+00  0.2186E+00  0.2297E+00  0.2396E+00  0.2516E+00  0.2647E+00  0.2590E+00  0.2453E+00  0.1958E+00  0.9852E-01
      9.6206      295.7889  0.0000E+00  0.3036E-01  0.1849E+00  0.4627E+00  0.3490E+00  0.2791E+00  0.1761E+00  0.1171E+00  0.1124E+00  0.1389E+00  0.1639E+00  0.1717E+00  0.1784E+00  0.1847E+00  0.1902E+00  0.1969E+00  0.2068E+00  0.2186E+00  0.2297E+00  0.2396E+00  0.2515E+00  0.2655E+00  0.2597E+00  0.2457E+00  0.1960E+00  0.9861E-01
      9.7561      306.7155  0.0000E+00  0.3048E-01  0.1849E+00  0.4612E+00  0.3475E+00  0.2770E+00  0.1746E+00  0.1164E+00  0.1117E+00  0.1383E+00  0.1634E+00  0.1716E+00  0.1783E+00  0.1846E+00  0.1901E+00  0.1969E+00  0.2068E+00  0.2186E+00  0.2297E+00  0.2396E+00  0.2515E+00  0.2662E+00  0.2603E+00  0.2461E+00  0.1961E+00  0.9869E-01
      9.8916      317.6421  0.0000E+00  0.3061E-01  0.1850E+00  0.4598E+00  0.3460E+00  0.2751E+00  0.1732E+00  0.1158E+00  0.1113E+00  0.1378E+00  0.1629E+00  0.1715E+00  0.1782E+00  0.1845E+00  0.1901E+00  0.1969E+00  0.2068E+00  0.2186E+00  0.2297E+00  0.2395E+00  0.2514E+00  0.2667E+00  0.2608E+00  0.2463E+00  0.1962E+00  0.9873E-01
     10.0271      328.5687  0.0000E+00  0.3072E-01  0.1851E+00  0.4583E+00  0.3444E+00  0.2732E+00  0.1721E+00  0.1155E+00  0.1110E+00  0.1373E+00  0.1624E+00  0.1714E+00  0.1781E+00  0.1844E+00  0.1900E+00  0.1968E+00  0.2068E+00  0.2186E+00  0.2297E+00  0.2396E+00  0.2514E+00  0.2666E+00  0.2611E+00  0.2465E+00  0.1962E+00  0.9874E-01
     10.1626      339.4953  0.0000E+00  0.3084E-01  0.1854E+00  0.4568E+00  0.3429E+00  0.2715E+00  0.1713E+00  0.1154E+00  0.1109E+00  0.1370E+00  0.1620E+00  0.1713E+00  0.1780E+00  0.1843E+00  0.1899E+00  0.1968E+00  0.2068E+00  0.2186E+00  0.2297E+00  0.2396E+00  0.2514E+00  0.2666E+00  0.2612E+00  0.2465E+00  0.1962E+00  0.9872E-01
     10.2981      350.4219  0.0000E+00  0.3094E-01  0.1857E+00  0.4555E+00  0.3415E+00  0.2700E+00  0.1707E+00  0.1155E+00  0.1109E+00  0.1369E+00  0.1617E+00  0.1712E+00  0.1779E+00  0.1842E+00  0.1899E+00  0.1967E+00  0.2068E+00  0.2186E+00  0.2298E+00  0.2396E+00  0.2515E+00  0.2666E+00  0.2612E+00  0.2464E+00  0.1961E+00  0.9867E-01
     10.4336        1.3485  0.0000E+00  0.3104E-01  0.1860E+00  0.4543E+00  0.3403E+00  0.2689E+00  0.1705E+00  0.1159E+00  0.1112E+00  0.1368E+00  0.1614E+00  0.1711E+00  0.1778E+00  0.1842E+00  0.1898E+00  0.1967E+00  0.2068E+00  0.2186E+00  0.2298E+00  0.2397E+00  0.2515E+00  0.2667E+00  0.2610E+00  0.2463E+00  0.1960E+00  0.9861E-01
     10.5691       12.2751  0.0000E+00  0.3113E-01  0.1864E+00  0.4534E+00  0.3392E+00  0.2681E+00  0.1707E+00  0.1165E+00  0.1116E+00  0.1369E+00  0.1613E+00  0.1711E+00  0.1777E+00  0.1841E+00  0.1898E+00  0.1967E+00  0.2067E+00  0.2186E+00  0.2298E+00  0.2397E+00  0.2516E+00  0.2666E+00  0.2608E+00  0.2461E+00  0.1959E+00  0.9856E-01
     10.7046       23.2017  0.0000E+00  0.3120E-01  0.1869E+00  0.4527E+00  0.3385E+00  0.2678E+00  0.1712E+00  0.1173E+00  0.1122E+00  0.1371E+00  0.1611E+00  0.1710E+00  0.1777E+00  0.1841E+00  0.1897E+00  0.1967E+00  0.2067E+00  0.2186E+00  0.2299E+00  0.2398E+00  0.2516E+00  0.2664E+00  0.2607E+00  0.2460E+00  0.1958E+00  0.9853E-01
     10.8401       34.1283  0.0000E+00  0.3125E-01  0.1874E+00  0.4524E+00  0.3382E+00  0.2680E+00  0.1721E+00  0.1182E+00  0.1129E+00  0.1374E+00  0.1611E+00  0.1710E+00  0.1777E+00  0.1840E+00  0.1897E+00  0.1966E+00  0.2067E+00  0.2186E+00  0.2299E+00  0.2398E+00  0.2516E+00  0.2662E+00  0.2606E+00  0.2460E+00  0.1957E+00  0.9852E-01
     10.9756       45.0549  0.0000E+00  0.3128E-01  0.1879E+00  0.4525E+00  0.3382E+00  0.2687E+00  0.1734E+00  0.1194E+00  0.1137E+00  0.1378E+00  0.1611E+00  0.1710E+00  0.1776E+00  0.1840E+00  0.1897E+00  0.1966E+00  0.2067E+00  0.2186E+00  0.2299E+00  0.2398E+00  0.2516E+00  0.2662E+00  0.2607E+00  0.2461E+00  0.1957E+00  0.9857E-01
     11.1111       55.9815  0.0000E+00  0.3129E-01  0.1885E+00  0.4530E+00  0.3386E+00  0.2698E+00  0.1750E+00  0.1206E+00  0.1146E+00  0.1382E+00  0.1611E+00  0.1710E+00  0.1776E+00  0.1840E+00  0.1897E+00  0.1967E+00  0.2067E+00  0.2186E+00  0.2299E+00  0.2398E+00  0.2516E+00  0.2664E+00  0.2610E+00  0.2463E+00  0.1958E+00  0.9865E-01
     11.2466       66.9081  0.0000E+00  0.3126E-01  0.1891E+00  0.4542E+00  0.3396E+00  0.2715E+00  0.1768E+00  0.1220E+00  0.1156E+00  0.1387E+00  0.1612E+00  0.1710E+00  0.1776E+00  0.1840E+00  0.1898E+00  0.1967E+00  0.2068E+00  0.2186E+00  0.2299E+00  0.2398E+00  0.2515E+00  0.2663E+00  0.2614E+00  0.2466E+00  0.1959E+00  0.9878E-01
     11.3821       77.8347  0.0000E+00  0.3120E-01  0.1897E+00  0.4554E+00  0.3407E+00  0.2735E+00  0.1789E+00  0.1234E+00  0.1166E+00  0.1392E+00  0.1614E+00  0.1711E+00  0.1777E+00  0.1841E+00  0.1898E+00  0.1967E+00  0.2068E+00  0.2186E+00  0.2299E+00  0.2398E+00  0.2514E+00  0.2661E+00  0.2620E+00  0.2469E+00  0.1960E+00  0.9893E-01
     11.5176       88.7613  0.0000E+00  0.3111E-01  0.1902E+00  0.4569E+00  0.3422E+00  0.2757E+00  0.1811E+00  0.1247E+00  0.1175E+00  0.1397E+00  0.1616E+00  0.1711E+00  0.1777E+00  0.1841E+00  0.1899E+00  0.1968E+00  0.2068E+00  0.2186E+00  0.2298E+00  0.2397E+00  0.2513E+00  0.2659E+00  0.2626E+00  0.2473E+00  0.1962E+00  0.9910E-01
     11.6531       99.6879  0.0000E+00  0.3098E-01  0.1908E+00  0.4586E+00  0.3439E+00  0.2782E+00  0.1832E+00  0.1260E+00  0.1184E+00  0.1403E+00  0.1618E+00  0.1712E+00  0.1778E+00  0.1842E+00  0.1899E+00  0.1968E+00  0.2068E+00  0.2186E+00  0.2298E+00  0.2397E+00  0.2512E+00  0.2658E+00  0.2631E+00  0.2477E+00  0.1964E+00  0.9927E-01
     11.7886      110.6146  0.0000E+00  0.3083E-01  0.1912E+00  0.4604E+00  0.3457E+00  0.2808E+00  0.1853E+00  0.1271E+00  0.1193E+00  0.1408E+00  0.1621E+00  0.1712E+00  0.1778E+00  0.1843E+00  0.1900E+00  0.1969E+00  0.2069E+00  0.2186E+00  0.2298E+00  0.2396E+00  0.2512E+00  0.2656E+00  0.2635E+00  0.2480E+00  0.1965E+00  0.9941E-01
     11.9241      121.5412  0.0000E+00  0.3066E-01  0.1915E+00  0.4623E+00  0.3476E+00  0.2833E+00  0.1873E+00  0.1281E+00  0.1200E+00  0.1413E+00  0.1624E+00  0.1713E+00  0.1779E+00  0.1843E+00  0.1901E+00  0.1970E+00  0.2069E+00  0.2186E+00  0.2297E+00  0.2396E+00  0.2511E+00  0.2656E+00  0.2638E+00  0.2482E+00  0.1967E+00  0.9951E-01
     12.0596      132.4678  0.0000E+00  0.3048E-01  0.1917E+00  0.4641E+00  0.3494E+00  0.2856E+00  0.1889E+00  0.1288E+00  0.1205E+00  0.1418E+00  0.1628E+00  0.1714E+00  0.1780E+00  0.1844E+00  0.1901E+00  0.1970E+00  0.2069E+00  0.2186E+00  0.2297E+00  0.2396E+00  0.2511E+00  0.2656E+00  0.2637E+00  0.2481E+00  0.1967E+00  0.9955E-01
     12.1951      143.3944  0.0000E+00  0.3030E-01  0.1917E+00  0.4657E+00  0.3511E+00  0.2876E+00  0.1902E+00  0.1292E+00  0.1209E+00  0.1422E+00  0.1632E+00  0.1715E+00  0.1781E+00  0.1845E+00  0.1902E+00  0.1971E+00  0.2069E+00  0.2186E+00  0.2297E+00  0.2396E+00  0.2512E+00  0.2657E+00  0.2634E+00  0.2479E+00  0.1966E+00  0.9953E-01
     12.3306      154.3210  0.0000E+00  0.3012E-01  0.1916E+00  0.4668E+00  0.3525E+00  0.2893E+00  0.1911E+00  0.1294E+00  0.1211E+00  0.1426E+00  0.1637E+00  0.1716E+00  0.1782E+00  0.1846E+00  0.1903E+00  0.1971E+00  0.2069E+00  0.2186E+00  0.2297E+00  0.2396E+00  0.2512E+00  0.2658E+00  0.2628E+00  0.2476E+00  0.1965E+00  0.9945E-01
     12.4661      165.2476  0.0000E+00  0.2997E-01  0.1913E+00  0.4679E+00  0.3537E+00  0.2906E+00  0.1916E+00  0.1293E+00  0.1211E+00  0.1429E+00  0.1642E+00  0.1717E+00  0.1783E+00  0.1847E+00  0.1903E+00  0.1971E+00  0.2069E+00  0.2186E+00  0.2297E+00  0.2396E+00  0.2513E+00  0.2660E+00  0.2620E+00  0.2471E+00  0.1963E+00  0.9931E-01
     12.6016      176.1742  0.0000E+00  0.2985E-01  0.1909E+00  0.4688E+00  0.3546E+00  0.2915E+00  0.1916E+00  0.1289E+00  0.1209E+00  0.1431E+00  0.1646E+00  0.1718E+00  0.1784E+00  0.1848E+00  0.1904E+00  0.1971E+00  0.2069E+00  0.2186E+00  0.2297E+00  0.2397E+00  0.2515E+00  0.2662E+00  0.2610E+00  0.2464E+00  0.1961E+00  0.9913E-01
     12.7371      187.1008  0.0000E+00  0.2975E-01  0.1903E+00  0.4694E+00  0.3553E+00  0.2918E+00  0.1913E+00  0.1282E+00  0.1205E+00  0.1432E+00  0.1650E+00  0.1719E+00  0.1785E+00  0.1849E+00  0.1904E+00  0.1971E+00  0.2069E+00  0.2186E+00  0.2297E+00  0.2397E+00  0.2516E+00  0.2656E+00  0.2599E+00  0.2458E+00  0.1959E+00  0.9893E-01
     12.8726      198.0274  0.0000E+00  0.2970E-01  0.1896E+00  0.4696E+00  0.3557E+00  0.2918E+00  0.1905E+00  0.1274E+00  0.1200E+00  0.1432E+00  0.1654E+00  0.1720E+00  0.1786E+00  0.1849E+00  0.1905E+00  0.1971E+00  0.2069E+00  0.2186E+00  0.2297E+00  0.2398E+00  0.2517E+00  0.2645E+00  0.2589E+00  0.2452E+00  0.1956E+00  0.9874E-01
     13.0081      208.9540  0.0000E+00  0.2968E-01  0.1889E+00  0.4696E+00  0.3557E+00  0.2913E+00  0.1895E+00  0.1263E+00  0.1193E+00  0.1431E+00  0.1656E+00  0.1721E+00  0.1787E+00  0.1850E+00  0.1905E+00  0.1971E+00  0.2069E+00  0.2186E+00  0.2298E+00  0.2398E+00  0.2518E+00  0.2636E+00  0.2581E+00  0.2447E+00  0.1954E+00  0.9856E-01
     13.1436      219.8806  0.0000E+00  0.2970E-01  0.1882E+00  0.4694E+00  0.3555E+00  0.2905E+00  0.1881E+00  0.1251E+00  0.1185E+00  0.1428E+00  0.1658E+00  0.1721E+00  0.1787E+00  0.1850E+00  0.1905E+00  0.1971E+00  0.2069E+00  0.2186E+00  0.2298E+00  0.2398E+00  0.2519E+00  0.2629E+00  0.2575E+00  0.2443E+00  0.1953E+00  0.9842E-01
     13.2791      230.8072  0.0000E+00  0.2974E-01  0.1874E+00  0.4689E+00  0.3551E+00  0.2894E+00  0.1866E+00  0.1239E+00  0.1176E+00  0.1424E+00  0.1658E+00  0.1721E+00  0.1787E+00  0.1850E+00  0.1905E+00  0.1971E+00  0.2069E+00  0.2186E+00  0.2298E+00  0.2398E+00  0.2519E+00  0.2625E+00  0.2571E+00  0.2441E+00  0.1952E+00  0.9832E-01
     13.4146      241.7338  0.0000E+00  0.2981E-01  0.1868E+00  0.4682E+00  0.3545E+00  0.2881E+00  0.1848E+00  0.1225E+00  0.1167E+00  0.1420E+00  0.1657E+00  0.1721E+00  0.1787E+00  0.1850E+00  0.1904E+00  0.1971E+00  0.2069E+00  0.2186E+00  0.2298E+00  0.2398E+00  0.2519E+00  0.2624E+00  0.2570E+00  0.2441E+00  0.1952E+00  0.9829E-01
     13.5501      252.6604  0.0000E+00  0.2991E-01  0.1862E+00  0.4673E+00  0.3536E+00  0.2865E+00  0.1830E+00  0.1213E+00  0.1157E+00  0.1414E+00  0.1655E+00  0.1720E+00  0.1787E+00  0.1849E+00  0.1904E+00  0.1971E+00  0.2069E+00  0.2186E+00  0.2298E+00  0.2398E+00  0.2519E+00  0.2627E+00  0.2573E+00  0.2442E+00  0.1953E+00  0.9830E-01
     13.6856      263.5870  0.0000E+00  0.3001E-01  0.1857E+00  0.4663E+00  0.3527E+00  0.2847E+00  0.1812E+00  0.1200E+00  0.1147E+00  0.1408E+00  0.1652E+00  0.1720E+00  0.1786E+00  0.1849E+00  0.1904E+00  0.1970E+00  0.2069E+00  0.2186E+00  0.2297E+00  0.2397E+00  0.2518E+00  0.2632E+00  0.2577E+00  0.2445E+00  0.1954E+00  0.9835E-01
     13.8211      274.5136  0.0000E+00  0.3012E-01  0.1853E+00  0.4652E+00  0.3515E+00  0.2829E+00  0.1793E+00  0.1188E+00  0.1138E+00  0.1401E+00  0.1648E+00  0.1719E+00  0.1786E+00  0.1848E+00  0.1903E+00  0.1970E+00  0.2069E+00  0.2186E+00  0.2297E+00  0.2397E+00  0.2517E+00  0.2639E+00  0.2583E+00  0.2449E+00  0.1956E+00  0.9843E-01
     13.9566      285.4402  0.0000E+00  0.3024E-01  0.1851E+00  0.4639E+00  0.3502E+00  0.2809E+00  0.1776E+00  0.1178E+00  0.1130E+00  0.1394E+00  0.1643E+00  0.1718E+00  0.1785E+00  0.1848E+00  0.1903E+00  0.1970E+00  0.2069E+00  0.2186E+00  0.2297E+00  0.2396E+00  0.2516E+00  0.2647E+00  0.2590E+00  0.2453E+00  0.1958E+00  0.9853E-01
     14.0921      296.3668  0.0000E+00  0.3037E-01  0.1849E+00  0.4626E+00  0.3489E+00  0.2789E+00  0.1759E+00  0.1169E+00  0.1123E+00  0.1388E+00  0.1638E+00  0.1717E+00  0.1784E+00  0.1847E+00  0.1902E+00  0.1969E+00  0.2068E+00  0.2186E+00  0.2297E+00  0.2396E+00  0.2515E+00  0.2655E+00  0.2597E+00  0.2457E+00  0.1960E+00  0.9862E-01
     14.2276      307.2934  0.0000E+00  0.3049E-01  0.1849E+00  0.4612E+00  0.3474E+00  0.2768E+00  0.1744E+00  0.1162E+00  0.1117E+00  0.1382E+00  0.1633E+00  0.1716E+00  0.1783E+00  0.1846E+00  0.1901E+00  0.1969E+00  0.2068E+00  0.2186E+00  0.2297E+00  0.2396E+00  0.2515E+00  0.2662E+00  0.2604E+00  0.2461E+00  0.1961E+00  0.9869E-01
     14.3631      318.2200  0.0000E+00  0.3061E-01  0.1850E+00  0.4597E+00  0.3459E+00  0.2748E+00  0.1730E+00  0.1157E+00  0.1112E+00  0.1377E+00  0.1628E+00  0.1715E+00  0.1782E+00  0.1845E+00  0.1901E+00  0.1969E+00  0.2068E+00  0.2186E+00  0.2297E+00  0.2395E+00  0.2514E+00  0.2666E+00  0.2608E+00  0.2463E+00  0.1962E+00  0.9873E-01
     14.4986      329.1466  0.0000E+00  0.3073E-01  0.1851E+00  0.4582E+00  0.3443E+00  0.2730E+00  0.1719E+00  0.1154E+00  0.1109E+00  0.1373E+00  0.1624E+00  0.1714E+00  0.1781E+00  0.1844E+00  0.1900E+00  0.1968E+00  0.2068E+00  0.2186E+00  0.2297E+00  0.2396E+00  0.2514E+00  0.2666E+00  0.2611E+00  0.2465E+00  0.1962E+00  0.9874E-01
     14.6341      340.0732  0.0000E+00  0.3084E-01  0.1854E+00  0.4567E+00  0.3428E+00  0.2713E+00  0.1711E+00  0.1153E+00  0.1108E+00  0.1370E+00  0.1620E+00  0.1713E+00  0.1780E+00  0.1843E+00  0.1899E+00  0.1968E+00  0.2068E+00  0.2186E+00  0.2298E+00  0.2396E+00  0.2514E+00  0.2666E+00  0.2612E+00  0.2465E+00  0.1962E+00  0.9871E-01
     14.7696      350.9998  0.0000E+00  0.3095E-01  0.1857E+00  0.4554E+00  0.3414E+00  0.2698E+00  0.1706E+00  0.1155E+00  0.1109E+00  0.1368E+00  0.1617E+00  0.1712E+00  0.1779E+00  0.1842E+00  0.1899E+00  0.1967E+00  0.2068E+00  0.2186E+00  0.2298E+00  0.2396E+00  0.2515E+00  0.2666E+00  0.2611E+00  0.2464E+00  0.1961E+00  0.9867E-01
     14.9051        1.9264  0.0000E+00  0.3105E-01  0.1860E+00  0.4542E+00  0.3401E+00  0.2687E+00  0.1704E+00  0.1158E+00  0.1111E+00  0.1368E+00  0.1614E+00  0.1711E+00  0.1778E+00  0.1842E+00  0.1898E+00  0.1967E+00  0.2068E+00  0.2186E+00  0.2298E+00  0.2397E+00  0.2515E+00  0.2667E+00  0.2610E+00  0.2463E+00  0.1960E+00  0.9861E-01
     15.0407       12.8531  0.0000E+00  0.3113E-01  0.1864E+00  0.4533E+00  0.3391E+00  0.2680E+00  0.1706E+00  0.1164E+00  0.1116E+00  0.1369E+00  0.1612E+00  0.1711E+00  0.1777E+00  0.1841E+00  0.1898E+00  0.1967E+00  0.2067E+00  0.2186E+00  0.2298E+00  0.2397E+00  0.2516E+00  0.2666E+00  0.2608E+00  0.2461E+00  0.1959E+00  0.9856E-01
     15.1762       23.7797  0.0000E+00  0.3120E-01  0.1869E+00  0.4527E+00  0.3384E+00  0.2677E+00  0.1711E+00  0.1172E+00  0.1122E+00  0.1371E+00  0.1611E+00  0.1710E+00  0.1777E+00  0.1841E+00  0.1897E+00  0.1967E+00  0.2067E+00  0.2186E+00  0.2299E+00  0.2398E+00  0.2516E+00  0.2663E+00  0.2607E+00  0.2460E+00  0.1958E+00  0.9852E-01
     15.3117       34.7063  0.0000E+00  0.3126E-01  0.1874E+00  0.4524E+00  0.3381E+00  0.2679E+00  0.1720E+00  0.1182E+00  0.1129E+00  0.1374E+00  0.1611E+00  0.1710E+00  0.1777E+00  0.1840E+00  0.1897E+00  0.1966E+00  0.2067E+00  0.2186E+00  0.2299E+00  0.2398E+00  0.2516E+00  0.2662E+00  0.2606E+00  0.2460E+00  0.1957E+00  0.9853E-01
     15.4472       45.6329  0.0000E+00  0.3129E-01  0.1879E+00  0.4525E+00  0.3381E+00  0.2686E+00  0.1733E+00  0.1194E+00  0.1137E+00  0.1377E+00  0.1611E+00  0.1710E+00  0.1776E+00  0.1840E+00  0.1897E+00  0.1966E+00  0.2067E+00  0.2186E+00  0.2299E+00  0.2398E+00  0.2516E+00  0.2662E+00  0.2607E+00  0.2461E+00  0.1957E+00  0.9857E-01
     15.5827       56.5595  0.0000E+00  0.3129E-01  0.1885E+00  0.4530E+00  0.3386E+00  0.2698E+00  0.1749E+00  0.1206E+00  0.1146E+00  0.1382E+00  0.1611E+00  0.1710E+00  0.1776E+00  0.1840E+00  0.1897E+00  0.1967E+00  0.2067E+00  0.2186E+00  0.2299E+00  0.2398E+00  0.2516E+00  0.2664E+00  0.2610E+00  0.2463E+00  0.1958E+00  0.9866E-01
     15.7182       67.4861  0.0000E+00  0.3126E-01  0.1891E+00  0.4543E+00  0.3396E+00  0.2714E+00  0.1768E+00  0.1220E+00  0.1156E+00  0.1387E+00  0.1612E+00  0.1710E+00  0.1776E+00  0.1840E+00  0.1898E+00  0.1967E+00  0.2068E+00  0.2186E+00  0.2299E+00  0.2398E+00  0.2515E+00  0.2663E+00  0.2615E+00  0.2466E+00  0.1959E+00  0.9879E-01
     15.8537       78.4127  0.0000E+00  0.3120E-01  0.1897E+00  0.4555E+00  0.3408E+00  0.2735E+00  0.1789E+00  0.1234E+00  0.1166E+00  0.1392E+00  0.1614E+00  0.1711E+00  0.1777E+00  0.1841E+00  0.1898E+00  0.1967E+00  0.2068E+00  0.2186E+00  0.2299E+00  0.2398E+00  0.2514E+00  0.2661E+00  0.2620E+00  0.2470E+00  0.1960E+00  0.9894E-01
     15.9892       89.3393  0.0000E+00  0.3110E-01  0.1903E+00  0.4570E+00  0.3422E+00  0.2758E+00  0.1811E+00  0.1247E+00  0.1175E+00  0.1397E+00  0.1616E+00  0.1711E+00  0.1777E+00  0.1841E+00  0.1899E+00  0.1968E+00  0.2068E+00  0.2186E+00  0.2298E+00  0.2397E+00  0.2513E+00  0.2659E+00  0.2626E+00  0.2474E+00  0.1962E+00  0.9911E-01
     16.1247      100.2659  0.0000E+00  0.3097E-01  0.1908E+00  0.4587E+00  0.3439E+00  0.2783E+00  0.1832E+00  0.1260E+00  0.1184E+00  0.1403E+00  0.1618E+00  0.1712E+00  0.1778E+00  0.1842E+00  0.1899E+00  0.1968E+00  0.2068E+00  0.2186E+00  0.2298E+00  0.2397E+00  0.2512E+00  0.2657E+00  0.2631E+00  0.2477E+00  0.1964E+00  0.9928E-01
     16.2602      111.1925  0.0000E+00  0.3082E-01  0.1912E+00  0.4605E+00  0.3458E+00  0.2808E+00  0.1853E+00  0.1271E+00  0.1193E+00  0.1408E+00  0.1621E+00  0.1712E+00  0.1778E+00  0.1843E+00  0.1900E+00  0.1969E+00  0.2069E+00  0.2186E+00  0.2298E+00  0.2396E+00  0.2512E+00  0.2656E+00  0.2636E+00  0.2480E+00  0.1966E+00  0.9942E-01
     16.3957      122.1191  0.0000E+00  0.3065E-01  0.1915E+00  0.4624E+00  0.3477E+00  0.2833E+00  0.1872E+00  0.1280E+00  0.1199E+00  0.1413E+00  0.1624E+00  0.1713E+00  0.1779E+00  0.1844E+00  0.1901E+00  0.1970E+00  0.2069E+00  0.2186E+00  0.2297E+00  0.2396E+00  0.2511E+00  0.2656E+00  0.2638E+00  0.2482E+00  0.1967E+00  0.9951E-01
     16.5312      133.0457  0.0000E+00  0.3047E-01  0.1917E+00  0.4641E+00  0.3495E+00  0.2856E+00  0.1889E+00  0.1287E+00  0.1205E+00  0.1418E+00  0.1628E+00  0.1714E+00  0.1780E+00  0.1844E+00  0.1902E+00  0.1970E+00  0.2069E+00  0.2186E+00  0.2297E+00  0.2396E+00  0.2511E+00  0.2656E+00  0.2637E+00  0.2481E+00  0.1967E+00  0.9955E-01
     16.6667      143.9723  0.0000E+00  0.3029E-01  0.1917E+00  0.4658E+00  0.3512E+00  0.2877E+00  0.1901E+00  0.1292E+00  0.1208E+00  0.1422E+00  0.1633E+00  0.1715E+00  0.1781E+00  0.1845E+00  0.1902E+00  0.1971E+00  0.2069E+00  0.2186E+00  0.2297E+00  0.2396E+00  0.2512E+00  0.2657E+00  0.2634E+00  0.2479E+00  0.1966E+00  0.9952E-01
     16.8022      154.8989  0.0000E+00  0.3012E-01  0.1916E+00  0.4668E+00  0.3525E+00  0.2893E+00  0.1910E+00  0.1293E+00  0.1210E+00  0.1426E+00  0.1637E+00  0.1716E+00  0.1782E+00  0.1846E+00  0.1903E+00  0.1971E+00  0.2069E+00  0.2186E+00  0.2297E+00  0.2396E+00  0.2512E+00  0.2658E+00  0.2628E+00  0.2475E+00  0.1965E+00  0.9944E-01
     16.9377      165.8255  0.0000E+00  0.2996E-01  0.1913E+00  0.4680E+00  0.3537E+00  0.2906E+00  0.1915E+00  0.1292E+00  0.1210E+00  0.1429E+00  0.1642E+00  0.1717E+00  0.1783E+00  0.1847E+00  0.1903E+00  0.1971E+00  0.2069E+00  0.2186E+00  0.2297E+00  0.2396E+00  0.2513E+00  0.2660E+00  0.2619E+00  0.2470E+00  0.1963E+00  0.9930E-01
     17.0732      176.7521  0.0000E+00  0.2984E-01  0.1909E+00  0.4688E+00  0.3546E+00  0.2914E+00  0.1915E+00  0.1288E+00  0.1208E+00  0.1431E+00  0.1646E+00  0.1718E+00  0.1784E+00  0.1848E+00  0.1904E+00  0.1971E+00  0.2069E+00  0.2186E+00  0.2297E+00  0.2397E+00  0.2515E+00  0.2662E+00  0.2609E+00  0.2464E+00  0.1961E+00  0.9912E-01
     17.2087      187.6787  0.0000E+00  0.2975E-01  0.1903E+00  0.4694E+00  0.3553E+00  0.2918E+00  0.1912E+00  0.1281E+00  0.1205E+00  0.1432E+00  0.1650E+00  0.1719E+00  0.1785E+00  0.1849E+00  0.1904E+00  0.1971E+00  0.2069E+00  0.2186E+00  0.2297E+00  0.2397E+00  0.2516E+00  0.2656E+00  0.2599E+00  0.2458E+00  0.1958E+00  0.9892E-01
     17.3442      198.6053  0.0000E+00  0.2970E-01  0.1896E+00  0.4696E+00  0.3556E+00  0.2917E+00  0.1904E+00  0.1272E+00  0.1199E+00  0.1432E+00  0.1654E+00  0.1720E+00  0.1786E+00  0.1849E+00  0.1905E+00  0.1971E+00  0.2069E+00  0.2186E+00  0.2297E+00  0.2398E+00  0.2517E+00  0.2645E+00  0.2589E+00  0.2452E+00  0.1956E+00  0.9873E-01
     17.4797      209.5319  0.0000E+00  0.2968E-01  0.1889E+00  0.4696E+00  0.3557E+00  0.2912E+00  0.1893E+00  0.1262E+00  0.1192E+00  0.1430E+00  0.1656E+00  0.1721E+00  0.1787E+00  0.1850E+00  0.1905E+00  0.1971E+00  0.2069E+00  0.2186E+00  0.2298E+00  0.2398E+00  0.2518E+00  0.2635E+00  0.2580E+00  0.2446E+00  0.1954E+00  0.9855E-01
     17.6152      220.4585  0.0000E+00  0.2970E-01  0.1881E+00  0.4693E+00  0.3555E+00  0.2904E+00  0.1879E+00  0.1250E+00  0.1184E+00  0.1428E+00  0.1658E+00  0.1721E+00  0.1787E+00  0.1850E+00  0.1905E+00  0.1971E+00  0.2069E+00  0.2186E+00  0.2298E+00  0.2398E+00  0.2519E+00  0.2628E+00  0.2574E+00  0.2443E+00  0.1953E+00  0.9841E-01
     17.7507      231.3851  0.0000E+00  0.2975E-01  0.1874E+00  0.4688E+00  0.3550E+00  0.2893E+00  0.1864E+00  0.1237E+00  0.1175E+00  0.1424E+00  0.1658E+00  0.1721E+00  0.1787E+00  0.1850E+00  0.1905E+00  0.1971E+00  0.2069E+00  0.2186E+00  0.2298E+00  0.2398E+00  0.2519E+00  0.2625E+00  0.2571E+00  0.2441E+00  0.1952E+00  0.9832E-01
     17.8862      242.3117  0.0000E+00  0.2982E-01  0.1867E+00  0.4681E+00  0.3544E+00  0.2879E+00  0.1847E+00  0.1224E+00  0.1166E+00  0.1419E+00  0.1657E+00  0.1721E+00  0.1787E+00  0.1850E+00  0.1904E+00  0.1971E+00  0.2069E+00  0.2186E+00  0.2298E+00  0.2398E+00  0.2519E+00  0.2624E+00  0.2570E+00  0.2441E+00  0.1952E+00  0.9828E-01
     18.0217      253.2383  0.0000E+00  0.2991E-01  0.1861E+00  0.4673E+00  0.3536E+00  0.2863E+00  0.1828E+00  0.1211E+00  0.1156E+00  0.1414E+00  0.1655E+00  0.1720E+00  0.1787E+00  0.1849E+00  0.1904E+00  0.1971E+00  0.2069E+00  0.2186E+00  0.2298E+00  0.2398E+00  0.2519E+00  0.2627E+00  0.2573E+00  0.2442E+00  0.1953E+00  0.9830E-01
     18.1572      264.1649  0.0000E+00  0.3002E-01  0.1857E+00  0.4663E+00  0.3526E+00  0.2846E+00  0.1810E+00  0.1199E+00  0.1147E+00  0.1407E+00  0.1652E+00  0.1720E+00  0.1786E+00  0.1849E+00  0.1904E+00  0.1970E+00  0.2069E+00  0.2186E+00  0.2297E+00  0.2397E+00  0.2518E+00  0.2632E+00  0.2577E+00  0.2445E+00  0.1954E+00  0.9836E-01
     18.2927      275.0915  0.0000E+00  0.3013E-01  0.1853E+00  0.4651E+00  0.3514E+00  0.2827E+00  0.1792E+00  0.1187E+00  0.1137E+00  0.1401E+00  0.1648E+00  0.1719E+00  0.1786E+00  0.1848E+00  0.1903E+00  0.1970E+00  0.2069E+00  0.2186E+00  0.2297E+00  0.2397E+00  0.2517E+00  0.2639E+00  0.2584E+00  0.2449E+00  0.1956E+00  0.9844E-01
     18.4282      286.0182  0.0000E+00  0.3025E-01  0.1851E+00  0.4639E+00  0.3501E+00  0.2807E+00  0.1774E+00  0.1177E+00  0.1129E+00  0.1394E+00  0.1643E+00  0.1718E+00  0.1785E+00  0.1848E+00  0.1903E+00  0.1970E+00  0.2069E+00  0.2186E+00  0.2297E+00  0.2396E+00  0.2516E+00  0.2647E+00  0.2591E+00  0.2454E+00  0.1958E+00  0.9853E-01
     18.5637      296.9448  0.0000E+00  0.3037E-01  0.1849E+00  0.4625E+00  0.3487E+00  0.2787E+00  0.1757E+00  0.1168E+00  0.1122E+00  0.1387E+00  0.1638E+00  0.1717E+00  0.1784E+00  0.1847E+00  0.1902E+00  0.1969E+00  0.2068E+00  0.2186E+00  0.2297E+00  0.2396E+00  0.2515E+00  0.2656E+00  0.2598E+00  0.2458E+00  0.1960E+00  0.9862E-01
     18.6992      307.8714  0.0000E+00  0.3050E-01  0.1849E+00  0.4611E+00  0.3473E+00  0.2766E+00  0.1742E+00  0.1161E+00  0.1116E+00  0.1382E+00  0.1633E+00  0.1716E+00  0.1783E+00  0.1846E+00  0.1901E+00  0.1969E+00  0.2068E+00  0.2186E+00  0.2297E+00  0.2395E+00  0.2515E+00  0.2663E+00  0.2604E+00  0.2461E+00  0.1961E+00  0.9869E-01
     18.8347      318.7980  0.0000E+00  0.3062E-01  0.1850E+00  0.4596E+00  0.3457E+00  0.2747E+00  0.1729E+00  0.1156E+00  0.1112E+00  0.1377E+00  0.1628E+00  0.1715E+00  0.1782E+00  0.1845E+00  0.1901E+00  0.1969E+00  0.2068E+00  0.2186E+00  0.2297E+00  0.2395E+00  0.2514E+00  0.2666E+00  0.2608E+00  0.2463E+00  0.1962E+00  0.9873E-01
     18.9702      329.7246  0.0000E+00  0.3074E-01  0.1852E+00  0.4581E+00  0.3442E+00  0.2728E+00  0.1718E+00  0.1153E+00  0.1109E+00  0.1373E+00  0.1623E+00  0.1714E+00  0.1781E+00  0.1844E+00  0.1900E+00  0.1968E+00  0.2068E+00  0.2186E+00  0.2297E+00  0.2396E+00  0.2514E+00  0.2666E+00  0.2611E+00  0.2465E+00  0.1962E+00  0.9874E-01
     19.1057      340.6512  0.0000E+00  0.3085E-01  0.1854E+00  0.4567E+00  0.3427E+00  0.2711E+00  0.1710E+00  0.1153E+00  0.1108E+00  0.1370E+00  0.1620E+00  0.1713E+00  0.1780E+00  0.1843E+00  0.1899E+00  0.1968E+00  0.2068E+00  0.2186E+00  0.2298E+00  0.2396E+00  0.2514E+00  0.2666E+00  0.2612E+00  0.2465E+00  0.1962E+00  0.9871E-01
     19.2412      351.5778  0.0000E+00  0.3096E-01  0.1857E+00  0.4553E+00  0.3413E+00  0.2697E+00  0.1705E+00  0.1154E+00  0.1109E+00  0.1368E+00  0.1616E+00  0.1712E+00  0.1779E+00  0.1842E+00  0.1899E+00  0.1967E+00  0.2068E+00  0.2186E+00  0.2298E+00  0.2396E+00  0.2515E+00  0.2666E+00  0.2611E+00  0.2464E+00  0.1961E+00  0.9866E-01
     19.3767        2.5044  0.0000E+00  0.3105E-01  0.1861E+00  0.4542E+00  0.3400E+00  0.2686E+00  0.1703E+00  0.1158E+00  0.1111E+00  0.1368E+00  0.1614E+00  0.1711E+00  0.1778E+00  0.1842E+00  0.1898E+00  0.1967E+00  0.2068E+00  0.2186E+00  0.2298E+00  0.2397E+00  0.2515E+00  0.2667E+00  0.2610E+00  0.2463E+00  0.1960E+00  0.9861E-01
     19.5122       13.4310  0.0000E+00  0.3114E-01  0.1865E+00  0.4533E+00  0.3391E+00  0.2679E+00  0.1705E+00  0.1164E+00  0.1116E+00  0.1369E+00  0.1612E+00  0.1711E+00  0.1777E+00  0.1841E+00  0.1898E+00  0.1967E+00  0.2067E+00  0.2186E+00  0.2298E+00  0.2397E+00  0.2516E+00  0.2666E+00  0.2608E+00  0.2461E+00  0.1959E+00  0.9855E-01
     19.6477       24.3576  0.0000E+00  0.3121E-01  0.1869E+00  0.4527E+00  0.3384E+00  0.2676E+00  0.1711E+00  0.1172E+00  0.1122E+00  0.1371E+00  0.1611E+00  0.1710E+00  0.1777E+00  0.1841E+00  0.1897E+00  0.1967E+00  0.2067E+00  0.2186E+00  0.2299E+00  0.2398E+00  0.2516E+00  0.2663E+00  0.2607E+00  0.2460E+00  0.1958E+00  0.9852E-01
     19.7832       35.2842  0.0000E+00  0.3126E-01  0.1874E+00  0.4524E+00  0.3381E+00  0.2679E+00  0.1720E+00  0.1182E+00  0.1129E+00  0.1374E+00  0.1611E+00  0.1710E+00  0.1777E+00  0.1840E+00  0.1897E+00  0.1966E+00  0.2067E+00  0.2186E+00  0.2299E+00  0.2398E+00  0.2516E+00  0.2662E+00  0.2606E+00  0.2460E+00  0.1957E+00  0.9853E-01
     19.9187       46.2108  0.0000E+00  0.3129E-01  0.1880E+00  0.4525E+00  0.3381E+00  0.2686E+00  0.1733E+00  0.1194E+00  0.1137E+00  0.1378E+00  0.1611E+00  0.1710E+00  0.1776E+00  0.1840E+00  0.1897E+00  0.1967E+00  0.2067E+00  0.2186E+00  0.2299E+00  0.2398E+00  0.2516E+00  0.2663E+00  0.2607E+00  0.2461E+00  0.1957E+00  0.9857E-01
     20.0542       57.1374  0.0000E+00  0.3129E-01  0.1886E+00  0.4530E+00  0.3386E+00  0.2698E+00  0.1750E+00  0.1207E+00  0.1147E+00  0.1382E+00  0.1611E+00  0.1710E+00  0.1776E+00  0.1840E+00  0.1897E+00  0.1967E+00  0.2067E+00  0.2186E+00  0.2299E+00  0.2398E+00  0.2516E+00  0.2664E+00  0.2610E+00  0.2463E+00  0.1958E+00  0.9866E-01
     20.1897       68.0640  0.0000E+00  0.3126E-01  0.1891E+00  0.4543E+00  0.3396E+00  0.2715E+00  0.1769E+00  0.1220E+00  0.1156E+00  0.1387E+00  0.1612E+00  0.1710E+00  0.1776E+00  0.1840E+00  0.1898E+00  0.1967E+00  0.2068E+00  0.2186E+00  0.2299E+00  0.2398E+00  0.2515E+00  0.2662E+00  0.2615E+00  0.2466E+00  0.1959E+00  0.9879E-01
     20.3252       78.9906  0.0000E+00  0.3119E-01  0.1897E+00  0.4555E+00  0.3408E+00  0.2735E+00  0.1789E+00  0.1234E+00  0.1166E+00  0.1392E+00  0.1614E+00  0.1711E+00  0.1777E+00  0.1841E+00  0.1898E+00  0.1967E+00  0.2068E+00  0.2186E+00  0.2298E+00  0.2398E+00  0.2514E+00  0.2661E+00  0.2620E+00  0.2470E+00  0.1961E+00  0.9895E-01
     20.4607       89.9172  0.0000E+00  0.3109E-01  0.1903E+00  0.4571E+00  0.3423E+00  0.2758E+00  0.1811E+00  0.1247E+00  0.1176E+00  0.1397E+00  0.1616E+00  0.1711E+00  0.1777E+00  0.1841E+00  0.1899E+00  0.1968E+00  0.2068E+00  0.2186E+00  0.2298E+00  0.2397E+00  0.2513E+00  0.2659E+00  0.2626E+00  0.2474E+00  0.1962E+00  0.9912E-01
     20.5962      100.8438  0.0000E+00  0.3097E-01  0.1908E+00  0.4588E+00  0.3440E+00  0.2783E+00  0.1833E+00  0.1260E+00  0.1185E+00  0.1403E+00  0.1618E+00  0.1712E+00  0.1778E+00  0.1842E+00  0.1899E+00  0.1968E+00  0.2068E+00  0.2186E+00  0.2298E+00  0.2397E+00  0.2512E+00  0.2657E+00  0.2632E+00  0.2477E+00  0.1964E+00  0.9929E-01
     20.7317      111.7704  0.0000E+00  0.3081E-01  0.1912E+00  0.4606E+00  0.3459E+00  0.2809E+00  0.1854E+00  0.1271E+00  0.1193E+00  0.1408E+00  0.1621E+00  0.1712E+00  0.1779E+00  0.1843E+00  0.1900E+00  0.1969E+00  0.2069E+00  0.2186E+00  0.2298E+00  0.2396E+00  0.2512E+00  0.2656E+00  0.2636E+00  0.2480E+00  0.1966E+00  0.9942E-01
     20.8672      122.6970  0.0000E+00  0.3064E-01  0.1915E+00  0.4625E+00  0.3477E+00  0.2834E+00  0.1873E+00  0.1280E+00  0.1199E+00  0.1413E+00  0.1625E+00  0.1713E+00  0.1779E+00  0.1844E+00  0.1901E+00  0.1970E+00  0.2069E+00  0.2186E+00  0.2297E+00  0.2396E+00  0.2511E+00  0.2656E+00  0.2638E+00  0.2482E+00  0.1967E+00  0.9951E-01
     21.0027      133.6236  0.0000E+00  0.3046E-01  0.1917E+00  0.4642E+00  0.3495E+00  0.2857E+00  0.1889E+00  0.1287E+00  0.1205E+00  0.1418E+00  0.1628E+00  0.1714E+00  0.1780E+00  0.1844E+00  0.1902E+00  0.1970E+00  0.2069E+00  0.2186E+00  0.2297E+00  0.2396E+00  0.2511E+00  0.2656E+00  0.2637E+00  0.2481E+00  0.1967E+00  0.9955E-01
     21.1382      144.5502  0.0000E+00  0.3028E-01  0.1917E+00  0.4658E+00  0.3512E+00  0.2877E+00  0.1901E+00  0.1292E+00  0.1208E+00  0.1422E+00  0.1633E+00  0.1715E+00  0.1781E+00  0.1845E+00  0.1902E+00  0.1971E+00  0.2069E+00  0.2186E+00  0.2297E+00  0.2396E+00  0.2512E+00  0.2657E+00  0.2634E+00  0.2479E+00  0.1966E+00  0.9952E-01
     21.2737      155.4768  0.0000E+00  0.3011E-01  0.1916E+00  0.4669E+00  0.3525E+00  0.2893E+00  0.1910E+00  0.1293E+00  0.1210E+00  0.1426E+00  0.1637E+00  0.1716E+00  0.1782E+00  0.1846E+00  0.1903E+00  0.1971E+00  0.2069E+00  0.2186E+00  0.2297E+00  0.2396E+00  0.2512E+00  0.2658E+00  0.2627E+00  0.2475E+00  0.1965E+00  0.9943E-01
     21.4092      166.4034  0.0000E+00  0.2996E-01  0.1913E+00  0.4680E+00  0.3537E+00  0.2906E+00  0.1914E+00  0.1291E+00  0.1210E+00  0.1429E+00  0.1642E+00  0.1717E+00  0.1783E+00  0.1847E+00  0.1903E+00  0.1971E+00  0.2069E+00  0.2186E+00  0.2297E+00  0.2396E+00  0.2513E+00  0.2660E+00  0.2619E+00  0.2470E+00  0.1963E+00  0.9929E-01
     21.5447      177.3300  0.0000E+00  0.2984E-01  0.1908E+00  0.4689E+00  0.3547E+00  0.2914E+00  0.1915E+00  0.1287E+00  0.1208E+00  0.1431E+00  0.1646E+00  0.1718E+00  0.1784E+00  0.1848E+00  0.1904E+00  0.1971E+00  0.2069E+00  0.2186E+00  0.2297E+00  0.2397E+00  0.2515E+00  0.2662E+00  0.2609E+00  0.2464E+00  0.1961E+00  0.9911E-01
     21.6802      188.2567  0.0000E+00  0.2975E-01  0.1902E+00  0.4694E+00  0.3553E+00  0.2917E+00  0.1911E+00  0.1280E+00  0.1204E+00  0.1432E+00  0.1651E+00  0.1719E+00  0.1785E+00  0.1849E+00  0.1904E+00  0.1971E+00  0.2069E+00  0.2186E+00  0.2297E+00  0.2397E+00  0.2516E+00  0.2655E+00  0.2598E+00  0.2457E+00  0.1958E+00  0.9891E-01
     21.8157      199.1833  0.0000E+00  0.2970E-01  0.1896E+00  0.4696E+00  0.3556E+00  0.2916E+00  0.1903E+00  0.1272E+00  0.1199E+00  0.1432E+00  0.1654E+00  0.1720E+00  0.1786E+00  0.1849E+00  0.1905E+00  0.1971E+00  0.2069E+00  0.2186E+00  0.2297E+00  0.2398E+00  0.2517E+00  0.2644E+00  0.2588E+00  0.2451E+00  0.1956E+00  0.9872E-01
     21.9512      210.1099  0.0000E+00  0.2968E-01  0.1888E+00  0.4696E+00  0.3556E+00  0.2911E+00  0.1892E+00  0.1261E+00  0.1192E+00  0.1430E+00  0.1656E+00  0.1721E+00  0.1787E+00  0.1850E+00  0.1905E+00  0.1971E+00  0.2069E+00  0.2186E+00  0.2298E+00  0.2398E+00  0.2518E+00  0.2635E+00  0.2580E+00  0.2446E+00  0.1954E+00  0.9854E-01
     22.0867      221.0365  0.0000E+00  0.2970E-01  0.1881E+00  0.4693E+00  0.3554E+00  0.2903E+00  0.1878E+00  0.1249E+00  0.1184E+00  0.1428E+00  0.1658E+00  0.1721E+00  0.1787E+00  0.1850E+00  0.1905E+00  0.1971E+00  0.2069E+00  0.2186E+00  0.2298E+00  0.2398E+00  0.2519E+00  0.2628E+00  0.2574E+00  0.2443E+00  0.1953E+00  0.9840E-01
     22.2222      231.9631  0.0000E+00  0.2975E-01  0.1874E+00  0.4688E+00  0.3550E+00  0.2892E+00  0.1862E+00  0.1236E+00  0.1175E+00  0.1424E+00  0.1658E+00  0.1721E+00  0.1787E+00  0.1850E+00  0.1905E+00  0.1971E+00  0.2069E+00  0.2186E+00  0.2298E+00  0.2398E+00  0.2519E+00  0.2624E+00  0.2571E+00  0.2441E+00  0.1952E+00  0.9832E-01
     22.3577      242.8897  0.0000E+00  0.2982E-01  0.1867E+00  0.4681E+00  0.3543E+00  0.2878E+00  0.1845E+00  0.1223E+00  0.1165E+00  0.1419E+00  0.1657E+00  0.1721E+00  0.1787E+00  0.1850E+00  0.1904E+00  0.1971E+00  0.2069E+00  0.2186E+00  0.2298E+00  0.2398E+00  0.2519E+00  0.2624E+00  0.2570E+00  0.2441E+00  0.1952E+00  0.9828E-01
     22.4932      253.8163  0.0000E+00  0.2992E-01  0.1861E+00  0.4672E+00  0.3535E+00  0.2862E+00  0.1827E+00  0.1210E+00  0.1155E+00  0.1413E+00  0.1655E+00  0.1720E+00  0.1787E+00  0.1849E+00  0.1904E+00  0.1971E+00  0.2069E+00  0.2186E+00  0.2298E+00  0.2398E+00  0.2519E+00  0.2627E+00  0.2573E+00  0.2443E+00  0.1953E+00  0.9830E-01
     22.6287      264.7429  0.0000E+00  0.3002E-01  0.1856E+00  0.4662E+00  0.3525E+00  0.2844E+00  0.1808E+00  0.1198E+00  0.1146E+00  0.1407E+00  0.1652E+00  0.1720E+00  0.1786E+00  0.1849E+00  0.1904E+00  0.1970E+00  0.2069E+00  0.2186E+00  0.2297E+00  0.2397E+00  0.2518E+00  0.2632E+00  0.2578E+00  0.2446E+00  0.1954E+00  0.9836E-01
     22.7642      275.6695  0.0000E+00  0.3014E-01  0.1853E+00  0.4651E+00  0.3513E+00  0.2825E+00  0.1790E+00  0.1186E+00  0.1137E+00  0.1400E+00  0.1647E+00  0.1719E+00  0.1786E+00  0.1848E+00  0.1903E+00  0.1970E+00  0.2069E+00  0.2186E+00  0.2297E+00  0.2397E+00  0.2517E+00  0.2640E+00  0.2584E+00  0.2450E+00  0.1956E+00  0.9844E-01
     22.8997      286.5961  0.0000E+00  0.3026E-01  0.1850E+00  0.4638E+00  0.3500E+00  0.2805E+00  0.1772E+00  0.1176E+00  0.1128E+00  0.1393E+00  0.1643E+00  0.1718E+00  0.1785E+00  0.1848E+00  0.1903E+00  0.1970E+00  0.2069E+00  0.2186E+00  0.2297E+00  0.2396E+00  0.2516E+00  0.2648E+00  0.2591E+00  0.2454E+00  0.1958E+00  0.9854E-01
     23.0352      297.5227  0.0000E+00  0.3038E-01  0.1849E+00  0.4624E+00  0.3486E+00  0.2785E+00  0.1756E+00  0.1168E+00  0.1121E+00  0.1387E+00  0.1638E+00  0.1717E+00  0.1784E+00  0.1847E+00  0.1902E+00  0.1969E+00  0.2068E+00  0.2186E+00  0.2297E+00  0.2396E+00  0.2515E+00  0.2656E+00  0.2598E+00  0.2458E+00  0.1960E+00  0.9863E-01
     23.1707      308.4493  0.0000E+00  0.3050E-01  0.1849E+00  0.4610E+00  0.3472E+00  0.2765E+00  0.1741E+00  0.1161E+00  0.1115E+00  0.1381E+00  0.1632E+00  0.1716E+00  0.1783E+00  0.1846E+00  0.1901E+00  0.1969E+00  0.2068E+00  0.2186E+00  0.2297E+00  0.2395E+00  0.2515E+00  0.2663E+00  0.2604E+00  0.2461E+00  0.1961E+00  0.9870E-01
     23.3062      319.3759  0.0000E+00  0.3062E-01  0.1850E+00  0.4595E+00  0.3456E+00  0.2745E+00  0.1728E+00  0.1156E+00  0.1111E+00  0.1376E+00  0.1628E+00  0.1715E+00  0.1782E+00  0.1845E+00  0.1901E+00  0.1969E+00  0.2068E+00  0.2186E+00  0.2297E+00  0.2395E+00  0.2514E+00  0.2666E+00  0.2609E+00  0.2464E+00  0.1962E+00  0.9873E-01
     23.4417      330.3025  0.0000E+00  0.3074E-01  0.1852E+00  0.4580E+00  0.3441E+00  0.2727E+00  0.1717E+00  0.1153E+00  0.1108E+00  0.1372E+00  0.1623E+00  0.1714E+00  0.1781E+00  0.1844E+00  0.1900E+00  0.1968E+00  0.2068E+00  0.2186E+00  0.2297E+00  0.2396E+00  0.2514E+00  0.2666E+00  0.2611E+00  0.2465E+00  0.1962E+00  0.9874E-01
     23.5772      341.2291  0.0000E+00  0.3086E-01  0.1854E+00  0.4566E+00  0.3426E+00  0.2710E+00  0.1709E+00  0.1152E+00  0.1108E+00  0.1370E+00  0.1619E+00  0.1713E+00  0.1780E+00  0.1843E+00  0.1899E+00  0.1968E+00  0.2068E+00  0.2186E+00  0.2298E+00  0.2396E+00  0.2514E+00  0.2666E+00  0.2612E+00  0.2465E+00  0.1962E+00  0.9871E-01
     23.7127      352.1557  0.0000E+00  0.3096E-01  0.1857E+00  0.4553E+00  0.3412E+00  0.2696E+00  0.1704E+00  0.1154E+00  0.1109E+00  0.1368E+00  0.1616E+00  0.1712E+00  0.1779E+00  0.1842E+00  0.1899E+00  0.1967E+00  0.2068E+00  0.2186E+00  0.2298E+00  0.2396E+00  0.2515E+00  0.2666E+00  0.2611E+00  0.2464E+00  0.1961E+00  0.9866E-01
     23.8482        3.0823  0.0000E+00  0.3106E-01  0.1861E+00  0.4541E+00  0.3400E+00  0.2685E+00  0.1703E+00  0.1158E+00  0.1111E+00  0.1368E+00  0.1614E+00  0.1711E+00  0.1778E+00  0.1842E+00  0.1898E+00  0.1967E+00  0.2068E+00  0.2186E+00  0.2298E+00  0.2397E+00  0.2515E+00  0.2667E+00  0.2610E+00  0.2462E+00  0.1960E+00  0.9860E-01
     23.9837       14.0089  0.0000E+00  0.3114E-01  0.1865E+00  0.4532E+00  0.3390E+00  0.2678E+00  0.1705E+00  0.1164E+00  0.1116E+00  0.1369E+00  0.1612E+00  0.1711E+00  0.1777E+00  0.1841E+00  0.1898E+00  0.1967E+00  0.2067E+00  0.2186E+00  0.2298E+00  0.2397E+00  0.2516E+00  0.2666E+00  0.2608E+00  0.2461E+00  0.1959E+00  0.9855E-01
     24.1192       24.9355  0.0000E+00  0.3121E-01  0.1869E+00  0.4526E+00  0.3383E+00  0.2676E+00  0.1711E+00  0.1172E+00  0.1122E+00  0.1371E+00  0.1611E+00  0.1710E+00  0.1777E+00  0.1840E+00  0.1897E+00  0.1966E+00  0.2067E+00  0.2186E+00  0.2299E+00  0.2398E+00  0.2516E+00  0.2663E+00  0.2606E+00  0.2460E+00  0.1958E+00  0.9852E-01
     24.2547       35.8621  0.0000E+00  0.3126E-01  0.1875E+00  0.4524E+00  0.3380E+00  0.2679E+00  0.1720E+00  0.1182E+00  0.1129E+00  0.1374E+00  0.1611E+00  0.1710E+00  0.1777E+00  0.1840E+00  0.1897E+00  0.1966E+00  0.2067E+00  0.2186E+00  0.2299E+00  0.2398E+00  0.2516E+00  0.2662E+00  0.2606E+00  0.2460E+00  0.1957E+00  0.9853E-01
     24.3902       46.7887  0.0000E+00  0.3129E-01  0.1880E+00  0.4525E+00  0.3381E+00  0.2686E+00  0.1734E+00  0.1194E+00  0.1138E+00  0.1378E+00  0.1611E+00  0.1710E+00  0.1776E+00  0.1840E+00  0.1897E+00  0.1967E+00  0.2067E+00  0.2186E+00  0.2299E+00  0.2398E+00  0.2516E+00  0.2663E+00  0.2608E+00  0.2461E+00  0.1957E+00  0.9858E-01
     24.5257       57.7153  0.0000E+00  0.3129E-01  0.1886E+00  0.4531E+00  0.3386E+00  0.2699E+00  0.1750E+00  0.1207E+00  0.1147E+00  0.1382E+00  0.1611E+00  0.1710E+00  0.1776E+00  0.1840E+00  0.1897E+00  0.1967E+00  0.2067E+00  0.2186E+00  0.2299E+00  0.2398E+00  0.2515E+00  0.2664E+00  0.2611E+00  0.2463E+00  0.1958E+00  0.9867E-01
     24.6612       68.6419  0.0000E+00  0.3125E-01  0.1892E+00  0.4544E+00  0.3396E+00  0.2715E+00  0.1769E+00  0.1221E+00  0.1157E+00  0.1387E+00  0.1612E+00  0.1710E+00  0.1776E+00  0.1840E+00  0.1898E+00  0.1967E+00  0.2068E+00  0.2186E+00  0.2299E+00  0.2398E+00  0.2515E+00  0.2662E+00  0.2615E+00  0.2466E+00  0.1959E+00  0.9880E-01
     24.7967       79.5685  0.0000E+00  0.3119E-01  0.1898E+00  0.4556E+00  0.3409E+00  0.2736E+00  0.1790E+00  0.1234E+00  0.1166E+00  0.1392E+00  0.1614E+00  0.1711E+00  0.1777E+00  0.1841E+00  0.1898E+00  0.1967E+00  0.2068E+00  0.2186E+00  0.2298E+00  0.2398E+00  0.2514E+00  0.2661E+00  0.2621E+00  0.2470E+00  0.1961E+00  0.9896E-01
     24.9322       90.4951  0.0000E+00  0.3109E-01  0.1903E+00  0.4571E+00  0.3424E+00  0.2759E+00  0.1812E+00  0.1248E+00  0.1176E+00  0.1398E+00  0.1616E+00  0.1711E+00  0.1777E+00  0.1841E+00  0.1899E+00  0.1968E+00  0.2068E+00  0.2186E+00  0.2298E+00  0.2397E+00  0.2513E+00  0.2659E+00  0.2627E+00  0.2474E+00  0.1962E+00  0.9913E-01
     25.0678      101.4218  0.0000E+00  0.3096E-01  0.1908E+00  0.4589E+00  0.3441E+00  0.2784E+00  0.1834E+00  0.1260E+00  0.1185E+00  0.1403E+00  0.1618E+00  0.1712E+00  0.1778E+00  0.1842E+00  0.1899E+00  0.1969E+00  0.2068E+00  0.2186E+00  0.2298E+00  0.2397E+00  0.2512E+00  0.2657E+00  0.2632E+00  0.2478E+00  0.1964E+00  0.9929E-01
     25.2033      112.3484  0.0000E+00  0.3081E-01  0.1912E+00  0.4607E+00  0.3459E+00  0.2810E+00  0.1854E+00  0.1272E+00  0.1193E+00  0.1408E+00  0.1621E+00  0.1712E+00  0.1779E+00  0.1843E+00  0.1900E+00  0.1969E+00  0.2069E+00  0.2186E+00  0.2298E+00  0.2396E+00  0.2511E+00  0.2656E+00  0.2636E+00  0.2480E+00  0.1966E+00  0.9943E-01
     25.3388      123.2750  0.0000E+00  0.3063E-01  0.1915E+00  0.4626E+00  0.3478E+00  0.2835E+00  0.1873E+00  0.1281E+00  0.1200E+00  0.1413E+00  0.1625E+00  0.1713E+00  0.1779E+00  0.1844E+00  0.1901E+00  0.1970E+00  0.2069E+00  0.2186E+00  0.2297E+00  0.2396E+00  0.2511E+00  0.2656E+00  0.2638E+00  0.2482E+00  0.1967E+00  0.9952E-01
     25.4743      134.2016  0.0000E+00  0.3045E-01  0.1917E+00  0.4643E+00  0.3496E+00  0.2858E+00  0.1889E+00  0.1287E+00  0.1205E+00  0.1418E+00  0.1629E+00  0.1714E+00  0.1780E+00  0.1845E+00  0.1902E+00  0.1970E+00  0.2069E+00  0.2186E+00  0.2297E+00  0.2396E+00  0.2511E+00  0.2656E+00  0.2637E+00  0.2481E+00  0.1967E+00  0.9955E-01
     25.6098      145.1282  0.0000E+00  0.3027E-01  0.1917E+00  0.4659E+00  0.3513E+00  0.2878E+00  0.1902E+00  0.1291E+00  0.1208E+00  0.1423E+00  0.1633E+00  0.1715E+00  0.1781E+00  0.1845E+00  0.1902E+00  0.1971E+00  0.2069E+00  0.2186E+00  0.2297E+00  0.2396E+00  0.2512E+00  0.2657E+00  0.2633E+00  0.2479E+00  0.1966E+00  0.9952E-01
     25.7453      156.0548  0.0000E+00  0.3010E-01  0.1916E+00  0.4669E+00  0.3526E+00  0.2894E+00  0.1910E+00  0.1293E+00  0.1210E+00  0.1426E+00  0.1638E+00  0.1716E+00  0.1782E+00  0.1846E+00  0.1903E+00  0.1971E+00  0.2069E+00  0.2186E+00  0.2297E+00  0.2396E+00  0.2512E+00  0.2658E+00  0.2627E+00  0.2475E+00  0.1965E+00  0.9943E-01
     25.8808      166.9814  0.0000E+00  0.2995E-01  0.1913E+00  0.4681E+00  0.3538E+00  0.2906E+00  0.1914E+00  0.1291E+00  0.1210E+00  0.1429E+00  0.1642E+00  0.1717E+00  0.1784E+00  0.1847E+00  0.1904E+00  0.1971E+00  0.2069E+00  0.2186E+00  0.2297E+00  0.2396E+00  0.2514E+00  0.2660E+00  0.2618E+00  0.2470E+00  0.1963E+00  0.9928E-01
     26.0163      177.9080  0.0000E+00  0.2983E-01  0.1908E+00  0.4689E+00  0.3547E+00  0.2914E+00  0.1914E+00  0.1287E+00  0.1208E+00  0.1431E+00  0.1647E+00  0.1718E+00  0.1785E+00  0.1848E+00  0.1904E+00  0.1971E+00  0.2069E+00  0.2186E+00  0.2297E+00  0.2397E+00  0.2515E+00  0.2663E+00  0.2608E+00  0.2463E+00  0.1961E+00  0.9910E-01
     26.1518      188.8346  0.0000E+00  0.2974E-01  0.1902E+00  0.4694E+00  0.3553E+00  0.2917E+00  0.1910E+00  0.1280E+00  0.1204E+00  0.1432E+00  0.1651E+00  0.1719E+00  0.1785E+00  0.1849E+00  0.1904E+00  0.1971E+00  0.2069E+00  0.2186E+00  0.2297E+00  0.2397E+00  0.2516E+00  0.2654E+00  0.2598E+00  0.2457E+00  0.1958E+00  0.9890E-01
     26.2873      199.7612  0.0000E+00  0.2969E-01  0.1895E+00  0.4696E+00  0.3556E+00  0.2916E+00  0.1902E+00  0.1271E+00  0.1198E+00  0.1432E+00  0.1654E+00  0.1720E+00  0.1786E+00  0.1849E+00  0.1905E+00  0.1971E+00  0.2069E+00  0.2186E+00  0.2297E+00  0.2398E+00  0.2517E+00  0.2644E+00  0.2588E+00  0.2451E+00  0.1956E+00  0.9871E-01
     26.4228      210.6878  0.0000E+00  0.2968E-01  0.1888E+00  0.4696E+00  0.3556E+00  0.2911E+00  0.1891E+00  0.1260E+00  0.1191E+00  0.1430E+00  0.1657E+00  0.1721E+00  0.1787E+00  0.1850E+00  0.1905E+00  0.1971E+00  0.2069E+00  0.2186E+00  0.2298E+00  0.2398E+00  0.2518E+00  0.2634E+00  0.2580E+00  0.2446E+00  0.1954E+00  0.9853E-01
     26.5583      221.6144  0.0000E+00  0.2970E-01  0.1880E+00  0.4693E+00  0.3554E+00  0.2902E+00  0.1877E+00  0.1248E+00  0.1183E+00  0.1427E+00  0.1658E+00  0.1721E+00  0.1787E+00  0.1850E+00  0.1905E+00  0.1971E+00  0.2069E+00  0.2186E+00  0.2298E+00  0.2398E+00  0.2519E+00  0.2628E+00  0.2574E+00  0.2443E+00  0.1953E+00  0.9840E-01
     26.6938      232.5410  0.0000E+00  0.2975E-01  0.1873E+00  0.4688E+00  0.3549E+00  0.2891E+00  0.1861E+00  0.1235E+00  0.1174E+00  0.1423E+00  0.1658E+00  0.1721E+00  0.1787E+00  0.1850E+00  0.1905E+00  0.1971E+00  0.2069E+00  0.2186E+00  0.2298E+00  0.2398E+00  0.2519E+00  0.2624E+00  0.2571E+00  0.2441E+00  0.1952E+00  0.9831E-01
     26.8293      243.4676  0.0000E+00  0.2983E-01  0.1867E+00  0.4681E+00  0.3543E+00  0.2877E+00  0.1844E+00  0.1222E+00  0.1165E+00  0.1418E+00  0.1657E+00  0.1721E+00  0.1787E+00  0.1850E+00  0.1904E+00  0.1971E+00  0.2069E+00  0.2186E+00  0.2298E+00  0.2398E+00  0.2519E+00  0.2624E+00  0.2571E+00  0.2441E+00  0.1952E+00  0.9828E-01
     26.9648      254.3942  0.0000E+00  0.2992E-01  0.1861E+00  0.4672E+00  0.3534E+00  0.2861E+00  0.1826E+00  0.1209E+00  0.1155E+00  0.1413E+00  0.1655E+00  0.1720E+00  0.1787E+00  0.1849E+00  0.1904E+00  0.1971E+00  0.2069E+00  0.2186E+00  0.2298E+00  0.2398E+00  0.2519E+00  0.2627E+00  0.2573E+00  0.2443E+00  0.1953E+00  0.9830E-01
     27.1003      265.3208  0.0000E+00  0.3003E-01  0.1856E+00  0.4662E+00  0.3524E+00  0.2843E+00  0.1807E+00  0.1197E+00  0.1145E+00  0.1406E+00  0.1651E+00  0.1720E+00  0.1786E+00  0.1849E+00  0.1904E+00  0.1970E+00  0.2069E+00  0.2186E+00  0.2297E+00  0.2397E+00  0.2518E+00  0.2633E+00  0.2578E+00  0.2446E+00  0.1955E+00  0.9836E-01
     27.2358      276.2474  0.0000E+00  0.3014E-01  0.1853E+00  0.4650E+00  0.3513E+00  0.2824E+00  0.1789E+00  0.1186E+00  0.1136E+00  0.1400E+00  0.1647E+00  0.1719E+00  0.1786E+00  0.1848E+00  0.1903E+00  0.1970E+00  0.2069E+00  0.2186E+00  0.2297E+00  0.2397E+00  0.2517E+00  0.2640E+00  0.2584E+00  0.2450E+00  0.1956E+00  0.9845E-01
     27.3713      287.1740  0.0000E+00  0.3026E-01  0.1850E+00  0.4637E+00  0.3500E+00  0.2804E+00  0.1771E+00  0.1175E+00  0.1128E+00  0.1393E+00  0.1642E+00  0.1718E+00  0.1785E+00  0.1848E+00  0.1903E+00  0.1970E+00  0.2069E+00  0.2186E+00  0.2297E+00  0.2396E+00  0.2516E+00  0.2648E+00  0.2592E+00  0.2454E+00  0.1958E+00  0.9854E-01
     27.5068      298.1006  0.0000E+00  0.3039E-01  0.1849E+00  0.4623E+00  0.3486E+00  0.2784E+00  0.1755E+00  0.1167E+00  0.1121E+00  0.1387E+00  0.1637E+00  0.1717E+00  0.1784E+00  0.1847E+00  0.1902E+00  0.1969E+00  0.2068E+00  0.2186E+00  0.2297E+00  0.2396E+00  0.2515E+00  0.2656E+00  0.2598E+00  0.2458E+00  0.1960E+00  0.9863E-01
     27.6423      309.0272  0.0000E+00  0.3051E-01  0.1849E+00  0.4609E+00  0.3471E+00  0.2764E+00  0.1740E+00  0.1160E+00  0.1115E+00  0.1381E+00  0.1632E+00  0.1716E+00  0.1783E+00  0.1846E+00  0.1901E+00  0.1969E+00  0.2068E+00  0.2186E+00  0.2297E+00  0.2395E+00  0.2515E+00  0.2663E+00  0.2604E+00  0.2461E+00  0.1961E+00  0.9870E-01
     27.7778      319.9538  0.0000E+00  0.3063E-01  0.1850E+00  0.4594E+00  0.3455E+00  0.2744E+00  0.1727E+00  0.1155E+00  0.1111E+00  0.1376E+00  0.1627E+00  0.1715E+00  0.1782E+00  0.1845E+00  0.1901E+00  0.1969E+00  0.2068E+00  0.2186E+00  0.2297E+00  0.2395E+00  0.2514E+00  0.2666E+00  0.2609E+00  0.2464E+00  0.1962E+00  0.9873E-01
     27.9133      330.8804  0.0000E+00  0.3075E-01  0.1852E+00  0.4579E+00  0.3440E+00  0.2725E+00  0.1716E+00  0.1153E+00  0.1108E+00  0.1372E+00  0.1623E+00  0.1714E+00  0.1781E+00  0.1844E+00  0.1900E+00  0.1968E+00  0.2068E+00  0.2186E+00  0.2297E+00  0.2396E+00  0.2514E+00  0.2666E+00  0.2611E+00  0.2465E+00  0.1962E+00  0.9874E-01
     28.0488      341.8070  0.0000E+00  0.3086E-01  0.1854E+00  0.4565E+00  0.3425E+00  0.2709E+00  0.1708E+00  0.1152E+00  0.1108E+00  0.1369E+00  0.1619E+00  0.1713E+00  0.1780E+00  0.1843E+00  0.1899E+00  0.1968E+00  0.2068E+00  0.2186E+00  0.2298E+00  0.2396E+00  0.2514E+00  0.2666E+00  0.2612E+00  0.2465E+00  0.1962E+00  0.9871E-01
     28.1843      352.7336  0.0000E+00  0.3097E-01  0.1857E+00  0.4552E+00  0.3411E+00  0.2695E+00  0.1704E+00  0.1154E+00  0.1109E+00  0.1368E+00  0.1616E+00  0.1712E+00  0.1779E+00  0.1842E+00  0.1899E+00  0.1967E+00  0.2068E+00  0.2186E+00  0.2298E+00  0.2396E+00  0.2515E+00  0.2666E+00  0.2611E+00  0.2464E+00  0.1961E+00  0.9866E-01
     28.3198        3.6602  0.0000E+00  0.3106E-01  0.1861E+00  0.4541E+00  0.3399E+00  0.2684E+00  0.1702E+00  0.1158E+00  0.1111E+00  0.1368E+00  0.1614E+00  0.1711E+00  0.1778E+00  0.1842E+00  0.1898E+00  0.1967E+00  0.2068E+00  0.2186E+00  0.2298E+00  0.2397E+00  0.2515E+00  0.2667E+00  0.2610E+00  0.2462E+00  0.1960E+00  0.9860E-01
     28.4553       14.5869  0.0000E+00  0.3115E-01  0.1865E+00  0.4532E+00  0.3389E+00  0.2678E+00  0.1705E+00  0.1164E+00  0.1116E+00  0.1369E+00  0.1612E+00  0.1711E+00  0.1777E+00  0.1841E+00  0.1898E+00  0.1967E+00  0.2067E+00  0.2186E+00  0.2298E+00  0.2397E+00  0.2516E+00  0.2665E+00  0.2608E+00  0.2461E+00  0.1959E+00  0.9855E-01
     28.5908       25.5135  0.0000E+00  0.3121E-01  0.1870E+00  0.4526E+00  0.3383E+00  0.2676E+00  0.1711E+00  0.1173E+00  0.1122E+00  0.1371E+00  0.1611E+00  0.1710E+00  0.1777E+00  0.1840E+00  0.1897E+00  0.1966E+00  0.2067E+00  0.2186E+00  0.2299E+00  0.2398E+00  0.2516E+00  0.2663E+00  0.2606E+00  0.2460E+00  0.1958E+00  0.9852E-01
     28.7263       36.4401  0.0000E+00  0.3126E-01  0.1875E+00  0.4524E+00  0.3380E+00  0.2679E+00  0.1721E+00  0.1183E+00  0.1130E+00  0.1374E+00  0.1611E+00  0.1710E+00  0.1777E+00  0.1840E+00  0.1897E+00  0.1966E+00  0.2067E+00  0.2186E+00  0.2299E+00  0.2398E+00  0.2516E+00  0.2662E+00  0.2606E+00  0.2460E+00  0.1957E+00  0.9853E-01
     28.8618       47.3667  0.0000E+00  0.3129E-01  0.1880E+00  0.4525E+00  0.3381E+00  0.2686E+00  0.1734E+00  0.1195E+00  0.1138E+00  0.1378E+00  0.1611E+00  0.1710E+00  0.1776E+00  0.1840E+00  0.1897E+00  0.1967E+00  0.2067E+00  0.2186E+00  0.2299E+00  0.2398E+00  0.2516E+00  0.2663E+00  0.2608E+00  0.2461E+00  0.1957E+00  0.9858E-01
     28.9973       58.2933  0.0000E+00  0.3129E-01  0.1886E+00  0.4531E+00  0.3386E+00  0.2699E+00  0.1751E+00  0.1207E+00  0.1147E+00  0.1382E+00  0.1611E+00  0.1710E+00  0.1776E+00  0.1840E+00  0.1897E+00  0.1967E+00  0.2067E+00  0.2186E+00  0.2299E+00  0.2398E+00  0.2515E+00  0.2664E+00  0.2611E+00  0.2463E+00  0.1958E+00  0.9868E-01
     29.1328       69.2199  0.0000E+00  0.3125E-01  0.1892E+00  0.4544E+00  0.3397E+00  0.2716E+00  0.1770E+00  0.1221E+00  0.1157E+00  0.1387E+00  0.1612E+00  0.1710E+00  0.1776E+00  0.1840E+00  0.1898E+00  0.1967E+00  0.2068E+00  0.2186E+00  0.2299E+00  0.2398E+00  0.2515E+00  0.2662E+00  0.2615E+00  0.2466E+00  0.1959E+00  0.9881E-01
     29.2683       80.1465  0.0000E+00  0.3118E-01  0.1898E+00  0.4557E+00  0.3409E+00  0.2737E+00  0.1791E+00  0.1235E+00  0.1167E+00  0.1392E+00  0.1614E+00  0.1711E+00  0.1777E+00  0.1841E+00  0.1898E+00  0.1967E+00  0.2068E+00  0.2186E+00  0.2298E+00  0.2398E+00  0.2514E+00  0.2660E+00  0.2621E+00  0.2470E+00  0.1961E+00  0.9897E-01
     29.4038       91.0731  0.0000E+00  0.3108E-01  0.1904E+00  0.4572E+00  0.3424E+00  0.2760E+00  0.1813E+00  0.1248E+00  0.1176E+00  0.1398E+00  0.1616E+00  0.1711E+00  0.1777E+00  0.1841E+00  0.1899E+00  0.1968E+00  0.2068E+00  0.2186E+00  0.2298E+00  0.2397E+00  0.2513E+00  0.2659E+00  0.2627E+00  0.2474E+00  0.1963E+00  0.9914E-01
     29.5393      101.9997  0.0000E+00  0.3095E-01  0.1908E+00  0.4590E+00  0.3442E+00  0.2785E+00  0.1835E+00  0.1261E+00  0.1185E+00  0.1403E+00  0.1618E+00  0.1712E+00  0.1778E+00  0.1842E+00  0.1899E+00  0.1969E+00  0.2068E+00  0.2186E+00  0.2298E+00  0.2397E+00  0.2512E+00  0.2657E+00  0.2632E+00  0.2478E+00  0.1964E+00  0.9930E-01
     29.6748      112.9263  0.0000E+00  0.3080E-01  0.1913E+00  0.4608E+00  0.3460E+00  0.2811E+00  0.1855E+00  0.1272E+00  0.1193E+00  0.1409E+00  0.1621E+00  0.1712E+00  0.1779E+00  0.1843E+00  0.1900E+00  0.1969E+00  0.2069E+00  0.2186E+00  0.2298E+00  0.2396E+00  0.2511E+00  0.2656E+00  0.2636E+00  0.2480E+00  0.1966E+00  0.9943E-01
     29.8103      123.8529  0.0000E+00  0.3062E-01  0.1916E+00  0.4626E+00  0.3479E+00  0.2836E+00  0.1874E+00  0.1281E+00  0.1200E+00  0.1414E+00  0.1625E+00  0.1713E+00  0.1779E+00  0.1844E+00  0.1901E+00  0.1970E+00  0.2069E+00  0.2186E+00  0.2297E+00  0.2396E+00  0.2511E+00  0.2656E+00  0.2638E+00  0.2482E+00  0.1967E+00  0.9952E-01
     29.9458      134.7795  0.0000E+00  0.3044E-01  0.1917E+00  0.4644E+00  0.3497E+00  0.2858E+00  0.1890E+00  0.1288E+00  0.1205E+00  0.1418E+00  0.1629E+00  0.1714E+00  0.1780E+00  0.1845E+00  0.1902E+00  0.1970E+00  0.2069E+00  0.2186E+00  0.2297E+00  0.2396E+00  0.2511E+00  0.2656E+00  0.2637E+00  0.2481E+00  0.1967E+00  0.9955E-01
