Time history of radial distribution for BEM variable: WindC14y[m/s] for blade 2
                          rCurvi[m] (curvilinear radial distance)
                                0.7893      2.3680      3.9467      5.5254      7.1040      8.6827     10.2614     11.8401     13.4188     14.9974     16.5761     18.1548     19.7335     21.3121     22.8908     24.4695     26.0482     27.6268     29.2055     30.7842     32.3629     33.9416     35.5202     37.0989     38.2829     39.0723
                          zB[m] (radial coordinate along blade axis)
     time[s]  azimuth[deg]      0.1833      1.7549      3.3294      4.9066      6.4848      8.0632      9.6423     11.2252     12.8089     14.3906     15.9682     17.5466     19.1253     20.7040     22.2825     23.8605     25.4378     27.0144     28.5901     30.1649     31.7388     33.3118     34.8842     36.4562     37.6335     38.4193
      0.0000      240.0000  0.5989E-01  0.5132E+00  0.6545E+00  0.7581E+00  0.8584E+00  0.9585E+00  0.1050E+01  0.1037E+01  0.8979E+00  0.7101E+00  0.5712E+00  0.4747E+00  0.3979E+00  0.3361E+00  0.2854E+00  0.2395E+00  0.1940E+00  0.1506E+00  0.1132E+00  0.8227E-01  0.5293E-01  0.2542E-01  0.3557E-02 -0.9087E-02  0.3894E-01  0.2525E+00
      0.1355      250.0000  0.6822E-01  0.5215E+00  0.6628E+00  0.7663E+00  0.8666E+00  0.9666E+00  0.1058E+01  0.1045E+01  0.9061E+00  0.7183E+00  0.5795E+00  0.4830E+00  0.4062E+00  0.3444E+00  0.2938E+00  0.2479E+00  0.2024E+00  0.1590E+00  0.1216E+00  0.9064E-01  0.6130E-01  0.3379E-01  0.1195E-01 -0.6659E-03  0.4743E-01  0.2611E+00
      0.2710      260.0000  0.7711E-01  0.5303E+00  0.6716E+00  0.7751E+00  0.8754E+00  0.9753E+00  0.1067E+01  0.1054E+01  0.9149E+00  0.7272E+00  0.5883E+00  0.4918E+00  0.4151E+00  0.3533E+00  0.3026E+00  0.2568E+00  0.2113E+00  0.1679E+00  0.1305E+00  0.9954E-01  0.7020E-01  0.4270E-01  0.2086E-01  0.8272E-02  0.5640E-01  0.2702E+00
      0.4065      270.0000  0.8628E-01  0.5395E+00  0.6807E+00  0.7842E+00  0.8844E+00  0.9844E+00  0.1076E+01  0.1063E+01  0.9239E+00  0.7363E+00  0.5975E+00  0.5010E+00  0.4243E+00  0.3625E+00  0.3118E+00  0.2659E+00  0.2205E+00  0.1770E+00  0.1397E+00  0.1087E+00  0.7938E-01  0.5188E-01  0.3004E-01  0.1746E-01  0.6560E-01  0.2794E+00
      0.5420      280.0000  0.9544E-01  0.5486E+00  0.6898E+00  0.7933E+00  0.8935E+00  0.9934E+00  0.1085E+01  0.1072E+01  0.9330E+00  0.7454E+00  0.6066E+00  0.5101E+00  0.4334E+00  0.3716E+00  0.3210E+00  0.2751E+00  0.2296E+00  0.1862E+00  0.1488E+00  0.1179E+00  0.8854E-01  0.6104E-01  0.3920E-01  0.2661E-01  0.7473E-01  0.2884E+00
      0.6775      290.0000  0.1043E+00  0.5575E+00  0.6987E+00  0.8021E+00  0.9023E+00  0.1002E+01  0.1093E+01  0.1081E+01  0.9418E+00  0.7542E+00  0.6154E+00  0.5190E+00  0.4423E+00  0.3805E+00  0.3298E+00  0.2840E+00  0.2385E+00  0.1951E+00  0.1577E+00  0.1267E+00  0.9741E-01  0.6991E-01  0.4806E-01  0.3545E-01  0.8352E-01  0.2971E+00
      0.8130      300.0000  0.1127E+00  0.5658E+00  0.7070E+00  0.8105E+00  0.9107E+00  0.1011E+01  0.1102E+01  0.1089E+01  0.9501E+00  0.7625E+00  0.6237E+00  0.5273E+00  0.4506E+00  0.3888E+00  0.3381E+00  0.2923E+00  0.2468E+00  0.2034E+00  0.1660E+00  0.1351E+00  0.1057E+00  0.7822E-01  0.5636E-01  0.4371E-01  0.9170E-01  0.3050E+00
      0.9485      310.0000  0.1202E+00  0.5734E+00  0.7146E+00  0.8181E+00  0.9182E+00  0.1018E+01  0.1109E+01  0.1096E+01  0.9575E+00  0.7700E+00  0.6312E+00  0.5348E+00  0.4581E+00  0.3963E+00  0.3456E+00  0.2998E+00  0.2543E+00  0.2109E+00  0.1735E+00  0.1426E+00  0.1132E+00  0.8571E-01  0.6383E-01  0.5114E-01  0.9903E-01  0.3121E+00
      1.0840      320.0000  0.1267E+00  0.5800E+00  0.7212E+00  0.8246E+00  0.9248E+00  0.1025E+01  0.1116E+01  0.1103E+01  0.9640E+00  0.7764E+00  0.6377E+00  0.5413E+00  0.4646E+00  0.4028E+00  0.3521E+00  0.3062E+00  0.2607E+00  0.2173E+00  0.1800E+00  0.1490E+00  0.1197E+00  0.9217E-01  0.7026E-01  0.5751E-01  0.1053E+00  0.3181E+00
      1.2195      330.0000  0.1320E+00  0.5853E+00  0.7266E+00  0.8300E+00  0.9301E+00  0.1030E+01  0.1121E+01  0.1108E+01  0.9692E+00  0.7817E+00  0.6430E+00  0.5466E+00  0.4698E+00  0.4080E+00  0.3573E+00  0.3115E+00  0.2660E+00  0.2226E+00  0.1852E+00  0.1542E+00  0.1249E+00  0.9738E-01  0.7545E-01  0.6263E-01  0.1103E+00  0.3227E+00
      1.3550      340.0000  0.1359E+00  0.5893E+00  0.7306E+00  0.8340E+00  0.9341E+00  0.1034E+01  0.1125E+01  0.1112E+01  0.9731E+00  0.7855E+00  0.6469E+00  0.5504E+00  0.4737E+00  0.4119E+00  0.3612E+00  0.3153E+00  0.2698E+00  0.2264E+00  0.1890E+00  0.1581E+00  0.1287E+00  0.1012E+00  0.7923E-01  0.6635E-01  0.1138E+00  0.3259E+00
      1.4905      350.0000  0.1383E+00  0.5918E+00  0.7331E+00  0.8366E+00  0.9367E+00  0.1036E+01  0.1127E+01  0.1114E+01  0.9755E+00  0.7879E+00  0.6492E+00  0.5528E+00  0.4761E+00  0.4142E+00  0.3635E+00  0.3176E+00  0.2721E+00  0.2287E+00  0.1913E+00  0.1604E+00  0.1311E+00  0.1035E+00  0.8151E-01  0.6855E-01  0.1158E+00  0.3275E+00
      1.6260      360.0000  0.1392E+00  0.5927E+00  0.7341E+00  0.8375E+00  0.9376E+00  0.1037E+01  0.1128E+01  0.1115E+01  0.9763E+00  0.7887E+00  0.6500E+00  0.5536E+00  0.4768E+00  0.4150E+00  0.3643E+00  0.3184E+00  0.2728E+00  0.2294E+00  0.1921E+00  0.1611E+00  0.1318E+00  0.1042E+00  0.8220E-01  0.6916E-01  0.1163E+00  0.3275E+00
      1.7615       10.0000  0.1384E+00  0.5920E+00  0.7334E+00  0.8369E+00  0.9370E+00  0.1037E+01  0.1128E+01  0.1115E+01  0.9756E+00  0.7879E+00  0.6492E+00  0.5528E+00  0.4760E+00  0.4142E+00  0.3634E+00  0.3175E+00  0.2720E+00  0.2286E+00  0.1912E+00  0.1603E+00  0.1309E+00  0.1033E+00  0.8128E-01  0.6817E-01  0.1151E+00  0.3260E+00
      1.8970       20.0000  0.1360E+00  0.5897E+00  0.7312E+00  0.8347E+00  0.9348E+00  0.1035E+01  0.1126E+01  0.1112E+01  0.9733E+00  0.7855E+00  0.6469E+00  0.5504E+00  0.4736E+00  0.4118E+00  0.3610E+00  0.3151E+00  0.2695E+00  0.2261E+00  0.1887E+00  0.1578E+00  0.1285E+00  0.1009E+00  0.7879E-01  0.6560E-01  0.1124E+00  0.3229E+00
      2.0325       30.0000  0.1321E+00  0.5859E+00  0.7275E+00  0.8310E+00  0.9311E+00  0.1031E+01  0.1122E+01  0.1109E+01  0.9695E+00  0.7817E+00  0.6430E+00  0.5465E+00  0.4697E+00  0.4079E+00  0.3571E+00  0.3111E+00  0.2656E+00  0.2222E+00  0.1848E+00  0.1539E+00  0.1245E+00  0.9693E-01  0.7480E-01  0.6154E-01  0.1082E+00  0.3183E+00
      2.1680       40.0000  0.1269E+00  0.5808E+00  0.7224E+00  0.8259E+00  0.9260E+00  0.1026E+01  0.1117E+01  0.1104E+01  0.9643E+00  0.7764E+00  0.6378E+00  0.5413E+00  0.4645E+00  0.4026E+00  0.3518E+00  0.3058E+00  0.2603E+00  0.2168E+00  0.1795E+00  0.1485E+00  0.1192E+00  0.9159E-01  0.6943E-01  0.5610E-01  0.1026E+00  0.3124E+00
      2.3035       50.0000  0.1204E+00  0.5744E+00  0.7160E+00  0.8196E+00  0.9197E+00  0.1020E+01  0.1110E+01  0.1097E+01  0.9579E+00  0.7699E+00  0.6313E+00  0.5348E+00  0.4580E+00  0.3961E+00  0.3452E+00  0.2993E+00  0.2537E+00  0.2103E+00  0.1729E+00  0.1420E+00  0.1126E+00  0.8502E-01  0.6284E-01  0.4946E-01  0.9586E-01  0.3054E+00
      2.4390       60.0000  0.1128E+00  0.5669E+00  0.7086E+00  0.8122E+00  0.9124E+00  0.1012E+01  0.1103E+01  0.1090E+01  0.9504E+00  0.7625E+00  0.6238E+00  0.5273E+00  0.4504E+00  0.3885E+00  0.3377E+00  0.2917E+00  0.2461E+00  0.2027E+00  0.1653E+00  0.1344E+00  0.1051E+00  0.7744E-01  0.5524E-01  0.4182E-01  0.8812E-01  0.2975E+00
      2.5745       70.0000  0.1045E+00  0.5587E+00  0.7004E+00  0.8040E+00  0.9042E+00  0.1004E+01  0.1095E+01  0.1082E+01  0.9422E+00  0.7542E+00  0.6155E+00  0.5190E+00  0.4421E+00  0.3802E+00  0.3293E+00  0.2834E+00  0.2378E+00  0.1943E+00  0.1570E+00  0.1260E+00  0.9669E-01  0.6907E-01  0.4685E-01  0.3339E-01  0.7963E-01  0.2888E+00
      2.7100       80.0000  0.9560E-01  0.5498E+00  0.6916E+00  0.7953E+00  0.8954E+00  0.9953E+00  0.1086E+01  0.1073E+01  0.9334E+00  0.7454E+00  0.6066E+00  0.5101E+00  0.4332E+00  0.3713E+00  0.3204E+00  0.2745E+00  0.2289E+00  0.1854E+00  0.1481E+00  0.1171E+00  0.8778E-01  0.6016E-01  0.3793E-01  0.2446E-01  0.7065E-01  0.2798E+00
      2.8455       90.0000  0.8644E-01  0.5407E+00  0.6825E+00  0.7862E+00  0.8864E+00  0.9863E+00  0.1077E+01  0.1064E+01  0.9244E+00  0.7363E+00  0.5975E+00  0.5010E+00  0.4241E+00  0.3621E+00  0.3113E+00  0.2653E+00  0.2197E+00  0.1763E+00  0.1389E+00  0.1080E+00  0.7860E-01  0.5098E-01  0.2876E-01  0.1527E-01  0.6146E-01  0.2706E+00
      2.9810      100.0000  0.7727E-01  0.5316E+00  0.6734E+00  0.7771E+00  0.8773E+00  0.9772E+00  0.1068E+01  0.1055E+01  0.9153E+00  0.7272E+00  0.5884E+00  0.4918E+00  0.4149E+00  0.3530E+00  0.3021E+00  0.2561E+00  0.2105E+00  0.1671E+00  0.1297E+00  0.9879E-01  0.6944E-01  0.4182E-01  0.1960E-01  0.6122E-02  0.5233E-01  0.2615E+00
      3.1165      110.0000  0.6837E-01  0.5227E+00  0.6645E+00  0.7682E+00  0.8685E+00  0.9684E+00  0.1059E+01  0.1046E+01  0.9065E+00  0.7183E+00  0.5795E+00  0.4830E+00  0.4061E+00  0.3441E+00  0.2933E+00  0.2473E+00  0.2017E+00  0.1582E+00  0.1209E+00  0.8992E-01  0.6057E-01  0.3295E-01  0.1074E-01 -0.2718E-02  0.4354E-01  0.2529E+00
      3.2520      120.0000  0.6003E-01  0.5143E+00  0.6562E+00  0.7599E+00  0.8601E+00  0.9601E+00  0.1051E+01  0.1038E+01  0.8982E+00  0.7100E+00  0.5712E+00  0.4747E+00  0.3978E+00  0.3358E+00  0.2850E+00  0.2390E+00  0.1934E+00  0.1499E+00  0.1126E+00  0.8161E-01  0.5226E-01  0.2464E-01  0.2442E-02 -0.1098E-01  0.3536E-01  0.2449E+00
      3.3875      130.0000  0.5248E-01  0.5068E+00  0.6486E+00  0.7523E+00  0.8526E+00  0.9526E+00  0.1044E+01  0.1030E+01  0.8908E+00  0.7026E+00  0.5637E+00  0.4671E+00  0.3903E+00  0.3283E+00  0.2775E+00  0.2315E+00  0.1859E+00  0.1424E+00  0.1051E+00  0.7411E-01  0.4476E-01  0.1715E-01 -0.5033E-02 -0.1841E-01  0.2803E-01  0.2378E+00
      3.5230      140.0000  0.4596E-01  0.5002E+00  0.6420E+00  0.7457E+00  0.8460E+00  0.9460E+00  0.1037E+01  0.1024E+01  0.8843E+00  0.6961E+00  0.5572E+00  0.4607E+00  0.3838E+00  0.3218E+00  0.2710E+00  0.2250E+00  0.1794E+00  0.1360E+00  0.9859E-01  0.6765E-01  0.3830E-01  0.1069E-01 -0.1146E-01 -0.2478E-01  0.2178E-01  0.2319E+00
      3.6585      150.0000  0.4067E-01  0.4949E+00  0.6366E+00  0.7403E+00  0.8407E+00  0.9407E+00  0.1032E+01  0.1019E+01  0.8790E+00  0.6909E+00  0.5520E+00  0.4554E+00  0.3785E+00  0.3166E+00  0.2657E+00  0.2198E+00  0.1742E+00  0.1307E+00  0.9337E-01  0.6242E-01  0.3307E-01  0.5480E-02 -0.1665E-01 -0.2990E-01  0.1680E-01  0.2273E+00
      3.7940      160.0000  0.3677E-01  0.4909E+00  0.6326E+00  0.7363E+00  0.8367E+00  0.9367E+00  0.1028E+01  0.1015E+01  0.8752E+00  0.6870E+00  0.5481E+00  0.4515E+00  0.3746E+00  0.3127E+00  0.2619E+00  0.2159E+00  0.1704E+00  0.1269E+00  0.8954E-01  0.5860E-01  0.2925E-01  0.1662E-02 -0.2044E-01 -0.3362E-01  0.1324E-01  0.2241E+00
      3.9295      170.0000  0.3437E-01  0.4884E+00  0.6301E+00  0.7338E+00  0.8341E+00  0.9342E+00  0.1025E+01  0.1012E+01  0.8728E+00  0.6846E+00  0.5457E+00  0.4491E+00  0.3723E+00  0.3104E+00  0.2596E+00  0.2136E+00  0.1680E+00  0.1246E+00  0.8722E-01  0.5628E-01  0.2693E-01 -0.6448E-03 -0.2271E-01 -0.3582E-01  0.1121E-01  0.2224E+00
      4.0650      180.0000  0.3356E-01  0.4875E+00  0.6291E+00  0.7328E+00  0.8332E+00  0.9332E+00  0.1024E+01  0.1011E+01  0.8719E+00  0.6838E+00  0.5449E+00  0.4484E+00  0.3715E+00  0.3096E+00  0.2588E+00  0.2129E+00  0.1673E+00  0.1239E+00  0.8649E-01  0.5554E-01  0.2619E-01 -0.1369E-02 -0.2340E-01 -0.3643E-01  0.1077E-01  0.2224E+00
      4.2005      190.0000  0.3435E-01  0.4882E+00  0.6298E+00  0.7334E+00  0.8338E+00  0.9339E+00  0.1025E+01  0.1012E+01  0.8727E+00  0.6846E+00  0.5457E+00  0.4492E+00  0.3723E+00  0.3104E+00  0.2597E+00  0.2137E+00  0.1682E+00  0.1247E+00  0.8736E-01  0.5641E-01  0.2706E-01 -0.4888E-03 -0.2249E-01 -0.3544E-01  0.1193E-01  0.2240E+00
      4.3360      200.0000  0.3671E-01  0.4904E+00  0.6320E+00  0.7356E+00  0.8360E+00  0.9361E+00  0.1027E+01  0.1014E+01  0.8750E+00  0.6870E+00  0.5481E+00  0.4515E+00  0.3747E+00  0.3128E+00  0.2621E+00  0.2162E+00  0.1706E+00  0.1272E+00  0.8980E-01  0.5886E-01  0.2951E-01  0.1969E-02 -0.2000E-01 -0.3287E-01  0.1466E-01  0.2271E+00
      4.4715      210.0000  0.4059E-01  0.4942E+00  0.6357E+00  0.7393E+00  0.8397E+00  0.9397E+00  0.1031E+01  0.1018E+01  0.8788E+00  0.6909E+00  0.5520E+00  0.4554E+00  0.3786E+00  0.3167E+00  0.2660E+00  0.2201E+00  0.1746E+00  0.1311E+00  0.9375E-01  0.6280E-01  0.3346E-01  0.5929E-02 -0.1600E-01 -0.2881E-01  0.1887E-01  0.2316E+00
      4.6070      220.0000  0.4586E-01  0.4994E+00  0.6408E+00  0.7444E+00  0.8447E+00  0.9448E+00  0.1036E+01  0.1023E+01  0.8840E+00  0.6961E+00  0.5572E+00  0.4607E+00  0.3839E+00  0.3220E+00  0.2713E+00  0.2254E+00  0.1799E+00  0.1365E+00  0.9909E-01  0.6814E-01  0.3880E-01  0.1127E-01 -0.1063E-01 -0.2338E-01  0.2444E-01  0.2375E+00
      4.7425      230.0000  0.5236E-01  0.5058E+00  0.6471E+00  0.7508E+00  0.8511E+00  0.9511E+00  0.1042E+01  0.1029E+01  0.8904E+00  0.7026E+00  0.5637E+00  0.4672E+00  0.3904E+00  0.3286E+00  0.2778E+00  0.2320E+00  0.1864E+00  0.1430E+00  0.1056E+00  0.7469E-01  0.4535E-01  0.1784E-01 -0.4046E-02 -0.1673E-01  0.3120E-01  0.2445E+00
      4.8780      240.0000  0.5989E-01  0.5132E+00  0.6545E+00  0.7581E+00  0.8584E+00  0.9585E+00  0.1050E+01  0.1037E+01  0.8979E+00  0.7101E+00  0.5712E+00  0.4747E+00  0.3979E+00  0.3361E+00  0.2854E+00  0.2395E+00  0.1940E+00  0.1506E+00  0.1132E+00  0.8227E-01  0.5293E-01  0.2542E-01  0.3557E-02 -0.9087E-02  0.3894E-01  0.2525E+00
      5.0136      250.0000  0.6822E-01  0.5215E+00  0.6628E+00  0.7663E+00  0.8666E+00  0.9666E+00  0.1058E+01  0.1045E+01  0.9061E+00  0.7183E+00  0.5795E+00  0.4830E+00  0.4062E+00  0.3444E+00  0.2938E+00  0.2479E+00  0.2024E+00  0.1590E+00  0.1216E+00  0.9064E-01  0.6130E-01  0.3379E-01  0.1195E-01 -0.6659E-03  0.4743E-01  0.2611E+00
      5.1491      260.0000  0.7711E-01  0.5303E+00  0.6716E+00  0.7751E+00  0.8754E+00  0.9753E+00  0.1067E+01  0.1054E+01  0.9149E+00  0.7272E+00  0.5883E+00  0.4918E+00  0.4151E+00  0.3533E+00  0.3026E+00  0.2568E+00  0.2113E+00  0.1679E+00  0.1305E+00  0.9954E-01  0.7020E-01  0.4270E-01  0.2086E-01  0.8272E-02  0.5640E-01  0.2702E+00
      5.2846      270.0000  0.8628E-01  0.5395E+00  0.6807E+00  0.7842E+00  0.8844E+00  0.9844E+00  0.1076E+01  0.1063E+01  0.9239E+00  0.7363E+00  0.5975E+00  0.5010E+00  0.4243E+00  0.3625E+00  0.3118E+00  0.2659E+00  0.2205E+00  0.1770E+00  0.1397E+00  0.1087E+00  0.7938E-01  0.5188E-01  0.3004E-01  0.1746E-01  0.6560E-01  0.2794E+00
      5.4201      280.0000  0.9544E-01  0.5486E+00  0.6898E+00  0.7933E+00  0.8935E+00  0.9934E+00  0.1085E+01  0.1072E+01  0.9330E+00  0.7454E+00  0.6066E+00  0.5101E+00  0.4334E+00  0.3716E+00  0.3210E+00  0.2751E+00  0.2296E+00  0.1862E+00  0.1488E+00  0.1179E+00  0.8854E-01  0.6104E-01  0.3920E-01  0.2661E-01  0.7473E-01  0.2884E+00
      5.5556      290.0000  0.1043E+00  0.5575E+00  0.6987E+00  0.8021E+00  0.9023E+00  0.1002E+01  0.1093E+01  0.1081E+01  0.9418E+00  0.7542E+00  0.6154E+00  0.5190E+00  0.4423E+00  0.3805E+00  0.3298E+00  0.2840E+00  0.2385E+00  0.1951E+00  0.1577E+00  0.1267E+00  0.9741E-01  0.6991E-01  0.4806E-01  0.3545E-01  0.8352E-01  0.2971E+00
      5.6911      300.0000  0.1127E+00  0.5658E+00  0.7070E+00  0.8105E+00  0.9107E+00  0.1011E+01  0.1102E+01  0.1089E+01  0.9501E+00  0.7625E+00  0.6237E+00  0.5273E+00  0.4506E+00  0.3888E+00  0.3381E+00  0.2923E+00  0.2468E+00  0.2034E+00  0.1660E+00  0.1351E+00  0.1057E+00  0.7822E-01  0.5636E-01  0.4371E-01  0.9170E-01  0.3050E+00
      5.8266      310.0000  0.1202E+00  0.5734E+00  0.7146E+00  0.8181E+00  0.9182E+00  0.1018E+01  0.1109E+01  0.1096E+01  0.9575E+00  0.7700E+00  0.6312E+00  0.5348E+00  0.4581E+00  0.3963E+00  0.3456E+00  0.2998E+00  0.2543E+00  0.2109E+00  0.1735E+00  0.1426E+00  0.1132E+00  0.8571E-01  0.6383E-01  0.5114E-01  0.9903E-01  0.3121E+00
      5.9621      320.0000  0.1267E+00  0.5800E+00  0.7212E+00  0.8246E+00  0.9248E+00  0.1025E+01  0.1116E+01  0.1103E+01  0.9640E+00  0.7764E+00  0.6377E+00  0.5413E+00  0.4646E+00  0.4028E+00  0.3521E+00  0.3062E+00  0.2607E+00  0.2173E+00  0.1800E+00  0.1490E+00  0.1197E+00  0.9217E-01  0.7026E-01  0.5751E-01  0.1053E+00  0.3181E+00
      6.0976      330.0000  0.1320E+00  0.5853E+00  0.7266E+00  0.8300E+00  0.9301E+00  0.1030E+01  0.1121E+01  0.1108E+01  0.9692E+00  0.7817E+00  0.6430E+00  0.5466E+00  0.4698E+00  0.4080E+00  0.3573E+00  0.3115E+00  0.2660E+00  0.2226E+00  0.1852E+00  0.1542E+00  0.1249E+00  0.9738E-01  0.7545E-01  0.6263E-01  0.1103E+00  0.3227E+00
      6.2331      340.0000  0.1359E+00  0.5893E+00  0.7306E+00  0.8340E+00  0.9341E+00  0.1034E+01  0.1125E+01  0.1112E+01  0.9731E+00  0.7855E+00  0.6469E+00  0.5504E+00  0.4737E+00  0.4119E+00  0.3612E+00  0.3153E+00  0.2698E+00  0.2264E+00  0.1890E+00  0.1581E+00  0.1287E+00  0.1012E+00  0.7923E-01  0.6635E-01  0.1138E+00  0.3259E+00
      6.3686      350.0000  0.1383E+00  0.5918E+00  0.7331E+00  0.8366E+00  0.9367E+00  0.1036E+01  0.1127E+01  0.1114E+01  0.9755E+00  0.7879E+00  0.6492E+00  0.5528E+00  0.4761E+00  0.4142E+00  0.3635E+00  0.3176E+00  0.2721E+00  0.2287E+00  0.1913E+00  0.1604E+00  0.1311E+00  0.1035E+00  0.8151E-01  0.6855E-01  0.1158E+00  0.3275E+00
      6.5041      360.0000  0.1392E+00  0.5927E+00  0.7341E+00  0.8375E+00  0.9376E+00  0.1037E+01  0.1128E+01  0.1115E+01  0.9763E+00  0.7887E+00  0.6500E+00  0.5536E+00  0.4768E+00  0.4150E+00  0.3643E+00  0.3184E+00  0.2728E+00  0.2294E+00  0.1921E+00  0.1611E+00  0.1318E+00  0.1042E+00  0.8220E-01  0.6916E-01  0.1163E+00  0.3275E+00
      6.6396       10.0000  0.1384E+00  0.5920E+00  0.7334E+00  0.8369E+00  0.9370E+00  0.1037E+01  0.1128E+01  0.1115E+01  0.9756E+00  0.7879E+00  0.6492E+00  0.5528E+00  0.4760E+00  0.4142E+00  0.3634E+00  0.3175E+00  0.2720E+00  0.2286E+00  0.1912E+00  0.1603E+00  0.1309E+00  0.1033E+00  0.8128E-01  0.6817E-01  0.1151E+00  0.3260E+00
      6.7751       20.0000  0.1360E+00  0.5897E+00  0.7312E+00  0.8347E+00  0.9348E+00  0.1035E+01  0.1126E+01  0.1112E+01  0.9733E+00  0.7855E+00  0.6469E+00  0.5504E+00  0.4736E+00  0.4118E+00  0.3610E+00  0.3151E+00  0.2695E+00  0.2261E+00  0.1887E+00  0.1578E+00  0.1285E+00  0.1009E+00  0.7879E-01  0.6560E-01  0.1124E+00  0.3229E+00
      6.9106       30.0000  0.1321E+00  0.5859E+00  0.7275E+00  0.8310E+00  0.9311E+00  0.1031E+01  0.1122E+01  0.1109E+01  0.9695E+00  0.7817E+00  0.6430E+00  0.5465E+00  0.4697E+00  0.4079E+00  0.3571E+00  0.3111E+00  0.2656E+00  0.2222E+00  0.1848E+00  0.1539E+00  0.1245E+00  0.9693E-01  0.7480E-01  0.6154E-01  0.1082E+00  0.3183E+00
      7.0461       40.0000  0.1269E+00  0.5808E+00  0.7224E+00  0.8259E+00  0.9260E+00  0.1026E+01  0.1117E+01  0.1104E+01  0.9643E+00  0.7764E+00  0.6378E+00  0.5413E+00  0.4645E+00  0.4026E+00  0.3518E+00  0.3058E+00  0.2603E+00  0.2168E+00  0.1795E+00  0.1485E+00  0.1192E+00  0.9159E-01  0.6943E-01  0.5610E-01  0.1026E+00  0.3124E+00
      7.1816       50.0000  0.1204E+00  0.5744E+00  0.7160E+00  0.8196E+00  0.9197E+00  0.1020E+01  0.1110E+01  0.1097E+01  0.9579E+00  0.7699E+00  0.6313E+00  0.5348E+00  0.4580E+00  0.3961E+00  0.3452E+00  0.2993E+00  0.2537E+00  0.2103E+00  0.1729E+00  0.1420E+00  0.1126E+00  0.8502E-01  0.6284E-01  0.4946E-01  0.9586E-01  0.3054E+00
      7.3171       60.0000  0.1128E+00  0.5669E+00  0.7086E+00  0.8122E+00  0.9124E+00  0.1012E+01  0.1103E+01  0.1090E+01  0.9504E+00  0.7625E+00  0.6238E+00  0.5273E+00  0.4504E+00  0.3885E+00  0.3377E+00  0.2917E+00  0.2461E+00  0.2027E+00  0.1653E+00  0.1344E+00  0.1051E+00  0.7744E-01  0.5524E-01  0.4182E-01  0.8812E-01  0.2975E+00
      7.4526       70.0000  0.1045E+00  0.5587E+00  0.7004E+00  0.8040E+00  0.9042E+00  0.1004E+01  0.1095E+01  0.1082E+01  0.9422E+00  0.7542E+00  0.6155E+00  0.5190E+00  0.4421E+00  0.3802E+00  0.3293E+00  0.2834E+00  0.2378E+00  0.1943E+00  0.1570E+00  0.1260E+00  0.9669E-01  0.6907E-01  0.4685E-01  0.3339E-01  0.7963E-01  0.2888E+00
      7.5881       80.0000  0.9560E-01  0.5498E+00  0.6916E+00  0.7953E+00  0.8954E+00  0.9953E+00  0.1086E+01  0.1073E+01  0.9334E+00  0.7454E+00  0.6066E+00  0.5101E+00  0.4332E+00  0.3713E+00  0.3204E+00  0.2745E+00  0.2289E+00  0.1854E+00  0.1481E+00  0.1171E+00  0.8778E-01  0.6016E-01  0.3793E-01  0.2446E-01  0.7065E-01  0.2798E+00
      7.7236       90.0000  0.8644E-01  0.5407E+00  0.6825E+00  0.7862E+00  0.8864E+00  0.9863E+00  0.1077E+01  0.1064E+01  0.9244E+00  0.7363E+00  0.5975E+00  0.5010E+00  0.4241E+00  0.3621E+00  0.3113E+00  0.2653E+00  0.2197E+00  0.1763E+00  0.1389E+00  0.1080E+00  0.7860E-01  0.5098E-01  0.2876E-01  0.1527E-01  0.6146E-01  0.2706E+00
      7.8591      100.0000  0.7727E-01  0.5316E+00  0.6734E+00  0.7771E+00  0.8773E+00  0.9772E+00  0.1068E+01  0.1055E+01  0.9153E+00  0.7272E+00  0.5884E+00  0.4918E+00  0.4149E+00  0.3530E+00  0.3021E+00  0.2561E+00  0.2105E+00  0.1671E+00  0.1297E+00  0.9879E-01  0.6944E-01  0.4182E-01  0.1960E-01  0.6122E-02  0.5233E-01  0.2615E+00
      7.9946      110.0000  0.6837E-01  0.5227E+00  0.6645E+00  0.7682E+00  0.8685E+00  0.9684E+00  0.1059E+01  0.1046E+01  0.9065E+00  0.7183E+00  0.5795E+00  0.4830E+00  0.4061E+00  0.3441E+00  0.2933E+00  0.2473E+00  0.2017E+00  0.1582E+00  0.1209E+00  0.8992E-01  0.6057E-01  0.3295E-01  0.1074E-01 -0.2718E-02  0.4354E-01  0.2529E+00
      8.1301      120.0000  0.6003E-01  0.5143E+00  0.6562E+00  0.7599E+00  0.8601E+00  0.9601E+00  0.1051E+01  0.1038E+01  0.8982E+00  0.7100E+00  0.5712E+00  0.4747E+00  0.3978E+00  0.3358E+00  0.2850E+00  0.2390E+00  0.1934E+00  0.1499E+00  0.1126E+00  0.8161E-01  0.5226E-01  0.2464E-01  0.2442E-02 -0.1098E-01  0.3536E-01  0.2449E+00
      8.2656      130.0000  0.5248E-01  0.5068E+00  0.6486E+00  0.7523E+00  0.8526E+00  0.9526E+00  0.1044E+01  0.1030E+01  0.8908E+00  0.7026E+00  0.5637E+00  0.4671E+00  0.3903E+00  0.3283E+00  0.2775E+00  0.2315E+00  0.1859E+00  0.1424E+00  0.1051E+00  0.7411E-01  0.4476E-01  0.1715E-01 -0.5033E-02 -0.1841E-01  0.2803E-01  0.2378E+00
      8.4011      140.0000  0.4596E-01  0.5002E+00  0.6420E+00  0.7457E+00  0.8460E+00  0.9460E+00  0.1037E+01  0.1024E+01  0.8843E+00  0.6961E+00  0.5572E+00  0.4607E+00  0.3838E+00  0.3218E+00  0.2710E+00  0.2250E+00  0.1794E+00  0.1360E+00  0.9859E-01  0.6765E-01  0.3830E-01  0.1069E-01 -0.1146E-01 -0.2478E-01  0.2178E-01  0.2319E+00
      8.5366      150.0000  0.4067E-01  0.4949E+00  0.6366E+00  0.7403E+00  0.8407E+00  0.9407E+00  0.1032E+01  0.1019E+01  0.8790E+00  0.6909E+00  0.5520E+00  0.4554E+00  0.3785E+00  0.3166E+00  0.2657E+00  0.2198E+00  0.1742E+00  0.1307E+00  0.9337E-01  0.6242E-01  0.3307E-01  0.5480E-02 -0.1665E-01 -0.2990E-01  0.1680E-01  0.2273E+00
      8.6721      160.0000  0.3677E-01  0.4909E+00  0.6326E+00  0.7363E+00  0.8367E+00  0.9367E+00  0.1028E+01  0.1015E+01  0.8752E+00  0.6870E+00  0.5481E+00  0.4515E+00  0.3746E+00  0.3127E+00  0.2619E+00  0.2159E+00  0.1704E+00  0.1269E+00  0.8954E-01  0.5860E-01  0.2925E-01  0.1662E-02 -0.2044E-01 -0.3362E-01  0.1324E-01  0.2241E+00
      8.8076      170.0000  0.3437E-01  0.4884E+00  0.6301E+00  0.7338E+00  0.8341E+00  0.9342E+00  0.1025E+01  0.1012E+01  0.8728E+00  0.6846E+00  0.5457E+00  0.4491E+00  0.3723E+00  0.3104E+00  0.2596E+00  0.2136E+00  0.1680E+00  0.1246E+00  0.8722E-01  0.5628E-01  0.2693E-01 -0.6448E-03 -0.2271E-01 -0.3582E-01  0.1121E-01  0.2224E+00
      8.9431      180.0000  0.3356E-01  0.4875E+00  0.6291E+00  0.7328E+00  0.8332E+00  0.9332E+00  0.1024E+01  0.1011E+01  0.8719E+00  0.6838E+00  0.5449E+00  0.4484E+00  0.3715E+00  0.3096E+00  0.2588E+00  0.2129E+00  0.1673E+00  0.1239E+00  0.8649E-01  0.5554E-01  0.2619E-01 -0.1369E-02 -0.2340E-01 -0.3643E-01  0.1077E-01  0.2224E+00
      9.0786      190.0000  0.3435E-01  0.4882E+00  0.6298E+00  0.7334E+00  0.8338E+00  0.9339E+00  0.1025E+01  0.1012E+01  0.8727E+00  0.6846E+00  0.5457E+00  0.4492E+00  0.3723E+00  0.3104E+00  0.2597E+00  0.2137E+00  0.1682E+00  0.1247E+00  0.8736E-01  0.5641E-01  0.2706E-01 -0.4888E-03 -0.2249E-01 -0.3544E-01  0.1193E-01  0.2240E+00
      9.2141      200.0000  0.3671E-01  0.4904E+00  0.6320E+00  0.7356E+00  0.8360E+00  0.9361E+00  0.1027E+01  0.1014E+01  0.8750E+00  0.6870E+00  0.5481E+00  0.4515E+00  0.3747E+00  0.3128E+00  0.2621E+00  0.2162E+00  0.1706E+00  0.1272E+00  0.8980E-01  0.5886E-01  0.2951E-01  0.1969E-02 -0.2000E-01 -0.3287E-01  0.1466E-01  0.2271E+00
      9.3496      210.0000  0.4059E-01  0.4942E+00  0.6357E+00  0.7393E+00  0.8397E+00  0.9397E+00  0.1031E+01  0.1018E+01  0.8788E+00  0.6909E+00  0.5520E+00  0.4554E+00  0.3786E+00  0.3167E+00  0.2660E+00  0.2201E+00  0.1746E+00  0.1311E+00  0.9375E-01  0.6280E-01  0.3346E-01  0.5929E-02 -0.1600E-01 -0.2881E-01  0.1887E-01  0.2316E+00
      9.4851      220.0000  0.4586E-01  0.4994E+00  0.6408E+00  0.7444E+00  0.8447E+00  0.9448E+00  0.1036E+01  0.1023E+01  0.8840E+00  0.6961E+00  0.5572E+00  0.4607E+00  0.3839E+00  0.3220E+00  0.2713E+00  0.2254E+00  0.1799E+00  0.1365E+00  0.9909E-01  0.6814E-01  0.3880E-01  0.1127E-01 -0.1063E-01 -0.2338E-01  0.2444E-01  0.2375E+00
      9.6206      230.0000  0.5236E-01  0.5058E+00  0.6471E+00  0.7508E+00  0.8511E+00  0.9511E+00  0.1042E+01  0.1029E+01  0.8904E+00  0.7026E+00  0.5637E+00  0.4672E+00  0.3904E+00  0.3286E+00  0.2778E+00  0.2320E+00  0.1864E+00  0.1430E+00  0.1056E+00  0.7469E-01  0.4535E-01  0.1784E-01 -0.4046E-02 -0.1673E-01  0.3120E-01  0.2445E+00
      9.7561      240.0000  0.5989E-01  0.5132E+00  0.6545E+00  0.7581E+00  0.8584E+00  0.9585E+00  0.1050E+01  0.1037E+01  0.8979E+00  0.7101E+00  0.5712E+00  0.4747E+00  0.3979E+00  0.3361E+00  0.2854E+00  0.2395E+00  0.1940E+00  0.1506E+00  0.1132E+00  0.8227E-01  0.5293E-01  0.2542E-01  0.3557E-02 -0.9087E-02  0.3894E-01  0.2525E+00
      9.8916      250.0000  0.6822E-01  0.5215E+00  0.6628E+00  0.7663E+00  0.8666E+00  0.9666E+00  0.1058E+01  0.1045E+01  0.9061E+00  0.7183E+00  0.5795E+00  0.4830E+00  0.4062E+00  0.3444E+00  0.2938E+00  0.2479E+00  0.2024E+00  0.1590E+00  0.1216E+00  0.9064E-01  0.6130E-01  0.3379E-01  0.1195E-01 -0.6659E-03  0.4743E-01  0.2611E+00
     10.0271      260.0000  0.7711E-01  0.5303E+00  0.6716E+00  0.7751E+00  0.8754E+00  0.9753E+00  0.1067E+01  0.1054E+01  0.9149E+00  0.7272E+00  0.5883E+00  0.4918E+00  0.4151E+00  0.3533E+00  0.3026E+00  0.2568E+00  0.2113E+00  0.1679E+00  0.1305E+00  0.9954E-01  0.7020E-01  0.4270E-01  0.2086E-01  0.8272E-02  0.5640E-01  0.2702E+00
     10.1626      270.0000  0.8628E-01  0.5395E+00  0.6807E+00  0.7842E+00  0.8844E+00  0.9844E+00  0.1076E+01  0.1063E+01  0.9239E+00  0.7363E+00  0.5975E+00  0.5010E+00  0.4243E+00  0.3625E+00  0.3118E+00  0.2659E+00  0.2205E+00  0.1770E+00  0.1397E+00  0.1087E+00  0.7938E-01  0.5188E-01  0.3004E-01  0.1746E-01  0.6560E-01  0.2794E+00
     10.2981      280.0000  0.9544E-01  0.5486E+00  0.6898E+00  0.7933E+00  0.8935E+00  0.9934E+00  0.1085E+01  0.1072E+01  0.9330E+00  0.7454E+00  0.6066E+00  0.5101E+00  0.4334E+00  0.3716E+00  0.3210E+00  0.2751E+00  0.2296E+00  0.1862E+00  0.1488E+00  0.1179E+00  0.8854E-01  0.6104E-01  0.3920E-01  0.2661E-01  0.7473E-01  0.2884E+00
     10.4336      290.0000  0.1043E+00  0.5575E+00  0.6987E+00  0.8021E+00  0.9023E+00  0.1002E+01  0.1093E+01  0.1081E+01  0.9418E+00  0.7542E+00  0.6154E+00  0.5190E+00  0.4423E+00  0.3805E+00  0.3298E+00  0.2840E+00  0.2385E+00  0.1951E+00  0.1577E+00  0.1267E+00  0.9741E-01  0.6991E-01  0.4806E-01  0.3545E-01  0.8352E-01  0.2971E+00
     10.5691      300.0000  0.1127E+00  0.5658E+00  0.7070E+00  0.8105E+00  0.9107E+00  0.1011E+01  0.1102E+01  0.1089E+01  0.9501E+00  0.7625E+00  0.6237E+00  0.5273E+00  0.4506E+00  0.3888E+00  0.3381E+00  0.2923E+00  0.2468E+00  0.2034E+00  0.1660E+00  0.1351E+00  0.1057E+00  0.7822E-01  0.5636E-01  0.4371E-01  0.9170E-01  0.3050E+00
     10.7046      310.0000  0.1202E+00  0.5734E+00  0.7146E+00  0.8181E+00  0.9182E+00  0.1018E+01  0.1109E+01  0.1096E+01  0.9575E+00  0.7700E+00  0.6312E+00  0.5348E+00  0.4581E+00  0.3963E+00  0.3456E+00  0.2998E+00  0.2543E+00  0.2109E+00  0.1735E+00  0.1426E+00  0.1132E+00  0.8571E-01  0.6383E-01  0.5114E-01  0.9903E-01  0.3121E+00
     10.8401      320.0000  0.1267E+00  0.5800E+00  0.7212E+00  0.8246E+00  0.9248E+00  0.1025E+01  0.1116E+01  0.1103E+01  0.9640E+00  0.7764E+00  0.6377E+00  0.5413E+00  0.4646E+00  0.4028E+00  0.3521E+00  0.3062E+00  0.2607E+00  0.2173E+00  0.1800E+00  0.1490E+00  0.1197E+00  0.9217E-01  0.7026E-01  0.5751E-01  0.1053E+00  0.3181E+00
     10.9756      330.0000  0.1320E+00  0.5853E+00  0.7266E+00  0.8300E+00  0.9301E+00  0.1030E+01  0.1121E+01  0.1108E+01  0.9692E+00  0.7817E+00  0.6430E+00  0.5466E+00  0.4698E+00  0.4080E+00  0.3573E+00  0.3115E+00  0.2660E+00  0.2226E+00  0.1852E+00  0.1542E+00  0.1249E+00  0.9738E-01  0.7545E-01  0.6263E-01  0.1103E+00  0.3227E+00
     11.1111      340.0000  0.1359E+00  0.5893E+00  0.7306E+00  0.8340E+00  0.9341E+00  0.1034E+01  0.1125E+01  0.1112E+01  0.9731E+00  0.7855E+00  0.6469E+00  0.5504E+00  0.4737E+00  0.4119E+00  0.3612E+00  0.3153E+00  0.2698E+00  0.2264E+00  0.1890E+00  0.1581E+00  0.1287E+00  0.1012E+00  0.7923E-01  0.6635E-01  0.1138E+00  0.3259E+00
     11.2466      350.0000  0.1383E+00  0.5918E+00  0.7331E+00  0.8366E+00  0.9367E+00  0.1036E+01  0.1127E+01  0.1114E+01  0.9755E+00  0.7879E+00  0.6492E+00  0.5528E+00  0.4761E+00  0.4142E+00  0.3635E+00  0.3176E+00  0.2721E+00  0.2287E+00  0.1913E+00  0.1604E+00  0.1311E+00  0.1035E+00  0.8151E-01  0.6855E-01  0.1158E+00  0.3275E+00
     11.3821      360.0000  0.1392E+00  0.5927E+00  0.7341E+00  0.8375E+00  0.9376E+00  0.1037E+01  0.1128E+01  0.1115E+01  0.9763E+00  0.7887E+00  0.6500E+00  0.5536E+00  0.4768E+00  0.4150E+00  0.3643E+00  0.3184E+00  0.2728E+00  0.2294E+00  0.1921E+00  0.1611E+00  0.1318E+00  0.1042E+00  0.8220E-01  0.6916E-01  0.1163E+00  0.3275E+00
     11.5176       10.0000  0.1384E+00  0.5920E+00  0.7334E+00  0.8369E+00  0.9370E+00  0.1037E+01  0.1128E+01  0.1115E+01  0.9756E+00  0.7879E+00  0.6492E+00  0.5528E+00  0.4760E+00  0.4142E+00  0.3634E+00  0.3175E+00  0.2720E+00  0.2286E+00  0.1912E+00  0.1603E+00  0.1309E+00  0.1033E+00  0.8128E-01  0.6817E-01  0.1151E+00  0.3260E+00
     11.6531       20.0000  0.1360E+00  0.5897E+00  0.7312E+00  0.8347E+00  0.9348E+00  0.1035E+01  0.1126E+01  0.1112E+01  0.9733E+00  0.7855E+00  0.6469E+00  0.5504E+00  0.4736E+00  0.4118E+00  0.3610E+00  0.3151E+00  0.2695E+00  0.2261E+00  0.1887E+00  0.1578E+00  0.1285E+00  0.1009E+00  0.7879E-01  0.6560E-01  0.1124E+00  0.3229E+00
     11.7886       30.0000  0.1321E+00  0.5859E+00  0.7275E+00  0.8310E+00  0.9311E+00  0.1031E+01  0.1122E+01  0.1109E+01  0.9695E+00  0.7817E+00  0.6430E+00  0.5465E+00  0.4697E+00  0.4079E+00  0.3571E+00  0.3111E+00  0.2656E+00  0.2222E+00  0.1848E+00  0.1539E+00  0.1245E+00  0.9693E-01  0.7480E-01  0.6154E-01  0.1082E+00  0.3183E+00
     11.9241       40.0000  0.1269E+00  0.5808E+00  0.7224E+00  0.8259E+00  0.9260E+00  0.1026E+01  0.1117E+01  0.1104E+01  0.9643E+00  0.7764E+00  0.6378E+00  0.5413E+00  0.4645E+00  0.4026E+00  0.3518E+00  0.3058E+00  0.2603E+00  0.2168E+00  0.1795E+00  0.1485E+00  0.1192E+00  0.9159E-01  0.6943E-01  0.5610E-01  0.1026E+00  0.3124E+00
     12.0596       50.0000  0.1204E+00  0.5744E+00  0.7160E+00  0.8196E+00  0.9197E+00  0.1020E+01  0.1110E+01  0.1097E+01  0.9579E+00  0.7699E+00  0.6313E+00  0.5348E+00  0.4580E+00  0.3961E+00  0.3452E+00  0.2993E+00  0.2537E+00  0.2103E+00  0.1729E+00  0.1420E+00  0.1126E+00  0.8502E-01  0.6284E-01  0.4946E-01  0.9586E-01  0.3054E+00
     12.1951       60.0000  0.1128E+00  0.5669E+00  0.7086E+00  0.8122E+00  0.9124E+00  0.1012E+01  0.1103E+01  0.1090E+01  0.9504E+00  0.7625E+00  0.6238E+00  0.5273E+00  0.4504E+00  0.3885E+00  0.3377E+00  0.2917E+00  0.2461E+00  0.2027E+00  0.1653E+00  0.1344E+00  0.1051E+00  0.7744E-01  0.5524E-01  0.4182E-01  0.8812E-01  0.2975E+00
     12.3306       70.0000  0.1045E+00  0.5587E+00  0.7004E+00  0.8040E+00  0.9042E+00  0.1004E+01  0.1095E+01  0.1082E+01  0.9422E+00  0.7542E+00  0.6155E+00  0.5190E+00  0.4421E+00  0.3802E+00  0.3293E+00  0.2834E+00  0.2378E+00  0.1943E+00  0.1570E+00  0.1260E+00  0.9669E-01  0.6907E-01  0.4685E-01  0.3339E-01  0.7963E-01  0.2888E+00
     12.4661       80.0000  0.9560E-01  0.5498E+00  0.6916E+00  0.7953E+00  0.8954E+00  0.9953E+00  0.1086E+01  0.1073E+01  0.9334E+00  0.7454E+00  0.6066E+00  0.5101E+00  0.4332E+00  0.3713E+00  0.3204E+00  0.2745E+00  0.2289E+00  0.1854E+00  0.1481E+00  0.1171E+00  0.8778E-01  0.6016E-01  0.3793E-01  0.2446E-01  0.7065E-01  0.2798E+00
     12.6016       90.0000  0.8644E-01  0.5407E+00  0.6825E+00  0.7862E+00  0.8864E+00  0.9863E+00  0.1077E+01  0.1064E+01  0.9244E+00  0.7363E+00  0.5975E+00  0.5010E+00  0.4241E+00  0.3621E+00  0.3113E+00  0.2653E+00  0.2197E+00  0.1763E+00  0.1389E+00  0.1080E+00  0.7860E-01  0.5098E-01  0.2876E-01  0.1527E-01  0.6146E-01  0.2706E+00
     12.7371      100.0000  0.7727E-01  0.5316E+00  0.6734E+00  0.7771E+00  0.8773E+00  0.9772E+00  0.1068E+01  0.1055E+01  0.9153E+00  0.7272E+00  0.5884E+00  0.4918E+00  0.4149E+00  0.3530E+00  0.3021E+00  0.2561E+00  0.2105E+00  0.1671E+00  0.1297E+00  0.9879E-01  0.6944E-01  0.4182E-01  0.1960E-01  0.6122E-02  0.5233E-01  0.2615E+00
     12.8726      110.0000  0.6837E-01  0.5227E+00  0.6645E+00  0.7682E+00  0.8685E+00  0.9684E+00  0.1059E+01  0.1046E+01  0.9065E+00  0.7183E+00  0.5795E+00  0.4830E+00  0.4061E+00  0.3441E+00  0.2933E+00  0.2473E+00  0.2017E+00  0.1582E+00  0.1209E+00  0.8992E-01  0.6057E-01  0.3295E-01  0.1074E-01 -0.2718E-02  0.4354E-01  0.2529E+00
     13.0081      120.0000  0.6003E-01  0.5143E+00  0.6562E+00  0.7599E+00  0.8601E+00  0.9601E+00  0.1051E+01  0.1038E+01  0.8982E+00  0.7100E+00  0.5712E+00  0.4747E+00  0.3978E+00  0.3358E+00  0.2850E+00  0.2390E+00  0.1934E+00  0.1499E+00  0.1126E+00  0.8161E-01  0.5226E-01  0.2464E-01  0.2442E-02 -0.1098E-01  0.3536E-01  0.2449E+00
     13.1436      130.0000  0.5248E-01  0.5068E+00  0.6486E+00  0.7523E+00  0.8526E+00  0.9526E+00  0.1044E+01  0.1030E+01  0.8908E+00  0.7026E+00  0.5637E+00  0.4671E+00  0.3903E+00  0.3283E+00  0.2775E+00  0.2315E+00  0.1859E+00  0.1424E+00  0.1051E+00  0.7411E-01  0.4476E-01  0.1715E-01 -0.5033E-02 -0.1841E-01  0.2803E-01  0.2378E+00
     13.2791      140.0000  0.4596E-01  0.5002E+00  0.6420E+00  0.7457E+00  0.8460E+00  0.9460E+00  0.1037E+01  0.1024E+01  0.8843E+00  0.6961E+00  0.5572E+00  0.4607E+00  0.3838E+00  0.3218E+00  0.2710E+00  0.2250E+00  0.1794E+00  0.1360E+00  0.9859E-01  0.6765E-01  0.3830E-01  0.1069E-01 -0.1146E-01 -0.2478E-01  0.2178E-01  0.2319E+00
     13.4146      150.0000  0.4067E-01  0.4949E+00  0.6366E+00  0.7403E+00  0.8407E+00  0.9407E+00  0.1032E+01  0.1019E+01  0.8790E+00  0.6909E+00  0.5520E+00  0.4554E+00  0.3785E+00  0.3166E+00  0.2657E+00  0.2198E+00  0.1742E+00  0.1307E+00  0.9337E-01  0.6242E-01  0.3307E-01  0.5480E-02 -0.1665E-01 -0.2990E-01  0.1680E-01  0.2273E+00
     13.5501      160.0000  0.3677E-01  0.4909E+00  0.6326E+00  0.7363E+00  0.8367E+00  0.9367E+00  0.1028E+01  0.1015E+01  0.8752E+00  0.6870E+00  0.5481E+00  0.4515E+00  0.3746E+00  0.3127E+00  0.2619E+00  0.2159E+00  0.1704E+00  0.1269E+00  0.8954E-01  0.5860E-01  0.2925E-01  0.1662E-02 -0.2044E-01 -0.3362E-01  0.1324E-01  0.2241E+00
     13.6856      170.0000  0.3437E-01  0.4884E+00  0.6301E+00  0.7338E+00  0.8341E+00  0.9342E+00  0.1025E+01  0.1012E+01  0.8728E+00  0.6846E+00  0.5457E+00  0.4491E+00  0.3723E+00  0.3104E+00  0.2596E+00  0.2136E+00  0.1680E+00  0.1246E+00  0.8722E-01  0.5628E-01  0.2693E-01 -0.6448E-03 -0.2271E-01 -0.3582E-01  0.1121E-01  0.2224E+00
     13.8211      180.0000  0.3356E-01  0.4875E+00  0.6291E+00  0.7328E+00  0.8332E+00  0.9332E+00  0.1024E+01  0.1011E+01  0.8719E+00  0.6838E+00  0.5449E+00  0.4484E+00  0.3715E+00  0.3096E+00  0.2588E+00  0.2129E+00  0.1673E+00  0.1239E+00  0.8649E-01  0.5554E-01  0.2619E-01 -0.1369E-02 -0.2340E-01 -0.3643E-01  0.1077E-01  0.2224E+00
     13.9566      190.0000  0.3435E-01  0.4882E+00  0.6298E+00  0.7334E+00  0.8338E+00  0.9339E+00  0.1025E+01  0.1012E+01  0.8727E+00  0.6846E+00  0.5457E+00  0.4492E+00  0.3723E+00  0.3104E+00  0.2597E+00  0.2137E+00  0.1682E+00  0.1247E+00  0.8736E-01  0.5641E-01  0.2706E-01 -0.4888E-03 -0.2249E-01 -0.3544E-01  0.1193E-01  0.2240E+00
     14.0921      200.0000  0.3671E-01  0.4904E+00  0.6320E+00  0.7356E+00  0.8360E+00  0.9361E+00  0.1027E+01  0.1014E+01  0.8750E+00  0.6870E+00  0.5481E+00  0.4515E+00  0.3747E+00  0.3128E+00  0.2621E+00  0.2162E+00  0.1706E+00  0.1272E+00  0.8980E-01  0.5886E-01  0.2951E-01  0.1969E-02 -0.2000E-01 -0.3287E-01  0.1466E-01  0.2271E+00
     14.2276      210.0000  0.4059E-01  0.4942E+00  0.6357E+00  0.7393E+00  0.8397E+00  0.9397E+00  0.1031E+01  0.1018E+01  0.8788E+00  0.6909E+00  0.5520E+00  0.4554E+00  0.3786E+00  0.3167E+00  0.2660E+00  0.2201E+00  0.1746E+00  0.1311E+00  0.9375E-01  0.6280E-01  0.3346E-01  0.5929E-02 -0.1600E-01 -0.2881E-01  0.1887E-01  0.2316E+00
     14.3631      220.0000  0.4586E-01  0.4994E+00  0.6408E+00  0.7444E+00  0.8447E+00  0.9448E+00  0.1036E+01  0.1023E+01  0.8840E+00  0.6961E+00  0.5572E+00  0.4607E+00  0.3839E+00  0.3220E+00  0.2713E+00  0.2254E+00  0.1799E+00  0.1365E+00  0.9909E-01  0.6814E-01  0.3880E-01  0.1127E-01 -0.1063E-01 -0.2338E-01  0.2444E-01  0.2375E+00
     14.4986      230.0000  0.5236E-01  0.5058E+00  0.6471E+00  0.7508E+00  0.8511E+00  0.9511E+00  0.1042E+01  0.1029E+01  0.8904E+00  0.7026E+00  0.5637E+00  0.4672E+00  0.3904E+00  0.3286E+00  0.2778E+00  0.2320E+00  0.1864E+00  0.1430E+00  0.1056E+00  0.7469E-01  0.4535E-01  0.1784E-01 -0.4046E-02 -0.1673E-01  0.3120E-01  0.2445E+00
     14.6341      240.0000  0.5989E-01  0.5132E+00  0.6545E+00  0.7581E+00  0.8584E+00  0.9585E+00  0.1050E+01  0.1037E+01  0.8979E+00  0.7101E+00  0.5712E+00  0.4747E+00  0.3979E+00  0.3361E+00  0.2854E+00  0.2395E+00  0.1940E+00  0.1506E+00  0.1132E+00  0.8227E-01  0.5293E-01  0.2542E-01  0.3557E-02 -0.9087E-02  0.3894E-01  0.2525E+00
     14.7696      250.0000  0.6822E-01  0.5215E+00  0.6628E+00  0.7663E+00  0.8666E+00  0.9666E+00  0.1058E+01  0.1045E+01  0.9061E+00  0.7183E+00  0.5795E+00  0.4830E+00  0.4062E+00  0.3444E+00  0.2938E+00  0.2479E+00  0.2024E+00  0.1590E+00  0.1216E+00  0.9064E-01  0.6130E-01  0.3379E-01  0.1195E-01 -0.6659E-03  0.4743E-01  0.2611E+00
     14.9051      260.0000  0.7711E-01  0.5303E+00  0.6716E+00  0.7751E+00  0.8754E+00  0.9753E+00  0.1067E+01  0.1054E+01  0.9149E+00  0.7272E+00  0.5883E+00  0.4918E+00  0.4151E+00  0.3533E+00  0.3026E+00  0.2568E+00  0.2113E+00  0.1679E+00  0.1305E+00  0.9954E-01  0.7020E-01  0.4270E-01  0.2086E-01  0.8272E-02  0.5640E-01  0.2702E+00
     15.0407      270.0000  0.8628E-01  0.5395E+00  0.6807E+00  0.7842E+00  0.8844E+00  0.9844E+00  0.1076E+01  0.1063E+01  0.9239E+00  0.7363E+00  0.5975E+00  0.5010E+00  0.4243E+00  0.3625E+00  0.3118E+00  0.2659E+00  0.2205E+00  0.1770E+00  0.1397E+00  0.1087E+00  0.7938E-01  0.5188E-01  0.3004E-01  0.1746E-01  0.6560E-01  0.2794E+00
     15.1762      280.0000  0.9544E-01  0.5486E+00  0.6898E+00  0.7933E+00  0.8935E+00  0.9934E+00  0.1085E+01  0.1072E+01  0.9330E+00  0.7454E+00  0.6066E+00  0.5101E+00  0.4334E+00  0.3716E+00  0.3210E+00  0.2751E+00  0.2296E+00  0.1862E+00  0.1488E+00  0.1179E+00  0.8854E-01  0.6104E-01  0.3920E-01  0.2661E-01  0.7473E-01  0.2884E+00
     15.3117      290.0000  0.1043E+00  0.5575E+00  0.6987E+00  0.8021E+00  0.9023E+00  0.1002E+01  0.1093E+01  0.1081E+01  0.9418E+00  0.7542E+00  0.6154E+00  0.5190E+00  0.4423E+00  0.3805E+00  0.3298E+00  0.2840E+00  0.2385E+00  0.1951E+00  0.1577E+00  0.1267E+00  0.9741E-01  0.6991E-01  0.4806E-01  0.3545E-01  0.8352E-01  0.2971E+00
     15.4472      300.0000  0.1127E+00  0.5658E+00  0.7070E+00  0.8105E+00  0.9107E+00  0.1011E+01  0.1102E+01  0.1089E+01  0.9501E+00  0.7625E+00  0.6237E+00  0.5273E+00  0.4506E+00  0.3888E+00  0.3381E+00  0.2923E+00  0.2468E+00  0.2034E+00  0.1660E+00  0.1351E+00  0.1057E+00  0.7822E-01  0.5636E-01  0.4371E-01  0.9170E-01  0.3050E+00
     15.5827      310.0000  0.1202E+00  0.5734E+00  0.7146E+00  0.8181E+00  0.9182E+00  0.1018E+01  0.1109E+01  0.1096E+01  0.9575E+00  0.7700E+00  0.6312E+00  0.5348E+00  0.4581E+00  0.3963E+00  0.3456E+00  0.2998E+00  0.2543E+00  0.2109E+00  0.1735E+00  0.1426E+00  0.1132E+00  0.8571E-01  0.6383E-01  0.5114E-01  0.9903E-01  0.3121E+00
     15.7182      320.0000  0.1267E+00  0.5800E+00  0.7212E+00  0.8246E+00  0.9248E+00  0.1025E+01  0.1116E+01  0.1103E+01  0.9640E+00  0.7764E+00  0.6377E+00  0.5413E+00  0.4646E+00  0.4028E+00  0.3521E+00  0.3062E+00  0.2607E+00  0.2173E+00  0.1800E+00  0.1490E+00  0.1197E+00  0.9217E-01  0.7026E-01  0.5751E-01  0.1053E+00  0.3181E+00
     15.8537      330.0000  0.1320E+00  0.5853E+00  0.7266E+00  0.8300E+00  0.9301E+00  0.1030E+01  0.1121E+01  0.1108E+01  0.9692E+00  0.7817E+00  0.6430E+00  0.5466E+00  0.4698E+00  0.4080E+00  0.3573E+00  0.3115E+00  0.2660E+00  0.2226E+00  0.1852E+00  0.1542E+00  0.1249E+00  0.9738E-01  0.7545E-01  0.6263E-01  0.1103E+00  0.3227E+00
     15.9892      340.0000  0.1359E+00  0.5893E+00  0.7306E+00  0.8340E+00  0.9341E+00  0.1034E+01  0.1125E+01  0.1112E+01  0.9731E+00  0.7855E+00  0.6469E+00  0.5504E+00  0.4737E+00  0.4119E+00  0.3612E+00  0.3153E+00  0.2698E+00  0.2264E+00  0.1890E+00  0.1581E+00  0.1287E+00  0.1012E+00  0.7923E-01  0.6635E-01  0.1138E+00  0.3259E+00
     16.1247      350.0000  0.1383E+00  0.5918E+00  0.7331E+00  0.8366E+00  0.9367E+00  0.1036E+01  0.1127E+01  0.1114E+01  0.9755E+00  0.7879E+00  0.6492E+00  0.5528E+00  0.4761E+00  0.4142E+00  0.3635E+00  0.3176E+00  0.2721E+00  0.2287E+00  0.1913E+00  0.1604E+00  0.1311E+00  0.1035E+00  0.8151E-01  0.6855E-01  0.1158E+00  0.3275E+00
     16.2602      360.0000  0.1392E+00  0.5927E+00  0.7341E+00  0.8375E+00  0.9376E+00  0.1037E+01  0.1128E+01  0.1115E+01  0.9763E+00  0.7887E+00  0.6500E+00  0.5536E+00  0.4768E+00  0.4150E+00  0.3643E+00  0.3184E+00  0.2728E+00  0.2294E+00  0.1921E+00  0.1611E+00  0.1318E+00  0.1042E+00  0.8220E-01  0.6916E-01  0.1163E+00  0.3275E+00
     16.3957       10.0000  0.1384E+00  0.5920E+00  0.7334E+00  0.8369E+00  0.9370E+00  0.1037E+01  0.1128E+01  0.1115E+01  0.9756E+00  0.7879E+00  0.6492E+00  0.5528E+00  0.4760E+00  0.4142E+00  0.3634E+00  0.3175E+00  0.2720E+00  0.2286E+00  0.1912E+00  0.1603E+00  0.1309E+00  0.1033E+00  0.8128E-01  0.6817E-01  0.1151E+00  0.3260E+00
     16.5312       20.0000  0.1360E+00  0.5897E+00  0.7312E+00  0.8347E+00  0.9348E+00  0.1035E+01  0.1126E+01  0.1112E+01  0.9733E+00  0.7855E+00  0.6469E+00  0.5504E+00  0.4736E+00  0.4118E+00  0.3610E+00  0.3151E+00  0.2695E+00  0.2261E+00  0.1887E+00  0.1578E+00  0.1285E+00  0.1009E+00  0.7879E-01  0.6560E-01  0.1124E+00  0.3229E+00
     16.6667       30.0000  0.1321E+00  0.5859E+00  0.7275E+00  0.8310E+00  0.9311E+00  0.1031E+01  0.1122E+01  0.1109E+01  0.9695E+00  0.7817E+00  0.6430E+00  0.5465E+00  0.4697E+00  0.4079E+00  0.3571E+00  0.3111E+00  0.2656E+00  0.2222E+00  0.1848E+00  0.1539E+00  0.1245E+00  0.9693E-01  0.7480E-01  0.6154E-01  0.1082E+00  0.3183E+00
     16.8022       40.0000  0.1269E+00  0.5808E+00  0.7224E+00  0.8259E+00  0.9260E+00  0.1026E+01  0.1117E+01  0.1104E+01  0.9643E+00  0.7764E+00  0.6378E+00  0.5413E+00  0.4645E+00  0.4026E+00  0.3518E+00  0.3058E+00  0.2603E+00  0.2168E+00  0.1795E+00  0.1485E+00  0.1192E+00  0.9159E-01  0.6943E-01  0.5610E-01  0.1026E+00  0.3124E+00
     16.9377       50.0000  0.1204E+00  0.5744E+00  0.7160E+00  0.8196E+00  0.9197E+00  0.1020E+01  0.1110E+01  0.1097E+01  0.9579E+00  0.7699E+00  0.6313E+00  0.5348E+00  0.4580E+00  0.3961E+00  0.3452E+00  0.2993E+00  0.2537E+00  0.2103E+00  0.1729E+00  0.1420E+00  0.1126E+00  0.8502E-01  0.6284E-01  0.4946E-01  0.9586E-01  0.3054E+00
     17.0732       60.0000  0.1128E+00  0.5669E+00  0.7086E+00  0.8122E+00  0.9124E+00  0.1012E+01  0.1103E+01  0.1090E+01  0.9504E+00  0.7625E+00  0.6238E+00  0.5273E+00  0.4504E+00  0.3885E+00  0.3377E+00  0.2917E+00  0.2461E+00  0.2027E+00  0.1653E+00  0.1344E+00  0.1051E+00  0.7744E-01  0.5524E-01  0.4182E-01  0.8812E-01  0.2975E+00
     17.2087       70.0000  0.1045E+00  0.5587E+00  0.7004E+00  0.8040E+00  0.9042E+00  0.1004E+01  0.1095E+01  0.1082E+01  0.9422E+00  0.7542E+00  0.6155E+00  0.5190E+00  0.4421E+00  0.3802E+00  0.3293E+00  0.2834E+00  0.2378E+00  0.1943E+00  0.1570E+00  0.1260E+00  0.9669E-01  0.6907E-01  0.4685E-01  0.3339E-01  0.7963E-01  0.2888E+00
     17.3442       80.0000  0.9560E-01  0.5498E+00  0.6916E+00  0.7953E+00  0.8954E+00  0.9953E+00  0.1086E+01  0.1073E+01  0.9334E+00  0.7454E+00  0.6066E+00  0.5101E+00  0.4332E+00  0.3713E+00  0.3204E+00  0.2745E+00  0.2289E+00  0.1854E+00  0.1481E+00  0.1171E+00  0.8778E-01  0.6016E-01  0.3793E-01  0.2446E-01  0.7065E-01  0.2798E+00
     17.4797       90.0000  0.8644E-01  0.5407E+00  0.6825E+00  0.7862E+00  0.8864E+00  0.9863E+00  0.1077E+01  0.1064E+01  0.9244E+00  0.7363E+00  0.5975E+00  0.5010E+00  0.4241E+00  0.3621E+00  0.3113E+00  0.2653E+00  0.2197E+00  0.1763E+00  0.1389E+00  0.1080E+00  0.7860E-01  0.5098E-01  0.2876E-01  0.1527E-01  0.6146E-01  0.2706E+00
     17.6152      100.0000  0.7727E-01  0.5316E+00  0.6734E+00  0.7771E+00  0.8773E+00  0.9772E+00  0.1068E+01  0.1055E+01  0.9153E+00  0.7272E+00  0.5884E+00  0.4918E+00  0.4149E+00  0.3530E+00  0.3021E+00  0.2561E+00  0.2105E+00  0.1671E+00  0.1297E+00  0.9879E-01  0.6944E-01  0.4182E-01  0.1960E-01  0.6122E-02  0.5233E-01  0.2615E+00
     17.7507      110.0000  0.6837E-01  0.5227E+00  0.6645E+00  0.7682E+00  0.8685E+00  0.9684E+00  0.1059E+01  0.1046E+01  0.9065E+00  0.7183E+00  0.5795E+00  0.4830E+00  0.4061E+00  0.3441E+00  0.2933E+00  0.2473E+00  0.2017E+00  0.1582E+00  0.1209E+00  0.8992E-01  0.6057E-01  0.3295E-01  0.1074E-01 -0.2718E-02  0.4354E-01  0.2529E+00
     17.8862      120.0000  0.6003E-01  0.5143E+00  0.6562E+00  0.7599E+00  0.8601E+00  0.9601E+00  0.1051E+01  0.1038E+01  0.8982E+00  0.7100E+00  0.5712E+00  0.4747E+00  0.3978E+00  0.3358E+00  0.2850E+00  0.2390E+00  0.1934E+00  0.1499E+00  0.1126E+00  0.8161E-01  0.5226E-01  0.2464E-01  0.2442E-02 -0.1098E-01  0.3536E-01  0.2449E+00
     18.0217      130.0000  0.5248E-01  0.5068E+00  0.6486E+00  0.7523E+00  0.8526E+00  0.9526E+00  0.1044E+01  0.1030E+01  0.8908E+00  0.7026E+00  0.5637E+00  0.4671E+00  0.3903E+00  0.3283E+00  0.2775E+00  0.2315E+00  0.1859E+00  0.1424E+00  0.1051E+00  0.7411E-01  0.4476E-01  0.1715E-01 -0.5033E-02 -0.1841E-01  0.2803E-01  0.2378E+00
     18.1572      140.0000  0.4596E-01  0.5002E+00  0.6420E+00  0.7457E+00  0.8460E+00  0.9460E+00  0.1037E+01  0.1024E+01  0.8843E+00  0.6961E+00  0.5572E+00  0.4607E+00  0.3838E+00  0.3218E+00  0.2710E+00  0.2250E+00  0.1794E+00  0.1360E+00  0.9859E-01  0.6765E-01  0.3830E-01  0.1069E-01 -0.1146E-01 -0.2478E-01  0.2178E-01  0.2319E+00
     18.2927      150.0000  0.4067E-01  0.4949E+00  0.6366E+00  0.7403E+00  0.8407E+00  0.9407E+00  0.1032E+01  0.1019E+01  0.8790E+00  0.6909E+00  0.5520E+00  0.4554E+00  0.3785E+00  0.3166E+00  0.2657E+00  0.2198E+00  0.1742E+00  0.1307E+00  0.9337E-01  0.6242E-01  0.3307E-01  0.5480E-02 -0.1665E-01 -0.2990E-01  0.1680E-01  0.2273E+00
     18.4282      160.0000  0.3677E-01  0.4909E+00  0.6326E+00  0.7363E+00  0.8367E+00  0.9367E+00  0.1028E+01  0.1015E+01  0.8752E+00  0.6870E+00  0.5481E+00  0.4515E+00  0.3746E+00  0.3127E+00  0.2619E+00  0.2159E+00  0.1704E+00  0.1269E+00  0.8954E-01  0.5860E-01  0.2925E-01  0.1662E-02 -0.2044E-01 -0.3362E-01  0.1324E-01  0.2241E+00
     18.5637      170.0000  0.3437E-01  0.4884E+00  0.6301E+00  0.7338E+00  0.8341E+00  0.9342E+00  0.1025E+01  0.1012E+01  0.8728E+00  0.6846E+00  0.5457E+00  0.4491E+00  0.3723E+00  0.3104E+00  0.2596E+00  0.2136E+00  0.1680E+00  0.1246E+00  0.8722E-01  0.5628E-01  0.2693E-01 -0.6448E-03 -0.2271E-01 -0.3582E-01  0.1121E-01  0.2224E+00
     18.6992      180.0000  0.3356E-01  0.4875E+00  0.6291E+00  0.7328E+00  0.8332E+00  0.9332E+00  0.1024E+01  0.1011E+01  0.8719E+00  0.6838E+00  0.5449E+00  0.4484E+00  0.3715E+00  0.3096E+00  0.2588E+00  0.2129E+00  0.1673E+00  0.1239E+00  0.8649E-01  0.5554E-01  0.2619E-01 -0.1369E-02 -0.2340E-01 -0.3643E-01  0.1077E-01  0.2224E+00
     18.8347      190.0000  0.3435E-01  0.4882E+00  0.6298E+00  0.7334E+00  0.8338E+00  0.9339E+00  0.1025E+01  0.1012E+01  0.8727E+00  0.6846E+00  0.5457E+00  0.4492E+00  0.3723E+00  0.3104E+00  0.2597E+00  0.2137E+00  0.1682E+00  0.1247E+00  0.8736E-01  0.5641E-01  0.2706E-01 -0.4888E-03 -0.2249E-01 -0.3544E-01  0.1193E-01  0.2240E+00
     18.9702      200.0000  0.3671E-01  0.4904E+00  0.6320E+00  0.7356E+00  0.8360E+00  0.9361E+00  0.1027E+01  0.1014E+01  0.8750E+00  0.6870E+00  0.5481E+00  0.4515E+00  0.3747E+00  0.3128E+00  0.2621E+00  0.2162E+00  0.1706E+00  0.1272E+00  0.8980E-01  0.5886E-01  0.2951E-01  0.1969E-02 -0.2000E-01 -0.3287E-01  0.1466E-01  0.2271E+00
     19.1057      210.0000  0.4059E-01  0.4942E+00  0.6357E+00  0.7393E+00  0.8397E+00  0.9397E+00  0.1031E+01  0.1018E+01  0.8788E+00  0.6909E+00  0.5520E+00  0.4554E+00  0.3786E+00  0.3167E+00  0.2660E+00  0.2201E+00  0.1746E+00  0.1311E+00  0.9375E-01  0.6280E-01  0.3346E-01  0.5929E-02 -0.1600E-01 -0.2881E-01  0.1887E-01  0.2316E+00
     19.2412      220.0000  0.4586E-01  0.4994E+00  0.6408E+00  0.7444E+00  0.8447E+00  0.9448E+00  0.1036E+01  0.1023E+01  0.8840E+00  0.6961E+00  0.5572E+00  0.4607E+00  0.3839E+00  0.3220E+00  0.2713E+00  0.2254E+00  0.1799E+00  0.1365E+00  0.9909E-01  0.6814E-01  0.3880E-01  0.1127E-01 -0.1063E-01 -0.2338E-01  0.2444E-01  0.2375E+00
     19.3767      230.0000  0.5236E-01  0.5058E+00  0.6471E+00  0.7508E+00  0.8511E+00  0.9511E+00  0.1042E+01  0.1029E+01  0.8904E+00  0.7026E+00  0.5637E+00  0.4672E+00  0.3904E+00  0.3286E+00  0.2778E+00  0.2320E+00  0.1864E+00  0.1430E+00  0.1056E+00  0.7469E-01  0.4535E-01  0.1784E-01 -0.4046E-02 -0.1673E-01  0.3120E-01  0.2445E+00
     19.5122      240.0000  0.5989E-01  0.5132E+00  0.6545E+00  0.7581E+00  0.8584E+00  0.9585E+00  0.1050E+01  0.1037E+01  0.8979E+00  0.7101E+00  0.5712E+00  0.4747E+00  0.3979E+00  0.3361E+00  0.2854E+00  0.2395E+00  0.1940E+00  0.1506E+00  0.1132E+00  0.8227E-01  0.5293E-01  0.2542E-01  0.3557E-02 -0.9087E-02  0.3894E-01  0.2525E+00
     19.6477      250.0000  0.6822E-01  0.5215E+00  0.6628E+00  0.7663E+00  0.8666E+00  0.9666E+00  0.1058E+01  0.1045E+01  0.9061E+00  0.7183E+00  0.5795E+00  0.4830E+00  0.4062E+00  0.3444E+00  0.2938E+00  0.2479E+00  0.2024E+00  0.1590E+00  0.1216E+00  0.9064E-01  0.6130E-01  0.3379E-01  0.1195E-01 -0.6659E-03  0.4743E-01  0.2611E+00
     19.7832      260.0000  0.7711E-01  0.5303E+00  0.6716E+00  0.7751E+00  0.8754E+00  0.9753E+00  0.1067E+01  0.1054E+01  0.9149E+00  0.7272E+00  0.5883E+00  0.4918E+00  0.4151E+00  0.3533E+00  0.3026E+00  0.2568E+00  0.2113E+00  0.1679E+00  0.1305E+00  0.9954E-01  0.7020E-01  0.4270E-01  0.2086E-01  0.8272E-02  0.5640E-01  0.2702E+00
     19.9187      270.0000  0.8628E-01  0.5395E+00  0.6807E+00  0.7842E+00  0.8844E+00  0.9844E+00  0.1076E+01  0.1063E+01  0.9239E+00  0.7363E+00  0.5975E+00  0.5010E+00  0.4243E+00  0.3625E+00  0.3118E+00  0.2659E+00  0.2205E+00  0.1770E+00  0.1397E+00  0.1087E+00  0.7938E-01  0.5188E-01  0.3004E-01  0.1746E-01  0.6560E-01  0.2794E+00
     20.0542      280.0000  0.9544E-01  0.5486E+00  0.6898E+00  0.7933E+00  0.8935E+00  0.9934E+00  0.1085E+01  0.1072E+01  0.9330E+00  0.7454E+00  0.6066E+00  0.5101E+00  0.4334E+00  0.3716E+00  0.3210E+00  0.2751E+00  0.2296E+00  0.1862E+00  0.1488E+00  0.1179E+00  0.8854E-01  0.6104E-01  0.3920E-01  0.2661E-01  0.7473E-01  0.2884E+00
     20.1897      290.0000  0.1043E+00  0.5575E+00  0.6987E+00  0.8021E+00  0.9023E+00  0.1002E+01  0.1093E+01  0.1081E+01  0.9418E+00  0.7542E+00  0.6154E+00  0.5190E+00  0.4423E+00  0.3805E+00  0.3298E+00  0.2840E+00  0.2385E+00  0.1951E+00  0.1577E+00  0.1267E+00  0.9741E-01  0.6991E-01  0.4806E-01  0.3545E-01  0.8352E-01  0.2971E+00
     20.3252      300.0000  0.1127E+00  0.5658E+00  0.7070E+00  0.8105E+00  0.9107E+00  0.1011E+01  0.1102E+01  0.1089E+01  0.9501E+00  0.7625E+00  0.6237E+00  0.5273E+00  0.4506E+00  0.3888E+00  0.3381E+00  0.2923E+00  0.2468E+00  0.2034E+00  0.1660E+00  0.1351E+00  0.1057E+00  0.7822E-01  0.5636E-01  0.4371E-01  0.9170E-01  0.3050E+00
     20.4607      310.0000  0.1202E+00  0.5734E+00  0.7146E+00  0.8181E+00  0.9182E+00  0.1018E+01  0.1109E+01  0.1096E+01  0.9575E+00  0.7700E+00  0.6312E+00  0.5348E+00  0.4581E+00  0.3963E+00  0.3456E+00  0.2998E+00  0.2543E+00  0.2109E+00  0.1735E+00  0.1426E+00  0.1132E+00  0.8571E-01  0.6383E-01  0.5114E-01  0.9903E-01  0.3121E+00
     20.5962      320.0000  0.1267E+00  0.5800E+00  0.7212E+00  0.8246E+00  0.9248E+00  0.1025E+01  0.1116E+01  0.1103E+01  0.9640E+00  0.7764E+00  0.6377E+00  0.5413E+00  0.4646E+00  0.4028E+00  0.3521E+00  0.3062E+00  0.2607E+00  0.2173E+00  0.1800E+00  0.1490E+00  0.1197E+00  0.9217E-01  0.7026E-01  0.5751E-01  0.1053E+00  0.3181E+00
     20.7317      330.0000  0.1320E+00  0.5853E+00  0.7266E+00  0.8300E+00  0.9301E+00  0.1030E+01  0.1121E+01  0.1108E+01  0.9692E+00  0.7817E+00  0.6430E+00  0.5466E+00  0.4698E+00  0.4080E+00  0.3573E+00  0.3115E+00  0.2660E+00  0.2226E+00  0.1852E+00  0.1542E+00  0.1249E+00  0.9738E-01  0.7545E-01  0.6263E-01  0.1103E+00  0.3227E+00
     20.8672      340.0000  0.1359E+00  0.5893E+00  0.7306E+00  0.8340E+00  0.9341E+00  0.1034E+01  0.1125E+01  0.1112E+01  0.9731E+00  0.7855E+00  0.6469E+00  0.5504E+00  0.4737E+00  0.4119E+00  0.3612E+00  0.3153E+00  0.2698E+00  0.2264E+00  0.1890E+00  0.1581E+00  0.1287E+00  0.1012E+00  0.7923E-01  0.6635E-01  0.1138E+00  0.3259E+00
     21.0027      350.0000  0.1383E+00  0.5918E+00  0.7331E+00  0.8366E+00  0.9367E+00  0.1036E+01  0.1127E+01  0.1114E+01  0.9755E+00  0.7879E+00  0.6492E+00  0.5528E+00  0.4761E+00  0.4142E+00  0.3635E+00  0.3176E+00  0.2721E+00  0.2287E+00  0.1913E+00  0.1604E+00  0.1311E+00  0.1035E+00  0.8151E-01  0.6855E-01  0.1158E+00  0.3275E+00
     21.1382      360.0000  0.1392E+00  0.5927E+00  0.7341E+00  0.8375E+00  0.9376E+00  0.1037E+01  0.1128E+01  0.1115E+01  0.9763E+00  0.7887E+00  0.6500E+00  0.5536E+00  0.4768E+00  0.4150E+00  0.3643E+00  0.3184E+00  0.2728E+00  0.2294E+00  0.1921E+00  0.1611E+00  0.1318E+00  0.1042E+00  0.8220E-01  0.6916E-01  0.1163E+00  0.3275E+00
     21.2737       10.0000  0.1384E+00  0.5920E+00  0.7334E+00  0.8369E+00  0.9370E+00  0.1037E+01  0.1128E+01  0.1115E+01  0.9756E+00  0.7879E+00  0.6492E+00  0.5528E+00  0.4760E+00  0.4142E+00  0.3634E+00  0.3175E+00  0.2720E+00  0.2286E+00  0.1912E+00  0.1603E+00  0.1309E+00  0.1033E+00  0.8128E-01  0.6817E-01  0.1151E+00  0.3260E+00
     21.4092       20.0000  0.1360E+00  0.5897E+00  0.7312E+00  0.8347E+00  0.9348E+00  0.1035E+01  0.1126E+01  0.1112E+01  0.9733E+00  0.7855E+00  0.6469E+00  0.5504E+00  0.4736E+00  0.4118E+00  0.3610E+00  0.3151E+00  0.2695E+00  0.2261E+00  0.1887E+00  0.1578E+00  0.1285E+00  0.1009E+00  0.7879E-01  0.6560E-01  0.1124E+00  0.3229E+00
     21.5447       30.0000  0.1321E+00  0.5859E+00  0.7275E+00  0.8310E+00  0.9311E+00  0.1031E+01  0.1122E+01  0.1109E+01  0.9695E+00  0.7817E+00  0.6430E+00  0.5465E+00  0.4697E+00  0.4079E+00  0.3571E+00  0.3111E+00  0.2656E+00  0.2222E+00  0.1848E+00  0.1539E+00  0.1245E+00  0.9693E-01  0.7480E-01  0.6154E-01  0.1082E+00  0.3183E+00
     21.6802       40.0000  0.1269E+00  0.5808E+00  0.7224E+00  0.8259E+00  0.9260E+00  0.1026E+01  0.1117E+01  0.1104E+01  0.9643E+00  0.7764E+00  0.6378E+00  0.5413E+00  0.4645E+00  0.4026E+00  0.3518E+00  0.3058E+00  0.2603E+00  0.2168E+00  0.1795E+00  0.1485E+00  0.1192E+00  0.9159E-01  0.6943E-01  0.5610E-01  0.1026E+00  0.3124E+00
     21.8157       50.0000  0.1204E+00  0.5744E+00  0.7160E+00  0.8196E+00  0.9197E+00  0.1020E+01  0.1110E+01  0.1097E+01  0.9579E+00  0.7699E+00  0.6313E+00  0.5348E+00  0.4580E+00  0.3961E+00  0.3452E+00  0.2993E+00  0.2537E+00  0.2103E+00  0.1729E+00  0.1420E+00  0.1126E+00  0.8502E-01  0.6284E-01  0.4946E-01  0.9586E-01  0.3054E+00
     21.9512       60.0000  0.1128E+00  0.5669E+00  0.7086E+00  0.8122E+00  0.9124E+00  0.1012E+01  0.1103E+01  0.1090E+01  0.9504E+00  0.7625E+00  0.6238E+00  0.5273E+00  0.4504E+00  0.3885E+00  0.3377E+00  0.2917E+00  0.2461E+00  0.2027E+00  0.1653E+00  0.1344E+00  0.1051E+00  0.7744E-01  0.5524E-01  0.4182E-01  0.8812E-01  0.2975E+00
     22.0867       70.0000  0.1045E+00  0.5587E+00  0.7004E+00  0.8040E+00  0.9042E+00  0.1004E+01  0.1095E+01  0.1082E+01  0.9422E+00  0.7542E+00  0.6155E+00  0.5190E+00  0.4421E+00  0.3802E+00  0.3293E+00  0.2834E+00  0.2378E+00  0.1943E+00  0.1570E+00  0.1260E+00  0.9669E-01  0.6907E-01  0.4685E-01  0.3339E-01  0.7963E-01  0.2888E+00
     22.2222       80.0000  0.9560E-01  0.5498E+00  0.6916E+00  0.7953E+00  0.8954E+00  0.9953E+00  0.1086E+01  0.1073E+01  0.9334E+00  0.7454E+00  0.6066E+00  0.5101E+00  0.4332E+00  0.3713E+00  0.3204E+00  0.2745E+00  0.2289E+00  0.1854E+00  0.1481E+00  0.1171E+00  0.8778E-01  0.6016E-01  0.3793E-01  0.2446E-01  0.7065E-01  0.2798E+00
     22.3577       90.0000  0.8644E-01  0.5407E+00  0.6825E+00  0.7862E+00  0.8864E+00  0.9863E+00  0.1077E+01  0.1064E+01  0.9244E+00  0.7363E+00  0.5975E+00  0.5010E+00  0.4241E+00  0.3621E+00  0.3113E+00  0.2653E+00  0.2197E+00  0.1763E+00  0.1389E+00  0.1080E+00  0.7860E-01  0.5098E-01  0.2876E-01  0.1527E-01  0.6146E-01  0.2706E+00
     22.4932      100.0000  0.7727E-01  0.5316E+00  0.6734E+00  0.7771E+00  0.8773E+00  0.9772E+00  0.1068E+01  0.1055E+01  0.9153E+00  0.7272E+00  0.5884E+00  0.4918E+00  0.4149E+00  0.3530E+00  0.3021E+00  0.2561E+00  0.2105E+00  0.1671E+00  0.1297E+00  0.9879E-01  0.6944E-01  0.4182E-01  0.1960E-01  0.6122E-02  0.5233E-01  0.2615E+00
     22.6287      110.0000  0.6837E-01  0.5227E+00  0.6645E+00  0.7682E+00  0.8685E+00  0.9684E+00  0.1059E+01  0.1046E+01  0.9065E+00  0.7183E+00  0.5795E+00  0.4830E+00  0.4061E+00  0.3441E+00  0.2933E+00  0.2473E+00  0.2017E+00  0.1582E+00  0.1209E+00  0.8992E-01  0.6057E-01  0.3295E-01  0.1074E-01 -0.2718E-02  0.4354E-01  0.2529E+00
     22.7642      120.0000  0.6003E-01  0.5143E+00  0.6562E+00  0.7599E+00  0.8601E+00  0.9601E+00  0.1051E+01  0.1038E+01  0.8982E+00  0.7100E+00  0.5712E+00  0.4747E+00  0.3978E+00  0.3358E+00  0.2850E+00  0.2390E+00  0.1934E+00  0.1499E+00  0.1126E+00  0.8161E-01  0.5226E-01  0.2464E-01  0.2442E-02 -0.1098E-01  0.3536E-01  0.2449E+00
     22.8997      130.0000  0.5248E-01  0.5068E+00  0.6486E+00  0.7523E+00  0.8526E+00  0.9526E+00  0.1044E+01  0.1030E+01  0.8908E+00  0.7026E+00  0.5637E+00  0.4671E+00  0.3903E+00  0.3283E+00  0.2775E+00  0.2315E+00  0.1859E+00  0.1424E+00  0.1051E+00  0.7411E-01  0.4476E-01  0.1715E-01 -0.5033E-02 -0.1841E-01  0.2803E-01  0.2378E+00
     23.0352      140.0000  0.4596E-01  0.5002E+00  0.6420E+00  0.7457E+00  0.8460E+00  0.9460E+00  0.1037E+01  0.1024E+01  0.8843E+00  0.6961E+00  0.5572E+00  0.4607E+00  0.3838E+00  0.3218E+00  0.2710E+00  0.2250E+00  0.1794E+00  0.1360E+00  0.9859E-01  0.6765E-01  0.3830E-01  0.1069E-01 -0.1146E-01 -0.2478E-01  0.2178E-01  0.2319E+00
     23.1707      150.0000  0.4067E-01  0.4949E+00  0.6366E+00  0.7403E+00  0.8407E+00  0.9407E+00  0.1032E+01  0.1019E+01  0.8790E+00  0.6909E+00  0.5520E+00  0.4554E+00  0.3785E+00  0.3166E+00  0.2657E+00  0.2198E+00  0.1742E+00  0.1307E+00  0.9337E-01  0.6242E-01  0.3307E-01  0.5480E-02 -0.1665E-01 -0.2990E-01  0.1680E-01  0.2273E+00
     23.3062      160.0000  0.3677E-01  0.4909E+00  0.6326E+00  0.7363E+00  0.8367E+00  0.9367E+00  0.1028E+01  0.1015E+01  0.8752E+00  0.6870E+00  0.5481E+00  0.4515E+00  0.3746E+00  0.3127E+00  0.2619E+00  0.2159E+00  0.1704E+00  0.1269E+00  0.8954E-01  0.5860E-01  0.2925E-01  0.1662E-02 -0.2044E-01 -0.3362E-01  0.1324E-01  0.2241E+00
     23.4417      170.0000  0.3437E-01  0.4884E+00  0.6301E+00  0.7338E+00  0.8341E+00  0.9342E+00  0.1025E+01  0.1012E+01  0.8728E+00  0.6846E+00  0.5457E+00  0.4491E+00  0.3723E+00  0.3104E+00  0.2596E+00  0.2136E+00  0.1680E+00  0.1246E+00  0.8722E-01  0.5628E-01  0.2693E-01 -0.6448E-03 -0.2271E-01 -0.3582E-01  0.1121E-01  0.2224E+00
     23.5772      180.0000  0.3356E-01  0.4875E+00  0.6291E+00  0.7328E+00  0.8332E+00  0.9332E+00  0.1024E+01  0.1011E+01  0.8719E+00  0.6838E+00  0.5449E+00  0.4484E+00  0.3715E+00  0.3096E+00  0.2588E+00  0.2129E+00  0.1673E+00  0.1239E+00  0.8649E-01  0.5554E-01  0.2619E-01 -0.1369E-02 -0.2340E-01 -0.3643E-01  0.1077E-01  0.2224E+00
     23.7127      190.0000  0.3435E-01  0.4882E+00  0.6298E+00  0.7334E+00  0.8338E+00  0.9339E+00  0.1025E+01  0.1012E+01  0.8727E+00  0.6846E+00  0.5457E+00  0.4492E+00  0.3723E+00  0.3104E+00  0.2597E+00  0.2137E+00  0.1682E+00  0.1247E+00  0.8736E-01  0.5641E-01  0.2706E-01 -0.4888E-03 -0.2249E-01 -0.3544E-01  0.1193E-01  0.2240E+00
     23.8482      200.0000  0.3671E-01  0.4904E+00  0.6320E+00  0.7356E+00  0.8360E+00  0.9361E+00  0.1027E+01  0.1014E+01  0.8750E+00  0.6870E+00  0.5481E+00  0.4515E+00  0.3747E+00  0.3128E+00  0.2621E+00  0.2162E+00  0.1706E+00  0.1272E+00  0.8980E-01  0.5886E-01  0.2951E-01  0.1969E-02 -0.2000E-01 -0.3287E-01  0.1466E-01  0.2271E+00
     23.9837      210.0000  0.4059E-01  0.4942E+00  0.6357E+00  0.7393E+00  0.8397E+00  0.9397E+00  0.1031E+01  0.1018E+01  0.8788E+00  0.6909E+00  0.5520E+00  0.4554E+00  0.3786E+00  0.3167E+00  0.2660E+00  0.2201E+00  0.1746E+00  0.1311E+00  0.9375E-01  0.6280E-01  0.3346E-01  0.5929E-02 -0.1600E-01 -0.2881E-01  0.1887E-01  0.2316E+00
     24.1192      220.0000  0.4586E-01  0.4994E+00  0.6408E+00  0.7444E+00  0.8447E+00  0.9448E+00  0.1036E+01  0.1023E+01  0.8840E+00  0.6961E+00  0.5572E+00  0.4607E+00  0.3839E+00  0.3220E+00  0.2713E+00  0.2254E+00  0.1799E+00  0.1365E+00  0.9909E-01  0.6814E-01  0.3880E-01  0.1127E-01 -0.1063E-01 -0.2338E-01  0.2444E-01  0.2375E+00
     24.2547      230.0000  0.5236E-01  0.5058E+00  0.6471E+00  0.7508E+00  0.8511E+00  0.9511E+00  0.1042E+01  0.1029E+01  0.8904E+00  0.7026E+00  0.5637E+00  0.4672E+00  0.3904E+00  0.3286E+00  0.2778E+00  0.2320E+00  0.1864E+00  0.1430E+00  0.1056E+00  0.7469E-01  0.4535E-01  0.1784E-01 -0.4046E-02 -0.1673E-01  0.3120E-01  0.2445E+00
     24.3902      240.0000  0.5989E-01  0.5132E+00  0.6545E+00  0.7581E+00  0.8584E+00  0.9585E+00  0.1050E+01  0.1037E+01  0.8979E+00  0.7101E+00  0.5712E+00  0.4747E+00  0.3979E+00  0.3361E+00  0.2854E+00  0.2395E+00  0.1940E+00  0.1506E+00  0.1132E+00  0.8227E-01  0.5293E-01  0.2542E-01  0.3557E-02 -0.9087E-02  0.3894E-01  0.2525E+00
     24.5257      250.0000  0.6822E-01  0.5215E+00  0.6628E+00  0.7663E+00  0.8666E+00  0.9666E+00  0.1058E+01  0.1045E+01  0.9061E+00  0.7183E+00  0.5795E+00  0.4830E+00  0.4062E+00  0.3444E+00  0.2938E+00  0.2479E+00  0.2024E+00  0.1590E+00  0.1216E+00  0.9064E-01  0.6130E-01  0.3379E-01  0.1195E-01 -0.6659E-03  0.4743E-01  0.2611E+00
     24.6612      260.0000  0.7711E-01  0.5303E+00  0.6716E+00  0.7751E+00  0.8754E+00  0.9753E+00  0.1067E+01  0.1054E+01  0.9149E+00  0.7272E+00  0.5883E+00  0.4918E+00  0.4151E+00  0.3533E+00  0.3026E+00  0.2568E+00  0.2113E+00  0.1679E+00  0.1305E+00  0.9954E-01  0.7020E-01  0.4270E-01  0.2086E-01  0.8272E-02  0.5640E-01  0.2702E+00
     24.7967      270.0000  0.8628E-01  0.5395E+00  0.6807E+00  0.7842E+00  0.8844E+00  0.9844E+00  0.1076E+01  0.1063E+01  0.9239E+00  0.7363E+00  0.5975E+00  0.5010E+00  0.4243E+00  0.3625E+00  0.3118E+00  0.2659E+00  0.2205E+00  0.1770E+00  0.1397E+00  0.1087E+00  0.7938E-01  0.5188E-01  0.3004E-01  0.1746E-01  0.6560E-01  0.2794E+00
     24.9322      280.0000  0.9544E-01  0.5486E+00  0.6898E+00  0.7933E+00  0.8935E+00  0.9934E+00  0.1085E+01  0.1072E+01  0.9330E+00  0.7454E+00  0.6066E+00  0.5101E+00  0.4334E+00  0.3716E+00  0.3210E+00  0.2751E+00  0.2296E+00  0.1862E+00  0.1488E+00  0.1179E+00  0.8854E-01  0.6104E-01  0.3920E-01  0.2661E-01  0.7473E-01  0.2884E+00
     25.0678      290.0000  0.1043E+00  0.5575E+00  0.6987E+00  0.8021E+00  0.9023E+00  0.1002E+01  0.1093E+01  0.1081E+01  0.9418E+00  0.7542E+00  0.6154E+00  0.5190E+00  0.4423E+00  0.3805E+00  0.3298E+00  0.2840E+00  0.2385E+00  0.1951E+00  0.1577E+00  0.1267E+00  0.9741E-01  0.6991E-01  0.4806E-01  0.3545E-01  0.8352E-01  0.2971E+00
     25.2033      300.0000  0.1127E+00  0.5658E+00  0.7070E+00  0.8105E+00  0.9107E+00  0.1011E+01  0.1102E+01  0.1089E+01  0.9501E+00  0.7625E+00  0.6237E+00  0.5273E+00  0.4506E+00  0.3888E+00  0.3381E+00  0.2923E+00  0.2468E+00  0.2034E+00  0.1660E+00  0.1351E+00  0.1057E+00  0.7822E-01  0.5636E-01  0.4371E-01  0.9170E-01  0.3050E+00
     25.3388      310.0000  0.1202E+00  0.5734E+00  0.7146E+00  0.8181E+00  0.9182E+00  0.1018E+01  0.1109E+01  0.1096E+01  0.9575E+00  0.7700E+00  0.6312E+00  0.5348E+00  0.4581E+00  0.3963E+00  0.3456E+00  0.2998E+00  0.2543E+00  0.2109E+00  0.1735E+00  0.1426E+00  0.1132E+00  0.8571E-01  0.6383E-01  0.5114E-01  0.9903E-01  0.3121E+00
     25.4743      320.0000  0.1267E+00  0.5800E+00  0.7212E+00  0.8246E+00  0.9248E+00  0.1025E+01  0.1116E+01  0.1103E+01  0.9640E+00  0.7764E+00  0.6377E+00  0.5413E+00  0.4646E+00  0.4028E+00  0.3521E+00  0.3062E+00  0.2607E+00  0.2173E+00  0.1800E+00  0.1490E+00  0.1197E+00  0.9217E-01  0.7026E-01  0.5751E-01  0.1053E+00  0.3181E+00
     25.6098      330.0000  0.1320E+00  0.5853E+00  0.7266E+00  0.8300E+00  0.9301E+00  0.1030E+01  0.1121E+01  0.1108E+01  0.9692E+00  0.7817E+00  0.6430E+00  0.5466E+00  0.4698E+00  0.4080E+00  0.3573E+00  0.3115E+00  0.2660E+00  0.2226E+00  0.1852E+00  0.1542E+00  0.1249E+00  0.9738E-01  0.7545E-01  0.6263E-01  0.1103E+00  0.3227E+00
     25.7453      340.0000  0.1359E+00  0.5893E+00  0.7306E+00  0.8340E+00  0.9341E+00  0.1034E+01  0.1125E+01  0.1112E+01  0.9731E+00  0.7855E+00  0.6469E+00  0.5504E+00  0.4737E+00  0.4119E+00  0.3612E+00  0.3153E+00  0.2698E+00  0.2264E+00  0.1890E+00  0.1581E+00  0.1287E+00  0.1012E+00  0.7923E-01  0.6635E-01  0.1138E+00  0.3259E+00
     25.8808      350.0000  0.1383E+00  0.5918E+00  0.7331E+00  0.8366E+00  0.9367E+00  0.1036E+01  0.1127E+01  0.1114E+01  0.9755E+00  0.7879E+00  0.6492E+00  0.5528E+00  0.4761E+00  0.4142E+00  0.3635E+00  0.3176E+00  0.2721E+00  0.2287E+00  0.1913E+00  0.1604E+00  0.1311E+00  0.1035E+00  0.8151E-01  0.6855E-01  0.1158E+00  0.3275E+00
     26.0163      360.0000  0.1392E+00  0.5927E+00  0.7341E+00  0.8375E+00  0.9376E+00  0.1037E+01  0.1128E+01  0.1115E+01  0.9763E+00  0.7887E+00  0.6500E+00  0.5536E+00  0.4768E+00  0.4150E+00  0.3643E+00  0.3184E+00  0.2728E+00  0.2294E+00  0.1921E+00  0.1611E+00  0.1318E+00  0.1042E+00  0.8220E-01  0.6916E-01  0.1163E+00  0.3275E+00
     26.1518       10.0000  0.1384E+00  0.5920E+00  0.7334E+00  0.8369E+00  0.9370E+00  0.1037E+01  0.1128E+01  0.1115E+01  0.9756E+00  0.7879E+00  0.6492E+00  0.5528E+00  0.4760E+00  0.4142E+00  0.3634E+00  0.3175E+00  0.2720E+00  0.2286E+00  0.1912E+00  0.1603E+00  0.1309E+00  0.1033E+00  0.8128E-01  0.6817E-01  0.1151E+00  0.3260E+00
     26.2873       20.0000  0.1360E+00  0.5897E+00  0.7312E+00  0.8347E+00  0.9348E+00  0.1035E+01  0.1126E+01  0.1112E+01  0.9733E+00  0.7855E+00  0.6469E+00  0.5504E+00  0.4736E+00  0.4118E+00  0.3610E+00  0.3151E+00  0.2695E+00  0.2261E+00  0.1887E+00  0.1578E+00  0.1285E+00  0.1009E+00  0.7879E-01  0.6560E-01  0.1124E+00  0.3229E+00
     26.4228       30.0000  0.1321E+00  0.5859E+00  0.7275E+00  0.8310E+00  0.9311E+00  0.1031E+01  0.1122E+01  0.1109E+01  0.9695E+00  0.7817E+00  0.6430E+00  0.5465E+00  0.4697E+00  0.4079E+00  0.3571E+00  0.3111E+00  0.2656E+00  0.2222E+00  0.1848E+00  0.1539E+00  0.1245E+00  0.9693E-01  0.7480E-01  0.6154E-01  0.1082E+00  0.3183E+00
     26.5583       40.0000  0.1269E+00  0.5808E+00  0.7224E+00  0.8259E+00  0.9260E+00  0.1026E+01  0.1117E+01  0.1104E+01  0.9643E+00  0.7764E+00  0.6378E+00  0.5413E+00  0.4645E+00  0.4026E+00  0.3518E+00  0.3058E+00  0.2603E+00  0.2168E+00  0.1795E+00  0.1485E+00  0.1192E+00  0.9159E-01  0.6943E-01  0.5610E-01  0.1026E+00  0.3124E+00
     26.6938       50.0000  0.1204E+00  0.5744E+00  0.7160E+00  0.8196E+00  0.9197E+00  0.1020E+01  0.1110E+01  0.1097E+01  0.9579E+00  0.7699E+00  0.6313E+00  0.5348E+00  0.4580E+00  0.3961E+00  0.3452E+00  0.2993E+00  0.2537E+00  0.2103E+00  0.1729E+00  0.1420E+00  0.1126E+00  0.8502E-01  0.6284E-01  0.4946E-01  0.9586E-01  0.3054E+00
     26.8293       60.0000  0.1128E+00  0.5669E+00  0.7086E+00  0.8122E+00  0.9124E+00  0.1012E+01  0.1103E+01  0.1090E+01  0.9504E+00  0.7625E+00  0.6238E+00  0.5273E+00  0.4504E+00  0.3885E+00  0.3377E+00  0.2917E+00  0.2461E+00  0.2027E+00  0.1653E+00  0.1344E+00  0.1051E+00  0.7744E-01  0.5524E-01  0.4182E-01  0.8812E-01  0.2975E+00
     26.9648       70.0000  0.1045E+00  0.5587E+00  0.7004E+00  0.8040E+00  0.9042E+00  0.1004E+01  0.1095E+01  0.1082E+01  0.9422E+00  0.7542E+00  0.6155E+00  0.5190E+00  0.4421E+00  0.3802E+00  0.3293E+00  0.2834E+00  0.2378E+00  0.1943E+00  0.1570E+00  0.1260E+00  0.9669E-01  0.6907E-01  0.4685E-01  0.3339E-01  0.7963E-01  0.2888E+00
     27.1003       80.0000  0.9560E-01  0.5498E+00  0.6916E+00  0.7953E+00  0.8954E+00  0.9953E+00  0.1086E+01  0.1073E+01  0.9334E+00  0.7454E+00  0.6066E+00  0.5101E+00  0.4332E+00  0.3713E+00  0.3204E+00  0.2745E+00  0.2289E+00  0.1854E+00  0.1481E+00  0.1171E+00  0.8778E-01  0.6016E-01  0.3793E-01  0.2446E-01  0.7065E-01  0.2798E+00
     27.2358       90.0000  0.8644E-01  0.5407E+00  0.6825E+00  0.7862E+00  0.8864E+00  0.9863E+00  0.1077E+01  0.1064E+01  0.9244E+00  0.7363E+00  0.5975E+00  0.5010E+00  0.4241E+00  0.3621E+00  0.3113E+00  0.2653E+00  0.2197E+00  0.1763E+00  0.1389E+00  0.1080E+00  0.7860E-01  0.5098E-01  0.2876E-01  0.1527E-01  0.6146E-01  0.2706E+00
     27.3713      100.0000  0.7727E-01  0.5316E+00  0.6734E+00  0.7771E+00  0.8773E+00  0.9772E+00  0.1068E+01  0.1055E+01  0.9153E+00  0.7272E+00  0.5884E+00  0.4918E+00  0.4149E+00  0.3530E+00  0.3021E+00  0.2561E+00  0.2105E+00  0.1671E+00  0.1297E+00  0.9879E-01  0.6944E-01  0.4182E-01  0.1960E-01  0.6122E-02  0.5233E-01  0.2615E+00
     27.5068      110.0000  0.6837E-01  0.5227E+00  0.6645E+00  0.7682E+00  0.8685E+00  0.9684E+00  0.1059E+01  0.1046E+01  0.9065E+00  0.7183E+00  0.5795E+00  0.4830E+00  0.4061E+00  0.3441E+00  0.2933E+00  0.2473E+00  0.2017E+00  0.1582E+00  0.1209E+00  0.8992E-01  0.6057E-01  0.3295E-01  0.1074E-01 -0.2718E-02  0.4354E-01  0.2529E+00
     27.6423      120.0000  0.6003E-01  0.5143E+00  0.6562E+00  0.7599E+00  0.8601E+00  0.9601E+00  0.1051E+01  0.1038E+01  0.8982E+00  0.7100E+00  0.5712E+00  0.4747E+00  0.3978E+00  0.3358E+00  0.2850E+00  0.2390E+00  0.1934E+00  0.1499E+00  0.1126E+00  0.8161E-01  0.5226E-01  0.2464E-01  0.2442E-02 -0.1098E-01  0.3536E-01  0.2449E+00
     27.7778      130.0000  0.5248E-01  0.5068E+00  0.6486E+00  0.7523E+00  0.8526E+00  0.9526E+00  0.1044E+01  0.1030E+01  0.8908E+00  0.7026E+00  0.5637E+00  0.4671E+00  0.3903E+00  0.3283E+00  0.2775E+00  0.2315E+00  0.1859E+00  0.1424E+00  0.1051E+00  0.7411E-01  0.4476E-01  0.1715E-01 -0.5033E-02 -0.1841E-01  0.2803E-01  0.2378E+00
     27.9133      140.0000  0.4596E-01  0.5002E+00  0.6420E+00  0.7457E+00  0.8460E+00  0.9460E+00  0.1037E+01  0.1024E+01  0.8843E+00  0.6961E+00  0.5572E+00  0.4607E+00  0.3838E+00  0.3218E+00  0.2710E+00  0.2250E+00  0.1794E+00  0.1360E+00  0.9859E-01  0.6765E-01  0.3830E-01  0.1069E-01 -0.1146E-01 -0.2478E-01  0.2178E-01  0.2319E+00
     28.0488      150.0000  0.4067E-01  0.4949E+00  0.6366E+00  0.7403E+00  0.8407E+00  0.9407E+00  0.1032E+01  0.1019E+01  0.8790E+00  0.6909E+00  0.5520E+00  0.4554E+00  0.3785E+00  0.3166E+00  0.2657E+00  0.2198E+00  0.1742E+00  0.1307E+00  0.9337E-01  0.6242E-01  0.3307E-01  0.5480E-02 -0.1665E-01 -0.2990E-01  0.1680E-01  0.2273E+00
     28.1843      160.0000  0.3677E-01  0.4909E+00  0.6326E+00  0.7363E+00  0.8367E+00  0.9367E+00  0.1028E+01  0.1015E+01  0.8752E+00  0.6870E+00  0.5481E+00  0.4515E+00  0.3746E+00  0.3127E+00  0.2619E+00  0.2159E+00  0.1704E+00  0.1269E+00  0.8954E-01  0.5860E-01  0.2925E-01  0.1662E-02 -0.2044E-01 -0.3362E-01  0.1324E-01  0.2241E+00
     28.3198      170.0000  0.3437E-01  0.4884E+00  0.6301E+00  0.7338E+00  0.8341E+00  0.9342E+00  0.1025E+01  0.1012E+01  0.8728E+00  0.6846E+00  0.5457E+00  0.4491E+00  0.3723E+00  0.3104E+00  0.2596E+00  0.2136E+00  0.1680E+00  0.1246E+00  0.8722E-01  0.5628E-01  0.2693E-01 -0.6448E-03 -0.2271E-01 -0.3582E-01  0.1121E-01  0.2224E+00
     28.4553      180.0000  0.3356E-01  0.4875E+00  0.6291E+00  0.7328E+00  0.8332E+00  0.9332E+00  0.1024E+01  0.1011E+01  0.8719E+00  0.6838E+00  0.5449E+00  0.4484E+00  0.3715E+00  0.3096E+00  0.2588E+00  0.2129E+00  0.1673E+00  0.1239E+00  0.8649E-01  0.5554E-01  0.2619E-01 -0.1369E-02 -0.2340E-01 -0.3643E-01  0.1077E-01  0.2224E+00
     28.5908      190.0000  0.3435E-01  0.4882E+00  0.6298E+00  0.7334E+00  0.8338E+00  0.9339E+00  0.1025E+01  0.1012E+01  0.8727E+00  0.6846E+00  0.5457E+00  0.4492E+00  0.3723E+00  0.3104E+00  0.2597E+00  0.2137E+00  0.1682E+00  0.1247E+00  0.8736E-01  0.5641E-01  0.2706E-01 -0.4888E-03 -0.2249E-01 -0.3544E-01  0.1193E-01  0.2240E+00
     28.7263      200.0000  0.3671E-01  0.4904E+00  0.6320E+00  0.7356E+00  0.8360E+00  0.9361E+00  0.1027E+01  0.1014E+01  0.8750E+00  0.6870E+00  0.5481E+00  0.4515E+00  0.3747E+00  0.3128E+00  0.2621E+00  0.2162E+00  0.1706E+00  0.1272E+00  0.8980E-01  0.5886E-01  0.2951E-01  0.1969E-02 -0.2000E-01 -0.3287E-01  0.1466E-01  0.2271E+00
     28.8618      210.0000  0.4059E-01  0.4942E+00  0.6357E+00  0.7393E+00  0.8397E+00  0.9397E+00  0.1031E+01  0.1018E+01  0.8788E+00  0.6909E+00  0.5520E+00  0.4554E+00  0.3786E+00  0.3167E+00  0.2660E+00  0.2201E+00  0.1746E+00  0.1311E+00  0.9375E-01  0.6280E-01  0.3346E-01  0.5929E-02 -0.1600E-01 -0.2881E-01  0.1887E-01  0.2316E+00
     28.9973      220.0000  0.4586E-01  0.4994E+00  0.6408E+00  0.7444E+00  0.8447E+00  0.9448E+00  0.1036E+01  0.1023E+01  0.8840E+00  0.6961E+00  0.5572E+00  0.4607E+00  0.3839E+00  0.3220E+00  0.2713E+00  0.2254E+00  0.1799E+00  0.1365E+00  0.9909E-01  0.6814E-01  0.3880E-01  0.1127E-01 -0.1063E-01 -0.2338E-01  0.2444E-01  0.2375E+00
     29.1328      230.0000  0.5236E-01  0.5058E+00  0.6471E+00  0.7508E+00  0.8511E+00  0.9511E+00  0.1042E+01  0.1029E+01  0.8904E+00  0.7026E+00  0.5637E+00  0.4672E+00  0.3904E+00  0.3286E+00  0.2778E+00  0.2320E+00  0.1864E+00  0.1430E+00  0.1056E+00  0.7469E-01  0.4535E-01  0.1784E-01 -0.4046E-02 -0.1673E-01  0.3120E-01  0.2445E+00
     29.2683      240.0000  0.5989E-01  0.5132E+00  0.6545E+00  0.7581E+00  0.8584E+00  0.9585E+00  0.1050E+01  0.1037E+01  0.8979E+00  0.7101E+00  0.5712E+00  0.4747E+00  0.3979E+00  0.3361E+00  0.2854E+00  0.2395E+00  0.1940E+00  0.1506E+00  0.1132E+00  0.8227E-01  0.5293E-01  0.2542E-01  0.3557E-02 -0.9087E-02  0.3894E-01  0.2525E+00
     29.4038      250.0000  0.6822E-01  0.5215E+00  0.6628E+00  0.7663E+00  0.8666E+00  0.9666E+00  0.1058E+01  0.1045E+01  0.9061E+00  0.7183E+00  0.5795E+00  0.4830E+00  0.4062E+00  0.3444E+00  0.2938E+00  0.2479E+00  0.2024E+00  0.1590E+00  0.1216E+00  0.9064E-01  0.6130E-01  0.3379E-01  0.1195E-01 -0.6659E-03  0.4743E-01  0.2611E+00
     29.5393      260.0000  0.7711E-01  0.5303E+00  0.6716E+00  0.7751E+00  0.8754E+00  0.9753E+00  0.1067E+01  0.1054E+01  0.9149E+00  0.7272E+00  0.5883E+00  0.4918E+00  0.4151E+00  0.3533E+00  0.3026E+00  0.2568E+00  0.2113E+00  0.1679E+00  0.1305E+00  0.9954E-01  0.7020E-01  0.4270E-01  0.2086E-01  0.8272E-02  0.5640E-01  0.2702E+00
     29.6748      270.0000  0.8628E-01  0.5395E+00  0.6807E+00  0.7842E+00  0.8844E+00  0.9844E+00  0.1076E+01  0.1063E+01  0.9239E+00  0.7363E+00  0.5975E+00  0.5010E+00  0.4243E+00  0.3625E+00  0.3118E+00  0.2659E+00  0.2205E+00  0.1770E+00  0.1397E+00  0.1087E+00  0.7938E-01  0.5188E-01  0.3004E-01  0.1746E-01  0.6560E-01  0.2794E+00
     29.8103      280.0000  0.9544E-01  0.5486E+00  0.6898E+00  0.7933E+00  0.8935E+00  0.9934E+00  0.1085E+01  0.1072E+01  0.9330E+00  0.7454E+00  0.6066E+00  0.5101E+00  0.4334E+00  0.3716E+00  0.3210E+00  0.2751E+00  0.2296E+00  0.1862E+00  0.1488E+00  0.1179E+00  0.8854E-01  0.6104E-01  0.3920E-01  0.2661E-01  0.7473E-01  0.2884E+00
     29.9458      290.0000  0.1043E+00  0.5575E+00  0.6987E+00  0.8021E+00  0.9023E+00  0.1002E+01  0.1093E+01  0.1081E+01  0.9418E+00  0.7542E+00  0.6154E+00  0.5190E+00  0.4423E+00  0.3805E+00  0.3298E+00  0.2840E+00  0.2385E+00  0.1951E+00  0.1577E+00  0.1267E+00  0.9741E-01  0.6991E-01  0.4806E-01  0.3545E-01  0.8352E-01  0.2971E+00
