Time history of radial distribution for BEM variable: WindC14z[m/s] for blade 2
                          rCurvi[m] (curvilinear radial distance)
                                0.7893      2.3680      3.9467      5.5254      7.1040      8.6827     10.2614     11.8401     13.4188     14.9974     16.5761     18.1548     19.7335     21.3121     22.8908     24.4695     26.0482     27.6268     29.2055     30.7842     32.3629     33.9416     35.5202     37.0989     38.2829     39.0723
                          zB[m] (radial coordinate along blade axis)
     time[s]  azimuth[deg]      0.1833      1.7549      3.3294      4.9066      6.4848      8.0632      9.6423     11.2252     12.8089     14.3906     15.9682     17.5466     19.1253     20.7040     22.2825     23.8605     25.4378     27.0144     28.5901     30.1649     31.7388     33.3118     34.8842     36.4562     37.6335     38.4193
      0.0000      240.0000  0.4665E-01  0.5392E-01  0.6015E-01  0.6524E-01  0.6604E-01  0.5123E-01  0.1845E-01 -0.1991E-01 -0.5216E-01 -0.7292E-01 -0.8495E-01 -0.1022E+00 -0.1238E+00 -0.1502E+00 -0.1817E+00 -0.2180E+00 -0.2582E+00 -0.3023E+00 -0.3504E+00 -0.4020E+00 -0.4557E+00 -0.5077E+00 -0.5562E+00 -0.5947E+00 -0.6072E+00 -0.6073E+00
      0.1355      250.0000  0.5055E-01  0.5790E-01  0.6419E-01  0.6930E-01  0.7008E-01  0.5527E-01  0.2249E-01 -0.1591E-01 -0.4821E-01 -0.6901E-01 -0.8104E-01 -0.9834E-01 -0.1199E+00 -0.1463E+00 -0.1779E+00 -0.2142E+00 -0.2543E+00 -0.2985E+00 -0.3466E+00 -0.3981E+00 -0.4519E+00 -0.5039E+00 -0.5524E+00 -0.5910E+00 -0.6037E+00 -0.6041E+00
      0.2710      260.0000  0.5295E-01  0.6039E-01  0.6672E-01  0.7185E-01  0.7262E-01  0.5782E-01  0.2503E-01 -0.1341E-01 -0.4577E-01 -0.6661E-01 -0.7863E-01 -0.9594E-01 -0.1175E+00 -0.1439E+00 -0.1755E+00 -0.2118E+00 -0.2520E+00 -0.2962E+00 -0.3443E+00 -0.3958E+00 -0.4496E+00 -0.5016E+00 -0.5501E+00 -0.5888E+00 -0.6016E+00 -0.6025E+00
      0.4065      270.0000  0.5376E-01  0.6130E-01  0.6769E-01  0.7283E-01  0.7360E-01  0.5879E-01  0.2600E-01 -0.1249E-01 -0.4491E-01 -0.6578E-01 -0.7781E-01 -0.9512E-01 -0.1167E+00 -0.1431E+00 -0.1748E+00 -0.2111E+00 -0.2512E+00 -0.2954E+00 -0.3435E+00 -0.3951E+00 -0.4488E+00 -0.5009E+00 -0.5494E+00 -0.5882E+00 -0.6012E+00 -0.6024E+00
      0.5420      280.0000  0.5297E-01  0.6061E-01  0.6704E-01  0.7221E-01  0.7296E-01  0.5816E-01  0.2537E-01 -0.1317E-01 -0.4565E-01 -0.6657E-01 -0.7858E-01 -0.9591E-01 -0.1175E+00 -0.1440E+00 -0.1756E+00 -0.2119E+00 -0.2521E+00 -0.2963E+00 -0.3444E+00 -0.3959E+00 -0.4497E+00 -0.5017E+00 -0.5503E+00 -0.5892E+00 -0.6023E+00 -0.6039E+00
      0.6775      290.0000  0.5060E-01  0.5833E-01  0.6482E-01  0.7000E-01  0.7074E-01  0.5594E-01  0.2315E-01 -0.1544E-01 -0.4798E-01 -0.6893E-01 -0.8094E-01 -0.9827E-01 -0.1199E+00 -0.1464E+00 -0.1780E+00 -0.2143E+00 -0.2545E+00 -0.2987E+00 -0.3468E+00 -0.3983E+00 -0.4521E+00 -0.5042E+00 -0.5528E+00 -0.5917E+00 -0.6050E+00 -0.6069E+00
      0.8130      300.0000  0.4673E-01  0.5454E-01  0.6107E-01  0.6627E-01  0.6701E-01  0.5220E-01  0.1941E-01 -0.1922E-01 -0.5181E-01 -0.7280E-01 -0.8481E-01 -0.1021E+00 -0.1237E+00 -0.1502E+00 -0.1819E+00 -0.2183E+00 -0.2584E+00 -0.3026E+00 -0.3507E+00 -0.4023E+00 -0.4560E+00 -0.5081E+00 -0.5568E+00 -0.5958E+00 -0.6092E+00 -0.6114E+00
      0.9485      310.0000  0.4146E-01  0.4935E-01  0.5592E-01  0.6114E-01  0.6187E-01  0.4706E-01  0.1427E-01 -0.2440E-01 -0.5704E-01 -0.7806E-01 -0.9007E-01 -0.1074E+00 -0.1290E+00 -0.1555E+00 -0.1872E+00 -0.2236E+00 -0.2637E+00 -0.3079E+00 -0.3561E+00 -0.4076E+00 -0.4613E+00 -0.5134E+00 -0.5621E+00 -0.6012E+00 -0.6148E+00 -0.6173E+00
      1.0840      320.0000  0.3496E-01  0.4292E-01  0.4953E-01  0.5476E-01  0.5548E-01  0.4067E-01  0.7885E-02 -0.3082E-01 -0.6351E-01 -0.8455E-01 -0.9656E-01 -0.1139E+00 -0.1355E+00 -0.1620E+00 -0.1937E+00 -0.2301E+00 -0.2703E+00 -0.3145E+00 -0.3626E+00 -0.4141E+00 -0.4679E+00 -0.5200E+00 -0.5687E+00 -0.6078E+00 -0.6215E+00 -0.6242E+00
      1.2195      330.0000  0.2743E-01  0.3545E-01  0.4208E-01  0.4733E-01  0.4804E-01  0.3323E-01  0.4432E-03 -0.3829E-01 -0.7101E-01 -0.9208E-01 -0.1041E+00 -0.1214E+00 -0.1431E+00 -0.1696E+00 -0.2013E+00 -0.2377E+00 -0.2778E+00 -0.3220E+00 -0.3701E+00 -0.4217E+00 -0.4754E+00 -0.5275E+00 -0.5762E+00 -0.6154E+00 -0.6292E+00 -0.6321E+00
      1.3550      340.0000  0.1909E-01  0.2715E-01  0.3381E-01  0.3906E-01  0.3977E-01  0.2496E-01 -0.7826E-02 -0.4658E-01 -0.7932E-01 -0.1004E+00 -0.1124E+00 -0.1298E+00 -0.1514E+00 -0.1779E+00 -0.2096E+00 -0.2460E+00 -0.2862E+00 -0.3304E+00 -0.3785E+00 -0.4300E+00 -0.4838E+00 -0.5358E+00 -0.5846E+00 -0.6237E+00 -0.6376E+00 -0.6407E+00
      1.4905      350.0000  0.1021E-01  0.1829E-01  0.2496E-01  0.3022E-01  0.3093E-01  0.1611E-01 -0.1667E-01 -0.5544E-01 -0.8820E-01 -0.1093E+00 -0.1213E+00 -0.1386E+00 -0.1603E+00 -0.1868E+00 -0.2185E+00 -0.2549E+00 -0.2951E+00 -0.3393E+00 -0.3874E+00 -0.4389E+00 -0.4926E+00 -0.5447E+00 -0.5935E+00 -0.6326E+00 -0.6465E+00 -0.6497E+00
      1.6260      360.0000  0.1038E-02  0.9131E-02  0.1581E-01  0.2107E-01  0.2177E-01  0.6962E-02 -0.2582E-01 -0.6459E-01 -0.9736E-01 -0.1185E+00 -0.1305E+00 -0.1478E+00 -0.1694E+00 -0.1960E+00 -0.2277E+00 -0.2641E+00 -0.3042E+00 -0.3484E+00 -0.3965E+00 -0.4480E+00 -0.5018E+00 -0.5539E+00 -0.6026E+00 -0.6418E+00 -0.6557E+00 -0.6588E+00
      1.7615       10.0000 -0.8132E-02 -0.4709E-04  0.6627E-02  0.1188E-01  0.1259E-01 -0.2221E-02 -0.3501E-01 -0.7377E-01 -0.1065E+00 -0.1276E+00 -0.1396E+00 -0.1570E+00 -0.1786E+00 -0.2052E+00 -0.2368E+00 -0.2732E+00 -0.3134E+00 -0.3576E+00 -0.4057E+00 -0.4572E+00 -0.5109E+00 -0.5630E+00 -0.6117E+00 -0.6509E+00 -0.6647E+00 -0.6678E+00
      1.8970       20.0000 -0.1703E-01 -0.8965E-02 -0.2304E-02  0.2949E-02  0.3659E-02 -0.1115E-01 -0.4394E-01 -0.8269E-01 -0.1154E+00 -0.1365E+00 -0.1485E+00 -0.1659E+00 -0.1875E+00 -0.2140E+00 -0.2457E+00 -0.2821E+00 -0.3223E+00 -0.3664E+00 -0.4145E+00 -0.4660E+00 -0.5197E+00 -0.5718E+00 -0.6205E+00 -0.6597E+00 -0.6735E+00 -0.6765E+00
      2.0325       30.0000 -0.2537E-01 -0.1735E-01 -0.1071E-01 -0.5467E-02 -0.4753E-02 -0.1957E-01 -0.5235E-01 -0.9108E-01 -0.1238E+00 -0.1449E+00 -0.1569E+00 -0.1742E+00 -0.1958E+00 -0.2224E+00 -0.2540E+00 -0.2904E+00 -0.3306E+00 -0.3747E+00 -0.4228E+00 -0.4743E+00 -0.5280E+00 -0.5801E+00 -0.6288E+00 -0.6679E+00 -0.6816E+00 -0.6844E+00
      2.1680       40.0000 -0.3292E-01 -0.2495E-01 -0.1834E-01 -0.1311E-01 -0.1239E-01 -0.2720E-01 -0.5999E-01 -0.9869E-01 -0.1314E+00 -0.1524E+00 -0.1644E+00 -0.1818E+00 -0.2034E+00 -0.2299E+00 -0.2616E+00 -0.2979E+00 -0.3381E+00 -0.3822E+00 -0.4303E+00 -0.4818E+00 -0.5355E+00 -0.5876E+00 -0.6362E+00 -0.6753E+00 -0.6889E+00 -0.6915E+00
      2.3035       50.0000 -0.3944E-01 -0.3154E-01 -0.2496E-01 -0.1974E-01 -0.1902E-01 -0.3383E-01 -0.6661E-01 -0.1053E+00 -0.1379E+00 -0.1589E+00 -0.1709E+00 -0.1883E+00 -0.2099E+00 -0.2364E+00 -0.2680E+00 -0.3044E+00 -0.3445E+00 -0.3887E+00 -0.4368E+00 -0.4883E+00 -0.5420E+00 -0.5940E+00 -0.6426E+00 -0.6816E+00 -0.6951E+00 -0.6974E+00
      2.4390       60.0000 -0.4473E-01 -0.3691E-01 -0.3037E-01 -0.2517E-01 -0.2443E-01 -0.3924E-01 -0.7203E-01 -0.1107E+00 -0.1433E+00 -0.1642E+00 -0.1762E+00 -0.1936E+00 -0.2152E+00 -0.2417E+00 -0.2733E+00 -0.3096E+00 -0.3498E+00 -0.3939E+00 -0.4420E+00 -0.4935E+00 -0.5472E+00 -0.5992E+00 -0.6478E+00 -0.6867E+00 -0.7001E+00 -0.7021E+00
      2.5745       70.0000 -0.4863E-01 -0.4090E-01 -0.3441E-01 -0.2922E-01 -0.2848E-01 -0.4329E-01 -0.7607E-01 -0.1147E+00 -0.1472E+00 -0.1681E+00 -0.1802E+00 -0.1975E+00 -0.2191E+00 -0.2455E+00 -0.2772E+00 -0.3135E+00 -0.3536E+00 -0.3978E+00 -0.4458E+00 -0.4973E+00 -0.5510E+00 -0.6030E+00 -0.6516E+00 -0.6904E+00 -0.7036E+00 -0.7053E+00
      2.7100       80.0000 -0.5103E-01 -0.4339E-01 -0.3694E-01 -0.3177E-01 -0.3102E-01 -0.4583E-01 -0.7861E-01 -0.1172E+00 -0.1496E+00 -0.1705E+00 -0.1826E+00 -0.1999E+00 -0.2214E+00 -0.2479E+00 -0.2795E+00 -0.3158E+00 -0.3559E+00 -0.4001E+00 -0.4482E+00 -0.4996E+00 -0.5533E+00 -0.6053E+00 -0.6538E+00 -0.6926E+00 -0.7057E+00 -0.7070E+00
      2.8455       90.0000 -0.5184E-01 -0.4430E-01 -0.3791E-01 -0.3275E-01 -0.3199E-01 -0.4680E-01 -0.7958E-01 -0.1181E+00 -0.1505E+00 -0.1714E+00 -0.1834E+00 -0.2007E+00 -0.2223E+00 -0.2487E+00 -0.2803E+00 -0.3166E+00 -0.3567E+00 -0.4008E+00 -0.4489E+00 -0.5004E+00 -0.5541E+00 -0.6060E+00 -0.6545E+00 -0.6932E+00 -0.7061E+00 -0.7071E+00
      2.9810      100.0000 -0.5106E-01 -0.4360E-01 -0.3726E-01 -0.3213E-01 -0.3136E-01 -0.4617E-01 -0.7895E-01 -0.1174E+00 -0.1498E+00 -0.1706E+00 -0.1826E+00 -0.1999E+00 -0.2215E+00 -0.2479E+00 -0.2795E+00 -0.3157E+00 -0.3559E+00 -0.4000E+00 -0.4481E+00 -0.4995E+00 -0.5532E+00 -0.6052E+00 -0.6536E+00 -0.6922E+00 -0.7050E+00 -0.7055E+00
      3.1165      110.0000 -0.4869E-01 -0.4133E-01 -0.3504E-01 -0.2992E-01 -0.2914E-01 -0.4395E-01 -0.7673E-01 -0.1151E+00 -0.1474E+00 -0.1682E+00 -0.1803E+00 -0.1975E+00 -0.2191E+00 -0.2455E+00 -0.2771E+00 -0.3133E+00 -0.3534E+00 -0.3976E+00 -0.4456E+00 -0.4971E+00 -0.5508E+00 -0.6027E+00 -0.6511E+00 -0.6897E+00 -0.7023E+00 -0.7025E+00
      3.2520      120.0000 -0.4481E-01 -0.3754E-01 -0.3129E-01 -0.2620E-01 -0.2541E-01 -0.4021E-01 -0.7299E-01 -0.1114E+00 -0.1436E+00 -0.1644E+00 -0.1764E+00 -0.1937E+00 -0.2152E+00 -0.2416E+00 -0.2731E+00 -0.3094E+00 -0.3495E+00 -0.3936E+00 -0.4417E+00 -0.4932E+00 -0.5468E+00 -0.5988E+00 -0.6472E+00 -0.6856E+00 -0.6981E+00 -0.6980E+00
      3.3875      130.0000 -0.3954E-01 -0.3235E-01 -0.2614E-01 -0.2106E-01 -0.2027E-01 -0.3507E-01 -0.6785E-01 -0.1062E+00 -0.1384E+00 -0.1591E+00 -0.1711E+00 -0.1884E+00 -0.2099E+00 -0.2363E+00 -0.2678E+00 -0.3041E+00 -0.3442E+00 -0.3883E+00 -0.4364E+00 -0.4879E+00 -0.5415E+00 -0.5935E+00 -0.6418E+00 -0.6802E+00 -0.6926E+00 -0.6922E+00
      3.5230      140.0000 -0.3304E-01 -0.2592E-01 -0.1975E-01 -0.1468E-01 -0.1388E-01 -0.2868E-01 -0.6147E-01 -0.9975E-01 -0.1319E+00 -0.1526E+00 -0.1646E+00 -0.1819E+00 -0.2034E+00 -0.2298E+00 -0.2613E+00 -0.2976E+00 -0.3377E+00 -0.3818E+00 -0.4299E+00 -0.4813E+00 -0.5350E+00 -0.5869E+00 -0.6353E+00 -0.6736E+00 -0.6858E+00 -0.6852E+00
      3.6585      150.0000 -0.2551E-01 -0.1844E-01 -0.1230E-01 -0.7249E-02 -0.6439E-02 -0.2124E-01 -0.5402E-01 -0.9228E-01 -0.1244E+00 -0.1451E+00 -0.1571E+00 -0.1744E+00 -0.1959E+00 -0.2223E+00 -0.2538E+00 -0.2900E+00 -0.3301E+00 -0.3742E+00 -0.4223E+00 -0.4738E+00 -0.5275E+00 -0.5794E+00 -0.6277E+00 -0.6660E+00 -0.6782E+00 -0.6773E+00
      3.7940      160.0000 -0.1718E-01 -0.1015E-01 -0.4030E-02  0.1015E-02  0.1829E-02 -0.1297E-01 -0.4575E-01 -0.8399E-01 -0.1161E+00 -0.1367E+00 -0.1488E+00 -0.1661E+00 -0.1875E+00 -0.2139E+00 -0.2454E+00 -0.2817E+00 -0.3217E+00 -0.3659E+00 -0.4140E+00 -0.4654E+00 -0.5191E+00 -0.5710E+00 -0.6194E+00 -0.6576E+00 -0.6697E+00 -0.6688E+00
      3.9295      170.0000 -0.8290E-02 -0.1284E-02  0.4818E-02  0.9858E-02  0.1067E-01 -0.4126E-02 -0.3691E-01 -0.7513E-01 -0.1072E+00 -0.1279E+00 -0.1399E+00 -0.1572E+00 -0.1787E+00 -0.2050E+00 -0.2365E+00 -0.2728E+00 -0.3128E+00 -0.3570E+00 -0.4051E+00 -0.4566E+00 -0.5103E+00 -0.5622E+00 -0.6105E+00 -0.6488E+00 -0.6608E+00 -0.6598E+00
      4.0650      180.0000  0.8780E-03  0.7875E-02  0.1397E-01  0.1901E-01  0.1983E-01  0.5027E-02 -0.2776E-01 -0.6598E-01 -0.9805E-01 -0.1187E+00 -0.1307E+00 -0.1480E+00 -0.1695E+00 -0.1959E+00 -0.2274E+00 -0.2636E+00 -0.3037E+00 -0.3478E+00 -0.3959E+00 -0.4474E+00 -0.5011E+00 -0.5530E+00 -0.6014E+00 -0.6396E+00 -0.6517E+00 -0.6506E+00
      4.2005      190.0000  0.1005E-01  0.1705E-01  0.2315E-01  0.2819E-01  0.2901E-01  0.1421E-01 -0.1857E-01 -0.5680E-01 -0.8888E-01 -0.1095E+00 -0.1216E+00 -0.1388E+00 -0.1603E+00 -0.1867E+00 -0.2182E+00 -0.2544E+00 -0.2945E+00 -0.3387E+00 -0.3868E+00 -0.4383E+00 -0.4920E+00 -0.5439E+00 -0.5923E+00 -0.6305E+00 -0.6426E+00 -0.6416E+00
      4.3360      200.0000  0.1894E-01  0.2597E-01  0.3208E-01  0.3713E-01  0.3794E-01  0.2314E-01 -0.9641E-02 -0.4788E-01 -0.7998E-01 -0.1006E+00 -0.1127E+00 -0.1299E+00 -0.1514E+00 -0.1778E+00 -0.2093E+00 -0.2456E+00 -0.2857E+00 -0.3298E+00 -0.3779E+00 -0.4294E+00 -0.4831E+00 -0.5351E+00 -0.5834E+00 -0.6217E+00 -0.6338E+00 -0.6330E+00
      4.4715      210.0000  0.2729E-01  0.3436E-01  0.4049E-01  0.4554E-01  0.4635E-01  0.3155E-01 -0.1229E-02 -0.3949E-01 -0.7161E-01 -0.9229E-01 -0.1043E+00 -0.1216E+00 -0.1431E+00 -0.1695E+00 -0.2010E+00 -0.2373E+00 -0.2774E+00 -0.3215E+00 -0.3696E+00 -0.4211E+00 -0.4748E+00 -0.5268E+00 -0.5752E+00 -0.6135E+00 -0.6257E+00 -0.6250E+00
      4.6070      220.0000  0.3484E-01  0.4196E-01  0.4812E-01  0.5319E-01  0.5399E-01  0.3919E-01  0.6405E-02 -0.3188E-01 -0.6404E-01 -0.8474E-01 -0.9677E-01 -0.1141E+00 -0.1356E+00 -0.1619E+00 -0.1935E+00 -0.2297E+00 -0.2699E+00 -0.3140E+00 -0.3621E+00 -0.4136E+00 -0.4674E+00 -0.5193E+00 -0.5677E+00 -0.6061E+00 -0.6184E+00 -0.6179E+00
      4.7425      230.0000  0.4136E-01  0.4855E-01  0.5474E-01  0.5982E-01  0.6062E-01  0.4582E-01  0.1303E-01 -0.2529E-01 -0.5749E-01 -0.7821E-01 -0.9025E-01 -0.1075E+00 -0.1290E+00 -0.1554E+00 -0.1870E+00 -0.2233E+00 -0.2634E+00 -0.3075E+00 -0.3557E+00 -0.4072E+00 -0.4609E+00 -0.5129E+00 -0.5613E+00 -0.5998E+00 -0.6122E+00 -0.6120E+00
      4.8780      240.0000  0.4665E-01  0.5392E-01  0.6015E-01  0.6524E-01  0.6604E-01  0.5123E-01  0.1845E-01 -0.1991E-01 -0.5216E-01 -0.7292E-01 -0.8495E-01 -0.1022E+00 -0.1238E+00 -0.1502E+00 -0.1817E+00 -0.2180E+00 -0.2582E+00 -0.3023E+00 -0.3504E+00 -0.4020E+00 -0.4557E+00 -0.5077E+00 -0.5562E+00 -0.5947E+00 -0.6072E+00 -0.6073E+00
      5.0136      250.0000  0.5055E-01  0.5790E-01  0.6419E-01  0.6930E-01  0.7008E-01  0.5527E-01  0.2249E-01 -0.1591E-01 -0.4821E-01 -0.6901E-01 -0.8104E-01 -0.9834E-01 -0.1199E+00 -0.1463E+00 -0.1779E+00 -0.2142E+00 -0.2543E+00 -0.2985E+00 -0.3466E+00 -0.3981E+00 -0.4519E+00 -0.5039E+00 -0.5524E+00 -0.5910E+00 -0.6037E+00 -0.6041E+00
      5.1491      260.0000  0.5295E-01  0.6039E-01  0.6672E-01  0.7185E-01  0.7262E-01  0.5782E-01  0.2503E-01 -0.1341E-01 -0.4577E-01 -0.6661E-01 -0.7863E-01 -0.9594E-01 -0.1175E+00 -0.1439E+00 -0.1755E+00 -0.2118E+00 -0.2520E+00 -0.2962E+00 -0.3443E+00 -0.3958E+00 -0.4496E+00 -0.5016E+00 -0.5501E+00 -0.5888E+00 -0.6016E+00 -0.6025E+00
      5.2846      270.0000  0.5376E-01  0.6130E-01  0.6769E-01  0.7283E-01  0.7360E-01  0.5879E-01  0.2600E-01 -0.1249E-01 -0.4491E-01 -0.6578E-01 -0.7781E-01 -0.9512E-01 -0.1167E+00 -0.1431E+00 -0.1748E+00 -0.2111E+00 -0.2512E+00 -0.2954E+00 -0.3435E+00 -0.3951E+00 -0.4488E+00 -0.5009E+00 -0.5494E+00 -0.5882E+00 -0.6012E+00 -0.6024E+00
      5.4201      280.0000  0.5297E-01  0.6061E-01  0.6704E-01  0.7221E-01  0.7296E-01  0.5816E-01  0.2537E-01 -0.1317E-01 -0.4565E-01 -0.6657E-01 -0.7858E-01 -0.9591E-01 -0.1175E+00 -0.1440E+00 -0.1756E+00 -0.2119E+00 -0.2521E+00 -0.2963E+00 -0.3444E+00 -0.3959E+00 -0.4497E+00 -0.5017E+00 -0.5503E+00 -0.5892E+00 -0.6023E+00 -0.6039E+00
      5.5556      290.0000  0.5060E-01  0.5833E-01  0.6482E-01  0.7000E-01  0.7074E-01  0.5594E-01  0.2315E-01 -0.1544E-01 -0.4798E-01 -0.6893E-01 -0.8094E-01 -0.9827E-01 -0.1199E+00 -0.1464E+00 -0.1780E+00 -0.2143E+00 -0.2545E+00 -0.2987E+00 -0.3468E+00 -0.3983E+00 -0.4521E+00 -0.5042E+00 -0.5528E+00 -0.5917E+00 -0.6050E+00 -0.6069E+00
      5.6911      300.0000  0.4673E-01  0.5454E-01  0.6107E-01  0.6627E-01  0.6701E-01  0.5220E-01  0.1941E-01 -0.1922E-01 -0.5181E-01 -0.7280E-01 -0.8481E-01 -0.1021E+00 -0.1237E+00 -0.1502E+00 -0.1819E+00 -0.2183E+00 -0.2584E+00 -0.3026E+00 -0.3507E+00 -0.4023E+00 -0.4560E+00 -0.5081E+00 -0.5568E+00 -0.5958E+00 -0.6092E+00 -0.6114E+00
      5.8266      310.0000  0.4146E-01  0.4935E-01  0.5592E-01  0.6114E-01  0.6187E-01  0.4706E-01  0.1427E-01 -0.2440E-01 -0.5704E-01 -0.7806E-01 -0.9007E-01 -0.1074E+00 -0.1290E+00 -0.1555E+00 -0.1872E+00 -0.2236E+00 -0.2637E+00 -0.3079E+00 -0.3561E+00 -0.4076E+00 -0.4613E+00 -0.5134E+00 -0.5621E+00 -0.6012E+00 -0.6148E+00 -0.6173E+00
      5.9621      320.0000  0.3496E-01  0.4292E-01  0.4953E-01  0.5476E-01  0.5548E-01  0.4067E-01  0.7885E-02 -0.3082E-01 -0.6351E-01 -0.8455E-01 -0.9656E-01 -0.1139E+00 -0.1355E+00 -0.1620E+00 -0.1937E+00 -0.2301E+00 -0.2703E+00 -0.3145E+00 -0.3626E+00 -0.4141E+00 -0.4679E+00 -0.5200E+00 -0.5687E+00 -0.6078E+00 -0.6215E+00 -0.6242E+00
      6.0976      330.0000  0.2743E-01  0.3545E-01  0.4208E-01  0.4733E-01  0.4804E-01  0.3323E-01  0.4432E-03 -0.3829E-01 -0.7101E-01 -0.9208E-01 -0.1041E+00 -0.1214E+00 -0.1431E+00 -0.1696E+00 -0.2013E+00 -0.2377E+00 -0.2778E+00 -0.3220E+00 -0.3701E+00 -0.4217E+00 -0.4754E+00 -0.5275E+00 -0.5762E+00 -0.6154E+00 -0.6292E+00 -0.6321E+00
      6.2331      340.0000  0.1909E-01  0.2715E-01  0.3381E-01  0.3906E-01  0.3977E-01  0.2496E-01 -0.7826E-02 -0.4658E-01 -0.7932E-01 -0.1004E+00 -0.1124E+00 -0.1298E+00 -0.1514E+00 -0.1779E+00 -0.2096E+00 -0.2460E+00 -0.2862E+00 -0.3304E+00 -0.3785E+00 -0.4300E+00 -0.4838E+00 -0.5358E+00 -0.5846E+00 -0.6237E+00 -0.6376E+00 -0.6407E+00
      6.3686      350.0000  0.1021E-01  0.1829E-01  0.2496E-01  0.3022E-01  0.3093E-01  0.1611E-01 -0.1667E-01 -0.5544E-01 -0.8820E-01 -0.1093E+00 -0.1213E+00 -0.1386E+00 -0.1603E+00 -0.1868E+00 -0.2185E+00 -0.2549E+00 -0.2951E+00 -0.3393E+00 -0.3874E+00 -0.4389E+00 -0.4926E+00 -0.5447E+00 -0.5935E+00 -0.6326E+00 -0.6465E+00 -0.6497E+00
      6.5041      360.0000  0.1038E-02  0.9131E-02  0.1581E-01  0.2107E-01  0.2177E-01  0.6962E-02 -0.2582E-01 -0.6459E-01 -0.9736E-01 -0.1185E+00 -0.1305E+00 -0.1478E+00 -0.1694E+00 -0.1960E+00 -0.2277E+00 -0.2641E+00 -0.3042E+00 -0.3484E+00 -0.3965E+00 -0.4480E+00 -0.5018E+00 -0.5539E+00 -0.6026E+00 -0.6418E+00 -0.6557E+00 -0.6588E+00
      6.6396       10.0000 -0.8132E-02 -0.4709E-04  0.6627E-02  0.1188E-01  0.1259E-01 -0.2221E-02 -0.3501E-01 -0.7377E-01 -0.1065E+00 -0.1276E+00 -0.1396E+00 -0.1570E+00 -0.1786E+00 -0.2052E+00 -0.2368E+00 -0.2732E+00 -0.3134E+00 -0.3576E+00 -0.4057E+00 -0.4572E+00 -0.5109E+00 -0.5630E+00 -0.6117E+00 -0.6509E+00 -0.6647E+00 -0.6678E+00
      6.7751       20.0000 -0.1703E-01 -0.8965E-02 -0.2304E-02  0.2949E-02  0.3659E-02 -0.1115E-01 -0.4394E-01 -0.8269E-01 -0.1154E+00 -0.1365E+00 -0.1485E+00 -0.1659E+00 -0.1875E+00 -0.2140E+00 -0.2457E+00 -0.2821E+00 -0.3223E+00 -0.3664E+00 -0.4145E+00 -0.4660E+00 -0.5197E+00 -0.5718E+00 -0.6205E+00 -0.6597E+00 -0.6735E+00 -0.6765E+00
      6.9106       30.0000 -0.2537E-01 -0.1735E-01 -0.1071E-01 -0.5467E-02 -0.4753E-02 -0.1957E-01 -0.5235E-01 -0.9108E-01 -0.1238E+00 -0.1449E+00 -0.1569E+00 -0.1742E+00 -0.1958E+00 -0.2224E+00 -0.2540E+00 -0.2904E+00 -0.3306E+00 -0.3747E+00 -0.4228E+00 -0.4743E+00 -0.5280E+00 -0.5801E+00 -0.6288E+00 -0.6679E+00 -0.6816E+00 -0.6844E+00
      7.0461       40.0000 -0.3292E-01 -0.2495E-01 -0.1834E-01 -0.1311E-01 -0.1239E-01 -0.2720E-01 -0.5999E-01 -0.9869E-01 -0.1314E+00 -0.1524E+00 -0.1644E+00 -0.1818E+00 -0.2034E+00 -0.2299E+00 -0.2616E+00 -0.2979E+00 -0.3381E+00 -0.3822E+00 -0.4303E+00 -0.4818E+00 -0.5355E+00 -0.5876E+00 -0.6362E+00 -0.6753E+00 -0.6889E+00 -0.6915E+00
      7.1816       50.0000 -0.3944E-01 -0.3154E-01 -0.2496E-01 -0.1974E-01 -0.1902E-01 -0.3383E-01 -0.6661E-01 -0.1053E+00 -0.1379E+00 -0.1589E+00 -0.1709E+00 -0.1883E+00 -0.2099E+00 -0.2364E+00 -0.2680E+00 -0.3044E+00 -0.3445E+00 -0.3887E+00 -0.4368E+00 -0.4883E+00 -0.5420E+00 -0.5940E+00 -0.6426E+00 -0.6816E+00 -0.6951E+00 -0.6974E+00
      7.3171       60.0000 -0.4473E-01 -0.3691E-01 -0.3037E-01 -0.2517E-01 -0.2443E-01 -0.3924E-01 -0.7203E-01 -0.1107E+00 -0.1433E+00 -0.1642E+00 -0.1762E+00 -0.1936E+00 -0.2152E+00 -0.2417E+00 -0.2733E+00 -0.3096E+00 -0.3498E+00 -0.3939E+00 -0.4420E+00 -0.4935E+00 -0.5472E+00 -0.5992E+00 -0.6478E+00 -0.6867E+00 -0.7001E+00 -0.7021E+00
      7.4526       70.0000 -0.4863E-01 -0.4090E-01 -0.3441E-01 -0.2922E-01 -0.2848E-01 -0.4329E-01 -0.7607E-01 -0.1147E+00 -0.1472E+00 -0.1681E+00 -0.1802E+00 -0.1975E+00 -0.2191E+00 -0.2455E+00 -0.2772E+00 -0.3135E+00 -0.3536E+00 -0.3978E+00 -0.4458E+00 -0.4973E+00 -0.5510E+00 -0.6030E+00 -0.6516E+00 -0.6904E+00 -0.7036E+00 -0.7053E+00
      7.5881       80.0000 -0.5103E-01 -0.4339E-01 -0.3694E-01 -0.3177E-01 -0.3102E-01 -0.4583E-01 -0.7861E-01 -0.1172E+00 -0.1496E+00 -0.1705E+00 -0.1826E+00 -0.1999E+00 -0.2214E+00 -0.2479E+00 -0.2795E+00 -0.3158E+00 -0.3559E+00 -0.4001E+00 -0.4482E+00 -0.4996E+00 -0.5533E+00 -0.6053E+00 -0.6538E+00 -0.6926E+00 -0.7057E+00 -0.7070E+00
      7.7236       90.0000 -0.5184E-01 -0.4430E-01 -0.3791E-01 -0.3275E-01 -0.3199E-01 -0.4680E-01 -0.7958E-01 -0.1181E+00 -0.1505E+00 -0.1714E+00 -0.1834E+00 -0.2007E+00 -0.2223E+00 -0.2487E+00 -0.2803E+00 -0.3166E+00 -0.3567E+00 -0.4008E+00 -0.4489E+00 -0.5004E+00 -0.5541E+00 -0.6060E+00 -0.6545E+00 -0.6932E+00 -0.7061E+00 -0.7071E+00
      7.8591      100.0000 -0.5106E-01 -0.4360E-01 -0.3726E-01 -0.3213E-01 -0.3136E-01 -0.4617E-01 -0.7895E-01 -0.1174E+00 -0.1498E+00 -0.1706E+00 -0.1826E+00 -0.1999E+00 -0.2215E+00 -0.2479E+00 -0.2795E+00 -0.3157E+00 -0.3559E+00 -0.4000E+00 -0.4481E+00 -0.4995E+00 -0.5532E+00 -0.6052E+00 -0.6536E+00 -0.6922E+00 -0.7050E+00 -0.7055E+00
      7.9946      110.0000 -0.4869E-01 -0.4133E-01 -0.3504E-01 -0.2992E-01 -0.2914E-01 -0.4395E-01 -0.7673E-01 -0.1151E+00 -0.1474E+00 -0.1682E+00 -0.1803E+00 -0.1975E+00 -0.2191E+00 -0.2455E+00 -0.2771E+00 -0.3133E+00 -0.3534E+00 -0.3976E+00 -0.4456E+00 -0.4971E+00 -0.5508E+00 -0.6027E+00 -0.6511E+00 -0.6897E+00 -0.7023E+00 -0.7025E+00
      8.1301      120.0000 -0.4481E-01 -0.3754E-01 -0.3129E-01 -0.2620E-01 -0.2541E-01 -0.4021E-01 -0.7299E-01 -0.1114E+00 -0.1436E+00 -0.1644E+00 -0.1764E+00 -0.1937E+00 -0.2152E+00 -0.2416E+00 -0.2731E+00 -0.3094E+00 -0.3495E+00 -0.3936E+00 -0.4417E+00 -0.4932E+00 -0.5468E+00 -0.5988E+00 -0.6472E+00 -0.6856E+00 -0.6981E+00 -0.6980E+00
      8.2656      130.0000 -0.3954E-01 -0.3235E-01 -0.2614E-01 -0.2106E-01 -0.2027E-01 -0.3507E-01 -0.6785E-01 -0.1062E+00 -0.1384E+00 -0.1591E+00 -0.1711E+00 -0.1884E+00 -0.2099E+00 -0.2363E+00 -0.2678E+00 -0.3041E+00 -0.3442E+00 -0.3883E+00 -0.4364E+00 -0.4879E+00 -0.5415E+00 -0.5935E+00 -0.6418E+00 -0.6802E+00 -0.6926E+00 -0.6922E+00
      8.4011      140.0000 -0.3304E-01 -0.2592E-01 -0.1975E-01 -0.1468E-01 -0.1388E-01 -0.2868E-01 -0.6147E-01 -0.9975E-01 -0.1319E+00 -0.1526E+00 -0.1646E+00 -0.1819E+00 -0.2034E+00 -0.2298E+00 -0.2613E+00 -0.2976E+00 -0.3377E+00 -0.3818E+00 -0.4299E+00 -0.4813E+00 -0.5350E+00 -0.5869E+00 -0.6353E+00 -0.6736E+00 -0.6858E+00 -0.6852E+00
      8.5366      150.0000 -0.2551E-01 -0.1844E-01 -0.1230E-01 -0.7249E-02 -0.6439E-02 -0.2124E-01 -0.5402E-01 -0.9228E-01 -0.1244E+00 -0.1451E+00 -0.1571E+00 -0.1744E+00 -0.1959E+00 -0.2223E+00 -0.2538E+00 -0.2900E+00 -0.3301E+00 -0.3742E+00 -0.4223E+00 -0.4738E+00 -0.5275E+00 -0.5794E+00 -0.6277E+00 -0.6660E+00 -0.6782E+00 -0.6773E+00
      8.6721      160.0000 -0.1718E-01 -0.1015E-01 -0.4030E-02  0.1015E-02  0.1829E-02 -0.1297E-01 -0.4575E-01 -0.8399E-01 -0.1161E+00 -0.1367E+00 -0.1488E+00 -0.1661E+00 -0.1875E+00 -0.2139E+00 -0.2454E+00 -0.2817E+00 -0.3217E+00 -0.3659E+00 -0.4140E+00 -0.4654E+00 -0.5191E+00 -0.5710E+00 -0.6194E+00 -0.6576E+00 -0.6697E+00 -0.6688E+00
      8.8076      170.0000 -0.8290E-02 -0.1284E-02  0.4818E-02  0.9858E-02  0.1067E-01 -0.4126E-02 -0.3691E-01 -0.7513E-01 -0.1072E+00 -0.1279E+00 -0.1399E+00 -0.1572E+00 -0.1787E+00 -0.2050E+00 -0.2365E+00 -0.2728E+00 -0.3128E+00 -0.3570E+00 -0.4051E+00 -0.4566E+00 -0.5103E+00 -0.5622E+00 -0.6105E+00 -0.6488E+00 -0.6608E+00 -0.6598E+00
      8.9431      180.0000  0.8780E-03  0.7875E-02  0.1397E-01  0.1901E-01  0.1983E-01  0.5027E-02 -0.2776E-01 -0.6598E-01 -0.9805E-01 -0.1187E+00 -0.1307E+00 -0.1480E+00 -0.1695E+00 -0.1959E+00 -0.2274E+00 -0.2636E+00 -0.3037E+00 -0.3478E+00 -0.3959E+00 -0.4474E+00 -0.5011E+00 -0.5530E+00 -0.6014E+00 -0.6396E+00 -0.6517E+00 -0.6506E+00
      9.0786      190.0000  0.1005E-01  0.1705E-01  0.2315E-01  0.2819E-01  0.2901E-01  0.1421E-01 -0.1857E-01 -0.5680E-01 -0.8888E-01 -0.1095E+00 -0.1216E+00 -0.1388E+00 -0.1603E+00 -0.1867E+00 -0.2182E+00 -0.2544E+00 -0.2945E+00 -0.3387E+00 -0.3868E+00 -0.4383E+00 -0.4920E+00 -0.5439E+00 -0.5923E+00 -0.6305E+00 -0.6426E+00 -0.6416E+00
      9.2141      200.0000  0.1894E-01  0.2597E-01  0.3208E-01  0.3713E-01  0.3794E-01  0.2314E-01 -0.9641E-02 -0.4788E-01 -0.7998E-01 -0.1006E+00 -0.1127E+00 -0.1299E+00 -0.1514E+00 -0.1778E+00 -0.2093E+00 -0.2456E+00 -0.2857E+00 -0.3298E+00 -0.3779E+00 -0.4294E+00 -0.4831E+00 -0.5351E+00 -0.5834E+00 -0.6217E+00 -0.6338E+00 -0.6330E+00
      9.3496      210.0000  0.2729E-01  0.3436E-01  0.4049E-01  0.4554E-01  0.4635E-01  0.3155E-01 -0.1229E-02 -0.3949E-01 -0.7161E-01 -0.9229E-01 -0.1043E+00 -0.1216E+00 -0.1431E+00 -0.1695E+00 -0.2010E+00 -0.2373E+00 -0.2774E+00 -0.3215E+00 -0.3696E+00 -0.4211E+00 -0.4748E+00 -0.5268E+00 -0.5752E+00 -0.6135E+00 -0.6257E+00 -0.6250E+00
      9.4851      220.0000  0.3484E-01  0.4196E-01  0.4812E-01  0.5319E-01  0.5399E-01  0.3919E-01  0.6405E-02 -0.3188E-01 -0.6404E-01 -0.8474E-01 -0.9677E-01 -0.1141E+00 -0.1356E+00 -0.1619E+00 -0.1935E+00 -0.2297E+00 -0.2699E+00 -0.3140E+00 -0.3621E+00 -0.4136E+00 -0.4674E+00 -0.5193E+00 -0.5677E+00 -0.6061E+00 -0.6184E+00 -0.6179E+00
      9.6206      230.0000  0.4136E-01  0.4855E-01  0.5474E-01  0.5982E-01  0.6062E-01  0.4582E-01  0.1303E-01 -0.2529E-01 -0.5749E-01 -0.7821E-01 -0.9025E-01 -0.1075E+00 -0.1290E+00 -0.1554E+00 -0.1870E+00 -0.2233E+00 -0.2634E+00 -0.3075E+00 -0.3557E+00 -0.4072E+00 -0.4609E+00 -0.5129E+00 -0.5613E+00 -0.5998E+00 -0.6122E+00 -0.6120E+00
      9.7561      240.0000  0.4665E-01  0.5392E-01  0.6015E-01  0.6524E-01  0.6604E-01  0.5123E-01  0.1845E-01 -0.1991E-01 -0.5216E-01 -0.7292E-01 -0.8495E-01 -0.1022E+00 -0.1238E+00 -0.1502E+00 -0.1817E+00 -0.2180E+00 -0.2582E+00 -0.3023E+00 -0.3504E+00 -0.4020E+00 -0.4557E+00 -0.5077E+00 -0.5562E+00 -0.5947E+00 -0.6072E+00 -0.6073E+00
      9.8916      250.0000  0.5055E-01  0.5790E-01  0.6419E-01  0.6930E-01  0.7008E-01  0.5527E-01  0.2249E-01 -0.1591E-01 -0.4821E-01 -0.6901E-01 -0.8104E-01 -0.9834E-01 -0.1199E+00 -0.1463E+00 -0.1779E+00 -0.2142E+00 -0.2543E+00 -0.2985E+00 -0.3466E+00 -0.3981E+00 -0.4519E+00 -0.5039E+00 -0.5524E+00 -0.5910E+00 -0.6037E+00 -0.6041E+00
     10.0271      260.0000  0.5295E-01  0.6039E-01  0.6672E-01  0.7185E-01  0.7262E-01  0.5782E-01  0.2503E-01 -0.1341E-01 -0.4577E-01 -0.6661E-01 -0.7863E-01 -0.9594E-01 -0.1175E+00 -0.1439E+00 -0.1755E+00 -0.2118E+00 -0.2520E+00 -0.2962E+00 -0.3443E+00 -0.3958E+00 -0.4496E+00 -0.5016E+00 -0.5501E+00 -0.5888E+00 -0.6016E+00 -0.6025E+00
     10.1626      270.0000  0.5376E-01  0.6130E-01  0.6769E-01  0.7283E-01  0.7360E-01  0.5879E-01  0.2600E-01 -0.1249E-01 -0.4491E-01 -0.6578E-01 -0.7781E-01 -0.9512E-01 -0.1167E+00 -0.1431E+00 -0.1748E+00 -0.2111E+00 -0.2512E+00 -0.2954E+00 -0.3435E+00 -0.3951E+00 -0.4488E+00 -0.5009E+00 -0.5494E+00 -0.5882E+00 -0.6012E+00 -0.6024E+00
     10.2981      280.0000  0.5297E-01  0.6061E-01  0.6704E-01  0.7221E-01  0.7296E-01  0.5816E-01  0.2537E-01 -0.1317E-01 -0.4565E-01 -0.6657E-01 -0.7858E-01 -0.9591E-01 -0.1175E+00 -0.1440E+00 -0.1756E+00 -0.2119E+00 -0.2521E+00 -0.2963E+00 -0.3444E+00 -0.3959E+00 -0.4497E+00 -0.5017E+00 -0.5503E+00 -0.5892E+00 -0.6023E+00 -0.6039E+00
     10.4336      290.0000  0.5060E-01  0.5833E-01  0.6482E-01  0.7000E-01  0.7074E-01  0.5594E-01  0.2315E-01 -0.1544E-01 -0.4798E-01 -0.6893E-01 -0.8094E-01 -0.9827E-01 -0.1199E+00 -0.1464E+00 -0.1780E+00 -0.2143E+00 -0.2545E+00 -0.2987E+00 -0.3468E+00 -0.3983E+00 -0.4521E+00 -0.5042E+00 -0.5528E+00 -0.5917E+00 -0.6050E+00 -0.6069E+00
     10.5691      300.0000  0.4673E-01  0.5454E-01  0.6107E-01  0.6627E-01  0.6701E-01  0.5220E-01  0.1941E-01 -0.1922E-01 -0.5181E-01 -0.7280E-01 -0.8481E-01 -0.1021E+00 -0.1237E+00 -0.1502E+00 -0.1819E+00 -0.2183E+00 -0.2584E+00 -0.3026E+00 -0.3507E+00 -0.4023E+00 -0.4560E+00 -0.5081E+00 -0.5568E+00 -0.5958E+00 -0.6092E+00 -0.6114E+00
     10.7046      310.0000  0.4146E-01  0.4935E-01  0.5592E-01  0.6114E-01  0.6187E-01  0.4706E-01  0.1427E-01 -0.2440E-01 -0.5704E-01 -0.7806E-01 -0.9007E-01 -0.1074E+00 -0.1290E+00 -0.1555E+00 -0.1872E+00 -0.2236E+00 -0.2637E+00 -0.3079E+00 -0.3561E+00 -0.4076E+00 -0.4613E+00 -0.5134E+00 -0.5621E+00 -0.6012E+00 -0.6148E+00 -0.6173E+00
     10.8401      320.0000  0.3496E-01  0.4292E-01  0.4953E-01  0.5476E-01  0.5548E-01  0.4067E-01  0.7885E-02 -0.3082E-01 -0.6351E-01 -0.8455E-01 -0.9656E-01 -0.1139E+00 -0.1355E+00 -0.1620E+00 -0.1937E+00 -0.2301E+00 -0.2703E+00 -0.3145E+00 -0.3626E+00 -0.4141E+00 -0.4679E+00 -0.5200E+00 -0.5687E+00 -0.6078E+00 -0.6215E+00 -0.6242E+00
     10.9756      330.0000  0.2743E-01  0.3545E-01  0.4208E-01  0.4733E-01  0.4804E-01  0.3323E-01  0.4432E-03 -0.3829E-01 -0.7101E-01 -0.9208E-01 -0.1041E+00 -0.1214E+00 -0.1431E+00 -0.1696E+00 -0.2013E+00 -0.2377E+00 -0.2778E+00 -0.3220E+00 -0.3701E+00 -0.4217E+00 -0.4754E+00 -0.5275E+00 -0.5762E+00 -0.6154E+00 -0.6292E+00 -0.6321E+00
     11.1111      340.0000  0.1909E-01  0.2715E-01  0.3381E-01  0.3906E-01  0.3977E-01  0.2496E-01 -0.7826E-02 -0.4658E-01 -0.7932E-01 -0.1004E+00 -0.1124E+00 -0.1298E+00 -0.1514E+00 -0.1779E+00 -0.2096E+00 -0.2460E+00 -0.2862E+00 -0.3304E+00 -0.3785E+00 -0.4300E+00 -0.4838E+00 -0.5358E+00 -0.5846E+00 -0.6237E+00 -0.6376E+00 -0.6407E+00
     11.2466      350.0000  0.1021E-01  0.1829E-01  0.2496E-01  0.3022E-01  0.3093E-01  0.1611E-01 -0.1667E-01 -0.5544E-01 -0.8820E-01 -0.1093E+00 -0.1213E+00 -0.1386E+00 -0.1603E+00 -0.1868E+00 -0.2185E+00 -0.2549E+00 -0.2951E+00 -0.3393E+00 -0.3874E+00 -0.4389E+00 -0.4926E+00 -0.5447E+00 -0.5935E+00 -0.6326E+00 -0.6465E+00 -0.6497E+00
     11.3821      360.0000  0.1038E-02  0.9131E-02  0.1581E-01  0.2107E-01  0.2177E-01  0.6962E-02 -0.2582E-01 -0.6459E-01 -0.9736E-01 -0.1185E+00 -0.1305E+00 -0.1478E+00 -0.1694E+00 -0.1960E+00 -0.2277E+00 -0.2641E+00 -0.3042E+00 -0.3484E+00 -0.3965E+00 -0.4480E+00 -0.5018E+00 -0.5539E+00 -0.6026E+00 -0.6418E+00 -0.6557E+00 -0.6588E+00
     11.5176       10.0000 -0.8132E-02 -0.4709E-04  0.6627E-02  0.1188E-01  0.1259E-01 -0.2221E-02 -0.3501E-01 -0.7377E-01 -0.1065E+00 -0.1276E+00 -0.1396E+00 -0.1570E+00 -0.1786E+00 -0.2052E+00 -0.2368E+00 -0.2732E+00 -0.3134E+00 -0.3576E+00 -0.4057E+00 -0.4572E+00 -0.5109E+00 -0.5630E+00 -0.6117E+00 -0.6509E+00 -0.6647E+00 -0.6678E+00
     11.6531       20.0000 -0.1703E-01 -0.8965E-02 -0.2304E-02  0.2949E-02  0.3659E-02 -0.1115E-01 -0.4394E-01 -0.8269E-01 -0.1154E+00 -0.1365E+00 -0.1485E+00 -0.1659E+00 -0.1875E+00 -0.2140E+00 -0.2457E+00 -0.2821E+00 -0.3223E+00 -0.3664E+00 -0.4145E+00 -0.4660E+00 -0.5197E+00 -0.5718E+00 -0.6205E+00 -0.6597E+00 -0.6735E+00 -0.6765E+00
     11.7886       30.0000 -0.2537E-01 -0.1735E-01 -0.1071E-01 -0.5467E-02 -0.4753E-02 -0.1957E-01 -0.5235E-01 -0.9108E-01 -0.1238E+00 -0.1449E+00 -0.1569E+00 -0.1742E+00 -0.1958E+00 -0.2224E+00 -0.2540E+00 -0.2904E+00 -0.3306E+00 -0.3747E+00 -0.4228E+00 -0.4743E+00 -0.5280E+00 -0.5801E+00 -0.6288E+00 -0.6679E+00 -0.6816E+00 -0.6844E+00
     11.9241       40.0000 -0.3292E-01 -0.2495E-01 -0.1834E-01 -0.1311E-01 -0.1239E-01 -0.2720E-01 -0.5999E-01 -0.9869E-01 -0.1314E+00 -0.1524E+00 -0.1644E+00 -0.1818E+00 -0.2034E+00 -0.2299E+00 -0.2616E+00 -0.2979E+00 -0.3381E+00 -0.3822E+00 -0.4303E+00 -0.4818E+00 -0.5355E+00 -0.5876E+00 -0.6362E+00 -0.6753E+00 -0.6889E+00 -0.6915E+00
     12.0596       50.0000 -0.3944E-01 -0.3154E-01 -0.2496E-01 -0.1974E-01 -0.1902E-01 -0.3383E-01 -0.6661E-01 -0.1053E+00 -0.1379E+00 -0.1589E+00 -0.1709E+00 -0.1883E+00 -0.2099E+00 -0.2364E+00 -0.2680E+00 -0.3044E+00 -0.3445E+00 -0.3887E+00 -0.4368E+00 -0.4883E+00 -0.5420E+00 -0.5940E+00 -0.6426E+00 -0.6816E+00 -0.6951E+00 -0.6974E+00
     12.1951       60.0000 -0.4473E-01 -0.3691E-01 -0.3037E-01 -0.2517E-01 -0.2443E-01 -0.3924E-01 -0.7203E-01 -0.1107E+00 -0.1433E+00 -0.1642E+00 -0.1762E+00 -0.1936E+00 -0.2152E+00 -0.2417E+00 -0.2733E+00 -0.3096E+00 -0.3498E+00 -0.3939E+00 -0.4420E+00 -0.4935E+00 -0.5472E+00 -0.5992E+00 -0.6478E+00 -0.6867E+00 -0.7001E+00 -0.7021E+00
     12.3306       70.0000 -0.4863E-01 -0.4090E-01 -0.3441E-01 -0.2922E-01 -0.2848E-01 -0.4329E-01 -0.7607E-01 -0.1147E+00 -0.1472E+00 -0.1681E+00 -0.1802E+00 -0.1975E+00 -0.2191E+00 -0.2455E+00 -0.2772E+00 -0.3135E+00 -0.3536E+00 -0.3978E+00 -0.4458E+00 -0.4973E+00 -0.5510E+00 -0.6030E+00 -0.6516E+00 -0.6904E+00 -0.7036E+00 -0.7053E+00
     12.4661       80.0000 -0.5103E-01 -0.4339E-01 -0.3694E-01 -0.3177E-01 -0.3102E-01 -0.4583E-01 -0.7861E-01 -0.1172E+00 -0.1496E+00 -0.1705E+00 -0.1826E+00 -0.1999E+00 -0.2214E+00 -0.2479E+00 -0.2795E+00 -0.3158E+00 -0.3559E+00 -0.4001E+00 -0.4482E+00 -0.4996E+00 -0.5533E+00 -0.6053E+00 -0.6538E+00 -0.6926E+00 -0.7057E+00 -0.7070E+00
     12.6016       90.0000 -0.5184E-01 -0.4430E-01 -0.3791E-01 -0.3275E-01 -0.3199E-01 -0.4680E-01 -0.7958E-01 -0.1181E+00 -0.1505E+00 -0.1714E+00 -0.1834E+00 -0.2007E+00 -0.2223E+00 -0.2487E+00 -0.2803E+00 -0.3166E+00 -0.3567E+00 -0.4008E+00 -0.4489E+00 -0.5004E+00 -0.5541E+00 -0.6060E+00 -0.6545E+00 -0.6932E+00 -0.7061E+00 -0.7071E+00
     12.7371      100.0000 -0.5106E-01 -0.4360E-01 -0.3726E-01 -0.3213E-01 -0.3136E-01 -0.4617E-01 -0.7895E-01 -0.1174E+00 -0.1498E+00 -0.1706E+00 -0.1826E+00 -0.1999E+00 -0.2215E+00 -0.2479E+00 -0.2795E+00 -0.3157E+00 -0.3559E+00 -0.4000E+00 -0.4481E+00 -0.4995E+00 -0.5532E+00 -0.6052E+00 -0.6536E+00 -0.6922E+00 -0.7050E+00 -0.7055E+00
     12.8726      110.0000 -0.4869E-01 -0.4133E-01 -0.3504E-01 -0.2992E-01 -0.2914E-01 -0.4395E-01 -0.7673E-01 -0.1151E+00 -0.1474E+00 -0.1682E+00 -0.1803E+00 -0.1975E+00 -0.2191E+00 -0.2455E+00 -0.2771E+00 -0.3133E+00 -0.3534E+00 -0.3976E+00 -0.4456E+00 -0.4971E+00 -0.5508E+00 -0.6027E+00 -0.6511E+00 -0.6897E+00 -0.7023E+00 -0.7025E+00
     13.0081      120.0000 -0.4481E-01 -0.3754E-01 -0.3129E-01 -0.2620E-01 -0.2541E-01 -0.4021E-01 -0.7299E-01 -0.1114E+00 -0.1436E+00 -0.1644E+00 -0.1764E+00 -0.1937E+00 -0.2152E+00 -0.2416E+00 -0.2731E+00 -0.3094E+00 -0.3495E+00 -0.3936E+00 -0.4417E+00 -0.4932E+00 -0.5468E+00 -0.5988E+00 -0.6472E+00 -0.6856E+00 -0.6981E+00 -0.6980E+00
     13.1436      130.0000 -0.3954E-01 -0.3235E-01 -0.2614E-01 -0.2106E-01 -0.2027E-01 -0.3507E-01 -0.6785E-01 -0.1062E+00 -0.1384E+00 -0.1591E+00 -0.1711E+00 -0.1884E+00 -0.2099E+00 -0.2363E+00 -0.2678E+00 -0.3041E+00 -0.3442E+00 -0.3883E+00 -0.4364E+00 -0.4879E+00 -0.5415E+00 -0.5935E+00 -0.6418E+00 -0.6802E+00 -0.6926E+00 -0.6922E+00
     13.2791      140.0000 -0.3304E-01 -0.2592E-01 -0.1975E-01 -0.1468E-01 -0.1388E-01 -0.2868E-01 -0.6147E-01 -0.9975E-01 -0.1319E+00 -0.1526E+00 -0.1646E+00 -0.1819E+00 -0.2034E+00 -0.2298E+00 -0.2613E+00 -0.2976E+00 -0.3377E+00 -0.3818E+00 -0.4299E+00 -0.4813E+00 -0.5350E+00 -0.5869E+00 -0.6353E+00 -0.6736E+00 -0.6858E+00 -0.6852E+00
     13.4146      150.0000 -0.2551E-01 -0.1844E-01 -0.1230E-01 -0.7249E-02 -0.6439E-02 -0.2124E-01 -0.5402E-01 -0.9228E-01 -0.1244E+00 -0.1451E+00 -0.1571E+00 -0.1744E+00 -0.1959E+00 -0.2223E+00 -0.2538E+00 -0.2900E+00 -0.3301E+00 -0.3742E+00 -0.4223E+00 -0.4738E+00 -0.5275E+00 -0.5794E+00 -0.6277E+00 -0.6660E+00 -0.6782E+00 -0.6773E+00
     13.5501      160.0000 -0.1718E-01 -0.1015E-01 -0.4030E-02  0.1015E-02  0.1829E-02 -0.1297E-01 -0.4575E-01 -0.8399E-01 -0.1161E+00 -0.1367E+00 -0.1488E+00 -0.1661E+00 -0.1875E+00 -0.2139E+00 -0.2454E+00 -0.2817E+00 -0.3217E+00 -0.3659E+00 -0.4140E+00 -0.4654E+00 -0.5191E+00 -0.5710E+00 -0.6194E+00 -0.6576E+00 -0.6697E+00 -0.6688E+00
     13.6856      170.0000 -0.8290E-02 -0.1284E-02  0.4818E-02  0.9858E-02  0.1067E-01 -0.4126E-02 -0.3691E-01 -0.7513E-01 -0.1072E+00 -0.1279E+00 -0.1399E+00 -0.1572E+00 -0.1787E+00 -0.2050E+00 -0.2365E+00 -0.2728E+00 -0.3128E+00 -0.3570E+00 -0.4051E+00 -0.4566E+00 -0.5103E+00 -0.5622E+00 -0.6105E+00 -0.6488E+00 -0.6608E+00 -0.6598E+00
     13.8211      180.0000  0.8780E-03  0.7875E-02  0.1397E-01  0.1901E-01  0.1983E-01  0.5027E-02 -0.2776E-01 -0.6598E-01 -0.9805E-01 -0.1187E+00 -0.1307E+00 -0.1480E+00 -0.1695E+00 -0.1959E+00 -0.2274E+00 -0.2636E+00 -0.3037E+00 -0.3478E+00 -0.3959E+00 -0.4474E+00 -0.5011E+00 -0.5530E+00 -0.6014E+00 -0.6396E+00 -0.6517E+00 -0.6506E+00
     13.9566      190.0000  0.1005E-01  0.1705E-01  0.2315E-01  0.2819E-01  0.2901E-01  0.1421E-01 -0.1857E-01 -0.5680E-01 -0.8888E-01 -0.1095E+00 -0.1216E+00 -0.1388E+00 -0.1603E+00 -0.1867E+00 -0.2182E+00 -0.2544E+00 -0.2945E+00 -0.3387E+00 -0.3868E+00 -0.4383E+00 -0.4920E+00 -0.5439E+00 -0.5923E+00 -0.6305E+00 -0.6426E+00 -0.6416E+00
     14.0921      200.0000  0.1894E-01  0.2597E-01  0.3208E-01  0.3713E-01  0.3794E-01  0.2314E-01 -0.9641E-02 -0.4788E-01 -0.7998E-01 -0.1006E+00 -0.1127E+00 -0.1299E+00 -0.1514E+00 -0.1778E+00 -0.2093E+00 -0.2456E+00 -0.2857E+00 -0.3298E+00 -0.3779E+00 -0.4294E+00 -0.4831E+00 -0.5351E+00 -0.5834E+00 -0.6217E+00 -0.6338E+00 -0.6330E+00
     14.2276      210.0000  0.2729E-01  0.3436E-01  0.4049E-01  0.4554E-01  0.4635E-01  0.3155E-01 -0.1229E-02 -0.3949E-01 -0.7161E-01 -0.9229E-01 -0.1043E+00 -0.1216E+00 -0.1431E+00 -0.1695E+00 -0.2010E+00 -0.2373E+00 -0.2774E+00 -0.3215E+00 -0.3696E+00 -0.4211E+00 -0.4748E+00 -0.5268E+00 -0.5752E+00 -0.6135E+00 -0.6257E+00 -0.6250E+00
     14.3631      220.0000  0.3484E-01  0.4196E-01  0.4812E-01  0.5319E-01  0.5399E-01  0.3919E-01  0.6405E-02 -0.3188E-01 -0.6404E-01 -0.8474E-01 -0.9677E-01 -0.1141E+00 -0.1356E+00 -0.1619E+00 -0.1935E+00 -0.2297E+00 -0.2699E+00 -0.3140E+00 -0.3621E+00 -0.4136E+00 -0.4674E+00 -0.5193E+00 -0.5677E+00 -0.6061E+00 -0.6184E+00 -0.6179E+00
     14.4986      230.0000  0.4136E-01  0.4855E-01  0.5474E-01  0.5982E-01  0.6062E-01  0.4582E-01  0.1303E-01 -0.2529E-01 -0.5749E-01 -0.7821E-01 -0.9025E-01 -0.1075E+00 -0.1290E+00 -0.1554E+00 -0.1870E+00 -0.2233E+00 -0.2634E+00 -0.3075E+00 -0.3557E+00 -0.4072E+00 -0.4609E+00 -0.5129E+00 -0.5613E+00 -0.5998E+00 -0.6122E+00 -0.6120E+00
     14.6341      240.0000  0.4665E-01  0.5392E-01  0.6015E-01  0.6524E-01  0.6604E-01  0.5123E-01  0.1845E-01 -0.1991E-01 -0.5216E-01 -0.7292E-01 -0.8495E-01 -0.1022E+00 -0.1238E+00 -0.1502E+00 -0.1817E+00 -0.2180E+00 -0.2582E+00 -0.3023E+00 -0.3504E+00 -0.4020E+00 -0.4557E+00 -0.5077E+00 -0.5562E+00 -0.5947E+00 -0.6072E+00 -0.6073E+00
     14.7696      250.0000  0.5055E-01  0.5790E-01  0.6419E-01  0.6930E-01  0.7008E-01  0.5527E-01  0.2249E-01 -0.1591E-01 -0.4821E-01 -0.6901E-01 -0.8104E-01 -0.9834E-01 -0.1199E+00 -0.1463E+00 -0.1779E+00 -0.2142E+00 -0.2543E+00 -0.2985E+00 -0.3466E+00 -0.3981E+00 -0.4519E+00 -0.5039E+00 -0.5524E+00 -0.5910E+00 -0.6037E+00 -0.6041E+00
     14.9051      260.0000  0.5295E-01  0.6039E-01  0.6672E-01  0.7185E-01  0.7262E-01  0.5782E-01  0.2503E-01 -0.1341E-01 -0.4577E-01 -0.6661E-01 -0.7863E-01 -0.9594E-01 -0.1175E+00 -0.1439E+00 -0.1755E+00 -0.2118E+00 -0.2520E+00 -0.2962E+00 -0.3443E+00 -0.3958E+00 -0.4496E+00 -0.5016E+00 -0.5501E+00 -0.5888E+00 -0.6016E+00 -0.6025E+00
     15.0407      270.0000  0.5376E-01  0.6130E-01  0.6769E-01  0.7283E-01  0.7360E-01  0.5879E-01  0.2600E-01 -0.1249E-01 -0.4491E-01 -0.6578E-01 -0.7781E-01 -0.9512E-01 -0.1167E+00 -0.1431E+00 -0.1748E+00 -0.2111E+00 -0.2512E+00 -0.2954E+00 -0.3435E+00 -0.3951E+00 -0.4488E+00 -0.5009E+00 -0.5494E+00 -0.5882E+00 -0.6012E+00 -0.6024E+00
     15.1762      280.0000  0.5297E-01  0.6061E-01  0.6704E-01  0.7221E-01  0.7296E-01  0.5816E-01  0.2537E-01 -0.1317E-01 -0.4565E-01 -0.6657E-01 -0.7858E-01 -0.9591E-01 -0.1175E+00 -0.1440E+00 -0.1756E+00 -0.2119E+00 -0.2521E+00 -0.2963E+00 -0.3444E+00 -0.3959E+00 -0.4497E+00 -0.5017E+00 -0.5503E+00 -0.5892E+00 -0.6023E+00 -0.6039E+00
     15.3117      290.0000  0.5060E-01  0.5833E-01  0.6482E-01  0.7000E-01  0.7074E-01  0.5594E-01  0.2315E-01 -0.1544E-01 -0.4798E-01 -0.6893E-01 -0.8094E-01 -0.9827E-01 -0.1199E+00 -0.1464E+00 -0.1780E+00 -0.2143E+00 -0.2545E+00 -0.2987E+00 -0.3468E+00 -0.3983E+00 -0.4521E+00 -0.5042E+00 -0.5528E+00 -0.5917E+00 -0.6050E+00 -0.6069E+00
     15.4472      300.0000  0.4673E-01  0.5454E-01  0.6107E-01  0.6627E-01  0.6701E-01  0.5220E-01  0.1941E-01 -0.1922E-01 -0.5181E-01 -0.7280E-01 -0.8481E-01 -0.1021E+00 -0.1237E+00 -0.1502E+00 -0.1819E+00 -0.2183E+00 -0.2584E+00 -0.3026E+00 -0.3507E+00 -0.4023E+00 -0.4560E+00 -0.5081E+00 -0.5568E+00 -0.5958E+00 -0.6092E+00 -0.6114E+00
     15.5827      310.0000  0.4146E-01  0.4935E-01  0.5592E-01  0.6114E-01  0.6187E-01  0.4706E-01  0.1427E-01 -0.2440E-01 -0.5704E-01 -0.7806E-01 -0.9007E-01 -0.1074E+00 -0.1290E+00 -0.1555E+00 -0.1872E+00 -0.2236E+00 -0.2637E+00 -0.3079E+00 -0.3561E+00 -0.4076E+00 -0.4613E+00 -0.5134E+00 -0.5621E+00 -0.6012E+00 -0.6148E+00 -0.6173E+00
     15.7182      320.0000  0.3496E-01  0.4292E-01  0.4953E-01  0.5476E-01  0.5548E-01  0.4067E-01  0.7885E-02 -0.3082E-01 -0.6351E-01 -0.8455E-01 -0.9656E-01 -0.1139E+00 -0.1355E+00 -0.1620E+00 -0.1937E+00 -0.2301E+00 -0.2703E+00 -0.3145E+00 -0.3626E+00 -0.4141E+00 -0.4679E+00 -0.5200E+00 -0.5687E+00 -0.6078E+00 -0.6215E+00 -0.6242E+00
     15.8537      330.0000  0.2743E-01  0.3545E-01  0.4208E-01  0.4733E-01  0.4804E-01  0.3323E-01  0.4432E-03 -0.3829E-01 -0.7101E-01 -0.9208E-01 -0.1041E+00 -0.1214E+00 -0.1431E+00 -0.1696E+00 -0.2013E+00 -0.2377E+00 -0.2778E+00 -0.3220E+00 -0.3701E+00 -0.4217E+00 -0.4754E+00 -0.5275E+00 -0.5762E+00 -0.6154E+00 -0.6292E+00 -0.6321E+00
     15.9892      340.0000  0.1909E-01  0.2715E-01  0.3381E-01  0.3906E-01  0.3977E-01  0.2496E-01 -0.7826E-02 -0.4658E-01 -0.7932E-01 -0.1004E+00 -0.1124E+00 -0.1298E+00 -0.1514E+00 -0.1779E+00 -0.2096E+00 -0.2460E+00 -0.2862E+00 -0.3304E+00 -0.3785E+00 -0.4300E+00 -0.4838E+00 -0.5358E+00 -0.5846E+00 -0.6237E+00 -0.6376E+00 -0.6407E+00
     16.1247      350.0000  0.1021E-01  0.1829E-01  0.2496E-01  0.3022E-01  0.3093E-01  0.1611E-01 -0.1667E-01 -0.5544E-01 -0.8820E-01 -0.1093E+00 -0.1213E+00 -0.1386E+00 -0.1603E+00 -0.1868E+00 -0.2185E+00 -0.2549E+00 -0.2951E+00 -0.3393E+00 -0.3874E+00 -0.4389E+00 -0.4926E+00 -0.5447E+00 -0.5935E+00 -0.6326E+00 -0.6465E+00 -0.6497E+00
     16.2602      360.0000  0.1038E-02  0.9131E-02  0.1581E-01  0.2107E-01  0.2177E-01  0.6962E-02 -0.2582E-01 -0.6459E-01 -0.9736E-01 -0.1185E+00 -0.1305E+00 -0.1478E+00 -0.1694E+00 -0.1960E+00 -0.2277E+00 -0.2641E+00 -0.3042E+00 -0.3484E+00 -0.3965E+00 -0.4480E+00 -0.5018E+00 -0.5539E+00 -0.6026E+00 -0.6418E+00 -0.6557E+00 -0.6588E+00
     16.3957       10.0000 -0.8132E-02 -0.4709E-04  0.6627E-02  0.1188E-01  0.1259E-01 -0.2221E-02 -0.3501E-01 -0.7377E-01 -0.1065E+00 -0.1276E+00 -0.1396E+00 -0.1570E+00 -0.1786E+00 -0.2052E+00 -0.2368E+00 -0.2732E+00 -0.3134E+00 -0.3576E+00 -0.4057E+00 -0.4572E+00 -0.5109E+00 -0.5630E+00 -0.6117E+00 -0.6509E+00 -0.6647E+00 -0.6678E+00
     16.5312       20.0000 -0.1703E-01 -0.8965E-02 -0.2304E-02  0.2949E-02  0.3659E-02 -0.1115E-01 -0.4394E-01 -0.8269E-01 -0.1154E+00 -0.1365E+00 -0.1485E+00 -0.1659E+00 -0.1875E+00 -0.2140E+00 -0.2457E+00 -0.2821E+00 -0.3223E+00 -0.3664E+00 -0.4145E+00 -0.4660E+00 -0.5197E+00 -0.5718E+00 -0.6205E+00 -0.6597E+00 -0.6735E+00 -0.6765E+00
     16.6667       30.0000 -0.2537E-01 -0.1735E-01 -0.1071E-01 -0.5467E-02 -0.4753E-02 -0.1957E-01 -0.5235E-01 -0.9108E-01 -0.1238E+00 -0.1449E+00 -0.1569E+00 -0.1742E+00 -0.1958E+00 -0.2224E+00 -0.2540E+00 -0.2904E+00 -0.3306E+00 -0.3747E+00 -0.4228E+00 -0.4743E+00 -0.5280E+00 -0.5801E+00 -0.6288E+00 -0.6679E+00 -0.6816E+00 -0.6844E+00
     16.8022       40.0000 -0.3292E-01 -0.2495E-01 -0.1834E-01 -0.1311E-01 -0.1239E-01 -0.2720E-01 -0.5999E-01 -0.9869E-01 -0.1314E+00 -0.1524E+00 -0.1644E+00 -0.1818E+00 -0.2034E+00 -0.2299E+00 -0.2616E+00 -0.2979E+00 -0.3381E+00 -0.3822E+00 -0.4303E+00 -0.4818E+00 -0.5355E+00 -0.5876E+00 -0.6362E+00 -0.6753E+00 -0.6889E+00 -0.6915E+00
     16.9377       50.0000 -0.3944E-01 -0.3154E-01 -0.2496E-01 -0.1974E-01 -0.1902E-01 -0.3383E-01 -0.6661E-01 -0.1053E+00 -0.1379E+00 -0.1589E+00 -0.1709E+00 -0.1883E+00 -0.2099E+00 -0.2364E+00 -0.2680E+00 -0.3044E+00 -0.3445E+00 -0.3887E+00 -0.4368E+00 -0.4883E+00 -0.5420E+00 -0.5940E+00 -0.6426E+00 -0.6816E+00 -0.6951E+00 -0.6974E+00
     17.0732       60.0000 -0.4473E-01 -0.3691E-01 -0.3037E-01 -0.2517E-01 -0.2443E-01 -0.3924E-01 -0.7203E-01 -0.1107E+00 -0.1433E+00 -0.1642E+00 -0.1762E+00 -0.1936E+00 -0.2152E+00 -0.2417E+00 -0.2733E+00 -0.3096E+00 -0.3498E+00 -0.3939E+00 -0.4420E+00 -0.4935E+00 -0.5472E+00 -0.5992E+00 -0.6478E+00 -0.6867E+00 -0.7001E+00 -0.7021E+00
     17.2087       70.0000 -0.4863E-01 -0.4090E-01 -0.3441E-01 -0.2922E-01 -0.2848E-01 -0.4329E-01 -0.7607E-01 -0.1147E+00 -0.1472E+00 -0.1681E+00 -0.1802E+00 -0.1975E+00 -0.2191E+00 -0.2455E+00 -0.2772E+00 -0.3135E+00 -0.3536E+00 -0.3978E+00 -0.4458E+00 -0.4973E+00 -0.5510E+00 -0.6030E+00 -0.6516E+00 -0.6904E+00 -0.7036E+00 -0.7053E+00
     17.3442       80.0000 -0.5103E-01 -0.4339E-01 -0.3694E-01 -0.3177E-01 -0.3102E-01 -0.4583E-01 -0.7861E-01 -0.1172E+00 -0.1496E+00 -0.1705E+00 -0.1826E+00 -0.1999E+00 -0.2214E+00 -0.2479E+00 -0.2795E+00 -0.3158E+00 -0.3559E+00 -0.4001E+00 -0.4482E+00 -0.4996E+00 -0.5533E+00 -0.6053E+00 -0.6538E+00 -0.6926E+00 -0.7057E+00 -0.7070E+00
     17.4797       90.0000 -0.5184E-01 -0.4430E-01 -0.3791E-01 -0.3275E-01 -0.3199E-01 -0.4680E-01 -0.7958E-01 -0.1181E+00 -0.1505E+00 -0.1714E+00 -0.1834E+00 -0.2007E+00 -0.2223E+00 -0.2487E+00 -0.2803E+00 -0.3166E+00 -0.3567E+00 -0.4008E+00 -0.4489E+00 -0.5004E+00 -0.5541E+00 -0.6060E+00 -0.6545E+00 -0.6932E+00 -0.7061E+00 -0.7071E+00
     17.6152      100.0000 -0.5106E-01 -0.4360E-01 -0.3726E-01 -0.3213E-01 -0.3136E-01 -0.4617E-01 -0.7895E-01 -0.1174E+00 -0.1498E+00 -0.1706E+00 -0.1826E+00 -0.1999E+00 -0.2215E+00 -0.2479E+00 -0.2795E+00 -0.3157E+00 -0.3559E+00 -0.4000E+00 -0.4481E+00 -0.4995E+00 -0.5532E+00 -0.6052E+00 -0.6536E+00 -0.6922E+00 -0.7050E+00 -0.7055E+00
     17.7507      110.0000 -0.4869E-01 -0.4133E-01 -0.3504E-01 -0.2992E-01 -0.2914E-01 -0.4395E-01 -0.7673E-01 -0.1151E+00 -0.1474E+00 -0.1682E+00 -0.1803E+00 -0.1975E+00 -0.2191E+00 -0.2455E+00 -0.2771E+00 -0.3133E+00 -0.3534E+00 -0.3976E+00 -0.4456E+00 -0.4971E+00 -0.5508E+00 -0.6027E+00 -0.6511E+00 -0.6897E+00 -0.7023E+00 -0.7025E+00
     17.8862      120.0000 -0.4481E-01 -0.3754E-01 -0.3129E-01 -0.2620E-01 -0.2541E-01 -0.4021E-01 -0.7299E-01 -0.1114E+00 -0.1436E+00 -0.1644E+00 -0.1764E+00 -0.1937E+00 -0.2152E+00 -0.2416E+00 -0.2731E+00 -0.3094E+00 -0.3495E+00 -0.3936E+00 -0.4417E+00 -0.4932E+00 -0.5468E+00 -0.5988E+00 -0.6472E+00 -0.6856E+00 -0.6981E+00 -0.6980E+00
     18.0217      130.0000 -0.3954E-01 -0.3235E-01 -0.2614E-01 -0.2106E-01 -0.2027E-01 -0.3507E-01 -0.6785E-01 -0.1062E+00 -0.1384E+00 -0.1591E+00 -0.1711E+00 -0.1884E+00 -0.2099E+00 -0.2363E+00 -0.2678E+00 -0.3041E+00 -0.3442E+00 -0.3883E+00 -0.4364E+00 -0.4879E+00 -0.5415E+00 -0.5935E+00 -0.6418E+00 -0.6802E+00 -0.6926E+00 -0.6922E+00
     18.1572      140.0000 -0.3304E-01 -0.2592E-01 -0.1975E-01 -0.1468E-01 -0.1388E-01 -0.2868E-01 -0.6147E-01 -0.9975E-01 -0.1319E+00 -0.1526E+00 -0.1646E+00 -0.1819E+00 -0.2034E+00 -0.2298E+00 -0.2613E+00 -0.2976E+00 -0.3377E+00 -0.3818E+00 -0.4299E+00 -0.4813E+00 -0.5350E+00 -0.5869E+00 -0.6353E+00 -0.6736E+00 -0.6858E+00 -0.6852E+00
     18.2927      150.0000 -0.2551E-01 -0.1844E-01 -0.1230E-01 -0.7249E-02 -0.6439E-02 -0.2124E-01 -0.5402E-01 -0.9228E-01 -0.1244E+00 -0.1451E+00 -0.1571E+00 -0.1744E+00 -0.1959E+00 -0.2223E+00 -0.2538E+00 -0.2900E+00 -0.3301E+00 -0.3742E+00 -0.4223E+00 -0.4738E+00 -0.5275E+00 -0.5794E+00 -0.6277E+00 -0.6660E+00 -0.6782E+00 -0.6773E+00
     18.4282      160.0000 -0.1718E-01 -0.1015E-01 -0.4030E-02  0.1015E-02  0.1829E-02 -0.1297E-01 -0.4575E-01 -0.8399E-01 -0.1161E+00 -0.1367E+00 -0.1488E+00 -0.1661E+00 -0.1875E+00 -0.2139E+00 -0.2454E+00 -0.2817E+00 -0.3217E+00 -0.3659E+00 -0.4140E+00 -0.4654E+00 -0.5191E+00 -0.5710E+00 -0.6194E+00 -0.6576E+00 -0.6697E+00 -0.6688E+00
     18.5637      170.0000 -0.8290E-02 -0.1284E-02  0.4818E-02  0.9858E-02  0.1067E-01 -0.4126E-02 -0.3691E-01 -0.7513E-01 -0.1072E+00 -0.1279E+00 -0.1399E+00 -0.1572E+00 -0.1787E+00 -0.2050E+00 -0.2365E+00 -0.2728E+00 -0.3128E+00 -0.3570E+00 -0.4051E+00 -0.4566E+00 -0.5103E+00 -0.5622E+00 -0.6105E+00 -0.6488E+00 -0.6608E+00 -0.6598E+00
     18.6992      180.0000  0.8780E-03  0.7875E-02  0.1397E-01  0.1901E-01  0.1983E-01  0.5027E-02 -0.2776E-01 -0.6598E-01 -0.9805E-01 -0.1187E+00 -0.1307E+00 -0.1480E+00 -0.1695E+00 -0.1959E+00 -0.2274E+00 -0.2636E+00 -0.3037E+00 -0.3478E+00 -0.3959E+00 -0.4474E+00 -0.5011E+00 -0.5530E+00 -0.6014E+00 -0.6396E+00 -0.6517E+00 -0.6506E+00
     18.8347      190.0000  0.1005E-01  0.1705E-01  0.2315E-01  0.2819E-01  0.2901E-01  0.1421E-01 -0.1857E-01 -0.5680E-01 -0.8888E-01 -0.1095E+00 -0.1216E+00 -0.1388E+00 -0.1603E+00 -0.1867E+00 -0.2182E+00 -0.2544E+00 -0.2945E+00 -0.3387E+00 -0.3868E+00 -0.4383E+00 -0.4920E+00 -0.5439E+00 -0.5923E+00 -0.6305E+00 -0.6426E+00 -0.6416E+00
     18.9702      200.0000  0.1894E-01  0.2597E-01  0.3208E-01  0.3713E-01  0.3794E-01  0.2314E-01 -0.9641E-02 -0.4788E-01 -0.7998E-01 -0.1006E+00 -0.1127E+00 -0.1299E+00 -0.1514E+00 -0.1778E+00 -0.2093E+00 -0.2456E+00 -0.2857E+00 -0.3298E+00 -0.3779E+00 -0.4294E+00 -0.4831E+00 -0.5351E+00 -0.5834E+00 -0.6217E+00 -0.6338E+00 -0.6330E+00
     19.1057      210.0000  0.2729E-01  0.3436E-01  0.4049E-01  0.4554E-01  0.4635E-01  0.3155E-01 -0.1229E-02 -0.3949E-01 -0.7161E-01 -0.9229E-01 -0.1043E+00 -0.1216E+00 -0.1431E+00 -0.1695E+00 -0.2010E+00 -0.2373E+00 -0.2774E+00 -0.3215E+00 -0.3696E+00 -0.4211E+00 -0.4748E+00 -0.5268E+00 -0.5752E+00 -0.6135E+00 -0.6257E+00 -0.6250E+00
     19.2412      220.0000  0.3484E-01  0.4196E-01  0.4812E-01  0.5319E-01  0.5399E-01  0.3919E-01  0.6405E-02 -0.3188E-01 -0.6404E-01 -0.8474E-01 -0.9677E-01 -0.1141E+00 -0.1356E+00 -0.1619E+00 -0.1935E+00 -0.2297E+00 -0.2699E+00 -0.3140E+00 -0.3621E+00 -0.4136E+00 -0.4674E+00 -0.5193E+00 -0.5677E+00 -0.6061E+00 -0.6184E+00 -0.6179E+00
     19.3767      230.0000  0.4136E-01  0.4855E-01  0.5474E-01  0.5982E-01  0.6062E-01  0.4582E-01  0.1303E-01 -0.2529E-01 -0.5749E-01 -0.7821E-01 -0.9025E-01 -0.1075E+00 -0.1290E+00 -0.1554E+00 -0.1870E+00 -0.2233E+00 -0.2634E+00 -0.3075E+00 -0.3557E+00 -0.4072E+00 -0.4609E+00 -0.5129E+00 -0.5613E+00 -0.5998E+00 -0.6122E+00 -0.6120E+00
     19.5122      240.0000  0.4665E-01  0.5392E-01  0.6015E-01  0.6524E-01  0.6604E-01  0.5123E-01  0.1845E-01 -0.1991E-01 -0.5216E-01 -0.7292E-01 -0.8495E-01 -0.1022E+00 -0.1238E+00 -0.1502E+00 -0.1817E+00 -0.2180E+00 -0.2582E+00 -0.3023E+00 -0.3504E+00 -0.4020E+00 -0.4557E+00 -0.5077E+00 -0.5562E+00 -0.5947E+00 -0.6072E+00 -0.6073E+00
     19.6477      250.0000  0.5055E-01  0.5790E-01  0.6419E-01  0.6930E-01  0.7008E-01  0.5527E-01  0.2249E-01 -0.1591E-01 -0.4821E-01 -0.6901E-01 -0.8104E-01 -0.9834E-01 -0.1199E+00 -0.1463E+00 -0.1779E+00 -0.2142E+00 -0.2543E+00 -0.2985E+00 -0.3466E+00 -0.3981E+00 -0.4519E+00 -0.5039E+00 -0.5524E+00 -0.5910E+00 -0.6037E+00 -0.6041E+00
     19.7832      260.0000  0.5295E-01  0.6039E-01  0.6672E-01  0.7185E-01  0.7262E-01  0.5782E-01  0.2503E-01 -0.1341E-01 -0.4577E-01 -0.6661E-01 -0.7863E-01 -0.9594E-01 -0.1175E+00 -0.1439E+00 -0.1755E+00 -0.2118E+00 -0.2520E+00 -0.2962E+00 -0.3443E+00 -0.3958E+00 -0.4496E+00 -0.5016E+00 -0.5501E+00 -0.5888E+00 -0.6016E+00 -0.6025E+00
     19.9187      270.0000  0.5376E-01  0.6130E-01  0.6769E-01  0.7283E-01  0.7360E-01  0.5879E-01  0.2600E-01 -0.1249E-01 -0.4491E-01 -0.6578E-01 -0.7781E-01 -0.9512E-01 -0.1167E+00 -0.1431E+00 -0.1748E+00 -0.2111E+00 -0.2512E+00 -0.2954E+00 -0.3435E+00 -0.3951E+00 -0.4488E+00 -0.5009E+00 -0.5494E+00 -0.5882E+00 -0.6012E+00 -0.6024E+00
     20.0542      280.0000  0.5297E-01  0.6061E-01  0.6704E-01  0.7221E-01  0.7296E-01  0.5816E-01  0.2537E-01 -0.1317E-01 -0.4565E-01 -0.6657E-01 -0.7858E-01 -0.9591E-01 -0.1175E+00 -0.1440E+00 -0.1756E+00 -0.2119E+00 -0.2521E+00 -0.2963E+00 -0.3444E+00 -0.3959E+00 -0.4497E+00 -0.5017E+00 -0.5503E+00 -0.5892E+00 -0.6023E+00 -0.6039E+00
     20.1897      290.0000  0.5060E-01  0.5833E-01  0.6482E-01  0.7000E-01  0.7074E-01  0.5594E-01  0.2315E-01 -0.1544E-01 -0.4798E-01 -0.6893E-01 -0.8094E-01 -0.9827E-01 -0.1199E+00 -0.1464E+00 -0.1780E+00 -0.2143E+00 -0.2545E+00 -0.2987E+00 -0.3468E+00 -0.3983E+00 -0.4521E+00 -0.5042E+00 -0.5528E+00 -0.5917E+00 -0.6050E+00 -0.6069E+00
     20.3252      300.0000  0.4673E-01  0.5454E-01  0.6107E-01  0.6627E-01  0.6701E-01  0.5220E-01  0.1941E-01 -0.1922E-01 -0.5181E-01 -0.7280E-01 -0.8481E-01 -0.1021E+00 -0.1237E+00 -0.1502E+00 -0.1819E+00 -0.2183E+00 -0.2584E+00 -0.3026E+00 -0.3507E+00 -0.4023E+00 -0.4560E+00 -0.5081E+00 -0.5568E+00 -0.5958E+00 -0.6092E+00 -0.6114E+00
     20.4607      310.0000  0.4146E-01  0.4935E-01  0.5592E-01  0.6114E-01  0.6187E-01  0.4706E-01  0.1427E-01 -0.2440E-01 -0.5704E-01 -0.7806E-01 -0.9007E-01 -0.1074E+00 -0.1290E+00 -0.1555E+00 -0.1872E+00 -0.2236E+00 -0.2637E+00 -0.3079E+00 -0.3561E+00 -0.4076E+00 -0.4613E+00 -0.5134E+00 -0.5621E+00 -0.6012E+00 -0.6148E+00 -0.6173E+00
     20.5962      320.0000  0.3496E-01  0.4292E-01  0.4953E-01  0.5476E-01  0.5548E-01  0.4067E-01  0.7885E-02 -0.3082E-01 -0.6351E-01 -0.8455E-01 -0.9656E-01 -0.1139E+00 -0.1355E+00 -0.1620E+00 -0.1937E+00 -0.2301E+00 -0.2703E+00 -0.3145E+00 -0.3626E+00 -0.4141E+00 -0.4679E+00 -0.5200E+00 -0.5687E+00 -0.6078E+00 -0.6215E+00 -0.6242E+00
     20.7317      330.0000  0.2743E-01  0.3545E-01  0.4208E-01  0.4733E-01  0.4804E-01  0.3323E-01  0.4432E-03 -0.3829E-01 -0.7101E-01 -0.9208E-01 -0.1041E+00 -0.1214E+00 -0.1431E+00 -0.1696E+00 -0.2013E+00 -0.2377E+00 -0.2778E+00 -0.3220E+00 -0.3701E+00 -0.4217E+00 -0.4754E+00 -0.5275E+00 -0.5762E+00 -0.6154E+00 -0.6292E+00 -0.6321E+00
     20.8672      340.0000  0.1909E-01  0.2715E-01  0.3381E-01  0.3906E-01  0.3977E-01  0.2496E-01 -0.7826E-02 -0.4658E-01 -0.7932E-01 -0.1004E+00 -0.1124E+00 -0.1298E+00 -0.1514E+00 -0.1779E+00 -0.2096E+00 -0.2460E+00 -0.2862E+00 -0.3304E+00 -0.3785E+00 -0.4300E+00 -0.4838E+00 -0.5358E+00 -0.5846E+00 -0.6237E+00 -0.6376E+00 -0.6407E+00
     21.0027      350.0000  0.1021E-01  0.1829E-01  0.2496E-01  0.3022E-01  0.3093E-01  0.1611E-01 -0.1667E-01 -0.5544E-01 -0.8820E-01 -0.1093E+00 -0.1213E+00 -0.1386E+00 -0.1603E+00 -0.1868E+00 -0.2185E+00 -0.2549E+00 -0.2951E+00 -0.3393E+00 -0.3874E+00 -0.4389E+00 -0.4926E+00 -0.5447E+00 -0.5935E+00 -0.6326E+00 -0.6465E+00 -0.6497E+00
     21.1382      360.0000  0.1038E-02  0.9131E-02  0.1581E-01  0.2107E-01  0.2177E-01  0.6962E-02 -0.2582E-01 -0.6459E-01 -0.9736E-01 -0.1185E+00 -0.1305E+00 -0.1478E+00 -0.1694E+00 -0.1960E+00 -0.2277E+00 -0.2641E+00 -0.3042E+00 -0.3484E+00 -0.3965E+00 -0.4480E+00 -0.5018E+00 -0.5539E+00 -0.6026E+00 -0.6418E+00 -0.6557E+00 -0.6588E+00
     21.2737       10.0000 -0.8132E-02 -0.4709E-04  0.6627E-02  0.1188E-01  0.1259E-01 -0.2221E-02 -0.3501E-01 -0.7377E-01 -0.1065E+00 -0.1276E+00 -0.1396E+00 -0.1570E+00 -0.1786E+00 -0.2052E+00 -0.2368E+00 -0.2732E+00 -0.3134E+00 -0.3576E+00 -0.4057E+00 -0.4572E+00 -0.5109E+00 -0.5630E+00 -0.6117E+00 -0.6509E+00 -0.6647E+00 -0.6678E+00
     21.4092       20.0000 -0.1703E-01 -0.8965E-02 -0.2304E-02  0.2949E-02  0.3659E-02 -0.1115E-01 -0.4394E-01 -0.8269E-01 -0.1154E+00 -0.1365E+00 -0.1485E+00 -0.1659E+00 -0.1875E+00 -0.2140E+00 -0.2457E+00 -0.2821E+00 -0.3223E+00 -0.3664E+00 -0.4145E+00 -0.4660E+00 -0.5197E+00 -0.5718E+00 -0.6205E+00 -0.6597E+00 -0.6735E+00 -0.6765E+00
     21.5447       30.0000 -0.2537E-01 -0.1735E-01 -0.1071E-01 -0.5467E-02 -0.4753E-02 -0.1957E-01 -0.5235E-01 -0.9108E-01 -0.1238E+00 -0.1449E+00 -0.1569E+00 -0.1742E+00 -0.1958E+00 -0.2224E+00 -0.2540E+00 -0.2904E+00 -0.3306E+00 -0.3747E+00 -0.4228E+00 -0.4743E+00 -0.5280E+00 -0.5801E+00 -0.6288E+00 -0.6679E+00 -0.6816E+00 -0.6844E+00
     21.6802       40.0000 -0.3292E-01 -0.2495E-01 -0.1834E-01 -0.1311E-01 -0.1239E-01 -0.2720E-01 -0.5999E-01 -0.9869E-01 -0.1314E+00 -0.1524E+00 -0.1644E+00 -0.1818E+00 -0.2034E+00 -0.2299E+00 -0.2616E+00 -0.2979E+00 -0.3381E+00 -0.3822E+00 -0.4303E+00 -0.4818E+00 -0.5355E+00 -0.5876E+00 -0.6362E+00 -0.6753E+00 -0.6889E+00 -0.6915E+00
     21.8157       50.0000 -0.3944E-01 -0.3154E-01 -0.2496E-01 -0.1974E-01 -0.1902E-01 -0.3383E-01 -0.6661E-01 -0.1053E+00 -0.1379E+00 -0.1589E+00 -0.1709E+00 -0.1883E+00 -0.2099E+00 -0.2364E+00 -0.2680E+00 -0.3044E+00 -0.3445E+00 -0.3887E+00 -0.4368E+00 -0.4883E+00 -0.5420E+00 -0.5940E+00 -0.6426E+00 -0.6816E+00 -0.6951E+00 -0.6974E+00
     21.9512       60.0000 -0.4473E-01 -0.3691E-01 -0.3037E-01 -0.2517E-01 -0.2443E-01 -0.3924E-01 -0.7203E-01 -0.1107E+00 -0.1433E+00 -0.1642E+00 -0.1762E+00 -0.1936E+00 -0.2152E+00 -0.2417E+00 -0.2733E+00 -0.3096E+00 -0.3498E+00 -0.3939E+00 -0.4420E+00 -0.4935E+00 -0.5472E+00 -0.5992E+00 -0.6478E+00 -0.6867E+00 -0.7001E+00 -0.7021E+00
     22.0867       70.0000 -0.4863E-01 -0.4090E-01 -0.3441E-01 -0.2922E-01 -0.2848E-01 -0.4329E-01 -0.7607E-01 -0.1147E+00 -0.1472E+00 -0.1681E+00 -0.1802E+00 -0.1975E+00 -0.2191E+00 -0.2455E+00 -0.2772E+00 -0.3135E+00 -0.3536E+00 -0.3978E+00 -0.4458E+00 -0.4973E+00 -0.5510E+00 -0.6030E+00 -0.6516E+00 -0.6904E+00 -0.7036E+00 -0.7053E+00
     22.2222       80.0000 -0.5103E-01 -0.4339E-01 -0.3694E-01 -0.3177E-01 -0.3102E-01 -0.4583E-01 -0.7861E-01 -0.1172E+00 -0.1496E+00 -0.1705E+00 -0.1826E+00 -0.1999E+00 -0.2214E+00 -0.2479E+00 -0.2795E+00 -0.3158E+00 -0.3559E+00 -0.4001E+00 -0.4482E+00 -0.4996E+00 -0.5533E+00 -0.6053E+00 -0.6538E+00 -0.6926E+00 -0.7057E+00 -0.7070E+00
     22.3577       90.0000 -0.5184E-01 -0.4430E-01 -0.3791E-01 -0.3275E-01 -0.3199E-01 -0.4680E-01 -0.7958E-01 -0.1181E+00 -0.1505E+00 -0.1714E+00 -0.1834E+00 -0.2007E+00 -0.2223E+00 -0.2487E+00 -0.2803E+00 -0.3166E+00 -0.3567E+00 -0.4008E+00 -0.4489E+00 -0.5004E+00 -0.5541E+00 -0.6060E+00 -0.6545E+00 -0.6932E+00 -0.7061E+00 -0.7071E+00
     22.4932      100.0000 -0.5106E-01 -0.4360E-01 -0.3726E-01 -0.3213E-01 -0.3136E-01 -0.4617E-01 -0.7895E-01 -0.1174E+00 -0.1498E+00 -0.1706E+00 -0.1826E+00 -0.1999E+00 -0.2215E+00 -0.2479E+00 -0.2795E+00 -0.3157E+00 -0.3559E+00 -0.4000E+00 -0.4481E+00 -0.4995E+00 -0.5532E+00 -0.6052E+00 -0.6536E+00 -0.6922E+00 -0.7050E+00 -0.7055E+00
     22.6287      110.0000 -0.4869E-01 -0.4133E-01 -0.3504E-01 -0.2992E-01 -0.2914E-01 -0.4395E-01 -0.7673E-01 -0.1151E+00 -0.1474E+00 -0.1682E+00 -0.1803E+00 -0.1975E+00 -0.2191E+00 -0.2455E+00 -0.2771E+00 -0.3133E+00 -0.3534E+00 -0.3976E+00 -0.4456E+00 -0.4971E+00 -0.5508E+00 -0.6027E+00 -0.6511E+00 -0.6897E+00 -0.7023E+00 -0.7025E+00
     22.7642      120.0000 -0.4481E-01 -0.3754E-01 -0.3129E-01 -0.2620E-01 -0.2541E-01 -0.4021E-01 -0.7299E-01 -0.1114E+00 -0.1436E+00 -0.1644E+00 -0.1764E+00 -0.1937E+00 -0.2152E+00 -0.2416E+00 -0.2731E+00 -0.3094E+00 -0.3495E+00 -0.3936E+00 -0.4417E+00 -0.4932E+00 -0.5468E+00 -0.5988E+00 -0.6472E+00 -0.6856E+00 -0.6981E+00 -0.6980E+00
     22.8997      130.0000 -0.3954E-01 -0.3235E-01 -0.2614E-01 -0.2106E-01 -0.2027E-01 -0.3507E-01 -0.6785E-01 -0.1062E+00 -0.1384E+00 -0.1591E+00 -0.1711E+00 -0.1884E+00 -0.2099E+00 -0.2363E+00 -0.2678E+00 -0.3041E+00 -0.3442E+00 -0.3883E+00 -0.4364E+00 -0.4879E+00 -0.5415E+00 -0.5935E+00 -0.6418E+00 -0.6802E+00 -0.6926E+00 -0.6922E+00
     23.0352      140.0000 -0.3304E-01 -0.2592E-01 -0.1975E-01 -0.1468E-01 -0.1388E-01 -0.2868E-01 -0.6147E-01 -0.9975E-01 -0.1319E+00 -0.1526E+00 -0.1646E+00 -0.1819E+00 -0.2034E+00 -0.2298E+00 -0.2613E+00 -0.2976E+00 -0.3377E+00 -0.3818E+00 -0.4299E+00 -0.4813E+00 -0.5350E+00 -0.5869E+00 -0.6353E+00 -0.6736E+00 -0.6858E+00 -0.6852E+00
     23.1707      150.0000 -0.2551E-01 -0.1844E-01 -0.1230E-01 -0.7249E-02 -0.6439E-02 -0.2124E-01 -0.5402E-01 -0.9228E-01 -0.1244E+00 -0.1451E+00 -0.1571E+00 -0.1744E+00 -0.1959E+00 -0.2223E+00 -0.2538E+00 -0.2900E+00 -0.3301E+00 -0.3742E+00 -0.4223E+00 -0.4738E+00 -0.5275E+00 -0.5794E+00 -0.6277E+00 -0.6660E+00 -0.6782E+00 -0.6773E+00
     23.3062      160.0000 -0.1718E-01 -0.1015E-01 -0.4030E-02  0.1015E-02  0.1829E-02 -0.1297E-01 -0.4575E-01 -0.8399E-01 -0.1161E+00 -0.1367E+00 -0.1488E+00 -0.1661E+00 -0.1875E+00 -0.2139E+00 -0.2454E+00 -0.2817E+00 -0.3217E+00 -0.3659E+00 -0.4140E+00 -0.4654E+00 -0.5191E+00 -0.5710E+00 -0.6194E+00 -0.6576E+00 -0.6697E+00 -0.6688E+00
     23.4417      170.0000 -0.8290E-02 -0.1284E-02  0.4818E-02  0.9858E-02  0.1067E-01 -0.4126E-02 -0.3691E-01 -0.7513E-01 -0.1072E+00 -0.1279E+00 -0.1399E+00 -0.1572E+00 -0.1787E+00 -0.2050E+00 -0.2365E+00 -0.2728E+00 -0.3128E+00 -0.3570E+00 -0.4051E+00 -0.4566E+00 -0.5103E+00 -0.5622E+00 -0.6105E+00 -0.6488E+00 -0.6608E+00 -0.6598E+00
     23.5772      180.0000  0.8780E-03  0.7875E-02  0.1397E-01  0.1901E-01  0.1983E-01  0.5027E-02 -0.2776E-01 -0.6598E-01 -0.9805E-01 -0.1187E+00 -0.1307E+00 -0.1480E+00 -0.1695E+00 -0.1959E+00 -0.2274E+00 -0.2636E+00 -0.3037E+00 -0.3478E+00 -0.3959E+00 -0.4474E+00 -0.5011E+00 -0.5530E+00 -0.6014E+00 -0.6396E+00 -0.6517E+00 -0.6506E+00
     23.7127      190.0000  0.1005E-01  0.1705E-01  0.2315E-01  0.2819E-01  0.2901E-01  0.1421E-01 -0.1857E-01 -0.5680E-01 -0.8888E-01 -0.1095E+00 -0.1216E+00 -0.1388E+00 -0.1603E+00 -0.1867E+00 -0.2182E+00 -0.2544E+00 -0.2945E+00 -0.3387E+00 -0.3868E+00 -0.4383E+00 -0.4920E+00 -0.5439E+00 -0.5923E+00 -0.6305E+00 -0.6426E+00 -0.6416E+00
     23.8482      200.0000  0.1894E-01  0.2597E-01  0.3208E-01  0.3713E-01  0.3794E-01  0.2314E-01 -0.9641E-02 -0.4788E-01 -0.7998E-01 -0.1006E+00 -0.1127E+00 -0.1299E+00 -0.1514E+00 -0.1778E+00 -0.2093E+00 -0.2456E+00 -0.2857E+00 -0.3298E+00 -0.3779E+00 -0.4294E+00 -0.4831E+00 -0.5351E+00 -0.5834E+00 -0.6217E+00 -0.6338E+00 -0.6330E+00
     23.9837      210.0000  0.2729E-01  0.3436E-01  0.4049E-01  0.4554E-01  0.4635E-01  0.3155E-01 -0.1229E-02 -0.3949E-01 -0.7161E-01 -0.9229E-01 -0.1043E+00 -0.1216E+00 -0.1431E+00 -0.1695E+00 -0.2010E+00 -0.2373E+00 -0.2774E+00 -0.3215E+00 -0.3696E+00 -0.4211E+00 -0.4748E+00 -0.5268E+00 -0.5752E+00 -0.6135E+00 -0.6257E+00 -0.6250E+00
     24.1192      220.0000  0.3484E-01  0.4196E-01  0.4812E-01  0.5319E-01  0.5399E-01  0.3919E-01  0.6405E-02 -0.3188E-01 -0.6404E-01 -0.8474E-01 -0.9677E-01 -0.1141E+00 -0.1356E+00 -0.1619E+00 -0.1935E+00 -0.2297E+00 -0.2699E+00 -0.3140E+00 -0.3621E+00 -0.4136E+00 -0.4674E+00 -0.5193E+00 -0.5677E+00 -0.6061E+00 -0.6184E+00 -0.6179E+00
     24.2547      230.0000  0.4136E-01  0.4855E-01  0.5474E-01  0.5982E-01  0.6062E-01  0.4582E-01  0.1303E-01 -0.2529E-01 -0.5749E-01 -0.7821E-01 -0.9025E-01 -0.1075E+00 -0.1290E+00 -0.1554E+00 -0.1870E+00 -0.2233E+00 -0.2634E+00 -0.3075E+00 -0.3557E+00 -0.4072E+00 -0.4609E+00 -0.5129E+00 -0.5613E+00 -0.5998E+00 -0.6122E+00 -0.6120E+00
     24.3902      240.0000  0.4665E-01  0.5392E-01  0.6015E-01  0.6524E-01  0.6604E-01  0.5123E-01  0.1845E-01 -0.1991E-01 -0.5216E-01 -0.7292E-01 -0.8495E-01 -0.1022E+00 -0.1238E+00 -0.1502E+00 -0.1817E+00 -0.2180E+00 -0.2582E+00 -0.3023E+00 -0.3504E+00 -0.4020E+00 -0.4557E+00 -0.5077E+00 -0.5562E+00 -0.5947E+00 -0.6072E+00 -0.6073E+00
     24.5257      250.0000  0.5055E-01  0.5790E-01  0.6419E-01  0.6930E-01  0.7008E-01  0.5527E-01  0.2249E-01 -0.1591E-01 -0.4821E-01 -0.6901E-01 -0.8104E-01 -0.9834E-01 -0.1199E+00 -0.1463E+00 -0.1779E+00 -0.2142E+00 -0.2543E+00 -0.2985E+00 -0.3466E+00 -0.3981E+00 -0.4519E+00 -0.5039E+00 -0.5524E+00 -0.5910E+00 -0.6037E+00 -0.6041E+00
     24.6612      260.0000  0.5295E-01  0.6039E-01  0.6672E-01  0.7185E-01  0.7262E-01  0.5782E-01  0.2503E-01 -0.1341E-01 -0.4577E-01 -0.6661E-01 -0.7863E-01 -0.9594E-01 -0.1175E+00 -0.1439E+00 -0.1755E+00 -0.2118E+00 -0.2520E+00 -0.2962E+00 -0.3443E+00 -0.3958E+00 -0.4496E+00 -0.5016E+00 -0.5501E+00 -0.5888E+00 -0.6016E+00 -0.6025E+00
     24.7967      270.0000  0.5376E-01  0.6130E-01  0.6769E-01  0.7283E-01  0.7360E-01  0.5879E-01  0.2600E-01 -0.1249E-01 -0.4491E-01 -0.6578E-01 -0.7781E-01 -0.9512E-01 -0.1167E+00 -0.1431E+00 -0.1748E+00 -0.2111E+00 -0.2512E+00 -0.2954E+00 -0.3435E+00 -0.3951E+00 -0.4488E+00 -0.5009E+00 -0.5494E+00 -0.5882E+00 -0.6012E+00 -0.6024E+00
     24.9322      280.0000  0.5297E-01  0.6061E-01  0.6704E-01  0.7221E-01  0.7296E-01  0.5816E-01  0.2537E-01 -0.1317E-01 -0.4565E-01 -0.6657E-01 -0.7858E-01 -0.9591E-01 -0.1175E+00 -0.1440E+00 -0.1756E+00 -0.2119E+00 -0.2521E+00 -0.2963E+00 -0.3444E+00 -0.3959E+00 -0.4497E+00 -0.5017E+00 -0.5503E+00 -0.5892E+00 -0.6023E+00 -0.6039E+00
     25.0678      290.0000  0.5060E-01  0.5833E-01  0.6482E-01  0.7000E-01  0.7074E-01  0.5594E-01  0.2315E-01 -0.1544E-01 -0.4798E-01 -0.6893E-01 -0.8094E-01 -0.9827E-01 -0.1199E+00 -0.1464E+00 -0.1780E+00 -0.2143E+00 -0.2545E+00 -0.2987E+00 -0.3468E+00 -0.3983E+00 -0.4521E+00 -0.5042E+00 -0.5528E+00 -0.5917E+00 -0.6050E+00 -0.6069E+00
     25.2033      300.0000  0.4673E-01  0.5454E-01  0.6107E-01  0.6627E-01  0.6701E-01  0.5220E-01  0.1941E-01 -0.1922E-01 -0.5181E-01 -0.7280E-01 -0.8481E-01 -0.1021E+00 -0.1237E+00 -0.1502E+00 -0.1819E+00 -0.2183E+00 -0.2584E+00 -0.3026E+00 -0.3507E+00 -0.4023E+00 -0.4560E+00 -0.5081E+00 -0.5568E+00 -0.5958E+00 -0.6092E+00 -0.6114E+00
     25.3388      310.0000  0.4146E-01  0.4935E-01  0.5592E-01  0.6114E-01  0.6187E-01  0.4706E-01  0.1427E-01 -0.2440E-01 -0.5704E-01 -0.7806E-01 -0.9007E-01 -0.1074E+00 -0.1290E+00 -0.1555E+00 -0.1872E+00 -0.2236E+00 -0.2637E+00 -0.3079E+00 -0.3561E+00 -0.4076E+00 -0.4613E+00 -0.5134E+00 -0.5621E+00 -0.6012E+00 -0.6148E+00 -0.6173E+00
     25.4743      320.0000  0.3496E-01  0.4292E-01  0.4953E-01  0.5476E-01  0.5548E-01  0.4067E-01  0.7885E-02 -0.3082E-01 -0.6351E-01 -0.8455E-01 -0.9656E-01 -0.1139E+00 -0.1355E+00 -0.1620E+00 -0.1937E+00 -0.2301E+00 -0.2703E+00 -0.3145E+00 -0.3626E+00 -0.4141E+00 -0.4679E+00 -0.5200E+00 -0.5687E+00 -0.6078E+00 -0.6215E+00 -0.6242E+00
     25.6098      330.0000  0.2743E-01  0.3545E-01  0.4208E-01  0.4733E-01  0.4804E-01  0.3323E-01  0.4432E-03 -0.3829E-01 -0.7101E-01 -0.9208E-01 -0.1041E+00 -0.1214E+00 -0.1431E+00 -0.1696E+00 -0.2013E+00 -0.2377E+00 -0.2778E+00 -0.3220E+00 -0.3701E+00 -0.4217E+00 -0.4754E+00 -0.5275E+00 -0.5762E+00 -0.6154E+00 -0.6292E+00 -0.6321E+00
     25.7453      340.0000  0.1909E-01  0.2715E-01  0.3381E-01  0.3906E-01  0.3977E-01  0.2496E-01 -0.7826E-02 -0.4658E-01 -0.7932E-01 -0.1004E+00 -0.1124E+00 -0.1298E+00 -0.1514E+00 -0.1779E+00 -0.2096E+00 -0.2460E+00 -0.2862E+00 -0.3304E+00 -0.3785E+00 -0.4300E+00 -0.4838E+00 -0.5358E+00 -0.5846E+00 -0.6237E+00 -0.6376E+00 -0.6407E+00
     25.8808      350.0000  0.1021E-01  0.1829E-01  0.2496E-01  0.3022E-01  0.3093E-01  0.1611E-01 -0.1667E-01 -0.5544E-01 -0.8820E-01 -0.1093E+00 -0.1213E+00 -0.1386E+00 -0.1603E+00 -0.1868E+00 -0.2185E+00 -0.2549E+00 -0.2951E+00 -0.3393E+00 -0.3874E+00 -0.4389E+00 -0.4926E+00 -0.5447E+00 -0.5935E+00 -0.6326E+00 -0.6465E+00 -0.6497E+00
     26.0163      360.0000  0.1038E-02  0.9131E-02  0.1581E-01  0.2107E-01  0.2177E-01  0.6962E-02 -0.2582E-01 -0.6459E-01 -0.9736E-01 -0.1185E+00 -0.1305E+00 -0.1478E+00 -0.1694E+00 -0.1960E+00 -0.2277E+00 -0.2641E+00 -0.3042E+00 -0.3484E+00 -0.3965E+00 -0.4480E+00 -0.5018E+00 -0.5539E+00 -0.6026E+00 -0.6418E+00 -0.6557E+00 -0.6588E+00
     26.1518       10.0000 -0.8132E-02 -0.4709E-04  0.6627E-02  0.1188E-01  0.1259E-01 -0.2221E-02 -0.3501E-01 -0.7377E-01 -0.1065E+00 -0.1276E+00 -0.1396E+00 -0.1570E+00 -0.1786E+00 -0.2052E+00 -0.2368E+00 -0.2732E+00 -0.3134E+00 -0.3576E+00 -0.4057E+00 -0.4572E+00 -0.5109E+00 -0.5630E+00 -0.6117E+00 -0.6509E+00 -0.6647E+00 -0.6678E+00
     26.2873       20.0000 -0.1703E-01 -0.8965E-02 -0.2304E-02  0.2949E-02  0.3659E-02 -0.1115E-01 -0.4394E-01 -0.8269E-01 -0.1154E+00 -0.1365E+00 -0.1485E+00 -0.1659E+00 -0.1875E+00 -0.2140E+00 -0.2457E+00 -0.2821E+00 -0.3223E+00 -0.3664E+00 -0.4145E+00 -0.4660E+00 -0.5197E+00 -0.5718E+00 -0.6205E+00 -0.6597E+00 -0.6735E+00 -0.6765E+00
     26.4228       30.0000 -0.2537E-01 -0.1735E-01 -0.1071E-01 -0.5467E-02 -0.4753E-02 -0.1957E-01 -0.5235E-01 -0.9108E-01 -0.1238E+00 -0.1449E+00 -0.1569E+00 -0.1742E+00 -0.1958E+00 -0.2224E+00 -0.2540E+00 -0.2904E+00 -0.3306E+00 -0.3747E+00 -0.4228E+00 -0.4743E+00 -0.5280E+00 -0.5801E+00 -0.6288E+00 -0.6679E+00 -0.6816E+00 -0.6844E+00
     26.5583       40.0000 -0.3292E-01 -0.2495E-01 -0.1834E-01 -0.1311E-01 -0.1239E-01 -0.2720E-01 -0.5999E-01 -0.9869E-01 -0.1314E+00 -0.1524E+00 -0.1644E+00 -0.1818E+00 -0.2034E+00 -0.2299E+00 -0.2616E+00 -0.2979E+00 -0.3381E+00 -0.3822E+00 -0.4303E+00 -0.4818E+00 -0.5355E+00 -0.5876E+00 -0.6362E+00 -0.6753E+00 -0.6889E+00 -0.6915E+00
     26.6938       50.0000 -0.3944E-01 -0.3154E-01 -0.2496E-01 -0.1974E-01 -0.1902E-01 -0.3383E-01 -0.6661E-01 -0.1053E+00 -0.1379E+00 -0.1589E+00 -0.1709E+00 -0.1883E+00 -0.2099E+00 -0.2364E+00 -0.2680E+00 -0.3044E+00 -0.3445E+00 -0.3887E+00 -0.4368E+00 -0.4883E+00 -0.5420E+00 -0.5940E+00 -0.6426E+00 -0.6816E+00 -0.6951E+00 -0.6974E+00
     26.8293       60.0000 -0.4473E-01 -0.3691E-01 -0.3037E-01 -0.2517E-01 -0.2443E-01 -0.3924E-01 -0.7203E-01 -0.1107E+00 -0.1433E+00 -0.1642E+00 -0.1762E+00 -0.1936E+00 -0.2152E+00 -0.2417E+00 -0.2733E+00 -0.3096E+00 -0.3498E+00 -0.3939E+00 -0.4420E+00 -0.4935E+00 -0.5472E+00 -0.5992E+00 -0.6478E+00 -0.6867E+00 -0.7001E+00 -0.7021E+00
     26.9648       70.0000 -0.4863E-01 -0.4090E-01 -0.3441E-01 -0.2922E-01 -0.2848E-01 -0.4329E-01 -0.7607E-01 -0.1147E+00 -0.1472E+00 -0.1681E+00 -0.1802E+00 -0.1975E+00 -0.2191E+00 -0.2455E+00 -0.2772E+00 -0.3135E+00 -0.3536E+00 -0.3978E+00 -0.4458E+00 -0.4973E+00 -0.5510E+00 -0.6030E+00 -0.6516E+00 -0.6904E+00 -0.7036E+00 -0.7053E+00
     27.1003       80.0000 -0.5103E-01 -0.4339E-01 -0.3694E-01 -0.3177E-01 -0.3102E-01 -0.4583E-01 -0.7861E-01 -0.1172E+00 -0.1496E+00 -0.1705E+00 -0.1826E+00 -0.1999E+00 -0.2214E+00 -0.2479E+00 -0.2795E+00 -0.3158E+00 -0.3559E+00 -0.4001E+00 -0.4482E+00 -0.4996E+00 -0.5533E+00 -0.6053E+00 -0.6538E+00 -0.6926E+00 -0.7057E+00 -0.7070E+00
     27.2358       90.0000 -0.5184E-01 -0.4430E-01 -0.3791E-01 -0.3275E-01 -0.3199E-01 -0.4680E-01 -0.7958E-01 -0.1181E+00 -0.1505E+00 -0.1714E+00 -0.1834E+00 -0.2007E+00 -0.2223E+00 -0.2487E+00 -0.2803E+00 -0.3166E+00 -0.3567E+00 -0.4008E+00 -0.4489E+00 -0.5004E+00 -0.5541E+00 -0.6060E+00 -0.6545E+00 -0.6932E+00 -0.7061E+00 -0.7071E+00
     27.3713      100.0000 -0.5106E-01 -0.4360E-01 -0.3726E-01 -0.3213E-01 -0.3136E-01 -0.4617E-01 -0.7895E-01 -0.1174E+00 -0.1498E+00 -0.1706E+00 -0.1826E+00 -0.1999E+00 -0.2215E+00 -0.2479E+00 -0.2795E+00 -0.3157E+00 -0.3559E+00 -0.4000E+00 -0.4481E+00 -0.4995E+00 -0.5532E+00 -0.6052E+00 -0.6536E+00 -0.6922E+00 -0.7050E+00 -0.7055E+00
     27.5068      110.0000 -0.4869E-01 -0.4133E-01 -0.3504E-01 -0.2992E-01 -0.2914E-01 -0.4395E-01 -0.7673E-01 -0.1151E+00 -0.1474E+00 -0.1682E+00 -0.1803E+00 -0.1975E+00 -0.2191E+00 -0.2455E+00 -0.2771E+00 -0.3133E+00 -0.3534E+00 -0.3976E+00 -0.4456E+00 -0.4971E+00 -0.5508E+00 -0.6027E+00 -0.6511E+00 -0.6897E+00 -0.7023E+00 -0.7025E+00
     27.6423      120.0000 -0.4481E-01 -0.3754E-01 -0.3129E-01 -0.2620E-01 -0.2541E-01 -0.4021E-01 -0.7299E-01 -0.1114E+00 -0.1436E+00 -0.1644E+00 -0.1764E+00 -0.1937E+00 -0.2152E+00 -0.2416E+00 -0.2731E+00 -0.3094E+00 -0.3495E+00 -0.3936E+00 -0.4417E+00 -0.4932E+00 -0.5468E+00 -0.5988E+00 -0.6472E+00 -0.6856E+00 -0.6981E+00 -0.6980E+00
     27.7778      130.0000 -0.3954E-01 -0.3235E-01 -0.2614E-01 -0.2106E-01 -0.2027E-01 -0.3507E-01 -0.6785E-01 -0.1062E+00 -0.1384E+00 -0.1591E+00 -0.1711E+00 -0.1884E+00 -0.2099E+00 -0.2363E+00 -0.2678E+00 -0.3041E+00 -0.3442E+00 -0.3883E+00 -0.4364E+00 -0.4879E+00 -0.5415E+00 -0.5935E+00 -0.6418E+00 -0.6802E+00 -0.6926E+00 -0.6922E+00
     27.9133      140.0000 -0.3304E-01 -0.2592E-01 -0.1975E-01 -0.1468E-01 -0.1388E-01 -0.2868E-01 -0.6147E-01 -0.9975E-01 -0.1319E+00 -0.1526E+00 -0.1646E+00 -0.1819E+00 -0.2034E+00 -0.2298E+00 -0.2613E+00 -0.2976E+00 -0.3377E+00 -0.3818E+00 -0.4299E+00 -0.4813E+00 -0.5350E+00 -0.5869E+00 -0.6353E+00 -0.6736E+00 -0.6858E+00 -0.6852E+00
     28.0488      150.0000 -0.2551E-01 -0.1844E-01 -0.1230E-01 -0.7249E-02 -0.6439E-02 -0.2124E-01 -0.5402E-01 -0.9228E-01 -0.1244E+00 -0.1451E+00 -0.1571E+00 -0.1744E+00 -0.1959E+00 -0.2223E+00 -0.2538E+00 -0.2900E+00 -0.3301E+00 -0.3742E+00 -0.4223E+00 -0.4738E+00 -0.5275E+00 -0.5794E+00 -0.6277E+00 -0.6660E+00 -0.6782E+00 -0.6773E+00
     28.1843      160.0000 -0.1718E-01 -0.1015E-01 -0.4030E-02  0.1015E-02  0.1829E-02 -0.1297E-01 -0.4575E-01 -0.8399E-01 -0.1161E+00 -0.1367E+00 -0.1488E+00 -0.1661E+00 -0.1875E+00 -0.2139E+00 -0.2454E+00 -0.2817E+00 -0.3217E+00 -0.3659E+00 -0.4140E+00 -0.4654E+00 -0.5191E+00 -0.5710E+00 -0.6194E+00 -0.6576E+00 -0.6697E+00 -0.6688E+00
     28.3198      170.0000 -0.8290E-02 -0.1284E-02  0.4818E-02  0.9858E-02  0.1067E-01 -0.4126E-02 -0.3691E-01 -0.7513E-01 -0.1072E+00 -0.1279E+00 -0.1399E+00 -0.1572E+00 -0.1787E+00 -0.2050E+00 -0.2365E+00 -0.2728E+00 -0.3128E+00 -0.3570E+00 -0.4051E+00 -0.4566E+00 -0.5103E+00 -0.5622E+00 -0.6105E+00 -0.6488E+00 -0.6608E+00 -0.6598E+00
     28.4553      180.0000  0.8780E-03  0.7875E-02  0.1397E-01  0.1901E-01  0.1983E-01  0.5027E-02 -0.2776E-01 -0.6598E-01 -0.9805E-01 -0.1187E+00 -0.1307E+00 -0.1480E+00 -0.1695E+00 -0.1959E+00 -0.2274E+00 -0.2636E+00 -0.3037E+00 -0.3478E+00 -0.3959E+00 -0.4474E+00 -0.5011E+00 -0.5530E+00 -0.6014E+00 -0.6396E+00 -0.6517E+00 -0.6506E+00
     28.5908      190.0000  0.1005E-01  0.1705E-01  0.2315E-01  0.2819E-01  0.2901E-01  0.1421E-01 -0.1857E-01 -0.5680E-01 -0.8888E-01 -0.1095E+00 -0.1216E+00 -0.1388E+00 -0.1603E+00 -0.1867E+00 -0.2182E+00 -0.2544E+00 -0.2945E+00 -0.3387E+00 -0.3868E+00 -0.4383E+00 -0.4920E+00 -0.5439E+00 -0.5923E+00 -0.6305E+00 -0.6426E+00 -0.6416E+00
     28.7263      200.0000  0.1894E-01  0.2597E-01  0.3208E-01  0.3713E-01  0.3794E-01  0.2314E-01 -0.9641E-02 -0.4788E-01 -0.7998E-01 -0.1006E+00 -0.1127E+00 -0.1299E+00 -0.1514E+00 -0.1778E+00 -0.2093E+00 -0.2456E+00 -0.2857E+00 -0.3298E+00 -0.3779E+00 -0.4294E+00 -0.4831E+00 -0.5351E+00 -0.5834E+00 -0.6217E+00 -0.6338E+00 -0.6330E+00
     28.8618      210.0000  0.2729E-01  0.3436E-01  0.4049E-01  0.4554E-01  0.4635E-01  0.3155E-01 -0.1229E-02 -0.3949E-01 -0.7161E-01 -0.9229E-01 -0.1043E+00 -0.1216E+00 -0.1431E+00 -0.1695E+00 -0.2010E+00 -0.2373E+00 -0.2774E+00 -0.3215E+00 -0.3696E+00 -0.4211E+00 -0.4748E+00 -0.5268E+00 -0.5752E+00 -0.6135E+00 -0.6257E+00 -0.6250E+00
     28.9973      220.0000  0.3484E-01  0.4196E-01  0.4812E-01  0.5319E-01  0.5399E-01  0.3919E-01  0.6405E-02 -0.3188E-01 -0.6404E-01 -0.8474E-01 -0.9677E-01 -0.1141E+00 -0.1356E+00 -0.1619E+00 -0.1935E+00 -0.2297E+00 -0.2699E+00 -0.3140E+00 -0.3621E+00 -0.4136E+00 -0.4674E+00 -0.5193E+00 -0.5677E+00 -0.6061E+00 -0.6184E+00 -0.6179E+00
     29.1328      230.0000  0.4136E-01  0.4855E-01  0.5474E-01  0.5982E-01  0.6062E-01  0.4582E-01  0.1303E-01 -0.2529E-01 -0.5749E-01 -0.7821E-01 -0.9025E-01 -0.1075E+00 -0.1290E+00 -0.1554E+00 -0.1870E+00 -0.2233E+00 -0.2634E+00 -0.3075E+00 -0.3557E+00 -0.4072E+00 -0.4609E+00 -0.5129E+00 -0.5613E+00 -0.5998E+00 -0.6122E+00 -0.6120E+00
     29.2683      240.0000  0.4665E-01  0.5392E-01  0.6015E-01  0.6524E-01  0.6604E-01  0.5123E-01  0.1845E-01 -0.1991E-01 -0.5216E-01 -0.7292E-01 -0.8495E-01 -0.1022E+00 -0.1238E+00 -0.1502E+00 -0.1817E+00 -0.2180E+00 -0.2582E+00 -0.3023E+00 -0.3504E+00 -0.4020E+00 -0.4557E+00 -0.5077E+00 -0.5562E+00 -0.5947E+00 -0.6072E+00 -0.6073E+00
     29.4038      250.0000  0.5055E-01  0.5790E-01  0.6419E-01  0.6930E-01  0.7008E-01  0.5527E-01  0.2249E-01 -0.1591E-01 -0.4821E-01 -0.6901E-01 -0.8104E-01 -0.9834E-01 -0.1199E+00 -0.1463E+00 -0.1779E+00 -0.2142E+00 -0.2543E+00 -0.2985E+00 -0.3466E+00 -0.3981E+00 -0.4519E+00 -0.5039E+00 -0.5524E+00 -0.5910E+00 -0.6037E+00 -0.6041E+00
     29.5393      260.0000  0.5295E-01  0.6039E-01  0.6672E-01  0.7185E-01  0.7262E-01  0.5782E-01  0.2503E-01 -0.1341E-01 -0.4577E-01 -0.6661E-01 -0.7863E-01 -0.9594E-01 -0.1175E+00 -0.1439E+00 -0.1755E+00 -0.2118E+00 -0.2520E+00 -0.2962E+00 -0.3443E+00 -0.3958E+00 -0.4496E+00 -0.5016E+00 -0.5501E+00 -0.5888E+00 -0.6016E+00 -0.6025E+00
     29.6748      270.0000  0.5376E-01  0.6130E-01  0.6769E-01  0.7283E-01  0.7360E-01  0.5879E-01  0.2600E-01 -0.1249E-01 -0.4491E-01 -0.6578E-01 -0.7781E-01 -0.9512E-01 -0.1167E+00 -0.1431E+00 -0.1748E+00 -0.2111E+00 -0.2512E+00 -0.2954E+00 -0.3435E+00 -0.3951E+00 -0.4488E+00 -0.5009E+00 -0.5494E+00 -0.5882E+00 -0.6012E+00 -0.6024E+00
     29.8103      280.0000  0.5297E-01  0.6061E-01  0.6704E-01  0.7221E-01  0.7296E-01  0.5816E-01  0.2537E-01 -0.1317E-01 -0.4565E-01 -0.6657E-01 -0.7858E-01 -0.9591E-01 -0.1175E+00 -0.1440E+00 -0.1756E+00 -0.2119E+00 -0.2521E+00 -0.2963E+00 -0.3444E+00 -0.3959E+00 -0.4497E+00 -0.5017E+00 -0.5503E+00 -0.5892E+00 -0.6023E+00 -0.6039E+00
     29.9458      290.0000  0.5060E-01  0.5833E-01  0.6482E-01  0.7000E-01  0.7074E-01  0.5594E-01  0.2315E-01 -0.1544E-01 -0.4798E-01 -0.6893E-01 -0.8094E-01 -0.9827E-01 -0.1199E+00 -0.1464E+00 -0.1780E+00 -0.2143E+00 -0.2545E+00 -0.2987E+00 -0.3468E+00 -0.3983E+00 -0.4521E+00 -0.5042E+00 -0.5528E+00 -0.5917E+00 -0.6050E+00 -0.6069E+00
