Time history of radial distribution for BEM variable: DirChordx[rad] for blade 3
                          rCurvi[m] (curvilinear radial distance)
                                0.7893      2.3679      3.9465      5.5252      7.1038      8.6824     10.2610     11.8396     13.4183     14.9969     16.5755     18.1541     19.7327     21.3113     22.8900     24.4686     26.0472     27.6258     29.2044     30.7831     32.3617     33.9403     35.5189     37.0975     38.2815     39.0708
                          zB[m] (radial coordinate along blade axis)
     time[s]  azimuth[deg]      0.1833      1.7547      3.3293      4.9062      6.4840      8.0623      9.6415     11.2244     12.8081     14.3899     15.9677     17.5461     19.1247     20.7031     22.2812     23.8591     25.4363     27.0129     28.5886     30.1633     31.7372     33.3102     34.8825     36.4544     37.6316     38.4133
      0.0000      120.0000  0.2093E+01  0.2083E+01  0.2077E+01  0.2076E+01  0.2076E+01  0.2076E+01  0.2077E+01  0.2081E+01  0.2088E+01  0.2092E+01  0.2092E+01  0.2093E+01  0.2094E+01  0.2096E+01  0.2097E+01  0.2099E+01  0.2100E+01  0.2100E+01  0.2100E+01  0.2100E+01  0.2101E+01  0.2102E+01  0.2106E+01  0.2115E+01  0.2133E+01  0.2172E+01
      0.1355      130.0000  0.2267E+01  0.2257E+01  0.2252E+01  0.2250E+01  0.2250E+01  0.2251E+01  0.2251E+01  0.2256E+01  0.2262E+01  0.2267E+01  0.2266E+01  0.2267E+01  0.2269E+01  0.2270E+01  0.2272E+01  0.2273E+01  0.2274E+01  0.2275E+01  0.2275E+01  0.2275E+01  0.2275E+01  0.2277E+01  0.2281E+01  0.2290E+01  0.2308E+01  0.2347E+01
      0.2710      140.0000  0.2442E+01  0.2432E+01  0.2426E+01  0.2425E+01  0.2425E+01  0.2425E+01  0.2426E+01  0.2430E+01  0.2437E+01  0.2441E+01  0.2441E+01  0.2442E+01  0.2443E+01  0.2445E+01  0.2446E+01  0.2448E+01  0.2449E+01  0.2449E+01  0.2449E+01  0.2449E+01  0.2450E+01  0.2451E+01  0.2455E+01  0.2464E+01  0.2482E+01  0.2521E+01
      0.4065      150.0000  0.2616E+01  0.2606E+01  0.2601E+01  0.2599E+01  0.2600E+01  0.2600E+01  0.2600E+01  0.2605E+01  0.2611E+01  0.2616E+01  0.2615E+01  0.2616E+01  0.2618E+01  0.2619E+01  0.2621E+01  0.2622E+01  0.2623E+01  0.2624E+01  0.2624E+01  0.2624E+01  0.2624E+01  0.2626E+01  0.2630E+01  0.2639E+01  0.2657E+01  0.2696E+01
      0.5420      160.0000  0.2791E+01  0.2781E+01  0.2775E+01  0.2774E+01  0.2774E+01  0.2774E+01  0.2775E+01  0.2779E+01  0.2786E+01  0.2790E+01  0.2790E+01  0.2791E+01  0.2792E+01  0.2794E+01  0.2795E+01  0.2797E+01  0.2798E+01  0.2798E+01  0.2798E+01  0.2798E+01  0.2799E+01  0.2800E+01  0.2804E+01  0.2813E+01  0.2831E+01  0.2870E+01
      0.6775      170.0000  0.2966E+01  0.2955E+01  0.2950E+01  0.2949E+01  0.2949E+01  0.2949E+01  0.2949E+01  0.2954E+01  0.2960E+01  0.2965E+01  0.2964E+01  0.2965E+01  0.2967E+01  0.2968E+01  0.2970E+01  0.2971E+01  0.2972E+01  0.2973E+01  0.2973E+01  0.2973E+01  0.2973E+01  0.2975E+01  0.2979E+01  0.2988E+01  0.3006E+01  0.3045E+01
      0.8130      180.0000  0.3140E+01  0.3130E+01  0.3124E+01  0.3123E+01  0.3123E+01  0.3123E+01  0.3124E+01  0.3129E+01  0.3135E+01  0.3139E+01  0.3139E+01  0.3140E+01  0.3141E+01  0.3143E+01  0.3144E+01  0.3146E+01  0.3147E+01  0.3147E+01  0.3147E+01  0.3147E+01  0.3148E+01  0.3149E+01  0.3153E+01  0.3162E+01  0.3180E+01  0.3219E+01
      0.9485      190.0000 -0.2969E+01 -0.2979E+01 -0.2984E+01 -0.2986E+01 -0.2985E+01 -0.2985E+01 -0.2985E+01 -0.2980E+01 -0.2974E+01 -0.2969E+01 -0.2970E+01 -0.2969E+01 -0.2967E+01 -0.2966E+01 -0.2964E+01 -0.2963E+01 -0.2962E+01 -0.2961E+01 -0.2961E+01 -0.2961E+01 -0.2961E+01 -0.2959E+01 -0.2955E+01 -0.2946E+01 -0.2928E+01 -0.2889E+01
      1.0840      200.0000 -0.2794E+01 -0.2804E+01 -0.2810E+01 -0.2811E+01 -0.2811E+01 -0.2811E+01 -0.2810E+01 -0.2806E+01 -0.2799E+01 -0.2795E+01 -0.2795E+01 -0.2794E+01 -0.2793E+01 -0.2791E+01 -0.2790E+01 -0.2788E+01 -0.2787E+01 -0.2787E+01 -0.2787E+01 -0.2787E+01 -0.2786E+01 -0.2785E+01 -0.2781E+01 -0.2772E+01 -0.2754E+01 -0.2715E+01
      1.2195      210.0000 -0.2620E+01 -0.2630E+01 -0.2635E+01 -0.2637E+01 -0.2636E+01 -0.2636E+01 -0.2636E+01 -0.2631E+01 -0.2625E+01 -0.2620E+01 -0.2621E+01 -0.2620E+01 -0.2618E+01 -0.2617E+01 -0.2615E+01 -0.2614E+01 -0.2613E+01 -0.2612E+01 -0.2612E+01 -0.2612E+01 -0.2612E+01 -0.2610E+01 -0.2606E+01 -0.2597E+01 -0.2579E+01 -0.2540E+01
      1.3550      220.0000 -0.2445E+01 -0.2455E+01 -0.2461E+01 -0.2462E+01 -0.2462E+01 -0.2462E+01 -0.2461E+01 -0.2457E+01 -0.2450E+01 -0.2446E+01 -0.2446E+01 -0.2445E+01 -0.2444E+01 -0.2442E+01 -0.2441E+01 -0.2439E+01 -0.2438E+01 -0.2438E+01 -0.2438E+01 -0.2438E+01 -0.2437E+01 -0.2436E+01 -0.2432E+01 -0.2423E+01 -0.2405E+01 -0.2366E+01
      1.4905      230.0000 -0.2270E+01 -0.2281E+01 -0.2286E+01 -0.2287E+01 -0.2287E+01 -0.2287E+01 -0.2287E+01 -0.2282E+01 -0.2276E+01 -0.2271E+01 -0.2272E+01 -0.2271E+01 -0.2269E+01 -0.2268E+01 -0.2266E+01 -0.2265E+01 -0.2264E+01 -0.2263E+01 -0.2263E+01 -0.2263E+01 -0.2263E+01 -0.2261E+01 -0.2257E+01 -0.2248E+01 -0.2230E+01 -0.2191E+01
      1.6260      240.0000 -0.2096E+01 -0.2106E+01 -0.2112E+01 -0.2113E+01 -0.2113E+01 -0.2113E+01 -0.2112E+01 -0.2107E+01 -0.2101E+01 -0.2097E+01 -0.2097E+01 -0.2096E+01 -0.2095E+01 -0.2093E+01 -0.2092E+01 -0.2090E+01 -0.2089E+01 -0.2089E+01 -0.2089E+01 -0.2089E+01 -0.2088E+01 -0.2087E+01 -0.2083E+01 -0.2074E+01 -0.2056E+01 -0.2017E+01
      1.7615      250.0000 -0.1921E+01 -0.1932E+01 -0.1937E+01 -0.1938E+01 -0.1938E+01 -0.1938E+01 -0.1938E+01 -0.1933E+01 -0.1927E+01 -0.1922E+01 -0.1923E+01 -0.1922E+01 -0.1920E+01 -0.1919E+01 -0.1917E+01 -0.1916E+01 -0.1915E+01 -0.1914E+01 -0.1914E+01 -0.1914E+01 -0.1914E+01 -0.1912E+01 -0.1908E+01 -0.1899E+01 -0.1881E+01 -0.1842E+01
      1.8970      260.0000 -0.1747E+01 -0.1757E+01 -0.1763E+01 -0.1764E+01 -0.1764E+01 -0.1764E+01 -0.1763E+01 -0.1758E+01 -0.1752E+01 -0.1748E+01 -0.1748E+01 -0.1747E+01 -0.1746E+01 -0.1744E+01 -0.1742E+01 -0.1741E+01 -0.1740E+01 -0.1740E+01 -0.1739E+01 -0.1739E+01 -0.1739E+01 -0.1738E+01 -0.1734E+01 -0.1724E+01 -0.1707E+01 -0.1668E+01
      2.0325      270.0000 -0.1572E+01 -0.1583E+01 -0.1588E+01 -0.1589E+01 -0.1589E+01 -0.1589E+01 -0.1589E+01 -0.1584E+01 -0.1578E+01 -0.1573E+01 -0.1573E+01 -0.1573E+01 -0.1571E+01 -0.1570E+01 -0.1568E+01 -0.1567E+01 -0.1566E+01 -0.1565E+01 -0.1565E+01 -0.1565E+01 -0.1564E+01 -0.1563E+01 -0.1559E+01 -0.1550E+01 -0.1532E+01 -0.1493E+01
      2.1680      280.0000 -0.1398E+01 -0.1408E+01 -0.1414E+01 -0.1415E+01 -0.1415E+01 -0.1415E+01 -0.1414E+01 -0.1409E+01 -0.1403E+01 -0.1399E+01 -0.1399E+01 -0.1398E+01 -0.1397E+01 -0.1395E+01 -0.1393E+01 -0.1392E+01 -0.1391E+01 -0.1391E+01 -0.1390E+01 -0.1390E+01 -0.1390E+01 -0.1389E+01 -0.1385E+01 -0.1375E+01 -0.1357E+01 -0.1319E+01
      2.3035      290.0000 -0.1223E+01 -0.1234E+01 -0.1239E+01 -0.1240E+01 -0.1240E+01 -0.1240E+01 -0.1239E+01 -0.1235E+01 -0.1229E+01 -0.1224E+01 -0.1224E+01 -0.1224E+01 -0.1222E+01 -0.1220E+01 -0.1219E+01 -0.1217E+01 -0.1216E+01 -0.1216E+01 -0.1216E+01 -0.1216E+01 -0.1215E+01 -0.1214E+01 -0.1210E+01 -0.1201E+01 -0.1183E+01 -0.1144E+01
      2.4390      300.0000 -0.1049E+01 -0.1059E+01 -0.1065E+01 -0.1066E+01 -0.1066E+01 -0.1065E+01 -0.1065E+01 -0.1060E+01 -0.1054E+01 -0.1050E+01 -0.1050E+01 -0.1049E+01 -0.1048E+01 -0.1046E+01 -0.1044E+01 -0.1043E+01 -0.1042E+01 -0.1041E+01 -0.1041E+01 -0.1041E+01 -0.1041E+01 -0.1039E+01 -0.1035E+01 -0.1026E+01 -0.1008E+01 -0.9694E+00
      2.5745      310.0000 -0.8742E+00 -0.8846E+00 -0.8901E+00 -0.8912E+00 -0.8911E+00 -0.8909E+00 -0.8904E+00 -0.8858E+00 -0.8795E+00 -0.8750E+00 -0.8753E+00 -0.8745E+00 -0.8730E+00 -0.8714E+00 -0.8698E+00 -0.8684E+00 -0.8674E+00 -0.8669E+00 -0.8668E+00 -0.8668E+00 -0.8664E+00 -0.8649E+00 -0.8610E+00 -0.8518E+00 -0.8339E+00 -0.7949E+00
      2.7100      320.0000 -0.6996E+00 -0.7100E+00 -0.7155E+00 -0.7167E+00 -0.7166E+00 -0.7164E+00 -0.7159E+00 -0.7112E+00 -0.7050E+00 -0.7004E+00 -0.7008E+00 -0.6999E+00 -0.6985E+00 -0.6968E+00 -0.6953E+00 -0.6939E+00 -0.6929E+00 -0.6924E+00 -0.6923E+00 -0.6922E+00 -0.6918E+00 -0.6904E+00 -0.6864E+00 -0.6773E+00 -0.6593E+00 -0.6204E+00
      2.8455      330.0000 -0.5251E+00 -0.5355E+00 -0.5410E+00 -0.5421E+00 -0.5420E+00 -0.5419E+00 -0.5414E+00 -0.5367E+00 -0.5305E+00 -0.5259E+00 -0.5262E+00 -0.5254E+00 -0.5239E+00 -0.5223E+00 -0.5207E+00 -0.5193E+00 -0.5184E+00 -0.5179E+00 -0.5177E+00 -0.5177E+00 -0.5173E+00 -0.5159E+00 -0.5119E+00 -0.5028E+00 -0.4848E+00 -0.4458E+00
      2.9810      340.0000 -0.3506E+00 -0.3610E+00 -0.3665E+00 -0.3676E+00 -0.3675E+00 -0.3673E+00 -0.3668E+00 -0.3622E+00 -0.3559E+00 -0.3514E+00 -0.3517E+00 -0.3509E+00 -0.3494E+00 -0.3478E+00 -0.3462E+00 -0.3448E+00 -0.3438E+00 -0.3433E+00 -0.3432E+00 -0.3432E+00 -0.3428E+00 -0.3413E+00 -0.3374E+00 -0.3282E+00 -0.3103E+00 -0.2713E+00
      3.1165      350.0000 -0.1761E+00 -0.1864E+00 -0.1919E+00 -0.1931E+00 -0.1930E+00 -0.1928E+00 -0.1923E+00 -0.1876E+00 -0.1814E+00 -0.1768E+00 -0.1772E+00 -0.1763E+00 -0.1749E+00 -0.1732E+00 -0.1717E+00 -0.1703E+00 -0.1693E+00 -0.1688E+00 -0.1687E+00 -0.1686E+00 -0.1682E+00 -0.1668E+00 -0.1628E+00 -0.1537E+00 -0.1357E+00 -0.9677E-01
      3.2520      360.0000 -0.1517E-02 -0.1189E-01 -0.1740E-01 -0.1853E-01 -0.1843E-01 -0.1828E-01 -0.1776E-01 -0.1309E-01 -0.6854E-02 -0.2307E-02 -0.2643E-02 -0.1812E-02 -0.3296E-03  0.1287E-02  0.2869E-02  0.4278E-02  0.5237E-02  0.5740E-02  0.5879E-02  0.5891E-02  0.6302E-02  0.7736E-02  0.1171E-01  0.2084E-01  0.3880E-01  0.7776E-01
      3.3875       10.0000  0.1730E+00  0.1626E+00  0.1571E+00  0.1560E+00  0.1561E+00  0.1563E+00  0.1568E+00  0.1614E+00  0.1677E+00  0.1722E+00  0.1719E+00  0.1727E+00  0.1742E+00  0.1758E+00  0.1774E+00  0.1788E+00  0.1798E+00  0.1803E+00  0.1804E+00  0.1804E+00  0.1808E+00  0.1823E+00  0.1862E+00  0.1954E+00  0.2133E+00  0.2523E+00
      3.5230       20.0000  0.3475E+00  0.3372E+00  0.3317E+00  0.3305E+00  0.3306E+00  0.3308E+00  0.3313E+00  0.3360E+00  0.3422E+00  0.3468E+00  0.3464E+00  0.3473E+00  0.3487E+00  0.3504E+00  0.3519E+00  0.3533E+00  0.3543E+00  0.3548E+00  0.3549E+00  0.3550E+00  0.3554E+00  0.3568E+00  0.3608E+00  0.3699E+00  0.3879E+00  0.4268E+00
      3.6585       30.0000  0.5221E+00  0.5117E+00  0.5062E+00  0.5051E+00  0.5052E+00  0.5053E+00  0.5058E+00  0.5105E+00  0.5167E+00  0.5213E+00  0.5210E+00  0.5218E+00  0.5233E+00  0.5249E+00  0.5265E+00  0.5279E+00  0.5288E+00  0.5293E+00  0.5295E+00  0.5295E+00  0.5299E+00  0.5313E+00  0.5353E+00  0.5444E+00  0.5624E+00  0.6014E+00
      3.7940       40.0000  0.6966E+00  0.6862E+00  0.6807E+00  0.6796E+00  0.6797E+00  0.6799E+00  0.6804E+00  0.6850E+00  0.6913E+00  0.6958E+00  0.6955E+00  0.6963E+00  0.6978E+00  0.6994E+00  0.7010E+00  0.7024E+00  0.7034E+00  0.7039E+00  0.7040E+00  0.7040E+00  0.7044E+00  0.7059E+00  0.7098E+00  0.7190E+00  0.7369E+00  0.7759E+00
      3.9295       50.0000  0.8711E+00  0.8608E+00  0.8553E+00  0.8541E+00  0.8542E+00  0.8544E+00  0.8549E+00  0.8596E+00  0.8658E+00  0.8704E+00  0.8700E+00  0.8709E+00  0.8723E+00  0.8740E+00  0.8755E+00  0.8769E+00  0.8779E+00  0.8784E+00  0.8785E+00  0.8786E+00  0.8790E+00  0.8804E+00  0.8844E+00  0.8935E+00  0.9115E+00  0.9504E+00
      4.0650       60.0000  0.1046E+01  0.1035E+01  0.1030E+01  0.1029E+01  0.1029E+01  0.1029E+01  0.1029E+01  0.1034E+01  0.1040E+01  0.1045E+01  0.1045E+01  0.1045E+01  0.1047E+01  0.1048E+01  0.1050E+01  0.1051E+01  0.1052E+01  0.1053E+01  0.1053E+01  0.1053E+01  0.1053E+01  0.1055E+01  0.1059E+01  0.1068E+01  0.1086E+01  0.1125E+01
      4.2005       70.0000  0.1220E+01  0.1210E+01  0.1204E+01  0.1203E+01  0.1203E+01  0.1203E+01  0.1204E+01  0.1209E+01  0.1215E+01  0.1219E+01  0.1219E+01  0.1220E+01  0.1221E+01  0.1223E+01  0.1225E+01  0.1226E+01  0.1227E+01  0.1227E+01  0.1228E+01  0.1228E+01  0.1228E+01  0.1229E+01  0.1233E+01  0.1243E+01  0.1261E+01  0.1299E+01
      4.3360       80.0000  0.1395E+01  0.1384E+01  0.1379E+01  0.1378E+01  0.1378E+01  0.1378E+01  0.1379E+01  0.1383E+01  0.1389E+01  0.1394E+01  0.1394E+01  0.1394E+01  0.1396E+01  0.1398E+01  0.1399E+01  0.1401E+01  0.1402E+01  0.1402E+01  0.1402E+01  0.1402E+01  0.1403E+01  0.1404E+01  0.1408E+01  0.1417E+01  0.1435E+01  0.1474E+01
      4.4715       90.0000  0.1569E+01  0.1559E+01  0.1553E+01  0.1552E+01  0.1552E+01  0.1553E+01  0.1553E+01  0.1558E+01  0.1564E+01  0.1568E+01  0.1568E+01  0.1569E+01  0.1570E+01  0.1572E+01  0.1574E+01  0.1575E+01  0.1576E+01  0.1577E+01  0.1577E+01  0.1577E+01  0.1577E+01  0.1579E+01  0.1583E+01  0.1592E+01  0.1610E+01  0.1649E+01
      4.6070      100.0000  0.1744E+01  0.1733E+01  0.1728E+01  0.1727E+01  0.1727E+01  0.1727E+01  0.1728E+01  0.1732E+01  0.1738E+01  0.1743E+01  0.1743E+01  0.1744E+01  0.1745E+01  0.1747E+01  0.1748E+01  0.1750E+01  0.1751E+01  0.1751E+01  0.1751E+01  0.1751E+01  0.1752E+01  0.1753E+01  0.1757E+01  0.1766E+01  0.1784E+01  0.1823E+01
      4.7425      110.0000  0.1918E+01  0.1908E+01  0.1902E+01  0.1901E+01  0.1901E+01  0.1902E+01  0.1902E+01  0.1907E+01  0.1913E+01  0.1918E+01  0.1917E+01  0.1918E+01  0.1920E+01  0.1921E+01  0.1923E+01  0.1924E+01  0.1925E+01  0.1926E+01  0.1926E+01  0.1926E+01  0.1926E+01  0.1928E+01  0.1932E+01  0.1941E+01  0.1959E+01  0.1998E+01
      4.8780      120.0000  0.2093E+01  0.2083E+01  0.2077E+01  0.2076E+01  0.2076E+01  0.2076E+01  0.2077E+01  0.2081E+01  0.2088E+01  0.2092E+01  0.2092E+01  0.2093E+01  0.2094E+01  0.2096E+01  0.2097E+01  0.2099E+01  0.2100E+01  0.2100E+01  0.2100E+01  0.2100E+01  0.2101E+01  0.2102E+01  0.2106E+01  0.2115E+01  0.2133E+01  0.2172E+01
      5.0136      130.0000  0.2267E+01  0.2257E+01  0.2252E+01  0.2250E+01  0.2250E+01  0.2251E+01  0.2251E+01  0.2256E+01  0.2262E+01  0.2267E+01  0.2266E+01  0.2267E+01  0.2269E+01  0.2270E+01  0.2272E+01  0.2273E+01  0.2274E+01  0.2275E+01  0.2275E+01  0.2275E+01  0.2275E+01  0.2277E+01  0.2281E+01  0.2290E+01  0.2308E+01  0.2347E+01
      5.1491      140.0000  0.2442E+01  0.2432E+01  0.2426E+01  0.2425E+01  0.2425E+01  0.2425E+01  0.2426E+01  0.2430E+01  0.2437E+01  0.2441E+01  0.2441E+01  0.2442E+01  0.2443E+01  0.2445E+01  0.2446E+01  0.2448E+01  0.2449E+01  0.2449E+01  0.2449E+01  0.2449E+01  0.2450E+01  0.2451E+01  0.2455E+01  0.2464E+01  0.2482E+01  0.2521E+01
      5.2846      150.0000  0.2616E+01  0.2606E+01  0.2601E+01  0.2599E+01  0.2600E+01  0.2600E+01  0.2600E+01  0.2605E+01  0.2611E+01  0.2616E+01  0.2615E+01  0.2616E+01  0.2618E+01  0.2619E+01  0.2621E+01  0.2622E+01  0.2623E+01  0.2624E+01  0.2624E+01  0.2624E+01  0.2624E+01  0.2626E+01  0.2630E+01  0.2639E+01  0.2657E+01  0.2696E+01
      5.4201      160.0000  0.2791E+01  0.2781E+01  0.2775E+01  0.2774E+01  0.2774E+01  0.2774E+01  0.2775E+01  0.2779E+01  0.2786E+01  0.2790E+01  0.2790E+01  0.2791E+01  0.2792E+01  0.2794E+01  0.2795E+01  0.2797E+01  0.2798E+01  0.2798E+01  0.2798E+01  0.2798E+01  0.2799E+01  0.2800E+01  0.2804E+01  0.2813E+01  0.2831E+01  0.2870E+01
      5.5556      170.0000  0.2966E+01  0.2955E+01  0.2950E+01  0.2949E+01  0.2949E+01  0.2949E+01  0.2949E+01  0.2954E+01  0.2960E+01  0.2965E+01  0.2964E+01  0.2965E+01  0.2967E+01  0.2968E+01  0.2970E+01  0.2971E+01  0.2972E+01  0.2973E+01  0.2973E+01  0.2973E+01  0.2973E+01  0.2975E+01  0.2979E+01  0.2988E+01  0.3006E+01  0.3045E+01
      5.6911      180.0000  0.3140E+01  0.3130E+01  0.3124E+01  0.3123E+01  0.3123E+01  0.3123E+01  0.3124E+01  0.3129E+01  0.3135E+01  0.3139E+01  0.3139E+01  0.3140E+01  0.3141E+01  0.3143E+01  0.3144E+01  0.3146E+01  0.3147E+01  0.3147E+01  0.3147E+01  0.3147E+01  0.3148E+01  0.3149E+01  0.3153E+01  0.3162E+01  0.3180E+01  0.3219E+01
      5.8266      190.0000 -0.2969E+01 -0.2979E+01 -0.2984E+01 -0.2986E+01 -0.2985E+01 -0.2985E+01 -0.2985E+01 -0.2980E+01 -0.2974E+01 -0.2969E+01 -0.2970E+01 -0.2969E+01 -0.2967E+01 -0.2966E+01 -0.2964E+01 -0.2963E+01 -0.2962E+01 -0.2961E+01 -0.2961E+01 -0.2961E+01 -0.2961E+01 -0.2959E+01 -0.2955E+01 -0.2946E+01 -0.2928E+01 -0.2889E+01
      5.9621      200.0000 -0.2794E+01 -0.2804E+01 -0.2810E+01 -0.2811E+01 -0.2811E+01 -0.2811E+01 -0.2810E+01 -0.2806E+01 -0.2799E+01 -0.2795E+01 -0.2795E+01 -0.2794E+01 -0.2793E+01 -0.2791E+01 -0.2790E+01 -0.2788E+01 -0.2787E+01 -0.2787E+01 -0.2787E+01 -0.2787E+01 -0.2786E+01 -0.2785E+01 -0.2781E+01 -0.2772E+01 -0.2754E+01 -0.2715E+01
      6.0976      210.0000 -0.2620E+01 -0.2630E+01 -0.2635E+01 -0.2637E+01 -0.2636E+01 -0.2636E+01 -0.2636E+01 -0.2631E+01 -0.2625E+01 -0.2620E+01 -0.2621E+01 -0.2620E+01 -0.2618E+01 -0.2617E+01 -0.2615E+01 -0.2614E+01 -0.2613E+01 -0.2612E+01 -0.2612E+01 -0.2612E+01 -0.2612E+01 -0.2610E+01 -0.2606E+01 -0.2597E+01 -0.2579E+01 -0.2540E+01
      6.2331      220.0000 -0.2445E+01 -0.2455E+01 -0.2461E+01 -0.2462E+01 -0.2462E+01 -0.2462E+01 -0.2461E+01 -0.2457E+01 -0.2450E+01 -0.2446E+01 -0.2446E+01 -0.2445E+01 -0.2444E+01 -0.2442E+01 -0.2441E+01 -0.2439E+01 -0.2438E+01 -0.2438E+01 -0.2438E+01 -0.2438E+01 -0.2437E+01 -0.2436E+01 -0.2432E+01 -0.2423E+01 -0.2405E+01 -0.2366E+01
      6.3686      230.0000 -0.2270E+01 -0.2281E+01 -0.2286E+01 -0.2287E+01 -0.2287E+01 -0.2287E+01 -0.2287E+01 -0.2282E+01 -0.2276E+01 -0.2271E+01 -0.2272E+01 -0.2271E+01 -0.2269E+01 -0.2268E+01 -0.2266E+01 -0.2265E+01 -0.2264E+01 -0.2263E+01 -0.2263E+01 -0.2263E+01 -0.2263E+01 -0.2261E+01 -0.2257E+01 -0.2248E+01 -0.2230E+01 -0.2191E+01
      6.5041      240.0000 -0.2096E+01 -0.2106E+01 -0.2112E+01 -0.2113E+01 -0.2113E+01 -0.2113E+01 -0.2112E+01 -0.2107E+01 -0.2101E+01 -0.2097E+01 -0.2097E+01 -0.2096E+01 -0.2095E+01 -0.2093E+01 -0.2092E+01 -0.2090E+01 -0.2089E+01 -0.2089E+01 -0.2089E+01 -0.2089E+01 -0.2088E+01 -0.2087E+01 -0.2083E+01 -0.2074E+01 -0.2056E+01 -0.2017E+01
      6.6396      250.0000 -0.1921E+01 -0.1932E+01 -0.1937E+01 -0.1938E+01 -0.1938E+01 -0.1938E+01 -0.1938E+01 -0.1933E+01 -0.1927E+01 -0.1922E+01 -0.1923E+01 -0.1922E+01 -0.1920E+01 -0.1919E+01 -0.1917E+01 -0.1916E+01 -0.1915E+01 -0.1914E+01 -0.1914E+01 -0.1914E+01 -0.1914E+01 -0.1912E+01 -0.1908E+01 -0.1899E+01 -0.1881E+01 -0.1842E+01
      6.7751      260.0000 -0.1747E+01 -0.1757E+01 -0.1763E+01 -0.1764E+01 -0.1764E+01 -0.1764E+01 -0.1763E+01 -0.1758E+01 -0.1752E+01 -0.1748E+01 -0.1748E+01 -0.1747E+01 -0.1746E+01 -0.1744E+01 -0.1742E+01 -0.1741E+01 -0.1740E+01 -0.1740E+01 -0.1739E+01 -0.1739E+01 -0.1739E+01 -0.1738E+01 -0.1734E+01 -0.1724E+01 -0.1707E+01 -0.1668E+01
      6.9106      270.0000 -0.1572E+01 -0.1583E+01 -0.1588E+01 -0.1589E+01 -0.1589E+01 -0.1589E+01 -0.1589E+01 -0.1584E+01 -0.1578E+01 -0.1573E+01 -0.1573E+01 -0.1573E+01 -0.1571E+01 -0.1570E+01 -0.1568E+01 -0.1567E+01 -0.1566E+01 -0.1565E+01 -0.1565E+01 -0.1565E+01 -0.1564E+01 -0.1563E+01 -0.1559E+01 -0.1550E+01 -0.1532E+01 -0.1493E+01
      7.0461      280.0000 -0.1398E+01 -0.1408E+01 -0.1414E+01 -0.1415E+01 -0.1415E+01 -0.1415E+01 -0.1414E+01 -0.1409E+01 -0.1403E+01 -0.1399E+01 -0.1399E+01 -0.1398E+01 -0.1397E+01 -0.1395E+01 -0.1393E+01 -0.1392E+01 -0.1391E+01 -0.1391E+01 -0.1390E+01 -0.1390E+01 -0.1390E+01 -0.1389E+01 -0.1385E+01 -0.1375E+01 -0.1357E+01 -0.1319E+01
      7.1816      290.0000 -0.1223E+01 -0.1234E+01 -0.1239E+01 -0.1240E+01 -0.1240E+01 -0.1240E+01 -0.1239E+01 -0.1235E+01 -0.1229E+01 -0.1224E+01 -0.1224E+01 -0.1224E+01 -0.1222E+01 -0.1220E+01 -0.1219E+01 -0.1217E+01 -0.1216E+01 -0.1216E+01 -0.1216E+01 -0.1216E+01 -0.1215E+01 -0.1214E+01 -0.1210E+01 -0.1201E+01 -0.1183E+01 -0.1144E+01
      7.3171      300.0000 -0.1049E+01 -0.1059E+01 -0.1065E+01 -0.1066E+01 -0.1066E+01 -0.1065E+01 -0.1065E+01 -0.1060E+01 -0.1054E+01 -0.1050E+01 -0.1050E+01 -0.1049E+01 -0.1048E+01 -0.1046E+01 -0.1044E+01 -0.1043E+01 -0.1042E+01 -0.1041E+01 -0.1041E+01 -0.1041E+01 -0.1041E+01 -0.1039E+01 -0.1035E+01 -0.1026E+01 -0.1008E+01 -0.9694E+00
      7.4526      310.0000 -0.8742E+00 -0.8846E+00 -0.8901E+00 -0.8912E+00 -0.8911E+00 -0.8909E+00 -0.8904E+00 -0.8858E+00 -0.8795E+00 -0.8750E+00 -0.8753E+00 -0.8745E+00 -0.8730E+00 -0.8714E+00 -0.8698E+00 -0.8684E+00 -0.8674E+00 -0.8669E+00 -0.8668E+00 -0.8668E+00 -0.8664E+00 -0.8649E+00 -0.8610E+00 -0.8518E+00 -0.8339E+00 -0.7949E+00
      7.5881      320.0000 -0.6996E+00 -0.7100E+00 -0.7155E+00 -0.7167E+00 -0.7166E+00 -0.7164E+00 -0.7159E+00 -0.7112E+00 -0.7050E+00 -0.7004E+00 -0.7008E+00 -0.6999E+00 -0.6985E+00 -0.6968E+00 -0.6953E+00 -0.6939E+00 -0.6929E+00 -0.6924E+00 -0.6923E+00 -0.6922E+00 -0.6918E+00 -0.6904E+00 -0.6864E+00 -0.6773E+00 -0.6593E+00 -0.6204E+00
      7.7236      330.0000 -0.5251E+00 -0.5355E+00 -0.5410E+00 -0.5421E+00 -0.5420E+00 -0.5419E+00 -0.5414E+00 -0.5367E+00 -0.5305E+00 -0.5259E+00 -0.5262E+00 -0.5254E+00 -0.5239E+00 -0.5223E+00 -0.5207E+00 -0.5193E+00 -0.5184E+00 -0.5179E+00 -0.5177E+00 -0.5177E+00 -0.5173E+00 -0.5159E+00 -0.5119E+00 -0.5028E+00 -0.4848E+00 -0.4458E+00
      7.8591      340.0000 -0.3506E+00 -0.3610E+00 -0.3665E+00 -0.3676E+00 -0.3675E+00 -0.3673E+00 -0.3668E+00 -0.3622E+00 -0.3559E+00 -0.3514E+00 -0.3517E+00 -0.3509E+00 -0.3494E+00 -0.3478E+00 -0.3462E+00 -0.3448E+00 -0.3438E+00 -0.3433E+00 -0.3432E+00 -0.3432E+00 -0.3428E+00 -0.3413E+00 -0.3374E+00 -0.3282E+00 -0.3103E+00 -0.2713E+00
      7.9946      350.0000 -0.1761E+00 -0.1864E+00 -0.1919E+00 -0.1931E+00 -0.1930E+00 -0.1928E+00 -0.1923E+00 -0.1876E+00 -0.1814E+00 -0.1768E+00 -0.1772E+00 -0.1763E+00 -0.1749E+00 -0.1732E+00 -0.1717E+00 -0.1703E+00 -0.1693E+00 -0.1688E+00 -0.1687E+00 -0.1686E+00 -0.1682E+00 -0.1668E+00 -0.1628E+00 -0.1537E+00 -0.1357E+00 -0.9677E-01
      8.1301      360.0000 -0.1517E-02 -0.1189E-01 -0.1740E-01 -0.1853E-01 -0.1843E-01 -0.1828E-01 -0.1776E-01 -0.1309E-01 -0.6854E-02 -0.2307E-02 -0.2643E-02 -0.1812E-02 -0.3296E-03  0.1287E-02  0.2869E-02  0.4278E-02  0.5237E-02  0.5740E-02  0.5879E-02  0.5891E-02  0.6302E-02  0.7736E-02  0.1171E-01  0.2084E-01  0.3880E-01  0.7776E-01
      8.2656       10.0000  0.1730E+00  0.1626E+00  0.1571E+00  0.1560E+00  0.1561E+00  0.1563E+00  0.1568E+00  0.1614E+00  0.1677E+00  0.1722E+00  0.1719E+00  0.1727E+00  0.1742E+00  0.1758E+00  0.1774E+00  0.1788E+00  0.1798E+00  0.1803E+00  0.1804E+00  0.1804E+00  0.1808E+00  0.1823E+00  0.1862E+00  0.1954E+00  0.2133E+00  0.2523E+00
      8.4011       20.0000  0.3475E+00  0.3372E+00  0.3317E+00  0.3305E+00  0.3306E+00  0.3308E+00  0.3313E+00  0.3360E+00  0.3422E+00  0.3468E+00  0.3464E+00  0.3473E+00  0.3487E+00  0.3504E+00  0.3519E+00  0.3533E+00  0.3543E+00  0.3548E+00  0.3549E+00  0.3550E+00  0.3554E+00  0.3568E+00  0.3608E+00  0.3699E+00  0.3879E+00  0.4268E+00
      8.5366       30.0000  0.5221E+00  0.5117E+00  0.5062E+00  0.5051E+00  0.5052E+00  0.5053E+00  0.5058E+00  0.5105E+00  0.5167E+00  0.5213E+00  0.5210E+00  0.5218E+00  0.5233E+00  0.5249E+00  0.5265E+00  0.5279E+00  0.5288E+00  0.5293E+00  0.5295E+00  0.5295E+00  0.5299E+00  0.5313E+00  0.5353E+00  0.5444E+00  0.5624E+00  0.6014E+00
      8.6721       40.0000  0.6966E+00  0.6862E+00  0.6807E+00  0.6796E+00  0.6797E+00  0.6799E+00  0.6804E+00  0.6850E+00  0.6913E+00  0.6958E+00  0.6955E+00  0.6963E+00  0.6978E+00  0.6994E+00  0.7010E+00  0.7024E+00  0.7034E+00  0.7039E+00  0.7040E+00  0.7040E+00  0.7044E+00  0.7059E+00  0.7098E+00  0.7190E+00  0.7369E+00  0.7759E+00
      8.8076       50.0000  0.8711E+00  0.8608E+00  0.8553E+00  0.8541E+00  0.8542E+00  0.8544E+00  0.8549E+00  0.8596E+00  0.8658E+00  0.8704E+00  0.8700E+00  0.8709E+00  0.8723E+00  0.8740E+00  0.8755E+00  0.8769E+00  0.8779E+00  0.8784E+00  0.8785E+00  0.8786E+00  0.8790E+00  0.8804E+00  0.8844E+00  0.8935E+00  0.9115E+00  0.9504E+00
      8.9431       60.0000  0.1046E+01  0.1035E+01  0.1030E+01  0.1029E+01  0.1029E+01  0.1029E+01  0.1029E+01  0.1034E+01  0.1040E+01  0.1045E+01  0.1045E+01  0.1045E+01  0.1047E+01  0.1048E+01  0.1050E+01  0.1051E+01  0.1052E+01  0.1053E+01  0.1053E+01  0.1053E+01  0.1053E+01  0.1055E+01  0.1059E+01  0.1068E+01  0.1086E+01  0.1125E+01
      9.0786       70.0000  0.1220E+01  0.1210E+01  0.1204E+01  0.1203E+01  0.1203E+01  0.1203E+01  0.1204E+01  0.1209E+01  0.1215E+01  0.1219E+01  0.1219E+01  0.1220E+01  0.1221E+01  0.1223E+01  0.1225E+01  0.1226E+01  0.1227E+01  0.1227E+01  0.1228E+01  0.1228E+01  0.1228E+01  0.1229E+01  0.1233E+01  0.1243E+01  0.1261E+01  0.1299E+01
      9.2141       80.0000  0.1395E+01  0.1384E+01  0.1379E+01  0.1378E+01  0.1378E+01  0.1378E+01  0.1379E+01  0.1383E+01  0.1389E+01  0.1394E+01  0.1394E+01  0.1394E+01  0.1396E+01  0.1398E+01  0.1399E+01  0.1401E+01  0.1402E+01  0.1402E+01  0.1402E+01  0.1402E+01  0.1403E+01  0.1404E+01  0.1408E+01  0.1417E+01  0.1435E+01  0.1474E+01
      9.3496       90.0000  0.1569E+01  0.1559E+01  0.1553E+01  0.1552E+01  0.1552E+01  0.1553E+01  0.1553E+01  0.1558E+01  0.1564E+01  0.1568E+01  0.1568E+01  0.1569E+01  0.1570E+01  0.1572E+01  0.1574E+01  0.1575E+01  0.1576E+01  0.1577E+01  0.1577E+01  0.1577E+01  0.1577E+01  0.1579E+01  0.1583E+01  0.1592E+01  0.1610E+01  0.1649E+01
      9.4851      100.0000  0.1744E+01  0.1733E+01  0.1728E+01  0.1727E+01  0.1727E+01  0.1727E+01  0.1728E+01  0.1732E+01  0.1738E+01  0.1743E+01  0.1743E+01  0.1744E+01  0.1745E+01  0.1747E+01  0.1748E+01  0.1750E+01  0.1751E+01  0.1751E+01  0.1751E+01  0.1751E+01  0.1752E+01  0.1753E+01  0.1757E+01  0.1766E+01  0.1784E+01  0.1823E+01
      9.6206      110.0000  0.1918E+01  0.1908E+01  0.1902E+01  0.1901E+01  0.1901E+01  0.1902E+01  0.1902E+01  0.1907E+01  0.1913E+01  0.1918E+01  0.1917E+01  0.1918E+01  0.1920E+01  0.1921E+01  0.1923E+01  0.1924E+01  0.1925E+01  0.1926E+01  0.1926E+01  0.1926E+01  0.1926E+01  0.1928E+01  0.1932E+01  0.1941E+01  0.1959E+01  0.1998E+01
      9.7561      120.0000  0.2093E+01  0.2083E+01  0.2077E+01  0.2076E+01  0.2076E+01  0.2076E+01  0.2077E+01  0.2081E+01  0.2088E+01  0.2092E+01  0.2092E+01  0.2093E+01  0.2094E+01  0.2096E+01  0.2097E+01  0.2099E+01  0.2100E+01  0.2100E+01  0.2100E+01  0.2100E+01  0.2101E+01  0.2102E+01  0.2106E+01  0.2115E+01  0.2133E+01  0.2172E+01
      9.8916      130.0000  0.2267E+01  0.2257E+01  0.2252E+01  0.2250E+01  0.2250E+01  0.2251E+01  0.2251E+01  0.2256E+01  0.2262E+01  0.2267E+01  0.2266E+01  0.2267E+01  0.2269E+01  0.2270E+01  0.2272E+01  0.2273E+01  0.2274E+01  0.2275E+01  0.2275E+01  0.2275E+01  0.2275E+01  0.2277E+01  0.2281E+01  0.2290E+01  0.2308E+01  0.2347E+01
     10.0271      140.0000  0.2442E+01  0.2432E+01  0.2426E+01  0.2425E+01  0.2425E+01  0.2425E+01  0.2426E+01  0.2430E+01  0.2437E+01  0.2441E+01  0.2441E+01  0.2442E+01  0.2443E+01  0.2445E+01  0.2446E+01  0.2448E+01  0.2449E+01  0.2449E+01  0.2449E+01  0.2449E+01  0.2450E+01  0.2451E+01  0.2455E+01  0.2464E+01  0.2482E+01  0.2521E+01
     10.1626      150.0000  0.2616E+01  0.2606E+01  0.2601E+01  0.2599E+01  0.2600E+01  0.2600E+01  0.2600E+01  0.2605E+01  0.2611E+01  0.2616E+01  0.2615E+01  0.2616E+01  0.2618E+01  0.2619E+01  0.2621E+01  0.2622E+01  0.2623E+01  0.2624E+01  0.2624E+01  0.2624E+01  0.2624E+01  0.2626E+01  0.2630E+01  0.2639E+01  0.2657E+01  0.2696E+01
     10.2981      160.0000  0.2791E+01  0.2781E+01  0.2775E+01  0.2774E+01  0.2774E+01  0.2774E+01  0.2775E+01  0.2779E+01  0.2786E+01  0.2790E+01  0.2790E+01  0.2791E+01  0.2792E+01  0.2794E+01  0.2795E+01  0.2797E+01  0.2798E+01  0.2798E+01  0.2798E+01  0.2798E+01  0.2799E+01  0.2800E+01  0.2804E+01  0.2813E+01  0.2831E+01  0.2870E+01
     10.4336      170.0000  0.2966E+01  0.2955E+01  0.2950E+01  0.2949E+01  0.2949E+01  0.2949E+01  0.2949E+01  0.2954E+01  0.2960E+01  0.2965E+01  0.2964E+01  0.2965E+01  0.2967E+01  0.2968E+01  0.2970E+01  0.2971E+01  0.2972E+01  0.2973E+01  0.2973E+01  0.2973E+01  0.2973E+01  0.2975E+01  0.2979E+01  0.2988E+01  0.3006E+01  0.3045E+01
     10.5691      180.0000  0.3140E+01  0.3130E+01  0.3124E+01  0.3123E+01  0.3123E+01  0.3123E+01  0.3124E+01  0.3129E+01  0.3135E+01  0.3139E+01  0.3139E+01  0.3140E+01  0.3141E+01  0.3143E+01  0.3144E+01  0.3146E+01  0.3147E+01  0.3147E+01  0.3147E+01  0.3147E+01  0.3148E+01  0.3149E+01  0.3153E+01  0.3162E+01  0.3180E+01  0.3219E+01
     10.7046      190.0000 -0.2969E+01 -0.2979E+01 -0.2984E+01 -0.2986E+01 -0.2985E+01 -0.2985E+01 -0.2985E+01 -0.2980E+01 -0.2974E+01 -0.2969E+01 -0.2970E+01 -0.2969E+01 -0.2967E+01 -0.2966E+01 -0.2964E+01 -0.2963E+01 -0.2962E+01 -0.2961E+01 -0.2961E+01 -0.2961E+01 -0.2961E+01 -0.2959E+01 -0.2955E+01 -0.2946E+01 -0.2928E+01 -0.2889E+01
     10.8401      200.0000 -0.2794E+01 -0.2804E+01 -0.2810E+01 -0.2811E+01 -0.2811E+01 -0.2811E+01 -0.2810E+01 -0.2806E+01 -0.2799E+01 -0.2795E+01 -0.2795E+01 -0.2794E+01 -0.2793E+01 -0.2791E+01 -0.2790E+01 -0.2788E+01 -0.2787E+01 -0.2787E+01 -0.2787E+01 -0.2787E+01 -0.2786E+01 -0.2785E+01 -0.2781E+01 -0.2772E+01 -0.2754E+01 -0.2715E+01
     10.9756      210.0000 -0.2620E+01 -0.2630E+01 -0.2635E+01 -0.2637E+01 -0.2636E+01 -0.2636E+01 -0.2636E+01 -0.2631E+01 -0.2625E+01 -0.2620E+01 -0.2621E+01 -0.2620E+01 -0.2618E+01 -0.2617E+01 -0.2615E+01 -0.2614E+01 -0.2613E+01 -0.2612E+01 -0.2612E+01 -0.2612E+01 -0.2612E+01 -0.2610E+01 -0.2606E+01 -0.2597E+01 -0.2579E+01 -0.2540E+01
     11.1111      220.0000 -0.2445E+01 -0.2455E+01 -0.2461E+01 -0.2462E+01 -0.2462E+01 -0.2462E+01 -0.2461E+01 -0.2457E+01 -0.2450E+01 -0.2446E+01 -0.2446E+01 -0.2445E+01 -0.2444E+01 -0.2442E+01 -0.2441E+01 -0.2439E+01 -0.2438E+01 -0.2438E+01 -0.2438E+01 -0.2438E+01 -0.2437E+01 -0.2436E+01 -0.2432E+01 -0.2423E+01 -0.2405E+01 -0.2366E+01
     11.2466      230.0000 -0.2270E+01 -0.2281E+01 -0.2286E+01 -0.2287E+01 -0.2287E+01 -0.2287E+01 -0.2287E+01 -0.2282E+01 -0.2276E+01 -0.2271E+01 -0.2272E+01 -0.2271E+01 -0.2269E+01 -0.2268E+01 -0.2266E+01 -0.2265E+01 -0.2264E+01 -0.2263E+01 -0.2263E+01 -0.2263E+01 -0.2263E+01 -0.2261E+01 -0.2257E+01 -0.2248E+01 -0.2230E+01 -0.2191E+01
     11.3821      240.0000 -0.2096E+01 -0.2106E+01 -0.2112E+01 -0.2113E+01 -0.2113E+01 -0.2113E+01 -0.2112E+01 -0.2107E+01 -0.2101E+01 -0.2097E+01 -0.2097E+01 -0.2096E+01 -0.2095E+01 -0.2093E+01 -0.2092E+01 -0.2090E+01 -0.2089E+01 -0.2089E+01 -0.2089E+01 -0.2089E+01 -0.2088E+01 -0.2087E+01 -0.2083E+01 -0.2074E+01 -0.2056E+01 -0.2017E+01
     11.5176      250.0000 -0.1921E+01 -0.1932E+01 -0.1937E+01 -0.1938E+01 -0.1938E+01 -0.1938E+01 -0.1938E+01 -0.1933E+01 -0.1927E+01 -0.1922E+01 -0.1923E+01 -0.1922E+01 -0.1920E+01 -0.1919E+01 -0.1917E+01 -0.1916E+01 -0.1915E+01 -0.1914E+01 -0.1914E+01 -0.1914E+01 -0.1914E+01 -0.1912E+01 -0.1908E+01 -0.1899E+01 -0.1881E+01 -0.1842E+01
     11.6531      260.0000 -0.1747E+01 -0.1757E+01 -0.1763E+01 -0.1764E+01 -0.1764E+01 -0.1764E+01 -0.1763E+01 -0.1758E+01 -0.1752E+01 -0.1748E+01 -0.1748E+01 -0.1747E+01 -0.1746E+01 -0.1744E+01 -0.1742E+01 -0.1741E+01 -0.1740E+01 -0.1740E+01 -0.1739E+01 -0.1739E+01 -0.1739E+01 -0.1738E+01 -0.1734E+01 -0.1724E+01 -0.1707E+01 -0.1668E+01
     11.7886      270.0000 -0.1572E+01 -0.1583E+01 -0.1588E+01 -0.1589E+01 -0.1589E+01 -0.1589E+01 -0.1589E+01 -0.1584E+01 -0.1578E+01 -0.1573E+01 -0.1573E+01 -0.1573E+01 -0.1571E+01 -0.1570E+01 -0.1568E+01 -0.1567E+01 -0.1566E+01 -0.1565E+01 -0.1565E+01 -0.1565E+01 -0.1564E+01 -0.1563E+01 -0.1559E+01 -0.1550E+01 -0.1532E+01 -0.1493E+01
     11.9241      280.0000 -0.1398E+01 -0.1408E+01 -0.1414E+01 -0.1415E+01 -0.1415E+01 -0.1415E+01 -0.1414E+01 -0.1409E+01 -0.1403E+01 -0.1399E+01 -0.1399E+01 -0.1398E+01 -0.1397E+01 -0.1395E+01 -0.1393E+01 -0.1392E+01 -0.1391E+01 -0.1391E+01 -0.1390E+01 -0.1390E+01 -0.1390E+01 -0.1389E+01 -0.1385E+01 -0.1375E+01 -0.1357E+01 -0.1319E+01
     12.0596      290.0000 -0.1223E+01 -0.1234E+01 -0.1239E+01 -0.1240E+01 -0.1240E+01 -0.1240E+01 -0.1239E+01 -0.1235E+01 -0.1229E+01 -0.1224E+01 -0.1224E+01 -0.1224E+01 -0.1222E+01 -0.1220E+01 -0.1219E+01 -0.1217E+01 -0.1216E+01 -0.1216E+01 -0.1216E+01 -0.1216E+01 -0.1215E+01 -0.1214E+01 -0.1210E+01 -0.1201E+01 -0.1183E+01 -0.1144E+01
     12.1951      300.0000 -0.1049E+01 -0.1059E+01 -0.1065E+01 -0.1066E+01 -0.1066E+01 -0.1065E+01 -0.1065E+01 -0.1060E+01 -0.1054E+01 -0.1050E+01 -0.1050E+01 -0.1049E+01 -0.1048E+01 -0.1046E+01 -0.1044E+01 -0.1043E+01 -0.1042E+01 -0.1041E+01 -0.1041E+01 -0.1041E+01 -0.1041E+01 -0.1039E+01 -0.1035E+01 -0.1026E+01 -0.1008E+01 -0.9694E+00
     12.3306      310.0000 -0.8742E+00 -0.8846E+00 -0.8901E+00 -0.8912E+00 -0.8911E+00 -0.8909E+00 -0.8904E+00 -0.8858E+00 -0.8795E+00 -0.8750E+00 -0.8753E+00 -0.8745E+00 -0.8730E+00 -0.8714E+00 -0.8698E+00 -0.8684E+00 -0.8674E+00 -0.8669E+00 -0.8668E+00 -0.8668E+00 -0.8664E+00 -0.8649E+00 -0.8610E+00 -0.8518E+00 -0.8339E+00 -0.7949E+00
     12.4661      320.0000 -0.6996E+00 -0.7100E+00 -0.7155E+00 -0.7167E+00 -0.7166E+00 -0.7164E+00 -0.7159E+00 -0.7112E+00 -0.7050E+00 -0.7004E+00 -0.7008E+00 -0.6999E+00 -0.6985E+00 -0.6968E+00 -0.6953E+00 -0.6939E+00 -0.6929E+00 -0.6924E+00 -0.6923E+00 -0.6922E+00 -0.6918E+00 -0.6904E+00 -0.6864E+00 -0.6773E+00 -0.6593E+00 -0.6204E+00
     12.6016      330.0000 -0.5251E+00 -0.5355E+00 -0.5410E+00 -0.5421E+00 -0.5420E+00 -0.5419E+00 -0.5414E+00 -0.5367E+00 -0.5305E+00 -0.5259E+00 -0.5262E+00 -0.5254E+00 -0.5239E+00 -0.5223E+00 -0.5207E+00 -0.5193E+00 -0.5184E+00 -0.5179E+00 -0.5177E+00 -0.5177E+00 -0.5173E+00 -0.5159E+00 -0.5119E+00 -0.5028E+00 -0.4848E+00 -0.4458E+00
     12.7371      340.0000 -0.3506E+00 -0.3610E+00 -0.3665E+00 -0.3676E+00 -0.3675E+00 -0.3673E+00 -0.3668E+00 -0.3622E+00 -0.3559E+00 -0.3514E+00 -0.3517E+00 -0.3509E+00 -0.3494E+00 -0.3478E+00 -0.3462E+00 -0.3448E+00 -0.3438E+00 -0.3433E+00 -0.3432E+00 -0.3432E+00 -0.3428E+00 -0.3413E+00 -0.3374E+00 -0.3282E+00 -0.3103E+00 -0.2713E+00
     12.8726      350.0000 -0.1761E+00 -0.1864E+00 -0.1919E+00 -0.1931E+00 -0.1930E+00 -0.1928E+00 -0.1923E+00 -0.1876E+00 -0.1814E+00 -0.1768E+00 -0.1772E+00 -0.1763E+00 -0.1749E+00 -0.1732E+00 -0.1717E+00 -0.1703E+00 -0.1693E+00 -0.1688E+00 -0.1687E+00 -0.1686E+00 -0.1682E+00 -0.1668E+00 -0.1628E+00 -0.1537E+00 -0.1357E+00 -0.9677E-01
     13.0081      360.0000 -0.1517E-02 -0.1189E-01 -0.1740E-01 -0.1853E-01 -0.1843E-01 -0.1828E-01 -0.1776E-01 -0.1309E-01 -0.6854E-02 -0.2307E-02 -0.2643E-02 -0.1812E-02 -0.3296E-03  0.1287E-02  0.2869E-02  0.4278E-02  0.5237E-02  0.5740E-02  0.5879E-02  0.5891E-02  0.6302E-02  0.7736E-02  0.1171E-01  0.2084E-01  0.3880E-01  0.7776E-01
     13.1436       10.0000  0.1730E+00  0.1626E+00  0.1571E+00  0.1560E+00  0.1561E+00  0.1563E+00  0.1568E+00  0.1614E+00  0.1677E+00  0.1722E+00  0.1719E+00  0.1727E+00  0.1742E+00  0.1758E+00  0.1774E+00  0.1788E+00  0.1798E+00  0.1803E+00  0.1804E+00  0.1804E+00  0.1808E+00  0.1823E+00  0.1862E+00  0.1954E+00  0.2133E+00  0.2523E+00
     13.2791       20.0000  0.3475E+00  0.3372E+00  0.3317E+00  0.3305E+00  0.3306E+00  0.3308E+00  0.3313E+00  0.3360E+00  0.3422E+00  0.3468E+00  0.3464E+00  0.3473E+00  0.3487E+00  0.3504E+00  0.3519E+00  0.3533E+00  0.3543E+00  0.3548E+00  0.3549E+00  0.3550E+00  0.3554E+00  0.3568E+00  0.3608E+00  0.3699E+00  0.3879E+00  0.4268E+00
     13.4146       30.0000  0.5221E+00  0.5117E+00  0.5062E+00  0.5051E+00  0.5052E+00  0.5053E+00  0.5058E+00  0.5105E+00  0.5167E+00  0.5213E+00  0.5210E+00  0.5218E+00  0.5233E+00  0.5249E+00  0.5265E+00  0.5279E+00  0.5288E+00  0.5293E+00  0.5295E+00  0.5295E+00  0.5299E+00  0.5313E+00  0.5353E+00  0.5444E+00  0.5624E+00  0.6014E+00
     13.5501       40.0000  0.6966E+00  0.6862E+00  0.6807E+00  0.6796E+00  0.6797E+00  0.6799E+00  0.6804E+00  0.6850E+00  0.6913E+00  0.6958E+00  0.6955E+00  0.6963E+00  0.6978E+00  0.6994E+00  0.7010E+00  0.7024E+00  0.7034E+00  0.7039E+00  0.7040E+00  0.7040E+00  0.7044E+00  0.7059E+00  0.7098E+00  0.7190E+00  0.7369E+00  0.7759E+00
     13.6856       50.0000  0.8711E+00  0.8608E+00  0.8553E+00  0.8541E+00  0.8542E+00  0.8544E+00  0.8549E+00  0.8596E+00  0.8658E+00  0.8704E+00  0.8700E+00  0.8709E+00  0.8723E+00  0.8740E+00  0.8755E+00  0.8769E+00  0.8779E+00  0.8784E+00  0.8785E+00  0.8786E+00  0.8790E+00  0.8804E+00  0.8844E+00  0.8935E+00  0.9115E+00  0.9504E+00
     13.8211       60.0000  0.1046E+01  0.1035E+01  0.1030E+01  0.1029E+01  0.1029E+01  0.1029E+01  0.1029E+01  0.1034E+01  0.1040E+01  0.1045E+01  0.1045E+01  0.1045E+01  0.1047E+01  0.1048E+01  0.1050E+01  0.1051E+01  0.1052E+01  0.1053E+01  0.1053E+01  0.1053E+01  0.1053E+01  0.1055E+01  0.1059E+01  0.1068E+01  0.1086E+01  0.1125E+01
     13.9566       70.0000  0.1220E+01  0.1210E+01  0.1204E+01  0.1203E+01  0.1203E+01  0.1203E+01  0.1204E+01  0.1209E+01  0.1215E+01  0.1219E+01  0.1219E+01  0.1220E+01  0.1221E+01  0.1223E+01  0.1225E+01  0.1226E+01  0.1227E+01  0.1227E+01  0.1228E+01  0.1228E+01  0.1228E+01  0.1229E+01  0.1233E+01  0.1243E+01  0.1261E+01  0.1299E+01
     14.0921       80.0000  0.1395E+01  0.1384E+01  0.1379E+01  0.1378E+01  0.1378E+01  0.1378E+01  0.1379E+01  0.1383E+01  0.1389E+01  0.1394E+01  0.1394E+01  0.1394E+01  0.1396E+01  0.1398E+01  0.1399E+01  0.1401E+01  0.1402E+01  0.1402E+01  0.1402E+01  0.1402E+01  0.1403E+01  0.1404E+01  0.1408E+01  0.1417E+01  0.1435E+01  0.1474E+01
     14.2276       90.0000  0.1569E+01  0.1559E+01  0.1553E+01  0.1552E+01  0.1552E+01  0.1553E+01  0.1553E+01  0.1558E+01  0.1564E+01  0.1568E+01  0.1568E+01  0.1569E+01  0.1570E+01  0.1572E+01  0.1574E+01  0.1575E+01  0.1576E+01  0.1577E+01  0.1577E+01  0.1577E+01  0.1577E+01  0.1579E+01  0.1583E+01  0.1592E+01  0.1610E+01  0.1649E+01
     14.3631      100.0000  0.1744E+01  0.1733E+01  0.1728E+01  0.1727E+01  0.1727E+01  0.1727E+01  0.1728E+01  0.1732E+01  0.1738E+01  0.1743E+01  0.1743E+01  0.1744E+01  0.1745E+01  0.1747E+01  0.1748E+01  0.1750E+01  0.1751E+01  0.1751E+01  0.1751E+01  0.1751E+01  0.1752E+01  0.1753E+01  0.1757E+01  0.1766E+01  0.1784E+01  0.1823E+01
     14.4986      110.0000  0.1918E+01  0.1908E+01  0.1902E+01  0.1901E+01  0.1901E+01  0.1902E+01  0.1902E+01  0.1907E+01  0.1913E+01  0.1918E+01  0.1917E+01  0.1918E+01  0.1920E+01  0.1921E+01  0.1923E+01  0.1924E+01  0.1925E+01  0.1926E+01  0.1926E+01  0.1926E+01  0.1926E+01  0.1928E+01  0.1932E+01  0.1941E+01  0.1959E+01  0.1998E+01
     14.6341      120.0000  0.2093E+01  0.2083E+01  0.2077E+01  0.2076E+01  0.2076E+01  0.2076E+01  0.2077E+01  0.2081E+01  0.2088E+01  0.2092E+01  0.2092E+01  0.2093E+01  0.2094E+01  0.2096E+01  0.2097E+01  0.2099E+01  0.2100E+01  0.2100E+01  0.2100E+01  0.2100E+01  0.2101E+01  0.2102E+01  0.2106E+01  0.2115E+01  0.2133E+01  0.2172E+01
     14.7696      130.0000  0.2267E+01  0.2257E+01  0.2252E+01  0.2250E+01  0.2250E+01  0.2251E+01  0.2251E+01  0.2256E+01  0.2262E+01  0.2267E+01  0.2266E+01  0.2267E+01  0.2269E+01  0.2270E+01  0.2272E+01  0.2273E+01  0.2274E+01  0.2275E+01  0.2275E+01  0.2275E+01  0.2275E+01  0.2277E+01  0.2281E+01  0.2290E+01  0.2308E+01  0.2347E+01
     14.9051      140.0000  0.2442E+01  0.2432E+01  0.2426E+01  0.2425E+01  0.2425E+01  0.2425E+01  0.2426E+01  0.2430E+01  0.2437E+01  0.2441E+01  0.2441E+01  0.2442E+01  0.2443E+01  0.2445E+01  0.2446E+01  0.2448E+01  0.2449E+01  0.2449E+01  0.2449E+01  0.2449E+01  0.2450E+01  0.2451E+01  0.2455E+01  0.2464E+01  0.2482E+01  0.2521E+01
     15.0407      150.0000  0.2616E+01  0.2606E+01  0.2601E+01  0.2599E+01  0.2600E+01  0.2600E+01  0.2600E+01  0.2605E+01  0.2611E+01  0.2616E+01  0.2615E+01  0.2616E+01  0.2618E+01  0.2619E+01  0.2621E+01  0.2622E+01  0.2623E+01  0.2624E+01  0.2624E+01  0.2624E+01  0.2624E+01  0.2626E+01  0.2630E+01  0.2639E+01  0.2657E+01  0.2696E+01
     15.1762      160.0000  0.2791E+01  0.2781E+01  0.2775E+01  0.2774E+01  0.2774E+01  0.2774E+01  0.2775E+01  0.2779E+01  0.2786E+01  0.2790E+01  0.2790E+01  0.2791E+01  0.2792E+01  0.2794E+01  0.2795E+01  0.2797E+01  0.2798E+01  0.2798E+01  0.2798E+01  0.2798E+01  0.2799E+01  0.2800E+01  0.2804E+01  0.2813E+01  0.2831E+01  0.2870E+01
     15.3117      170.0000  0.2966E+01  0.2955E+01  0.2950E+01  0.2949E+01  0.2949E+01  0.2949E+01  0.2949E+01  0.2954E+01  0.2960E+01  0.2965E+01  0.2964E+01  0.2965E+01  0.2967E+01  0.2968E+01  0.2970E+01  0.2971E+01  0.2972E+01  0.2973E+01  0.2973E+01  0.2973E+01  0.2973E+01  0.2975E+01  0.2979E+01  0.2988E+01  0.3006E+01  0.3045E+01
     15.4472      180.0000  0.3140E+01  0.3130E+01  0.3124E+01  0.3123E+01  0.3123E+01  0.3123E+01  0.3124E+01  0.3129E+01  0.3135E+01  0.3139E+01  0.3139E+01  0.3140E+01  0.3141E+01  0.3143E+01  0.3144E+01  0.3146E+01  0.3147E+01  0.3147E+01  0.3147E+01  0.3147E+01  0.3148E+01  0.3149E+01  0.3153E+01  0.3162E+01  0.3180E+01  0.3219E+01
     15.5827      190.0000 -0.2969E+01 -0.2979E+01 -0.2984E+01 -0.2986E+01 -0.2985E+01 -0.2985E+01 -0.2985E+01 -0.2980E+01 -0.2974E+01 -0.2969E+01 -0.2970E+01 -0.2969E+01 -0.2967E+01 -0.2966E+01 -0.2964E+01 -0.2963E+01 -0.2962E+01 -0.2961E+01 -0.2961E+01 -0.2961E+01 -0.2961E+01 -0.2959E+01 -0.2955E+01 -0.2946E+01 -0.2928E+01 -0.2889E+01
     15.7182      200.0000 -0.2794E+01 -0.2804E+01 -0.2810E+01 -0.2811E+01 -0.2811E+01 -0.2811E+01 -0.2810E+01 -0.2806E+01 -0.2799E+01 -0.2795E+01 -0.2795E+01 -0.2794E+01 -0.2793E+01 -0.2791E+01 -0.2790E+01 -0.2788E+01 -0.2787E+01 -0.2787E+01 -0.2787E+01 -0.2787E+01 -0.2786E+01 -0.2785E+01 -0.2781E+01 -0.2772E+01 -0.2754E+01 -0.2715E+01
     15.8537      210.0000 -0.2620E+01 -0.2630E+01 -0.2635E+01 -0.2637E+01 -0.2636E+01 -0.2636E+01 -0.2636E+01 -0.2631E+01 -0.2625E+01 -0.2620E+01 -0.2621E+01 -0.2620E+01 -0.2618E+01 -0.2617E+01 -0.2615E+01 -0.2614E+01 -0.2613E+01 -0.2612E+01 -0.2612E+01 -0.2612E+01 -0.2612E+01 -0.2610E+01 -0.2606E+01 -0.2597E+01 -0.2579E+01 -0.2540E+01
     15.9892      220.0000 -0.2445E+01 -0.2455E+01 -0.2461E+01 -0.2462E+01 -0.2462E+01 -0.2462E+01 -0.2461E+01 -0.2457E+01 -0.2450E+01 -0.2446E+01 -0.2446E+01 -0.2445E+01 -0.2444E+01 -0.2442E+01 -0.2441E+01 -0.2439E+01 -0.2438E+01 -0.2438E+01 -0.2438E+01 -0.2438E+01 -0.2437E+01 -0.2436E+01 -0.2432E+01 -0.2423E+01 -0.2405E+01 -0.2366E+01
     16.1247      230.0000 -0.2270E+01 -0.2281E+01 -0.2286E+01 -0.2287E+01 -0.2287E+01 -0.2287E+01 -0.2287E+01 -0.2282E+01 -0.2276E+01 -0.2271E+01 -0.2272E+01 -0.2271E+01 -0.2269E+01 -0.2268E+01 -0.2266E+01 -0.2265E+01 -0.2264E+01 -0.2263E+01 -0.2263E+01 -0.2263E+01 -0.2263E+01 -0.2261E+01 -0.2257E+01 -0.2248E+01 -0.2230E+01 -0.2191E+01
     16.2602      240.0000 -0.2096E+01 -0.2106E+01 -0.2112E+01 -0.2113E+01 -0.2113E+01 -0.2113E+01 -0.2112E+01 -0.2107E+01 -0.2101E+01 -0.2097E+01 -0.2097E+01 -0.2096E+01 -0.2095E+01 -0.2093E+01 -0.2092E+01 -0.2090E+01 -0.2089E+01 -0.2089E+01 -0.2089E+01 -0.2089E+01 -0.2088E+01 -0.2087E+01 -0.2083E+01 -0.2074E+01 -0.2056E+01 -0.2017E+01
     16.3957      250.0000 -0.1921E+01 -0.1932E+01 -0.1937E+01 -0.1938E+01 -0.1938E+01 -0.1938E+01 -0.1938E+01 -0.1933E+01 -0.1927E+01 -0.1922E+01 -0.1923E+01 -0.1922E+01 -0.1920E+01 -0.1919E+01 -0.1917E+01 -0.1916E+01 -0.1915E+01 -0.1914E+01 -0.1914E+01 -0.1914E+01 -0.1914E+01 -0.1912E+01 -0.1908E+01 -0.1899E+01 -0.1881E+01 -0.1842E+01
     16.5312      260.0000 -0.1747E+01 -0.1757E+01 -0.1763E+01 -0.1764E+01 -0.1764E+01 -0.1764E+01 -0.1763E+01 -0.1758E+01 -0.1752E+01 -0.1748E+01 -0.1748E+01 -0.1747E+01 -0.1746E+01 -0.1744E+01 -0.1742E+01 -0.1741E+01 -0.1740E+01 -0.1740E+01 -0.1739E+01 -0.1739E+01 -0.1739E+01 -0.1738E+01 -0.1734E+01 -0.1724E+01 -0.1707E+01 -0.1668E+01
     16.6667      270.0000 -0.1572E+01 -0.1583E+01 -0.1588E+01 -0.1589E+01 -0.1589E+01 -0.1589E+01 -0.1589E+01 -0.1584E+01 -0.1578E+01 -0.1573E+01 -0.1573E+01 -0.1573E+01 -0.1571E+01 -0.1570E+01 -0.1568E+01 -0.1567E+01 -0.1566E+01 -0.1565E+01 -0.1565E+01 -0.1565E+01 -0.1564E+01 -0.1563E+01 -0.1559E+01 -0.1550E+01 -0.1532E+01 -0.1493E+01
     16.8022      280.0000 -0.1398E+01 -0.1408E+01 -0.1414E+01 -0.1415E+01 -0.1415E+01 -0.1415E+01 -0.1414E+01 -0.1409E+01 -0.1403E+01 -0.1399E+01 -0.1399E+01 -0.1398E+01 -0.1397E+01 -0.1395E+01 -0.1393E+01 -0.1392E+01 -0.1391E+01 -0.1391E+01 -0.1390E+01 -0.1390E+01 -0.1390E+01 -0.1389E+01 -0.1385E+01 -0.1375E+01 -0.1357E+01 -0.1319E+01
     16.9377      290.0000 -0.1223E+01 -0.1234E+01 -0.1239E+01 -0.1240E+01 -0.1240E+01 -0.1240E+01 -0.1239E+01 -0.1235E+01 -0.1229E+01 -0.1224E+01 -0.1224E+01 -0.1224E+01 -0.1222E+01 -0.1220E+01 -0.1219E+01 -0.1217E+01 -0.1216E+01 -0.1216E+01 -0.1216E+01 -0.1216E+01 -0.1215E+01 -0.1214E+01 -0.1210E+01 -0.1201E+01 -0.1183E+01 -0.1144E+01
     17.0732      300.0000 -0.1049E+01 -0.1059E+01 -0.1065E+01 -0.1066E+01 -0.1066E+01 -0.1065E+01 -0.1065E+01 -0.1060E+01 -0.1054E+01 -0.1050E+01 -0.1050E+01 -0.1049E+01 -0.1048E+01 -0.1046E+01 -0.1044E+01 -0.1043E+01 -0.1042E+01 -0.1041E+01 -0.1041E+01 -0.1041E+01 -0.1041E+01 -0.1039E+01 -0.1035E+01 -0.1026E+01 -0.1008E+01 -0.9694E+00
     17.2087      310.0000 -0.8742E+00 -0.8846E+00 -0.8901E+00 -0.8912E+00 -0.8911E+00 -0.8909E+00 -0.8904E+00 -0.8858E+00 -0.8795E+00 -0.8750E+00 -0.8753E+00 -0.8745E+00 -0.8730E+00 -0.8714E+00 -0.8698E+00 -0.8684E+00 -0.8674E+00 -0.8669E+00 -0.8668E+00 -0.8668E+00 -0.8664E+00 -0.8649E+00 -0.8610E+00 -0.8518E+00 -0.8339E+00 -0.7949E+00
     17.3442      320.0000 -0.6996E+00 -0.7100E+00 -0.7155E+00 -0.7167E+00 -0.7166E+00 -0.7164E+00 -0.7159E+00 -0.7112E+00 -0.7050E+00 -0.7004E+00 -0.7008E+00 -0.6999E+00 -0.6985E+00 -0.6968E+00 -0.6953E+00 -0.6939E+00 -0.6929E+00 -0.6924E+00 -0.6923E+00 -0.6922E+00 -0.6918E+00 -0.6904E+00 -0.6864E+00 -0.6773E+00 -0.6593E+00 -0.6204E+00
     17.4797      330.0000 -0.5251E+00 -0.5355E+00 -0.5410E+00 -0.5421E+00 -0.5420E+00 -0.5419E+00 -0.5414E+00 -0.5367E+00 -0.5305E+00 -0.5259E+00 -0.5262E+00 -0.5254E+00 -0.5239E+00 -0.5223E+00 -0.5207E+00 -0.5193E+00 -0.5184E+00 -0.5179E+00 -0.5177E+00 -0.5177E+00 -0.5173E+00 -0.5159E+00 -0.5119E+00 -0.5028E+00 -0.4848E+00 -0.4458E+00
     17.6152      340.0000 -0.3506E+00 -0.3610E+00 -0.3665E+00 -0.3676E+00 -0.3675E+00 -0.3673E+00 -0.3668E+00 -0.3622E+00 -0.3559E+00 -0.3514E+00 -0.3517E+00 -0.3509E+00 -0.3494E+00 -0.3478E+00 -0.3462E+00 -0.3448E+00 -0.3438E+00 -0.3433E+00 -0.3432E+00 -0.3432E+00 -0.3428E+00 -0.3413E+00 -0.3374E+00 -0.3282E+00 -0.3103E+00 -0.2713E+00
     17.7507      350.0000 -0.1761E+00 -0.1864E+00 -0.1919E+00 -0.1931E+00 -0.1930E+00 -0.1928E+00 -0.1923E+00 -0.1876E+00 -0.1814E+00 -0.1768E+00 -0.1772E+00 -0.1763E+00 -0.1749E+00 -0.1732E+00 -0.1717E+00 -0.1703E+00 -0.1693E+00 -0.1688E+00 -0.1687E+00 -0.1686E+00 -0.1682E+00 -0.1668E+00 -0.1628E+00 -0.1537E+00 -0.1357E+00 -0.9677E-01
     17.8862      360.0000 -0.1517E-02 -0.1189E-01 -0.1740E-01 -0.1853E-01 -0.1843E-01 -0.1828E-01 -0.1776E-01 -0.1309E-01 -0.6854E-02 -0.2307E-02 -0.2643E-02 -0.1812E-02 -0.3296E-03  0.1287E-02  0.2869E-02  0.4278E-02  0.5237E-02  0.5740E-02  0.5879E-02  0.5891E-02  0.6302E-02  0.7736E-02  0.1171E-01  0.2084E-01  0.3880E-01  0.7776E-01
     18.0217       10.0000  0.1730E+00  0.1626E+00  0.1571E+00  0.1560E+00  0.1561E+00  0.1563E+00  0.1568E+00  0.1614E+00  0.1677E+00  0.1722E+00  0.1719E+00  0.1727E+00  0.1742E+00  0.1758E+00  0.1774E+00  0.1788E+00  0.1798E+00  0.1803E+00  0.1804E+00  0.1804E+00  0.1808E+00  0.1823E+00  0.1862E+00  0.1954E+00  0.2133E+00  0.2523E+00
     18.1572       20.0000  0.3475E+00  0.3372E+00  0.3317E+00  0.3305E+00  0.3306E+00  0.3308E+00  0.3313E+00  0.3360E+00  0.3422E+00  0.3468E+00  0.3464E+00  0.3473E+00  0.3487E+00  0.3504E+00  0.3519E+00  0.3533E+00  0.3543E+00  0.3548E+00  0.3549E+00  0.3550E+00  0.3554E+00  0.3568E+00  0.3608E+00  0.3699E+00  0.3879E+00  0.4268E+00
     18.2927       30.0000  0.5221E+00  0.5117E+00  0.5062E+00  0.5051E+00  0.5052E+00  0.5053E+00  0.5058E+00  0.5105E+00  0.5167E+00  0.5213E+00  0.5210E+00  0.5218E+00  0.5233E+00  0.5249E+00  0.5265E+00  0.5279E+00  0.5288E+00  0.5293E+00  0.5295E+00  0.5295E+00  0.5299E+00  0.5313E+00  0.5353E+00  0.5444E+00  0.5624E+00  0.6014E+00
     18.4282       40.0000  0.6966E+00  0.6862E+00  0.6807E+00  0.6796E+00  0.6797E+00  0.6799E+00  0.6804E+00  0.6850E+00  0.6913E+00  0.6958E+00  0.6955E+00  0.6963E+00  0.6978E+00  0.6994E+00  0.7010E+00  0.7024E+00  0.7034E+00  0.7039E+00  0.7040E+00  0.7040E+00  0.7044E+00  0.7059E+00  0.7098E+00  0.7190E+00  0.7369E+00  0.7759E+00
     18.5637       50.0000  0.8711E+00  0.8608E+00  0.8553E+00  0.8541E+00  0.8542E+00  0.8544E+00  0.8549E+00  0.8596E+00  0.8658E+00  0.8704E+00  0.8700E+00  0.8709E+00  0.8723E+00  0.8740E+00  0.8755E+00  0.8769E+00  0.8779E+00  0.8784E+00  0.8785E+00  0.8786E+00  0.8790E+00  0.8804E+00  0.8844E+00  0.8935E+00  0.9115E+00  0.9504E+00
     18.6992       60.0000  0.1046E+01  0.1035E+01  0.1030E+01  0.1029E+01  0.1029E+01  0.1029E+01  0.1029E+01  0.1034E+01  0.1040E+01  0.1045E+01  0.1045E+01  0.1045E+01  0.1047E+01  0.1048E+01  0.1050E+01  0.1051E+01  0.1052E+01  0.1053E+01  0.1053E+01  0.1053E+01  0.1053E+01  0.1055E+01  0.1059E+01  0.1068E+01  0.1086E+01  0.1125E+01
     18.8347       70.0000  0.1220E+01  0.1210E+01  0.1204E+01  0.1203E+01  0.1203E+01  0.1203E+01  0.1204E+01  0.1209E+01  0.1215E+01  0.1219E+01  0.1219E+01  0.1220E+01  0.1221E+01  0.1223E+01  0.1225E+01  0.1226E+01  0.1227E+01  0.1227E+01  0.1228E+01  0.1228E+01  0.1228E+01  0.1229E+01  0.1233E+01  0.1243E+01  0.1261E+01  0.1299E+01
     18.9702       80.0000  0.1395E+01  0.1384E+01  0.1379E+01  0.1378E+01  0.1378E+01  0.1378E+01  0.1379E+01  0.1383E+01  0.1389E+01  0.1394E+01  0.1394E+01  0.1394E+01  0.1396E+01  0.1398E+01  0.1399E+01  0.1401E+01  0.1402E+01  0.1402E+01  0.1402E+01  0.1402E+01  0.1403E+01  0.1404E+01  0.1408E+01  0.1417E+01  0.1435E+01  0.1474E+01
     19.1057       90.0000  0.1569E+01  0.1559E+01  0.1553E+01  0.1552E+01  0.1552E+01  0.1553E+01  0.1553E+01  0.1558E+01  0.1564E+01  0.1568E+01  0.1568E+01  0.1569E+01  0.1570E+01  0.1572E+01  0.1574E+01  0.1575E+01  0.1576E+01  0.1577E+01  0.1577E+01  0.1577E+01  0.1577E+01  0.1579E+01  0.1583E+01  0.1592E+01  0.1610E+01  0.1649E+01
     19.2412      100.0000  0.1744E+01  0.1733E+01  0.1728E+01  0.1727E+01  0.1727E+01  0.1727E+01  0.1728E+01  0.1732E+01  0.1738E+01  0.1743E+01  0.1743E+01  0.1744E+01  0.1745E+01  0.1747E+01  0.1748E+01  0.1750E+01  0.1751E+01  0.1751E+01  0.1751E+01  0.1751E+01  0.1752E+01  0.1753E+01  0.1757E+01  0.1766E+01  0.1784E+01  0.1823E+01
     19.3767      110.0000  0.1918E+01  0.1908E+01  0.1902E+01  0.1901E+01  0.1901E+01  0.1902E+01  0.1902E+01  0.1907E+01  0.1913E+01  0.1918E+01  0.1917E+01  0.1918E+01  0.1920E+01  0.1921E+01  0.1923E+01  0.1924E+01  0.1925E+01  0.1926E+01  0.1926E+01  0.1926E+01  0.1926E+01  0.1928E+01  0.1932E+01  0.1941E+01  0.1959E+01  0.1998E+01
     19.5122      120.0000  0.2093E+01  0.2083E+01  0.2077E+01  0.2076E+01  0.2076E+01  0.2076E+01  0.2077E+01  0.2081E+01  0.2088E+01  0.2092E+01  0.2092E+01  0.2093E+01  0.2094E+01  0.2096E+01  0.2097E+01  0.2099E+01  0.2100E+01  0.2100E+01  0.2100E+01  0.2100E+01  0.2101E+01  0.2102E+01  0.2106E+01  0.2115E+01  0.2133E+01  0.2172E+01
     19.6477      130.0000  0.2267E+01  0.2257E+01  0.2252E+01  0.2250E+01  0.2250E+01  0.2251E+01  0.2251E+01  0.2256E+01  0.2262E+01  0.2267E+01  0.2266E+01  0.2267E+01  0.2269E+01  0.2270E+01  0.2272E+01  0.2273E+01  0.2274E+01  0.2275E+01  0.2275E+01  0.2275E+01  0.2275E+01  0.2277E+01  0.2281E+01  0.2290E+01  0.2308E+01  0.2347E+01
     19.7832      140.0000  0.2442E+01  0.2432E+01  0.2426E+01  0.2425E+01  0.2425E+01  0.2425E+01  0.2426E+01  0.2430E+01  0.2437E+01  0.2441E+01  0.2441E+01  0.2442E+01  0.2443E+01  0.2445E+01  0.2446E+01  0.2448E+01  0.2449E+01  0.2449E+01  0.2449E+01  0.2449E+01  0.2450E+01  0.2451E+01  0.2455E+01  0.2464E+01  0.2482E+01  0.2521E+01
     19.9187      150.0000  0.2616E+01  0.2606E+01  0.2601E+01  0.2599E+01  0.2600E+01  0.2600E+01  0.2600E+01  0.2605E+01  0.2611E+01  0.2616E+01  0.2615E+01  0.2616E+01  0.2618E+01  0.2619E+01  0.2621E+01  0.2622E+01  0.2623E+01  0.2624E+01  0.2624E+01  0.2624E+01  0.2624E+01  0.2626E+01  0.2630E+01  0.2639E+01  0.2657E+01  0.2696E+01
     20.0542      160.0000  0.2791E+01  0.2781E+01  0.2775E+01  0.2774E+01  0.2774E+01  0.2774E+01  0.2775E+01  0.2779E+01  0.2786E+01  0.2790E+01  0.2790E+01  0.2791E+01  0.2792E+01  0.2794E+01  0.2795E+01  0.2797E+01  0.2798E+01  0.2798E+01  0.2798E+01  0.2798E+01  0.2799E+01  0.2800E+01  0.2804E+01  0.2813E+01  0.2831E+01  0.2870E+01
     20.1897      170.0000  0.2966E+01  0.2955E+01  0.2950E+01  0.2949E+01  0.2949E+01  0.2949E+01  0.2949E+01  0.2954E+01  0.2960E+01  0.2965E+01  0.2964E+01  0.2965E+01  0.2967E+01  0.2968E+01  0.2970E+01  0.2971E+01  0.2972E+01  0.2973E+01  0.2973E+01  0.2973E+01  0.2973E+01  0.2975E+01  0.2979E+01  0.2988E+01  0.3006E+01  0.3045E+01
     20.3252      180.0000  0.3140E+01  0.3130E+01  0.3124E+01  0.3123E+01  0.3123E+01  0.3123E+01  0.3124E+01  0.3129E+01  0.3135E+01  0.3139E+01  0.3139E+01  0.3140E+01  0.3141E+01  0.3143E+01  0.3144E+01  0.3146E+01  0.3147E+01  0.3147E+01  0.3147E+01  0.3147E+01  0.3148E+01  0.3149E+01  0.3153E+01  0.3162E+01  0.3180E+01  0.3219E+01
     20.4607      190.0000 -0.2969E+01 -0.2979E+01 -0.2984E+01 -0.2986E+01 -0.2985E+01 -0.2985E+01 -0.2985E+01 -0.2980E+01 -0.2974E+01 -0.2969E+01 -0.2970E+01 -0.2969E+01 -0.2967E+01 -0.2966E+01 -0.2964E+01 -0.2963E+01 -0.2962E+01 -0.2961E+01 -0.2961E+01 -0.2961E+01 -0.2961E+01 -0.2959E+01 -0.2955E+01 -0.2946E+01 -0.2928E+01 -0.2889E+01
     20.5962      200.0000 -0.2794E+01 -0.2804E+01 -0.2810E+01 -0.2811E+01 -0.2811E+01 -0.2811E+01 -0.2810E+01 -0.2806E+01 -0.2799E+01 -0.2795E+01 -0.2795E+01 -0.2794E+01 -0.2793E+01 -0.2791E+01 -0.2790E+01 -0.2788E+01 -0.2787E+01 -0.2787E+01 -0.2787E+01 -0.2787E+01 -0.2786E+01 -0.2785E+01 -0.2781E+01 -0.2772E+01 -0.2754E+01 -0.2715E+01
     20.7317      210.0000 -0.2620E+01 -0.2630E+01 -0.2635E+01 -0.2637E+01 -0.2636E+01 -0.2636E+01 -0.2636E+01 -0.2631E+01 -0.2625E+01 -0.2620E+01 -0.2621E+01 -0.2620E+01 -0.2618E+01 -0.2617E+01 -0.2615E+01 -0.2614E+01 -0.2613E+01 -0.2612E+01 -0.2612E+01 -0.2612E+01 -0.2612E+01 -0.2610E+01 -0.2606E+01 -0.2597E+01 -0.2579E+01 -0.2540E+01
     20.8672      220.0000 -0.2445E+01 -0.2455E+01 -0.2461E+01 -0.2462E+01 -0.2462E+01 -0.2462E+01 -0.2461E+01 -0.2457E+01 -0.2450E+01 -0.2446E+01 -0.2446E+01 -0.2445E+01 -0.2444E+01 -0.2442E+01 -0.2441E+01 -0.2439E+01 -0.2438E+01 -0.2438E+01 -0.2438E+01 -0.2438E+01 -0.2437E+01 -0.2436E+01 -0.2432E+01 -0.2423E+01 -0.2405E+01 -0.2366E+01
     21.0027      230.0000 -0.2270E+01 -0.2281E+01 -0.2286E+01 -0.2287E+01 -0.2287E+01 -0.2287E+01 -0.2287E+01 -0.2282E+01 -0.2276E+01 -0.2271E+01 -0.2272E+01 -0.2271E+01 -0.2269E+01 -0.2268E+01 -0.2266E+01 -0.2265E+01 -0.2264E+01 -0.2263E+01 -0.2263E+01 -0.2263E+01 -0.2263E+01 -0.2261E+01 -0.2257E+01 -0.2248E+01 -0.2230E+01 -0.2191E+01
     21.1382      240.0000 -0.2096E+01 -0.2106E+01 -0.2112E+01 -0.2113E+01 -0.2113E+01 -0.2113E+01 -0.2112E+01 -0.2107E+01 -0.2101E+01 -0.2097E+01 -0.2097E+01 -0.2096E+01 -0.2095E+01 -0.2093E+01 -0.2092E+01 -0.2090E+01 -0.2089E+01 -0.2089E+01 -0.2089E+01 -0.2089E+01 -0.2088E+01 -0.2087E+01 -0.2083E+01 -0.2074E+01 -0.2056E+01 -0.2017E+01
     21.2737      250.0000 -0.1921E+01 -0.1932E+01 -0.1937E+01 -0.1938E+01 -0.1938E+01 -0.1938E+01 -0.1938E+01 -0.1933E+01 -0.1927E+01 -0.1922E+01 -0.1923E+01 -0.1922E+01 -0.1920E+01 -0.1919E+01 -0.1917E+01 -0.1916E+01 -0.1915E+01 -0.1914E+01 -0.1914E+01 -0.1914E+01 -0.1914E+01 -0.1912E+01 -0.1908E+01 -0.1899E+01 -0.1881E+01 -0.1842E+01
     21.4092      260.0000 -0.1747E+01 -0.1757E+01 -0.1763E+01 -0.1764E+01 -0.1764E+01 -0.1764E+01 -0.1763E+01 -0.1758E+01 -0.1752E+01 -0.1748E+01 -0.1748E+01 -0.1747E+01 -0.1746E+01 -0.1744E+01 -0.1742E+01 -0.1741E+01 -0.1740E+01 -0.1740E+01 -0.1739E+01 -0.1739E+01 -0.1739E+01 -0.1738E+01 -0.1734E+01 -0.1724E+01 -0.1707E+01 -0.1668E+01
     21.5447      270.0000 -0.1572E+01 -0.1583E+01 -0.1588E+01 -0.1589E+01 -0.1589E+01 -0.1589E+01 -0.1589E+01 -0.1584E+01 -0.1578E+01 -0.1573E+01 -0.1573E+01 -0.1573E+01 -0.1571E+01 -0.1570E+01 -0.1568E+01 -0.1567E+01 -0.1566E+01 -0.1565E+01 -0.1565E+01 -0.1565E+01 -0.1564E+01 -0.1563E+01 -0.1559E+01 -0.1550E+01 -0.1532E+01 -0.1493E+01
     21.6802      280.0000 -0.1398E+01 -0.1408E+01 -0.1414E+01 -0.1415E+01 -0.1415E+01 -0.1415E+01 -0.1414E+01 -0.1409E+01 -0.1403E+01 -0.1399E+01 -0.1399E+01 -0.1398E+01 -0.1397E+01 -0.1395E+01 -0.1393E+01 -0.1392E+01 -0.1391E+01 -0.1391E+01 -0.1390E+01 -0.1390E+01 -0.1390E+01 -0.1389E+01 -0.1385E+01 -0.1375E+01 -0.1357E+01 -0.1319E+01
     21.8157      290.0000 -0.1223E+01 -0.1234E+01 -0.1239E+01 -0.1240E+01 -0.1240E+01 -0.1240E+01 -0.1239E+01 -0.1235E+01 -0.1229E+01 -0.1224E+01 -0.1224E+01 -0.1224E+01 -0.1222E+01 -0.1220E+01 -0.1219E+01 -0.1217E+01 -0.1216E+01 -0.1216E+01 -0.1216E+01 -0.1216E+01 -0.1215E+01 -0.1214E+01 -0.1210E+01 -0.1201E+01 -0.1183E+01 -0.1144E+01
     21.9512      300.0000 -0.1049E+01 -0.1059E+01 -0.1065E+01 -0.1066E+01 -0.1066E+01 -0.1065E+01 -0.1065E+01 -0.1060E+01 -0.1054E+01 -0.1050E+01 -0.1050E+01 -0.1049E+01 -0.1048E+01 -0.1046E+01 -0.1044E+01 -0.1043E+01 -0.1042E+01 -0.1041E+01 -0.1041E+01 -0.1041E+01 -0.1041E+01 -0.1039E+01 -0.1035E+01 -0.1026E+01 -0.1008E+01 -0.9694E+00
     22.0867      310.0000 -0.8742E+00 -0.8846E+00 -0.8901E+00 -0.8912E+00 -0.8911E+00 -0.8909E+00 -0.8904E+00 -0.8858E+00 -0.8795E+00 -0.8750E+00 -0.8753E+00 -0.8745E+00 -0.8730E+00 -0.8714E+00 -0.8698E+00 -0.8684E+00 -0.8674E+00 -0.8669E+00 -0.8668E+00 -0.8668E+00 -0.8664E+00 -0.8649E+00 -0.8610E+00 -0.8518E+00 -0.8339E+00 -0.7949E+00
     22.2222      320.0000 -0.6996E+00 -0.7100E+00 -0.7155E+00 -0.7167E+00 -0.7166E+00 -0.7164E+00 -0.7159E+00 -0.7112E+00 -0.7050E+00 -0.7004E+00 -0.7008E+00 -0.6999E+00 -0.6985E+00 -0.6968E+00 -0.6953E+00 -0.6939E+00 -0.6929E+00 -0.6924E+00 -0.6923E+00 -0.6922E+00 -0.6918E+00 -0.6904E+00 -0.6864E+00 -0.6773E+00 -0.6593E+00 -0.6204E+00
     22.3577      330.0000 -0.5251E+00 -0.5355E+00 -0.5410E+00 -0.5421E+00 -0.5420E+00 -0.5419E+00 -0.5414E+00 -0.5367E+00 -0.5305E+00 -0.5259E+00 -0.5262E+00 -0.5254E+00 -0.5239E+00 -0.5223E+00 -0.5207E+00 -0.5193E+00 -0.5184E+00 -0.5179E+00 -0.5177E+00 -0.5177E+00 -0.5173E+00 -0.5159E+00 -0.5119E+00 -0.5028E+00 -0.4848E+00 -0.4458E+00
     22.4932      340.0000 -0.3506E+00 -0.3610E+00 -0.3665E+00 -0.3676E+00 -0.3675E+00 -0.3673E+00 -0.3668E+00 -0.3622E+00 -0.3559E+00 -0.3514E+00 -0.3517E+00 -0.3509E+00 -0.3494E+00 -0.3478E+00 -0.3462E+00 -0.3448E+00 -0.3438E+00 -0.3433E+00 -0.3432E+00 -0.3432E+00 -0.3428E+00 -0.3413E+00 -0.3374E+00 -0.3282E+00 -0.3103E+00 -0.2713E+00
     22.6287      350.0000 -0.1761E+00 -0.1864E+00 -0.1919E+00 -0.1931E+00 -0.1930E+00 -0.1928E+00 -0.1923E+00 -0.1876E+00 -0.1814E+00 -0.1768E+00 -0.1772E+00 -0.1763E+00 -0.1749E+00 -0.1732E+00 -0.1717E+00 -0.1703E+00 -0.1693E+00 -0.1688E+00 -0.1687E+00 -0.1686E+00 -0.1682E+00 -0.1668E+00 -0.1628E+00 -0.1537E+00 -0.1357E+00 -0.9677E-01
     22.7642      360.0000 -0.1517E-02 -0.1189E-01 -0.1740E-01 -0.1853E-01 -0.1843E-01 -0.1828E-01 -0.1776E-01 -0.1309E-01 -0.6854E-02 -0.2307E-02 -0.2643E-02 -0.1812E-02 -0.3296E-03  0.1287E-02  0.2869E-02  0.4278E-02  0.5237E-02  0.5740E-02  0.5879E-02  0.5891E-02  0.6302E-02  0.7736E-02  0.1171E-01  0.2084E-01  0.3880E-01  0.7776E-01
     22.8997       10.0000  0.1730E+00  0.1626E+00  0.1571E+00  0.1560E+00  0.1561E+00  0.1563E+00  0.1568E+00  0.1614E+00  0.1677E+00  0.1722E+00  0.1719E+00  0.1727E+00  0.1742E+00  0.1758E+00  0.1774E+00  0.1788E+00  0.1798E+00  0.1803E+00  0.1804E+00  0.1804E+00  0.1808E+00  0.1823E+00  0.1862E+00  0.1954E+00  0.2133E+00  0.2523E+00
     23.0352       20.0000  0.3475E+00  0.3372E+00  0.3317E+00  0.3305E+00  0.3306E+00  0.3308E+00  0.3313E+00  0.3360E+00  0.3422E+00  0.3468E+00  0.3464E+00  0.3473E+00  0.3487E+00  0.3504E+00  0.3519E+00  0.3533E+00  0.3543E+00  0.3548E+00  0.3549E+00  0.3550E+00  0.3554E+00  0.3568E+00  0.3608E+00  0.3699E+00  0.3879E+00  0.4268E+00
     23.1707       30.0000  0.5221E+00  0.5117E+00  0.5062E+00  0.5051E+00  0.5052E+00  0.5053E+00  0.5058E+00  0.5105E+00  0.5167E+00  0.5213E+00  0.5210E+00  0.5218E+00  0.5233E+00  0.5249E+00  0.5265E+00  0.5279E+00  0.5288E+00  0.5293E+00  0.5295E+00  0.5295E+00  0.5299E+00  0.5313E+00  0.5353E+00  0.5444E+00  0.5624E+00  0.6014E+00
     23.3062       40.0000  0.6966E+00  0.6862E+00  0.6807E+00  0.6796E+00  0.6797E+00  0.6799E+00  0.6804E+00  0.6850E+00  0.6913E+00  0.6958E+00  0.6955E+00  0.6963E+00  0.6978E+00  0.6994E+00  0.7010E+00  0.7024E+00  0.7034E+00  0.7039E+00  0.7040E+00  0.7040E+00  0.7044E+00  0.7059E+00  0.7098E+00  0.7190E+00  0.7369E+00  0.7759E+00
     23.4417       50.0000  0.8711E+00  0.8608E+00  0.8553E+00  0.8541E+00  0.8542E+00  0.8544E+00  0.8549E+00  0.8596E+00  0.8658E+00  0.8704E+00  0.8700E+00  0.8709E+00  0.8723E+00  0.8740E+00  0.8755E+00  0.8769E+00  0.8779E+00  0.8784E+00  0.8785E+00  0.8786E+00  0.8790E+00  0.8804E+00  0.8844E+00  0.8935E+00  0.9115E+00  0.9504E+00
     23.5772       60.0000  0.1046E+01  0.1035E+01  0.1030E+01  0.1029E+01  0.1029E+01  0.1029E+01  0.1029E+01  0.1034E+01  0.1040E+01  0.1045E+01  0.1045E+01  0.1045E+01  0.1047E+01  0.1048E+01  0.1050E+01  0.1051E+01  0.1052E+01  0.1053E+01  0.1053E+01  0.1053E+01  0.1053E+01  0.1055E+01  0.1059E+01  0.1068E+01  0.1086E+01  0.1125E+01
     23.7127       70.0000  0.1220E+01  0.1210E+01  0.1204E+01  0.1203E+01  0.1203E+01  0.1203E+01  0.1204E+01  0.1209E+01  0.1215E+01  0.1219E+01  0.1219E+01  0.1220E+01  0.1221E+01  0.1223E+01  0.1225E+01  0.1226E+01  0.1227E+01  0.1227E+01  0.1228E+01  0.1228E+01  0.1228E+01  0.1229E+01  0.1233E+01  0.1243E+01  0.1261E+01  0.1299E+01
     23.8482       80.0000  0.1395E+01  0.1384E+01  0.1379E+01  0.1378E+01  0.1378E+01  0.1378E+01  0.1379E+01  0.1383E+01  0.1389E+01  0.1394E+01  0.1394E+01  0.1394E+01  0.1396E+01  0.1398E+01  0.1399E+01  0.1401E+01  0.1402E+01  0.1402E+01  0.1402E+01  0.1402E+01  0.1403E+01  0.1404E+01  0.1408E+01  0.1417E+01  0.1435E+01  0.1474E+01
     23.9837       90.0000  0.1569E+01  0.1559E+01  0.1553E+01  0.1552E+01  0.1552E+01  0.1553E+01  0.1553E+01  0.1558E+01  0.1564E+01  0.1568E+01  0.1568E+01  0.1569E+01  0.1570E+01  0.1572E+01  0.1574E+01  0.1575E+01  0.1576E+01  0.1577E+01  0.1577E+01  0.1577E+01  0.1577E+01  0.1579E+01  0.1583E+01  0.1592E+01  0.1610E+01  0.1649E+01
     24.1192      100.0000  0.1744E+01  0.1733E+01  0.1728E+01  0.1727E+01  0.1727E+01  0.1727E+01  0.1728E+01  0.1732E+01  0.1738E+01  0.1743E+01  0.1743E+01  0.1744E+01  0.1745E+01  0.1747E+01  0.1748E+01  0.1750E+01  0.1751E+01  0.1751E+01  0.1751E+01  0.1751E+01  0.1752E+01  0.1753E+01  0.1757E+01  0.1766E+01  0.1784E+01  0.1823E+01
     24.2547      110.0000  0.1918E+01  0.1908E+01  0.1902E+01  0.1901E+01  0.1901E+01  0.1902E+01  0.1902E+01  0.1907E+01  0.1913E+01  0.1918E+01  0.1917E+01  0.1918E+01  0.1920E+01  0.1921E+01  0.1923E+01  0.1924E+01  0.1925E+01  0.1926E+01  0.1926E+01  0.1926E+01  0.1926E+01  0.1928E+01  0.1932E+01  0.1941E+01  0.1959E+01  0.1998E+01
     24.3902      120.0000  0.2093E+01  0.2083E+01  0.2077E+01  0.2076E+01  0.2076E+01  0.2076E+01  0.2077E+01  0.2081E+01  0.2088E+01  0.2092E+01  0.2092E+01  0.2093E+01  0.2094E+01  0.2096E+01  0.2097E+01  0.2099E+01  0.2100E+01  0.2100E+01  0.2100E+01  0.2100E+01  0.2101E+01  0.2102E+01  0.2106E+01  0.2115E+01  0.2133E+01  0.2172E+01
     24.5257      130.0000  0.2267E+01  0.2257E+01  0.2252E+01  0.2250E+01  0.2250E+01  0.2251E+01  0.2251E+01  0.2256E+01  0.2262E+01  0.2267E+01  0.2266E+01  0.2267E+01  0.2269E+01  0.2270E+01  0.2272E+01  0.2273E+01  0.2274E+01  0.2275E+01  0.2275E+01  0.2275E+01  0.2275E+01  0.2277E+01  0.2281E+01  0.2290E+01  0.2308E+01  0.2347E+01
     24.6612      140.0000  0.2442E+01  0.2432E+01  0.2426E+01  0.2425E+01  0.2425E+01  0.2425E+01  0.2426E+01  0.2430E+01  0.2437E+01  0.2441E+01  0.2441E+01  0.2442E+01  0.2443E+01  0.2445E+01  0.2446E+01  0.2448E+01  0.2449E+01  0.2449E+01  0.2449E+01  0.2449E+01  0.2450E+01  0.2451E+01  0.2455E+01  0.2464E+01  0.2482E+01  0.2521E+01
     24.7967      150.0000  0.2616E+01  0.2606E+01  0.2601E+01  0.2599E+01  0.2600E+01  0.2600E+01  0.2600E+01  0.2605E+01  0.2611E+01  0.2616E+01  0.2615E+01  0.2616E+01  0.2618E+01  0.2619E+01  0.2621E+01  0.2622E+01  0.2623E+01  0.2624E+01  0.2624E+01  0.2624E+01  0.2624E+01  0.2626E+01  0.2630E+01  0.2639E+01  0.2657E+01  0.2696E+01
     24.9322      160.0000  0.2791E+01  0.2781E+01  0.2775E+01  0.2774E+01  0.2774E+01  0.2774E+01  0.2775E+01  0.2779E+01  0.2786E+01  0.2790E+01  0.2790E+01  0.2791E+01  0.2792E+01  0.2794E+01  0.2795E+01  0.2797E+01  0.2798E+01  0.2798E+01  0.2798E+01  0.2798E+01  0.2799E+01  0.2800E+01  0.2804E+01  0.2813E+01  0.2831E+01  0.2870E+01
     25.0678      170.0000  0.2966E+01  0.2955E+01  0.2950E+01  0.2949E+01  0.2949E+01  0.2949E+01  0.2949E+01  0.2954E+01  0.2960E+01  0.2965E+01  0.2964E+01  0.2965E+01  0.2967E+01  0.2968E+01  0.2970E+01  0.2971E+01  0.2972E+01  0.2973E+01  0.2973E+01  0.2973E+01  0.2973E+01  0.2975E+01  0.2979E+01  0.2988E+01  0.3006E+01  0.3045E+01
     25.2033      180.0000  0.3140E+01  0.3130E+01  0.3124E+01  0.3123E+01  0.3123E+01  0.3123E+01  0.3124E+01  0.3129E+01  0.3135E+01  0.3139E+01  0.3139E+01  0.3140E+01  0.3141E+01  0.3143E+01  0.3144E+01  0.3146E+01  0.3147E+01  0.3147E+01  0.3147E+01  0.3147E+01  0.3148E+01  0.3149E+01  0.3153E+01  0.3162E+01  0.3180E+01  0.3219E+01
     25.3388      190.0000 -0.2969E+01 -0.2979E+01 -0.2984E+01 -0.2986E+01 -0.2985E+01 -0.2985E+01 -0.2985E+01 -0.2980E+01 -0.2974E+01 -0.2969E+01 -0.2970E+01 -0.2969E+01 -0.2967E+01 -0.2966E+01 -0.2964E+01 -0.2963E+01 -0.2962E+01 -0.2961E+01 -0.2961E+01 -0.2961E+01 -0.2961E+01 -0.2959E+01 -0.2955E+01 -0.2946E+01 -0.2928E+01 -0.2889E+01
     25.4743      200.0000 -0.2794E+01 -0.2804E+01 -0.2810E+01 -0.2811E+01 -0.2811E+01 -0.2811E+01 -0.2810E+01 -0.2806E+01 -0.2799E+01 -0.2795E+01 -0.2795E+01 -0.2794E+01 -0.2793E+01 -0.2791E+01 -0.2790E+01 -0.2788E+01 -0.2787E+01 -0.2787E+01 -0.2787E+01 -0.2787E+01 -0.2786E+01 -0.2785E+01 -0.2781E+01 -0.2772E+01 -0.2754E+01 -0.2715E+01
     25.6098      210.0000 -0.2620E+01 -0.2630E+01 -0.2635E+01 -0.2637E+01 -0.2636E+01 -0.2636E+01 -0.2636E+01 -0.2631E+01 -0.2625E+01 -0.2620E+01 -0.2621E+01 -0.2620E+01 -0.2618E+01 -0.2617E+01 -0.2615E+01 -0.2614E+01 -0.2613E+01 -0.2612E+01 -0.2612E+01 -0.2612E+01 -0.2612E+01 -0.2610E+01 -0.2606E+01 -0.2597E+01 -0.2579E+01 -0.2540E+01
     25.7453      220.0000 -0.2445E+01 -0.2455E+01 -0.2461E+01 -0.2462E+01 -0.2462E+01 -0.2462E+01 -0.2461E+01 -0.2457E+01 -0.2450E+01 -0.2446E+01 -0.2446E+01 -0.2445E+01 -0.2444E+01 -0.2442E+01 -0.2441E+01 -0.2439E+01 -0.2438E+01 -0.2438E+01 -0.2438E+01 -0.2438E+01 -0.2437E+01 -0.2436E+01 -0.2432E+01 -0.2423E+01 -0.2405E+01 -0.2366E+01
     25.8808      230.0000 -0.2270E+01 -0.2281E+01 -0.2286E+01 -0.2287E+01 -0.2287E+01 -0.2287E+01 -0.2287E+01 -0.2282E+01 -0.2276E+01 -0.2271E+01 -0.2272E+01 -0.2271E+01 -0.2269E+01 -0.2268E+01 -0.2266E+01 -0.2265E+01 -0.2264E+01 -0.2263E+01 -0.2263E+01 -0.2263E+01 -0.2263E+01 -0.2261E+01 -0.2257E+01 -0.2248E+01 -0.2230E+01 -0.2191E+01
     26.0163      240.0000 -0.2096E+01 -0.2106E+01 -0.2112E+01 -0.2113E+01 -0.2113E+01 -0.2113E+01 -0.2112E+01 -0.2107E+01 -0.2101E+01 -0.2097E+01 -0.2097E+01 -0.2096E+01 -0.2095E+01 -0.2093E+01 -0.2092E+01 -0.2090E+01 -0.2089E+01 -0.2089E+01 -0.2089E+01 -0.2089E+01 -0.2088E+01 -0.2087E+01 -0.2083E+01 -0.2074E+01 -0.2056E+01 -0.2017E+01
     26.1518      250.0000 -0.1921E+01 -0.1932E+01 -0.1937E+01 -0.1938E+01 -0.1938E+01 -0.1938E+01 -0.1938E+01 -0.1933E+01 -0.1927E+01 -0.1922E+01 -0.1923E+01 -0.1922E+01 -0.1920E+01 -0.1919E+01 -0.1917E+01 -0.1916E+01 -0.1915E+01 -0.1914E+01 -0.1914E+01 -0.1914E+01 -0.1914E+01 -0.1912E+01 -0.1908E+01 -0.1899E+01 -0.1881E+01 -0.1842E+01
     26.2873      260.0000 -0.1747E+01 -0.1757E+01 -0.1763E+01 -0.1764E+01 -0.1764E+01 -0.1764E+01 -0.1763E+01 -0.1758E+01 -0.1752E+01 -0.1748E+01 -0.1748E+01 -0.1747E+01 -0.1746E+01 -0.1744E+01 -0.1742E+01 -0.1741E+01 -0.1740E+01 -0.1740E+01 -0.1739E+01 -0.1739E+01 -0.1739E+01 -0.1738E+01 -0.1734E+01 -0.1724E+01 -0.1707E+01 -0.1668E+01
     26.4228      270.0000 -0.1572E+01 -0.1583E+01 -0.1588E+01 -0.1589E+01 -0.1589E+01 -0.1589E+01 -0.1589E+01 -0.1584E+01 -0.1578E+01 -0.1573E+01 -0.1573E+01 -0.1573E+01 -0.1571E+01 -0.1570E+01 -0.1568E+01 -0.1567E+01 -0.1566E+01 -0.1565E+01 -0.1565E+01 -0.1565E+01 -0.1564E+01 -0.1563E+01 -0.1559E+01 -0.1550E+01 -0.1532E+01 -0.1493E+01
     26.5583      280.0000 -0.1398E+01 -0.1408E+01 -0.1414E+01 -0.1415E+01 -0.1415E+01 -0.1415E+01 -0.1414E+01 -0.1409E+01 -0.1403E+01 -0.1399E+01 -0.1399E+01 -0.1398E+01 -0.1397E+01 -0.1395E+01 -0.1393E+01 -0.1392E+01 -0.1391E+01 -0.1391E+01 -0.1390E+01 -0.1390E+01 -0.1390E+01 -0.1389E+01 -0.1385E+01 -0.1375E+01 -0.1357E+01 -0.1319E+01
     26.6938      290.0000 -0.1223E+01 -0.1234E+01 -0.1239E+01 -0.1240E+01 -0.1240E+01 -0.1240E+01 -0.1239E+01 -0.1235E+01 -0.1229E+01 -0.1224E+01 -0.1224E+01 -0.1224E+01 -0.1222E+01 -0.1220E+01 -0.1219E+01 -0.1217E+01 -0.1216E+01 -0.1216E+01 -0.1216E+01 -0.1216E+01 -0.1215E+01 -0.1214E+01 -0.1210E+01 -0.1201E+01 -0.1183E+01 -0.1144E+01
     26.8293      300.0000 -0.1049E+01 -0.1059E+01 -0.1065E+01 -0.1066E+01 -0.1066E+01 -0.1065E+01 -0.1065E+01 -0.1060E+01 -0.1054E+01 -0.1050E+01 -0.1050E+01 -0.1049E+01 -0.1048E+01 -0.1046E+01 -0.1044E+01 -0.1043E+01 -0.1042E+01 -0.1041E+01 -0.1041E+01 -0.1041E+01 -0.1041E+01 -0.1039E+01 -0.1035E+01 -0.1026E+01 -0.1008E+01 -0.9694E+00
     26.9648      310.0000 -0.8742E+00 -0.8846E+00 -0.8901E+00 -0.8912E+00 -0.8911E+00 -0.8909E+00 -0.8904E+00 -0.8858E+00 -0.8795E+00 -0.8750E+00 -0.8753E+00 -0.8745E+00 -0.8730E+00 -0.8714E+00 -0.8698E+00 -0.8684E+00 -0.8674E+00 -0.8669E+00 -0.8668E+00 -0.8668E+00 -0.8664E+00 -0.8649E+00 -0.8610E+00 -0.8518E+00 -0.8339E+00 -0.7949E+00
     27.1003      320.0000 -0.6996E+00 -0.7100E+00 -0.7155E+00 -0.7167E+00 -0.7166E+00 -0.7164E+00 -0.7159E+00 -0.7112E+00 -0.7050E+00 -0.7004E+00 -0.7008E+00 -0.6999E+00 -0.6985E+00 -0.6968E+00 -0.6953E+00 -0.6939E+00 -0.6929E+00 -0.6924E+00 -0.6923E+00 -0.6922E+00 -0.6918E+00 -0.6904E+00 -0.6864E+00 -0.6773E+00 -0.6593E+00 -0.6204E+00
     27.2358      330.0000 -0.5251E+00 -0.5355E+00 -0.5410E+00 -0.5421E+00 -0.5420E+00 -0.5419E+00 -0.5414E+00 -0.5367E+00 -0.5305E+00 -0.5259E+00 -0.5262E+00 -0.5254E+00 -0.5239E+00 -0.5223E+00 -0.5207E+00 -0.5193E+00 -0.5184E+00 -0.5179E+00 -0.5177E+00 -0.5177E+00 -0.5173E+00 -0.5159E+00 -0.5119E+00 -0.5028E+00 -0.4848E+00 -0.4458E+00
     27.3713      340.0000 -0.3506E+00 -0.3610E+00 -0.3665E+00 -0.3676E+00 -0.3675E+00 -0.3673E+00 -0.3668E+00 -0.3622E+00 -0.3559E+00 -0.3514E+00 -0.3517E+00 -0.3509E+00 -0.3494E+00 -0.3478E+00 -0.3462E+00 -0.3448E+00 -0.3438E+00 -0.3433E+00 -0.3432E+00 -0.3432E+00 -0.3428E+00 -0.3413E+00 -0.3374E+00 -0.3282E+00 -0.3103E+00 -0.2713E+00
     27.5068      350.0000 -0.1761E+00 -0.1864E+00 -0.1919E+00 -0.1931E+00 -0.1930E+00 -0.1928E+00 -0.1923E+00 -0.1876E+00 -0.1814E+00 -0.1768E+00 -0.1772E+00 -0.1763E+00 -0.1749E+00 -0.1732E+00 -0.1717E+00 -0.1703E+00 -0.1693E+00 -0.1688E+00 -0.1687E+00 -0.1686E+00 -0.1682E+00 -0.1668E+00 -0.1628E+00 -0.1537E+00 -0.1357E+00 -0.9677E-01
     27.6423      360.0000 -0.1517E-02 -0.1189E-01 -0.1740E-01 -0.1853E-01 -0.1843E-01 -0.1828E-01 -0.1776E-01 -0.1309E-01 -0.6854E-02 -0.2307E-02 -0.2643E-02 -0.1812E-02 -0.3296E-03  0.1287E-02  0.2869E-02  0.4278E-02  0.5237E-02  0.5740E-02  0.5879E-02  0.5891E-02  0.6302E-02  0.7736E-02  0.1171E-01  0.2084E-01  0.3880E-01  0.7776E-01
     27.7778       10.0000  0.1730E+00  0.1626E+00  0.1571E+00  0.1560E+00  0.1561E+00  0.1563E+00  0.1568E+00  0.1614E+00  0.1677E+00  0.1722E+00  0.1719E+00  0.1727E+00  0.1742E+00  0.1758E+00  0.1774E+00  0.1788E+00  0.1798E+00  0.1803E+00  0.1804E+00  0.1804E+00  0.1808E+00  0.1823E+00  0.1862E+00  0.1954E+00  0.2133E+00  0.2523E+00
     27.9133       20.0000  0.3475E+00  0.3372E+00  0.3317E+00  0.3305E+00  0.3306E+00  0.3308E+00  0.3313E+00  0.3360E+00  0.3422E+00  0.3468E+00  0.3464E+00  0.3473E+00  0.3487E+00  0.3504E+00  0.3519E+00  0.3533E+00  0.3543E+00  0.3548E+00  0.3549E+00  0.3550E+00  0.3554E+00  0.3568E+00  0.3608E+00  0.3699E+00  0.3879E+00  0.4268E+00
     28.0488       30.0000  0.5221E+00  0.5117E+00  0.5062E+00  0.5051E+00  0.5052E+00  0.5053E+00  0.5058E+00  0.5105E+00  0.5167E+00  0.5213E+00  0.5210E+00  0.5218E+00  0.5233E+00  0.5249E+00  0.5265E+00  0.5279E+00  0.5288E+00  0.5293E+00  0.5295E+00  0.5295E+00  0.5299E+00  0.5313E+00  0.5353E+00  0.5444E+00  0.5624E+00  0.6014E+00
     28.1843       40.0000  0.6966E+00  0.6862E+00  0.6807E+00  0.6796E+00  0.6797E+00  0.6799E+00  0.6804E+00  0.6850E+00  0.6913E+00  0.6958E+00  0.6955E+00  0.6963E+00  0.6978E+00  0.6994E+00  0.7010E+00  0.7024E+00  0.7034E+00  0.7039E+00  0.7040E+00  0.7040E+00  0.7044E+00  0.7059E+00  0.7098E+00  0.7190E+00  0.7369E+00  0.7759E+00
     28.3198       50.0000  0.8711E+00  0.8608E+00  0.8553E+00  0.8541E+00  0.8542E+00  0.8544E+00  0.8549E+00  0.8596E+00  0.8658E+00  0.8704E+00  0.8700E+00  0.8709E+00  0.8723E+00  0.8740E+00  0.8755E+00  0.8769E+00  0.8779E+00  0.8784E+00  0.8785E+00  0.8786E+00  0.8790E+00  0.8804E+00  0.8844E+00  0.8935E+00  0.9115E+00  0.9504E+00
     28.4553       60.0000  0.1046E+01  0.1035E+01  0.1030E+01  0.1029E+01  0.1029E+01  0.1029E+01  0.1029E+01  0.1034E+01  0.1040E+01  0.1045E+01  0.1045E+01  0.1045E+01  0.1047E+01  0.1048E+01  0.1050E+01  0.1051E+01  0.1052E+01  0.1053E+01  0.1053E+01  0.1053E+01  0.1053E+01  0.1055E+01  0.1059E+01  0.1068E+01  0.1086E+01  0.1125E+01
     28.5908       70.0000  0.1220E+01  0.1210E+01  0.1204E+01  0.1203E+01  0.1203E+01  0.1203E+01  0.1204E+01  0.1209E+01  0.1215E+01  0.1219E+01  0.1219E+01  0.1220E+01  0.1221E+01  0.1223E+01  0.1225E+01  0.1226E+01  0.1227E+01  0.1227E+01  0.1228E+01  0.1228E+01  0.1228E+01  0.1229E+01  0.1233E+01  0.1243E+01  0.1261E+01  0.1299E+01
     28.7263       80.0000  0.1395E+01  0.1384E+01  0.1379E+01  0.1378E+01  0.1378E+01  0.1378E+01  0.1379E+01  0.1383E+01  0.1389E+01  0.1394E+01  0.1394E+01  0.1394E+01  0.1396E+01  0.1398E+01  0.1399E+01  0.1401E+01  0.1402E+01  0.1402E+01  0.1402E+01  0.1402E+01  0.1403E+01  0.1404E+01  0.1408E+01  0.1417E+01  0.1435E+01  0.1474E+01
     28.8618       90.0000  0.1569E+01  0.1559E+01  0.1553E+01  0.1552E+01  0.1552E+01  0.1553E+01  0.1553E+01  0.1558E+01  0.1564E+01  0.1568E+01  0.1568E+01  0.1569E+01  0.1570E+01  0.1572E+01  0.1574E+01  0.1575E+01  0.1576E+01  0.1577E+01  0.1577E+01  0.1577E+01  0.1577E+01  0.1579E+01  0.1583E+01  0.1592E+01  0.1610E+01  0.1649E+01
     28.9973      100.0000  0.1744E+01  0.1733E+01  0.1728E+01  0.1727E+01  0.1727E+01  0.1727E+01  0.1728E+01  0.1732E+01  0.1738E+01  0.1743E+01  0.1743E+01  0.1744E+01  0.1745E+01  0.1747E+01  0.1748E+01  0.1750E+01  0.1751E+01  0.1751E+01  0.1751E+01  0.1751E+01  0.1752E+01  0.1753E+01  0.1757E+01  0.1766E+01  0.1784E+01  0.1823E+01
     29.1328      110.0000  0.1918E+01  0.1908E+01  0.1902E+01  0.1901E+01  0.1901E+01  0.1902E+01  0.1902E+01  0.1907E+01  0.1913E+01  0.1918E+01  0.1917E+01  0.1918E+01  0.1920E+01  0.1921E+01  0.1923E+01  0.1924E+01  0.1925E+01  0.1926E+01  0.1926E+01  0.1926E+01  0.1926E+01  0.1928E+01  0.1932E+01  0.1941E+01  0.1959E+01  0.1998E+01
     29.2683      120.0000  0.2093E+01  0.2083E+01  0.2077E+01  0.2076E+01  0.2076E+01  0.2076E+01  0.2077E+01  0.2081E+01  0.2088E+01  0.2092E+01  0.2092E+01  0.2093E+01  0.2094E+01  0.2096E+01  0.2097E+01  0.2099E+01  0.2100E+01  0.2100E+01  0.2100E+01  0.2100E+01  0.2101E+01  0.2102E+01  0.2106E+01  0.2115E+01  0.2133E+01  0.2172E+01
     29.4038      130.0000  0.2267E+01  0.2257E+01  0.2252E+01  0.2250E+01  0.2250E+01  0.2251E+01  0.2251E+01  0.2256E+01  0.2262E+01  0.2267E+01  0.2266E+01  0.2267E+01  0.2269E+01  0.2270E+01  0.2272E+01  0.2273E+01  0.2274E+01  0.2275E+01  0.2275E+01  0.2275E+01  0.2275E+01  0.2277E+01  0.2281E+01  0.2290E+01  0.2308E+01  0.2347E+01
     29.5393      140.0000  0.2442E+01  0.2432E+01  0.2426E+01  0.2425E+01  0.2425E+01  0.2425E+01  0.2426E+01  0.2430E+01  0.2437E+01  0.2441E+01  0.2441E+01  0.2442E+01  0.2443E+01  0.2445E+01  0.2446E+01  0.2448E+01  0.2449E+01  0.2449E+01  0.2449E+01  0.2449E+01  0.2450E+01  0.2451E+01  0.2455E+01  0.2464E+01  0.2482E+01  0.2521E+01
     29.6748      150.0000  0.2616E+01  0.2606E+01  0.2601E+01  0.2599E+01  0.2600E+01  0.2600E+01  0.2600E+01  0.2605E+01  0.2611E+01  0.2616E+01  0.2615E+01  0.2616E+01  0.2618E+01  0.2619E+01  0.2621E+01  0.2622E+01  0.2623E+01  0.2624E+01  0.2624E+01  0.2624E+01  0.2624E+01  0.2626E+01  0.2630E+01  0.2639E+01  0.2657E+01  0.2696E+01
     29.8103      160.0000  0.2791E+01  0.2781E+01  0.2775E+01  0.2774E+01  0.2774E+01  0.2774E+01  0.2775E+01  0.2779E+01  0.2786E+01  0.2790E+01  0.2790E+01  0.2791E+01  0.2792E+01  0.2794E+01  0.2795E+01  0.2797E+01  0.2798E+01  0.2798E+01  0.2798E+01  0.2798E+01  0.2799E+01  0.2800E+01  0.2804E+01  0.2813E+01  0.2831E+01  0.2870E+01
     29.9458      170.0000  0.2966E+01  0.2955E+01  0.2950E+01  0.2949E+01  0.2949E+01  0.2949E+01  0.2949E+01  0.2954E+01  0.2960E+01  0.2965E+01  0.2964E+01  0.2965E+01  0.2967E+01  0.2968E+01  0.2970E+01  0.2971E+01  0.2972E+01  0.2973E+01  0.2973E+01  0.2973E+01  0.2973E+01  0.2975E+01  0.2979E+01  0.2988E+01  0.3006E+01  0.3045E+01
