Time history of radial distribution for BEM variable: rCurvi[m] for blade 3
                          rCurvi[m] (curvilinear radial distance)
                                0.7893      2.3679      3.9465      5.5252      7.1038      8.6824     10.2610     11.8396     13.4183     14.9969     16.5755     18.1541     19.7327     21.3113     22.8900     24.4686     26.0472     27.6258     29.2044     30.7831     32.3617     33.9403     35.5189     37.0975     38.2815     39.0708
                          zB[m] (radial coordinate along blade axis)
     time[s]  azimuth[deg]      0.1833      1.7547      3.3293      4.9062      6.4840      8.0623      9.6415     11.2244     12.8081     14.3899     15.9677     17.5461     19.1247     20.7031     22.2812     23.8591     25.4363     27.0129     28.5886     30.1633     31.7372     33.3102     34.8825     36.4544     37.6316     38.4133
      0.0000      120.0000  0.7893E+00  0.2368E+01  0.3947E+01  0.5525E+01  0.7104E+01  0.8682E+01  0.1026E+02  0.1184E+02  0.1342E+02  0.1500E+02  0.1658E+02  0.1815E+02  0.1973E+02  0.2131E+02  0.2289E+02  0.2447E+02  0.2605E+02  0.2763E+02  0.2920E+02  0.3078E+02  0.3236E+02  0.3394E+02  0.3552E+02  0.3710E+02  0.3828E+02  0.3907E+02
      0.1355      130.0000  0.7893E+00  0.2368E+01  0.3947E+01  0.5525E+01  0.7104E+01  0.8682E+01  0.1026E+02  0.1184E+02  0.1342E+02  0.1500E+02  0.1658E+02  0.1815E+02  0.1973E+02  0.2131E+02  0.2289E+02  0.2447E+02  0.2605E+02  0.2763E+02  0.2920E+02  0.3078E+02  0.3236E+02  0.3394E+02  0.3552E+02  0.3710E+02  0.3828E+02  0.3907E+02
      0.2710      140.0000  0.7893E+00  0.2368E+01  0.3947E+01  0.5525E+01  0.7104E+01  0.8682E+01  0.1026E+02  0.1184E+02  0.1342E+02  0.1500E+02  0.1658E+02  0.1815E+02  0.1973E+02  0.2131E+02  0.2289E+02  0.2447E+02  0.2605E+02  0.2763E+02  0.2920E+02  0.3078E+02  0.3236E+02  0.3394E+02  0.3552E+02  0.3710E+02  0.3828E+02  0.3907E+02
      0.4065      150.0000  0.7893E+00  0.2368E+01  0.3947E+01  0.5525E+01  0.7104E+01  0.8682E+01  0.1026E+02  0.1184E+02  0.1342E+02  0.1500E+02  0.1658E+02  0.1815E+02  0.1973E+02  0.2131E+02  0.2289E+02  0.2447E+02  0.2605E+02  0.2763E+02  0.2920E+02  0.3078E+02  0.3236E+02  0.3394E+02  0.3552E+02  0.3710E+02  0.3828E+02  0.3907E+02
      0.5420      160.0000  0.7893E+00  0.2368E+01  0.3947E+01  0.5525E+01  0.7104E+01  0.8682E+01  0.1026E+02  0.1184E+02  0.1342E+02  0.1500E+02  0.1658E+02  0.1815E+02  0.1973E+02  0.2131E+02  0.2289E+02  0.2447E+02  0.2605E+02  0.2763E+02  0.2920E+02  0.3078E+02  0.3236E+02  0.3394E+02  0.3552E+02  0.3710E+02  0.3828E+02  0.3907E+02
      0.6775      170.0000  0.7893E+00  0.2368E+01  0.3947E+01  0.5525E+01  0.7104E+01  0.8682E+01  0.1026E+02  0.1184E+02  0.1342E+02  0.1500E+02  0.1658E+02  0.1815E+02  0.1973E+02  0.2131E+02  0.2289E+02  0.2447E+02  0.2605E+02  0.2763E+02  0.2920E+02  0.3078E+02  0.3236E+02  0.3394E+02  0.3552E+02  0.3710E+02  0.3828E+02  0.3907E+02
      0.8130      180.0000  0.7893E+00  0.2368E+01  0.3947E+01  0.5525E+01  0.7104E+01  0.8682E+01  0.1026E+02  0.1184E+02  0.1342E+02  0.1500E+02  0.1658E+02  0.1815E+02  0.1973E+02  0.2131E+02  0.2289E+02  0.2447E+02  0.2605E+02  0.2763E+02  0.2920E+02  0.3078E+02  0.3236E+02  0.3394E+02  0.3552E+02  0.3710E+02  0.3828E+02  0.3907E+02
      0.9485      190.0000  0.7893E+00  0.2368E+01  0.3947E+01  0.5525E+01  0.7104E+01  0.8682E+01  0.1026E+02  0.1184E+02  0.1342E+02  0.1500E+02  0.1658E+02  0.1815E+02  0.1973E+02  0.2131E+02  0.2289E+02  0.2447E+02  0.2605E+02  0.2763E+02  0.2920E+02  0.3078E+02  0.3236E+02  0.3394E+02  0.3552E+02  0.3710E+02  0.3828E+02  0.3907E+02
      1.0840      200.0000  0.7893E+00  0.2368E+01  0.3947E+01  0.5525E+01  0.7104E+01  0.8682E+01  0.1026E+02  0.1184E+02  0.1342E+02  0.1500E+02  0.1658E+02  0.1815E+02  0.1973E+02  0.2131E+02  0.2289E+02  0.2447E+02  0.2605E+02  0.2763E+02  0.2920E+02  0.3078E+02  0.3236E+02  0.3394E+02  0.3552E+02  0.3710E+02  0.3828E+02  0.3907E+02
      1.2195      210.0000  0.7893E+00  0.2368E+01  0.3947E+01  0.5525E+01  0.7104E+01  0.8682E+01  0.1026E+02  0.1184E+02  0.1342E+02  0.1500E+02  0.1658E+02  0.1815E+02  0.1973E+02  0.2131E+02  0.2289E+02  0.2447E+02  0.2605E+02  0.2763E+02  0.2920E+02  0.3078E+02  0.3236E+02  0.3394E+02  0.3552E+02  0.3710E+02  0.3828E+02  0.3907E+02
      1.3550      220.0000  0.7893E+00  0.2368E+01  0.3947E+01  0.5525E+01  0.7104E+01  0.8682E+01  0.1026E+02  0.1184E+02  0.1342E+02  0.1500E+02  0.1658E+02  0.1815E+02  0.1973E+02  0.2131E+02  0.2289E+02  0.2447E+02  0.2605E+02  0.2763E+02  0.2920E+02  0.3078E+02  0.3236E+02  0.3394E+02  0.3552E+02  0.3710E+02  0.3828E+02  0.3907E+02
      1.4905      230.0000  0.7893E+00  0.2368E+01  0.3947E+01  0.5525E+01  0.7104E+01  0.8682E+01  0.1026E+02  0.1184E+02  0.1342E+02  0.1500E+02  0.1658E+02  0.1815E+02  0.1973E+02  0.2131E+02  0.2289E+02  0.2447E+02  0.2605E+02  0.2763E+02  0.2920E+02  0.3078E+02  0.3236E+02  0.3394E+02  0.3552E+02  0.3710E+02  0.3828E+02  0.3907E+02
      1.6260      240.0000  0.7893E+00  0.2368E+01  0.3947E+01  0.5525E+01  0.7104E+01  0.8682E+01  0.1026E+02  0.1184E+02  0.1342E+02  0.1500E+02  0.1658E+02  0.1815E+02  0.1973E+02  0.2131E+02  0.2289E+02  0.2447E+02  0.2605E+02  0.2763E+02  0.2920E+02  0.3078E+02  0.3236E+02  0.3394E+02  0.3552E+02  0.3710E+02  0.3828E+02  0.3907E+02
      1.7615      250.0000  0.7893E+00  0.2368E+01  0.3947E+01  0.5525E+01  0.7104E+01  0.8682E+01  0.1026E+02  0.1184E+02  0.1342E+02  0.1500E+02  0.1658E+02  0.1815E+02  0.1973E+02  0.2131E+02  0.2289E+02  0.2447E+02  0.2605E+02  0.2763E+02  0.2920E+02  0.3078E+02  0.3236E+02  0.3394E+02  0.3552E+02  0.3710E+02  0.3828E+02  0.3907E+02
      1.8970      260.0000  0.7893E+00  0.2368E+01  0.3947E+01  0.5525E+01  0.7104E+01  0.8682E+01  0.1026E+02  0.1184E+02  0.1342E+02  0.1500E+02  0.1658E+02  0.1815E+02  0.1973E+02  0.2131E+02  0.2289E+02  0.2447E+02  0.2605E+02  0.2763E+02  0.2920E+02  0.3078E+02  0.3236E+02  0.3394E+02  0.3552E+02  0.3710E+02  0.3828E+02  0.3907E+02
      2.0325      270.0000  0.7893E+00  0.2368E+01  0.3947E+01  0.5525E+01  0.7104E+01  0.8682E+01  0.1026E+02  0.1184E+02  0.1342E+02  0.1500E+02  0.1658E+02  0.1815E+02  0.1973E+02  0.2131E+02  0.2289E+02  0.2447E+02  0.2605E+02  0.2763E+02  0.2920E+02  0.3078E+02  0.3236E+02  0.3394E+02  0.3552E+02  0.3710E+02  0.3828E+02  0.3907E+02
      2.1680      280.0000  0.7893E+00  0.2368E+01  0.3947E+01  0.5525E+01  0.7104E+01  0.8682E+01  0.1026E+02  0.1184E+02  0.1342E+02  0.1500E+02  0.1658E+02  0.1815E+02  0.1973E+02  0.2131E+02  0.2289E+02  0.2447E+02  0.2605E+02  0.2763E+02  0.2920E+02  0.3078E+02  0.3236E+02  0.3394E+02  0.3552E+02  0.3710E+02  0.3828E+02  0.3907E+02
      2.3035      290.0000  0.7893E+00  0.2368E+01  0.3947E+01  0.5525E+01  0.7104E+01  0.8682E+01  0.1026E+02  0.1184E+02  0.1342E+02  0.1500E+02  0.1658E+02  0.1815E+02  0.1973E+02  0.2131E+02  0.2289E+02  0.2447E+02  0.2605E+02  0.2763E+02  0.2920E+02  0.3078E+02  0.3236E+02  0.3394E+02  0.3552E+02  0.3710E+02  0.3828E+02  0.3907E+02
      2.4390      300.0000  0.7893E+00  0.2368E+01  0.3947E+01  0.5525E+01  0.7104E+01  0.8682E+01  0.1026E+02  0.1184E+02  0.1342E+02  0.1500E+02  0.1658E+02  0.1815E+02  0.1973E+02  0.2131E+02  0.2289E+02  0.2447E+02  0.2605E+02  0.2763E+02  0.2920E+02  0.3078E+02  0.3236E+02  0.3394E+02  0.3552E+02  0.3710E+02  0.3828E+02  0.3907E+02
      2.5745      310.0000  0.7893E+00  0.2368E+01  0.3947E+01  0.5525E+01  0.7104E+01  0.8682E+01  0.1026E+02  0.1184E+02  0.1342E+02  0.1500E+02  0.1658E+02  0.1815E+02  0.1973E+02  0.2131E+02  0.2289E+02  0.2447E+02  0.2605E+02  0.2763E+02  0.2920E+02  0.3078E+02  0.3236E+02  0.3394E+02  0.3552E+02  0.3710E+02  0.3828E+02  0.3907E+02
      2.7100      320.0000  0.7893E+00  0.2368E+01  0.3947E+01  0.5525E+01  0.7104E+01  0.8682E+01  0.1026E+02  0.1184E+02  0.1342E+02  0.1500E+02  0.1658E+02  0.1815E+02  0.1973E+02  0.2131E+02  0.2289E+02  0.2447E+02  0.2605E+02  0.2763E+02  0.2920E+02  0.3078E+02  0.3236E+02  0.3394E+02  0.3552E+02  0.3710E+02  0.3828E+02  0.3907E+02
      2.8455      330.0000  0.7893E+00  0.2368E+01  0.3947E+01  0.5525E+01  0.7104E+01  0.8682E+01  0.1026E+02  0.1184E+02  0.1342E+02  0.1500E+02  0.1658E+02  0.1815E+02  0.1973E+02  0.2131E+02  0.2289E+02  0.2447E+02  0.2605E+02  0.2763E+02  0.2920E+02  0.3078E+02  0.3236E+02  0.3394E+02  0.3552E+02  0.3710E+02  0.3828E+02  0.3907E+02
      2.9810      340.0000  0.7893E+00  0.2368E+01  0.3947E+01  0.5525E+01  0.7104E+01  0.8682E+01  0.1026E+02  0.1184E+02  0.1342E+02  0.1500E+02  0.1658E+02  0.1815E+02  0.1973E+02  0.2131E+02  0.2289E+02  0.2447E+02  0.2605E+02  0.2763E+02  0.2920E+02  0.3078E+02  0.3236E+02  0.3394E+02  0.3552E+02  0.3710E+02  0.3828E+02  0.3907E+02
      3.1165      350.0000  0.7893E+00  0.2368E+01  0.3947E+01  0.5525E+01  0.7104E+01  0.8682E+01  0.1026E+02  0.1184E+02  0.1342E+02  0.1500E+02  0.1658E+02  0.1815E+02  0.1973E+02  0.2131E+02  0.2289E+02  0.2447E+02  0.2605E+02  0.2763E+02  0.2920E+02  0.3078E+02  0.3236E+02  0.3394E+02  0.3552E+02  0.3710E+02  0.3828E+02  0.3907E+02
      3.2520      360.0000  0.7893E+00  0.2368E+01  0.3947E+01  0.5525E+01  0.7104E+01  0.8682E+01  0.1026E+02  0.1184E+02  0.1342E+02  0.1500E+02  0.1658E+02  0.1815E+02  0.1973E+02  0.2131E+02  0.2289E+02  0.2447E+02  0.2605E+02  0.2763E+02  0.2920E+02  0.3078E+02  0.3236E+02  0.3394E+02  0.3552E+02  0.3710E+02  0.3828E+02  0.3907E+02
      3.3875       10.0000  0.7893E+00  0.2368E+01  0.3947E+01  0.5525E+01  0.7104E+01  0.8682E+01  0.1026E+02  0.1184E+02  0.1342E+02  0.1500E+02  0.1658E+02  0.1815E+02  0.1973E+02  0.2131E+02  0.2289E+02  0.2447E+02  0.2605E+02  0.2763E+02  0.2920E+02  0.3078E+02  0.3236E+02  0.3394E+02  0.3552E+02  0.3710E+02  0.3828E+02  0.3907E+02
      3.5230       20.0000  0.7893E+00  0.2368E+01  0.3947E+01  0.5525E+01  0.7104E+01  0.8682E+01  0.1026E+02  0.1184E+02  0.1342E+02  0.1500E+02  0.1658E+02  0.1815E+02  0.1973E+02  0.2131E+02  0.2289E+02  0.2447E+02  0.2605E+02  0.2763E+02  0.2920E+02  0.3078E+02  0.3236E+02  0.3394E+02  0.3552E+02  0.3710E+02  0.3828E+02  0.3907E+02
      3.6585       30.0000  0.7893E+00  0.2368E+01  0.3947E+01  0.5525E+01  0.7104E+01  0.8682E+01  0.1026E+02  0.1184E+02  0.1342E+02  0.1500E+02  0.1658E+02  0.1815E+02  0.1973E+02  0.2131E+02  0.2289E+02  0.2447E+02  0.2605E+02  0.2763E+02  0.2920E+02  0.3078E+02  0.3236E+02  0.3394E+02  0.3552E+02  0.3710E+02  0.3828E+02  0.3907E+02
      3.7940       40.0000  0.7893E+00  0.2368E+01  0.3947E+01  0.5525E+01  0.7104E+01  0.8682E+01  0.1026E+02  0.1184E+02  0.1342E+02  0.1500E+02  0.1658E+02  0.1815E+02  0.1973E+02  0.2131E+02  0.2289E+02  0.2447E+02  0.2605E+02  0.2763E+02  0.2920E+02  0.3078E+02  0.3236E+02  0.3394E+02  0.3552E+02  0.3710E+02  0.3828E+02  0.3907E+02
      3.9295       50.0000  0.7893E+00  0.2368E+01  0.3947E+01  0.5525E+01  0.7104E+01  0.8682E+01  0.1026E+02  0.1184E+02  0.1342E+02  0.1500E+02  0.1658E+02  0.1815E+02  0.1973E+02  0.2131E+02  0.2289E+02  0.2447E+02  0.2605E+02  0.2763E+02  0.2920E+02  0.3078E+02  0.3236E+02  0.3394E+02  0.3552E+02  0.3710E+02  0.3828E+02  0.3907E+02
      4.0650       60.0000  0.7893E+00  0.2368E+01  0.3947E+01  0.5525E+01  0.7104E+01  0.8682E+01  0.1026E+02  0.1184E+02  0.1342E+02  0.1500E+02  0.1658E+02  0.1815E+02  0.1973E+02  0.2131E+02  0.2289E+02  0.2447E+02  0.2605E+02  0.2763E+02  0.2920E+02  0.3078E+02  0.3236E+02  0.3394E+02  0.3552E+02  0.3710E+02  0.3828E+02  0.3907E+02
      4.2005       70.0000  0.7893E+00  0.2368E+01  0.3947E+01  0.5525E+01  0.7104E+01  0.8682E+01  0.1026E+02  0.1184E+02  0.1342E+02  0.1500E+02  0.1658E+02  0.1815E+02  0.1973E+02  0.2131E+02  0.2289E+02  0.2447E+02  0.2605E+02  0.2763E+02  0.2920E+02  0.3078E+02  0.3236E+02  0.3394E+02  0.3552E+02  0.3710E+02  0.3828E+02  0.3907E+02
      4.3360       80.0000  0.7893E+00  0.2368E+01  0.3947E+01  0.5525E+01  0.7104E+01  0.8682E+01  0.1026E+02  0.1184E+02  0.1342E+02  0.1500E+02  0.1658E+02  0.1815E+02  0.1973E+02  0.2131E+02  0.2289E+02  0.2447E+02  0.2605E+02  0.2763E+02  0.2920E+02  0.3078E+02  0.3236E+02  0.3394E+02  0.3552E+02  0.3710E+02  0.3828E+02  0.3907E+02
      4.4715       90.0000  0.7893E+00  0.2368E+01  0.3947E+01  0.5525E+01  0.7104E+01  0.8682E+01  0.1026E+02  0.1184E+02  0.1342E+02  0.1500E+02  0.1658E+02  0.1815E+02  0.1973E+02  0.2131E+02  0.2289E+02  0.2447E+02  0.2605E+02  0.2763E+02  0.2920E+02  0.3078E+02  0.3236E+02  0.3394E+02  0.3552E+02  0.3710E+02  0.3828E+02  0.3907E+02
      4.6070      100.0000  0.7893E+00  0.2368E+01  0.3947E+01  0.5525E+01  0.7104E+01  0.8682E+01  0.1026E+02  0.1184E+02  0.1342E+02  0.1500E+02  0.1658E+02  0.1815E+02  0.1973E+02  0.2131E+02  0.2289E+02  0.2447E+02  0.2605E+02  0.2763E+02  0.2920E+02  0.3078E+02  0.3236E+02  0.3394E+02  0.3552E+02  0.3710E+02  0.3828E+02  0.3907E+02
      4.7425      110.0000  0.7893E+00  0.2368E+01  0.3947E+01  0.5525E+01  0.7104E+01  0.8682E+01  0.1026E+02  0.1184E+02  0.1342E+02  0.1500E+02  0.1658E+02  0.1815E+02  0.1973E+02  0.2131E+02  0.2289E+02  0.2447E+02  0.2605E+02  0.2763E+02  0.2920E+02  0.3078E+02  0.3236E+02  0.3394E+02  0.3552E+02  0.3710E+02  0.3828E+02  0.3907E+02
      4.8780      120.0000  0.7893E+00  0.2368E+01  0.3947E+01  0.5525E+01  0.7104E+01  0.8682E+01  0.1026E+02  0.1184E+02  0.1342E+02  0.1500E+02  0.1658E+02  0.1815E+02  0.1973E+02  0.2131E+02  0.2289E+02  0.2447E+02  0.2605E+02  0.2763E+02  0.2920E+02  0.3078E+02  0.3236E+02  0.3394E+02  0.3552E+02  0.3710E+02  0.3828E+02  0.3907E+02
      5.0136      130.0000  0.7893E+00  0.2368E+01  0.3947E+01  0.5525E+01  0.7104E+01  0.8682E+01  0.1026E+02  0.1184E+02  0.1342E+02  0.1500E+02  0.1658E+02  0.1815E+02  0.1973E+02  0.2131E+02  0.2289E+02  0.2447E+02  0.2605E+02  0.2763E+02  0.2920E+02  0.3078E+02  0.3236E+02  0.3394E+02  0.3552E+02  0.3710E+02  0.3828E+02  0.3907E+02
      5.1491      140.0000  0.7893E+00  0.2368E+01  0.3947E+01  0.5525E+01  0.7104E+01  0.8682E+01  0.1026E+02  0.1184E+02  0.1342E+02  0.1500E+02  0.1658E+02  0.1815E+02  0.1973E+02  0.2131E+02  0.2289E+02  0.2447E+02  0.2605E+02  0.2763E+02  0.2920E+02  0.3078E+02  0.3236E+02  0.3394E+02  0.3552E+02  0.3710E+02  0.3828E+02  0.3907E+02
      5.2846      150.0000  0.7893E+00  0.2368E+01  0.3947E+01  0.5525E+01  0.7104E+01  0.8682E+01  0.1026E+02  0.1184E+02  0.1342E+02  0.1500E+02  0.1658E+02  0.1815E+02  0.1973E+02  0.2131E+02  0.2289E+02  0.2447E+02  0.2605E+02  0.2763E+02  0.2920E+02  0.3078E+02  0.3236E+02  0.3394E+02  0.3552E+02  0.3710E+02  0.3828E+02  0.3907E+02
      5.4201      160.0000  0.7893E+00  0.2368E+01  0.3947E+01  0.5525E+01  0.7104E+01  0.8682E+01  0.1026E+02  0.1184E+02  0.1342E+02  0.1500E+02  0.1658E+02  0.1815E+02  0.1973E+02  0.2131E+02  0.2289E+02  0.2447E+02  0.2605E+02  0.2763E+02  0.2920E+02  0.3078E+02  0.3236E+02  0.3394E+02  0.3552E+02  0.3710E+02  0.3828E+02  0.3907E+02
      5.5556      170.0000  0.7893E+00  0.2368E+01  0.3947E+01  0.5525E+01  0.7104E+01  0.8682E+01  0.1026E+02  0.1184E+02  0.1342E+02  0.1500E+02  0.1658E+02  0.1815E+02  0.1973E+02  0.2131E+02  0.2289E+02  0.2447E+02  0.2605E+02  0.2763E+02  0.2920E+02  0.3078E+02  0.3236E+02  0.3394E+02  0.3552E+02  0.3710E+02  0.3828E+02  0.3907E+02
      5.6911      180.0000  0.7893E+00  0.2368E+01  0.3947E+01  0.5525E+01  0.7104E+01  0.8682E+01  0.1026E+02  0.1184E+02  0.1342E+02  0.1500E+02  0.1658E+02  0.1815E+02  0.1973E+02  0.2131E+02  0.2289E+02  0.2447E+02  0.2605E+02  0.2763E+02  0.2920E+02  0.3078E+02  0.3236E+02  0.3394E+02  0.3552E+02  0.3710E+02  0.3828E+02  0.3907E+02
      5.8266      190.0000  0.7893E+00  0.2368E+01  0.3947E+01  0.5525E+01  0.7104E+01  0.8682E+01  0.1026E+02  0.1184E+02  0.1342E+02  0.1500E+02  0.1658E+02  0.1815E+02  0.1973E+02  0.2131E+02  0.2289E+02  0.2447E+02  0.2605E+02  0.2763E+02  0.2920E+02  0.3078E+02  0.3236E+02  0.3394E+02  0.3552E+02  0.3710E+02  0.3828E+02  0.3907E+02
      5.9621      200.0000  0.7893E+00  0.2368E+01  0.3947E+01  0.5525E+01  0.7104E+01  0.8682E+01  0.1026E+02  0.1184E+02  0.1342E+02  0.1500E+02  0.1658E+02  0.1815E+02  0.1973E+02  0.2131E+02  0.2289E+02  0.2447E+02  0.2605E+02  0.2763E+02  0.2920E+02  0.3078E+02  0.3236E+02  0.3394E+02  0.3552E+02  0.3710E+02  0.3828E+02  0.3907E+02
      6.0976      210.0000  0.7893E+00  0.2368E+01  0.3947E+01  0.5525E+01  0.7104E+01  0.8682E+01  0.1026E+02  0.1184E+02  0.1342E+02  0.1500E+02  0.1658E+02  0.1815E+02  0.1973E+02  0.2131E+02  0.2289E+02  0.2447E+02  0.2605E+02  0.2763E+02  0.2920E+02  0.3078E+02  0.3236E+02  0.3394E+02  0.3552E+02  0.3710E+02  0.3828E+02  0.3907E+02
      6.2331      220.0000  0.7893E+00  0.2368E+01  0.3947E+01  0.5525E+01  0.7104E+01  0.8682E+01  0.1026E+02  0.1184E+02  0.1342E+02  0.1500E+02  0.1658E+02  0.1815E+02  0.1973E+02  0.2131E+02  0.2289E+02  0.2447E+02  0.2605E+02  0.2763E+02  0.2920E+02  0.3078E+02  0.3236E+02  0.3394E+02  0.3552E+02  0.3710E+02  0.3828E+02  0.3907E+02
      6.3686      230.0000  0.7893E+00  0.2368E+01  0.3947E+01  0.5525E+01  0.7104E+01  0.8682E+01  0.1026E+02  0.1184E+02  0.1342E+02  0.1500E+02  0.1658E+02  0.1815E+02  0.1973E+02  0.2131E+02  0.2289E+02  0.2447E+02  0.2605E+02  0.2763E+02  0.2920E+02  0.3078E+02  0.3236E+02  0.3394E+02  0.3552E+02  0.3710E+02  0.3828E+02  0.3907E+02
      6.5041      240.0000  0.7893E+00  0.2368E+01  0.3947E+01  0.5525E+01  0.7104E+01  0.8682E+01  0.1026E+02  0.1184E+02  0.1342E+02  0.1500E+02  0.1658E+02  0.1815E+02  0.1973E+02  0.2131E+02  0.2289E+02  0.2447E+02  0.2605E+02  0.2763E+02  0.2920E+02  0.3078E+02  0.3236E+02  0.3394E+02  0.3552E+02  0.3710E+02  0.3828E+02  0.3907E+02
      6.6396      250.0000  0.7893E+00  0.2368E+01  0.3947E+01  0.5525E+01  0.7104E+01  0.8682E+01  0.1026E+02  0.1184E+02  0.1342E+02  0.1500E+02  0.1658E+02  0.1815E+02  0.1973E+02  0.2131E+02  0.2289E+02  0.2447E+02  0.2605E+02  0.2763E+02  0.2920E+02  0.3078E+02  0.3236E+02  0.3394E+02  0.3552E+02  0.3710E+02  0.3828E+02  0.3907E+02
      6.7751      260.0000  0.7893E+00  0.2368E+01  0.3947E+01  0.5525E+01  0.7104E+01  0.8682E+01  0.1026E+02  0.1184E+02  0.1342E+02  0.1500E+02  0.1658E+02  0.1815E+02  0.1973E+02  0.2131E+02  0.2289E+02  0.2447E+02  0.2605E+02  0.2763E+02  0.2920E+02  0.3078E+02  0.3236E+02  0.3394E+02  0.3552E+02  0.3710E+02  0.3828E+02  0.3907E+02
      6.9106      270.0000  0.7893E+00  0.2368E+01  0.3947E+01  0.5525E+01  0.7104E+01  0.8682E+01  0.1026E+02  0.1184E+02  0.1342E+02  0.1500E+02  0.1658E+02  0.1815E+02  0.1973E+02  0.2131E+02  0.2289E+02  0.2447E+02  0.2605E+02  0.2763E+02  0.2920E+02  0.3078E+02  0.3236E+02  0.3394E+02  0.3552E+02  0.3710E+02  0.3828E+02  0.3907E+02
      7.0461      280.0000  0.7893E+00  0.2368E+01  0.3947E+01  0.5525E+01  0.7104E+01  0.8682E+01  0.1026E+02  0.1184E+02  0.1342E+02  0.1500E+02  0.1658E+02  0.1815E+02  0.1973E+02  0.2131E+02  0.2289E+02  0.2447E+02  0.2605E+02  0.2763E+02  0.2920E+02  0.3078E+02  0.3236E+02  0.3394E+02  0.3552E+02  0.3710E+02  0.3828E+02  0.3907E+02
      7.1816      290.0000  0.7893E+00  0.2368E+01  0.3947E+01  0.5525E+01  0.7104E+01  0.8682E+01  0.1026E+02  0.1184E+02  0.1342E+02  0.1500E+02  0.1658E+02  0.1815E+02  0.1973E+02  0.2131E+02  0.2289E+02  0.2447E+02  0.2605E+02  0.2763E+02  0.2920E+02  0.3078E+02  0.3236E+02  0.3394E+02  0.3552E+02  0.3710E+02  0.3828E+02  0.3907E+02
      7.3171      300.0000  0.7893E+00  0.2368E+01  0.3947E+01  0.5525E+01  0.7104E+01  0.8682E+01  0.1026E+02  0.1184E+02  0.1342E+02  0.1500E+02  0.1658E+02  0.1815E+02  0.1973E+02  0.2131E+02  0.2289E+02  0.2447E+02  0.2605E+02  0.2763E+02  0.2920E+02  0.3078E+02  0.3236E+02  0.3394E+02  0.3552E+02  0.3710E+02  0.3828E+02  0.3907E+02
      7.4526      310.0000  0.7893E+00  0.2368E+01  0.3947E+01  0.5525E+01  0.7104E+01  0.8682E+01  0.1026E+02  0.1184E+02  0.1342E+02  0.1500E+02  0.1658E+02  0.1815E+02  0.1973E+02  0.2131E+02  0.2289E+02  0.2447E+02  0.2605E+02  0.2763E+02  0.2920E+02  0.3078E+02  0.3236E+02  0.3394E+02  0.3552E+02  0.3710E+02  0.3828E+02  0.3907E+02
      7.5881      320.0000  0.7893E+00  0.2368E+01  0.3947E+01  0.5525E+01  0.7104E+01  0.8682E+01  0.1026E+02  0.1184E+02  0.1342E+02  0.1500E+02  0.1658E+02  0.1815E+02  0.1973E+02  0.2131E+02  0.2289E+02  0.2447E+02  0.2605E+02  0.2763E+02  0.2920E+02  0.3078E+02  0.3236E+02  0.3394E+02  0.3552E+02  0.3710E+02  0.3828E+02  0.3907E+02
      7.7236      330.0000  0.7893E+00  0.2368E+01  0.3947E+01  0.5525E+01  0.7104E+01  0.8682E+01  0.1026E+02  0.1184E+02  0.1342E+02  0.1500E+02  0.1658E+02  0.1815E+02  0.1973E+02  0.2131E+02  0.2289E+02  0.2447E+02  0.2605E+02  0.2763E+02  0.2920E+02  0.3078E+02  0.3236E+02  0.3394E+02  0.3552E+02  0.3710E+02  0.3828E+02  0.3907E+02
      7.8591      340.0000  0.7893E+00  0.2368E+01  0.3947E+01  0.5525E+01  0.7104E+01  0.8682E+01  0.1026E+02  0.1184E+02  0.1342E+02  0.1500E+02  0.1658E+02  0.1815E+02  0.1973E+02  0.2131E+02  0.2289E+02  0.2447E+02  0.2605E+02  0.2763E+02  0.2920E+02  0.3078E+02  0.3236E+02  0.3394E+02  0.3552E+02  0.3710E+02  0.3828E+02  0.3907E+02
      7.9946      350.0000  0.7893E+00  0.2368E+01  0.3947E+01  0.5525E+01  0.7104E+01  0.8682E+01  0.1026E+02  0.1184E+02  0.1342E+02  0.1500E+02  0.1658E+02  0.1815E+02  0.1973E+02  0.2131E+02  0.2289E+02  0.2447E+02  0.2605E+02  0.2763E+02  0.2920E+02  0.3078E+02  0.3236E+02  0.3394E+02  0.3552E+02  0.3710E+02  0.3828E+02  0.3907E+02
      8.1301      360.0000  0.7893E+00  0.2368E+01  0.3947E+01  0.5525E+01  0.7104E+01  0.8682E+01  0.1026E+02  0.1184E+02  0.1342E+02  0.1500E+02  0.1658E+02  0.1815E+02  0.1973E+02  0.2131E+02  0.2289E+02  0.2447E+02  0.2605E+02  0.2763E+02  0.2920E+02  0.3078E+02  0.3236E+02  0.3394E+02  0.3552E+02  0.3710E+02  0.3828E+02  0.3907E+02
      8.2656       10.0000  0.7893E+00  0.2368E+01  0.3947E+01  0.5525E+01  0.7104E+01  0.8682E+01  0.1026E+02  0.1184E+02  0.1342E+02  0.1500E+02  0.1658E+02  0.1815E+02  0.1973E+02  0.2131E+02  0.2289E+02  0.2447E+02  0.2605E+02  0.2763E+02  0.2920E+02  0.3078E+02  0.3236E+02  0.3394E+02  0.3552E+02  0.3710E+02  0.3828E+02  0.3907E+02
      8.4011       20.0000  0.7893E+00  0.2368E+01  0.3947E+01  0.5525E+01  0.7104E+01  0.8682E+01  0.1026E+02  0.1184E+02  0.1342E+02  0.1500E+02  0.1658E+02  0.1815E+02  0.1973E+02  0.2131E+02  0.2289E+02  0.2447E+02  0.2605E+02  0.2763E+02  0.2920E+02  0.3078E+02  0.3236E+02  0.3394E+02  0.3552E+02  0.3710E+02  0.3828E+02  0.3907E+02
      8.5366       30.0000  0.7893E+00  0.2368E+01  0.3947E+01  0.5525E+01  0.7104E+01  0.8682E+01  0.1026E+02  0.1184E+02  0.1342E+02  0.1500E+02  0.1658E+02  0.1815E+02  0.1973E+02  0.2131E+02  0.2289E+02  0.2447E+02  0.2605E+02  0.2763E+02  0.2920E+02  0.3078E+02  0.3236E+02  0.3394E+02  0.3552E+02  0.3710E+02  0.3828E+02  0.3907E+02
      8.6721       40.0000  0.7893E+00  0.2368E+01  0.3947E+01  0.5525E+01  0.7104E+01  0.8682E+01  0.1026E+02  0.1184E+02  0.1342E+02  0.1500E+02  0.1658E+02  0.1815E+02  0.1973E+02  0.2131E+02  0.2289E+02  0.2447E+02  0.2605E+02  0.2763E+02  0.2920E+02  0.3078E+02  0.3236E+02  0.3394E+02  0.3552E+02  0.3710E+02  0.3828E+02  0.3907E+02
      8.8076       50.0000  0.7893E+00  0.2368E+01  0.3947E+01  0.5525E+01  0.7104E+01  0.8682E+01  0.1026E+02  0.1184E+02  0.1342E+02  0.1500E+02  0.1658E+02  0.1815E+02  0.1973E+02  0.2131E+02  0.2289E+02  0.2447E+02  0.2605E+02  0.2763E+02  0.2920E+02  0.3078E+02  0.3236E+02  0.3394E+02  0.3552E+02  0.3710E+02  0.3828E+02  0.3907E+02
      8.9431       60.0000  0.7893E+00  0.2368E+01  0.3947E+01  0.5525E+01  0.7104E+01  0.8682E+01  0.1026E+02  0.1184E+02  0.1342E+02  0.1500E+02  0.1658E+02  0.1815E+02  0.1973E+02  0.2131E+02  0.2289E+02  0.2447E+02  0.2605E+02  0.2763E+02  0.2920E+02  0.3078E+02  0.3236E+02  0.3394E+02  0.3552E+02  0.3710E+02  0.3828E+02  0.3907E+02
      9.0786       70.0000  0.7893E+00  0.2368E+01  0.3947E+01  0.5525E+01  0.7104E+01  0.8682E+01  0.1026E+02  0.1184E+02  0.1342E+02  0.1500E+02  0.1658E+02  0.1815E+02  0.1973E+02  0.2131E+02  0.2289E+02  0.2447E+02  0.2605E+02  0.2763E+02  0.2920E+02  0.3078E+02  0.3236E+02  0.3394E+02  0.3552E+02  0.3710E+02  0.3828E+02  0.3907E+02
      9.2141       80.0000  0.7893E+00  0.2368E+01  0.3947E+01  0.5525E+01  0.7104E+01  0.8682E+01  0.1026E+02  0.1184E+02  0.1342E+02  0.1500E+02  0.1658E+02  0.1815E+02  0.1973E+02  0.2131E+02  0.2289E+02  0.2447E+02  0.2605E+02  0.2763E+02  0.2920E+02  0.3078E+02  0.3236E+02  0.3394E+02  0.3552E+02  0.3710E+02  0.3828E+02  0.3907E+02
      9.3496       90.0000  0.7893E+00  0.2368E+01  0.3947E+01  0.5525E+01  0.7104E+01  0.8682E+01  0.1026E+02  0.1184E+02  0.1342E+02  0.1500E+02  0.1658E+02  0.1815E+02  0.1973E+02  0.2131E+02  0.2289E+02  0.2447E+02  0.2605E+02  0.2763E+02  0.2920E+02  0.3078E+02  0.3236E+02  0.3394E+02  0.3552E+02  0.3710E+02  0.3828E+02  0.3907E+02
      9.4851      100.0000  0.7893E+00  0.2368E+01  0.3947E+01  0.5525E+01  0.7104E+01  0.8682E+01  0.1026E+02  0.1184E+02  0.1342E+02  0.1500E+02  0.1658E+02  0.1815E+02  0.1973E+02  0.2131E+02  0.2289E+02  0.2447E+02  0.2605E+02  0.2763E+02  0.2920E+02  0.3078E+02  0.3236E+02  0.3394E+02  0.3552E+02  0.3710E+02  0.3828E+02  0.3907E+02
      9.6206      110.0000  0.7893E+00  0.2368E+01  0.3947E+01  0.5525E+01  0.7104E+01  0.8682E+01  0.1026E+02  0.1184E+02  0.1342E+02  0.1500E+02  0.1658E+02  0.1815E+02  0.1973E+02  0.2131E+02  0.2289E+02  0.2447E+02  0.2605E+02  0.2763E+02  0.2920E+02  0.3078E+02  0.3236E+02  0.3394E+02  0.3552E+02  0.3710E+02  0.3828E+02  0.3907E+02
      9.7561      120.0000  0.7893E+00  0.2368E+01  0.3947E+01  0.5525E+01  0.7104E+01  0.8682E+01  0.1026E+02  0.1184E+02  0.1342E+02  0.1500E+02  0.1658E+02  0.1815E+02  0.1973E+02  0.2131E+02  0.2289E+02  0.2447E+02  0.2605E+02  0.2763E+02  0.2920E+02  0.3078E+02  0.3236E+02  0.3394E+02  0.3552E+02  0.3710E+02  0.3828E+02  0.3907E+02
      9.8916      130.0000  0.7893E+00  0.2368E+01  0.3947E+01  0.5525E+01  0.7104E+01  0.8682E+01  0.1026E+02  0.1184E+02  0.1342E+02  0.1500E+02  0.1658E+02  0.1815E+02  0.1973E+02  0.2131E+02  0.2289E+02  0.2447E+02  0.2605E+02  0.2763E+02  0.2920E+02  0.3078E+02  0.3236E+02  0.3394E+02  0.3552E+02  0.3710E+02  0.3828E+02  0.3907E+02
     10.0271      140.0000  0.7893E+00  0.2368E+01  0.3947E+01  0.5525E+01  0.7104E+01  0.8682E+01  0.1026E+02  0.1184E+02  0.1342E+02  0.1500E+02  0.1658E+02  0.1815E+02  0.1973E+02  0.2131E+02  0.2289E+02  0.2447E+02  0.2605E+02  0.2763E+02  0.2920E+02  0.3078E+02  0.3236E+02  0.3394E+02  0.3552E+02  0.3710E+02  0.3828E+02  0.3907E+02
     10.1626      150.0000  0.7893E+00  0.2368E+01  0.3947E+01  0.5525E+01  0.7104E+01  0.8682E+01  0.1026E+02  0.1184E+02  0.1342E+02  0.1500E+02  0.1658E+02  0.1815E+02  0.1973E+02  0.2131E+02  0.2289E+02  0.2447E+02  0.2605E+02  0.2763E+02  0.2920E+02  0.3078E+02  0.3236E+02  0.3394E+02  0.3552E+02  0.3710E+02  0.3828E+02  0.3907E+02
     10.2981      160.0000  0.7893E+00  0.2368E+01  0.3947E+01  0.5525E+01  0.7104E+01  0.8682E+01  0.1026E+02  0.1184E+02  0.1342E+02  0.1500E+02  0.1658E+02  0.1815E+02  0.1973E+02  0.2131E+02  0.2289E+02  0.2447E+02  0.2605E+02  0.2763E+02  0.2920E+02  0.3078E+02  0.3236E+02  0.3394E+02  0.3552E+02  0.3710E+02  0.3828E+02  0.3907E+02
     10.4336      170.0000  0.7893E+00  0.2368E+01  0.3947E+01  0.5525E+01  0.7104E+01  0.8682E+01  0.1026E+02  0.1184E+02  0.1342E+02  0.1500E+02  0.1658E+02  0.1815E+02  0.1973E+02  0.2131E+02  0.2289E+02  0.2447E+02  0.2605E+02  0.2763E+02  0.2920E+02  0.3078E+02  0.3236E+02  0.3394E+02  0.3552E+02  0.3710E+02  0.3828E+02  0.3907E+02
     10.5691      180.0000  0.7893E+00  0.2368E+01  0.3947E+01  0.5525E+01  0.7104E+01  0.8682E+01  0.1026E+02  0.1184E+02  0.1342E+02  0.1500E+02  0.1658E+02  0.1815E+02  0.1973E+02  0.2131E+02  0.2289E+02  0.2447E+02  0.2605E+02  0.2763E+02  0.2920E+02  0.3078E+02  0.3236E+02  0.3394E+02  0.3552E+02  0.3710E+02  0.3828E+02  0.3907E+02
     10.7046      190.0000  0.7893E+00  0.2368E+01  0.3947E+01  0.5525E+01  0.7104E+01  0.8682E+01  0.1026E+02  0.1184E+02  0.1342E+02  0.1500E+02  0.1658E+02  0.1815E+02  0.1973E+02  0.2131E+02  0.2289E+02  0.2447E+02  0.2605E+02  0.2763E+02  0.2920E+02  0.3078E+02  0.3236E+02  0.3394E+02  0.3552E+02  0.3710E+02  0.3828E+02  0.3907E+02
     10.8401      200.0000  0.7893E+00  0.2368E+01  0.3947E+01  0.5525E+01  0.7104E+01  0.8682E+01  0.1026E+02  0.1184E+02  0.1342E+02  0.1500E+02  0.1658E+02  0.1815E+02  0.1973E+02  0.2131E+02  0.2289E+02  0.2447E+02  0.2605E+02  0.2763E+02  0.2920E+02  0.3078E+02  0.3236E+02  0.3394E+02  0.3552E+02  0.3710E+02  0.3828E+02  0.3907E+02
     10.9756      210.0000  0.7893E+00  0.2368E+01  0.3947E+01  0.5525E+01  0.7104E+01  0.8682E+01  0.1026E+02  0.1184E+02  0.1342E+02  0.1500E+02  0.1658E+02  0.1815E+02  0.1973E+02  0.2131E+02  0.2289E+02  0.2447E+02  0.2605E+02  0.2763E+02  0.2920E+02  0.3078E+02  0.3236E+02  0.3394E+02  0.3552E+02  0.3710E+02  0.3828E+02  0.3907E+02
     11.1111      220.0000  0.7893E+00  0.2368E+01  0.3947E+01  0.5525E+01  0.7104E+01  0.8682E+01  0.1026E+02  0.1184E+02  0.1342E+02  0.1500E+02  0.1658E+02  0.1815E+02  0.1973E+02  0.2131E+02  0.2289E+02  0.2447E+02  0.2605E+02  0.2763E+02  0.2920E+02  0.3078E+02  0.3236E+02  0.3394E+02  0.3552E+02  0.3710E+02  0.3828E+02  0.3907E+02
     11.2466      230.0000  0.7893E+00  0.2368E+01  0.3947E+01  0.5525E+01  0.7104E+01  0.8682E+01  0.1026E+02  0.1184E+02  0.1342E+02  0.1500E+02  0.1658E+02  0.1815E+02  0.1973E+02  0.2131E+02  0.2289E+02  0.2447E+02  0.2605E+02  0.2763E+02  0.2920E+02  0.3078E+02  0.3236E+02  0.3394E+02  0.3552E+02  0.3710E+02  0.3828E+02  0.3907E+02
     11.3821      240.0000  0.7893E+00  0.2368E+01  0.3947E+01  0.5525E+01  0.7104E+01  0.8682E+01  0.1026E+02  0.1184E+02  0.1342E+02  0.1500E+02  0.1658E+02  0.1815E+02  0.1973E+02  0.2131E+02  0.2289E+02  0.2447E+02  0.2605E+02  0.2763E+02  0.2920E+02  0.3078E+02  0.3236E+02  0.3394E+02  0.3552E+02  0.3710E+02  0.3828E+02  0.3907E+02
     11.5176      250.0000  0.7893E+00  0.2368E+01  0.3947E+01  0.5525E+01  0.7104E+01  0.8682E+01  0.1026E+02  0.1184E+02  0.1342E+02  0.1500E+02  0.1658E+02  0.1815E+02  0.1973E+02  0.2131E+02  0.2289E+02  0.2447E+02  0.2605E+02  0.2763E+02  0.2920E+02  0.3078E+02  0.3236E+02  0.3394E+02  0.3552E+02  0.3710E+02  0.3828E+02  0.3907E+02
     11.6531      260.0000  0.7893E+00  0.2368E+01  0.3947E+01  0.5525E+01  0.7104E+01  0.8682E+01  0.1026E+02  0.1184E+02  0.1342E+02  0.1500E+02  0.1658E+02  0.1815E+02  0.1973E+02  0.2131E+02  0.2289E+02  0.2447E+02  0.2605E+02  0.2763E+02  0.2920E+02  0.3078E+02  0.3236E+02  0.3394E+02  0.3552E+02  0.3710E+02  0.3828E+02  0.3907E+02
     11.7886      270.0000  0.7893E+00  0.2368E+01  0.3947E+01  0.5525E+01  0.7104E+01  0.8682E+01  0.1026E+02  0.1184E+02  0.1342E+02  0.1500E+02  0.1658E+02  0.1815E+02  0.1973E+02  0.2131E+02  0.2289E+02  0.2447E+02  0.2605E+02  0.2763E+02  0.2920E+02  0.3078E+02  0.3236E+02  0.3394E+02  0.3552E+02  0.3710E+02  0.3828E+02  0.3907E+02
     11.9241      280.0000  0.7893E+00  0.2368E+01  0.3947E+01  0.5525E+01  0.7104E+01  0.8682E+01  0.1026E+02  0.1184E+02  0.1342E+02  0.1500E+02  0.1658E+02  0.1815E+02  0.1973E+02  0.2131E+02  0.2289E+02  0.2447E+02  0.2605E+02  0.2763E+02  0.2920E+02  0.3078E+02  0.3236E+02  0.3394E+02  0.3552E+02  0.3710E+02  0.3828E+02  0.3907E+02
     12.0596      290.0000  0.7893E+00  0.2368E+01  0.3947E+01  0.5525E+01  0.7104E+01  0.8682E+01  0.1026E+02  0.1184E+02  0.1342E+02  0.1500E+02  0.1658E+02  0.1815E+02  0.1973E+02  0.2131E+02  0.2289E+02  0.2447E+02  0.2605E+02  0.2763E+02  0.2920E+02  0.3078E+02  0.3236E+02  0.3394E+02  0.3552E+02  0.3710E+02  0.3828E+02  0.3907E+02
     12.1951      300.0000  0.7893E+00  0.2368E+01  0.3947E+01  0.5525E+01  0.7104E+01  0.8682E+01  0.1026E+02  0.1184E+02  0.1342E+02  0.1500E+02  0.1658E+02  0.1815E+02  0.1973E+02  0.2131E+02  0.2289E+02  0.2447E+02  0.2605E+02  0.2763E+02  0.2920E+02  0.3078E+02  0.3236E+02  0.3394E+02  0.3552E+02  0.3710E+02  0.3828E+02  0.3907E+02
     12.3306      310.0000  0.7893E+00  0.2368E+01  0.3947E+01  0.5525E+01  0.7104E+01  0.8682E+01  0.1026E+02  0.1184E+02  0.1342E+02  0.1500E+02  0.1658E+02  0.1815E+02  0.1973E+02  0.2131E+02  0.2289E+02  0.2447E+02  0.2605E+02  0.2763E+02  0.2920E+02  0.3078E+02  0.3236E+02  0.3394E+02  0.3552E+02  0.3710E+02  0.3828E+02  0.3907E+02
     12.4661      320.0000  0.7893E+00  0.2368E+01  0.3947E+01  0.5525E+01  0.7104E+01  0.8682E+01  0.1026E+02  0.1184E+02  0.1342E+02  0.1500E+02  0.1658E+02  0.1815E+02  0.1973E+02  0.2131E+02  0.2289E+02  0.2447E+02  0.2605E+02  0.2763E+02  0.2920E+02  0.3078E+02  0.3236E+02  0.3394E+02  0.3552E+02  0.3710E+02  0.3828E+02  0.3907E+02
     12.6016      330.0000  0.7893E+00  0.2368E+01  0.3947E+01  0.5525E+01  0.7104E+01  0.8682E+01  0.1026E+02  0.1184E+02  0.1342E+02  0.1500E+02  0.1658E+02  0.1815E+02  0.1973E+02  0.2131E+02  0.2289E+02  0.2447E+02  0.2605E+02  0.2763E+02  0.2920E+02  0.3078E+02  0.3236E+02  0.3394E+02  0.3552E+02  0.3710E+02  0.3828E+02  0.3907E+02
     12.7371      340.0000  0.7893E+00  0.2368E+01  0.3947E+01  0.5525E+01  0.7104E+01  0.8682E+01  0.1026E+02  0.1184E+02  0.1342E+02  0.1500E+02  0.1658E+02  0.1815E+02  0.1973E+02  0.2131E+02  0.2289E+02  0.2447E+02  0.2605E+02  0.2763E+02  0.2920E+02  0.3078E+02  0.3236E+02  0.3394E+02  0.3552E+02  0.3710E+02  0.3828E+02  0.3907E+02
     12.8726      350.0000  0.7893E+00  0.2368E+01  0.3947E+01  0.5525E+01  0.7104E+01  0.8682E+01  0.1026E+02  0.1184E+02  0.1342E+02  0.1500E+02  0.1658E+02  0.1815E+02  0.1973E+02  0.2131E+02  0.2289E+02  0.2447E+02  0.2605E+02  0.2763E+02  0.2920E+02  0.3078E+02  0.3236E+02  0.3394E+02  0.3552E+02  0.3710E+02  0.3828E+02  0.3907E+02
     13.0081      360.0000  0.7893E+00  0.2368E+01  0.3947E+01  0.5525E+01  0.7104E+01  0.8682E+01  0.1026E+02  0.1184E+02  0.1342E+02  0.1500E+02  0.1658E+02  0.1815E+02  0.1973E+02  0.2131E+02  0.2289E+02  0.2447E+02  0.2605E+02  0.2763E+02  0.2920E+02  0.3078E+02  0.3236E+02  0.3394E+02  0.3552E+02  0.3710E+02  0.3828E+02  0.3907E+02
     13.1436       10.0000  0.7893E+00  0.2368E+01  0.3947E+01  0.5525E+01  0.7104E+01  0.8682E+01  0.1026E+02  0.1184E+02  0.1342E+02  0.1500E+02  0.1658E+02  0.1815E+02  0.1973E+02  0.2131E+02  0.2289E+02  0.2447E+02  0.2605E+02  0.2763E+02  0.2920E+02  0.3078E+02  0.3236E+02  0.3394E+02  0.3552E+02  0.3710E+02  0.3828E+02  0.3907E+02
     13.2791       20.0000  0.7893E+00  0.2368E+01  0.3947E+01  0.5525E+01  0.7104E+01  0.8682E+01  0.1026E+02  0.1184E+02  0.1342E+02  0.1500E+02  0.1658E+02  0.1815E+02  0.1973E+02  0.2131E+02  0.2289E+02  0.2447E+02  0.2605E+02  0.2763E+02  0.2920E+02  0.3078E+02  0.3236E+02  0.3394E+02  0.3552E+02  0.3710E+02  0.3828E+02  0.3907E+02
     13.4146       30.0000  0.7893E+00  0.2368E+01  0.3947E+01  0.5525E+01  0.7104E+01  0.8682E+01  0.1026E+02  0.1184E+02  0.1342E+02  0.1500E+02  0.1658E+02  0.1815E+02  0.1973E+02  0.2131E+02  0.2289E+02  0.2447E+02  0.2605E+02  0.2763E+02  0.2920E+02  0.3078E+02  0.3236E+02  0.3394E+02  0.3552E+02  0.3710E+02  0.3828E+02  0.3907E+02
     13.5501       40.0000  0.7893E+00  0.2368E+01  0.3947E+01  0.5525E+01  0.7104E+01  0.8682E+01  0.1026E+02  0.1184E+02  0.1342E+02  0.1500E+02  0.1658E+02  0.1815E+02  0.1973E+02  0.2131E+02  0.2289E+02  0.2447E+02  0.2605E+02  0.2763E+02  0.2920E+02  0.3078E+02  0.3236E+02  0.3394E+02  0.3552E+02  0.3710E+02  0.3828E+02  0.3907E+02
     13.6856       50.0000  0.7893E+00  0.2368E+01  0.3947E+01  0.5525E+01  0.7104E+01  0.8682E+01  0.1026E+02  0.1184E+02  0.1342E+02  0.1500E+02  0.1658E+02  0.1815E+02  0.1973E+02  0.2131E+02  0.2289E+02  0.2447E+02  0.2605E+02  0.2763E+02  0.2920E+02  0.3078E+02  0.3236E+02  0.3394E+02  0.3552E+02  0.3710E+02  0.3828E+02  0.3907E+02
     13.8211       60.0000  0.7893E+00  0.2368E+01  0.3947E+01  0.5525E+01  0.7104E+01  0.8682E+01  0.1026E+02  0.1184E+02  0.1342E+02  0.1500E+02  0.1658E+02  0.1815E+02  0.1973E+02  0.2131E+02  0.2289E+02  0.2447E+02  0.2605E+02  0.2763E+02  0.2920E+02  0.3078E+02  0.3236E+02  0.3394E+02  0.3552E+02  0.3710E+02  0.3828E+02  0.3907E+02
     13.9566       70.0000  0.7893E+00  0.2368E+01  0.3947E+01  0.5525E+01  0.7104E+01  0.8682E+01  0.1026E+02  0.1184E+02  0.1342E+02  0.1500E+02  0.1658E+02  0.1815E+02  0.1973E+02  0.2131E+02  0.2289E+02  0.2447E+02  0.2605E+02  0.2763E+02  0.2920E+02  0.3078E+02  0.3236E+02  0.3394E+02  0.3552E+02  0.3710E+02  0.3828E+02  0.3907E+02
     14.0921       80.0000  0.7893E+00  0.2368E+01  0.3947E+01  0.5525E+01  0.7104E+01  0.8682E+01  0.1026E+02  0.1184E+02  0.1342E+02  0.1500E+02  0.1658E+02  0.1815E+02  0.1973E+02  0.2131E+02  0.2289E+02  0.2447E+02  0.2605E+02  0.2763E+02  0.2920E+02  0.3078E+02  0.3236E+02  0.3394E+02  0.3552E+02  0.3710E+02  0.3828E+02  0.3907E+02
     14.2276       90.0000  0.7893E+00  0.2368E+01  0.3947E+01  0.5525E+01  0.7104E+01  0.8682E+01  0.1026E+02  0.1184E+02  0.1342E+02  0.1500E+02  0.1658E+02  0.1815E+02  0.1973E+02  0.2131E+02  0.2289E+02  0.2447E+02  0.2605E+02  0.2763E+02  0.2920E+02  0.3078E+02  0.3236E+02  0.3394E+02  0.3552E+02  0.3710E+02  0.3828E+02  0.3907E+02
     14.3631      100.0000  0.7893E+00  0.2368E+01  0.3947E+01  0.5525E+01  0.7104E+01  0.8682E+01  0.1026E+02  0.1184E+02  0.1342E+02  0.1500E+02  0.1658E+02  0.1815E+02  0.1973E+02  0.2131E+02  0.2289E+02  0.2447E+02  0.2605E+02  0.2763E+02  0.2920E+02  0.3078E+02  0.3236E+02  0.3394E+02  0.3552E+02  0.3710E+02  0.3828E+02  0.3907E+02
     14.4986      110.0000  0.7893E+00  0.2368E+01  0.3947E+01  0.5525E+01  0.7104E+01  0.8682E+01  0.1026E+02  0.1184E+02  0.1342E+02  0.1500E+02  0.1658E+02  0.1815E+02  0.1973E+02  0.2131E+02  0.2289E+02  0.2447E+02  0.2605E+02  0.2763E+02  0.2920E+02  0.3078E+02  0.3236E+02  0.3394E+02  0.3552E+02  0.3710E+02  0.3828E+02  0.3907E+02
     14.6341      120.0000  0.7893E+00  0.2368E+01  0.3947E+01  0.5525E+01  0.7104E+01  0.8682E+01  0.1026E+02  0.1184E+02  0.1342E+02  0.1500E+02  0.1658E+02  0.1815E+02  0.1973E+02  0.2131E+02  0.2289E+02  0.2447E+02  0.2605E+02  0.2763E+02  0.2920E+02  0.3078E+02  0.3236E+02  0.3394E+02  0.3552E+02  0.3710E+02  0.3828E+02  0.3907E+02
     14.7696      130.0000  0.7893E+00  0.2368E+01  0.3947E+01  0.5525E+01  0.7104E+01  0.8682E+01  0.1026E+02  0.1184E+02  0.1342E+02  0.1500E+02  0.1658E+02  0.1815E+02  0.1973E+02  0.2131E+02  0.2289E+02  0.2447E+02  0.2605E+02  0.2763E+02  0.2920E+02  0.3078E+02  0.3236E+02  0.3394E+02  0.3552E+02  0.3710E+02  0.3828E+02  0.3907E+02
     14.9051      140.0000  0.7893E+00  0.2368E+01  0.3947E+01  0.5525E+01  0.7104E+01  0.8682E+01  0.1026E+02  0.1184E+02  0.1342E+02  0.1500E+02  0.1658E+02  0.1815E+02  0.1973E+02  0.2131E+02  0.2289E+02  0.2447E+02  0.2605E+02  0.2763E+02  0.2920E+02  0.3078E+02  0.3236E+02  0.3394E+02  0.3552E+02  0.3710E+02  0.3828E+02  0.3907E+02
     15.0407      150.0000  0.7893E+00  0.2368E+01  0.3947E+01  0.5525E+01  0.7104E+01  0.8682E+01  0.1026E+02  0.1184E+02  0.1342E+02  0.1500E+02  0.1658E+02  0.1815E+02  0.1973E+02  0.2131E+02  0.2289E+02  0.2447E+02  0.2605E+02  0.2763E+02  0.2920E+02  0.3078E+02  0.3236E+02  0.3394E+02  0.3552E+02  0.3710E+02  0.3828E+02  0.3907E+02
     15.1762      160.0000  0.7893E+00  0.2368E+01  0.3947E+01  0.5525E+01  0.7104E+01  0.8682E+01  0.1026E+02  0.1184E+02  0.1342E+02  0.1500E+02  0.1658E+02  0.1815E+02  0.1973E+02  0.2131E+02  0.2289E+02  0.2447E+02  0.2605E+02  0.2763E+02  0.2920E+02  0.3078E+02  0.3236E+02  0.3394E+02  0.3552E+02  0.3710E+02  0.3828E+02  0.3907E+02
     15.3117      170.0000  0.7893E+00  0.2368E+01  0.3947E+01  0.5525E+01  0.7104E+01  0.8682E+01  0.1026E+02  0.1184E+02  0.1342E+02  0.1500E+02  0.1658E+02  0.1815E+02  0.1973E+02  0.2131E+02  0.2289E+02  0.2447E+02  0.2605E+02  0.2763E+02  0.2920E+02  0.3078E+02  0.3236E+02  0.3394E+02  0.3552E+02  0.3710E+02  0.3828E+02  0.3907E+02
     15.4472      180.0000  0.7893E+00  0.2368E+01  0.3947E+01  0.5525E+01  0.7104E+01  0.8682E+01  0.1026E+02  0.1184E+02  0.1342E+02  0.1500E+02  0.1658E+02  0.1815E+02  0.1973E+02  0.2131E+02  0.2289E+02  0.2447E+02  0.2605E+02  0.2763E+02  0.2920E+02  0.3078E+02  0.3236E+02  0.3394E+02  0.3552E+02  0.3710E+02  0.3828E+02  0.3907E+02
     15.5827      190.0000  0.7893E+00  0.2368E+01  0.3947E+01  0.5525E+01  0.7104E+01  0.8682E+01  0.1026E+02  0.1184E+02  0.1342E+02  0.1500E+02  0.1658E+02  0.1815E+02  0.1973E+02  0.2131E+02  0.2289E+02  0.2447E+02  0.2605E+02  0.2763E+02  0.2920E+02  0.3078E+02  0.3236E+02  0.3394E+02  0.3552E+02  0.3710E+02  0.3828E+02  0.3907E+02
     15.7182      200.0000  0.7893E+00  0.2368E+01  0.3947E+01  0.5525E+01  0.7104E+01  0.8682E+01  0.1026E+02  0.1184E+02  0.1342E+02  0.1500E+02  0.1658E+02  0.1815E+02  0.1973E+02  0.2131E+02  0.2289E+02  0.2447E+02  0.2605E+02  0.2763E+02  0.2920E+02  0.3078E+02  0.3236E+02  0.3394E+02  0.3552E+02  0.3710E+02  0.3828E+02  0.3907E+02
     15.8537      210.0000  0.7893E+00  0.2368E+01  0.3947E+01  0.5525E+01  0.7104E+01  0.8682E+01  0.1026E+02  0.1184E+02  0.1342E+02  0.1500E+02  0.1658E+02  0.1815E+02  0.1973E+02  0.2131E+02  0.2289E+02  0.2447E+02  0.2605E+02  0.2763E+02  0.2920E+02  0.3078E+02  0.3236E+02  0.3394E+02  0.3552E+02  0.3710E+02  0.3828E+02  0.3907E+02
     15.9892      220.0000  0.7893E+00  0.2368E+01  0.3947E+01  0.5525E+01  0.7104E+01  0.8682E+01  0.1026E+02  0.1184E+02  0.1342E+02  0.1500E+02  0.1658E+02  0.1815E+02  0.1973E+02  0.2131E+02  0.2289E+02  0.2447E+02  0.2605E+02  0.2763E+02  0.2920E+02  0.3078E+02  0.3236E+02  0.3394E+02  0.3552E+02  0.3710E+02  0.3828E+02  0.3907E+02
     16.1247      230.0000  0.7893E+00  0.2368E+01  0.3947E+01  0.5525E+01  0.7104E+01  0.8682E+01  0.1026E+02  0.1184E+02  0.1342E+02  0.1500E+02  0.1658E+02  0.1815E+02  0.1973E+02  0.2131E+02  0.2289E+02  0.2447E+02  0.2605E+02  0.2763E+02  0.2920E+02  0.3078E+02  0.3236E+02  0.3394E+02  0.3552E+02  0.3710E+02  0.3828E+02  0.3907E+02
     16.2602      240.0000  0.7893E+00  0.2368E+01  0.3947E+01  0.5525E+01  0.7104E+01  0.8682E+01  0.1026E+02  0.1184E+02  0.1342E+02  0.1500E+02  0.1658E+02  0.1815E+02  0.1973E+02  0.2131E+02  0.2289E+02  0.2447E+02  0.2605E+02  0.2763E+02  0.2920E+02  0.3078E+02  0.3236E+02  0.3394E+02  0.3552E+02  0.3710E+02  0.3828E+02  0.3907E+02
     16.3957      250.0000  0.7893E+00  0.2368E+01  0.3947E+01  0.5525E+01  0.7104E+01  0.8682E+01  0.1026E+02  0.1184E+02  0.1342E+02  0.1500E+02  0.1658E+02  0.1815E+02  0.1973E+02  0.2131E+02  0.2289E+02  0.2447E+02  0.2605E+02  0.2763E+02  0.2920E+02  0.3078E+02  0.3236E+02  0.3394E+02  0.3552E+02  0.3710E+02  0.3828E+02  0.3907E+02
     16.5312      260.0000  0.7893E+00  0.2368E+01  0.3947E+01  0.5525E+01  0.7104E+01  0.8682E+01  0.1026E+02  0.1184E+02  0.1342E+02  0.1500E+02  0.1658E+02  0.1815E+02  0.1973E+02  0.2131E+02  0.2289E+02  0.2447E+02  0.2605E+02  0.2763E+02  0.2920E+02  0.3078E+02  0.3236E+02  0.3394E+02  0.3552E+02  0.3710E+02  0.3828E+02  0.3907E+02
     16.6667      270.0000  0.7893E+00  0.2368E+01  0.3947E+01  0.5525E+01  0.7104E+01  0.8682E+01  0.1026E+02  0.1184E+02  0.1342E+02  0.1500E+02  0.1658E+02  0.1815E+02  0.1973E+02  0.2131E+02  0.2289E+02  0.2447E+02  0.2605E+02  0.2763E+02  0.2920E+02  0.3078E+02  0.3236E+02  0.3394E+02  0.3552E+02  0.3710E+02  0.3828E+02  0.3907E+02
     16.8022      280.0000  0.7893E+00  0.2368E+01  0.3947E+01  0.5525E+01  0.7104E+01  0.8682E+01  0.1026E+02  0.1184E+02  0.1342E+02  0.1500E+02  0.1658E+02  0.1815E+02  0.1973E+02  0.2131E+02  0.2289E+02  0.2447E+02  0.2605E+02  0.2763E+02  0.2920E+02  0.3078E+02  0.3236E+02  0.3394E+02  0.3552E+02  0.3710E+02  0.3828E+02  0.3907E+02
     16.9377      290.0000  0.7893E+00  0.2368E+01  0.3947E+01  0.5525E+01  0.7104E+01  0.8682E+01  0.1026E+02  0.1184E+02  0.1342E+02  0.1500E+02  0.1658E+02  0.1815E+02  0.1973E+02  0.2131E+02  0.2289E+02  0.2447E+02  0.2605E+02  0.2763E+02  0.2920E+02  0.3078E+02  0.3236E+02  0.3394E+02  0.3552E+02  0.3710E+02  0.3828E+02  0.3907E+02
     17.0732      300.0000  0.7893E+00  0.2368E+01  0.3947E+01  0.5525E+01  0.7104E+01  0.8682E+01  0.1026E+02  0.1184E+02  0.1342E+02  0.1500E+02  0.1658E+02  0.1815E+02  0.1973E+02  0.2131E+02  0.2289E+02  0.2447E+02  0.2605E+02  0.2763E+02  0.2920E+02  0.3078E+02  0.3236E+02  0.3394E+02  0.3552E+02  0.3710E+02  0.3828E+02  0.3907E+02
     17.2087      310.0000  0.7893E+00  0.2368E+01  0.3947E+01  0.5525E+01  0.7104E+01  0.8682E+01  0.1026E+02  0.1184E+02  0.1342E+02  0.1500E+02  0.1658E+02  0.1815E+02  0.1973E+02  0.2131E+02  0.2289E+02  0.2447E+02  0.2605E+02  0.2763E+02  0.2920E+02  0.3078E+02  0.3236E+02  0.3394E+02  0.3552E+02  0.3710E+02  0.3828E+02  0.3907E+02
     17.3442      320.0000  0.7893E+00  0.2368E+01  0.3947E+01  0.5525E+01  0.7104E+01  0.8682E+01  0.1026E+02  0.1184E+02  0.1342E+02  0.1500E+02  0.1658E+02  0.1815E+02  0.1973E+02  0.2131E+02  0.2289E+02  0.2447E+02  0.2605E+02  0.2763E+02  0.2920E+02  0.3078E+02  0.3236E+02  0.3394E+02  0.3552E+02  0.3710E+02  0.3828E+02  0.3907E+02
     17.4797      330.0000  0.7893E+00  0.2368E+01  0.3947E+01  0.5525E+01  0.7104E+01  0.8682E+01  0.1026E+02  0.1184E+02  0.1342E+02  0.1500E+02  0.1658E+02  0.1815E+02  0.1973E+02  0.2131E+02  0.2289E+02  0.2447E+02  0.2605E+02  0.2763E+02  0.2920E+02  0.3078E+02  0.3236E+02  0.3394E+02  0.3552E+02  0.3710E+02  0.3828E+02  0.3907E+02
     17.6152      340.0000  0.7893E+00  0.2368E+01  0.3947E+01  0.5525E+01  0.7104E+01  0.8682E+01  0.1026E+02  0.1184E+02  0.1342E+02  0.1500E+02  0.1658E+02  0.1815E+02  0.1973E+02  0.2131E+02  0.2289E+02  0.2447E+02  0.2605E+02  0.2763E+02  0.2920E+02  0.3078E+02  0.3236E+02  0.3394E+02  0.3552E+02  0.3710E+02  0.3828E+02  0.3907E+02
     17.7507      350.0000  0.7893E+00  0.2368E+01  0.3947E+01  0.5525E+01  0.7104E+01  0.8682E+01  0.1026E+02  0.1184E+02  0.1342E+02  0.1500E+02  0.1658E+02  0.1815E+02  0.1973E+02  0.2131E+02  0.2289E+02  0.2447E+02  0.2605E+02  0.2763E+02  0.2920E+02  0.3078E+02  0.3236E+02  0.3394E+02  0.3552E+02  0.3710E+02  0.3828E+02  0.3907E+02
     17.8862      360.0000  0.7893E+00  0.2368E+01  0.3947E+01  0.5525E+01  0.7104E+01  0.8682E+01  0.1026E+02  0.1184E+02  0.1342E+02  0.1500E+02  0.1658E+02  0.1815E+02  0.1973E+02  0.2131E+02  0.2289E+02  0.2447E+02  0.2605E+02  0.2763E+02  0.2920E+02  0.3078E+02  0.3236E+02  0.3394E+02  0.3552E+02  0.3710E+02  0.3828E+02  0.3907E+02
     18.0217       10.0000  0.7893E+00  0.2368E+01  0.3947E+01  0.5525E+01  0.7104E+01  0.8682E+01  0.1026E+02  0.1184E+02  0.1342E+02  0.1500E+02  0.1658E+02  0.1815E+02  0.1973E+02  0.2131E+02  0.2289E+02  0.2447E+02  0.2605E+02  0.2763E+02  0.2920E+02  0.3078E+02  0.3236E+02  0.3394E+02  0.3552E+02  0.3710E+02  0.3828E+02  0.3907E+02
     18.1572       20.0000  0.7893E+00  0.2368E+01  0.3947E+01  0.5525E+01  0.7104E+01  0.8682E+01  0.1026E+02  0.1184E+02  0.1342E+02  0.1500E+02  0.1658E+02  0.1815E+02  0.1973E+02  0.2131E+02  0.2289E+02  0.2447E+02  0.2605E+02  0.2763E+02  0.2920E+02  0.3078E+02  0.3236E+02  0.3394E+02  0.3552E+02  0.3710E+02  0.3828E+02  0.3907E+02
     18.2927       30.0000  0.7893E+00  0.2368E+01  0.3947E+01  0.5525E+01  0.7104E+01  0.8682E+01  0.1026E+02  0.1184E+02  0.1342E+02  0.1500E+02  0.1658E+02  0.1815E+02  0.1973E+02  0.2131E+02  0.2289E+02  0.2447E+02  0.2605E+02  0.2763E+02  0.2920E+02  0.3078E+02  0.3236E+02  0.3394E+02  0.3552E+02  0.3710E+02  0.3828E+02  0.3907E+02
     18.4282       40.0000  0.7893E+00  0.2368E+01  0.3947E+01  0.5525E+01  0.7104E+01  0.8682E+01  0.1026E+02  0.1184E+02  0.1342E+02  0.1500E+02  0.1658E+02  0.1815E+02  0.1973E+02  0.2131E+02  0.2289E+02  0.2447E+02  0.2605E+02  0.2763E+02  0.2920E+02  0.3078E+02  0.3236E+02  0.3394E+02  0.3552E+02  0.3710E+02  0.3828E+02  0.3907E+02
     18.5637       50.0000  0.7893E+00  0.2368E+01  0.3947E+01  0.5525E+01  0.7104E+01  0.8682E+01  0.1026E+02  0.1184E+02  0.1342E+02  0.1500E+02  0.1658E+02  0.1815E+02  0.1973E+02  0.2131E+02  0.2289E+02  0.2447E+02  0.2605E+02  0.2763E+02  0.2920E+02  0.3078E+02  0.3236E+02  0.3394E+02  0.3552E+02  0.3710E+02  0.3828E+02  0.3907E+02
     18.6992       60.0000  0.7893E+00  0.2368E+01  0.3947E+01  0.5525E+01  0.7104E+01  0.8682E+01  0.1026E+02  0.1184E+02  0.1342E+02  0.1500E+02  0.1658E+02  0.1815E+02  0.1973E+02  0.2131E+02  0.2289E+02  0.2447E+02  0.2605E+02  0.2763E+02  0.2920E+02  0.3078E+02  0.3236E+02  0.3394E+02  0.3552E+02  0.3710E+02  0.3828E+02  0.3907E+02
     18.8347       70.0000  0.7893E+00  0.2368E+01  0.3947E+01  0.5525E+01  0.7104E+01  0.8682E+01  0.1026E+02  0.1184E+02  0.1342E+02  0.1500E+02  0.1658E+02  0.1815E+02  0.1973E+02  0.2131E+02  0.2289E+02  0.2447E+02  0.2605E+02  0.2763E+02  0.2920E+02  0.3078E+02  0.3236E+02  0.3394E+02  0.3552E+02  0.3710E+02  0.3828E+02  0.3907E+02
     18.9702       80.0000  0.7893E+00  0.2368E+01  0.3947E+01  0.5525E+01  0.7104E+01  0.8682E+01  0.1026E+02  0.1184E+02  0.1342E+02  0.1500E+02  0.1658E+02  0.1815E+02  0.1973E+02  0.2131E+02  0.2289E+02  0.2447E+02  0.2605E+02  0.2763E+02  0.2920E+02  0.3078E+02  0.3236E+02  0.3394E+02  0.3552E+02  0.3710E+02  0.3828E+02  0.3907E+02
     19.1057       90.0000  0.7893E+00  0.2368E+01  0.3947E+01  0.5525E+01  0.7104E+01  0.8682E+01  0.1026E+02  0.1184E+02  0.1342E+02  0.1500E+02  0.1658E+02  0.1815E+02  0.1973E+02  0.2131E+02  0.2289E+02  0.2447E+02  0.2605E+02  0.2763E+02  0.2920E+02  0.3078E+02  0.3236E+02  0.3394E+02  0.3552E+02  0.3710E+02  0.3828E+02  0.3907E+02
     19.2412      100.0000  0.7893E+00  0.2368E+01  0.3947E+01  0.5525E+01  0.7104E+01  0.8682E+01  0.1026E+02  0.1184E+02  0.1342E+02  0.1500E+02  0.1658E+02  0.1815E+02  0.1973E+02  0.2131E+02  0.2289E+02  0.2447E+02  0.2605E+02  0.2763E+02  0.2920E+02  0.3078E+02  0.3236E+02  0.3394E+02  0.3552E+02  0.3710E+02  0.3828E+02  0.3907E+02
     19.3767      110.0000  0.7893E+00  0.2368E+01  0.3947E+01  0.5525E+01  0.7104E+01  0.8682E+01  0.1026E+02  0.1184E+02  0.1342E+02  0.1500E+02  0.1658E+02  0.1815E+02  0.1973E+02  0.2131E+02  0.2289E+02  0.2447E+02  0.2605E+02  0.2763E+02  0.2920E+02  0.3078E+02  0.3236E+02  0.3394E+02  0.3552E+02  0.3710E+02  0.3828E+02  0.3907E+02
     19.5122      120.0000  0.7893E+00  0.2368E+01  0.3947E+01  0.5525E+01  0.7104E+01  0.8682E+01  0.1026E+02  0.1184E+02  0.1342E+02  0.1500E+02  0.1658E+02  0.1815E+02  0.1973E+02  0.2131E+02  0.2289E+02  0.2447E+02  0.2605E+02  0.2763E+02  0.2920E+02  0.3078E+02  0.3236E+02  0.3394E+02  0.3552E+02  0.3710E+02  0.3828E+02  0.3907E+02
     19.6477      130.0000  0.7893E+00  0.2368E+01  0.3947E+01  0.5525E+01  0.7104E+01  0.8682E+01  0.1026E+02  0.1184E+02  0.1342E+02  0.1500E+02  0.1658E+02  0.1815E+02  0.1973E+02  0.2131E+02  0.2289E+02  0.2447E+02  0.2605E+02  0.2763E+02  0.2920E+02  0.3078E+02  0.3236E+02  0.3394E+02  0.3552E+02  0.3710E+02  0.3828E+02  0.3907E+02
     19.7832      140.0000  0.7893E+00  0.2368E+01  0.3947E+01  0.5525E+01  0.7104E+01  0.8682E+01  0.1026E+02  0.1184E+02  0.1342E+02  0.1500E+02  0.1658E+02  0.1815E+02  0.1973E+02  0.2131E+02  0.2289E+02  0.2447E+02  0.2605E+02  0.2763E+02  0.2920E+02  0.3078E+02  0.3236E+02  0.3394E+02  0.3552E+02  0.3710E+02  0.3828E+02  0.3907E+02
     19.9187      150.0000  0.7893E+00  0.2368E+01  0.3947E+01  0.5525E+01  0.7104E+01  0.8682E+01  0.1026E+02  0.1184E+02  0.1342E+02  0.1500E+02  0.1658E+02  0.1815E+02  0.1973E+02  0.2131E+02  0.2289E+02  0.2447E+02  0.2605E+02  0.2763E+02  0.2920E+02  0.3078E+02  0.3236E+02  0.3394E+02  0.3552E+02  0.3710E+02  0.3828E+02  0.3907E+02
     20.0542      160.0000  0.7893E+00  0.2368E+01  0.3947E+01  0.5525E+01  0.7104E+01  0.8682E+01  0.1026E+02  0.1184E+02  0.1342E+02  0.1500E+02  0.1658E+02  0.1815E+02  0.1973E+02  0.2131E+02  0.2289E+02  0.2447E+02  0.2605E+02  0.2763E+02  0.2920E+02  0.3078E+02  0.3236E+02  0.3394E+02  0.3552E+02  0.3710E+02  0.3828E+02  0.3907E+02
     20.1897      170.0000  0.7893E+00  0.2368E+01  0.3947E+01  0.5525E+01  0.7104E+01  0.8682E+01  0.1026E+02  0.1184E+02  0.1342E+02  0.1500E+02  0.1658E+02  0.1815E+02  0.1973E+02  0.2131E+02  0.2289E+02  0.2447E+02  0.2605E+02  0.2763E+02  0.2920E+02  0.3078E+02  0.3236E+02  0.3394E+02  0.3552E+02  0.3710E+02  0.3828E+02  0.3907E+02
     20.3252      180.0000  0.7893E+00  0.2368E+01  0.3947E+01  0.5525E+01  0.7104E+01  0.8682E+01  0.1026E+02  0.1184E+02  0.1342E+02  0.1500E+02  0.1658E+02  0.1815E+02  0.1973E+02  0.2131E+02  0.2289E+02  0.2447E+02  0.2605E+02  0.2763E+02  0.2920E+02  0.3078E+02  0.3236E+02  0.3394E+02  0.3552E+02  0.3710E+02  0.3828E+02  0.3907E+02
     20.4607      190.0000  0.7893E+00  0.2368E+01  0.3947E+01  0.5525E+01  0.7104E+01  0.8682E+01  0.1026E+02  0.1184E+02  0.1342E+02  0.1500E+02  0.1658E+02  0.1815E+02  0.1973E+02  0.2131E+02  0.2289E+02  0.2447E+02  0.2605E+02  0.2763E+02  0.2920E+02  0.3078E+02  0.3236E+02  0.3394E+02  0.3552E+02  0.3710E+02  0.3828E+02  0.3907E+02
     20.5962      200.0000  0.7893E+00  0.2368E+01  0.3947E+01  0.5525E+01  0.7104E+01  0.8682E+01  0.1026E+02  0.1184E+02  0.1342E+02  0.1500E+02  0.1658E+02  0.1815E+02  0.1973E+02  0.2131E+02  0.2289E+02  0.2447E+02  0.2605E+02  0.2763E+02  0.2920E+02  0.3078E+02  0.3236E+02  0.3394E+02  0.3552E+02  0.3710E+02  0.3828E+02  0.3907E+02
     20.7317      210.0000  0.7893E+00  0.2368E+01  0.3947E+01  0.5525E+01  0.7104E+01  0.8682E+01  0.1026E+02  0.1184E+02  0.1342E+02  0.1500E+02  0.1658E+02  0.1815E+02  0.1973E+02  0.2131E+02  0.2289E+02  0.2447E+02  0.2605E+02  0.2763E+02  0.2920E+02  0.3078E+02  0.3236E+02  0.3394E+02  0.3552E+02  0.3710E+02  0.3828E+02  0.3907E+02
     20.8672      220.0000  0.7893E+00  0.2368E+01  0.3947E+01  0.5525E+01  0.7104E+01  0.8682E+01  0.1026E+02  0.1184E+02  0.1342E+02  0.1500E+02  0.1658E+02  0.1815E+02  0.1973E+02  0.2131E+02  0.2289E+02  0.2447E+02  0.2605E+02  0.2763E+02  0.2920E+02  0.3078E+02  0.3236E+02  0.3394E+02  0.3552E+02  0.3710E+02  0.3828E+02  0.3907E+02
     21.0027      230.0000  0.7893E+00  0.2368E+01  0.3947E+01  0.5525E+01  0.7104E+01  0.8682E+01  0.1026E+02  0.1184E+02  0.1342E+02  0.1500E+02  0.1658E+02  0.1815E+02  0.1973E+02  0.2131E+02  0.2289E+02  0.2447E+02  0.2605E+02  0.2763E+02  0.2920E+02  0.3078E+02  0.3236E+02  0.3394E+02  0.3552E+02  0.3710E+02  0.3828E+02  0.3907E+02
     21.1382      240.0000  0.7893E+00  0.2368E+01  0.3947E+01  0.5525E+01  0.7104E+01  0.8682E+01  0.1026E+02  0.1184E+02  0.1342E+02  0.1500E+02  0.1658E+02  0.1815E+02  0.1973E+02  0.2131E+02  0.2289E+02  0.2447E+02  0.2605E+02  0.2763E+02  0.2920E+02  0.3078E+02  0.3236E+02  0.3394E+02  0.3552E+02  0.3710E+02  0.3828E+02  0.3907E+02
     21.2737      250.0000  0.7893E+00  0.2368E+01  0.3947E+01  0.5525E+01  0.7104E+01  0.8682E+01  0.1026E+02  0.1184E+02  0.1342E+02  0.1500E+02  0.1658E+02  0.1815E+02  0.1973E+02  0.2131E+02  0.2289E+02  0.2447E+02  0.2605E+02  0.2763E+02  0.2920E+02  0.3078E+02  0.3236E+02  0.3394E+02  0.3552E+02  0.3710E+02  0.3828E+02  0.3907E+02
     21.4092      260.0000  0.7893E+00  0.2368E+01  0.3947E+01  0.5525E+01  0.7104E+01  0.8682E+01  0.1026E+02  0.1184E+02  0.1342E+02  0.1500E+02  0.1658E+02  0.1815E+02  0.1973E+02  0.2131E+02  0.2289E+02  0.2447E+02  0.2605E+02  0.2763E+02  0.2920E+02  0.3078E+02  0.3236E+02  0.3394E+02  0.3552E+02  0.3710E+02  0.3828E+02  0.3907E+02
     21.5447      270.0000  0.7893E+00  0.2368E+01  0.3947E+01  0.5525E+01  0.7104E+01  0.8682E+01  0.1026E+02  0.1184E+02  0.1342E+02  0.1500E+02  0.1658E+02  0.1815E+02  0.1973E+02  0.2131E+02  0.2289E+02  0.2447E+02  0.2605E+02  0.2763E+02  0.2920E+02  0.3078E+02  0.3236E+02  0.3394E+02  0.3552E+02  0.3710E+02  0.3828E+02  0.3907E+02
     21.6802      280.0000  0.7893E+00  0.2368E+01  0.3947E+01  0.5525E+01  0.7104E+01  0.8682E+01  0.1026E+02  0.1184E+02  0.1342E+02  0.1500E+02  0.1658E+02  0.1815E+02  0.1973E+02  0.2131E+02  0.2289E+02  0.2447E+02  0.2605E+02  0.2763E+02  0.2920E+02  0.3078E+02  0.3236E+02  0.3394E+02  0.3552E+02  0.3710E+02  0.3828E+02  0.3907E+02
     21.8157      290.0000  0.7893E+00  0.2368E+01  0.3947E+01  0.5525E+01  0.7104E+01  0.8682E+01  0.1026E+02  0.1184E+02  0.1342E+02  0.1500E+02  0.1658E+02  0.1815E+02  0.1973E+02  0.2131E+02  0.2289E+02  0.2447E+02  0.2605E+02  0.2763E+02  0.2920E+02  0.3078E+02  0.3236E+02  0.3394E+02  0.3552E+02  0.3710E+02  0.3828E+02  0.3907E+02
     21.9512      300.0000  0.7893E+00  0.2368E+01  0.3947E+01  0.5525E+01  0.7104E+01  0.8682E+01  0.1026E+02  0.1184E+02  0.1342E+02  0.1500E+02  0.1658E+02  0.1815E+02  0.1973E+02  0.2131E+02  0.2289E+02  0.2447E+02  0.2605E+02  0.2763E+02  0.2920E+02  0.3078E+02  0.3236E+02  0.3394E+02  0.3552E+02  0.3710E+02  0.3828E+02  0.3907E+02
     22.0867      310.0000  0.7893E+00  0.2368E+01  0.3947E+01  0.5525E+01  0.7104E+01  0.8682E+01  0.1026E+02  0.1184E+02  0.1342E+02  0.1500E+02  0.1658E+02  0.1815E+02  0.1973E+02  0.2131E+02  0.2289E+02  0.2447E+02  0.2605E+02  0.2763E+02  0.2920E+02  0.3078E+02  0.3236E+02  0.3394E+02  0.3552E+02  0.3710E+02  0.3828E+02  0.3907E+02
     22.2222      320.0000  0.7893E+00  0.2368E+01  0.3947E+01  0.5525E+01  0.7104E+01  0.8682E+01  0.1026E+02  0.1184E+02  0.1342E+02  0.1500E+02  0.1658E+02  0.1815E+02  0.1973E+02  0.2131E+02  0.2289E+02  0.2447E+02  0.2605E+02  0.2763E+02  0.2920E+02  0.3078E+02  0.3236E+02  0.3394E+02  0.3552E+02  0.3710E+02  0.3828E+02  0.3907E+02
     22.3577      330.0000  0.7893E+00  0.2368E+01  0.3947E+01  0.5525E+01  0.7104E+01  0.8682E+01  0.1026E+02  0.1184E+02  0.1342E+02  0.1500E+02  0.1658E+02  0.1815E+02  0.1973E+02  0.2131E+02  0.2289E+02  0.2447E+02  0.2605E+02  0.2763E+02  0.2920E+02  0.3078E+02  0.3236E+02  0.3394E+02  0.3552E+02  0.3710E+02  0.3828E+02  0.3907E+02
     22.4932      340.0000  0.7893E+00  0.2368E+01  0.3947E+01  0.5525E+01  0.7104E+01  0.8682E+01  0.1026E+02  0.1184E+02  0.1342E+02  0.1500E+02  0.1658E+02  0.1815E+02  0.1973E+02  0.2131E+02  0.2289E+02  0.2447E+02  0.2605E+02  0.2763E+02  0.2920E+02  0.3078E+02  0.3236E+02  0.3394E+02  0.3552E+02  0.3710E+02  0.3828E+02  0.3907E+02
     22.6287      350.0000  0.7893E+00  0.2368E+01  0.3947E+01  0.5525E+01  0.7104E+01  0.8682E+01  0.1026E+02  0.1184E+02  0.1342E+02  0.1500E+02  0.1658E+02  0.1815E+02  0.1973E+02  0.2131E+02  0.2289E+02  0.2447E+02  0.2605E+02  0.2763E+02  0.2920E+02  0.3078E+02  0.3236E+02  0.3394E+02  0.3552E+02  0.3710E+02  0.3828E+02  0.3907E+02
     22.7642      360.0000  0.7893E+00  0.2368E+01  0.3947E+01  0.5525E+01  0.7104E+01  0.8682E+01  0.1026E+02  0.1184E+02  0.1342E+02  0.1500E+02  0.1658E+02  0.1815E+02  0.1973E+02  0.2131E+02  0.2289E+02  0.2447E+02  0.2605E+02  0.2763E+02  0.2920E+02  0.3078E+02  0.3236E+02  0.3394E+02  0.3552E+02  0.3710E+02  0.3828E+02  0.3907E+02
     22.8997       10.0000  0.7893E+00  0.2368E+01  0.3947E+01  0.5525E+01  0.7104E+01  0.8682E+01  0.1026E+02  0.1184E+02  0.1342E+02  0.1500E+02  0.1658E+02  0.1815E+02  0.1973E+02  0.2131E+02  0.2289E+02  0.2447E+02  0.2605E+02  0.2763E+02  0.2920E+02  0.3078E+02  0.3236E+02  0.3394E+02  0.3552E+02  0.3710E+02  0.3828E+02  0.3907E+02
     23.0352       20.0000  0.7893E+00  0.2368E+01  0.3947E+01  0.5525E+01  0.7104E+01  0.8682E+01  0.1026E+02  0.1184E+02  0.1342E+02  0.1500E+02  0.1658E+02  0.1815E+02  0.1973E+02  0.2131E+02  0.2289E+02  0.2447E+02  0.2605E+02  0.2763E+02  0.2920E+02  0.3078E+02  0.3236E+02  0.3394E+02  0.3552E+02  0.3710E+02  0.3828E+02  0.3907E+02
     23.1707       30.0000  0.7893E+00  0.2368E+01  0.3947E+01  0.5525E+01  0.7104E+01  0.8682E+01  0.1026E+02  0.1184E+02  0.1342E+02  0.1500E+02  0.1658E+02  0.1815E+02  0.1973E+02  0.2131E+02  0.2289E+02  0.2447E+02  0.2605E+02  0.2763E+02  0.2920E+02  0.3078E+02  0.3236E+02  0.3394E+02  0.3552E+02  0.3710E+02  0.3828E+02  0.3907E+02
     23.3062       40.0000  0.7893E+00  0.2368E+01  0.3947E+01  0.5525E+01  0.7104E+01  0.8682E+01  0.1026E+02  0.1184E+02  0.1342E+02  0.1500E+02  0.1658E+02  0.1815E+02  0.1973E+02  0.2131E+02  0.2289E+02  0.2447E+02  0.2605E+02  0.2763E+02  0.2920E+02  0.3078E+02  0.3236E+02  0.3394E+02  0.3552E+02  0.3710E+02  0.3828E+02  0.3907E+02
     23.4417       50.0000  0.7893E+00  0.2368E+01  0.3947E+01  0.5525E+01  0.7104E+01  0.8682E+01  0.1026E+02  0.1184E+02  0.1342E+02  0.1500E+02  0.1658E+02  0.1815E+02  0.1973E+02  0.2131E+02  0.2289E+02  0.2447E+02  0.2605E+02  0.2763E+02  0.2920E+02  0.3078E+02  0.3236E+02  0.3394E+02  0.3552E+02  0.3710E+02  0.3828E+02  0.3907E+02
     23.5772       60.0000  0.7893E+00  0.2368E+01  0.3947E+01  0.5525E+01  0.7104E+01  0.8682E+01  0.1026E+02  0.1184E+02  0.1342E+02  0.1500E+02  0.1658E+02  0.1815E+02  0.1973E+02  0.2131E+02  0.2289E+02  0.2447E+02  0.2605E+02  0.2763E+02  0.2920E+02  0.3078E+02  0.3236E+02  0.3394E+02  0.3552E+02  0.3710E+02  0.3828E+02  0.3907E+02
     23.7127       70.0000  0.7893E+00  0.2368E+01  0.3947E+01  0.5525E+01  0.7104E+01  0.8682E+01  0.1026E+02  0.1184E+02  0.1342E+02  0.1500E+02  0.1658E+02  0.1815E+02  0.1973E+02  0.2131E+02  0.2289E+02  0.2447E+02  0.2605E+02  0.2763E+02  0.2920E+02  0.3078E+02  0.3236E+02  0.3394E+02  0.3552E+02  0.3710E+02  0.3828E+02  0.3907E+02
     23.8482       80.0000  0.7893E+00  0.2368E+01  0.3947E+01  0.5525E+01  0.7104E+01  0.8682E+01  0.1026E+02  0.1184E+02  0.1342E+02  0.1500E+02  0.1658E+02  0.1815E+02  0.1973E+02  0.2131E+02  0.2289E+02  0.2447E+02  0.2605E+02  0.2763E+02  0.2920E+02  0.3078E+02  0.3236E+02  0.3394E+02  0.3552E+02  0.3710E+02  0.3828E+02  0.3907E+02
     23.9837       90.0000  0.7893E+00  0.2368E+01  0.3947E+01  0.5525E+01  0.7104E+01  0.8682E+01  0.1026E+02  0.1184E+02  0.1342E+02  0.1500E+02  0.1658E+02  0.1815E+02  0.1973E+02  0.2131E+02  0.2289E+02  0.2447E+02  0.2605E+02  0.2763E+02  0.2920E+02  0.3078E+02  0.3236E+02  0.3394E+02  0.3552E+02  0.3710E+02  0.3828E+02  0.3907E+02
     24.1192      100.0000  0.7893E+00  0.2368E+01  0.3947E+01  0.5525E+01  0.7104E+01  0.8682E+01  0.1026E+02  0.1184E+02  0.1342E+02  0.1500E+02  0.1658E+02  0.1815E+02  0.1973E+02  0.2131E+02  0.2289E+02  0.2447E+02  0.2605E+02  0.2763E+02  0.2920E+02  0.3078E+02  0.3236E+02  0.3394E+02  0.3552E+02  0.3710E+02  0.3828E+02  0.3907E+02
     24.2547      110.0000  0.7893E+00  0.2368E+01  0.3947E+01  0.5525E+01  0.7104E+01  0.8682E+01  0.1026E+02  0.1184E+02  0.1342E+02  0.1500E+02  0.1658E+02  0.1815E+02  0.1973E+02  0.2131E+02  0.2289E+02  0.2447E+02  0.2605E+02  0.2763E+02  0.2920E+02  0.3078E+02  0.3236E+02  0.3394E+02  0.3552E+02  0.3710E+02  0.3828E+02  0.3907E+02
     24.3902      120.0000  0.7893E+00  0.2368E+01  0.3947E+01  0.5525E+01  0.7104E+01  0.8682E+01  0.1026E+02  0.1184E+02  0.1342E+02  0.1500E+02  0.1658E+02  0.1815E+02  0.1973E+02  0.2131E+02  0.2289E+02  0.2447E+02  0.2605E+02  0.2763E+02  0.2920E+02  0.3078E+02  0.3236E+02  0.3394E+02  0.3552E+02  0.3710E+02  0.3828E+02  0.3907E+02
     24.5257      130.0000  0.7893E+00  0.2368E+01  0.3947E+01  0.5525E+01  0.7104E+01  0.8682E+01  0.1026E+02  0.1184E+02  0.1342E+02  0.1500E+02  0.1658E+02  0.1815E+02  0.1973E+02  0.2131E+02  0.2289E+02  0.2447E+02  0.2605E+02  0.2763E+02  0.2920E+02  0.3078E+02  0.3236E+02  0.3394E+02  0.3552E+02  0.3710E+02  0.3828E+02  0.3907E+02
     24.6612      140.0000  0.7893E+00  0.2368E+01  0.3947E+01  0.5525E+01  0.7104E+01  0.8682E+01  0.1026E+02  0.1184E+02  0.1342E+02  0.1500E+02  0.1658E+02  0.1815E+02  0.1973E+02  0.2131E+02  0.2289E+02  0.2447E+02  0.2605E+02  0.2763E+02  0.2920E+02  0.3078E+02  0.3236E+02  0.3394E+02  0.3552E+02  0.3710E+02  0.3828E+02  0.3907E+02
     24.7967      150.0000  0.7893E+00  0.2368E+01  0.3947E+01  0.5525E+01  0.7104E+01  0.8682E+01  0.1026E+02  0.1184E+02  0.1342E+02  0.1500E+02  0.1658E+02  0.1815E+02  0.1973E+02  0.2131E+02  0.2289E+02  0.2447E+02  0.2605E+02  0.2763E+02  0.2920E+02  0.3078E+02  0.3236E+02  0.3394E+02  0.3552E+02  0.3710E+02  0.3828E+02  0.3907E+02
     24.9322      160.0000  0.7893E+00  0.2368E+01  0.3947E+01  0.5525E+01  0.7104E+01  0.8682E+01  0.1026E+02  0.1184E+02  0.1342E+02  0.1500E+02  0.1658E+02  0.1815E+02  0.1973E+02  0.2131E+02  0.2289E+02  0.2447E+02  0.2605E+02  0.2763E+02  0.2920E+02  0.3078E+02  0.3236E+02  0.3394E+02  0.3552E+02  0.3710E+02  0.3828E+02  0.3907E+02
     25.0678      170.0000  0.7893E+00  0.2368E+01  0.3947E+01  0.5525E+01  0.7104E+01  0.8682E+01  0.1026E+02  0.1184E+02  0.1342E+02  0.1500E+02  0.1658E+02  0.1815E+02  0.1973E+02  0.2131E+02  0.2289E+02  0.2447E+02  0.2605E+02  0.2763E+02  0.2920E+02  0.3078E+02  0.3236E+02  0.3394E+02  0.3552E+02  0.3710E+02  0.3828E+02  0.3907E+02
     25.2033      180.0000  0.7893E+00  0.2368E+01  0.3947E+01  0.5525E+01  0.7104E+01  0.8682E+01  0.1026E+02  0.1184E+02  0.1342E+02  0.1500E+02  0.1658E+02  0.1815E+02  0.1973E+02  0.2131E+02  0.2289E+02  0.2447E+02  0.2605E+02  0.2763E+02  0.2920E+02  0.3078E+02  0.3236E+02  0.3394E+02  0.3552E+02  0.3710E+02  0.3828E+02  0.3907E+02
     25.3388      190.0000  0.7893E+00  0.2368E+01  0.3947E+01  0.5525E+01  0.7104E+01  0.8682E+01  0.1026E+02  0.1184E+02  0.1342E+02  0.1500E+02  0.1658E+02  0.1815E+02  0.1973E+02  0.2131E+02  0.2289E+02  0.2447E+02  0.2605E+02  0.2763E+02  0.2920E+02  0.3078E+02  0.3236E+02  0.3394E+02  0.3552E+02  0.3710E+02  0.3828E+02  0.3907E+02
     25.4743      200.0000  0.7893E+00  0.2368E+01  0.3947E+01  0.5525E+01  0.7104E+01  0.8682E+01  0.1026E+02  0.1184E+02  0.1342E+02  0.1500E+02  0.1658E+02  0.1815E+02  0.1973E+02  0.2131E+02  0.2289E+02  0.2447E+02  0.2605E+02  0.2763E+02  0.2920E+02  0.3078E+02  0.3236E+02  0.3394E+02  0.3552E+02  0.3710E+02  0.3828E+02  0.3907E+02
     25.6098      210.0000  0.7893E+00  0.2368E+01  0.3947E+01  0.5525E+01  0.7104E+01  0.8682E+01  0.1026E+02  0.1184E+02  0.1342E+02  0.1500E+02  0.1658E+02  0.1815E+02  0.1973E+02  0.2131E+02  0.2289E+02  0.2447E+02  0.2605E+02  0.2763E+02  0.2920E+02  0.3078E+02  0.3236E+02  0.3394E+02  0.3552E+02  0.3710E+02  0.3828E+02  0.3907E+02
     25.7453      220.0000  0.7893E+00  0.2368E+01  0.3947E+01  0.5525E+01  0.7104E+01  0.8682E+01  0.1026E+02  0.1184E+02  0.1342E+02  0.1500E+02  0.1658E+02  0.1815E+02  0.1973E+02  0.2131E+02  0.2289E+02  0.2447E+02  0.2605E+02  0.2763E+02  0.2920E+02  0.3078E+02  0.3236E+02  0.3394E+02  0.3552E+02  0.3710E+02  0.3828E+02  0.3907E+02
     25.8808      230.0000  0.7893E+00  0.2368E+01  0.3947E+01  0.5525E+01  0.7104E+01  0.8682E+01  0.1026E+02  0.1184E+02  0.1342E+02  0.1500E+02  0.1658E+02  0.1815E+02  0.1973E+02  0.2131E+02  0.2289E+02  0.2447E+02  0.2605E+02  0.2763E+02  0.2920E+02  0.3078E+02  0.3236E+02  0.3394E+02  0.3552E+02  0.3710E+02  0.3828E+02  0.3907E+02
     26.0163      240.0000  0.7893E+00  0.2368E+01  0.3947E+01  0.5525E+01  0.7104E+01  0.8682E+01  0.1026E+02  0.1184E+02  0.1342E+02  0.1500E+02  0.1658E+02  0.1815E+02  0.1973E+02  0.2131E+02  0.2289E+02  0.2447E+02  0.2605E+02  0.2763E+02  0.2920E+02  0.3078E+02  0.3236E+02  0.3394E+02  0.3552E+02  0.3710E+02  0.3828E+02  0.3907E+02
     26.1518      250.0000  0.7893E+00  0.2368E+01  0.3947E+01  0.5525E+01  0.7104E+01  0.8682E+01  0.1026E+02  0.1184E+02  0.1342E+02  0.1500E+02  0.1658E+02  0.1815E+02  0.1973E+02  0.2131E+02  0.2289E+02  0.2447E+02  0.2605E+02  0.2763E+02  0.2920E+02  0.3078E+02  0.3236E+02  0.3394E+02  0.3552E+02  0.3710E+02  0.3828E+02  0.3907E+02
     26.2873      260.0000  0.7893E+00  0.2368E+01  0.3947E+01  0.5525E+01  0.7104E+01  0.8682E+01  0.1026E+02  0.1184E+02  0.1342E+02  0.1500E+02  0.1658E+02  0.1815E+02  0.1973E+02  0.2131E+02  0.2289E+02  0.2447E+02  0.2605E+02  0.2763E+02  0.2920E+02  0.3078E+02  0.3236E+02  0.3394E+02  0.3552E+02  0.3710E+02  0.3828E+02  0.3907E+02
     26.4228      270.0000  0.7893E+00  0.2368E+01  0.3947E+01  0.5525E+01  0.7104E+01  0.8682E+01  0.1026E+02  0.1184E+02  0.1342E+02  0.1500E+02  0.1658E+02  0.1815E+02  0.1973E+02  0.2131E+02  0.2289E+02  0.2447E+02  0.2605E+02  0.2763E+02  0.2920E+02  0.3078E+02  0.3236E+02  0.3394E+02  0.3552E+02  0.3710E+02  0.3828E+02  0.3907E+02
     26.5583      280.0000  0.7893E+00  0.2368E+01  0.3947E+01  0.5525E+01  0.7104E+01  0.8682E+01  0.1026E+02  0.1184E+02  0.1342E+02  0.1500E+02  0.1658E+02  0.1815E+02  0.1973E+02  0.2131E+02  0.2289E+02  0.2447E+02  0.2605E+02  0.2763E+02  0.2920E+02  0.3078E+02  0.3236E+02  0.3394E+02  0.3552E+02  0.3710E+02  0.3828E+02  0.3907E+02
     26.6938      290.0000  0.7893E+00  0.2368E+01  0.3947E+01  0.5525E+01  0.7104E+01  0.8682E+01  0.1026E+02  0.1184E+02  0.1342E+02  0.1500E+02  0.1658E+02  0.1815E+02  0.1973E+02  0.2131E+02  0.2289E+02  0.2447E+02  0.2605E+02  0.2763E+02  0.2920E+02  0.3078E+02  0.3236E+02  0.3394E+02  0.3552E+02  0.3710E+02  0.3828E+02  0.3907E+02
     26.8293      300.0000  0.7893E+00  0.2368E+01  0.3947E+01  0.5525E+01  0.7104E+01  0.8682E+01  0.1026E+02  0.1184E+02  0.1342E+02  0.1500E+02  0.1658E+02  0.1815E+02  0.1973E+02  0.2131E+02  0.2289E+02  0.2447E+02  0.2605E+02  0.2763E+02  0.2920E+02  0.3078E+02  0.3236E+02  0.3394E+02  0.3552E+02  0.3710E+02  0.3828E+02  0.3907E+02
     26.9648      310.0000  0.7893E+00  0.2368E+01  0.3947E+01  0.5525E+01  0.7104E+01  0.8682E+01  0.1026E+02  0.1184E+02  0.1342E+02  0.1500E+02  0.1658E+02  0.1815E+02  0.1973E+02  0.2131E+02  0.2289E+02  0.2447E+02  0.2605E+02  0.2763E+02  0.2920E+02  0.3078E+02  0.3236E+02  0.3394E+02  0.3552E+02  0.3710E+02  0.3828E+02  0.3907E+02
     27.1003      320.0000  0.7893E+00  0.2368E+01  0.3947E+01  0.5525E+01  0.7104E+01  0.8682E+01  0.1026E+02  0.1184E+02  0.1342E+02  0.1500E+02  0.1658E+02  0.1815E+02  0.1973E+02  0.2131E+02  0.2289E+02  0.2447E+02  0.2605E+02  0.2763E+02  0.2920E+02  0.3078E+02  0.3236E+02  0.3394E+02  0.3552E+02  0.3710E+02  0.3828E+02  0.3907E+02
     27.2358      330.0000  0.7893E+00  0.2368E+01  0.3947E+01  0.5525E+01  0.7104E+01  0.8682E+01  0.1026E+02  0.1184E+02  0.1342E+02  0.1500E+02  0.1658E+02  0.1815E+02  0.1973E+02  0.2131E+02  0.2289E+02  0.2447E+02  0.2605E+02  0.2763E+02  0.2920E+02  0.3078E+02  0.3236E+02  0.3394E+02  0.3552E+02  0.3710E+02  0.3828E+02  0.3907E+02
     27.3713      340.0000  0.7893E+00  0.2368E+01  0.3947E+01  0.5525E+01  0.7104E+01  0.8682E+01  0.1026E+02  0.1184E+02  0.1342E+02  0.1500E+02  0.1658E+02  0.1815E+02  0.1973E+02  0.2131E+02  0.2289E+02  0.2447E+02  0.2605E+02  0.2763E+02  0.2920E+02  0.3078E+02  0.3236E+02  0.3394E+02  0.3552E+02  0.3710E+02  0.3828E+02  0.3907E+02
     27.5068      350.0000  0.7893E+00  0.2368E+01  0.3947E+01  0.5525E+01  0.7104E+01  0.8682E+01  0.1026E+02  0.1184E+02  0.1342E+02  0.1500E+02  0.1658E+02  0.1815E+02  0.1973E+02  0.2131E+02  0.2289E+02  0.2447E+02  0.2605E+02  0.2763E+02  0.2920E+02  0.3078E+02  0.3236E+02  0.3394E+02  0.3552E+02  0.3710E+02  0.3828E+02  0.3907E+02
     27.6423      360.0000  0.7893E+00  0.2368E+01  0.3947E+01  0.5525E+01  0.7104E+01  0.8682E+01  0.1026E+02  0.1184E+02  0.1342E+02  0.1500E+02  0.1658E+02  0.1815E+02  0.1973E+02  0.2131E+02  0.2289E+02  0.2447E+02  0.2605E+02  0.2763E+02  0.2920E+02  0.3078E+02  0.3236E+02  0.3394E+02  0.3552E+02  0.3710E+02  0.3828E+02  0.3907E+02
     27.7778       10.0000  0.7893E+00  0.2368E+01  0.3947E+01  0.5525E+01  0.7104E+01  0.8682E+01  0.1026E+02  0.1184E+02  0.1342E+02  0.1500E+02  0.1658E+02  0.1815E+02  0.1973E+02  0.2131E+02  0.2289E+02  0.2447E+02  0.2605E+02  0.2763E+02  0.2920E+02  0.3078E+02  0.3236E+02  0.3394E+02  0.3552E+02  0.3710E+02  0.3828E+02  0.3907E+02
     27.9133       20.0000  0.7893E+00  0.2368E+01  0.3947E+01  0.5525E+01  0.7104E+01  0.8682E+01  0.1026E+02  0.1184E+02  0.1342E+02  0.1500E+02  0.1658E+02  0.1815E+02  0.1973E+02  0.2131E+02  0.2289E+02  0.2447E+02  0.2605E+02  0.2763E+02  0.2920E+02  0.3078E+02  0.3236E+02  0.3394E+02  0.3552E+02  0.3710E+02  0.3828E+02  0.3907E+02
     28.0488       30.0000  0.7893E+00  0.2368E+01  0.3947E+01  0.5525E+01  0.7104E+01  0.8682E+01  0.1026E+02  0.1184E+02  0.1342E+02  0.1500E+02  0.1658E+02  0.1815E+02  0.1973E+02  0.2131E+02  0.2289E+02  0.2447E+02  0.2605E+02  0.2763E+02  0.2920E+02  0.3078E+02  0.3236E+02  0.3394E+02  0.3552E+02  0.3710E+02  0.3828E+02  0.3907E+02
     28.1843       40.0000  0.7893E+00  0.2368E+01  0.3947E+01  0.5525E+01  0.7104E+01  0.8682E+01  0.1026E+02  0.1184E+02  0.1342E+02  0.1500E+02  0.1658E+02  0.1815E+02  0.1973E+02  0.2131E+02  0.2289E+02  0.2447E+02  0.2605E+02  0.2763E+02  0.2920E+02  0.3078E+02  0.3236E+02  0.3394E+02  0.3552E+02  0.3710E+02  0.3828E+02  0.3907E+02
     28.3198       50.0000  0.7893E+00  0.2368E+01  0.3947E+01  0.5525E+01  0.7104E+01  0.8682E+01  0.1026E+02  0.1184E+02  0.1342E+02  0.1500E+02  0.1658E+02  0.1815E+02  0.1973E+02  0.2131E+02  0.2289E+02  0.2447E+02  0.2605E+02  0.2763E+02  0.2920E+02  0.3078E+02  0.3236E+02  0.3394E+02  0.3552E+02  0.3710E+02  0.3828E+02  0.3907E+02
     28.4553       60.0000  0.7893E+00  0.2368E+01  0.3947E+01  0.5525E+01  0.7104E+01  0.8682E+01  0.1026E+02  0.1184E+02  0.1342E+02  0.1500E+02  0.1658E+02  0.1815E+02  0.1973E+02  0.2131E+02  0.2289E+02  0.2447E+02  0.2605E+02  0.2763E+02  0.2920E+02  0.3078E+02  0.3236E+02  0.3394E+02  0.3552E+02  0.3710E+02  0.3828E+02  0.3907E+02
     28.5908       70.0000  0.7893E+00  0.2368E+01  0.3947E+01  0.5525E+01  0.7104E+01  0.8682E+01  0.1026E+02  0.1184E+02  0.1342E+02  0.1500E+02  0.1658E+02  0.1815E+02  0.1973E+02  0.2131E+02  0.2289E+02  0.2447E+02  0.2605E+02  0.2763E+02  0.2920E+02  0.3078E+02  0.3236E+02  0.3394E+02  0.3552E+02  0.3710E+02  0.3828E+02  0.3907E+02
     28.7263       80.0000  0.7893E+00  0.2368E+01  0.3947E+01  0.5525E+01  0.7104E+01  0.8682E+01  0.1026E+02  0.1184E+02  0.1342E+02  0.1500E+02  0.1658E+02  0.1815E+02  0.1973E+02  0.2131E+02  0.2289E+02  0.2447E+02  0.2605E+02  0.2763E+02  0.2920E+02  0.3078E+02  0.3236E+02  0.3394E+02  0.3552E+02  0.3710E+02  0.3828E+02  0.3907E+02
     28.8618       90.0000  0.7893E+00  0.2368E+01  0.3947E+01  0.5525E+01  0.7104E+01  0.8682E+01  0.1026E+02  0.1184E+02  0.1342E+02  0.1500E+02  0.1658E+02  0.1815E+02  0.1973E+02  0.2131E+02  0.2289E+02  0.2447E+02  0.2605E+02  0.2763E+02  0.2920E+02  0.3078E+02  0.3236E+02  0.3394E+02  0.3552E+02  0.3710E+02  0.3828E+02  0.3907E+02
     28.9973      100.0000  0.7893E+00  0.2368E+01  0.3947E+01  0.5525E+01  0.7104E+01  0.8682E+01  0.1026E+02  0.1184E+02  0.1342E+02  0.1500E+02  0.1658E+02  0.1815E+02  0.1973E+02  0.2131E+02  0.2289E+02  0.2447E+02  0.2605E+02  0.2763E+02  0.2920E+02  0.3078E+02  0.3236E+02  0.3394E+02  0.3552E+02  0.3710E+02  0.3828E+02  0.3907E+02
     29.1328      110.0000  0.7893E+00  0.2368E+01  0.3947E+01  0.5525E+01  0.7104E+01  0.8682E+01  0.1026E+02  0.1184E+02  0.1342E+02  0.1500E+02  0.1658E+02  0.1815E+02  0.1973E+02  0.2131E+02  0.2289E+02  0.2447E+02  0.2605E+02  0.2763E+02  0.2920E+02  0.3078E+02  0.3236E+02  0.3394E+02  0.3552E+02  0.3710E+02  0.3828E+02  0.3907E+02
     29.2683      120.0000  0.7893E+00  0.2368E+01  0.3947E+01  0.5525E+01  0.7104E+01  0.8682E+01  0.1026E+02  0.1184E+02  0.1342E+02  0.1500E+02  0.1658E+02  0.1815E+02  0.1973E+02  0.2131E+02  0.2289E+02  0.2447E+02  0.2605E+02  0.2763E+02  0.2920E+02  0.3078E+02  0.3236E+02  0.3394E+02  0.3552E+02  0.3710E+02  0.3828E+02  0.3907E+02
     29.4038      130.0000  0.7893E+00  0.2368E+01  0.3947E+01  0.5525E+01  0.7104E+01  0.8682E+01  0.1026E+02  0.1184E+02  0.1342E+02  0.1500E+02  0.1658E+02  0.1815E+02  0.1973E+02  0.2131E+02  0.2289E+02  0.2447E+02  0.2605E+02  0.2763E+02  0.2920E+02  0.3078E+02  0.3236E+02  0.3394E+02  0.3552E+02  0.3710E+02  0.3828E+02  0.3907E+02
     29.5393      140.0000  0.7893E+00  0.2368E+01  0.3947E+01  0.5525E+01  0.7104E+01  0.8682E+01  0.1026E+02  0.1184E+02  0.1342E+02  0.1500E+02  0.1658E+02  0.1815E+02  0.1973E+02  0.2131E+02  0.2289E+02  0.2447E+02  0.2605E+02  0.2763E+02  0.2920E+02  0.3078E+02  0.3236E+02  0.3394E+02  0.3552E+02  0.3710E+02  0.3828E+02  0.3907E+02
     29.6748      150.0000  0.7893E+00  0.2368E+01  0.3947E+01  0.5525E+01  0.7104E+01  0.8682E+01  0.1026E+02  0.1184E+02  0.1342E+02  0.1500E+02  0.1658E+02  0.1815E+02  0.1973E+02  0.2131E+02  0.2289E+02  0.2447E+02  0.2605E+02  0.2763E+02  0.2920E+02  0.3078E+02  0.3236E+02  0.3394E+02  0.3552E+02  0.3710E+02  0.3828E+02  0.3907E+02
     29.8103      160.0000  0.7893E+00  0.2368E+01  0.3947E+01  0.5525E+01  0.7104E+01  0.8682E+01  0.1026E+02  0.1184E+02  0.1342E+02  0.1500E+02  0.1658E+02  0.1815E+02  0.1973E+02  0.2131E+02  0.2289E+02  0.2447E+02  0.2605E+02  0.2763E+02  0.2920E+02  0.3078E+02  0.3236E+02  0.3394E+02  0.3552E+02  0.3710E+02  0.3828E+02  0.3907E+02
     29.9458      170.0000  0.7893E+00  0.2368E+01  0.3947E+01  0.5525E+01  0.7104E+01  0.8682E+01  0.1026E+02  0.1184E+02  0.1342E+02  0.1500E+02  0.1658E+02  0.1815E+02  0.1973E+02  0.2131E+02  0.2289E+02  0.2447E+02  0.2605E+02  0.2763E+02  0.2920E+02  0.3078E+02  0.3236E+02  0.3394E+02  0.3552E+02  0.3710E+02  0.3828E+02  0.3907E+02
