   5.2989863535868049e-02
   5.2989863535868049e-02
   5.2989863535868049e-02
   5.2989863535868049e-02
   5.2989863535868049e-02
   5.2989863535868049e-02
   5.2990921384530681e-02
   5.2991223049966889e-02
   5.2991414376947078e-02
   5.2991414376947078e-02
   5.2991414376947078e-02
   5.2998772602635920e-02
   5.2993422522545922e-02
   5.3006786224996799e-02
   5.2991878048286485e-02
   5.3003991464600254e-02
   5.2989863535868049e-02
   5.2991704815372728e-02
   5.2989863535868049e-02
   5.2991878048286485e-02
   5.2992986890854001e-02
   5.5423458487930004e-02
   5.3015581985383448e-02
   5.2991223049966889e-02
   5.3017040611698062e-02
   5.2991878048286485e-02
   5.2991319325510183e-02
   5.2989863535868049e-02
   5.2991839465841670e-02
   5.3026697976781625e-02
   5.3065714278053268e-02
   5.2991839465841670e-02
   5.2989863535868049e-02
   5.2998310782718092e-02
   5.3445022569461105e-02
   5.2991878048286485e-02
   5.2991878048286485e-02
   5.2997679925103097e-02
   5.2991878048286485e-02
   5.2990921384530681e-02
   5.2998233147891594e-02
   5.2991878048286485e-02
   5.2991878048286485e-02
   5.2989863535868049e-02
   5.2991878048286485e-02
   5.2990921384530681e-02
   5.2990469685790624e-02
   5.3018705203561257e-02
   5.2999019768431604e-02
   5.3038445611880175e-02
   5.2991878048286485e-02
   5.2989863535868049e-02
   5.2991878048286485e-02
   5.2991878048286485e-02
   5.2991878048286485e-02
   5.2991878048286485e-02
   5.2994865930181774e-02
   5.3001584158305304e-02
   5.2991414376947078e-02
   5.2991878048286485e-02
   5.2993422522545922e-02
   5.2999726905363316e-02
   5.2990921384530681e-02
   5.2994042459928344e-02
   5.2991878048286485e-02
   8.5838113180645756e-02
   5.3162195794904096e-02
   5.2989863535868049e-02
   5.2991878048286485e-02
   5.2991223049966889e-02
   5.2991878048286485e-02
   5.2991878048286485e-02
   5.2991878048286485e-02
   5.3001685612145036e-02
   5.2991878048286485e-02
   5.2994940856221896e-02
   5.2999401297001973e-02
   5.2991878048286485e-02
   5.2993422522545922e-02
   5.2991878048286485e-02
   5.2991878048286485e-02
   5.2991414376947078e-02
   5.2993100091102197e-02
   5.2991839465841670e-02
   5.2991878048286485e-02
   5.3044178851585369e-02
   5.2991878048286485e-02
   5.2989863535868049e-02
   5.2991878048286485e-02
   5.2991878048286485e-02
   5.3030603218553664e-02
   5.3039907812599402e-02
   5.2999019768431604e-02
   5.2991878048286485e-02
   5.2991878048286485e-02
   5.2991878048286485e-02
   5.3039846675199447e-02
   5.2993100091102197e-02
   5.2999034464933814e-02
   5.2991878048286485e-02
   5.2998844936623532e-02
   5.3004540464213691e-02
   5.2991878048286485e-02
   5.3112239122609803e-02
   5.2990304927451423e-02
   5.2991878048286485e-02
   5.2991878048286485e-02
   5.3008083648789006e-02
   5.2989863535868049e-02
   5.3006739329144181e-02
   5.2991878048286485e-02
   5.2991878048286485e-02
   5.2991878048286485e-02
   5.2991878048286485e-02
   5.3008836745700498e-02
   5.2993021227823213e-02
   5.2991414376947078e-02
   5.3039355668013669e-02
   5.2991878048286485e-02
   5.2991878048286485e-02
   5.2989863535868049e-02
   5.2991878048286485e-02
   5.3094787660019654e-02
   5.2991878048286485e-02
   5.2991878048286485e-02
   5.3028839229834125e-02
   5.2991878048286485e-02
   5.3015265174415634e-02
   5.3039846675199447e-02
   5.2991878048286485e-02
   5.2989863535868049e-02
   5.2991878048286485e-02
   5.2991878048286485e-02
   5.3009599271062899e-02
   5.2991878048286485e-02
   5.2991878048286485e-02
   5.2989863535868049e-02
   5.2991094820291552e-02
   5.2989863535868049e-02
   5.3042888136873668e-02
   5.3010062930698418e-02
   5.3044080620579186e-02
   5.2989863535868049e-02
   5.2989863535868049e-02
   5.2991878048286485e-02
   5.2991839465841670e-02
   5.2991878048286485e-02
   5.3015581985383448e-02
   5.3006653988385305e-02
   5.3040791620501217e-02
   5.2991878048286485e-02
   5.2991878048286485e-02
   5.3033655484510389e-02
   5.2991878048286485e-02
   5.2991878048286485e-02
   5.2991666087705960e-02
   5.2991878048286485e-02
   5.2991878048286485e-02
   5.2991878048286485e-02
   5.2991878048286485e-02
   5.3005095109681592e-02
   5.4961452025297591e-02
   5.2991878048286485e-02
   5.2992553679985392e-02
   5.3006653988385305e-02
   5.2992300976695474e-02
   5.2994940856221896e-02
   5.3003368128387997e-02
   5.2991878048286485e-02
   5.2991839465841670e-02
   5.2991878048286485e-02
   5.2991878048286485e-02
   5.3021228136531512e-02
   5.2991878048286485e-02
   5.3041633105194566e-02
   5.2991878048286485e-02
   5.2991878048286485e-02
   5.2991878048286485e-02
   5.2994053481704849e-02
   5.2993876016689444e-02
   5.2994402650616945e-02
   5.3030714283961188e-02
   5.3017728641815011e-02
   5.3032807027895770e-02
   5.3007439153391671e-02
   5.2990108532436714e-02
   5.3019869200287888e-02
   5.3002673879036191e-02
   5.3005630999656821e-02
   5.3003827524417756e-02
   5.2993520781125979e-02
   5.2993520781125979e-02
   5.2996800481930076e-02
   5.3020354680971424e-02
   5.2997548541959941e-02
   5.3009920476215673e-02
   5.2996578377047555e-02
   5.3005776862381657e-02
   5.3004276853759462e-02
   5.3020680580404031e-02
   5.3002163673736648e-02
   5.3006795157645996e-02
   5.2993625191982606e-02
   5.2993100091102197e-02
   5.3010063924556254e-02
   5.3051402014397446e-02
   5.3083861292414228e-02
   5.2994481439383782e-02
   5.2992564531414141e-02
   5.3011618674935292e-02
   5.3012762486839594e-02
   5.2999055338869484e-02
   5.2995047131069888e-02
   5.3006555740237243e-02
   5.3016500803264831e-02
   5.2996391163415528e-02
   5.2995837312490246e-02
   5.2994940856221896e-02
   5.3020017891033257e-02
   5.3011712879355188e-02
