   5.2986798170374785e-02
   5.2986798560290545e-02
   5.2986798679423415e-02
   5.2986801305948190e-02
   5.2986801305948190e-02
   5.2986801305948190e-02
   5.2986801305948190e-02
   5.2986801305948190e-02
   5.2986801305948190e-02
   5.2986801305948190e-02
   5.2986801305948190e-02
   5.2986854371096417e-02
   5.2986876648819445e-02
   5.2986801305948190e-02
   5.2986870050709220e-02
   5.2986958618175595e-02
   5.2987214290253763e-02
   5.2986854371096417e-02
   5.2986813571899098e-02
   5.2986801305948190e-02
   5.2986813571899098e-02
   5.2987472622296465e-02
   5.3001475074936785e-02
   5.2986924770473884e-02
   5.2986860770202898e-02
   5.2986801305948190e-02
   5.2986813571899098e-02
   5.2986798679423415e-02
   5.2986814352557490e-02
   5.2986850344600933e-02
   5.2986854371096417e-02
   5.2986801305948190e-02
   5.2986946050173227e-02
   5.2986854371096417e-02
   5.2986854371096417e-02
   5.2986869237408099e-02
   5.2986801305948190e-02
   5.2986870050709220e-02
   5.2986898927075185e-02
   5.2986854371096417e-02
   5.2988392538782354e-02
   5.2986813571899098e-02
   5.2986801794562652e-02
   5.2987056100461942e-02
   5.2986813571899098e-02
   5.2986801305948190e-02
   5.2986854371096417e-02
   5.2987223211773515e-02
   5.2986870050709220e-02
   5.2986901975085078e-02
   5.2986807414703428e-02
   5.2988121850201512e-02
   5.2986854371096417e-02
   5.2986870650014291e-02
   5.2986902246707580e-02
   5.2986920869777659e-02
   5.2986801794562652e-02
   5.2986854371096417e-02
   5.2986852143175660e-02
   5.2987024910666168e-02
   5.2987000399421329e-02
   5.2986806300135414e-02
   5.2986801305948190e-02
   5.2987628982270149e-02
   5.2986801305948190e-02
   5.2986801305948190e-02
   5.2986820073317141e-02
   5.2986801305948190e-02
   5.2986813378912132e-02
   5.2986854945391265e-02
   5.2988802477136741e-02
   5.2986807414703428e-02
   5.2986880926866382e-02
   5.2986807414703428e-02
   5.2989032064272551e-02
   5.2987334288297647e-02
   5.2986801305948190e-02
   5.2986917610282520e-02
   5.2986799560276340e-02
   5.2986805465640656e-02
   5.2986801305948190e-02
   5.2986891686375506e-02
   5.2986869698806470e-02
   5.2986801305948190e-02
   5.2986797132431110e-02
   5.2986801305948190e-02
   5.2987123099101495e-02
   5.2986805465640656e-02
   5.2986810752387953e-02
   5.2986969654475809e-02
   5.2986854192978369e-02
   5.2986801305948190e-02
   5.2986811922729173e-02
   5.2986801305948190e-02
   5.2986870050709220e-02
   5.2986869071509936e-02
   5.2987714170107524e-02
   5.2986854347652178e-02
   5.2986854371096417e-02
   5.2986852318869147e-02
   5.2986808122486628e-02
   5.2986916158983995e-02
   5.2987098413867860e-02
   5.2987201873066624e-02
   5.2986854371096417e-02
   5.2986815184145136e-02
   5.2986854371096417e-02
   5.2986927366935173e-02
   5.2986854371096417e-02
   5.2986855335331068e-02
   5.2986854371096417e-02
   5.2987425201260346e-02
   5.2986798170374785e-02
   5.2986801305948190e-02
   5.2986870050709220e-02
   5.2986852767818650e-02
   5.2986865351416827e-02
   5.2986801305948190e-02
   5.2986854371096417e-02
   5.2986854371096417e-02
   5.2986870050709220e-02
   5.2986798679423415e-02
   5.2989583182858492e-02
   5.2986854371096417e-02
   5.2986931474957671e-02
   5.2987996834904599e-02
   5.2986854371096417e-02
   5.2986854371096417e-02
   5.2986801305948190e-02
   5.2986829522494512e-02
   5.2986801305948190e-02
   5.2986813571899098e-02
   5.2986801305948190e-02
   5.2988097750791163e-02
   5.2986996419247014e-02
   5.2986854487725242e-02
   5.2987345715389093e-02
   5.2987034460587105e-02
   5.2987112532066921e-02
   5.2986868590471241e-02
   5.2986807414703428e-02
   5.2987715763721958e-02
   5.2986798170374785e-02
   5.2986949359812165e-02
   5.2987380978250474e-02
   5.2986870050709220e-02
   5.2987725667267678e-02
   5.2986854371096417e-02
   5.2986801305948190e-02
   5.2986854371096417e-02
   5.2987232057769201e-02
   5.2986801305948190e-02
   5.2988928872853079e-02
   5.2987048136214979e-02
   5.2986854371096417e-02
   5.2986854347652178e-02
   5.2986798679423415e-02
   5.2986855610741672e-02
   5.2988381041922869e-02
   5.2986867424187852e-02
   5.2986869345536390e-02
   5.2986854371096417e-02
   5.2986861028236132e-02
   5.3025262925861891e-02
   5.2986869222156799e-02
   5.2987637261930468e-02
   5.2989710549452368e-02
   5.2986854371096417e-02
   5.2986854371096417e-02
   5.2986854371096417e-02
   5.2986868607237600e-02
   5.2986813571899098e-02
   5.2987058865061373e-02
   5.2986854371096417e-02
   5.2986911540034654e-02
   5.2986801794562652e-02
   5.2989047873801855e-02
   5.2986870050709220e-02
   5.3003753312113398e-02
   5.2996164073094376e-02
   5.3000286343029432e-02
   5.3004835313933969e-02
   5.2991021717987710e-02
   5.2989881901790353e-02
   5.2990372940536455e-02
   5.3009545364688680e-02
   5.2995292693659296e-02
   5.3005358042895294e-02
   5.3014162575687369e-02
   5.2990728450307258e-02
   5.3000937562592450e-02
   5.3008031387589999e-02
   5.2995763046086060e-02
   5.2994095182885961e-02
   5.3002355147741667e-02
   5.2989090796143938e-02
   5.3007000401806045e-02
   5.3004178630282242e-02
   5.2997311021213529e-02
   5.2996263951256777e-02
   5.3011271213835712e-02
   5.2993334620049626e-02
   5.2990052716921351e-02
   5.2990154003725622e-02
   5.2998081441646722e-02
   5.2995457373806121e-02
   5.3003718831935553e-02
   5.2990049276069699e-02
   5.2998869039106590e-02
   5.2994685541808556e-02
   5.2995222751660687e-02
   5.2995991208632125e-02
   5.2987822726287812e-02
   5.3003701674572613e-02
   5.2991609975373860e-02
   5.2991799636974125e-02
   5.2990202739177379e-02
   5.2997474285347013e-02
   5.2999880947131352e-02
   5.2989594314377969e-02
