   5.6282199946837488e-02
   5.6950719859900849e-02
   5.6950719859900849e-02
   5.6950719859900849e-02
   5.6950719859900849e-02
   5.6950719859900849e-02
   5.6950719859900849e-02
   5.6950719859900849e-02
   5.6950719859900849e-02
   5.6950719859900849e-02
   5.6950719859900849e-02
   8.0821394901526997e-02
   9.8716616863152695e-02
   6.6136557662783646e-01
   5.6950719859900849e-02
   7.9267682646633128e-02
   4.6243717004881951e-01
   1.4865932939901044e-01
   5.6950719859900849e-02
   8.0821394901526997e-02
   7.6771037684726359e-02
   5.6950719859900849e-02
   5.6950719859900849e-02
   1.2479354911827295e-01
   5.6950719859900849e-02
   4.0483850224290263e-01
   7.5305535341547589e-02
   4.5814556495964259e-01
   5.7797599533056236e-02
   6.4086440126193023e-02
   7.5305535341547589e-02
   5.7797599533056236e-02
   5.6950719859900849e-02
   6.0170298294821449e-02
   2.0888333405602183e-01
   6.0653620648328833e-02
   6.5185142271743310e-02
   5.7797599533056236e-02
   5.6950719859900849e-02
   5.6950719859900849e-02
   5.6950719859900849e-02
   7.9053976454114799e-02
   5.6950719859900849e-02
   1.9851930471346033e-01
   5.7797599533056236e-02
   5.9288470297020800e-02
   8.0824523072573234e-02
   5.7797599533056236e-02
   1.3381008150858442e-01
   5.8545260673956906e-02
   6.4086440126193023e-02
   5.8545260673956906e-02
   2.9675845712410265e-01
   8.0821394901526997e-02
   5.6950719859900849e-02
   5.7868182788886495e-02
   8.0821394901526997e-02
   6.6018072968073979e-02
   7.5305535341547589e-02
   5.9288470297020800e-02
   1.0452040312158506e-01
   5.6282199946837488e-02
   1.1718204684751735e-01
   5.8241512824525138e-02
   5.7797599533056236e-02
   5.6950719859900849e-02
   5.6950719859900849e-02
   8.0388088474744795e-02
   6.4086440126193023e-02
   2.3801847401452134e-01
   5.6950719859900849e-02
   5.6282199946837488e-02
   7.9602237586676908e-02
   5.7797599533056236e-02
   5.9288470297020800e-02
   5.6950719859900849e-02
   2.6848662457130457e-01
   1.1776126571665639e-01
   5.6950719859900849e-02
   5.8545260673956906e-02
   5.2509926841046783e-01
   1.3817855649742655e-01
   5.7797599533056236e-02
   5.6950719859900849e-02
   2.7521340869905098e-01
   8.1255264212120731e-02
   1.4258700900307103e-01
   5.6950719859900849e-02
   5.6950719859900849e-02
   8.2545076094980865e-02
   5.6950719859900849e-02
   5.9288470297020800e-02
   7.9267682646633128e-02
   1.1211011871745341e-01
   6.6453019263378321e-01
   8.0821394901526997e-02
   1.8682687445128024e-01
   7.7137423975477751e-02
   5.2527090110943675e-01
   2.2360240412878418e-01
   5.7797599533056236e-02
   2.2325591994449026e-01
   7.7137423975477751e-02
   1.4116839686749871e-01
   6.4086440126193023e-02
   6.3661031315292174e-02
   5.6282199946837488e-02
   5.6950719859900849e-02
   1.0197003133092673e-01
   5.7797599533056236e-02
   6.5760665490294606e-02
   5.6950719859900849e-02
   8.8563137182641929e-02
   5.6950719859900849e-02
   6.0653620648328833e-02
   5.6950719859900849e-02
   5.8545260673956906e-02
   8.4650878673476301e-02
   3.1901466403944667e-01
   5.6282199946837488e-02
   5.9932267286941170e-02
   8.1900916044380240e-02
   7.9267682646633128e-02
   8.2469837271290536e-02
   5.6282199946837488e-02
   5.6950719859900849e-02
   5.7797599533056236e-02
   5.7797599533056236e-02
   6.4086440126193023e-02
   4.6232989674305891e-01
   5.6950719859900849e-02
   7.9210256015523769e-02
   3.0484318540446625e-01
   7.8696051888889756e-02
   5.6950719859900849e-02
   5.6282199946837488e-02
   5.7868182788886495e-02
   2.5014102652614173e-01
   7.9267682646633128e-02
   1.4922994829639638e-01
   5.6950719859900849e-02
   5.6950719859900849e-02
   5.6950719859900849e-02
   1.5870774101627444e-01
   1.9510711463920569e-01
   8.8895749548532563e-02
   5.6950719859900849e-02
   5.6950719859900849e-02
   2.8564958818322800e-01
   3.7270827571925358e-01
   1.7322295961725218e-01
   5.7797599533056236e-02
   7.5679016929793744e-02
   7.9156965508135682e-02
   7.7543589422762696e-02
   5.9288470297020800e-02
   2.3243322769738142e-01
   6.3691458952821037e-02
   1.4393853475063509e-01
   7.7442752199816792e-02
   5.6950719859900849e-02
   5.6950719859900849e-02
   8.1900916044380240e-02
   6.3661031315292174e-02
   1.7890916002982823e-01
   6.0170298294821449e-02
   7.9267682646633128e-02
   7.8696051888889756e-02
   8.0821394901526997e-02
   1.1924859518410509e-01
   9.3920880985561728e-02
   7.9267682646633128e-02
   1.1714353468523962e-01
   5.7797599533056236e-02
   7.7543589422762696e-02
   3.7735858920031617e-01
   5.7797599533056236e-02
   5.7797599533056236e-02
   2.8031464787454119e-01
   1.6395851629749728e-01
   3.3484171117844036e-01
   6.4463228879710133e-01
   3.8551330231384190e-01
   1.8450300198802050e-01
   2.9844686559322720e-01
   3.6709941284657815e-01
   3.1273905660717716e-01
   2.6882896258328531e-01
   5.9288519270994122e-01
   1.8510536660835883e-01
   1.3270143059151476e-01
   1.4685732693865369e-01
   2.3643250125777024e-01
   1.9988096137919761e-01
   4.0931935180364210e-01
   4.1399740991584649e-01
   1.8829857040800616e-01
   3.4333068098917235e-01
   3.8249372493442207e-01
   2.6978563637878866e-01
   3.1871194625943661e-01
   2.7296448477830554e-01
   5.2216609438942951e-01
   1.6386247092715001e-01
   1.8745282468265695e-01
   2.6473499091816727e-01
   1.9451352049105569e-01
   1.8819400645414100e-01
   2.4550699014225541e-01
   2.3053698064385386e-01
   2.3012396304869323e-01
   2.6120296253581271e-01
   2.3233351173917513e-01
   2.6351048941059163e-01
   2.4068330344455391e-01
   2.8809340472537598e-01
   5.6385300861406962e-01
   3.7540675314773692e-01
   1.9248039452855870e-01
   4.6622665587619438e-01
