   5.2986787896344437e-02
   5.2986787896344437e-02
   5.2986787896344437e-02
   5.2986787896344437e-02
   5.2986787896344437e-02
   5.2986787896344437e-02
   5.2986787896344437e-02
   5.2986787896344437e-02
   5.2986787896344437e-02
   5.2986787896344437e-02
   5.2986787896344437e-02
   5.2986787957804725e-02
   5.2986787931268507e-02
   5.2986787896344437e-02
   5.2987112245108908e-02
   5.2986798527003311e-02
   5.2986787896344437e-02
   5.2986787957804725e-02
   5.2986832515506746e-02
   5.2986787896344437e-02
   5.2986787896344437e-02
   5.2986802726908415e-02
   5.2986796672255643e-02
   5.2986787896344437e-02
   5.2986794124782834e-02
   5.2987050157452573e-02
   5.2986787896344437e-02
   5.2986787957804725e-02
   5.2986787896344437e-02
   5.2986787896344437e-02
   5.2986787896344437e-02
   5.2986787957804725e-02
   5.2986802060057729e-02
   5.2986787896344437e-02
   5.2986819029190141e-02
   5.2986850185137900e-02
   5.2986855369453752e-02
   5.2986787994693328e-02
   5.2986868487546079e-02
   5.2986787957804725e-02
   5.2986787896344437e-02
   5.2986787994693328e-02
   5.2986787896344437e-02
   5.2986820582712847e-02
   5.2986787957804725e-02
   5.2986787896344437e-02
   5.2986794496799765e-02
   5.2986787896344437e-02
   5.2986787896344437e-02
   5.2986807099147569e-02
   5.2986787957804725e-02
   5.2986789449958389e-02
   5.2986793886333379e-02
   5.2986787896344437e-02
   5.2986787896344437e-02
   5.2986787896344437e-02
   5.2986787896344437e-02
   5.2986787896344437e-02
   5.2986854954053877e-02
   5.2986930093241999e-02
   5.2986787957804725e-02
   5.2986787994693328e-02
   5.2986790971973036e-02
   5.2986787896344437e-02
   5.2986787896344437e-02
   5.2986787957804725e-02
   5.2986787896344437e-02
   5.2986812962926601e-02
   5.2986797190732196e-02
   5.2986800387043537e-02
   5.2986794143999899e-02
   5.2986787896344437e-02
   5.2988277205530149e-02
   5.2986789478116719e-02
   5.2986787957804725e-02
   5.2986787957804725e-02
   5.2986787896344437e-02
   5.2986787957804725e-02
   5.2986787896344437e-02
   5.2986787896344437e-02
   5.2986787896344437e-02
   5.2986787896344437e-02
   5.2986810309183653e-02
   5.2986787896344437e-02
   5.2986788302174521e-02
   5.2986787896344437e-02
   5.2986835588850721e-02
   5.2986888359279852e-02
   5.2986794202863806e-02
   5.2986788147240504e-02
   5.2986787896344437e-02
   5.2986787896344437e-02
   5.2986787896344437e-02
   5.2986864019320054e-02
   5.2986787957804725e-02
   5.2986787896344437e-02
   5.2986821697378492e-02
   5.2986843194325076e-02
   5.2986787896344437e-02
   5.2986819723018684e-02
   5.2986787896344437e-02
   5.2986787896344437e-02
   5.2986787896344437e-02
   5.2986787896344437e-02
   5.2986787896344437e-02
   5.2986787896344437e-02
   5.2986825605488903e-02
   5.2986835588850721e-02
   5.2986809617533777e-02
   5.2986787896344437e-02
   5.2986798868076619e-02
   5.2986787957804725e-02
   5.2986787896344437e-02
   5.2986834136525884e-02
   5.2986832391546890e-02
   5.2986806287757947e-02
   5.2986787957804725e-02
   5.2986787896344437e-02
   5.2986787896344437e-02
   5.2986788227167472e-02
   5.2986787896344437e-02
   5.2986787896344437e-02
   5.2986787896344437e-02
   5.2986787896344437e-02
   5.2986854405842686e-02
   5.2987364630387175e-02
   5.2986787896344437e-02
   5.2986787896344437e-02
   5.2986792613564433e-02
   5.2986787931268507e-02
   5.2986805807667917e-02
   5.2986793886333379e-02
   5.2986787896344437e-02
   5.2986787896344437e-02
   5.2986820235726859e-02
   5.2986798249307403e-02
   5.2986796652091314e-02
   5.2986787896344437e-02
   5.2986788855657538e-02
   5.2986787896344437e-02
   5.2986794143999899e-02
   5.2986799431300073e-02
   5.2986787896344437e-02
   5.2986787896344437e-02
   5.2986787896344437e-02
   5.2986787896344437e-02
   5.2986833991010909e-02
   5.2986787896344437e-02
   5.2986837356813248e-02
   5.2986787896344437e-02
   5.2986788074465968e-02
   5.2986787896344437e-02
   5.2986787896344437e-02
   5.2986787957804725e-02
   5.2986822871774107e-02
   5.2986787896344437e-02
   5.2986787957804725e-02
   5.2986788227167472e-02
   5.2986806314886732e-02
   5.2986787896344437e-02
   5.2987312759838555e-02
   5.2986790623606214e-02
   5.2986835964280027e-02
   5.2986827465901706e-02
   5.2986806243807992e-02
   5.2986875838410552e-02
   5.2986813140023431e-02
   5.2986787994693328e-02
   5.2986807963032859e-02
   5.2986787957804725e-02
   5.2986787957804725e-02
   5.2986800744050530e-02
   5.2986807415242657e-02
   5.2986907395933092e-02
   5.2986805615585844e-02
   5.2986787896344437e-02
   5.2988072167130161e-02
   5.2986815826020370e-02
   5.2986830433428327e-02
   5.2986840237957918e-02
   5.2986806065196256e-02
   5.2986907544161972e-02
   5.2986818020100135e-02
   5.2986867258391579e-02
   5.2986838048479652e-02
   5.2986808274525746e-02
   5.2986837319894231e-02
   5.2986828951549131e-02
   5.2986834721597716e-02
   5.2986832634576098e-02
   5.2986848495492962e-02
   5.2987107993694604e-02
   5.2986806349810789e-02
   5.2986815030813643e-02
   5.2986821550614766e-02
   5.2986947702604197e-02
   5.2986831681701534e-02
   5.2987349822657452e-02
   5.2986811562473986e-02
   5.2986998308110433e-02
   5.2986823819280229e-02
   5.2986834398384731e-02
   5.2986871161360048e-02
   5.2986802250282558e-02
   5.2986798527003311e-02
   5.2986823118906123e-02
   5.2986839996046566e-02
   5.2986821341609147e-02
   5.2986822577762140e-02
   5.2986955607324762e-02
   5.2986833618925970e-02
   5.2986807458781017e-02
   5.2986881942965428e-02
   5.2986816041546203e-02
   5.2986878861293545e-02
   5.2986817631225966e-02
   5.2986804490085020e-02
   5.2986808433009777e-02
   5.2986805767921745e-02
   5.2986821354394420e-02
