   5.4751414623886649e-02
   5.5756253642074670e-02
   5.6282199946837488e-02
   5.6282199946837488e-02
   5.6282199946837488e-02
   5.6282199946837488e-02
   5.6282199946837488e-02
   5.6282199946837488e-02
   5.6282199946837488e-02
   5.6282199946837488e-02
   5.6282199946837488e-02
   5.6282199946837488e-02
   5.6282199946837488e-02
   5.6282199946837488e-02
   6.0680616948848340e-02
   5.6186579769788400e-02
   5.6282199946837488e-02
   5.8586069910364955e-02
   7.0212101952513845e-02
   5.6282199946837488e-02
   5.6282199946837488e-02
   5.6282199946837488e-02
   5.6950719859900849e-02
   5.6282199946837488e-02
   5.6950719859900849e-02
   6.1703949709617095e-02
   5.6282199946837488e-02
   5.6282199946837488e-02
   1.2967846073104022e-01
   5.6282199946837488e-02
   5.6282199946837488e-02
   5.6282199946837488e-02
   6.3148157200680177e-02
   7.1776457233408780e-02
   5.6950719859900849e-02
   5.6282199946837488e-02
   5.6282199946837488e-02
   5.6282199946837488e-02
   5.6282199946837488e-02
   5.6588834378286483e-02
   7.6175789268959099e-02
   7.5638508294423090e-02
   5.6950719859900849e-02
   5.6282199946837488e-02
   5.6950719859900849e-02
   5.6950719859900849e-02
   7.5305535341547589e-02
   5.6950719859900849e-02
   5.6282199946837488e-02
   5.5402286804530576e-02
   5.6282199946837488e-02
   5.6282199946837488e-02
   5.6282199946837488e-02
   5.4751414623886649e-02
   1.0747865124996443e-01
   6.3190363863178833e-02
   3.0392224302765586e-01
   5.6282199946837488e-02
   5.7156881480184434e-02
   5.6950719859900849e-02
   5.6282199946837488e-02
   6.2094448678170606e-02
   5.5977375944560058e-02
   6.4715486113936474e-02
   6.1703949709617095e-02
   8.3359959144857776e-02
   8.9219846723728374e-02
   5.6282199946837488e-02
   5.6889127378316119e-02
   8.8117711787169734e-02
   5.4905880909076263e-02
   8.0518729477313908e-02
   6.6442208331456518e-02
   5.6282199946837488e-02
   1.5634501982371790e-01
   5.6670728471867000e-02
   6.5447881357155333e-02
   5.6950719859900849e-02
   8.4585841737461281e-02
   5.6282199946837488e-02
   8.9983827104659686e-02
   5.4751414623886649e-02
   1.1842684336336770e-01
   7.9604690384983981e-02
   5.6282199946837488e-02
   5.8823376994355088e-02
   6.2560369807055746e-02
   1.0209301278542164e-01
   2.5014102652614173e-01
   1.0591449278455559e-01
   1.1630175131609677e-01
   6.5793802249113659e-02
   5.6282199946837488e-02
   5.6282199946837488e-02
   1.4859665253627374e-01
   5.5257750218124742e-02
   6.6813732008055501e-02
   5.6950719859900849e-02
   6.5447881357155333e-02
   8.3161912488566567e-02
   8.3687032966813360e-02
   5.6889127378316119e-02
   5.6282199946837488e-02
   5.6282199946837488e-02
   7.2427067031463205e-02
   5.6282199946837488e-02
   5.6282199946837488e-02
   5.6282199946837488e-02
   5.6950719859900849e-02
   1.4920367735261406e-01
   5.6282199946837488e-02
   5.6282199946837488e-02
   5.6282199946837488e-02
   5.4751414623886649e-02
   5.6282199946837488e-02
   5.6282199946837488e-02
   5.6282199946837488e-02
   6.8620646660377038e-02
   5.6282199946837488e-02
   5.6282199946837488e-02
   6.2487170464325920e-02
   5.7341163523297337e-02
   6.6426835994384759e-02
   5.6282199946837488e-02
   1.0173811614467525e-01
   6.9492586045808491e-02
   5.6282199946837488e-02
   9.4914741452289744e-02
   5.6282199946837488e-02
   8.2788002383369974e-02
   5.9295243908208617e-02
   5.5977375944560058e-02
   5.6950719859900849e-02
   5.5402286804530576e-02
   5.6950719859900849e-02
   5.6282199946837488e-02
   5.4905880909076263e-02
   5.6282199946837488e-02
   5.6282199946837488e-02
   6.5094884937793071e-02
   5.6282199946837488e-02
   5.7156881480184434e-02
   1.3836412376151686e-01
   5.6950719859900849e-02
   5.6282199946837488e-02
   5.6282199946837488e-02
   5.6282199946837488e-02
   6.2586083874159246e-02
   5.6282199946837488e-02
   5.6282199946837488e-02
   5.6282199946837488e-02
   8.0991099254503790e-02
   5.6950719859900849e-02
   8.1255264212120731e-02
   6.3307341462382233e-02
   5.6950719859900849e-02
   6.1750926983051575e-02
   5.6282199946837488e-02
   5.6282199946837488e-02
   6.1969165554753222e-02
   5.6282199946837488e-02
   5.7156881480184434e-02
   5.6950719859900849e-02
   8.9362173530091585e-02
   1.3236731378927649e-01
   8.9416077888329185e-02
   6.6948283914222029e-02
   5.6282199946837488e-02
   5.6282199946837488e-02
   7.5012265824775548e-02
   1.9539623558176608e-01
   6.0551404526462904e-02
   5.6950719859900849e-02
   5.6282199946837488e-02
   5.6282199946837488e-02
   5.6282199946837488e-02
   5.8510007663486650e-02
   5.6282199946837488e-02
   1.2486184028002403e-01
   1.4735952199309676e-01
   1.6325312332848710e-01
   1.0426413389843854e-01
   1.6295056245828080e-01
   1.1556597757386157e-01
   2.3973272889881930e-01
   1.2806708276128306e-01
   1.0813145918565344e-01
   1.5385583374402037e-01
   1.3753293101461567e-01
   1.3753293101461567e-01
   1.1831934174674812e-01
   2.1243837603976939e-01
   1.0430985050221650e-01
   8.3687032966813360e-02
   9.9550425101675263e-02
   1.2967846073104022e-01
   1.4235789757462070e-01
   1.5476266687261442e-01
   1.5011301759351947e-01
   8.7788331813702963e-02
   1.5657509715509577e-01
   1.5488952547954701e-01
   1.4256561255077874e-01
   1.3738073627497890e-01
   2.1094705149596121e-01
   4.2449919635822952e-01
   1.0699388443632543e-01
   1.3065170566473172e-01
   1.6577249442682176e-01
   1.0358409331817968e-01
   2.2087134119595389e-01
   1.5809440887901169e-01
   1.5879225597155835e-01
   8.3687032966813360e-02
   1.0581330051330487e-01
   9.6054045076086475e-02
   2.1374459499708870e-01
   1.3728012878366008e-01
   1.3770065065259623e-01
   1.8092159902419866e-01
