   5.3062647310431713e-02
   5.3078880034028962e-02
   5.3080083737652856e-02
   5.3080749790396627e-02
   5.3085724434665707e-02
   5.3085724434665707e-02
   5.3085724434665707e-02
   5.3085724434665707e-02
   5.3085724434665707e-02
   5.3085724434665707e-02
   5.3122068221044226e-02
   5.4739602244564818e-02
   5.3177194377840561e-02
   5.3177194377840561e-02
   5.3669219210697922e-02
   5.3459125135180544e-02
   5.3145591426774233e-02
   5.4150610976969361e-02
   5.3235072717611139e-02
   5.3147905798860084e-02
   5.3855941876145688e-02
   5.3025381452947398e-02
   5.4176723425479988e-02
   5.3296186957325097e-02
   5.3904541372392430e-02
   5.3085724434665707e-02
   5.3062647310431713e-02
   5.3287768118653572e-02
   5.3237846980191537e-02
   5.3308579179326313e-02
   5.3177194377840561e-02
   5.3171563384403257e-02
   5.3907573941575214e-02
   5.3542703212582948e-02
   5.3286955296320326e-02
   5.3430130401082500e-02
   5.3177194377840561e-02
   5.3186626839060669e-02
   5.3349713992847554e-02
   5.5314323283351084e-02
   5.3583119677844543e-02
   5.3177194377840561e-02
   5.3841996005608246e-02
   5.3235072717611139e-02
   5.3235072717611139e-02
   5.3251198207117864e-02
   5.3147618659958908e-02
   5.3177194377840561e-02
   5.3085724434665707e-02
   5.3260111270251716e-02
   5.3235072717611139e-02
   5.4502488352416924e-02
   5.3124630216501829e-02
   5.3235072717611139e-02
   5.3147905798860084e-02
   5.3091131096483050e-02
   5.3214650318584501e-02
   5.3255171816950643e-02
   5.3062647310431713e-02
   5.3236723385510984e-02
   5.3171563384403257e-02
   5.3392102976113041e-02
   5.4972258311565825e-02
   5.3080083737652856e-02
   5.3096091140651218e-02
   5.7263480002377749e-02
   5.3290801775023301e-02
   5.3147905798860084e-02
   5.3235072717611139e-02
   5.3062647310431713e-02
   5.3142752019225158e-02
   5.3041607586069885e-02
   5.3147905798860084e-02
   5.3235072717611139e-02
   5.4704021545996621e-02
   5.3287768118653572e-02
   5.3238189925188951e-02
   5.3687755827351573e-02
   5.3177194377840561e-02
   5.3447875678460863e-02
   5.3197315344876435e-02
   5.3963388328160743e-02
   5.3993676236705139e-02
   5.3780426300381157e-02
   5.3282812337796324e-02
   5.3235072717611139e-02
   5.3171563384403257e-02
   5.3290873296158774e-02
   5.3177194377840561e-02
   5.3147905798860084e-02
   5.3120121098380310e-02
   5.3605831739224216e-02
   5.3085724434665707e-02
   5.3291778736081416e-02
   5.4297254402252679e-02
   5.3177194377840561e-02
   5.3210982192654847e-02
   5.3641544756858263e-02
   5.3490100022198957e-02
   5.3171563384403257e-02
   5.3232913417806421e-02
   5.3245852311362710e-02
   5.3067035789082270e-02
   5.3235072717611139e-02
   5.5152821743305845e-02
   5.7383712789958297e-02
   5.3203233531759403e-02
   5.4064095782282620e-02
   5.3063639268313555e-02
   5.3177194377840561e-02
   5.3260111270251716e-02
   5.3295868486219575e-02
   5.3080749790396627e-02
   5.3420673215303610e-02
   5.3525231311182690e-02
   5.5237860551994276e-02
   5.3539200946902711e-02
   5.3935306269005279e-02
   5.6648173883839116e-02
   5.3082183528520920e-02
   5.3745559793443823e-02
   5.3177194377840561e-02
   5.3288923810671109e-02
   5.3216873175467354e-02
   5.3331937269065141e-02
   5.8168265859695603e-02
   5.3187985701779891e-02
   5.3085724434665707e-02
   5.3244449783256605e-02
   5.3690456131687152e-02
   5.3441023031784413e-02
   5.3147905798860084e-02
   5.3239364569871120e-02
   5.4216329642280028e-02
   5.3232368497592428e-02
   5.3948593623168575e-02
   5.3177194377840561e-02
   5.3296186957325097e-02
   5.3597950710363884e-02
   5.3085724434665707e-02
   5.3177194377840561e-02
   5.3129255120933583e-02
   5.3147618659958908e-02
   5.3494748954787175e-02
   5.3177194377840561e-02
   5.3177194377840561e-02
   5.3085724434665707e-02
   5.3186581647733544e-02
   5.3238375058217560e-02
   5.3171563384403257e-02
   5.3349713992847554e-02
   5.3164963147372978e-02
   5.3147905798860084e-02
   5.3177194377840561e-02
   5.3094729926058459e-02
   5.3251198207117864e-02
   5.3078880034028962e-02
   5.3796314602403521e-02
   5.3234883394011175e-02
   5.3634137661473097e-02
   5.3287768118653572e-02
   5.3085724434665707e-02
   5.3296186957325097e-02
   5.3287768118653572e-02
   5.3057004159999852e-02
   5.3171563384403257e-02
   5.3177194377840561e-02
   5.3078880034028962e-02
   5.3085724434665707e-02
   5.3391251720552466e-02
   5.3085490973965054e-02
   5.3125443052859295e-02
   5.3235072717611139e-02
   5.3085724434665707e-02
   6.8361801605478958e-02
   5.3078880034028962e-02
   5.6336478914841330e-02
   5.3260111270251716e-02
   5.4512797392801751e-02
   6.1170044687081072e-02
   6.9346818658482690e-02
   6.8164422614176309e-02
   6.4906768118670979e-02
   6.1236152750081506e-02
   5.8776343282068960e-02
   7.1728759325176472e-02
   6.0948733846507529e-02
   5.8602339787151458e-02
   6.0655824920217018e-02
   6.0875394013700505e-02
   6.5243696081466115e-02
   6.3002576781949302e-02
   5.8815889444275939e-02
   6.7810279908837923e-02
   5.5598054719389230e-02
   5.8602661844320399e-02
   7.1863029281264507e-02
   5.9952689053700318e-02
   5.6891874334762629e-02
   6.6865070286260500e-02
   6.7171457785751648e-02
   6.8286936398930603e-02
   6.0599615377230021e-02
   6.4538619166812153e-02
   6.2055897879771775e-02
   6.1031062118298576e-02
   5.8827542129621144e-02
   6.6152876126573487e-02
   6.8021534300156408e-02
   6.8760551804728565e-02
   6.3364594960221093e-02
   6.0103130704600945e-02
   6.4939161785596292e-02
   5.6369352222427803e-02
   6.3859899253455490e-02
   5.6724347654551616e-02
   6.9910692143745332e-02
   6.4078426767901472e-02
   7.2623090936983020e-02
   6.2341661254146495e-02
