   5.2986787896344437e-02
   5.2986787896344437e-02
   5.2986787896344437e-02
   5.2986787896344437e-02
   5.2986787896344437e-02
   5.2986787896344437e-02
   5.2986787896344437e-02
   5.2986787896344437e-02
   5.2986787896344437e-02
   5.2986787896344437e-02
   5.2986787896344437e-02
   5.2986795137052331e-02
   5.2986787896344437e-02
   5.2986787896344437e-02
   5.2986806252227799e-02
   5.2986788695396261e-02
   5.2986787896344437e-02
   5.2986787896344437e-02
   5.2986821332730187e-02
   5.2986787896344437e-02
   5.2986810399824349e-02
   5.2986787896344437e-02
   5.2986787896344437e-02
   5.2986787896344437e-02
   5.2986787896344437e-02
   5.2986792958579623e-02
   5.2986787896344437e-02
   5.2986807389026266e-02
   5.2986803691033438e-02
   5.2986804577659342e-02
   5.2986787896344437e-02
   5.2986787896344437e-02
   5.2986787896344437e-02
   5.2986787896344437e-02
   5.2986787896344437e-02
   5.2986795461501771e-02
   5.2986787896344437e-02
   5.2986787896344437e-02
   5.2986787896344437e-02
   5.2986852359784169e-02
   5.2986787896344437e-02
   5.2986787896344437e-02
   5.2986787896344437e-02
   5.2986787896344437e-02
   5.2986787896344437e-02
   5.2986852638767436e-02
   5.2986787896344437e-02
   5.2986787896344437e-02
   5.2986787896344437e-02
   5.2986787896344437e-02
   5.2986803691033438e-02
   5.2986787896344437e-02
   5.2986787896344437e-02
   5.2986790248763647e-02
   5.2986841237017128e-02
   5.2986787896344437e-02
   5.2986787896344437e-02
   5.2986787896344437e-02
   5.2986828014433406e-02
   5.2986787896344437e-02
   5.2986806314886732e-02
   5.2986802490937152e-02
   5.2986787896344437e-02
   5.2986787896344437e-02
   5.2986792284640351e-02
   5.2986787896344437e-02
   5.2986790698220071e-02
   5.2986811019442200e-02
   5.2987002799813894e-02
   5.2986787931268507e-02
   5.2986787896344437e-02
   5.2986787896344437e-02
   5.2986787896344437e-02
   5.2986787896344437e-02
   5.2986787896344437e-02
   5.2986787896344437e-02
   5.2986815737334221e-02
   5.2986787896344437e-02
   5.2986787896344437e-02
   5.2986787896344437e-02
   5.2986794310662021e-02
   5.2986787896344437e-02
   5.2986787896344437e-02
   5.2986787896344437e-02
   5.2986787957804725e-02
   5.2986819529323735e-02
   5.2986787896344437e-02
   5.2986787896344437e-02
   5.2986817744269658e-02
   5.2986794228198374e-02
   5.2986792512932070e-02
   5.2986787896344437e-02
   5.2986787896344437e-02
   5.2986787896344437e-02
   5.2986803691033438e-02
   5.2986787896344437e-02
   5.2986787896344437e-02
   5.2986787896344437e-02
   5.2986787896344437e-02
   5.2986787896344437e-02
   5.2986787896344437e-02
   5.2986787957804725e-02
   5.2986791681911186e-02
   5.2986787896344437e-02
   5.2986787896344437e-02
   5.2986827326109216e-02
   5.2986787896344437e-02
   5.2986841332792113e-02
   5.2986796288148411e-02
   5.2986788957144454e-02
   5.2986792120543393e-02
   5.2986819923246185e-02
   5.2986787896344437e-02
   5.2986787896344437e-02
   5.2986787896344437e-02
   5.2986808261443911e-02
   5.2986857046371350e-02
   5.2986803691033438e-02
   5.2986940395539243e-02
   5.2986787896344437e-02
   5.2986787896344437e-02
   5.2986787896344437e-02
   5.2986787896344437e-02
   5.2986832646888839e-02
   5.2986787896344437e-02
   5.2986797710848056e-02
   5.2986787896344437e-02
   5.2986826214720888e-02
   5.2986787931268507e-02
   5.2986787896344437e-02
   5.2986833096303629e-02
   5.2986787896344437e-02
   5.2986787896344437e-02
   5.2986787896344437e-02
   5.2986787896344437e-02
   5.2986787896344437e-02
   5.2986787896344437e-02
   5.2986787896344437e-02
   5.2986787896344437e-02
   5.2986787896344437e-02
   5.2986787957804725e-02
   5.2986787896344437e-02
   5.2986787896344437e-02
   5.2986789503525776e-02
   5.2986790498303286e-02
   5.2986787896344437e-02
   5.2986787896344437e-02
   5.2986787896344437e-02
   5.2986799981958412e-02
   5.2986787896344437e-02
   5.2986826618470727e-02
   5.2986789791032891e-02
   5.2986810110908812e-02
   5.2986787896344437e-02
   5.2986787896344437e-02
   5.2986787896344437e-02
   5.2986828031181064e-02
   5.2987146148793629e-02
   5.2986787896344437e-02
   5.2986787896344437e-02
   5.2986787896344437e-02
   5.2986787896344437e-02
   5.2986787896344437e-02
   5.2986787896344437e-02
   5.2986839964705143e-02
   5.2986787896344437e-02
   5.2986802460515653e-02
   5.2986787896344437e-02
   5.2986800686146127e-02
   5.2986811321569002e-02
   5.2986787957804725e-02
   5.2986787896344437e-02
   5.2986841058899080e-02
   5.2986787896344437e-02
   5.2986821550614766e-02
   5.2986787896344437e-02
   5.2986796672255643e-02
   5.2986787896344437e-02
   5.2986807576246416e-02
   5.2986798041279932e-02
   5.2986846755790643e-02
   5.2986794228198374e-02
   5.2986849462602133e-02
   5.2986806836258372e-02
   5.2986828367645428e-02
   5.2986859300267197e-02
   5.2986885380270451e-02
   5.2986886930317202e-02
   5.2986880610850641e-02
   5.2986828961198426e-02
   5.2986794332653492e-02
   5.2986805860475807e-02
   5.2986812027235458e-02
   5.2986832185269291e-02
   5.2986826353882251e-02
   5.2986824972512024e-02
   5.2986830829429274e-02
   5.2986827712476113e-02
   5.2986813589229263e-02
   5.2986794143999899e-02
   5.2986812608090489e-02
   5.2986815578537544e-02
   5.2986833417443119e-02
   5.2986823718156661e-02
   5.2986823397928304e-02
   5.2986844485768146e-02
   5.2986824971983912e-02
   5.2986888372872014e-02
   5.2986811690142195e-02
   5.2986902830146988e-02
   5.2986845489473924e-02
   5.2986826328239207e-02
   5.2986806605041611e-02
   5.2986841664967414e-02
   5.2986798527003311e-02
   5.2986826916079997e-02
   5.2986817561770677e-02
   5.2986794263122430e-02
   5.2986808809918705e-02
   5.2986805933780280e-02
