   9.7821934394061921e-02
   9.7821934394061921e-02
   9.7821934394061921e-02
   9.7821934394061921e-02
   9.7821934394061921e-02
   9.7821934394061921e-02
   9.8057975158067495e-02
   9.8057975158067495e-02
   9.8057975158067495e-02
   9.8057975158067495e-02
   9.8057975158067495e-02
   9.8057975158067495e-02
   1.1392039987680280e-01
   1.0443137107798130e-01
   9.7821934394061921e-02
   1.0997843785434093e-01
   1.1842658843582819e-01
   9.8057975158067495e-02
   1.0997843785434093e-01
   6.2194375311185857e-01
   1.0997843785434093e-01
   1.1392039987680280e-01
   4.6528884273563126e-01
   1.1417470903214433e-01
   9.8057975158067495e-02
   1.1022506746714125e-01
   1.0997843785434093e-01
   9.8057975158067495e-02
   9.8057975158067495e-02
   4.1136965700824490e-01
   1.0997843785434093e-01
   1.1842658843582819e-01
   8.4729989156559393e-01
   3.6627041111200453e-01
   1.5947081178233077e-01
   1.0956793390295214e-01
   9.8057975158067495e-02
   4.5176607664741936e-01
   9.8057975158067495e-02
   3.1506703367754713e-01
   6.1224646814940042e-01
   1.1392039987680280e-01
   5.5506011559044399e-01
   1.1085952369533481e-01
   9.8057975158067495e-02
   5.2797876654524167e-01
   3.6729752615596412e-01
   1.0997843785434093e-01
   1.0997843785434093e-01
   4.5166078520004627e-01
   5.5071059243749332e-01
   9.7821934394061921e-02
   1.0997843785434093e-01
   1.2178658372296373e-01
   1.0997843785434093e-01
   1.0997843785434093e-01
   1.1842658843582819e-01
   1.0997843785434093e-01
   9.8057975158067495e-02
   4.7625543034987350e-01
   1.1085952369533481e-01
   3.6384786812226227e-01
   4.5792874351775975e-01
   9.8057975158067495e-02
   9.8057975158067495e-02
   1.0997843785434093e-01
   3.3896801361136886e-01
   3.3542632405555267e-01
   9.8057975158067495e-02
   1.0997843785434093e-01
   1.0997843785434093e-01
   1.1085952369533481e-01
   1.0997843785434093e-01
   2.0173992018602235e-01
   1.0997843785434093e-01
   1.6337895715935855e-01
   9.8057975158067495e-02
   1.0443137107798130e-01
   9.8057975158067495e-02
   1.0443137107798130e-01
   9.8057975158067495e-02
   9.7821934394061921e-02
   9.7821934394061921e-02
   9.7821934394061921e-02
   1.0443137107798130e-01
   4.8616857331345081e-01
   9.7821934394061921e-02
   1.0203371784704052e+00
   1.7252335002588909e-01
   1.7106908865386830e-01
   9.8057975158067495e-02
   9.8057975158067495e-02
   9.8057975158067495e-02
   9.8057975158067495e-02
   1.2178658372296373e-01
   4.5166078520004627e-01
   1.1842658843582819e-01
   9.8057975158067495e-02
   1.0997843785434093e-01
   1.6337895715935855e-01
   9.8057975158067495e-02
   9.8057975158067495e-02
   9.8057975158067495e-02
   5.6736631771401624e-01
   1.1842658843582819e-01
   1.6890062223888475e-01
   9.8057975158067495e-02
   5.6296079399096022e-01
   5.9661816940855128e-01
   5.1454491853021100e-01
   6.3389960844140414e-01
   1.1977208529808905e-01
   2.4312936208879682e-01
   9.7821934394061921e-02
   9.7821934394061921e-02
   1.1076037279653136e-01
   1.0997843785434093e-01
   3.8529491161241619e-01
   3.6264500290362084e-01
   9.8057975158067495e-02
   3.6729752615596412e-01
   5.3896973553305083e-01
   1.0443137107798130e-01
   9.8057975158067495e-02
   1.0997843785434093e-01
   1.0997843785434093e-01
   9.8057975158067495e-02
   6.4109606892954052e-01
   1.1662223626302248e-01
   1.2178658372296373e-01
   1.0997843785434093e-01
   5.0500272780110544e-01
   9.8057975158067495e-02
   9.8057975158067495e-02
   9.8057975158067495e-02
   9.8057975158067495e-02
   1.0997843785434093e-01
   9.8057975158067495e-02
   1.0997843785434093e-01
   9.8057975158067495e-02
   1.0997843785434093e-01
   9.7821934394061921e-02
   1.1392039987680280e-01
   5.4992419346258792e-01
   1.0997843785434093e-01
   5.3568760670831395e-01
   1.9254638022417678e-01
   9.7821934394061921e-02
   9.8057975158067495e-02
   1.0997843785434093e-01
   1.1842658843582819e-01
   2.4312936208879682e-01
   2.1569400406795400e-01
   3.3538016886125926e-01
   9.8057975158067495e-02
   9.7821934394061921e-02
   1.0997843785434093e-01
   1.1842658843582819e-01
   1.1085952369533481e-01
   1.1392039987680280e-01
   9.7821934394061921e-02
   5.2594599921251739e-01
   9.8057975158067495e-02
   2.4312936208879682e-01
   4.5644945260577713e-01
   9.8057975158067495e-02
   1.0997843785434093e-01
   5.0500272780110544e-01
   9.8057975158067495e-02
   9.8057975158067495e-02
   9.7821934394061921e-02
   1.0997843785434093e-01
   9.8057975158067495e-02
   9.7821934394061921e-02
   4.9134499915282137e-01
   9.8057975158067495e-02
   9.7821934394061921e-02
   1.1335994118391195e-01
   1.8474576691302189e-01
   2.7892277161105683e-01
   1.6145085046628765e-01
   1.8212926919528391e-01
   3.0330489209556155e-01
   9.5467219409441584e-01
   3.7109378882771554e-01
   2.1878665156668967e-01
   4.7954254329247764e-01
   3.0281539081028114e-01
   1.5947081178233077e-01
   6.0047498114878539e-01
   4.1931246626388602e-01
   4.3852902811394429e-01
   2.1565424576215197e-01
   4.3599412673069832e-01
   1.8364220169055398e-01
   3.1720567495624630e-01
   2.2444328144615874e-01
   3.9191831598911714e-01
   4.0782719224985964e-01
   2.4706530297540275e-01
   3.5587070572991164e-01
   2.1767081319645376e-01
   3.0419881131009285e-01
   1.5900616706358583e-01
   7.3281640720012053e-01
   1.7020717933613366e-01
   4.5311534211110049e-01
   3.8614690789789174e-01
   5.4051294115553783e-01
   3.0942071228330958e-01
   4.4598180211502192e-01
   2.2643962489277072e-01
   5.1182768953753266e-01
   4.6352432278145239e-01
   2.3726965175349965e-01
   2.8882661350606781e-01
   5.8291618608480367e-01
   3.3006310573492514e-01
   4.0177812742658231e-01
   2.2845257697732471e-01
