   5.2989863535868049e-02
   5.2991223049966889e-02
   5.2991414376947078e-02
   5.2991839465841670e-02
   5.2991878048286485e-02
   5.2991878048286485e-02
   5.2991878048286485e-02
   5.2991878048286485e-02
   5.2991878048286485e-02
   5.2991878048286485e-02
   5.2991878048286485e-02
   5.2991878048286485e-02
   5.2999401297001973e-02
   5.2991878048286485e-02
   5.2991878048286485e-02
   5.3018126052085446e-02
   5.3017396687675619e-02
   5.2991878048286485e-02
   5.2991878048286485e-02
   5.3003508363167362e-02
   5.2991878048286485e-02
   5.3002540143321245e-02
   5.3007825526695980e-02
   5.2991414376947078e-02
   5.3029972585368644e-02
   5.2992535385427635e-02
   5.2993422522545922e-02
   5.3017040611698062e-02
   5.3021120054377535e-02
   5.2991878048286485e-02
   5.3051873827712676e-02
   5.2991878048286485e-02
   5.3004860444926083e-02
   5.2989863535868049e-02
   5.2994759222921732e-02
   5.2991627505106824e-02
   5.2991878048286485e-02
   5.2991414376947078e-02
   5.2991878048286485e-02
   5.2991878048286485e-02
   5.2991878048286485e-02
   5.2991878048286485e-02
   5.2991878048286485e-02
   5.2992986890854001e-02
   5.3015581985383448e-02
   5.3447243613968291e-02
   5.3092879010943783e-02
   5.2992198112152812e-02
   5.3001584158305304e-02
   5.2994124211414584e-02
   5.2991878048286485e-02
   5.3089168802905380e-02
   5.4945286987451818e-02
   5.2991878048286485e-02
   5.2991878048286485e-02
   5.2995295606681599e-02
   5.2990921384530681e-02
   5.2998721285324214e-02
   5.2991878048286485e-02
   5.2991878048286485e-02
   5.3003693286882793e-02
   5.3016773990381329e-02
   5.2991878048286485e-02
   5.2991878048286485e-02
   5.2989863535868049e-02
   5.3207860244543027e-02
   5.2991878048286485e-02
   5.2991878048286485e-02
   5.5638437028580109e-02
   5.3004011403270768e-02
   5.3246356301397860e-02
   5.3019178965152541e-02
   5.2991878048286485e-02
   5.2994042459928344e-02
   5.2991878048286485e-02
   5.2992172803759674e-02
   5.2991878048286485e-02
   5.2999945954323592e-02
   5.3001463809553374e-02
   5.2991878048286485e-02
   5.2991878048286485e-02
   5.2991878048286485e-02
   5.2991878048286485e-02
   5.2991878048286485e-02
   5.2991878048286485e-02
   5.3001508256659641e-02
   5.2991878048286485e-02
   5.2991878048286485e-02
   5.2991878048286485e-02
   5.2995258429390256e-02
   5.2991878048286485e-02
   5.3001770959085009e-02
   5.2991878048286485e-02
   5.2991878048286485e-02
   5.2991878048286485e-02
   5.3174552363410038e-02
   5.2991878048286485e-02
   5.2991878048286485e-02
   5.2991878048286485e-02
   5.2991878048286485e-02
   5.3089433830659692e-02
   5.2993173017464403e-02
   5.2991878048286485e-02
   5.2992140411288045e-02
   5.3180933880623400e-02
   5.3015956863824619e-02
   5.2991839465841670e-02
   5.2994212508564960e-02
   5.2991878048286485e-02
   5.3040260096558989e-02
   5.2991878048286485e-02
   5.2991878048286485e-02
   5.2996336965930695e-02
   5.2991878048286485e-02
   5.2991878048286485e-02
   5.2991878048286485e-02
   5.2992535385427635e-02
   5.2999019768431604e-02
   5.3018990780127132e-02
   5.3076863760116541e-02
   5.3049121325074063e-02
   5.2989863535868049e-02
   5.2993100091102197e-02
   5.2991878048286485e-02
   5.3001502824392067e-02
   5.2991878048286485e-02
   5.2991878048286485e-02
   5.2991878048286485e-02
   5.2991878048286485e-02
   5.2991878048286485e-02
   5.2991878048286485e-02
   5.5224010854630252e-02
   5.2991878048286485e-02
   5.3030603218553664e-02
   5.2991878048286485e-02
   5.2989863535868049e-02
   5.2996770138073170e-02
   5.2993021227823213e-02
   5.2991878048286485e-02
   5.2991839465841670e-02
   5.2991878048286485e-02
   5.3000975966653784e-02
   5.2991878048286485e-02
   5.2991878048286485e-02
   5.2993100091102197e-02
   5.2991878048286485e-02
   5.2991878048286485e-02
   5.2991878048286485e-02
   5.2991878048286485e-02
   5.3014440398543444e-02
   5.2989863535868049e-02
   8.5652409320218365e-02
   5.3292358819124044e-02
   5.2993598009427566e-02
   5.2991878048286485e-02
   5.2991878048286485e-02
   5.2991878048286485e-02
   5.3089202947299276e-02
   5.3018705203561257e-02
   5.3006653988385305e-02
   5.2992535385427635e-02
   5.2991878048286485e-02
   5.2999755755537649e-02
   5.2991878048286485e-02
   5.3003777894729077e-02
   5.2991878048286485e-02
   5.2991878048286485e-02
   5.2991878048286485e-02
   5.2991878048286485e-02
   5.2991878048286485e-02
   5.3042911695548124e-02
   5.2991878048286485e-02
   5.2991878048286485e-02
   5.3042241324679378e-02
   5.2991878048286485e-02
   5.2994042459928344e-02
   5.2991878048286485e-02
   5.2991878048286485e-02
   5.3006653988385305e-02
   5.3007346025140324e-02
   5.3020467578347281e-02
   5.3011615568183477e-02
   5.3023750755374986e-02
   5.3048967969668473e-02
   5.3017196906856849e-02
   5.3012641713610989e-02
   5.2997638547663463e-02
   5.3044178851585369e-02
   5.3054197103688409e-02
   5.3031713519554567e-02
   5.3021834602805004e-02
   5.3020657150222320e-02
   5.3072095053121396e-02
   5.3043764048147729e-02
   5.3031984214795949e-02
   5.3034257366016815e-02
   5.3033135057671786e-02
   5.3023728738011991e-02
   5.3014258504111740e-02
   5.3016924832839055e-02
   5.3047865301316451e-02
   5.3040248476746529e-02
   5.3064073657237816e-02
   5.3105791445621046e-02
   5.3014141428467061e-02
   5.3068166331217470e-02
   5.3009599271062899e-02
   5.3022863190274078e-02
   5.3042197891288695e-02
   5.3018216439110741e-02
   5.3015581985383448e-02
   5.3006825878981791e-02
   5.5604588886157595e-02
   5.3197823221409354e-02
   5.3010114211691738e-02
   5.3055221331284139e-02
   5.3044360818233355e-02
   5.3009578992110951e-02
   5.3006663231006550e-02
   5.2998233147891594e-02
