   3.0136264155110837e-02   5.1892382721578088e+00   9.8241783458827676e+00   5.3932335202765636e+00   2.0716386269985065e-01   6.1264706540158258e+00
   3.0136264155110837e-02   5.1892382721578088e+00   9.8241783458827676e+00   5.3932335202765636e+00   2.0716386269985065e-01   6.1264706540158258e+00
   3.0136264155110837e-02   5.1892382721578088e+00   9.8241783458827676e+00   5.3932335202765636e+00   2.0716386269985065e-01   6.1264706540158258e+00
   3.0136264155110837e-02   5.1892382721578088e+00   9.8241783458827676e+00   5.3932335202765636e+00   2.0716386269985065e-01   6.1264706540158258e+00
   3.0136264155110837e-02   5.1892382721578088e+00   9.8241783458827676e+00   5.3932335202765636e+00   2.0716386269985065e-01   6.1264706540158258e+00
   3.0136264155110837e-02   5.1892382721578088e+00   9.8241783458827676e+00   5.3932335202765636e+00   2.0716386269985065e-01   6.1264706540158258e+00
   3.0136264155110837e-02   5.1892382721578088e+00   9.8241783458827676e+00   5.3932335202765636e+00   2.0716386269985065e-01   6.1264706540158258e+00
   3.0136264155110837e-02   5.1892382721578088e+00   9.8241783458827676e+00   5.3932335202765636e+00   2.0716386269985065e-01   6.1264706540158258e+00
   3.0136264155110837e-02   5.1892382721578088e+00   9.8241783458827676e+00   5.3932335202765636e+00   2.0716386269985065e-01   6.1264706540158258e+00
   3.0136264155110837e-02   5.1892382721578088e+00   9.8241783458827676e+00   5.3932335202765636e+00   2.0716386269985065e-01   6.1264706540158258e+00
   3.0136264155110837e-02   5.1892382721578088e+00   9.8241783458827676e+00   5.3932335202765636e+00   2.0716386269985065e-01   6.1264706540158258e+00
   3.0136264155110837e-02   5.1892382721578088e+00   9.8244224865077676e+00   5.3932335202765636e+00   2.0716386269985065e-01   6.1264706540158258e+00
   3.0136264155110837e-02   5.1894289474164452e+00   9.8244224865077676e+00   5.3932335202765636e+00   2.0716386269985065e-01   6.1264706540158258e+00
   3.0136264155110837e-02   5.1892382721578088e+00   9.8244224865077676e+00   5.3932335202765636e+00   2.0716386269985065e-01   6.1264706540158258e+00
   3.0136264155110837e-02   5.1892382721578088e+00   9.8247302848933877e+00   5.3932335202765636e+00   2.0716386269985065e-01   6.1264706540158258e+00
   3.0136264155110837e-02   5.1892382721578088e+00   9.8241783458827676e+00   5.3932335202765636e+00   2.0716386269985065e-01   6.1264706540158258e+00
   3.0136264155110837e-02   5.1891448120748009e+00   9.8244224865077676e+00   5.3932335202765636e+00   2.0716386269985065e-01   6.1264706540158258e+00
   3.0136264155110837e-02   5.1892382721578088e+00   9.8241783458827676e+00   5.3932335202765636e+00   2.0716386269985065e-01   6.1264706540158258e+00
   3.0136264155110837e-02   5.1892382721578088e+00   9.8244224865077676e+00   5.3932335202765636e+00   2.0716386269985065e-01   6.1264706540158258e+00
   3.0275500605306149e-02   5.1893021683370080e+00   9.8244224865077676e+00   5.3932335202765636e+00   2.0716386269985065e-01   6.1264706540158258e+00
   3.0138529131612302e-02   5.1892382721578088e+00   9.8244224865077676e+00   5.3932335202765636e+00   2.0716386269985065e-01   6.1264706540158258e+00
   3.0182457754811765e-02   5.1892382721578088e+00   9.8244224865077676e+00   5.3932335202765636e+00   2.0716386269985065e-01   6.1264706540158258e+00
   3.0136264155110837e-02   5.1892382721578088e+00   9.8244224865077676e+00   5.3932335202765636e+00   2.0716386269985065e-01   6.1264706540158258e+00
   3.0136264155110837e-02   5.1892382721578088e+00   9.8244224865077676e+00   5.3932335202765636e+00   2.0716386269985065e-01   6.1264706540158258e+00
   2.9892123530110837e-02   5.1893313150083031e+00   9.8244224865077676e+00   5.3932335202765636e+00   2.0716386269985065e-01   6.1264706540158258e+00
   3.0136264155110837e-02   5.1892382721578088e+00   9.8241783458827676e+00   5.3932335202765636e+00   2.0716386269985065e-01   6.1264706540158258e+00
   3.0136264155110837e-02   5.1892382721578088e+00   9.8244224865077676e+00   5.3932335202765636e+00   2.0716386269985065e-01   6.1264706540158258e+00
   3.0136264155110837e-02   5.1892382721578088e+00   9.8244224865077676e+00   5.3932335202765636e+00   2.0716386269985065e-01   6.1264706540158258e+00
   3.0136264155110837e-02   5.1894289474164452e+00   9.8241783458827676e+00   5.3932335202765636e+00   2.0716386269985065e-01   6.1264706540158258e+00
   3.0136264155110837e-02   5.1892382721578088e+00   9.8241783458827676e+00   5.3932335202765636e+00   2.0716386269985065e-01   6.1264706540158258e+00
   3.0136264155110837e-02   5.1892382721578088e+00   9.8244224865077676e+00   5.3934776609015636e+00   2.0716386269985065e-01   6.1264706540158258e+00
   3.0136264155110837e-02   5.1892382721578088e+00   9.8244224865077676e+00   5.3932335202765636e+00   2.0716386269985065e-01   6.1269589352658258e+00
   3.0136264155110837e-02   5.1810710053121056e+00   9.8244224865077676e+00   5.3932335202765636e+00   2.0716386269985065e-01   6.1262265133908258e+00
   3.0136264155110837e-02   5.1892382721578088e+00   9.8244224865077676e+00   5.3932335202765636e+00   2.0716386269985065e-01   6.1264706540158258e+00
   3.0136264155110837e-02   5.1892382721578088e+00   9.8244224865077676e+00   5.3932335202765636e+00   2.0716386269985065e-01   6.1264706540158258e+00
   3.0138529131612302e-02   5.1892382721578088e+00   9.8244224865077676e+00   5.3932335202765636e+00   2.0716386269985065e-01   6.1264706540158258e+00
   3.0136264155110837e-02   5.1894289474164452e+00   9.8236900646327676e+00   5.3932335202765636e+00   2.0716386269985065e-01   6.1267016816189752e+00
   3.0136264155110837e-02   5.1894289474164452e+00   9.8241783458827676e+00   5.3932335202765636e+00   2.0716386269985065e-01   6.1267016816189752e+00
   3.0136264155110837e-02   5.1892382721578088e+00   9.8244224865077676e+00   5.3932335202765636e+00   2.0716386269985065e-01   6.1264706540158258e+00
   3.0136264155110837e-02   5.1892382721578088e+00   9.8241783458827676e+00   5.3932335202765636e+00   2.0716386269985065e-01   6.1267016816189752e+00
   3.0136264155110837e-02   5.1892382721578088e+00   9.8241783458827676e+00   5.3932335202765636e+00   2.0716386269985065e-01   6.1264706540158258e+00
   3.0136264155110837e-02   5.1893792371427026e+00   9.8249107677577676e+00   5.3932335202765636e+00   2.0740800332485065e-01   6.1265004563382135e+00
   3.0136264155110837e-02   5.1891429047261681e+00   9.8241783458827676e+00   5.3932335202765636e+00   2.0716386269985065e-01   6.1264706540158258e+00
   3.0136264155110837e-02   5.1892382721578088e+00   9.8241783458827676e+00   5.3932335202765636e+00   2.0716386269985065e-01   6.1264706540158258e+00
   3.0136264155110837e-02   5.1892382721578088e+00   9.8244224865077676e+00   5.3932335202765636e+00   2.0716386269985065e-01   6.1264706540158258e+00
   3.0136264155110837e-02   5.1892382721578088e+00   9.8244224865077676e+00   5.3932335202765636e+00   2.0716386269985065e-01   6.1264706540158258e+00
   3.0136264155110837e-02   5.1892382721578088e+00   9.8239342052577676e+00   5.3932335202765636e+00   2.0716386269985065e-01   6.1264706540158258e+00
   3.0136264155110837e-02   5.1892382721578088e+00   9.8244224865077676e+00   5.3932335202765636e+00   2.0716386269985065e-01   6.1264706540158258e+00
   3.0136264155110837e-02   5.1892382721578088e+00   9.8241783458827676e+00   5.3932335202765636e+00   2.0716386269985065e-01   6.1264706540158258e+00
   3.0136264155110837e-02   5.1892382721578088e+00   9.8244224865077676e+00   5.3932335202765636e+00   2.0716386269985065e-01   6.1264706540158258e+00
   3.0136264155110837e-02   5.1892382721578088e+00   9.8244224865077676e+00   5.3932335202765636e+00   2.0716386269985065e-01   6.1264706540158258e+00
   3.0136264155110837e-02   5.1892382721578088e+00   9.8241783458827676e+00   5.3932335202765636e+00   2.0716386269985065e-01   6.1264706540158258e+00
   3.0136264155110837e-02   5.1892382721578088e+00   9.8244224865077676e+00   5.3932335202765636e+00   2.0716386269985065e-01   6.1264706540158258e+00
   3.0293858835896970e-02   5.1892382721578088e+00   9.8244680244563760e+00   5.3932335202765636e+00   2.0716386269985065e-01   6.1267016816189752e+00
   3.0136264155110837e-02   5.1892382721578088e+00   9.8241783458827676e+00   5.3932335202765636e+00   2.0716386269985065e-01   6.1264706540158258e+00
   3.0136264155110837e-02   5.1892382721578088e+00   9.8241783458827676e+00   5.3932335202765636e+00   2.0716386269985065e-01   6.1264706540158258e+00
   3.0136264155110837e-02   5.1893328051244225e+00   9.8244918067096414e+00   5.3933672730994395e+00   2.0716386269985065e-01   6.1265585112622247e+00
   3.0136264155110837e-02   5.1892382721578088e+00   9.8241783458827676e+00   5.3932335202765636e+00   2.0716386269985065e-01   6.1264706540158258e+00
   3.0136264155110837e-02   5.1892382721578088e+00   9.8241783458827676e+00   5.3932335202765636e+00   2.0716386269985065e-01   6.1264706540158258e+00
   3.0136264155110837e-02   5.1892382721578088e+00   9.8241783458827676e+00   5.3932335202765636e+00   2.0716386269985065e-01   6.1264706540158258e+00
   3.0136264155110837e-02   5.1892382721578088e+00   9.8244224865077676e+00   5.3971397702765636e+00   2.0716386269985065e-01   6.1272803235104547e+00
   3.0136264155110837e-02   5.1894289474164452e+00   9.8244224865077676e+00   5.3932335202765636e+00   2.0716386269985065e-01   6.1262265133908258e+00
   3.0136264155110837e-02   5.1894289474164452e+00   9.8241783458827676e+00   5.3932335202765636e+00   2.0716386269985065e-01   6.1264706540158258e+00
   3.0136264155110837e-02   5.1892382721578088e+00   9.8244224865077676e+00   5.3932335202765636e+00   2.0716386269985065e-01   6.1264706540158258e+00
   3.0182457754811765e-02   5.1892382721578088e+00   9.8244224865077676e+00   5.3932335202765636e+00   2.0716386269985065e-01   6.1264706540158258e+00
   3.0136264155110837e-02   5.1893064598714318e+00   9.8244224865077676e+00   5.3932335202765636e+00   2.0716386269985065e-01   6.1264706540158258e+00
   3.0380404780110837e-02   5.1894289474164452e+00   9.8241783458827676e+00   5.3932335202765636e+00   2.0730613898692951e-01   6.1264706540158258e+00
   3.0136264155110837e-02   5.1892382721578088e+00   9.8244224865077676e+00   5.3932335202765636e+00   2.0716386269985065e-01   6.1264706540158258e+00
   3.0136264155110837e-02   5.1892382721578088e+00   9.8244224865077676e+00   5.3932335202765636e+00   2.0716386269985065e-01   6.1264706540158258e+00
   3.0136264155110837e-02   5.1889941315328088e+00   9.8244224865077676e+00   5.3932885949683360e+00   2.0716386269985065e-01   6.1264706540158258e+00
   3.0136264155110837e-02   5.1892382721578088e+00   9.8241783458827676e+00   5.3932335202765636e+00   2.0716386269985065e-01   6.1264706540158258e+00
   3.0136264155110837e-02   5.1892382721578088e+00   9.8241783458827676e+00   5.3932335202765636e+00   2.0716386269985065e-01   6.1264706540158258e+00
   3.0136264155110837e-02   5.1892382721578088e+00   9.8241783458827676e+00   5.3934289639067821e+00   2.0716386269985065e-01   6.1267017412236200e+00
   3.0136264155110837e-02   5.1892382721578088e+00   9.8241783458827676e+00   5.3932335202765636e+00   2.0716386269985065e-01   6.1264706540158258e+00
   3.0224598238667966e-02   5.1892382721578088e+00   9.8241783458827676e+00   5.3933800880980662e+00   2.0716386269985065e-01   6.1262265133908258e+00
   3.0136264155110837e-02   5.1892382721578088e+00   9.8241783458827676e+00   5.3932335202765636e+00   2.0716386269985065e-01   6.1264706540158258e+00
   3.0380404780110837e-02   5.1892382721578088e+00   9.8246420104144754e+00   5.3932335202765636e+00   2.0716386269985065e-01   6.1264706540158258e+00
   3.0136264155110837e-02   5.1892382721578088e+00   9.8241783458827676e+00   5.3932335202765636e+00   2.0720528792796955e-01   6.1264706540158258e+00
   3.0136264155110837e-02   5.1894289474164452e+00   9.8241783458827676e+00   5.3932335202765636e+00   2.0716386269985065e-01   6.1267016816189752e+00
   3.0136264155110837e-02   5.1892382721578088e+00   9.8241783458827676e+00   5.3932335202765636e+00   2.0716386269985065e-01   6.1264706540158258e+00
   3.0136264155110837e-02   5.1892382721578088e+00   9.8244224865077676e+00   5.3932335202765636e+00   2.0716386269985065e-01   6.1264706540158258e+00
   3.0136264155110837e-02   5.1894824127828088e+00   9.8244224865077676e+00   5.3932335202765636e+00   2.0716386269985065e-01   6.1264706540158258e+00
   3.0136264155110837e-02   5.1891429047261681e+00   9.8244224865077676e+00   5.3932335202765636e+00   2.0716386269985065e-01   6.1264706540158258e+00
   3.0136264155110837e-02   5.1892382721578088e+00   9.8244224865077676e+00   5.3932335202765636e+00   2.0716386269985065e-01   6.1264706540158258e+00
   3.0136264155110837e-02   5.1892382721578088e+00   9.8241783458827676e+00   5.3932335202765636e+00   2.0716386269985065e-01   6.1264706540158258e+00
   3.0136264155110837e-02   5.1892382721578088e+00   9.8244224865077676e+00   5.3932335202765636e+00   2.0716386269985065e-01   6.1264706540158258e+00
   3.0136264155110837e-02   5.1892382721578088e+00   9.8244224865077676e+00   5.3932335202765636e+00   2.0716386269985065e-01   6.1264706540158258e+00
   3.0136264155110837e-02   5.1892382721578088e+00   9.8241783458827676e+00   5.3932335202765636e+00   2.0716386269985065e-01   6.1264706540158258e+00
   3.0136264155110837e-02   5.1892382721578088e+00   9.8248361427425088e+00   5.3934616868567637e+00   2.0667558144985065e-01   6.1264706540158258e+00
   3.0136264155110837e-02   5.1892382721578088e+00   9.8241783458827676e+00   5.3932335202765636e+00   2.0716386269985065e-01   6.1264706540158258e+00
   3.0136264155110837e-02   5.1892382721578088e+00   9.8241783458827676e+00   5.3932335202765636e+00   2.0724444817958698e-01   6.1269052910855279e+00
   3.0136264155110837e-02   5.1894289474164452e+00   9.8241783458827676e+00   5.3932335202765636e+00   2.0716386269985065e-01   6.1264706540158258e+00
   3.0136264155110837e-02   5.1892382721578088e+00   9.8241783458827676e+00   5.3932335202765636e+00   2.0716386269985065e-01   6.1264706540158258e+00
   3.0136264155110837e-02   5.1894289474164452e+00   9.8244999129413308e+00   5.3934488718581370e+00   2.0740800332485065e-01   6.1265107679417596e+00
   3.0136264155110837e-02   5.1892382721578088e+00   9.8241783458827676e+00   5.3932335202765636e+00   2.0716386269985065e-01   6.1264706540158258e+00
   3.0136264155110837e-02   5.1891429047261681e+00   9.8241783458827676e+00   5.3932335202765636e+00   2.0716386269985065e-01   6.1264706540158258e+00
   3.0112422297200681e-02   5.1892382721578088e+00   9.8246104199527444e+00   5.3932486002516917e+00   2.0716386269985065e-01   6.1264706540158258e+00
   3.0932582209310056e-02   5.1892382721578088e+00   9.8241783458827676e+00   5.3932335202765636e+00   2.0716386269985065e-01   6.1264706540158258e+00
   3.0136264155110837e-02   5.1894289474164452e+00   9.8241783458827676e+00   5.3932335202765636e+00   2.0716386269985065e-01   6.1264706540158258e+00
   3.0293858835896970e-02   5.1892382721578088e+00   9.8244224865077676e+00   5.3932335202765636e+00   2.0716386269985065e-01   6.1264706540158258e+00
   3.0331946203908444e-02   5.1892382721578088e+00   9.8246391493915262e+00   5.3932335202765636e+00   2.0723699759899006e-01   6.1268368649533258e+00
   3.0136264155110837e-02   5.1892382721578088e+00   9.8244224865077676e+00   5.3932335202765636e+00   2.0716386269985065e-01   6.1264706540158258e+00
   3.0136264155110837e-02   5.1896013836537804e+00   9.8239342052577676e+00   5.3932335202765636e+00   2.0716386269985065e-01   6.1264706540158258e+00
   3.0380404780110837e-02   5.1892382721578088e+00   9.8205772716640176e+00   5.3932335202765636e+00   2.0716386269985065e-01   6.1264706540158258e+00
   3.0136264155110837e-02   5.1894289474164452e+00   9.8246271092532815e+00   5.3932335202765636e+00   2.0691972207485065e-01   6.1264706540158258e+00
   3.0293858835896970e-02   5.1892382721578088e+00   9.8246085126041116e+00   5.3932617728781871e+00   2.0716386269985065e-01   6.1264706540158258e+00
   3.0136264155110837e-02   5.1892382721578088e+00   9.8244224865077676e+00   5.3932335202765636e+00   2.0716386269985065e-01   6.1264706540158258e+00
   3.0136264155110837e-02   5.1894289474164452e+00   9.8244224865077676e+00   5.3932335202765636e+00   2.0723514985500202e-01   6.1262265133908258e+00
   3.0136264155110837e-02   5.1892382721578088e+00   9.8241783458827676e+00   5.3932335202765636e+00   2.0716386269985065e-01   6.1264706540158258e+00
   3.0136264155110837e-02   5.1894289474164452e+00   9.8241783458827676e+00   5.3932335202765636e+00   2.0716386269985065e-01   6.1264706540158258e+00
   3.0136264155110837e-02   5.1892382721578088e+00   9.8244224865077676e+00   5.3932335202765636e+00   2.0716386269985065e-01   6.1264706540158258e+00
   3.0136264155110837e-02   5.1898743729268517e+00   9.8244224865077676e+00   5.3932335202765636e+00   2.0716386269985065e-01   6.1264706540158258e+00
   3.0136264155110837e-02   5.1894289474164452e+00   9.8244224865077676e+00   5.3932335202765636e+00   2.0716386269985065e-01   6.1264706540158258e+00
   3.0136264155110837e-02   5.1894289474164452e+00   9.8241783458827676e+00   5.3932335202765636e+00   2.0716386269985065e-01   6.1264706540158258e+00
   3.0136264155110837e-02   5.1892382721578088e+00   9.8244224865077676e+00   5.3932335202765636e+00   2.0716386269985065e-01   6.1264706540158258e+00
   3.0136264155110837e-02   5.1892382721578088e+00   9.8244224865077676e+00   5.3937759225440196e+00   2.0716386269985065e-01   6.1264706540158258e+00
   3.0136264155110837e-02   5.1892382721578088e+00   9.8244224865077676e+00   5.3932335202765636e+00   2.0716386269985065e-01   6.1264706540158258e+00
   3.0136264155110837e-02   5.1892382721578088e+00   9.8241783458827676e+00   5.3932335202765636e+00   2.0716386269985065e-01   6.1264706540158258e+00
   3.0136264155110837e-02   5.1892382721578088e+00   9.8244224865077676e+00   5.3932335202765636e+00   2.0716386269985065e-01   6.1264706540158258e+00
   3.0136264155110837e-02   5.1892382721578088e+00   9.8241783458827676e+00   5.3932335202765636e+00   2.0716386269985065e-01   6.1264706540158258e+00
   3.0136264155110837e-02   5.1892382721578088e+00   9.8241783458827676e+00   5.3932335202765636e+00   2.0716386269985065e-01   6.1264706540158258e+00
   3.0136264155110837e-02   5.1892382721578088e+00   9.8244224865077676e+00   5.3932335202765636e+00   2.0716386269985065e-01   6.1264706540158258e+00
   3.0136264155110837e-02   5.1892382721578088e+00   9.8244224865077676e+00   5.3932335202765636e+00   2.0716386269985065e-01   6.1264706540158258e+00
   3.0136264155110837e-02   5.1892382721578088e+00   9.8241783458827676e+00   5.3929893796515636e+00   2.0728772115169392e-01   6.1264706540158258e+00
   3.0136264155110837e-02   5.1892382721578088e+00   9.8241783458827676e+00   5.3932335202765636e+00   2.0716386269985065e-01   6.1267016816189752e+00
   3.0136264155110837e-02   5.1892382721578088e+00   9.8241783458827676e+00   5.3932335202765636e+00   2.0716386269985065e-01   6.1264706540158258e+00
   3.0136264155110837e-02   5.1896855454122033e+00   9.8244224865077676e+00   5.3943674390387706e+00   2.0716386269985065e-01   6.1264706540158258e+00
   3.0136264155110837e-02   5.1892382721578088e+00   9.8241783458827676e+00   5.3932335202765636e+00   2.0716386269985065e-01   6.1264706540158258e+00
   3.0136264155110837e-02   5.1892382721578088e+00   9.8244224865077676e+00   5.3932335202765636e+00   2.0716386269985065e-01   6.1264706540158258e+00
   3.0136264155110837e-02   5.1892382721578088e+00   9.8241783458827676e+00   5.3932335202765636e+00   2.0716386269985065e-01   6.1264706540158258e+00
   3.0136264155110837e-02   5.1892382721578088e+00   9.8241783458827676e+00   5.3932335202765636e+00   2.0716386269985065e-01   6.1264706540158258e+00
   3.0136264155110837e-02   5.1892382721578088e+00   9.8244224865077676e+00   5.3932335202765636e+00   2.0716386269985065e-01   6.1262265133908258e+00
   3.0136264155110837e-02   5.1892382721578088e+00   9.8241783458827676e+00   5.3932335202765636e+00   2.0716386269985065e-01   6.1264706540158258e+00
   3.0331290552815915e-02   5.1892382721578088e+00   9.8244224865077676e+00   5.3932335202765636e+00   2.0716386269985065e-01   6.1269589352658258e+00
   3.0136264155110837e-02   5.1892382721578088e+00   9.8244224865077676e+00   5.3932335202765636e+00   2.0716386269985065e-01   6.1264706540158258e+00
   3.0136264155110837e-02   5.1892382721578088e+00   9.8241783458827676e+00   5.3932335202765636e+00   2.0716386269985065e-01   6.1264706540158258e+00
   3.0136264155110837e-02   5.1892382721578088e+00   9.8241783458827676e+00   5.3932335202765636e+00   2.0716386269985065e-01   6.1264706540158258e+00
   3.0136264155110837e-02   5.1894289474164452e+00   9.8241783458827676e+00   5.3932335202765636e+00   2.0716386269985065e-01   6.1264706540158258e+00
   3.0136264155110837e-02   5.1894289474164452e+00   9.8241783458827676e+00   5.3932335202765636e+00   2.0716386269985065e-01   6.1266625213673578e+00
   3.0136264155110837e-02   5.1892382721578088e+00   9.8244224865077676e+00   5.3932335202765636e+00   2.0716386269985065e-01   6.1264706540158258e+00
   3.0136264155110837e-02   5.1892382721578088e+00   9.8244224865077676e+00   5.3932335202765636e+00   2.0716386269985065e-01   6.1264706540158258e+00
   3.0136264155110837e-02   5.1892382721578088e+00   9.8244224865077676e+00   5.3932555143904857e+00   2.0716386269985065e-01   6.1264706540158258e+00
   3.0136264155110837e-02   5.1892382721578088e+00   9.8244224865077676e+00   5.3932335202765636e+00   2.0716386269985065e-01   6.1265263843586908e+00
   3.0136264155110837e-02   5.1892382721578088e+00   9.8241783458827676e+00   5.3932335202765636e+00   2.0716386269985065e-01   6.1264706540158258e+00
   3.0136264155110837e-02   5.1892382721578088e+00   9.8244224865077676e+00   5.3932335202765636e+00   2.0716386269985065e-01   6.1264706540158258e+00
   3.0373371432027341e-02   5.1892382721578088e+00   9.8244224865077676e+00   5.3932335202765636e+00   2.0716386269985065e-01   6.1267147946408258e+00
   3.0136264155110837e-02   5.1892382721578088e+00   9.8241783458827676e+00   5.3932335202765636e+00   2.0716386269985065e-01   6.1264706540158258e+00
   3.0136264155110837e-02   5.1892382721578088e+00   9.8241783458827676e+00   5.3932335202765636e+00   2.0716386269985065e-01   6.1264706540158258e+00
   3.0136264155110837e-02   5.1892382721578088e+00   9.8244224865077676e+00   5.3932335202765636e+00   2.0716386269985065e-01   6.1264706540158258e+00
   3.0260241816243649e-02   5.1892382721578088e+00   9.8244224865077676e+00   5.3934637134146861e+00   2.0716386269985065e-01   6.1264706540158258e+00
   3.0136264155110837e-02   5.1892382721578088e+00   9.8246430236934366e+00   5.3932335202765636e+00   2.0716386269985065e-01   6.1264706540158258e+00
   2.9647982905110837e-02   5.1891429047261681e+00   9.8245261985896768e+00   5.3932335202765636e+00   2.0740132760463581e-01   6.1264706540158258e+00
   3.0136264155110837e-02   5.1894588093434777e+00   9.8244224865077676e+00   5.3932335202765636e+00   2.0716386269985065e-01   6.1264706540158258e+00
   3.0136264155110837e-02   5.1892382721578088e+00   9.8244224865077676e+00   5.3932335202765636e+00   2.0716386269985065e-01   6.1264706540158258e+00
   3.0136264155110837e-02   5.1892382721578088e+00   9.8244224865077676e+00   5.3932335202765636e+00   2.0716386269985065e-01   6.1264706540158258e+00
   3.0136264155110837e-02   5.1894697765981164e+00   9.8246120292781534e+00   5.3932335202765636e+00   2.0716386269985065e-01   6.1264706540158258e+00
   3.0136264155110837e-02   5.1892382721578088e+00   9.8241783458827676e+00   5.3937218015265636e+00   2.0720725488124714e-01   6.1267016816189752e+00
   3.0136264155110837e-02   5.1892382721578088e+00   9.8241783458827676e+00   5.3932335202765636e+00   2.0716386269985065e-01   6.1264706540158258e+00
   3.0136264155110837e-02   5.1892382721578088e+00   9.8241783458827676e+00   5.3932335202765636e+00   2.0716386269985065e-01   6.1264706540158258e+00
   3.0136264155110837e-02   5.1894948105489220e+00   9.8241783458827676e+00   5.3932335202765636e+00   2.0716386269985065e-01   6.1264706540158258e+00
   3.0136264155110837e-02   5.1894289474164452e+00   9.8244078833697976e+00   5.3932335202765636e+00   2.0724498462138996e-01   6.1264706540158258e+00
   3.0136264155110837e-02   5.1892382721578088e+00   9.8241783458827676e+00   5.3932335202765636e+00   2.0716386269985065e-01   6.1264706540158258e+00
   3.0136264155110837e-02   5.1892382721578088e+00   9.8244224865077676e+00   5.3934776609015636e+00   2.0716386269985065e-01   6.1264706540158258e+00
   3.0136264155110837e-02   5.1892382721578088e+00   9.8244224865077676e+00   5.3932335202765636e+00   2.0716386269985065e-01   6.1262265133908258e+00
   3.0136264155110837e-02   5.1892382721578088e+00   9.8244224865077676e+00   5.3932335202765636e+00   2.0716386269985065e-01   6.1264706540158258e+00
   3.0293322394093991e-02   5.1892382721578088e+00   9.8244224865077676e+00   5.3932691638541392e+00   2.0716386269985065e-01   6.1264706540158258e+00
   3.0136264155110837e-02   5.1892382721578088e+00   9.8244224865077676e+00   5.3932335202765636e+00   2.0716386269985065e-01   6.1264706540158258e+00
   3.0136264155110837e-02   5.1894289474164452e+00   9.8241783458827676e+00   5.3932335202765636e+00   2.0716386269985065e-01   6.1264706540158258e+00
   3.0136264155110837e-02   5.1897265534078088e+00   9.8244224865077676e+00   5.3932335202765636e+00   2.0716386269985065e-01   6.1264706540158258e+00
   3.0136264155110837e-02   5.1892382721578088e+00   9.8241783458827676e+00   5.3932335202765636e+00   2.0716386269985065e-01   6.1264706540158258e+00
   3.0136264155110837e-02   5.1894289474164452e+00   9.8244224865077676e+00   5.3932335202765636e+00   2.0716386269985065e-01   6.1264706540158258e+00
   3.0136264155110837e-02   5.1892382721578088e+00   9.8248826343654336e+00   5.3932335202765636e+00   2.0716386269985065e-01   6.1262265133908258e+00
   3.0136264155110837e-02   5.1894289474164452e+00   9.8241783458827676e+00   5.3932335202765636e+00   2.0716386269985065e-01   6.1264706540158258e+00
   3.0136264155110837e-02   5.1892382721578088e+00   9.8241783458827676e+00   5.3932335202765636e+00   2.0716386269985065e-01   6.1264706540158258e+00
   3.0136264155110837e-02   5.1892382721578088e+00   9.8244224865077676e+00   5.3932335202765636e+00   2.0716386269985065e-01   6.1264706540158258e+00
   3.0136264155110837e-02   5.1895799259816613e+00   9.8244224865077676e+00   5.3927452390265636e+00   2.0716386269985065e-01   6.1264706540158258e+00
   3.0136264155110837e-02   5.1892382721578088e+00   9.8241783458827676e+00   5.3932335202765636e+00   2.0716386269985065e-01   6.1264706540158258e+00
   3.0136264155110837e-02   5.1897265534078088e+00   9.8244224865077676e+00   5.3933665578437022e+00   2.0716386269985065e-01   6.1269539284756647e+00
   3.0168748686513425e-02   5.1892713229333367e+00   9.8244224865077676e+00   5.3936048572135142e+00   2.0716386269985065e-01   6.1265927243283258e+00
   3.0163116047582150e-02   5.1894857655440774e+00   9.8242954839109125e+00   5.3933555905890636e+00   2.0723263155876026e-01   6.1265306460907922e+00
   3.0188969562253476e-02   5.1893170993005242e+00   9.8246150691150369e+00   5.3952838604521922e+00   2.0756628345905170e-01   6.1265887159159647e+00
   3.0136264155110837e-02   5.1892382721578088e+00   9.8244224865077676e+00   5.3931114499640636e+00   2.0716386269985065e-01   6.1264706540158258e+00
   3.0136264155110837e-02   5.1892388085996117e+00   9.8241783458827676e+00   5.3929893796515636e+00   2.0726927351413593e-01   6.1267663973620401e+00
   3.0173219034871579e-02   5.1891162018453088e+00   9.8241854984401407e+00   5.3932832454514674e+00   2.0725474488197193e-01   6.1265724438479410e+00
   3.0151135513982297e-02   5.1892382721578088e+00   9.8241783458827676e+00   5.3932819788527659e+00   2.0727366935668812e-01   6.1265927243283258e+00
   3.0136264155110837e-02   5.1891162018453088e+00   9.8244224865077676e+00   5.3932335202765636e+00   2.0716386269985065e-01   6.1264706540158258e+00
   3.0161089489659787e-02   5.1895162384187188e+00   9.8241783458827676e+00   5.3932335202765636e+00   2.0716386269985065e-01   6.1265927243283258e+00
   3.0160806367597104e-02   5.1892516384993996e+00   9.8245445568202676e+00   5.3932335202765636e+00   2.0716386269985065e-01   6.1264808464100824e+00
   3.0396512935361386e-02   5.1892459015523400e+00   9.8244224865077676e+00   5.3933555905890636e+00   2.0717946421562061e-01   6.1265105444243417e+00
   3.0214599559506894e-02   5.1892614434634652e+00   9.8242638487456979e+00   5.3933555905890636e+00   2.0718155037818775e-01   6.1265568721344934e+00
   3.0136264155110837e-02   5.1891162018453088e+00   9.8244360018609704e+00   5.3933005307984523e+00   2.0727717112956867e-01   6.1264706540158258e+00
   3.0136264155110837e-02   5.1892382721578088e+00   9.8241783458827676e+00   5.3933389906954936e+00   2.0717272889076099e-01   6.1268237519314752e+00
   3.0136264155110837e-02   5.1892382721578088e+00   9.8241783458827676e+00   5.3931114499640636e+00   2.0716386269985065e-01   6.1264706540158258e+00
   3.0258334467610837e-02   5.1891429047261681e+00   9.8241783458827676e+00   5.3932335202765636e+00   2.0716386269985065e-01   6.1265686589529977e+00
   3.0138827154836179e-02   5.1893066088830437e+00   9.8243004161952676e+00   5.3933412556719951e+00   2.0717409979759083e-01   6.1264706540158258e+00
   3.0253610799512387e-02   5.1892382721578088e+00   9.8245404291986169e+00   5.3931114499640636e+00   2.0718853902278767e-01   6.1264823365262018e+00
   3.0153728316030026e-02   5.1894665281449761e+00   9.8244224865077676e+00   5.3932822619748286e+00   2.0704179238735065e-01   6.1264706540158258e+00
   3.0136264155110837e-02   5.1893060128365960e+00   9.8241829801438989e+00   5.3931114499640636e+00   2.0721264910159931e-01   6.1264981317570673e+00
   3.0204109142026425e-02   5.1892382721578088e+00   9.8241783458827676e+00   5.3932335202765636e+00   2.0728593301235065e-01   6.1265189784815774e+00
   3.0136264155110837e-02   5.1892382721578088e+00   9.8241783458827676e+00   5.3932335202765636e+00   2.0717116426883564e-01   6.1263485837033258e+00
   3.0234030673703671e-02   5.1893603424703088e+00   9.8241783458827676e+00   5.3932819639516048e+00   2.0725668203292713e-01   6.1264706540158258e+00
   3.0136264155110837e-02   5.1891162018453088e+00   9.8244224865077676e+00   5.3932335202765636e+00   2.0716386269985065e-01   6.1264706540158258e+00
   3.0136264155110837e-02   5.1892382721578088e+00   9.8241783458827676e+00   5.3932335202765636e+00   2.0716386269985065e-01   6.1263485837033258e+00
   3.0223346541127682e-02   5.1892382721578088e+00   9.8244224865077676e+00   5.3932768975567988e+00   2.0704179238735065e-01   6.1264706540158258e+00
   3.0164978692731381e-02   5.1892382721578088e+00   9.8244904954074563e+00   5.3931114499640636e+00   2.0727028679309711e-01   6.1264706540158258e+00
   3.0014193842610837e-02   5.1892382721578088e+00   9.8241783458827676e+00   5.3932335202765636e+00   2.0716386269985065e-01   6.1265863615324960e+00
   3.0143997857770444e-02   5.1893254290496316e+00   9.8241783458827676e+00   5.3932335202765636e+00   2.0728593301235065e-01   6.1265390652468668e+00
   3.0200756380757809e-02   5.1892582844172921e+00   9.8244555372832956e+00   5.3933555905890636e+00   2.0728053879199848e-01   6.1267028141072259e+00
   3.0136264155110837e-02   5.1891162018453088e+00   9.8241783458827676e+00   5.3932335202765636e+00   2.0724467169700489e-01   6.1265552777102457e+00
   3.0136264155110837e-02   5.1893603424703088e+00   9.8242476660846414e+00   5.3932335202765636e+00   2.0719081890045032e-01   6.1265126901915536e+00
   3.0136264155110837e-02   5.1892382721578088e+00   9.8244224865077676e+00   5.3932335202765636e+00   2.0716386269985065e-01   6.1265927243283258e+00
   3.0136264155110837e-02   5.1895198892032113e+00   9.8241783458827676e+00   5.3931114499640636e+00   2.0719742011485920e-01   6.1268046933463083e+00
   3.0136264155110837e-02   5.1893225829278435e+00   9.8240562755702676e+00   5.3933545326066188e+00   2.0716386269985065e-01   6.1264706540158258e+00
   3.0613816569051266e-02   5.1893477509890999e+00   9.8245049048303308e+00   5.3936119948697261e+00   2.0740275811611042e-01   6.1266098904660211e+00
   3.0136264155110837e-02   5.1892382721578088e+00   9.8241783458827676e+00   5.3933484976363353e+00   2.0716386269985065e-01   6.1263485837033258e+00
   3.0136264155110837e-02   5.1892382721578088e+00   9.8241825331090631e+00   5.3932335202765636e+00   2.0704179238735065e-01   6.1265125262787805e+00
   3.0136264155110837e-02   5.1892382721578088e+00   9.8241783458827676e+00   5.3931114499640636e+00   2.0724347960410938e-01   6.1264706540158258e+00
   3.0136264155110837e-02   5.1892382721578088e+00   9.8244224865077676e+00   5.3932335202765636e+00   2.0704179238735065e-01   6.1264706540158258e+00
   3.0213958809575558e-02   5.1892382721578088e+00   9.8243004161952676e+00   5.3932924990725688e+00   2.0716469716487751e-01   6.1264706540158258e+00
   3.0197716543874265e-02   5.1892382721578088e+00   9.8242997456430139e+00   5.3931114499640636e+00   2.0719181727825031e-01   6.1265590328028665e+00
