   3.0182517359456540e-02   5.1893324474965539e+00   9.8241825331090631e+00   5.3932822619748286e+00   2.0704179238735065e-01   6.1265126901915536e+00
   3.0182517359456540e-02   5.1893324474965539e+00   9.8241825331090631e+00   5.3932822619748286e+00   2.0704179238735065e-01   6.1265126901915536e+00
   3.0182517359456540e-02   5.1893324474965539e+00   9.8241825331090631e+00   5.3932822619748286e+00   2.0704179238735065e-01   6.1265126901915536e+00
   3.0182517359456540e-02   5.1893324474965539e+00   9.8241825331090631e+00   5.3932822619748286e+00   2.0704179238735065e-01   6.1265126901915536e+00
   3.0182517359456540e-02   5.1893324474965539e+00   9.8241825331090631e+00   5.3932822619748286e+00   2.0704179238735065e-01   6.1265126901915536e+00
   3.0182517359456540e-02   5.1893324474965539e+00   9.8241825331090631e+00   5.3932822619748286e+00   2.0704179238735065e-01   6.1265126901915536e+00
   3.0182517359456540e-02   5.1893324474965539e+00   9.8241825331090631e+00   5.3932822619748286e+00   2.0704179238735065e-01   6.1265126901915536e+00
   3.0182517359456540e-02   5.1893324474965539e+00   9.8241825331090631e+00   5.3932822619748286e+00   2.0704179238735065e-01   6.1265126901915536e+00
   3.0182517359456540e-02   5.1893324474965539e+00   9.8241825331090631e+00   5.3932822619748286e+00   2.0704179238735065e-01   6.1265126901915536e+00
   3.0182517359456540e-02   5.1893324474965539e+00   9.8241825331090631e+00   5.3932822619748286e+00   2.0704179238735065e-01   6.1265126901915536e+00
   3.0182517359456540e-02   5.1893324474965539e+00   9.8241825331090631e+00   5.3932822619748286e+00   2.0704179238735065e-01   6.1265126901915536e+00
   3.7037528345784665e-02   5.1893324474965539e+00   9.8241825331090631e+00   5.3932822619748286e+00   2.0704179238735065e-01   6.1265126901915536e+00
   1.5518251735945654e-01   5.2362074474965539e+00   9.8241825331090631e+00   5.3932822619748286e+00   2.0704179238735065e-01   6.1265126901915536e+00
   3.0182517359456540e-02   5.1893324474965539e+00   9.8241825331090631e+00   5.3932822619748286e+00   2.0704179238735065e-01   6.1265126901915536e+00
   3.0182517359456540e-02   5.1893324474965539e+00   9.8241825331090631e+00   5.3932822619748286e+00   2.0704179238735065e-01   6.1265126901915536e+00
   3.0201590845784665e-02   5.1893324474965539e+00   9.8241825331090631e+00   5.3932822619748286e+00   2.0704179238735065e-01   6.1265126901915536e+00
   3.0201590845784665e-02   5.1893254290496316e+00   9.8241825331090631e+00   5.3932822619748286e+00   2.0704179238735065e-01   6.1265126901915536e+00
   3.0182517359456540e-02   5.1893324474965539e+00   9.8241825331090631e+00   5.3932822619748286e+00   3.3204179238735065e-01   6.1265126901915536e+00
   3.0182517359456540e-02   5.1893324474965539e+00   9.8241825331090631e+00   5.3932822619748286e+00   2.0704179238735065e-01   6.1421375262787805e+00
   3.0182517359456540e-02   5.1893324474965539e+00   9.8241825331090631e+00   5.3932822619748286e+00   1.7638688516078815e-01   6.1265125262787805e+00
   3.0182517359456540e-02   5.3143324474965539e+00   9.8241825331090631e+00   5.3932822619748286e+00   2.0704179238735065e-01   6.1265126901915536e+00
   3.0182517359456540e-02   5.1893324474965539e+00   9.8241825331090631e+00   5.3932822619748286e+00   2.0704179238735065e-01   6.1265125262787805e+00
   3.0182517359456540e-02   5.1893254290496316e+00   9.8241801936267557e+00   5.3932822619748286e+00   2.0704179238735065e-01   6.1265126901915536e+00
   3.0182517359456540e-02   5.1893324474965539e+00   9.9491825331090631e+00   5.4245322619748286e+00   3.0079179238735065e-01   6.0015125262787805e+00
   3.0201590845784665e-02   5.1893324474965539e+00   9.8241825331090631e+00   5.3932822619748286e+00   2.0704179238735065e-01   6.1265126901915536e+00
   3.0182517359456540e-02   5.1893324474965539e+00   9.8241825331090631e+00   5.3932822619748286e+00   2.0704179238735065e-01   6.1265126901915536e+00
   3.0201590845784665e-02   5.1893324474965539e+00   9.9648051936267557e+00   5.3932822619748286e+00   2.0704179238735065e-01   6.1558094012787805e+00
   3.0182517359456540e-02   5.1893324474965539e+00   9.8241825331090631e+00   5.3932822619748286e+00   2.0704179238735065e-01   6.1265126901915536e+00
   3.0182517359456540e-02   5.1893324474965539e+00   9.8241825331090631e+00   5.6432822619748286e+00   4.5704179238735065e-01   6.1265125262787805e+00
   3.0182517359456540e-02   5.1893324474965539e+00   9.8241825331090631e+00   5.3932822619748286e+00   2.0704179238735065e-01   6.1265125262787805e+00
   3.0182517359456540e-02   5.1893324474965539e+00   9.8241825331090631e+00   5.3932822619748286e+00   2.0704179238735065e-01   6.1265126901915536e+00
   3.0182517359456540e-02   5.1893324474965539e+00   9.8241825331090631e+00   5.3932822619748286e+00   2.0704179238735065e-01   6.1265125262787805e+00
   3.0182517359456540e-02   5.1893324474965539e+00   9.8241825331090631e+00   5.3932822619748286e+00   2.0704179238735065e-01   6.1265125262787805e+00
   2.1770159084578466e-01   5.4393324474965539e+00   9.8280864436267557e+00   5.6432822619748286e+00   3.7891679238735065e-01   6.1265125262787805e+00
   1.5520159084578466e-01   5.1893324474965539e+00   9.9648075331090631e+00   5.5807822619748286e+00   2.6954179238735065e-01   6.1265126901915536e+00
   3.0182517359456540e-02   5.1893324474965539e+00   9.8241825331090631e+00   5.5182822619748286e+00   4.5704179238735065e-01   6.1265125262787805e+00
   3.0201590845784665e-02   5.2987074474965539e+00   9.8241825331090631e+00   5.5182822619748286e+00   2.0704179238735065e-01   6.1421376901915536e+00
   3.0201590845784665e-02   5.1893324474965539e+00   9.8241825331090631e+00   5.3932822619748286e+00   2.0704179238735065e-01   6.1265125262787805e+00
   3.0182517359456540e-02   5.1893324474965539e+00   9.8241825331090631e+00   5.2682822619748286e+00   2.0704179238735065e-01   6.2515125262787805e+00
   3.0201590845784665e-02   5.1893324474965539e+00   9.8241801936267557e+00   5.4167197619748286e+00   2.0704179238735065e-01   6.1265125262787805e+00
   3.0153728316030026e-02   5.1893254290496316e+00   9.8241801936267557e+00   5.3932822619748286e+00   2.0704179238735065e-01   6.1265125262787805e+00
   3.0182517359456540e-02   5.1893324474965539e+00   9.8241825331090631e+00   5.3957236682248286e+00   2.0704179238735065e-01   6.1265125262787805e+00
   3.0182517359456540e-02   5.1893324474965539e+00   9.8241825331090631e+00   5.3932822619748286e+00   2.0704179238735065e-01   6.1265126901915536e+00
  -2.1981748264054346e-01   5.1893324474965539e+00   9.8241825331090631e+00   5.5807822619748286e+00   2.0704179238735065e-01   6.1265126901915536e+00
   3.0182517359456540e-02   5.3143324474965539e+00   9.9491801936267557e+00   5.3932822619748286e+00   2.0704179238735065e-01   6.1890125262787805e+00
   3.0182517359456540e-02   5.1893324474965539e+00   9.8241825331090631e+00   5.3932822619748286e+00   2.0704179238735065e-01   6.1265125262787805e+00
   3.0182517359456540e-02   5.4393324474965539e+00   9.8241825331090631e+00   5.3932822619748286e+00   2.0704179238735065e-01   6.1265126901915536e+00
   3.0182517359456540e-02   5.1893324474965539e+00   9.8241825331090631e+00   5.3932822619748286e+00   2.0704179238735065e-01   6.1265126901915536e+00
   3.0182517359456540e-02   5.1893324474965539e+00   9.8241825331090631e+00   5.3932822619748286e+00   2.0704179238735065e-01   6.1265126901915536e+00
   3.0182517359456540e-02   5.3143324474965539e+00   9.8241801936267557e+00   5.3932822619748286e+00   2.0704179238735065e-01   6.1907215106537805e+00
   3.0182517359456540e-02   5.3768324474965539e+00   9.8241825331090631e+00   5.3932822619748286e+00   2.0704179238735065e-01   6.1265126901915536e+00
   3.0182517359456540e-02   5.1893324474965539e+00   9.8241825331090631e+00   5.3932822619748286e+00   2.0704179238735065e-01   6.1265125262787805e+00
   3.0182517359456540e-02   5.1893324474965539e+00   9.8241825331090631e+00   5.3932822619748286e+00   2.0704179238735065e-01   6.1265125262787805e+00
   3.0182517359456540e-02   5.1893324474965539e+00   9.8241825331090631e+00   5.3932822619748286e+00   2.0704179238735065e-01   6.1265126901915536e+00
   9.2682517359456540e-02   5.1893324474965539e+00   1.0074182533109063e+01   5.3932822619748286e+00   2.0704179238735065e-01   6.1265125262787805e+00
   3.0182517359456540e-02   5.1893324474965539e+00   9.8241825331090631e+00   5.3932822619748286e+00   2.0704179238735065e-01   6.1265125262787805e+00
   3.0201590845784665e-02   5.1893324474965539e+00   9.8241825331090631e+00   5.3932822619748286e+00   3.3204179238735065e-01   6.1577625262787805e+00
   3.0182517359456540e-02   5.1893324474965539e+00   9.8241825331090631e+00   5.3932822619748286e+00   2.0704179238735065e-01   6.1265126901915536e+00
   3.0182517359456540e-02   5.1893324474965539e+00   9.8241825331090631e+00   5.3932822619748286e+00   3.3204179238735065e-01   6.1265126901915536e+00
   3.0182517359456540e-02   5.1893324474965539e+00   9.8241801936267557e+00   5.3932822619748286e+00   2.0704179238735065e-01   6.1265125262787805e+00
   4.5807517359456540e-02   5.2518254290496316e+00   9.8241825331090631e+00   5.3932822619748286e+00   8.2041792387350654e-02   6.1421375262787805e+00
   3.0182517359456540e-02   5.1893324474965539e+00   9.8241825331090631e+00   5.3932822619748286e+00   2.0704179238735065e-01   6.1265126901915536e+00
   3.0182517359456540e-02   5.2049574474965539e+00   9.8241825331090631e+00   5.4714072619748286e+00   2.8516679238735065e-01   6.2515125262787805e+00
   3.7037528345784665e-02   5.1893324474965539e+00   9.8241825331090631e+00   5.3932822619748286e+00   2.0817094277797565e-01   6.1265126901915536e+00
   2.1768251735945654e-01   5.1893324474965539e+00   9.8866825331090631e+00   5.3932822619748286e+00   2.0704179238735065e-01   6.1265125262787805e+00
   3.0201590845784665e-02   5.1893324474965539e+00   9.9687137831090631e+00   5.5109580432248286e+00   2.0704179238735065e-01   6.1265125262787805e+00
   3.0182517359456540e-02   5.1893324474965539e+00   9.8241825331090631e+00   5.3932822619748286e+00   2.0704179238735065e-01   6.1265126901915536e+00
   3.0182517359456540e-02   5.1893324474965539e+00   9.8241825331090631e+00   5.3932822619748286e+00   2.6954179238735065e-01   6.0015125262787805e+00
   3.0182517359456540e-02   5.1893324474965539e+00   9.8241825331090631e+00   5.3932822619748286e+00   2.0704179238735065e-01   6.2202626901915536e+00
   3.0182517359456540e-02   5.1893324474965539e+00   9.8241825331090631e+00   5.3932822619748286e+00   2.0704179238735065e-01   6.1265126901915536e+00
   3.0182517359456540e-02   5.1893324474965539e+00   9.8241825331090631e+00   5.3932822619748286e+00   2.0704179238735065e-01   6.1265125262787805e+00
   3.0182517359456540e-02   5.1893324474965539e+00   9.8241825331090631e+00   5.3932822619748286e+00   2.0704179238735065e-01   6.1265126901915536e+00
   3.0182517359456540e-02   5.1893324474965539e+00   9.8241825331090631e+00   5.3932822619748286e+00   2.0704179238735065e-01   6.1265126901915536e+00
   3.0182517359456540e-02   5.1893324474965539e+00   9.8241825331090631e+00   5.3932822619748286e+00   2.0704179238735065e-01   6.1265126901915536e+00
   2.4895159084578466e-01   5.1893324474965539e+00   9.8241825331090631e+00   5.5026572619748286e+00   2.0704179238735065e-01   6.1265126901915536e+00
   3.0182517359456540e-02   5.1893324474965539e+00   9.8710551936267557e+00   5.3932822619748286e+00   2.0704179238735065e-01   6.1265126901915536e+00
   3.0182517359456540e-02   5.1893324474965539e+00   9.8241825331090631e+00   5.3932822619748286e+00   2.0704179238735065e-01   6.1265125262787805e+00
   3.0182517359456540e-02   5.1893324474965539e+00   9.8241825331090631e+00   5.3932822619748286e+00   2.0704179238735065e-01   6.1265126901915536e+00
   3.0182517359456540e-02   5.1893324474965539e+00   9.8241825331090631e+00   5.3932822619748286e+00   2.0704179238735065e-01   6.1265126901915536e+00
   3.0182517359456540e-02   5.1893324474965539e+00   9.8241783458827676e+00   5.4216025744748286e+00   2.0704179238735065e-01   6.1265126901915536e+00
   3.0182517359456540e-02   5.1893324474965539e+00   9.8241825331090631e+00   5.3932822619748286e+00   2.0704179238735065e-01   6.1265126901915536e+00
   3.0182517359456540e-02   5.1910414318715539e+00   9.8241825331090631e+00   5.6432335202765636e+00   2.0704179238735065e-01   6.1265126901915536e+00
   3.0182517359456540e-02   5.1893324474965539e+00   9.8241825331090631e+00   5.4401572619748286e+00   2.0704179238735065e-01   6.1265126901915536e+00
   3.0182517359456540e-02   5.1893324474965539e+00   9.8241825331090631e+00   5.3932822619748286e+00   2.0704179238735065e-01   6.1265126901915536e+00
   6.4315951655110837e-02   5.1893254290496316e+00   9.8515220958827676e+00   5.3932822619748286e+00   2.8516679238735065e-01   6.1304187762787805e+00
   3.0182517359456540e-02   5.1893324474965539e+00   9.8241825331090631e+00   5.3932822619748286e+00   2.0704179238735065e-01   6.1265125262787805e+00
   3.0182517359456540e-02   5.1893324474965539e+00   9.8241825331090631e+00   5.3932822619748286e+00   2.0704179238735065e-01   6.1265125262787805e+00
   3.0182517359456540e-02   5.1893324474965539e+00   9.8241825331090631e+00   5.3932822619748286e+00   2.0704179238735065e-01   6.1265126901915536e+00
   3.0182517359456540e-02   5.2987074474965539e+00   9.8241825331090631e+00   5.3932822619748286e+00   3.3204179238735065e-01   6.2202625262787805e+00
   3.0182517359456540e-02   5.1893324474965539e+00   9.8241825331090631e+00   5.3932822619748286e+00   2.0704179238735065e-01   6.1265126901915536e+00
   3.0182517359456540e-02   5.1893254290496316e+00   9.8241783458827676e+00   5.3932822619748286e+00   3.1641679238735065e-01   6.1577625262787805e+00
   3.0182517359456540e-02   5.1893324474965539e+00   9.8241825331090631e+00   5.3932822619748286e+00   2.0704179238735065e-01   6.1265125262787805e+00
   3.0182517359456540e-02   5.1893324474965539e+00   9.8241825331090631e+00   5.3932822619748286e+00   2.0704179238735065e-01   6.1907215106537805e+00
   3.0182517359456540e-02   5.1893324474965539e+00   9.8241825331090631e+00   5.3932822619748286e+00   2.0704179238735065e-01   6.1265125262787805e+00
   2.8018251735945654e-01   5.4393254290496316e+00   1.0011682533109063e+01   5.3932822619748286e+00   3.9454179238735065e-01   6.1265125262787805e+00
   3.0182517359456540e-02   5.1893324474965539e+00   9.8241825331090631e+00   5.3932822619748286e+00   2.0704179238735065e-01   6.1265126901915536e+00
   3.0182517359456540e-02   5.1893324474965539e+00   9.8241825331090631e+00   5.3932822619748286e+00   2.5391679238735065e-01   6.1265126901915536e+00
   3.0182517359456540e-02   5.4393324474965539e+00   9.8241825331090631e+00   5.3932822619748286e+00   2.0704179238735065e-01   6.1265125262787805e+00
   1.3952872831603003e-01   5.1893324474965539e+00   9.8554301936267557e+00   5.5182822619748286e+00   2.0704179238735065e-01   6.2339344012787805e+00
   3.0182517359456540e-02   5.1893324474965539e+00   9.8241801936267557e+00   5.3932822619748286e+00   2.0704179238735065e-01   6.1265125262787805e+00
   3.0182517359456540e-02   5.1893324474965539e+00   9.8241825331090631e+00   5.3932822619748286e+00   2.0704179238735065e-01   6.1265126901915536e+00
   3.0182517359456540e-02   5.1893324474965539e+00   9.6991825331090631e+00   5.3932822619748286e+00   3.0079179238735065e-01   6.1265125262787805e+00
   1.2395159084578466e-01   5.2205754290496316e+00   9.8241801936267557e+00   5.3932822619748286e+00   2.0704179238735065e-01   6.2515125262787805e+00
   9.2682517359456540e-02   5.3143324474965539e+00   9.8398075331090631e+00   5.3932822619748286e+00   2.0704179238735065e-01   6.0015125262787805e+00
   3.0182517359456540e-02   5.1893324474965539e+00   9.8241825331090631e+00   5.3932822619748286e+00   2.0704179238735065e-01   6.1265125262787805e+00
   3.0182517359456540e-02   5.1893324474965539e+00   9.8241825331090631e+00   5.4870322619748286e+00  -1.6795820761264935e-01   6.1265126901915536e+00
   3.0182517359456540e-02   5.2244886974965539e+00   9.8241825331090631e+00   5.3932822619748286e+00   2.0704179238735065e-01   6.1265126901915536e+00
  -2.9368721654215335e-02   5.1893324474965539e+00   9.8241825331090631e+00   5.3932822619748286e+00   2.0704179238735065e-01   6.1265126901915536e+00
   3.0182517359456540e-02   5.1893324474965539e+00   9.8241801936267557e+00   5.3932822619748286e+00   2.0704179238735065e-01   6.1265126901915536e+00
   3.0182517359456540e-02   5.2674574474965539e+00   9.8241801936267557e+00   5.3932822619748286e+00   2.0704179238735065e-01   6.1265125262787805e+00
   3.0182517359456540e-02   5.2205824474965539e+00   9.8241825331090631e+00   5.3932822619748286e+00   2.0704179238735065e-01   6.1265125262787805e+00
   3.0182517359456540e-02   5.1893324474965539e+00   9.8241825331090631e+00   5.3932822619748286e+00   2.0704179238735065e-01   6.1265126901915536e+00
   1.5518251735945654e-01   5.1893324474965539e+00   9.8241825331090631e+00   5.3932822619748286e+00   2.0704179238735065e-01   6.1733876901915536e+00
   9.2701590845784665e-02   5.1893324474965539e+00   9.8241825331090631e+00   5.3932822619748286e+00   2.0704179238735065e-01   6.1265125262787805e+00
   3.0201590845784665e-02   5.1893254290496316e+00   9.8241825331090631e+00   5.3932822619748286e+00   2.0704179238735065e-01   6.1265125262787805e+00
   3.0182517359456540e-02   5.1893324474965539e+00   9.8241825331090631e+00   5.3932822619748286e+00   2.0704179238735065e-01   6.1265125262787805e+00
   3.0182517359456540e-02   5.1893324474965539e+00   9.8710533458827676e+00   5.5026572619748286e+00   2.0704179238735065e-01   6.1265126901915536e+00
   1.5518251735945654e-01   5.3612074474965539e+00   9.9491825331090631e+00   5.3932822619748286e+00   2.0704179238735065e-01   6.2202625262787805e+00
   7.8964389155110837e-02   5.1893324474965539e+00   9.8241825331090631e+00   5.3932822619748286e+00   2.0704179238735065e-01   6.1265126901915536e+00
   3.0182517359456540e-02   5.1893324474965539e+00   9.8241825331090631e+00   5.3932822619748286e+00   2.0704179238735065e-01   6.1265126901915536e+00
   1.3955751735945654e-01   5.2362074474965539e+00   9.8241825331090631e+00   5.3776572619748286e+00   3.3204179238735065e-01   6.1890125262787805e+00
   3.0182517359456540e-02   5.1893324474965539e+00   9.8241825331090631e+00   5.3932822619748286e+00   2.0704179238735065e-01   6.1265126901915536e+00
   3.0182517359456540e-02   5.1893324474965539e+00   9.8241825331090631e+00   5.3932822619748286e+00   2.0704179238735065e-01   6.1265125262787805e+00
   3.0182517359456540e-02   5.1893324474965539e+00   9.8241825331090631e+00   5.3932822619748286e+00   2.0704179238735065e-01   6.1265126901915536e+00
   3.0182517359456540e-02   5.1893324474965539e+00   9.8241783458827676e+00   5.3932822619748286e+00   3.9454179238735065e-01   6.1265126901915536e+00
   3.0182517359456540e-02   5.1893324474965539e+00   9.8241825331090631e+00   5.3932822619748286e+00   2.0704179238735065e-01   6.1265125262787805e+00
   3.7037528345784665e-02   5.1893324474965539e+00   9.8241801936267557e+00   5.3932822619748286e+00   3.3204179238735065e-01   6.1265125262787805e+00
   3.0182517359456540e-02   5.1893324474965539e+00   9.8241825331090631e+00   5.3932822619748286e+00   2.0704179238735065e-01   6.1265126901915536e+00
   3.0182517359456540e-02   5.1961073498403039e+00   9.8085551936267557e+00   5.3932822619748286e+00   2.0704179238735065e-01   6.1577625262787805e+00
   3.0182517359456540e-02   5.1893324474965539e+00   9.8241825331090631e+00   5.3932822619748286e+00   2.0704179238735065e-01   6.1265125262787805e+00
   3.0182517359456540e-02   5.1893324474965539e+00   9.8241825331090631e+00   5.3932822619748286e+00   2.0704179238735065e-01   6.1265126901915536e+00
   3.0182517359456540e-02   5.1893324474965539e+00   9.8241825331090631e+00   5.3932822619748286e+00   2.0704179238735065e-01   6.1265126901915536e+00
   3.0182517359456540e-02   5.1893324474965539e+00   9.8241825331090631e+00   5.3932822619748286e+00   2.0704179238735065e-01   6.1265126901915536e+00
   3.0182517359456540e-02   5.1268254290496316e+00   9.8241825331090631e+00   5.3932822619748286e+00   2.0704179238735065e-01   6.1265126901915536e+00
   3.0182517359456540e-02   5.1893324474965539e+00   9.8241825331090631e+00   5.3932822619748286e+00   2.0704179238735065e-01   6.1265126901915536e+00
   3.0182517359456540e-02   5.1893324474965539e+00   9.8241825331090631e+00   5.3932822619748286e+00   2.0704179238735065e-01   6.1265126901915536e+00
  -2.1979840915421534e-01   5.1893324474965539e+00   9.8241801936267557e+00   5.3932822619748286e+00   2.0704179238735065e-01   6.1265126901915536e+00
   1.3955751735945654e-01   5.1893324474965539e+00   9.8710575331090631e+00   5.3932822619748286e+00   2.0704179238735065e-01   6.2358875262787805e+00
   3.0182517359456540e-02   5.1893324474965539e+00   9.8241825331090631e+00   5.3932822619748286e+00   2.0704179238735065e-01   6.1265126901915536e+00
   3.0182517359456540e-02   5.1893324474965539e+00   9.8241825331090631e+00   5.3932822619748286e+00   2.0704179238735065e-01   6.1265126901915536e+00
   3.0182517359456540e-02   5.1893324474965539e+00   9.8241825331090631e+00   5.3932822619748286e+00   2.0704179238735065e-01   6.1265126901915536e+00
   3.0182517359456540e-02   5.1893324474965539e+00   9.8241801936267557e+00   5.3932822619748286e+00   2.0704179238735065e-01   6.1265125262787805e+00
   3.0182517359456540e-02   5.1893324474965539e+00   9.8241825331090631e+00   5.3932822619748286e+00   2.0704179238735065e-01   6.1265126901915536e+00
   3.0182517359456540e-02   5.1893324474965539e+00   9.8241825331090631e+00   5.3932822619748286e+00   2.0704179238735065e-01   6.1265126901915536e+00
   1.2393251735945654e-01   5.2205824474965539e+00   9.8710575331090631e+00   5.3932822619748286e+00   2.5391679238735065e-01   6.2202626901915536e+00
   3.0182517359456540e-02   5.1893324474965539e+00   9.8241825331090631e+00   5.3932822619748286e+00   2.0704179238735065e-01   6.1265126901915536e+00
   3.0182517359456540e-02   5.1893324474965539e+00   9.8241825331090631e+00   5.3932822619748286e+00   2.0704179238735065e-01   6.1890125262787805e+00
   3.0182517359456540e-02   5.1893324474965539e+00   9.8241825331090631e+00   5.3932822619748286e+00   2.0704179238735065e-01   6.1265125262787805e+00
   3.0182517359456540e-02   5.1893324474965539e+00   9.6991825331090631e+00   5.5182822619748286e+00   2.3047929238735065e-01   6.1265125262787805e+00
   3.0182517359456540e-02   5.1893324474965539e+00   9.8241825331090631e+00   5.3932822619748286e+00   2.0704179238735065e-01   6.1265126901915536e+00
   3.0182517359456540e-02   5.1893324474965539e+00   9.8241825331090631e+00   5.3932822619748286e+00   2.0704179238735065e-01   6.1265125262787805e+00
   3.0182517359456540e-02   5.1893324474965539e+00   9.8241825331090631e+00   5.3932822619748286e+00   2.0704179238735065e-01   6.1265125262787805e+00
   3.0182517359456540e-02   5.1893324474965539e+00   9.8241825331090631e+00   5.3932822619748286e+00   2.0704179238735065e-01   6.1265125262787805e+00
   3.0182517359456540e-02   5.1893324474965539e+00   9.8241825331090631e+00   5.3932822619748286e+00   2.0704179238735065e-01   6.1265125262787805e+00
   3.0182517359456540e-02   5.1893324474965539e+00   9.8241801936267557e+00   5.3932822619748286e+00   2.6172929238735065e-01   6.2202626901915536e+00
   3.0182517359456540e-02   5.1893324474965539e+00   9.8241825331090631e+00   5.3932822619748286e+00   2.0704179238735065e-01   6.1265125262787805e+00
   3.0201590845784665e-02   5.1893324474965539e+00   9.8241783458827676e+00   5.3932822619748286e+00   2.0704179238735065e-01   6.1265126901915536e+00
   3.0182517359456540e-02   5.1893324474965539e+00   9.8241825331090631e+00   5.3932822619748286e+00   2.0704179238735065e-01   6.1265125262787805e+00
   3.0201590845784665e-02   5.1893324474965539e+00   9.7929283458827676e+00   5.3932822619748286e+00   2.0704179238735065e-01   6.0015125262787805e+00
   2.8020159084578466e-01   5.4393254290496316e+00   9.7929325331090631e+00   5.3932822619748286e+00   2.0704179238735065e-01   6.1265126901915536e+00
   3.0182517359456540e-02   5.1893324474965539e+00   9.8241825331090631e+00   5.3932822619748286e+00   2.0704179238735065e-01   6.1265125262787805e+00
   7.7057517359456540e-02   5.2205824474965539e+00   9.9335575331090631e+00   5.2682822619748286e+00   2.2266679238735065e-01   6.1577626901915536e+00
   3.0182517359456540e-02   5.4393324474965539e+00   9.8241825331090631e+00   5.3932822619748286e+00   2.0704179238735065e-01   6.1265125262787805e+00
   3.0182517359456540e-02   5.1893324474965539e+00   9.8241825331090631e+00   5.3932822619748286e+00   2.0704179238735065e-01   6.1265125262787805e+00
   3.0182517359456540e-02   5.1893324474965539e+00   9.8241825331090631e+00   5.3932822619748286e+00   2.0704179238735065e-01   6.1265125262787805e+00
   3.0182517359456540e-02   5.1893324474965539e+00   9.8241825331090631e+00   5.3932822619748286e+00   2.0704179238735065e-01   6.1265126901915536e+00
   3.0182517359456540e-02   5.1893324474965539e+00   9.8241825331090631e+00   5.3932822619748286e+00   2.0704179238735065e-01   6.1265125262787805e+00
   3.0182517359456540e-02   5.1893324474965539e+00   9.8241825331090631e+00   5.3932822619748286e+00   2.0704179238735065e-01   6.1265125262787805e+00
   3.0182517359456540e-02   5.1893324474965539e+00   9.8241825331090631e+00   5.3932822619748286e+00   2.0704179238735065e-01   6.1265126901915536e+00
   3.0182517359456540e-02   5.1893324474965539e+00   9.8241825331090631e+00   5.3932822619748286e+00   2.0704179238735065e-01   6.1265126901915536e+00
   2.8018251735945654e-01   5.1893324474965539e+00   9.8241825331090631e+00   5.3932822619748286e+00   4.5704179238735065e-01   6.1265126901915536e+00
   3.0182517359456540e-02   5.1893324474965539e+00   9.8241825331090631e+00   5.3932822619748286e+00   2.0704179238735065e-01   6.1265126901915536e+00
   3.0182517359456540e-02   5.1893324474965539e+00   9.8241825331090631e+00   5.3932822619748286e+00   2.0704179238735065e-01   6.1265126901915536e+00
   9.2682517359456540e-02   5.1893324474965539e+00   9.8241801936267557e+00   5.3932822619748286e+00   2.0704179238735065e-01   6.1265126901915536e+00
   3.0182517359456540e-02   5.1893324474965539e+00   9.8241801936267557e+00   5.3932822619748286e+00   2.0704179238735065e-01   6.1265125262787805e+00
   3.0182517359456540e-02   5.3612074474965539e+00   9.9491825331090631e+00   5.5807822619748286e+00   4.5704179238735065e-01   6.1265125262787805e+00
  -3.2298409154215335e-02   5.2049504290496316e+00   9.8241825331090631e+00   5.5182822619748286e+00   2.0704179238735065e-01   6.1265126901915536e+00
   3.0182517359456540e-02   5.1893324474965539e+00   9.8241825331090631e+00   5.3932822619748286e+00   2.0704179238735065e-01   6.1265126901915536e+00
   3.0182517359456540e-02   5.1893324474965539e+00   9.8241825331090631e+00   5.3307822619748286e+00   2.0704179238735065e-01   6.1265126901915536e+00
   9.2682517359456540e-02   5.1893324474965539e+00   9.8241825331090631e+00   5.4557822619748286e+00   2.0704179238735065e-01   6.1265125262787805e+00
   3.0182517359456540e-02   5.2166761974965539e+00   9.7616825331090631e+00   5.4167197619748286e+00   2.5391679238735065e-01   6.1577626901915536e+00
   8.0963767359456540e-02   5.2283949474965539e+00   9.8554325331090631e+00   5.3307822619748286e+00   2.2266679238735065e-01   6.1616689401915536e+00
   3.0201590845784665e-02   5.1893324474965539e+00   9.8241825331090631e+00   5.4440635119748286e+00   2.9688554238735065e-01   6.1265125262787805e+00
   7.7076590845784665e-02   5.1893324474965539e+00   9.9023033458827676e+00   5.3932822619748286e+00   2.0704179238735065e-01   6.1265125262787805e+00
   8.4889090845784665e-02   5.2205824474965539e+00   9.8866801936267557e+00   5.4557822619748286e+00   2.3438554238735065e-01   6.1733875262787805e+00
   6.1451590845784665e-02   5.1893254290496316e+00   9.8866825331090631e+00   5.4362510119748286e+00   2.0704179238735065e-01   6.1616687762787805e+00
   3.7995017359456540e-02   5.1893324474965539e+00   9.7616825331090631e+00   5.3932822619748286e+00   2.0704179238735065e-01   6.1265125262787805e+00
   6.1432517359456540e-02   5.2401136974965539e+00   9.8241825331090631e+00   5.3932822619748286e+00   2.6954179238735065e-01   6.1499500262787805e+00
   3.0182517359456540e-02   5.1268324474965539e+00   9.8241825331090631e+00   5.3932822619748286e+00   2.0704179238735065e-01   6.1265126901915536e+00
   3.0201590845784665e-02   5.1893324474965539e+00   9.8241783458827676e+00   5.3932822619748286e+00   2.0704179238735065e-01   6.1890125262787805e+00
   3.0182517359456540e-02   5.1893324474965539e+00   9.8866825331090631e+00   5.4870322619748286e+00   2.0704179238735065e-01   6.0640125262787805e+00
   3.0182517359456540e-02   5.2440199474965539e+00   9.8280864436267557e+00   5.3932822619748286e+00   2.0704179238735065e-01   6.0640125262787805e+00
   3.0182517359456540e-02   5.1893324474965539e+00   9.8359012831090631e+00   5.3307822619748286e+00   2.0704179238735065e-01   6.1265126901915536e+00
   3.0136264155110837e-02   5.3416691790496316e+00   9.9765239436267557e+00   5.3932822619748286e+00   2.0704179238735065e-01   6.0640125262787805e+00
   3.0182517359456540e-02   5.1893324474965539e+00   9.8866825331090631e+00   5.3932822619748286e+00   2.0704179238735065e-01   6.1265125262787805e+00
   3.0182517359456540e-02   5.1893324474965539e+00   9.8241825331090631e+00   5.4557822619748286e+00   2.5391679238735065e-01   6.1265126901915536e+00
   9.2701590845784665e-02   5.1893324474965539e+00   9.8827739436267557e+00   5.3932822619748286e+00   2.0704179238735065e-01   6.1851062762787805e+00
   5.7526267359456540e-02   5.1268324474965539e+00   9.8280887831090631e+00   5.4284385119748286e+00   2.0704179238735065e-01   6.1265126901915536e+00
   3.0182517359456540e-02   5.1268324474965539e+00   9.8476200331090631e+00   5.3971885119748286e+00   2.0704179238735065e-01   6.1265126901915536e+00
   3.0182517359456540e-02   5.1893324474965539e+00   9.8241825331090631e+00   5.3932822619748286e+00   2.3047929238735065e-01   6.1890126901915536e+00
   8.8776267359456540e-02   5.2049574474965539e+00   9.8866825331090631e+00   5.4010947619748286e+00   2.0704179238735065e-01   6.1265126901915536e+00
   3.0182517359456540e-02   5.1893324474965539e+00   9.8319950331090631e+00   5.3932822619748286e+00   2.0704179238735065e-01   6.0640126901915536e+00
   4.5807517359456540e-02   5.2205824474965539e+00   9.8515262831090631e+00   5.4557822619748286e+00   2.5782304238735065e-01   6.1655750262787805e+00
   6.1432517359456540e-02   5.2166761974965539e+00   9.8866801936267557e+00   5.3932822619748286e+00   2.5001054238735065e-01   6.1772937762787805e+00
   9.2682517359456540e-02   5.1893324474965539e+00   9.8866825331090631e+00   5.3932822619748286e+00   2.0704179238735065e-01   6.1265126901915536e+00
   3.0182517359456540e-02   5.1893324474965539e+00   9.8629398573278131e+00   5.4323447619748286e+00   2.0704179238735065e-01   6.1890125262787805e+00
   6.5338767359456540e-02   5.2518324474965539e+00   9.8241825331090631e+00   5.3932822619748286e+00   2.0704179238735065e-01   6.1265125262787805e+00
   8.4889090845784665e-02   5.1893324474965539e+00   9.8710551936267557e+00   5.3932822619748286e+00   2.6954179238735065e-01   6.1812000262787805e+00
   3.0182517359456540e-02   5.2088636974965539e+00   9.8280887831090631e+00   5.3307822619748286e+00   2.4610429238735065e-01   6.1772939401915536e+00
  -3.2317482640543460e-02   5.2010511974965539e+00   9.8749637831090631e+00   5.3932822619748286e+00   2.1485429238735065e-01   6.1265126901915536e+00
   4.1901267359456540e-02   5.1893324474965539e+00   9.8710551936267557e+00   5.4050010119748286e+00   2.2266679238735065e-01   6.1421375262787805e+00
   4.5807517359456540e-02   5.1893324474965539e+00   9.8241825331090631e+00   5.3307822619748286e+00   3.1641679238735065e-01   6.1655750262787805e+00
   3.0182517359456540e-02   5.1893324474965539e+00   9.8241825331090631e+00   5.3932822619748286e+00   2.0704179238735065e-01   6.0640126901915536e+00
   1.2393251735945654e-01   5.1893324474965539e+00   9.8398075331090631e+00   5.4323447619748286e+00   1.0938554238735065e-01   6.2358875262787805e+00
   6.9245017359456540e-02   5.2244886974965539e+00   9.7616825331090631e+00   5.4089072619748286e+00   2.3438554238735065e-01   6.1772939401915536e+00
   3.0182517359456540e-02   5.1893324474965539e+00   9.8866825331090631e+00   5.3932822619748286e+00   2.0704179238735065e-01   6.1265126901915536e+00
   3.0182517359456540e-02   5.2440199474965539e+00   9.8241825331090631e+00   5.3307822619748286e+00   2.3829179238735065e-01   6.1265125262787805e+00
   3.0182517359456540e-02   5.2010511974965539e+00   9.8241825331090631e+00   5.4284385119748286e+00   2.0704179238735065e-01   6.0640126901915536e+00
   6.9245017359456540e-02   5.1893324474965539e+00   9.8241825331090631e+00   5.3932822619748286e+00   2.3829179238735065e-01   6.0640125262787805e+00
   9.2682517359456540e-02   5.2205824474965539e+00   9.9491825331090631e+00   5.4714072619748286e+00   2.0704179238735065e-01   6.2202625262787805e+00
