   2.2833645531084942e-01
   2.2833645531760893e-01
   2.2833645531760893e-01
   2.2833645531807953e-01
   2.2833645531807953e-01
   2.2833645531807953e-01
   2.2833645531807953e-01
   2.2833645531807953e-01
   2.2833645531861521e-01
   2.2833645531908581e-01
   2.2833645531908581e-01
   2.2840842552040660e-01
   2.2833645543036155e-01
   2.2833645724822732e-01
   2.2840158558892706e-01
   2.2833645533692137e-01
   2.2833645531908581e-01
   2.2833645535020811e-01
   2.2833645533692137e-01
   2.2839874234998039e-01
   2.2862420540198322e-01
   2.2833645533012914e-01
   2.2833645540488862e-01
   2.2833645531908581e-01
   2.2833645543083214e-01
   2.2833645533692137e-01
   2.2833645531908581e-01
   2.2833645531861521e-01
   2.2833645533012914e-01
   2.2833645541279335e-01
   2.2871712116788395e-01
   2.2833645531908581e-01
   2.2833645531908581e-01
   2.2833645531084942e-01
   2.2833645533011523e-01
   2.2833645535281594e-01
   2.2837886120033365e-01
   2.2833645698885122e-01
   2.2833645540441802e-01
   2.2833659098305925e-01
   2.2833645531908581e-01
   2.2833645531908581e-01
   2.2871861126914983e-01
   2.2897739826398256e-01
   2.2833645535020811e-01
   2.2833645533012914e-01
   2.2833645543036155e-01
   2.2898418015178831e-01
   2.2833645532047614e-01
   2.2840797092865298e-01
   2.2833645531908581e-01
   2.2833645533645078e-01
   2.2833646392187729e-01
   2.2851559311750680e-01
   2.2833645533692137e-01
   2.2833645530105678e-01
   2.2833645530105678e-01
   2.2833645531908581e-01
   2.2833645531807953e-01
   2.2835241795705591e-01
   2.2833645531807953e-01
   2.2835156953971628e-01
   2.2833645726524629e-01
   2.2836482807726052e-01
   2.2833645531807953e-01
   2.2833645533692137e-01
   2.2833645540488862e-01
   2.2833645533333180e-01
   2.2862767207699711e-01
   2.2833645540441802e-01
   2.2834249758052871e-01
   2.2833645530105678e-01
   2.2833665439840928e-01
   2.2833645536787409e-01
   2.2833645533645078e-01
   2.2850536220647844e-01
   2.2833645540488862e-01
   2.2833645531807953e-01
   2.2833645531908581e-01
   2.2833655805799236e-01
   2.2837527132748117e-01
   2.2857830713886240e-01
   2.2860081150139358e-01
   2.2840395607251288e-01
   2.2833645554469745e-01
   2.2835054998650803e-01
   2.2833645543036155e-01
   2.2833645540488862e-01
   2.2833645531807953e-01
   2.2841321746130530e-01
   2.2834156922398929e-01
   2.2833695664443041e-01
   2.2834432501926219e-01
   2.2833645533380240e-01
   2.2833645534760977e-01
   2.2834077038592163e-01
   2.2833645531908581e-01
   2.2833645563947669e-01
   2.2862228911777602e-01
   2.2834155298378023e-01
   2.2833645541279335e-01
   2.2833645688784529e-01
   2.2833645533380240e-01
   2.2833645531807953e-01
   2.2844741509122424e-01
   2.2833645533692137e-01
   2.2833645531084942e-01
   2.2833645686014906e-01
   2.2833645531908581e-01
   2.2833645533692137e-01
   2.2833645558421847e-01
   2.2833645543543829e-01
   2.2833645533692137e-01
   2.2834276388422739e-01
   2.2834630374734316e-01
   2.2849785121978722e-01
   2.2959387186646074e-01
   2.2833645533692137e-01
   2.2840842196048808e-01
   2.2833645531908581e-01
   2.2869391404354844e-01
   2.2899152103612067e-01
   2.2833645531908581e-01
   2.2833645543543829e-01
   2.2833648703477247e-01
   2.2842874662701174e-01
   2.2833645531908581e-01
   2.2835064912663469e-01
   2.2848553406953032e-01
   2.2838437643073270e-01
   2.2973526863024224e-01
   2.2833645534760977e-01
   2.2833645531807953e-01
   2.2890232657198700e-01
   2.2871861101901855e-01
   2.2833645530105678e-01
   2.2833645533692137e-01
   2.2833645557391496e-01
   2.2833645542068437e-01
   2.2833687096362915e-01
   2.2833697962550911e-01
   2.2851602263110207e-01
   2.2833645531807953e-01
   2.2833645531908581e-01
   2.2833645533380240e-01
   2.2833645535281594e-01
   2.2833645533012914e-01
   2.2833645531908581e-01
   2.2926921181381252e-01
   2.2833645535020811e-01
   2.2833645531807953e-01
   2.2906011133774529e-01
   2.2833645543496769e-01
   2.2835962710104127e-01
   2.2833645557391496e-01
   2.2833645540488862e-01
   2.2833645531908581e-01
   2.2833645533692137e-01
   2.2833645543083214e-01
   2.2833645543543829e-01
   2.2862343787270278e-01
   2.2834148830089215e-01
   2.2839122319511995e-01
   2.2833783743597327e-01
   2.2833645533011523e-01
   2.2833645540488862e-01
   2.2833645531807953e-01
   2.2833645533380240e-01
   2.2833645533011523e-01
   2.2883490793672726e-01
   2.2833645563558558e-01
   2.2833645540488862e-01
   2.2904040221487618e-01
   2.2833645536834471e-01
   2.2840848131020969e-01
   2.2842931805982361e-01
   2.2833645531908581e-01
   2.2833645864775756e-01
   2.2915487676137802e-01
   2.3001634271263863e-01
   2.3097542240637972e-01
   2.3198200038237274e-01
   2.2901399025024696e-01
   2.3074116937912131e-01
   2.3174372572894317e-01
   2.2900155788426824e-01
   2.3047658661232662e-01
   2.3020701635661078e-01
   2.3138303993096473e-01
   2.2948771194994202e-01
   2.3217018241032253e-01
   2.3121427280973705e-01
   2.2939898346910531e-01
   2.3144885733588291e-01
   2.3040542852448617e-01
   2.2904176545297300e-01
   2.2989068980563560e-01
   2.2995855651864003e-01
   2.2996198200804674e-01
   2.3287227672083302e-01
   2.3170562172787398e-01
   2.2876153086600307e-01
   2.3061710002870234e-01
   2.3038625933309090e-01
   2.3427642372906504e-01
   2.3070670263805754e-01
   2.3242076051427457e-01
   2.2900798394517555e-01
   2.2929175910251240e-01
   2.2892229840873973e-01
   2.3154760037347749e-01
   2.3293882699435309e-01
   2.3393589523998998e-01
   2.3028103557212906e-01
   2.3585300186160396e-01
   2.2900355037501521e-01
   2.2956521373274619e-01
   2.3186596573393531e-01
   2.2980071592608847e-01
   2.2895131288764159e-01
