   2.7914925812042318e-01
   2.7914925812042318e-01
   2.7914925812042318e-01
   2.7914925812042318e-01
   2.7914925812042318e-01
   2.7914925812042318e-01
   2.7914925812042318e-01
   2.7914925812042318e-01
   2.7914925812042318e-01
   2.7914925812042318e-01
   2.8009610187197831e-01
   2.8009610187197831e-01
   2.8203058389697616e-01
   2.8219270497569693e-01
   2.8009610187197831e-01
   5.5074592163949332e-01
   2.8550814064002128e-01
   2.7914925812042318e-01
   3.0604502771116748e-01
   2.9115782584675093e-01
   2.6643621196314698e-01
   5.4919376413411081e-01
   3.3649623677233376e-01
   2.8219270497569693e-01
   2.8848500221403944e-01
   2.7711191288448805e-01
   4.1130793178412040e-01
   5.0961673426303755e-01
   3.5326594370704034e-01
   2.9997006024052586e-01
   4.1894750833865052e-01
   2.8550814064002128e-01
   3.7231480013728646e-01
   2.8219270497569693e-01
   2.7711191288448805e-01
   2.7914925812042318e-01
   2.7914925812042318e-01
   2.8550814064002128e-01
   8.1840329508649201e-01
   7.3174609301718085e-01
   3.5472608191309951e-01
   2.9115782584675093e-01
   2.8219270497569693e-01
   3.3649623677233376e-01
   3.2318896828248678e-01
   2.8550814064002128e-01
   5.4690982721740444e-01
   2.9002078935616027e-01
   2.9144392295737476e-01
   2.8550814064002128e-01
   2.8550814064002128e-01
   2.8492456157880336e-01
   3.0177209794757559e-01
   2.9002078935616027e-01
   2.7914925812042318e-01
   2.8848259012028027e-01
   4.5953537997627070e-01
   6.5214089637000328e-01
   6.3098814522229629e-01
   2.8191060880810292e-01
   7.2868438426181437e-01
   2.9002078935616027e-01
   2.7914925812042318e-01
   2.8219270497569693e-01
   2.8219270497569693e-01
   3.1641129054040001e-01
   3.0108482094004063e-01
   2.8659992697461051e-01
   3.3644231419188819e-01
   2.8191060880810292e-01
   4.1660863163512418e-01
   6.6322887830657085e-01
   3.3925181819542999e-01
   2.7914925812042318e-01
   2.8550814064002128e-01
   2.8973521509958733e-01
   2.8360377943450260e-01
   4.2869412656813277e-01
   2.8360377943450260e-01
   2.8150117039448513e-01
   2.7914925812042318e-01
   5.1555258376876334e-01
   7.0274605185310890e-01
   7.5926538826507950e-01
   4.1690324610447860e-01
   2.7914925812042318e-01
   2.7914925812042318e-01
   2.8550814064002128e-01
   2.9002078935616027e-01
   4.1397555857659374e-01
   7.2399470425297463e-01
   2.8413163846196304e-01
   7.6403873892614249e-01
   4.3177863076312284e-01
   2.8848500221403944e-01
   5.4485933222092742e-01
   2.8550814064002128e-01
   2.9002078935616027e-01
   7.7506500039463178e-01
   4.4512978671703407e-01
   2.8684502963177216e-01
   3.5742338700877785e-01
   2.8360377943450260e-01
   2.9836977844568296e-01
   2.8219270497569693e-01
   7.3192888854911597e-01
   2.8191060880810292e-01
   2.8360377943450260e-01
   2.8492456157880336e-01
   2.8219270497569693e-01
   7.0274605185310890e-01
   2.8857661462601664e-01
   3.2426390182978576e-01
   4.1690324610447860e-01
   2.8550814064002128e-01
   2.7914925812042318e-01
   2.9002078935616027e-01
   4.0595122455029792e-01
   7.3636288358871305e-01
   2.8191060880810292e-01
   2.8550814064002128e-01
   2.9295179874764804e-01
   2.8820857277516010e-01
   2.8550814064002128e-01
   2.8550814064002128e-01
   2.8009610187197831e-01
   4.5460828701900829e-01
   2.7914925812042318e-01
   5.3930355142617425e-01
   5.3726261811710507e-01
   2.8550814064002128e-01
   2.8413163846196304e-01
   2.9836977844568296e-01
   2.9117364341327651e-01
   2.8009610187197831e-01
   2.7711191288448805e-01
   2.8550814064002128e-01
   6.5746577868669820e-01
   2.7914925812042318e-01
   3.0452711277502115e-01
   5.5074592163949332e-01
   2.8857661462601664e-01
   2.7914925812042318e-01
   2.8360377943450260e-01
   3.8335855618874015e-01
   3.7575615152980890e-01
   2.7914925812042318e-01
   2.8413163846196304e-01
   2.9002078935616027e-01
   2.7711191288448805e-01
   2.8360377943450260e-01
   4.8612923599250213e-01
   2.8150117039448513e-01
   2.8219270497569693e-01
   3.8910080145205200e-01
   2.8492456157880336e-01
   3.8666274255943700e-01
   3.4382987003343418e-01
   3.4355454465654056e-01
   3.5569646191446314e-01
   3.2199101949275477e-01
   2.9002078935616027e-01
   5.1790796218763524e-01
   3.2199101949275477e-01
   2.9002078935616027e-01
   3.9669493140968176e-01
   2.8268877107741047e-01
   2.8659992697461051e-01
   2.8857661462601664e-01
   2.8360377943450260e-01
   3.6887867076645414e-01
   2.7914925812042318e-01
   2.8360377943450260e-01
   2.8550814064002128e-01
   3.8335855618874015e-01
   4.2288019265904875e-01
   3.7347593092483833e-01
   3.2199101949275477e-01
   4.2022944487149483e-01
   5.5612999709604627e-01
   3.3031005430117194e-01
   4.7037660571315865e-01
   5.3016293116322022e-01
   6.7091452127510232e-01
   3.6158777828793570e-01
   4.0204264804591489e-01
   4.6155087738428452e-01
   5.5938189739796884e-01
   5.7801474189189261e-01
   4.9321256209938075e-01
   4.1175248187458729e-01
   4.0688297717952021e-01
   5.1769371472819281e-01
   4.1926393951451862e-01
   3.5245314754634244e-01
   2.9295179874764804e-01
   3.9372255680785673e-01
   3.8539267367107133e-01
   4.0011682690741079e-01
   5.4630301091977829e-01
   1.0443328786341515e+00
   3.0481107729895623e-01
   4.8559879311968879e-01
   3.4833602365314331e-01
   3.6523245474715466e-01
   5.7698304924469324e-01
   6.1425252432044330e-01
   3.2911358420460685e-01
   6.1165886532338332e-01
   3.1293985289106263e-01
   3.7362423277743712e-01
   4.0093624892756025e-01
   4.7483001882417653e-01
   6.6298083538418173e-01
   9.5995860777904796e-01
   6.8190107336233596e-01
   4.4844423208475098e-01
   4.3265737088312584e-01
   4.6698147229380105e-01
   1.0166324381415457e+00
