Time history of radial distribution for BEM variable: dUindDt[m/s/s] for blade 1
                          rCurvi[m] (curvilinear radial distance)
                                0.7893      2.3680      3.9467      5.5253      7.1040      8.6826     10.2613     11.8400     13.4186     14.9973     16.5759     18.1546     19.7333     21.3119     22.8906     24.4692     26.0479     27.6266     29.2052     30.7839     32.3625     33.9412     35.5199     37.0985     38.2825     39.0718
                          zB[m] (radial coordinate along blade axis)
     time[s]  azimuth[deg]      0.1833      1.7550      3.3297      4.9065      6.4843      8.0624      9.6416     11.2245     12.8084     14.3904     15.9682     17.5467     19.1252     20.7035     22.2815     23.8592     25.4365     27.0130     28.5887     30.1635     31.7374     33.3105     34.8829     36.4552     37.6327     38.4141
      0.0000        0.0000  0.0000E+00  0.0000E+00  0.0000E+00  0.0000E+00  0.0000E+00  0.0000E+00  0.0000E+00  0.0000E+00  0.0000E+00  0.0000E+00  0.0000E+00  0.0000E+00  0.0000E+00  0.0000E+00  0.0000E+00  0.0000E+00  0.0000E+00  0.0000E+00  0.0000E+00  0.0000E+00  0.0000E+00  0.0000E+00  0.0000E+00  0.0000E+00  0.0000E+00  0.0000E+00
      0.1355       10.0000  0.0000E+00  0.3334E-13 -0.3077E-06  0.1649E-11  0.2303E-03 -0.2817E-04  0.3563E-03  0.3271E-03  0.2824E-03  0.2084E-03  0.1404E-03  0.7711E-04  0.4148E-04  0.2199E-04  0.1155E-04  0.6238E-05  0.3418E-05  0.1467E-06  0.8914E-06  0.6564E-06  0.2906E-06  0.2556E-05  0.1462E-06  0.2573E-06  0.7379E-06  0.3666E-12
      0.2710       20.0000  0.0000E+00  0.5217E-13 -0.3955E-06  0.1765E-11  0.1713E-03 -0.2079E-03  0.2865E-03  0.2827E-03  0.2629E-03  0.2006E-03  0.1367E-03  0.7471E-04  0.4012E-04  0.2126E-04  0.1117E-04  0.6033E-05  0.3302E-05  0.9451E-06  0.8573E-06  0.6445E-06  0.2982E-06  0.5700E-05  0.1280E-06  0.2361E-06  0.9843E-07  0.1411E-11
      0.4065       30.0000  0.0000E+00  0.5456E-13 -0.3878E-06 -0.2305E-12  0.1564E-03 -0.2414E-03  0.2680E-03  0.2697E-03  0.2552E-03  0.1962E-03  0.1341E-03  0.7326E-04  0.3934E-04  0.2083E-04  0.1097E-04  0.5888E-05  0.3245E-05  0.1904E-05  0.1058E-05  0.5777E-06  0.3111E-06 -0.1816E-06  0.1157E-06  0.5079E-07 -0.8417E-07  0.3479E-11
      0.5420       40.0000  0.0000E+00  0.3823E-13 -0.3682E-06 -0.6529E-11  0.1560E-03 -0.2274E-03  0.2663E-03  0.2670E-03  0.2515E-03  0.1930E-03  0.1318E-03  0.7212E-04  0.3879E-04  0.2059E-04  0.1083E-04  0.5850E-05  0.3202E-05  0.7287E-07  0.8232E-06  0.6085E-06  0.2644E-06  0.2313E-05  0.1263E-06  0.2073E-06  0.5756E-06  0.7720E-11
      0.6775       50.0000  0.0000E+00  0.7157E-14 -0.3496E-06 -0.1832E-10  0.1595E-03 -0.2006E-03  0.2693E-03  0.2671E-03  0.2487E-03  0.1900E-03  0.1296E-03  0.7104E-04  0.3825E-04  0.2032E-04  0.1069E-04  0.5771E-05  0.3158E-05  0.9143E-06  0.8174E-06  0.6140E-06  0.2866E-06  0.5489E-05  0.1131E-06  0.1920E-06 -0.2828E-07  0.6563E-11
      0.8130       60.0000  0.0000E+00 -0.2833E-13 -0.3122E-06 -0.2858E-10  0.1636E-03 -0.1726E-03  0.2728E-03  0.2675E-03  0.2461E-03  0.1871E-03  0.1275E-03  0.6996E-04  0.3768E-04  0.1999E-04  0.1053E-04  0.5646E-05  0.3109E-05  0.1875E-05  0.1020E-05  0.5474E-06  0.2982E-06 -0.4019E-06  0.1008E-06  0.1089E-07 -0.1797E-06 -0.1425E-09
      0.9485       70.0000  0.0000E+00 -0.5651E-13 -0.2889E-06 -0.2579E-10  0.1670E-03 -0.1470E-03  0.2757E-03  0.2675E-03  0.2433E-03  0.1842E-03  0.1253E-03  0.6886E-04  0.3713E-04  0.1974E-04  0.1038E-04  0.5597E-05  0.3058E-05  0.3690E-07  0.7803E-06  0.5750E-06  0.2477E-06  0.2083E-05  0.1110E-06  0.1710E-06  0.5019E-06  0.5761E-10
      1.0840       80.0000  0.0000E+00 -0.6966E-13 -0.2749E-06 -0.1303E-10  0.1695E-03 -0.1247E-03  0.2775E-03  0.2668E-03  0.2403E-03  0.1812E-03  0.1232E-03  0.6775E-04  0.3655E-04  0.1943E-04  0.1022E-04  0.5504E-05  0.3004E-05  0.8712E-06  0.7704E-06  0.5781E-06  0.2672E-06  0.5256E-05  0.9772E-07  0.1588E-06 -0.8674E-07  0.4222E-10
      1.2195       90.0000  0.0000E+00 -0.6597E-13 -0.2443E-06 -0.1968E-11  0.1712E-03 -0.1056E-03  0.2784E-03  0.2654E-03  0.2371E-03  0.1782E-03  0.1210E-03  0.6662E-04  0.3593E-04  0.1906E-04  0.1004E-04  0.5369E-05  0.2950E-05  0.1828E-05  0.9705E-06  0.5104E-06  0.2776E-06 -0.6326E-06  0.8589E-07 -0.1934E-07 -0.2264E-06  0.1813E-10
      1.3550      100.0000  0.0000E+00 -0.4833E-13 -0.2280E-06  0.3763E-11  0.1721E-03 -0.8942E-04  0.2784E-03  0.2636E-03  0.2337E-03  0.1752E-03  0.1189E-03  0.6549E-04  0.3536E-04  0.1880E-04  0.9880E-05  0.5314E-05  0.2896E-05 -0.1270E-07  0.7304E-06  0.5379E-06  0.2269E-06  0.1858E-05  0.9660E-07  0.1433E-06  0.4643E-06  0.5794E-11
      1.4905      110.0000  0.0000E+00 -0.2189E-13 -0.2205E-06  0.5973E-11  0.1723E-03 -0.7570E-04  0.2776E-03  0.2613E-03  0.2302E-03  0.1722E-03  0.1168E-03  0.6437E-04  0.3476E-04  0.1848E-04  0.9712E-05  0.5220E-05  0.2843E-05  0.8210E-06  0.7207E-06  0.5414E-06  0.2467E-06  0.5038E-05  0.8401E-07  0.1336E-06 -0.1169E-06  0.8429E-12
      1.6260      120.0000  0.0000E+00  0.7683E-14 -0.1957E-06  0.6584E-11  0.1720E-03 -0.6411E-04  0.2762E-03  0.2586E-03  0.2266E-03  0.1692E-03  0.1147E-03  0.6325E-04  0.3414E-04  0.1812E-04  0.9534E-05  0.5087E-05  0.2790E-05  0.1778E-05  0.9214E-06  0.4744E-06  0.2576E-06 -0.8429E-06  0.7286E-07 -0.4230E-07 -0.2506E-06 -0.4701E-12
      1.7615      130.0000  0.0000E+00  0.3448E-13 -0.1846E-06  0.6500E-11  0.1711E-03 -0.5431E-04  0.2743E-03  0.2556E-03  0.2229E-03  0.1662E-03  0.1126E-03  0.6214E-04  0.3357E-04  0.1785E-04  0.9380E-05  0.5036E-05  0.2739E-05 -0.6206E-07  0.6822E-06  0.5026E-06  0.2074E-06  0.1655E-05  0.8421E-07  0.1224E-06  0.4449E-06 -0.1334E-12
      1.8970      140.0000  0.0000E+00  0.5214E-13 -0.1817E-06  0.5727E-11  0.1699E-03 -0.4603E-04  0.2720E-03  0.2525E-03  0.2192E-03  0.1632E-03  0.1106E-03  0.6104E-04  0.3299E-04  0.1755E-04  0.9217E-05  0.4946E-05  0.2688E-05  0.7725E-06  0.6735E-06  0.5069E-06  0.2277E-06  0.4842E-05  0.7223E-07  0.1145E-06 -0.1324E-06  0.1064E-11
      2.0325      150.0000  0.0000E+00  0.5446E-13 -0.1610E-06  0.3189E-11  0.1684E-03 -0.3903E-04  0.2693E-03  0.2491E-03  0.2155E-03  0.1602E-03  0.1085E-03  0.5996E-04  0.3239E-04  0.1719E-04  0.9046E-05  0.4817E-05  0.2638E-05  0.1730E-05  0.8751E-06  0.4407E-06  0.2392E-06 -0.1033E-05  0.6167E-07 -0.5965E-07 -0.2630E-06  0.3292E-11
      2.1680      160.0000  0.0000E+00  0.3839E-13 -0.1534E-06 -0.3499E-11  0.1667E-03 -0.3312E-04  0.2664E-03  0.2456E-03  0.2117E-03  0.1573E-03  0.1066E-03  0.5890E-04  0.3185E-04  0.1694E-04  0.8900E-05  0.4771E-05  0.2589E-05 -0.1088E-06  0.6369E-06  0.4698E-06  0.1894E-06  0.1472E-05  0.7357E-07  0.1066E-06  0.4350E-06  0.7624E-11
      2.3035      170.0000  0.0000E+00  0.7628E-14 -0.1537E-06 -0.1560E-10  0.1647E-03 -0.2813E-04  0.2632E-03  0.2420E-03  0.2080E-03  0.1545E-03  0.1046E-03  0.5785E-04  0.3129E-04  0.1665E-04  0.8745E-05  0.4685E-05  0.2541E-05  0.7267E-06  0.6291E-06  0.4748E-06  0.2103E-06  0.4665E-05  0.6211E-07  0.1001E-06 -0.1403E-06  0.6524E-11
      2.4390      180.0000  0.0000E+00 -0.2758E-13 -0.1357E-06 -0.2613E-10  0.1625E-03 -0.2391E-04  0.2599E-03  0.2384E-03  0.2044E-03  0.1517E-03  0.1027E-03  0.5682E-04  0.3072E-04  0.1631E-04  0.8582E-05  0.4561E-05  0.2494E-05  0.1685E-05  0.8316E-06  0.4093E-06  0.2221E-06 -0.1204E-05  0.5196E-07 -0.7285E-07 -0.2694E-06 -0.1425E-09
      2.5745      190.0000  0.0000E+00 -0.5554E-13 -0.1306E-06 -0.2356E-10  0.1603E-03 -0.2034E-04  0.2564E-03  0.2347E-03  0.2007E-03  0.1489E-03  0.1008E-03  0.5580E-04  0.3020E-04  0.1608E-04  0.8443E-05  0.4519E-05  0.2448E-05 -0.1529E-06  0.5943E-06  0.4390E-06  0.1729E-06  0.1306E-05  0.6439E-07  0.9469E-07  0.4300E-06  0.5760E-10
      2.7100      200.0000  0.0000E+00 -0.6849E-13 -0.1330E-06 -0.1100E-10  0.1579E-03 -0.1733E-04  0.2529E-03  0.2310E-03  0.1971E-03  0.1461E-03  0.9900E-04  0.5480E-04  0.2967E-04  0.1580E-04  0.8296E-05  0.4438E-05  0.2402E-05  0.6834E-06  0.5873E-06  0.4448E-06  0.1942E-06  0.4505E-05  0.5339E-07  0.8925E-07 -0.1444E-06  0.4223E-10
      2.8455      210.0000  0.0000E+00 -0.6468E-13 -0.1170E-06 -0.1024E-12  0.1554E-03 -0.1478E-04  0.2492E-03  0.2272E-03  0.1935E-03  0.1434E-03  0.9718E-04  0.5382E-04  0.2913E-04  0.1547E-04  0.8141E-05  0.4318E-05  0.2358E-05  0.1643E-05  0.7908E-06  0.3800E-06  0.2065E-06 -0.1358E-05  0.4374E-07 -0.8266E-07 -0.2726E-06  0.1813E-10
      2.9810      220.0000  0.0000E+00 -0.4694E-13 -0.1135E-06  0.5477E-11  0.1529E-03 -0.1263E-04  0.2455E-03  0.2235E-03  0.1900E-03  0.1408E-03  0.9540E-04  0.5286E-04  0.2864E-04  0.1525E-04  0.8010E-05  0.4281E-05  0.2314E-05 -0.1945E-06  0.5542E-06  0.4104E-06  0.1576E-06  0.1157E-05  0.5651E-07  0.8567E-07  0.4274E-06  0.5798E-11
      3.1165      230.0000  0.0000E+00 -0.2042E-13 -0.1174E-06  0.7556E-11  0.1503E-03 -0.1081E-04  0.2418E-03  0.2198E-03  0.1865E-03  0.1382E-03  0.9365E-04  0.5191E-04  0.2813E-04  0.1499E-04  0.7870E-05  0.4204E-05  0.2271E-05  0.6426E-06  0.5481E-06  0.4168E-06  0.1793E-06  0.4360E-05  0.4588E-07  0.8102E-07 -0.1464E-06  0.8487E-12
      3.2520      240.0000  0.0000E+00  0.9199E-14 -0.1027E-06  0.8049E-11  0.1478E-03 -0.9267E-05  0.2381E-03  0.2161E-03  0.1831E-03  0.1357E-03  0.9193E-04  0.5098E-04  0.2762E-04  0.1468E-04  0.7723E-05  0.4088E-05  0.2229E-05  0.1603E-05  0.7523E-06  0.3526E-06  0.1920E-06 -0.1498E-05  0.3660E-07 -0.9016E-07 -0.2742E-06 -0.4745E-12
      3.3875      250.0000  0.0000E+00  0.3604E-13 -0.1005E-06  0.7864E-11  0.1452E-03 -0.7965E-05  0.2343E-03  0.2125E-03  0.1797E-03  0.1331E-03  0.9025E-04  0.5007E-04  0.2715E-04  0.1447E-04  0.7599E-05  0.4055E-05  0.2188E-05 -0.2337E-06  0.5165E-06  0.3837E-06  0.1436E-06  0.1022E-05  0.4972E-07  0.7885E-07  0.4260E-06 -0.1472E-12
      3.5230      260.0000  0.0000E+00  0.5370E-13 -0.1054E-06  0.6998E-11  0.1426E-03 -0.6864E-05  0.2306E-03  0.2088E-03  0.1764E-03  0.1307E-03  0.8859E-04  0.4917E-04  0.2668E-04  0.1422E-04  0.7467E-05  0.3982E-05  0.2147E-05  0.6041E-06  0.5112E-06  0.3906E-06  0.1656E-06  0.4230E-05  0.3943E-07  0.7481E-07 -0.1475E-06  0.1073E-11
      3.6585      270.0000  0.0000E+00  0.5604E-13 -0.9165E-07  0.4380E-11  0.1400E-03 -0.5932E-05  0.2268E-03  0.2053E-03  0.1732E-03  0.1283E-03  0.8696E-04  0.4829E-04  0.2618E-04  0.1392E-04  0.7326E-05  0.3871E-05  0.2107E-05  0.1565E-05  0.7162E-06  0.3271E-06  0.1787E-06 -0.1624E-05  0.3046E-07 -0.9581E-07 -0.2751E-06  0.3299E-11
      3.7940      280.0000  0.0000E+00  0.3997E-13 -0.9022E-07 -0.2380E-11  0.1374E-03 -0.5143E-05  0.2231E-03  0.2017E-03  0.1700E-03  0.1259E-03  0.8537E-04  0.4742E-04  0.2574E-04  0.1373E-04  0.7209E-05  0.3841E-05  0.2068E-05 -0.2708E-06  0.4811E-06  0.3587E-06  0.1306E-06  0.9002E-06  0.4389E-07  0.7370E-07  0.4254E-06  0.7629E-11
      3.9295      290.0000  0.0000E+00  0.9203E-14 -0.9590E-07 -0.1455E-10  0.1349E-03 -0.4475E-05  0.2195E-03  0.1982E-03  0.1668E-03  0.1236E-03  0.8380E-04  0.4657E-04  0.2529E-04  0.1349E-04  0.7083E-05  0.3772E-05  0.2030E-05  0.5678E-06  0.4765E-06  0.3662E-06  0.1530E-06  0.4112E-05  0.3388E-07  0.7012E-07 -0.1480E-06  0.6516E-11
      4.0650      300.0000  0.0000E+00 -0.2602E-13 -0.8279E-07 -0.2513E-10  0.1323E-03 -0.3910E-05  0.2158E-03  0.1948E-03  0.1637E-03  0.1213E-03  0.8226E-04  0.4574E-04  0.2482E-04  0.1321E-04  0.6949E-05  0.3664E-05  0.1992E-05  0.1529E-05  0.6821E-06  0.3032E-06  0.1663E-06 -0.1738E-05  0.2511E-07 -0.1002E-06 -0.2756E-06 -0.1425E-09
      4.2005      310.0000  0.0000E+00 -0.5399E-13 -0.8193E-07 -0.2262E-10  0.1298E-03 -0.3430E-05  0.2122E-03  0.1914E-03  0.1607E-03  0.1190E-03  0.8075E-04  0.4492E-04  0.2441E-04  0.1303E-04  0.6839E-05  0.3639E-05  0.1955E-05 -0.3058E-06  0.4478E-06  0.3354E-06  0.1186E-06  0.7904E-06  0.3885E-07  0.6980E-07  0.4250E-06  0.5760E-10
      4.3360      320.0000  0.0000E+00 -0.6697E-13 -0.8814E-07 -0.1010E-10  0.1273E-03 -0.3023E-05  0.2087E-03  0.1880E-03  0.1577E-03  0.1168E-03  0.7927E-04  0.4411E-04  0.2398E-04  0.1280E-04  0.6720E-05  0.3574E-05  0.1919E-05  0.5335E-06  0.4438E-06  0.3435E-06  0.1413E-06  0.4006E-05  0.2910E-07  0.6657E-07 -0.1483E-06  0.4222E-10
      4.4715      330.0000  0.0000E+00 -0.6318E-13 -0.7549E-07  0.7552E-12  0.1249E-03 -0.2678E-05  0.2052E-03  0.1847E-03  0.1548E-03  0.1146E-03  0.7781E-04  0.4332E-04  0.2353E-04  0.1253E-04  0.6592E-05  0.3469E-05  0.1883E-05  0.1496E-05  0.6502E-06  0.2810E-06  0.1550E-06 -0.1840E-05  0.2063E-07 -0.1033E-06 -0.2757E-06  0.1814E-10
      4.6070      340.0000  0.0000E+00 -0.4545E-13 -0.7506E-07  0.6299E-11  0.1225E-03 -0.2385E-05  0.2017E-03  0.1815E-03  0.1519E-03  0.1125E-03  0.7639E-04  0.4255E-04  0.2314E-04  0.1236E-04  0.6488E-05  0.3447E-05  0.1849E-05 -0.3387E-06  0.4165E-06  0.3136E-06  0.1076E-06  0.6912E-06  0.3453E-07  0.6685E-07  0.4248E-06  0.5812E-11
      4.7425      350.0000  0.0000E+00 -0.1896E-13 -0.8165E-07  0.8342E-11  0.1201E-03 -0.2136E-05  0.1983E-03  0.1783E-03  0.1491E-03  0.1104E-03  0.7498E-04  0.4178E-04  0.2274E-04  0.1215E-04  0.6375E-05  0.3385E-05  0.1814E-05  0.5011E-06  0.4132E-06  0.3222E-06  0.1306E-06  0.3910E-05  0.2498E-07  0.6388E-07 -0.1485E-06  0.8420E-12
      4.8780      360.0000  0.0000E+00  0.1063E-13 -0.6934E-07  0.8805E-11  0.1178E-03 -0.1925E-05  0.1949E-03  0.1752E-03  0.1463E-03  0.1084E-03  0.7360E-04  0.4103E-04  0.2231E-04  0.1189E-04  0.6253E-05  0.3284E-05  0.1781E-05  0.1464E-05  0.6201E-06  0.2602E-06  0.1446E-06 -0.1933E-05  0.1671E-07 -0.1058E-06 -0.2759E-06 -0.4718E-12
      5.0136       10.0000  0.0000E+00  0.3744E-13 -0.6922E-07  0.8590E-11  0.1155E-03 -0.1744E-05  0.1916E-03  0.1721E-03  0.1436E-03  0.1064E-03  0.7225E-04  0.4030E-04  0.2194E-04  0.1173E-04  0.6155E-05  0.3265E-05  0.1748E-05 -0.3699E-06  0.3870E-06  0.2933E-06  0.9737E-07  0.6016E-06  0.3081E-07  0.6463E-07  0.4247E-06 -0.1397E-12
      5.1491       20.0000  0.0000E+00  0.5509E-13 -0.7609E-07  0.7698E-11  0.1132E-03 -0.1590E-05  0.1883E-03  0.1691E-03  0.1409E-03  0.1044E-03  0.7093E-04  0.3957E-04  0.2156E-04  0.1153E-04  0.6048E-05  0.3207E-05  0.1715E-05  0.4706E-06  0.3843E-06  0.3023E-06  0.1207E-06  0.3824E-05  0.2144E-07  0.6186E-07 -0.1486E-06  0.1069E-11
      5.2846       30.0000  0.0000E+00  0.5738E-13 -0.6404E-07  0.5057E-11  0.1110E-03 -0.1459E-05  0.1851E-03  0.1661E-03  0.1383E-03  0.1025E-03  0.6962E-04  0.3887E-04  0.2115E-04  0.1127E-04  0.5932E-05  0.3109E-05  0.1683E-05  0.1434E-05  0.5919E-06  0.2408E-06  0.1349E-06 -0.2016E-05  0.1335E-07 -0.1076E-06 -0.2759E-06  0.3290E-11
      5.4201       40.0000  0.0000E+00  0.4130E-13 -0.6416E-07 -0.1727E-11  0.1088E-03 -0.1347E-05  0.1819E-03  0.1631E-03  0.1357E-03  0.1006E-03  0.6835E-04  0.3817E-04  0.2080E-04  0.1113E-04  0.5839E-05  0.3093E-05  0.1652E-05 -0.3992E-06  0.3594E-06  0.2743E-06  0.8799E-07  0.5208E-06  0.2761E-07  0.6295E-07  0.4247E-06  0.7634E-11
      5.5556       50.0000  0.0000E+00  0.1050E-13 -0.7124E-07 -0.1391E-10  0.1066E-03 -0.1250E-05  0.1788E-03  0.1602E-03  0.1332E-03  0.9869E-04  0.6709E-04  0.3748E-04  0.2044E-04  0.1094E-04  0.5738E-05  0.3038E-05  0.1622E-05  0.4418E-06  0.3572E-06  0.2838E-06  0.1115E-06  0.3746E-05  0.1840E-07  0.6034E-07 -0.1486E-06  0.6511E-11
      5.6911       60.0000  0.0000E+00 -0.2475E-13 -0.5939E-07 -0.2451E-10  0.1045E-03 -0.1167E-05  0.1757E-03  0.1574E-03  0.1307E-03  0.9686E-04  0.6586E-04  0.3681E-04  0.2006E-04  0.1069E-04  0.5627E-05  0.2943E-05  0.1591E-05  0.1406E-05  0.5652E-06  0.2226E-06  0.1260E-06 -0.2092E-05  0.1038E-07 -0.1091E-06 -0.2761E-06 -0.1425E-09
      5.8266       70.0000  0.0000E+00 -0.5273E-13 -0.5968E-07 -0.2202E-10  0.1025E-03 -0.1096E-05  0.1727E-03  0.1546E-03  0.1283E-03  0.9506E-04  0.6465E-04  0.3615E-04  0.1973E-04  0.1056E-04  0.5540E-05  0.2930E-05  0.1562E-05 -0.4270E-06  0.3333E-06  0.2566E-06  0.7932E-07  0.4479E-06  0.2485E-07  0.6168E-07  0.4247E-06  0.5760E-10
      5.9621       80.0000  0.0000E+00 -0.6574E-13 -0.6692E-07 -0.9517E-11  0.1004E-03 -0.1034E-05  0.1697E-03  0.1519E-03  0.1259E-03  0.9330E-04  0.6346E-04  0.3550E-04  0.1938E-04  0.1038E-04  0.5443E-05  0.2878E-05  0.1533E-05  0.4146E-06  0.3317E-06  0.2665E-06  0.1031E-06  0.3675E-05  0.1577E-07  0.5918E-07 -0.1486E-06  0.4223E-10
      6.0976       90.0000  0.0000E+00 -0.6198E-13 -0.5521E-07  0.1318E-11  0.9845E-04 -0.9807E-06  0.1668E-03  0.1492E-03  0.1235E-03  0.9157E-04  0.6229E-04  0.3487E-04  0.1901E-04  0.1014E-04  0.5338E-05  0.2786E-05  0.1505E-05  0.1379E-05  0.5403E-06  0.2058E-06  0.1178E-06 -0.2160E-05  0.7959E-08 -0.1101E-06 -0.2760E-06  0.1812E-10
      6.2331      100.0000  0.0000E+00 -0.4428E-13 -0.5565E-07  0.6845E-11  0.9649E-04 -0.9342E-06  0.1639E-03  0.1466E-03  0.1212E-03  0.8987E-04  0.6115E-04  0.3424E-04  0.1870E-04  0.1002E-04  0.5255E-05  0.2776E-05  0.1477E-05 -0.4531E-06  0.3088E-06  0.2401E-06  0.7133E-07  0.3820E-06  0.2248E-07  0.6072E-07  0.4246E-06  0.5804E-11
      6.3686      110.0000  0.0000E+00 -0.1782E-13 -0.6302E-07  0.8875E-11  0.9458E-04 -0.8936E-06  0.1611E-03  0.1440E-03  0.1190E-03  0.8820E-04  0.6003E-04  0.3363E-04  0.1837E-04  0.9844E-05  0.5164E-05  0.2726E-05  0.1449E-05  0.3889E-06  0.3077E-06  0.2504E-06  0.9531E-07  0.3612E-05  0.1351E-07  0.5830E-07 -0.1486E-06  0.8362E-12
      6.5041      120.0000  0.0000E+00  0.1175E-13 -0.5144E-07  0.9324E-11  0.9270E-04 -0.8580E-06  0.1583E-03  0.1414E-03  0.1168E-03  0.8656E-04  0.5892E-04  0.3302E-04  0.1803E-04  0.9623E-05  0.5063E-05  0.2637E-05  0.1422E-05  0.1354E-05  0.5168E-06  0.1900E-06  0.1103E-06 -0.2222E-05  0.5810E-08 -0.1109E-06 -0.2760E-06 -0.4623E-12
      6.6396      130.0000  0.0000E+00  0.3855E-13 -0.5199E-07  0.9097E-11  0.9085E-04 -0.8266E-06  0.1556E-03  0.1389E-03  0.1146E-03  0.8496E-04  0.5784E-04  0.3243E-04  0.1773E-04  0.9505E-05  0.4986E-05  0.2630E-05  0.1396E-05 -0.4778E-06  0.2858E-06  0.2247E-06  0.6396E-07  0.3226E-06  0.2044E-07  0.5999E-07  0.4246E-06 -0.1366E-12
      6.7751      140.0000  0.0000E+00  0.5617E-13 -0.5947E-07  0.8193E-11  0.8905E-04 -0.7989E-06  0.1529E-03  0.1365E-03  0.1124E-03  0.8338E-04  0.5678E-04  0.3185E-04  0.1742E-04  0.9340E-05  0.4899E-05  0.2583E-05  0.1370E-05  0.3647E-06  0.2851E-06  0.2353E-06  0.8813E-07  0.3554E-05  0.1157E-07  0.5763E-07 -0.1486E-06  0.1076E-11
      6.9106      150.0000  0.0000E+00  0.5844E-13 -0.4799E-07  0.5538E-11  0.8728E-04 -0.7741E-06  0.1503E-03  0.1340E-03  0.1104E-03  0.8183E-04  0.5574E-04  0.3128E-04  0.1709E-04  0.9128E-05  0.4803E-05  0.2496E-05  0.1345E-05  0.1330E-05  0.4947E-06  0.1752E-06  0.1033E-06 -0.2277E-05  0.3966E-08 -0.1115E-06 -0.2760E-06  0.3298E-11
      7.0461      160.0000  0.0000E+00  0.4233E-13 -0.4864E-07 -0.1255E-11  0.8554E-04 -0.7520E-06  0.1477E-03  0.1317E-03  0.1083E-03  0.8032E-04  0.5472E-04  0.3072E-04  0.1681E-04  0.9019E-05  0.4730E-05  0.2491E-05  0.1320E-05 -0.5011E-06  0.2642E-06  0.2103E-06  0.5717E-07  0.2689E-06  0.1868E-07  0.5945E-07  0.4246E-06  0.7633E-11
      7.1816      170.0000  0.0000E+00  0.1152E-13 -0.5621E-07 -0.1345E-10  0.8383E-04 -0.7321E-06  0.1451E-03  0.1293E-03  0.1063E-03  0.7883E-04  0.5371E-04  0.3017E-04  0.1652E-04  0.8862E-05  0.4648E-05  0.2447E-05  0.1295E-05  0.3418E-06  0.2639E-06  0.2212E-06  0.8153E-07  0.3502E-05  0.9911E-08  0.5715E-07 -0.1486E-06  0.6522E-11
      7.3171      180.0000  0.0000E+00 -0.2375E-13 -0.4482E-07 -0.2407E-10  0.8217E-04 -0.7141E-06  0.1426E-03  0.1270E-03  0.1043E-03  0.7736E-04  0.5272E-04  0.2963E-04  0.1620E-04  0.8658E-05  0.4556E-05  0.2363E-05  0.1271E-05  0.1308E-05  0.4739E-06  0.1614E-06  0.9679E-07 -0.2327E-05  0.2310E-08 -0.1120E-06 -0.2761E-06 -0.1425E-09
      7.4526      190.0000  0.0000E+00 -0.5176E-13 -0.4554E-07 -0.2158E-10  0.8053E-04 -0.6976E-06  0.1401E-03  0.1248E-03  0.1024E-03  0.7593E-04  0.5176E-04  0.2909E-04  0.1594E-04  0.8557E-05  0.4487E-05  0.2360E-05  0.1248E-05 -0.5231E-06  0.2438E-06  0.1968E-06  0.5090E-07  0.2205E-06  0.1717E-07  0.5903E-07  0.4246E-06  0.5760E-10
      7.5881      200.0000  0.0000E+00 -0.6479E-13 -0.5319E-07 -0.9089E-11  0.7892E-04 -0.6825E-06  0.1377E-03  0.1226E-03  0.1005E-03  0.7452E-04  0.5081E-04  0.2857E-04  0.1566E-04  0.8409E-05  0.4409E-05  0.2318E-05  0.1225E-05  0.3203E-06  0.2440E-06  0.2081E-06  0.7542E-07  0.3455E-05  0.8469E-08  0.5676E-07 -0.1486E-06  0.4221E-10
      7.7236      210.0000  0.0000E+00 -0.6104E-13 -0.4187E-07  0.1738E-11  0.7736E-04 -0.6686E-06  0.1353E-03  0.1204E-03  0.9858E-04  0.7313E-04  0.4987E-04  0.2806E-04  0.1536E-04  0.8212E-05  0.4322E-05  0.2236E-05  0.1202E-05  0.1287E-05  0.4544E-06  0.1486E-06  0.9090E-07 -0.2372E-05  0.1010E-08 -0.1123E-06 -0.2760E-06  0.1813E-10
      7.8591      220.0000  0.0000E+00 -0.4336E-13 -0.4266E-07  0.7257E-11  0.7581E-04 -0.6557E-06  0.1330E-03  0.1183E-03  0.9674E-04  0.7178E-04  0.4896E-04  0.2756E-04  0.1511E-04  0.8119E-05  0.4257E-05  0.2236E-05  0.1180E-05 -0.5439E-06  0.2247E-06  0.1843E-06  0.4512E-07  0.1767E-06  0.1587E-07  0.5872E-07  0.4246E-06  0.5804E-11
      7.9946      230.0000  0.0000E+00 -0.1692E-13 -0.5038E-07  0.9276E-11  0.7430E-04 -0.6436E-06  0.1307E-03  0.1162E-03  0.9494E-04  0.7045E-04  0.4806E-04  0.2706E-04  0.1485E-04  0.7979E-05  0.4183E-05  0.2196E-05  0.1158E-05  0.2999E-06  0.2252E-06  0.1958E-06  0.6979E-07  0.3413E-05  0.7227E-08  0.5647E-07 -0.1486E-06  0.8362E-12
      8.1301      240.0000  0.0000E+00  0.1263E-13 -0.3912E-07  0.9718E-11  0.7282E-04 -0.6323E-06  0.1284E-03  0.1141E-03  0.9317E-04  0.6914E-04  0.4717E-04  0.2658E-04  0.1456E-04  0.7790E-05  0.4100E-05  0.2117E-05  0.1136E-05  0.1267E-05  0.4360E-06  0.1367E-06  0.8543E-07 -0.2413E-05 -0.1689E-09 -0.1125E-06 -0.2760E-06 -0.4587E-12
      8.2656      250.0000  0.0000E+00  0.3941E-13 -0.3998E-07  0.9481E-11  0.7136E-04 -0.6216E-06  0.1262E-03  0.1121E-03  0.9143E-04  0.6786E-04  0.4631E-04  0.2610E-04  0.1433E-04  0.7704E-05  0.4039E-05  0.2119E-05  0.1115E-05 -0.5634E-06  0.2067E-06  0.1726E-06  0.3979E-07  0.1373E-06  0.1475E-07  0.5848E-07  0.4246E-06 -0.1401E-12
      8.4011      260.0000  0.0000E+00  0.5702E-13 -0.4776E-07  0.8569E-11  0.6994E-04 -0.6115E-06  0.1240E-03  0.1101E-03  0.8973E-04  0.6660E-04  0.4546E-04  0.2563E-04  0.1408E-04  0.7570E-05  0.3968E-05  0.2081E-05  0.1095E-05  0.2807E-06  0.2076E-06  0.1843E-06  0.6460E-07  0.3375E-05  0.6163E-08  0.5626E-07 -0.1486E-06  0.1061E-11
      8.5366      270.0000  0.0000E+00  0.5927E-13 -0.3656E-07  0.5907E-11  0.6855E-04 -0.6019E-06  0.1219E-03  0.1081E-03  0.8806E-04  0.6536E-04  0.4462E-04  0.2517E-04  0.1381E-04  0.7389E-05  0.3889E-05  0.2003E-05  0.1074E-05  0.1248E-05  0.4188E-06  0.1255E-06  0.8038E-07 -0.2450E-05 -0.1179E-08 -0.1127E-06 -0.2760E-06  0.3294E-11
      8.6721      280.0000  0.0000E+00  0.4315E-13 -0.3748E-07 -0.8944E-12  0.6718E-04 -0.5927E-06  0.1198E-03  0.1062E-03  0.8642E-04  0.6415E-04  0.4380E-04  0.2472E-04  0.1359E-04  0.7310E-05  0.3832E-05  0.2007E-05  0.1054E-05 -0.5819E-06  0.1898E-06  0.1616E-06  0.3488E-07  0.1016E-06  0.1379E-07  0.5830E-07  0.4246E-06  0.7637E-11
      8.8076      290.0000  0.0000E+00  0.1231E-13 -0.4531E-07 -0.1310E-10  0.6584E-04 -0.5839E-06  0.1177E-03  0.1043E-03  0.8481E-04  0.6296E-04  0.4300E-04  0.2428E-04  0.1335E-04  0.7183E-05  0.3765E-05  0.1971E-05  0.1035E-05  0.2626E-06  0.1910E-06  0.1737E-06  0.5983E-07  0.3341E-05  0.5256E-08  0.5610E-07 -0.1486E-06  0.6516E-11
      8.9431      300.0000  0.0000E+00 -0.2298E-13 -0.3417E-07 -0.2372E-10  0.6453E-04 -0.5754E-06  0.1157E-03  0.1025E-03  0.8323E-04  0.6179E-04  0.4221E-04  0.2384E-04  0.1309E-04  0.7008E-05  0.3689E-05  0.1896E-05  0.1015E-05  0.1230E-05  0.4025E-06  0.1150E-06  0.7567E-07 -0.2483E-05 -0.2117E-08 -0.1129E-06 -0.2761E-06 -0.1425E-09
      9.0786      310.0000  0.0000E+00 -0.5100E-13 -0.3513E-07 -0.2124E-10  0.6324E-04 -0.5672E-06  0.1137E-03  0.1007E-03  0.8168E-04  0.6065E-04  0.4143E-04  0.2342E-04  0.1288E-04  0.6936E-05  0.3635E-05  0.1902E-05  0.9967E-06 -0.5994E-06  0.1739E-06  0.1514E-06  0.3034E-07  0.6946E-07  0.1296E-07  0.5816E-07  0.4246E-06  0.5761E-10
      9.2141      320.0000  0.0000E+00 -0.6405E-13 -0.4301E-07 -0.8758E-11  0.6198E-04 -0.5592E-06  0.1117E-03  0.9890E-04  0.8016E-04  0.5952E-04  0.4067E-04  0.2300E-04  0.1266E-04  0.6816E-05  0.3572E-05  0.1868E-05  0.9782E-06  0.2455E-06  0.1755E-06  0.1637E-06  0.5541E-07  0.3310E-05  0.4464E-08  0.5598E-07 -0.1486E-06  0.4222E-10
      9.3496      330.0000  0.0000E+00 -0.6031E-13 -0.3192E-07  0.2063E-11  0.6075E-04 -0.5514E-06  0.1098E-03  0.9714E-04  0.7866E-04  0.5841E-04  0.3992E-04  0.2258E-04  0.1241E-04  0.6647E-05  0.3499E-05  0.1794E-05  0.9601E-06  0.1213E-05  0.3873E-06  0.1053E-06  0.7142E-07 -0.2513E-05 -0.2800E-08 -0.1130E-06 -0.2760E-06  0.1813E-10
      9.4851      340.0000  0.0000E+00 -0.4265E-13 -0.3293E-07  0.7573E-11  0.5953E-04 -0.5439E-06  0.1079E-03  0.9542E-04  0.7720E-04  0.5733E-04  0.3919E-04  0.2218E-04  0.1221E-04  0.6581E-05  0.3449E-05  0.1802E-05  0.9423E-06 -0.6158E-06  0.1589E-06  0.1419E-06  0.2616E-07  0.4042E-07  0.1224E-07  0.5806E-07  0.4246E-06  0.5807E-11
      9.6206      350.0000  0.0000E+00 -0.1622E-13 -0.4085E-07  0.9587E-11  0.5834E-04 -0.5366E-06  0.1060E-03  0.9373E-04  0.7576E-04  0.5627E-04  0.3847E-04  0.2178E-04  0.1200E-04  0.6467E-05  0.3389E-05  0.1770E-05  0.9248E-06  0.2293E-06  0.1608E-06  0.1544E-06  0.5133E-07  0.3281E-05  0.3780E-08  0.5588E-07 -0.1486E-06  0.8384E-12
      9.7561      360.0000  0.0000E+00  0.1332E-13 -0.2981E-07  0.1002E-10  0.5718E-04 -0.5294E-06  0.1042E-03  0.9207E-04  0.7435E-04  0.5522E-04  0.3776E-04  0.2139E-04  0.1177E-04  0.6304E-05  0.3319E-05  0.1698E-05  0.9077E-06  0.1198E-05  0.3729E-06  0.9617E-07  0.6746E-07 -0.2541E-05 -0.3448E-08 -0.1131E-06 -0.2760E-06 -0.4705E-12
      9.8916       10.0000  0.0000E+00  0.4009E-13 -0.3086E-07  0.9780E-11  0.5604E-04 -0.5224E-06  0.1024E-03  0.9044E-04  0.7296E-04  0.5420E-04  0.3707E-04  0.2101E-04  0.1158E-04  0.6245E-05  0.3272E-05  0.1707E-05  0.8908E-06 -0.6313E-06  0.1448E-06  0.1330E-06  0.2230E-07  0.1421E-07  0.1163E-07  0.5798E-07  0.4246E-06 -0.1319E-12
     10.0271       20.0000  0.0000E+00  0.5768E-13 -0.3883E-07  0.8861E-11  0.5492E-04 -0.5155E-06  0.1006E-03  0.8883E-04  0.7160E-04  0.5320E-04  0.3639E-04  0.2063E-04  0.1138E-04  0.6136E-05  0.3215E-05  0.1677E-05  0.8743E-06  0.2141E-06  0.1470E-06  0.1457E-06  0.4758E-07  0.3256E-05  0.3197E-08  0.5581E-07 -0.1486E-06  0.1064E-11
     10.1626       30.0000  0.0000E+00  0.5992E-13 -0.2782E-07  0.6194E-11  0.5383E-04 -0.5088E-06  0.9888E-04  0.8726E-04  0.7027E-04  0.5220E-04  0.3572E-04  0.2026E-04  0.1115E-04  0.5979E-05  0.3148E-05  0.1606E-05  0.8581E-06  0.1183E-05  0.3594E-06  0.8767E-07  0.6381E-07 -0.2565E-05 -0.4001E-08 -0.1131E-06 -0.2760E-06  0.3292E-11
     10.2981       40.0000  0.0000E+00  0.4378E-13 -0.2892E-07 -0.6151E-12  0.5275E-04 -0.5022E-06  0.9717E-04  0.8571E-04  0.6896E-04  0.5124E-04  0.3507E-04  0.1990E-04  0.1098E-04  0.5925E-05  0.3104E-05  0.1618E-05  0.8422E-06 -0.6460E-06  0.1316E-06  0.1247E-06  0.1875E-07 -0.9445E-08  0.1111E-07  0.5793E-07  0.4246E-06  0.7631E-11
     10.4336       50.0000  0.0000E+00  0.1293E-13 -0.3693E-07 -0.1283E-10  0.5170E-04 -0.4957E-06  0.9549E-04  0.8419E-04  0.6767E-04  0.5029E-04  0.3442E-04  0.1954E-04  0.1079E-04  0.5823E-05  0.3050E-05  0.1589E-05  0.8266E-06  0.1998E-06  0.1341E-06  0.1376E-06  0.4413E-07  0.3233E-05  0.2704E-08  0.5576E-07 -0.1486E-06  0.6520E-11
     10.5691       60.0000  0.0000E+00 -0.2237E-13 -0.2597E-07 -0.2345E-10  0.5067E-04 -0.4894E-06  0.9384E-04  0.8270E-04  0.6641E-04  0.4935E-04  0.3379E-04  0.1919E-04  0.1057E-04  0.5671E-05  0.2986E-05  0.1520E-05  0.8112E-06  0.1168E-05  0.3466E-06  0.7969E-07  0.6038E-07 -0.2587E-05 -0.4545E-08 -0.1133E-06 -0.2761E-06 -0.1425E-09
     10.7046       70.0000  0.0000E+00 -0.5040E-13 -0.2710E-07 -0.2098E-10  0.4966E-04 -0.4831E-06  0.9221E-04  0.8123E-04  0.6517E-04  0.4844E-04  0.3317E-04  0.1885E-04  0.1041E-04  0.5622E-05  0.2945E-05  0.1533E-05  0.7962E-06 -0.6598E-06  0.1192E-06  0.1169E-06  0.1546E-07 -0.3081E-07  0.1065E-07  0.5788E-07  0.4246E-06  0.5761E-10
     10.8401       80.0000  0.0000E+00 -0.6347E-13 -0.3514E-07 -0.8501E-11  0.4866E-04 -0.4768E-06  0.9062E-04  0.7979E-04  0.6396E-04  0.4754E-04  0.3256E-04  0.1851E-04  0.1023E-04  0.5525E-05  0.2894E-05  0.1506E-05  0.7814E-06  0.1862E-06  0.1219E-06  0.1300E-06  0.4093E-07  0.3213E-05  0.2267E-08  0.5572E-07 -0.1486E-06  0.4222E-10
     10.9756       90.0000  0.0000E+00 -0.5974E-13 -0.2421E-07  0.2315E-11  0.4770E-04 -0.4707E-06  0.8905E-04  0.7838E-04  0.6277E-04  0.4666E-04  0.3196E-04  0.1818E-04  0.1003E-04  0.5379E-05  0.2832E-05  0.1438E-05  0.7669E-06  0.1155E-05  0.3348E-06  0.7233E-07  0.5733E-07 -0.2607E-05 -0.4889E-08 -0.1132E-06 -0.2760E-06  0.1812E-10
     11.1111      100.0000  0.0000E+00 -0.4209E-13 -0.2537E-07  0.7821E-11  0.4674E-04 -0.4647E-06  0.8751E-04  0.7699E-04  0.6160E-04  0.4579E-04  0.3138E-04  0.1785E-04  0.9871E-05  0.5335E-05  0.2794E-05  0.1452E-05  0.7527E-06 -0.6728E-06  0.1075E-06  0.1097E-06  0.1244E-07 -0.5009E-07  0.1026E-07  0.5785E-07  0.4246E-06  0.5808E-11
     11.2466      110.0000  0.0000E+00 -0.1567E-13 -0.3346E-07  0.9829E-11  0.4581E-04 -0.4588E-06  0.8600E-04  0.7562E-04  0.6045E-04  0.4495E-04  0.3080E-04  0.1753E-04  0.9698E-05  0.5243E-05  0.2745E-05  0.1427E-05  0.7388E-06  0.1734E-06  0.1104E-06  0.1229E-06  0.3798E-07  0.3194E-05  0.1890E-08  0.5568E-07 -0.1486E-06  0.8347E-12
     11.3821      120.0000  0.0000E+00  0.1385E-13 -0.2256E-07  0.1026E-10  0.4490E-04 -0.4530E-06  0.8451E-04  0.7428E-04  0.5933E-04  0.4411E-04  0.3023E-04  0.1721E-04  0.9504E-05  0.5101E-05  0.2687E-05  0.1361E-05  0.7251E-06  0.1143E-05  0.3235E-06  0.6542E-07  0.5446E-07 -0.2625E-05 -0.5245E-08 -0.1132E-06 -0.2760E-06 -0.4767E-12
     11.5176      130.0000  0.0000E+00  0.4060E-13 -0.2376E-07  0.1001E-10  0.4400E-04 -0.4473E-06  0.8305E-04  0.7297E-04  0.5822E-04  0.4329E-04  0.2968E-04  0.1691E-04  0.9360E-05  0.5062E-05  0.2650E-05  0.1376E-05  0.7116E-06 -0.6852E-06  0.9647E-07  0.1030E-06  0.9649E-08 -0.6749E-07  0.9920E-08  0.5782E-07  0.4246E-06 -0.1241E-12
     11.6531      140.0000  0.0000E+00  0.5818E-13 -0.3187E-07  0.9088E-11  0.4312E-04 -0.4416E-06  0.8162E-04  0.7167E-04  0.5714E-04  0.4249E-04  0.2914E-04  0.1660E-04  0.9195E-05  0.4975E-05  0.2604E-05  0.1352E-05  0.6984E-06  0.1613E-06  0.9964E-07  0.1163E-06  0.3526E-07  0.3177E-05  0.1570E-08  0.5566E-07 -0.1486E-06  0.1068E-11
     11.7886      150.0000  0.0000E+00  0.6043E-13 -0.2101E-07  0.6415E-11  0.4227E-04 -0.4360E-06  0.8021E-04  0.7040E-04  0.5607E-04  0.4170E-04  0.2860E-04  0.1631E-04  0.9010E-05  0.4838E-05  0.2548E-05  0.1287E-05  0.6855E-06  0.1131E-05  0.3130E-06  0.5897E-07  0.5182E-07 -0.2641E-05 -0.5548E-08 -0.1133E-06 -0.2760E-06  0.3288E-11
     11.9241      160.0000  0.0000E+00  0.4427E-13 -0.2224E-07 -0.3970E-12  0.4142E-04 -0.4305E-06  0.7882E-04  0.6915E-04  0.5503E-04  0.4093E-04  0.2807E-04  0.1601E-04  0.8874E-05  0.4804E-05  0.2515E-05  0.1304E-05  0.6728E-06 -0.6968E-06  0.8614E-07  0.9665E-07  0.7080E-08 -0.8320E-07  0.9635E-08  0.5781E-07  0.4246E-06  0.7630E-11
     12.0596      170.0000  0.0000E+00  0.1341E-13 -0.3039E-07 -0.1261E-10  0.4059E-04 -0.4251E-06  0.7746E-04  0.6793E-04  0.5400E-04  0.4017E-04  0.2756E-04  0.1573E-04  0.8718E-05  0.4720E-05  0.2471E-05  0.1281E-05  0.6603E-06  0.1499E-06  0.8952E-07  0.1101E-06  0.3277E-07  0.3162E-05  0.1304E-08  0.5565E-07 -0.1486E-06  0.6528E-11
     12.1951      180.0000  0.0000E+00 -0.2190E-13 -0.1955E-07 -0.2324E-10  0.3979E-04 -0.4198E-06  0.7612E-04  0.6672E-04  0.5299E-04  0.3942E-04  0.2705E-04  0.1544E-04  0.8542E-05  0.4588E-05  0.2417E-05  0.1218E-05  0.6480E-06  0.1120E-05  0.3030E-06  0.5289E-07  0.4933E-07 -0.2656E-05 -0.5877E-08 -0.1134E-06 -0.2761E-06 -0.1425E-09
     12.3306      190.0000  0.0000E+00 -0.4995E-13 -0.2081E-07 -0.2077E-10  0.3899E-04 -0.4145E-06  0.7480E-04  0.6554E-04  0.5201E-04  0.3869E-04  0.2656E-04  0.1517E-04  0.8414E-05  0.4558E-05  0.2386E-05  0.1236E-05  0.6360E-06 -0.7077E-06  0.7640E-07  0.9075E-07  0.4699E-08 -0.9739E-07  0.9380E-08  0.5779E-07  0.4246E-06  0.5759E-10
     12.4661      200.0000  0.0000E+00 -0.6300E-13 -0.2898E-07 -0.8301E-11  0.3821E-04 -0.4092E-06  0.7351E-04  0.6438E-04  0.5104E-04  0.3797E-04  0.2607E-04  0.1489E-04  0.8266E-05  0.4479E-05  0.2344E-05  0.1214E-05  0.6242E-06  0.1392E-06  0.7999E-07  0.1044E-06  0.3045E-07  0.3148E-05  0.1062E-08  0.5564E-07 -0.1486E-06  0.4222E-10
     12.6016      210.0000  0.0000E+00 -0.5930E-13 -0.1817E-07  0.2510E-11  0.3745E-04 -0.4040E-06  0.7224E-04  0.6324E-04  0.5009E-04  0.3726E-04  0.2559E-04  0.1463E-04  0.8098E-05  0.4351E-05  0.2293E-05  0.1152E-05  0.6127E-06  0.1109E-05  0.2937E-06  0.4732E-07  0.4713E-07 -0.2669E-05 -0.6035E-08 -0.1133E-06 -0.2760E-06  0.1814E-10
     12.7371      220.0000  0.0000E+00 -0.4166E-13 -0.1946E-07  0.8014E-11  0.3670E-04 -0.3989E-06  0.7099E-04  0.6212E-04  0.4915E-04  0.3658E-04  0.2512E-04  0.1437E-04  0.7978E-05  0.4325E-05  0.2263E-05  0.1171E-05  0.6013E-06 -0.7181E-06  0.6727E-07  0.8526E-07  0.2514E-08 -0.1102E-06  0.9167E-08  0.5778E-07  0.4246E-06  0.5801E-11
     12.8726      230.0000  0.0000E+00 -0.1525E-13 -0.2766E-07  0.1002E-10  0.3597E-04 -0.3939E-06  0.6976E-04  0.6102E-04  0.4824E-04  0.3590E-04  0.2466E-04  0.1411E-04  0.7838E-05  0.4250E-05  0.2224E-05  0.1151E-05  0.5901E-06  0.1290E-06  0.7103E-07  0.9901E-07  0.2832E-07  0.3136E-05  0.8533E-09  0.5562E-07 -0.1486E-06  0.8420E-12
     13.0081      240.0000  0.0000E+00  0.1427E-13 -0.1687E-07  0.1044E-10  0.3526E-04 -0.3889E-06  0.6855E-04  0.5993E-04  0.4734E-04  0.3523E-04  0.2420E-04  0.1385E-04  0.7677E-05  0.4126E-05  0.2175E-05  0.1090E-05  0.5792E-06  0.1099E-05  0.2849E-06  0.4206E-07  0.4505E-07 -0.2681E-05 -0.6231E-08 -0.1133E-06 -0.2760E-06 -0.4752E-12
     13.1436      250.0000  0.0000E+00  0.4101E-13 -0.1819E-07  0.1019E-10  0.3455E-04 -0.3840E-06  0.6737E-04  0.5887E-04  0.4646E-04  0.3458E-04  0.2376E-04  0.1361E-04  0.7565E-05  0.4104E-05  0.2147E-05  0.1110E-05  0.5685E-06 -0.7278E-06  0.5867E-07  0.8013E-07  0.4942E-09 -0.1217E-06  0.8982E-08  0.5777E-07  0.4246E-06 -0.1354E-12
     13.2791      260.0000  0.0000E+00  0.5859E-13 -0.2641E-07  0.9264E-11  0.3386E-04 -0.3792E-06  0.6620E-04  0.5783E-04  0.4559E-04  0.3394E-04  0.2332E-04  0.1336E-04  0.7432E-05  0.4033E-05  0.2110E-05  0.1090E-05  0.5579E-06  0.1194E-06  0.6261E-07  0.9399E-07  0.2635E-07  0.3125E-05  0.6782E-09  0.5561E-07 -0.1486E-06  0.1067E-11
     13.4146      270.0000  0.0000E+00  0.6081E-13 -0.1565E-07  0.6588E-11  0.3319E-04 -0.3744E-06  0.6506E-04  0.5680E-04  0.4474E-04  0.3330E-04  0.2289E-04  0.1312E-04  0.7278E-05  0.3913E-05  0.2063E-05  0.1030E-05  0.5476E-06  0.1090E-05  0.2767E-06  0.3717E-07  0.4314E-07 -0.2692E-05 -0.6396E-08 -0.1133E-06 -0.2760E-06  0.3300E-11
     13.5501      280.0000  0.0000E+00  0.4465E-13 -0.1700E-07 -0.2272E-12  0.3252E-04 -0.3697E-06  0.6394E-04  0.5580E-04  0.4391E-04  0.3269E-04  0.2248E-04  0.1289E-04  0.7172E-05  0.3895E-05  0.2037E-05  0.1052E-05  0.5374E-06 -0.7371E-06  0.5059E-07  0.7534E-07 -0.1363E-08 -0.1322E-06  0.8828E-08  0.5777E-07  0.4246E-06  0.7634E-11
     13.6856      290.0000  0.0000E+00  0.1378E-13 -0.2525E-07 -0.1245E-10  0.3187E-04 -0.3651E-06  0.6283E-04  0.5481E-04  0.4309E-04  0.3208E-04  0.2206E-04  0.1266E-04  0.7046E-05  0.3827E-05  0.2002E-05  0.1033E-05  0.5275E-06  0.1104E-06  0.5470E-07  0.8932E-07  0.2455E-07  0.3115E-05  0.5363E-09  0.5562E-07 -0.1486E-06  0.6521E-11
     13.8211      300.0000  0.0000E+00 -0.2153E-13 -0.1451E-07 -0.2308E-10  0.3124E-04 -0.3605E-06  0.6174E-04  0.5384E-04  0.4229E-04  0.3148E-04  0.2165E-04  0.1243E-04  0.6899E-05  0.3711E-05  0.1956E-05  0.9745E-06  0.5176E-06  0.1081E-05  0.2689E-06  0.3254E-07  0.4133E-07 -0.2702E-05 -0.6607E-08 -0.1134E-06 -0.2761E-06 -0.1425E-09
     13.9566      310.0000  0.0000E+00 -0.4959E-13 -0.1587E-07 -0.2061E-10  0.3061E-04 -0.3560E-06  0.6068E-04  0.5288E-04  0.4150E-04  0.3090E-04  0.2126E-04  0.1221E-04  0.6801E-05  0.3696E-05  0.1933E-05  0.9970E-06  0.5081E-06 -0.7458E-06  0.4298E-07  0.7086E-07 -0.3088E-08 -0.1416E-06  0.8686E-08  0.5776E-07  0.4246E-06  0.5760E-10
     14.0921      320.0000  0.0000E+00 -0.6265E-13 -0.2414E-07 -0.8143E-11  0.3000E-04 -0.3515E-06  0.5963E-04  0.5194E-04  0.4073E-04  0.3033E-04  0.2087E-04  0.1199E-04  0.6681E-05  0.3632E-05  0.1899E-05  0.9795E-06  0.4986E-06  0.1019E-06  0.4724E-07  0.8495E-07  0.2287E-07  0.3106E-05  0.4020E-09  0.5561E-07 -0.1486E-06  0.4222E-10
     14.2276      330.0000  0.0000E+00 -0.5895E-13 -0.1342E-07  0.2664E-11  0.2941E-04 -0.3470E-06  0.5860E-04  0.5102E-04  0.3997E-04  0.2976E-04  0.2048E-04  0.1177E-04  0.6541E-05  0.3519E-05  0.1856E-05  0.9216E-06  0.4894E-06  0.1072E-05  0.2616E-06  0.2832E-07  0.3975E-07 -0.2711E-05 -0.6663E-08 -0.1133E-06 -0.2760E-06  0.1813E-10
     14.3631      340.0000  0.0000E+00 -0.4132E-13 -0.1481E-07  0.8163E-11  0.2882E-04 -0.3427E-06  0.5758E-04  0.5012E-04  0.3922E-04  0.2922E-04  0.2011E-04  0.1156E-04  0.6448E-05  0.3507E-05  0.1834E-05  0.9450E-06  0.4803E-06 -0.7540E-06  0.3584E-07  0.6669E-07 -0.4668E-08 -0.1501E-06  0.8570E-08  0.5776E-07  0.4246E-06  0.5807E-11
     14.4986      350.0000  0.0000E+00 -0.1492E-13 -0.2310E-07  0.1017E-10  0.2824E-04 -0.3384E-06  0.5659E-04  0.4923E-04  0.3849E-04  0.2867E-04  0.1974E-04  0.1135E-04  0.6335E-05  0.3447E-05  0.1802E-05  0.9284E-06  0.4714E-06  0.9383E-07  0.4024E-07  0.8086E-07  0.2133E-07  0.3097E-05  0.2849E-09  0.5560E-07 -0.1486E-06  0.8327E-12
     14.6341      360.0000  0.0000E+00  0.1460E-13 -0.1241E-07  0.1059E-10  0.2769E-04 -0.3341E-06  0.5561E-04  0.4836E-04  0.3778E-04  0.2814E-04  0.1938E-04  0.1115E-04  0.6201E-05  0.3337E-05  0.1760E-05  0.8714E-06  0.4627E-06  0.1065E-05  0.2548E-06  0.2433E-07  0.3825E-07 -0.2719E-05 -0.6772E-08 -0.1133E-06 -0.2760E-06 -0.4674E-12
     14.7696       10.0000  0.0000E+00  0.4133E-13 -0.1381E-07  0.1033E-10  0.2713E-04 -0.3299E-06  0.5465E-04  0.4750E-04  0.3707E-04  0.2762E-04  0.1902E-04  0.1095E-04  0.6114E-05  0.3328E-05  0.1740E-05  0.8957E-06  0.4541E-06 -0.7617E-06  0.2912E-07  0.6280E-07 -0.6130E-08 -0.1578E-06  0.8468E-08  0.5775E-07  0.4246E-06 -0.1430E-12
     14.9051       20.0000  0.0000E+00  0.5890E-13 -0.2212E-07  0.9404E-11  0.2659E-04 -0.3258E-06  0.5370E-04  0.4666E-04  0.3638E-04  0.2711E-04  0.1867E-04  0.1075E-04  0.6007E-05  0.3271E-05  0.1710E-05  0.8800E-06  0.4457E-06  0.8623E-07  0.3366E-07  0.7706E-07  0.1990E-07  0.3090E-05  0.1891E-09  0.5560E-07 -0.1486E-06  0.1071E-11
     15.0407       30.0000  0.0000E+00  0.6111E-13 -0.1145E-07  0.6724E-11  0.2606E-04 -0.3217E-06  0.5277E-04  0.4583E-04  0.3570E-04  0.2660E-04  0.1833E-04  0.1056E-04  0.5878E-05  0.3164E-05  0.1669E-05  0.8239E-06  0.4374E-06  0.1057E-05  0.2483E-06  0.2061E-07  0.3687E-07 -0.2726E-05 -0.6862E-08 -0.1133E-06 -0.2760E-06  0.3296E-11
     15.1762       40.0000  0.0000E+00  0.4496E-13 -0.1287E-07 -0.9348E-13  0.2554E-04 -0.3176E-06  0.5186E-04  0.4502E-04  0.3504E-04  0.2611E-04  0.1799E-04  0.1037E-04  0.5797E-05  0.3159E-05  0.1651E-05  0.8491E-06  0.4293E-06 -0.7690E-06  0.2280E-07  0.5916E-07 -0.7473E-08 -0.1647E-06  0.8386E-08  0.5776E-07  0.4246E-06  0.7627E-11
     15.3117       50.0000  0.0000E+00  0.1409E-13 -0.2121E-07 -0.1232E-10  0.2503E-04 -0.3137E-06  0.5097E-04  0.4422E-04  0.3438E-04  0.2563E-04  0.1766E-04  0.1019E-04  0.5695E-05  0.3104E-05  0.1622E-05  0.8341E-06  0.4213E-06  0.7908E-07  0.2747E-07  0.7351E-07  0.1860E-07  0.3083E-05  0.1154E-09  0.5561E-07 -0.1486E-06  0.6519E-11
     15.4472       60.0000  0.0000E+00 -0.2124E-13 -0.1055E-07 -0.2295E-10  0.2453E-04 -0.3098E-06  0.5008E-04  0.4344E-04  0.3374E-04  0.2515E-04  0.1734E-04  0.1000E-04  0.5572E-05  0.3000E-05  0.1583E-05  0.7788E-06  0.4135E-06  0.1050E-05  0.2422E-06  0.1708E-07  0.3554E-07 -0.2732E-05 -0.7007E-08 -0.1134E-06 -0.2761E-06 -0.1425E-09
     15.5827       70.0000  0.0000E+00 -0.4930E-13 -0.1199E-07 -0.2049E-10  0.2404E-04 -0.3059E-06  0.4922E-04  0.4267E-04  0.3312E-04  0.2469E-04  0.1702E-04  0.9824E-05  0.5497E-05  0.2997E-05  0.1566E-05  0.8049E-06  0.4058E-06 -0.7759E-06  0.1685E-07  0.5576E-07 -0.8723E-08 -0.1709E-06  0.8305E-08  0.5775E-07  0.4246E-06  0.5760E-10
     15.7182       80.0000  0.0000E+00 -0.6238E-13 -0.2034E-07 -0.8022E-11  0.2356E-04 -0.3020E-06  0.4837E-04  0.4191E-04  0.3250E-04  0.2423E-04  0.1671E-04  0.9647E-05  0.5400E-05  0.2946E-05  0.1539E-05  0.7907E-06  0.3983E-06  0.7231E-07  0.2165E-07  0.7018E-07  0.1739E-07  0.3077E-05  0.3979E-10  0.5560E-07 -0.1486E-06  0.4222E-10
     15.8537       90.0000  0.0000E+00 -0.5868E-13 -0.9696E-08  0.2784E-11  0.2309E-04 -0.2981E-06  0.4753E-04  0.4117E-04  0.3189E-04  0.2377E-04  0.1640E-04  0.9474E-05  0.5282E-05  0.2844E-05  0.1501E-05  0.7362E-06  0.3909E-06  0.1043E-05  0.2366E-06  0.1389E-07  0.3441E-07 -0.2738E-05 -0.7008E-08 -0.1133E-06 -0.2760E-06  0.1814E-10
     15.9892      100.0000  0.0000E+00 -0.4106E-13 -0.1115E-07  0.8280E-11  0.2263E-04 -0.2944E-06  0.4671E-04  0.4044E-04  0.3130E-04  0.2334E-04  0.1610E-04  0.9305E-05  0.5212E-05  0.2845E-05  0.1486E-05  0.7630E-06  0.3837E-06 -0.7824E-06  0.1127E-07  0.5259E-07 -0.9865E-08 -0.1766E-06  0.8242E-08  0.5775E-07  0.4246E-06  0.5797E-11
     16.1247      110.0000  0.0000E+00 -0.1466E-13 -0.1952E-07  0.1028E-10  0.2218E-04 -0.2907E-06  0.4590E-04  0.3972E-04  0.3072E-04  0.2290E-04  0.1580E-04  0.9138E-05  0.5120E-05  0.2796E-05  0.1460E-05  0.7496E-06  0.3766E-06  0.6592E-07  0.1617E-07  0.6708E-07  0.1627E-07  0.3072E-05 -0.2673E-10  0.5559E-07 -0.1486E-06  0.8356E-12
     16.2602      120.0000  0.0000E+00  0.1485E-13 -0.8894E-08  0.1070E-10  0.2174E-04 -0.2870E-06  0.4511E-04  0.3902E-04  0.3014E-04  0.2247E-04  0.1551E-04  0.8974E-05  0.5007E-05  0.2697E-05  0.1424E-05  0.6958E-06  0.3696E-06  0.1037E-05  0.2312E-06  0.1086E-07  0.3332E-07 -0.2743E-05 -0.7068E-08 -0.1133E-06 -0.2760E-06 -0.4572E-12
     16.3957      130.0000  0.0000E+00  0.4158E-13 -0.1037E-07  0.1044E-10  0.2130E-04 -0.2834E-06  0.4433E-04  0.3833E-04  0.2958E-04  0.2206E-04  0.1523E-04  0.8813E-05  0.4942E-05  0.2700E-05  0.1410E-05  0.7234E-06  0.3627E-06 -0.7885E-06  0.6019E-08  0.4963E-07 -0.1092E-07 -0.1817E-06  0.8186E-08  0.5775E-07  0.4246E-06 -0.1357E-12
     16.5312      140.0000  0.0000E+00  0.5914E-13 -0.1875E-07  0.9511E-11  0.2087E-04 -0.2799E-06  0.4356E-04  0.3765E-04  0.2903E-04  0.2165E-04  0.1495E-04  0.8655E-05  0.4855E-05  0.2653E-05  0.1385E-05  0.7107E-06  0.3560E-06  0.5990E-07  0.1103E-07  0.6419E-07  0.1524E-07  0.3067E-05 -0.7910E-10  0.5559E-07 -0.1486E-06  0.1061E-11
     16.6667      150.0000  0.0000E+00  0.6136E-13 -0.8142E-08  0.6830E-11  0.2046E-04 -0.2763E-06  0.4281E-04  0.3698E-04  0.2849E-04  0.2125E-04  0.1467E-04  0.8500E-05  0.4747E-05  0.2557E-05  0.1351E-05  0.6576E-06  0.3494E-06  0.1031E-05  0.2262E-06  0.8037E-08  0.3232E-07 -0.2748E-05 -0.7117E-08 -0.1133E-06 -0.2760E-06  0.3288E-11
     16.8022      160.0000  0.0000E+00  0.4519E-13 -0.9632E-08  0.9326E-14  0.2005E-04 -0.2729E-06  0.4207E-04  0.3632E-04  0.2796E-04  0.2086E-04  0.1441E-04  0.8347E-05  0.4686E-05  0.2562E-05  0.1338E-05  0.6858E-06  0.3429E-06 -0.7943E-06  0.1083E-08  0.4687E-07 -0.1189E-07 -0.1863E-06  0.8143E-08  0.5775E-07  0.4246E-06  0.7630E-11
     16.9377      170.0000  0.0000E+00  0.1431E-13 -0.1803E-07 -0.1221E-10  0.1965E-04 -0.2695E-06  0.4134E-04  0.3568E-04  0.2744E-04  0.2047E-04  0.1414E-04  0.8197E-05  0.4604E-05  0.2518E-05  0.1314E-05  0.6738E-06  0.3366E-06  0.5423E-07  0.6193E-08  0.6150E-07  0.1430E-07  0.3062E-05 -0.1154E-09  0.5560E-07 -0.1486E-06  0.6524E-11
     17.0732      180.0000  0.0000E+00 -0.2102E-13 -0.7437E-08 -0.2285E-10  0.1926E-04 -0.2661E-06  0.4063E-04  0.3505E-04  0.2693E-04  0.2009E-04  0.1388E-04  0.8050E-05  0.4500E-05  0.2424E-05  0.1281E-05  0.6213E-06  0.3303E-06  0.1026E-05  0.2214E-06  0.5348E-08  0.3135E-07 -0.2752E-05 -0.7226E-08 -0.1134E-06 -0.2761E-06 -0.1425E-09
     17.2087      190.0000  0.0000E+00 -0.4909E-13 -0.8938E-08 -0.2039E-10  0.1887E-04 -0.2628E-06  0.3993E-04  0.3443E-04  0.2643E-04  0.1972E-04  0.1363E-04  0.7906E-05  0.4443E-05  0.2432E-05  0.1269E-05  0.6502E-06  0.3242E-06 -0.7998E-06 -0.3572E-08  0.4429E-07 -0.1280E-07 -0.1904E-06  0.8096E-08  0.5775E-07  0.4246E-06  0.5761E-10
     17.3442      200.0000  0.0000E+00 -0.6216E-13 -0.1734E-07 -0.7926E-11  0.1850E-04 -0.2594E-06  0.3923E-04  0.3382E-04  0.2593E-04  0.1935E-04  0.1338E-04  0.7764E-05  0.4365E-05  0.2390E-05  0.1247E-05  0.6389E-06  0.3182E-06  0.4886E-07  0.1638E-08  0.5897E-07  0.1342E-07  0.3058E-05 -0.1588E-09  0.5560E-07 -0.1486E-06  0.4222E-10
     17.4797      210.0000  0.0000E+00 -0.5847E-13 -0.6763E-08  0.2877E-11  0.1813E-04 -0.2561E-06  0.3856E-04  0.3322E-04  0.2545E-04  0.1899E-04  0.1313E-04  0.7625E-05  0.4265E-05  0.2298E-05  0.1215E-05  0.5871E-06  0.3123E-06  0.1020E-05  0.2170E-06  0.2935E-08  0.3055E-07 -0.2756E-05 -0.7196E-08 -0.1133E-06 -0.2760E-06  0.1814E-10
     17.6152      220.0000  0.0000E+00 -0.4085E-13 -0.8277E-08  0.8372E-11  0.1777E-04 -0.2529E-06  0.3789E-04  0.3263E-04  0.2498E-04  0.1864E-04  0.1289E-04  0.7488E-05  0.4213E-05  0.2308E-05  0.1204E-05  0.6166E-06  0.3065E-06 -0.8050E-06 -0.7933E-08  0.4188E-07 -0.1362E-07 -0.1942E-06  0.8062E-08  0.5775E-07  0.4246E-06  0.5802E-11
     17.7507      230.0000  0.0000E+00 -0.1445E-13 -0.1670E-07  0.1037E-10  0.1741E-04 -0.2497E-06  0.3724E-04  0.3205E-04  0.2451E-04  0.1829E-04  0.1265E-04  0.7354E-05  0.4139E-05  0.2268E-05  0.1183E-05  0.6058E-06  0.3008E-06  0.4380E-07 -0.2644E-08  0.5662E-07  0.1261E-07  0.3055E-05 -0.1976E-09  0.5559E-07 -0.1486E-06  0.8384E-12
     17.8862      240.0000  0.0000E+00  0.1504E-13 -0.6132E-08  0.1079E-10  0.1707E-04 -0.2466E-06  0.3659E-04  0.3148E-04  0.2405E-04  0.1795E-04  0.1242E-04  0.7222E-05  0.4043E-05  0.2178E-05  0.1152E-05  0.5546E-06  0.2952E-06  0.1016E-05  0.2128E-06  0.6341E-09  0.2976E-07 -0.2760E-05 -0.7231E-08 -0.1133E-06 -0.2760E-06 -0.4714E-12
     18.0217      250.0000  0.0000E+00  0.4177E-13 -0.7660E-08  0.1053E-10  0.1673E-04 -0.2435E-06  0.3596E-04  0.3092E-04  0.2361E-04  0.1762E-04  0.1219E-04  0.7093E-05  0.3995E-05  0.2190E-05  0.1143E-05  0.5846E-06  0.2898E-06 -0.8098E-06 -0.1204E-07  0.3964E-07 -0.1439E-07 -0.1976E-06  0.8031E-08  0.5775E-07  0.4246E-06 -0.1401E-12
     18.1572      260.0000  0.0000E+00  0.5933E-13 -0.1610E-07  0.9595E-11  0.1639E-04 -0.2404E-06  0.3534E-04  0.3037E-04  0.2317E-04  0.1730E-04  0.1197E-04  0.6965E-05  0.3925E-05  0.2153E-05  0.1123E-05  0.5745E-06  0.2844E-06  0.3902E-07 -0.6666E-08  0.5442E-07  0.1186E-07  0.3051E-05 -0.2262E-09  0.5559E-07 -0.1486E-06  0.1066E-11
     18.2927      270.0000  0.0000E+00  0.6154E-13 -0.5542E-08  0.6913E-11  0.1607E-04 -0.2374E-06  0.3473E-04  0.2984E-04  0.2273E-04  0.1697E-04  0.1175E-04  0.6841E-05  0.3833E-05  0.2065E-05  0.1092E-05  0.5238E-06  0.2791E-06  0.1011E-05  0.2088E-06 -0.1511E-08  0.2904E-07 -0.2763E-05 -0.7257E-08 -0.1133E-06 -0.2760E-06  0.3295E-11
     18.4282      280.0000  0.0000E+00  0.4537E-13 -0.7083E-08  0.9037E-13  0.1574E-04 -0.2344E-06  0.3413E-04  0.2931E-04  0.2231E-04  0.1666E-04  0.1153E-04  0.6718E-05  0.3788E-05  0.2079E-05  0.1084E-05  0.5544E-06  0.2739E-06 -0.8144E-06 -0.1590E-07  0.3754E-07 -0.1509E-07 -0.2006E-06  0.8010E-08  0.5775E-07  0.4246E-06  0.7635E-11
     18.5637      290.0000  0.0000E+00  0.1449E-13 -0.1553E-07 -0.1214E-10  0.1543E-04 -0.2315E-06  0.3354E-04  0.2879E-04  0.2189E-04  0.1635E-04  0.1132E-04  0.6597E-05  0.3721E-05  0.2043E-05  0.1065E-05  0.5448E-06  0.2689E-06  0.3452E-07 -0.1044E-07  0.5238E-07  0.1119E-07  0.3049E-05 -0.2419E-09  0.5560E-07 -0.1486E-06  0.6519E-11
     18.6992      300.0000  0.0000E+00 -0.2084E-13 -0.4989E-08 -0.2278E-10  0.1513E-04 -0.2286E-06  0.3296E-04  0.2828E-04  0.2149E-04  0.1604E-04  0.1111E-04  0.6479E-05  0.3633E-05  0.1957E-05  0.1036E-05  0.4946E-06  0.2638E-06  0.1006E-05  0.2051E-06 -0.3565E-08  0.2832E-07 -0.2766E-05 -0.7347E-08 -0.1134E-06 -0.2761E-06 -0.1425E-09
     18.8347      310.0000  0.0000E+00 -0.4891E-13 -0.6538E-08 -0.2032E-10  0.1482E-04 -0.2258E-06  0.3239E-04  0.2778E-04  0.2109E-04  0.1575E-04  0.1091E-04  0.6363E-05  0.3592E-05  0.1973E-05  0.1029E-05  0.5258E-06  0.2590E-06 -0.8188E-06 -0.1954E-07  0.3558E-07 -0.1575E-07 -0.2034E-06  0.7982E-08  0.5775E-07  0.4246E-06  0.5761E-10
     18.9702      320.0000  0.0000E+00 -0.6200E-13 -0.1499E-07 -0.7853E-11  0.1452E-04 -0.2229E-06  0.3183E-04  0.2728E-04  0.2069E-04  0.1546E-04  0.1071E-04  0.6249E-05  0.3529E-05  0.1939E-05  0.1011E-05  0.5167E-06  0.2542E-06  0.3026E-07 -0.1400E-07  0.5046E-07  0.1055E-07  0.3046E-05 -0.2677E-09  0.5560E-07 -0.1486E-06  0.4222E-10
     19.1057      330.0000  0.0000E+00 -0.5831E-13 -0.4457E-08  0.2949E-11  0.1424E-04 -0.2200E-06  0.3128E-04  0.2680E-04  0.2031E-04  0.1517E-04  0.1051E-04  0.6137E-05  0.3444E-05  0.1855E-05  0.9825E-06  0.4671E-06  0.2495E-06  0.1002E-05  0.2016E-06 -0.5385E-08  0.2775E-07 -0.2768E-05 -0.7300E-08 -0.1133E-06 -0.2760E-06  0.1813E-10
     19.2412      340.0000  0.0000E+00 -0.4069E-13 -0.6017E-08  0.8443E-11  0.1395E-04 -0.2173E-06  0.3074E-04  0.2632E-04  0.1993E-04  0.1489E-04  0.1032E-04  0.6027E-05  0.3406E-05  0.1873E-05  0.9759E-06  0.4987E-06  0.2448E-06 -0.8229E-06 -0.2295E-07  0.3375E-07 -0.1634E-07 -0.2059E-06  0.7964E-08  0.5775E-07  0.4246E-06  0.5800E-11
     19.3767      350.0000  0.0000E+00 -0.1431E-13 -0.1448E-07  0.1044E-10  0.1367E-04 -0.2145E-06  0.3020E-04  0.2586E-04  0.1956E-04  0.1461E-04  0.1013E-04  0.5919E-05  0.3346E-05  0.1841E-05  0.9590E-06  0.4901E-06  0.2403E-06  0.2625E-07 -0.1735E-07  0.4867E-07  0.9961E-08  0.3043E-05 -0.2914E-09  0.5559E-07 -0.1486E-06  0.8336E-12
     19.5122      360.0000  0.0000E+00  0.1520E-13 -0.3961E-08  0.1086E-10  0.1341E-04 -0.2118E-06  0.2968E-04  0.2540E-04  0.1919E-04  0.1434E-04  0.9940E-05  0.5812E-05  0.3264E-05  0.1758E-05  0.9317E-06  0.4410E-06  0.2358E-06  0.9983E-06  0.1984E-06 -0.7133E-08  0.2718E-07 -0.2771E-05 -0.7320E-08 -0.1133E-06 -0.2760E-06 -0.4612E-12
     19.6477       10.0000  0.0000E+00  0.4192E-13 -0.5532E-08  0.1060E-10  0.1313E-04 -0.2092E-06  0.2917E-04  0.2495E-04  0.1884E-04  0.1408E-04  0.9761E-05  0.5708E-05  0.3230E-05  0.1778E-05  0.9260E-06  0.4730E-06  0.2315E-06 -0.8267E-06 -0.2616E-07  0.3205E-07 -0.1690E-07 -0.2081E-06  0.7946E-08  0.5774E-07  0.4246E-06 -0.1441E-12
     19.7832       20.0000  0.0000E+00  0.5947E-13 -0.1401E-07  0.9660E-11  0.1287E-04 -0.2066E-06  0.2866E-04  0.2451E-04  0.1849E-04  0.1381E-04  0.9582E-05  0.5606E-05  0.3173E-05  0.1747E-05  0.9100E-06  0.4649E-06  0.2272E-06  0.2246E-07 -0.2050E-07  0.4700E-07  0.9423E-08  0.3041E-05 -0.3068E-09  0.5559E-07 -0.1486E-06  0.1066E-11
     19.9187       30.0000  0.0000E+00  0.6169E-13 -0.3497E-08  0.6977E-11  0.1262E-04 -0.2040E-06  0.2817E-04  0.2407E-04  0.1814E-04  0.1355E-04  0.9403E-05  0.5505E-05  0.3094E-05  0.1667E-05  0.8835E-06  0.4162E-06  0.2230E-06  0.9946E-06  0.1953E-06 -0.8762E-08  0.2666E-07 -0.2773E-05 -0.7333E-08 -0.1133E-06 -0.2760E-06  0.3298E-11
     20.0542       40.0000  0.0000E+00  0.4551E-13 -0.5079E-08  0.1530E-12  0.1236E-04 -0.2014E-06  0.2768E-04  0.2365E-04  0.1780E-04  0.1331E-04  0.9233E-05  0.5407E-05  0.3062E-05  0.1687E-05  0.8787E-06  0.4487E-06  0.2188E-06 -0.8304E-06 -0.2917E-07  0.3046E-07 -0.1740E-07 -0.2101E-06  0.7937E-08  0.5775E-07  0.4246E-06  0.7634E-11
     20.1897       50.0000  0.0000E+00  0.1462E-13 -0.1357E-07 -0.1207E-10  0.1211E-04 -0.1989E-06  0.2720E-04  0.2323E-04  0.1747E-04  0.1306E-04  0.9063E-05  0.5310E-05  0.3009E-05  0.1658E-05  0.8634E-06  0.4410E-06  0.2148E-06  0.1890E-07 -0.2345E-07  0.4545E-07  0.8934E-08  0.3039E-05 -0.3113E-09  0.5560E-07 -0.1486E-06  0.6514E-11
     20.3252       60.0000  0.0000E+00 -0.2071E-13 -0.3063E-08 -0.2271E-10  0.1188E-04 -0.1964E-06  0.2673E-04  0.2282E-04  0.1715E-04  0.1281E-04  0.8894E-05  0.5214E-05  0.2933E-05  0.1579E-05  0.8377E-06  0.3927E-06  0.2107E-06  0.9910E-06  0.1923E-06 -0.1033E-07  0.2613E-07 -0.2775E-05 -0.7413E-08 -0.1134E-06 -0.2761E-06 -0.1425E-09
     20.4607       70.0000  0.0000E+00 -0.4877E-13 -0.4650E-08 -0.2026E-10  0.1164E-04 -0.1940E-06  0.2627E-04  0.2241E-04  0.1683E-04  0.1258E-04  0.8734E-05  0.5121E-05  0.2904E-05  0.1602E-05  0.8337E-06  0.4257E-06  0.2069E-06 -0.8338E-06 -0.3202E-07  0.2896E-07 -0.1788E-07 -0.2120E-06  0.7919E-08  0.5775E-07  0.4246E-06  0.5761E-10
     20.5962       80.0000  0.0000E+00 -0.6187E-13 -0.1314E-07 -0.7794E-11  0.1140E-04 -0.1915E-06  0.2582E-04  0.2201E-04  0.1651E-04  0.1235E-04  0.8573E-05  0.5029E-05  0.2853E-05  0.1574E-05  0.8193E-06  0.4184E-06  0.2030E-06  0.1552E-07 -0.2623E-07  0.4399E-07  0.8471E-08  0.3038E-05 -0.3274E-09  0.5560E-07 -0.1486E-06  0.4222E-10
     20.7317       90.0000  0.0000E+00 -0.5818E-13 -0.2644E-08  0.3006E-11  0.1118E-04 -0.1890E-06  0.2537E-04  0.2162E-04  0.1621E-04  0.1211E-04  0.8413E-05  0.4939E-05  0.2780E-05  0.1497E-05  0.7944E-06  0.3706E-06  0.1993E-06  0.9878E-06  0.1897E-06 -0.1170E-07  0.2573E-07 -0.2776E-05 -0.7357E-08 -0.1133E-06 -0.2760E-06  0.1814E-10
     20.8672      100.0000  0.0000E+00 -0.4056E-13 -0.4239E-08  0.8499E-11  0.1095E-04 -0.1867E-06  0.2493E-04  0.2124E-04  0.1590E-04  0.1189E-04  0.8261E-05  0.4850E-05  0.2754E-05  0.1520E-05  0.7911E-06  0.4039E-06  0.1956E-06 -0.8370E-06 -0.3468E-07  0.2758E-07 -0.1831E-07 -0.2136E-06  0.7910E-08  0.5775E-07  0.4246E-06  0.5800E-11
     21.0027      110.0000  0.0000E+00 -0.1417E-13 -0.1274E-07  0.1049E-10  0.1073E-04 -0.1843E-06  0.2450E-04  0.2086E-04  0.1561E-04  0.1167E-04  0.8110E-05  0.4763E-05  0.2705E-05  0.1494E-05  0.7774E-06  0.3970E-06  0.1920E-06  0.1233E-07 -0.2885E-07  0.4263E-07  0.8045E-08  0.3036E-05 -0.3427E-09  0.5559E-07 -0.1486E-06  0.8353E-12
     21.1382      120.0000  0.0000E+00  0.1532E-13 -0.2253E-08  0.1091E-10  0.1053E-04 -0.1820E-06  0.2408E-04  0.2049E-04  0.1532E-04  0.1145E-04  0.7957E-05  0.4678E-05  0.2635E-05  0.1418E-05  0.7532E-06  0.3495E-06  0.1884E-06  0.9847E-06  0.1871E-06 -0.1303E-07  0.2532E-07 -0.2778E-05 -0.7369E-08 -0.1133E-06 -0.2760E-06 -0.4732E-12
     21.2737      130.0000  0.0000E+00  0.4204E-13 -0.3858E-08  0.1065E-10  0.1031E-04 -0.1797E-06  0.2366E-04  0.2013E-04  0.1503E-04  0.1124E-04  0.7814E-05  0.4594E-05  0.2611E-05  0.1443E-05  0.7507E-06  0.3832E-06  0.1849E-06 -0.8401E-06 -0.3719E-07  0.2628E-07 -0.1871E-07 -0.2151E-06  0.7900E-08  0.5774E-07  0.4246E-06 -0.1397E-12
     21.4092      140.0000  0.0000E+00  0.5960E-13 -0.1237E-07  0.9712E-11  0.1010E-04 -0.1775E-06  0.2325E-04  0.1977E-04  0.1475E-04  0.1103E-04  0.7671E-05  0.4512E-05  0.2565E-05  0.1419E-05  0.7377E-06  0.3767E-06  0.1815E-06  0.9332E-08 -0.3131E-07  0.4137E-07  0.7656E-08  0.3035E-05 -0.3510E-09  0.5559E-07 -0.1486E-06  0.1067E-11
     21.5447      150.0000  0.0000E+00  0.6180E-13 -0.1889E-08  0.7027E-11  0.9910E-05 -0.1752E-06  0.2285E-04  0.1942E-04  0.1448E-04  0.1083E-04  0.7527E-05  0.4431E-05  0.2497E-05  0.1344E-05  0.7142E-06  0.3296E-06  0.1781E-06  0.9817E-06  0.1847E-06 -0.1427E-07  0.2494E-07 -0.2779E-05 -0.7375E-08 -0.1133E-06 -0.2760E-06  0.3296E-11
     21.6802      160.0000  0.0000E+00  0.4561E-13 -0.3503E-08  0.2029E-12  0.9706E-05 -0.1730E-06  0.2246E-04  0.1908E-04  0.1421E-04  0.1063E-04  0.7392E-05  0.4351E-05  0.2476E-05  0.1370E-05  0.7123E-06  0.3637E-06  0.1748E-06 -0.8430E-06 -0.3955E-07  0.2507E-07 -0.1908E-07 -0.2165E-06  0.7897E-08  0.5775E-07  0.4246E-06  0.7637E-11
     21.8157      170.0000  0.0000E+00  0.1473E-13 -0.1202E-07 -0.1203E-10  0.9512E-05 -0.1709E-06  0.2207E-04  0.1874E-04  0.1394E-04  0.1043E-04  0.7256E-05  0.4273E-05  0.2433E-05  0.1347E-05  0.7000E-06  0.3575E-06  0.1716E-06  0.6505E-08 -0.3361E-07  0.4019E-07  0.7304E-08  0.3033E-05 -0.3494E-09  0.5560E-07 -0.1486E-06  0.6519E-11
     21.9512      180.0000  0.0000E+00 -0.2060E-13 -0.1549E-08 -0.2267E-10  0.9328E-05 -0.1688E-06  0.2169E-04  0.1841E-04  0.1368E-04  0.1023E-04  0.7120E-05  0.4197E-05  0.2367E-05  0.1273E-05  0.6771E-06  0.3107E-06  0.1683E-06  0.9789E-06  0.1824E-06 -0.1547E-07  0.2454E-07 -0.2781E-05 -0.7449E-08 -0.1134E-06 -0.2761E-06 -0.1425E-09
     22.0867      190.0000  0.0000E+00 -0.4867E-13 -0.3166E-08 -0.2021E-10  0.9137E-05 -0.1666E-06  0.2131E-04  0.1808E-04  0.1343E-04  0.1005E-04  0.6992E-05  0.4121E-05  0.2348E-05  0.1301E-05  0.6759E-06  0.3451E-06  0.1653E-06 -0.8457E-06 -0.4178E-07  0.2394E-07 -0.1943E-07 -0.2177E-06  0.7884E-08  0.5775E-07  0.4246E-06  0.5760E-10
     22.2222      200.0000  0.0000E+00 -0.6178E-13 -0.1169E-07 -0.7749E-11  0.8954E-05 -0.1645E-06  0.2094E-04  0.1776E-04  0.1318E-04  0.9862E-05  0.6864E-05  0.4047E-05  0.2307E-05  0.1279E-05  0.6642E-06  0.3393E-06  0.1622E-06  0.3826E-08 -0.3579E-07  0.3908E-07  0.6968E-08  0.3032E-05 -0.3602E-09  0.5560E-07 -0.1486E-06  0.4222E-10
     22.3577      210.0000  0.0000E+00 -0.5807E-13 -0.1218E-08  0.3051E-11  0.8782E-05 -0.1624E-06  0.2058E-04  0.1745E-04  0.1293E-04  0.9675E-05  0.6734E-05  0.3975E-05  0.2243E-05  0.1206E-05  0.6420E-06  0.2929E-06  0.1592E-06  0.9763E-06  0.1803E-06 -0.1650E-07  0.2427E-07 -0.2782E-05 -0.7388E-08 -0.1133E-06 -0.2760E-06  0.1813E-10
     22.4932      220.0000  0.0000E+00 -0.4047E-13 -0.2842E-08  0.8542E-11  0.8601E-05 -0.1604E-06  0.2022E-04  0.1714E-04  0.1269E-04  0.9500E-05  0.6614E-05  0.3904E-05  0.2227E-05  0.1235E-05  0.6414E-06  0.3276E-06  0.1562E-06 -0.8483E-06 -0.4386E-07  0.2289E-07 -0.1974E-07 -0.2188E-06  0.7880E-08  0.5775E-07  0.4246E-06  0.5799E-11
     22.6287      230.0000  0.0000E+00 -0.1407E-13 -0.1137E-07  0.1054E-10  0.8428E-05 -0.1583E-06  0.1987E-04  0.1683E-04  0.1245E-04  0.9324E-05  0.6492E-05  0.3834E-05  0.2187E-05  0.1214E-05  0.6303E-06  0.3220E-06  0.1533E-06  0.1299E-08 -0.3784E-07  0.3805E-07  0.6659E-08  0.3031E-05 -0.3709E-09  0.5559E-07 -0.1486E-06  0.8469E-12
     22.7642      240.0000  0.0000E+00  0.1542E-13 -0.9105E-09  0.1095E-10  0.8267E-05 -0.1564E-06  0.1953E-04  0.1654E-04  0.1222E-04  0.9146E-05  0.6370E-05  0.3765E-05  0.2126E-05  0.1143E-05  0.6087E-06  0.2759E-06  0.1505E-06  0.9738E-06  0.1783E-06 -0.1751E-07  0.2397E-07 -0.2783E-05 -0.7396E-08 -0.1133E-06 -0.2760E-06 -0.4754E-12
     22.8997      250.0000  0.0000E+00  0.4214E-13 -0.2542E-08  0.1069E-10  0.8096E-05 -0.1544E-06  0.1919E-04  0.1624E-04  0.1199E-04  0.8981E-05  0.6256E-05  0.3697E-05  0.2111E-05  0.1173E-05  0.6087E-06  0.3110E-06  0.1477E-06 -0.8507E-06 -0.4582E-07  0.2190E-07 -0.2003E-07 -0.2198E-06  0.7874E-08  0.5774E-07  0.4246E-06 -0.1379E-12
     23.0352      260.0000  0.0000E+00  0.5968E-13 -0.1108E-07  0.9751E-11  0.7934E-05 -0.1525E-06  0.1886E-04  0.1595E-04  0.1177E-04  0.8814E-05  0.6141E-05  0.3631E-05  0.2074E-05  0.1153E-05  0.5981E-06  0.3057E-06  0.1450E-06 -0.1081E-08 -0.3976E-07  0.3709E-07  0.6377E-08  0.3030E-05 -0.3753E-09  0.5559E-07 -0.1486E-06  0.1074E-11
     23.1707      270.0000  0.0000E+00  0.6189E-13 -0.6246E-09  0.7066E-11  0.7782E-05 -0.1505E-06  0.1854E-04  0.1567E-04  0.1155E-04  0.8646E-05  0.6025E-05  0.3566E-05  0.2015E-05  0.1082E-05  0.5771E-06  0.2599E-06  0.1423E-06  0.9715E-06  0.1764E-06 -0.1845E-07  0.2370E-07 -0.2784E-05 -0.7398E-08 -0.1133E-06 -0.2760E-06  0.3290E-11
     23.3062      280.0000  0.0000E+00  0.4571E-13 -0.2263E-08  0.2407E-12  0.7621E-05 -0.1486E-06  0.1822E-04  0.1539E-04  0.1134E-04  0.8490E-05  0.5918E-05  0.3502E-05  0.2002E-05  0.1113E-05  0.5776E-06  0.2953E-06  0.1396E-06 -0.8530E-06 -0.4766E-07  0.2099E-07 -0.2029E-07 -0.2207E-06  0.7875E-08  0.5775E-07  0.4246E-06  0.7636E-11
     23.4417      290.0000  0.0000E+00  0.1482E-13 -0.1081E-07 -0.1199E-10  0.7468E-05 -0.1468E-06  0.1790E-04  0.1512E-04  0.1113E-04  0.8333E-05  0.5809E-05  0.3439E-05  0.1967E-05  0.1094E-05  0.5676E-06  0.2903E-06  0.1371E-06 -0.3321E-08 -0.4156E-07  0.3620E-07  0.6125E-08  0.3029E-05 -0.3703E-09  0.5560E-07 -0.1486E-06  0.6520E-11
     23.5772      300.0000  0.0000E+00 -0.2052E-13 -0.3582E-09 -0.2263E-10  0.7326E-05 -0.1450E-06  0.1759E-04  0.1485E-04  0.1092E-04  0.8174E-05  0.5699E-05  0.3377E-05  0.1910E-05  0.1025E-05  0.5470E-06  0.2447E-06  0.1345E-06  0.9692E-06  0.1746E-06 -0.1938E-07  0.2339E-07 -0.2784E-05 -0.7469E-08 -0.1134E-06 -0.2761E-06 -0.1425E-09
     23.7127      310.0000  0.0000E+00 -0.4859E-13 -0.1999E-08 -0.2018E-10  0.7174E-05 -0.1432E-06  0.1729E-04  0.1459E-04  0.1071E-04  0.8027E-05  0.5598E-05  0.3317E-05  0.1899E-05  0.1057E-05  0.5481E-06  0.2803E-06  0.1320E-06 -0.8552E-06 -0.4940E-07  0.2012E-07 -0.2054E-07 -0.2215E-06  0.7866E-08  0.5775E-07  0.4246E-06  0.5760E-10
     23.8482      320.0000  0.0000E+00 -0.6170E-13 -0.1054E-07 -0.7714E-11  0.7030E-05 -0.1413E-06  0.1699E-04  0.1433E-04  0.1051E-04  0.7878E-05  0.5495E-05  0.3257E-05  0.1865E-05  0.1039E-05  0.5387E-06  0.2756E-06  0.1296E-06 -0.5447E-08 -0.4326E-07  0.3536E-07  0.5881E-08  0.3028E-05 -0.3781E-09  0.5560E-07 -0.1486E-06  0.4222E-10
     23.9837      330.0000  0.0000E+00 -0.5801E-13 -0.9668E-10  0.3085E-11  0.6896E-05 -0.1395E-06  0.1669E-04  0.1408E-04  0.1032E-04  0.7727E-05  0.5391E-05  0.3199E-05  0.1810E-05  0.9708E-06  0.5186E-06  0.2304E-06  0.1272E-06  0.9672E-06  0.1730E-06 -0.2015E-07  0.2321E-07 -0.2785E-05 -0.7405E-08 -0.1133E-06 -0.2760E-06  0.1813E-10
     24.1192      340.0000  0.0000E+00 -0.4040E-13 -0.1743E-08  0.8576E-11  0.6753E-05 -0.1378E-06  0.1641E-04  0.1383E-04  0.1013E-04  0.7588E-05  0.5295E-05  0.3142E-05  0.1801E-05  0.1004E-05  0.5202E-06  0.2662E-06  0.1248E-06 -0.8572E-06 -0.5103E-07  0.1933E-07 -0.2077E-07 -0.2222E-06  0.7864E-08  0.5775E-07  0.4246E-06  0.5802E-11
     24.2547      350.0000  0.0000E+00 -0.1401E-13 -0.1029E-07  0.1057E-10  0.6618E-05 -0.1360E-06  0.1612E-04  0.1358E-04  0.9938E-05  0.7448E-05  0.5198E-05  0.3085E-05  0.1769E-05  0.9866E-06  0.5112E-06  0.2618E-06  0.1225E-06 -0.7451E-08 -0.4486E-07  0.3457E-07  0.5656E-08  0.3028E-05 -0.3864E-09  0.5559E-07 -0.1486E-06  0.8353E-12
     24.3902      360.0000  0.0000E+00  0.1549E-13  0.1455E-09  0.1098E-10  0.6492E-05 -0.1343E-06  0.1584E-04  0.1334E-04  0.9753E-05  0.7305E-05  0.5099E-05  0.3030E-05  0.1715E-05  0.9193E-06  0.4916E-06  0.2168E-06  0.1202E-06  0.9653E-06  0.1714E-06 -0.2091E-07  0.2299E-07 -0.2786E-05 -0.7410E-08 -0.1133E-06 -0.2760E-06 -0.4705E-12
     24.5257       10.0000  0.0000E+00  0.4220E-13 -0.1507E-08  0.1072E-10  0.6357E-05 -0.1326E-06  0.1557E-04  0.1311E-04  0.9571E-05  0.7174E-05  0.5009E-05  0.2976E-05  0.1708E-05  0.9531E-06  0.4936E-06  0.2529E-06  0.1180E-06 -0.8591E-06 -0.5256E-07  0.1858E-07 -0.2098E-07 -0.2229E-06  0.7860E-08  0.5774E-07  0.4246E-06 -0.1361E-12
     24.6612       20.0000  0.0000E+00  0.5975E-13 -0.1006E-07  0.9783E-11  0.6229E-05 -0.1310E-06  0.1530E-04  0.1287E-04  0.9393E-05  0.7041E-05  0.4917E-05  0.2922E-05  0.1678E-05  0.9369E-06  0.4851E-06  0.2486E-06  0.1158E-06 -0.9339E-08 -0.4637E-07  0.3384E-07  0.5452E-08  0.3027E-05 -0.3886E-09  0.5559E-07 -0.1486E-06  0.1069E-11
     24.7967       30.0000  0.0000E+00  0.6195E-13  0.3698E-09  0.7096E-11  0.6111E-05 -0.1293E-06  0.1504E-04  0.1264E-04  0.9218E-05  0.6906E-05  0.4823E-05  0.2870E-05  0.1625E-05  0.8704E-06  0.4660E-06  0.2039E-06  0.1137E-06  0.9634E-06  0.1699E-06 -0.2163E-07  0.2280E-07 -0.2786E-05 -0.7411E-08 -0.1133E-06 -0.2760E-06  0.3298E-11
     24.9322       40.0000  0.0000E+00  0.4577E-13 -0.1288E-08  0.2700E-12  0.5984E-05 -0.1277E-06  0.1478E-04  0.1242E-04  0.9046E-05  0.6782E-05  0.4738E-05  0.2818E-05  0.1619E-05  0.9051E-06  0.4685E-06  0.2402E-06  0.1116E-06 -0.8610E-06 -0.5400E-07  0.1788E-07 -0.2117E-07 -0.2234E-06  0.7863E-08  0.5775E-07  0.4246E-06  0.7626E-11
     25.0678       50.0000  0.0000E+00  0.1489E-13 -0.9851E-08 -0.1196E-10  0.5864E-05 -0.1261E-06  0.1452E-04  0.1220E-04  0.8877E-05  0.6656E-05  0.4651E-05  0.2768E-05  0.1591E-05  0.8898E-06  0.4604E-06  0.2362E-06  0.1095E-06 -0.1111E-07 -0.4777E-07  0.3316E-07  0.5272E-08  0.3026E-05 -0.3817E-09  0.5560E-07 -0.1486E-06  0.6513E-11
     25.2033       60.0000  0.0000E+00 -0.2046E-13  0.5782E-09 -0.2260E-10  0.5753E-05 -0.1246E-06  0.1427E-04  0.1198E-04  0.8712E-05  0.6528E-05  0.4562E-05  0.2718E-05  0.1540E-05  0.8240E-06  0.4417E-06  0.1916E-06  0.1074E-06  0.9616E-06  0.1685E-06 -0.2234E-07  0.2256E-07 -0.2787E-05 -0.7480E-08 -0.1134E-06 -0.2761E-06 -0.1425E-09
     25.3388       70.0000  0.0000E+00 -0.4853E-13 -0.1081E-08 -0.2015E-10  0.5633E-05 -0.1230E-06  0.1402E-04  0.1177E-04  0.8550E-05  0.6412E-05  0.4482E-05  0.2669E-05  0.1536E-05  0.8595E-06  0.4446E-06  0.2282E-06  0.1054E-06 -0.8627E-06 -0.5537E-07  0.1722E-07 -0.2135E-07 -0.2240E-06  0.7855E-08  0.5775E-07  0.4246E-06  0.5760E-10
     25.4743       80.0000  0.0000E+00 -0.6163E-13 -0.9644E-08 -0.7685E-11  0.5520E-05 -0.1214E-06  0.1378E-04  0.1156E-04  0.8390E-05  0.6293E-05  0.4399E-05  0.2622E-05  0.1509E-05  0.8450E-06  0.4370E-06  0.2244E-06  0.1035E-06 -0.1280E-07 -0.4910E-07  0.3252E-07  0.5094E-08  0.3026E-05 -0.3880E-09  0.5560E-07 -0.1486E-06  0.4222E-10
     25.6098       90.0000  0.0000E+00 -0.5794E-13  0.7851E-09  0.3113E-11  0.5416E-05 -0.1199E-06  0.1354E-04  0.1136E-04  0.8234E-05  0.6171E-05  0.4315E-05  0.2575E-05  0.1459E-05  0.7801E-06  0.4187E-06  0.1801E-06  0.1016E-06  0.9600E-06  0.1673E-06 -0.2291E-07  0.2245E-07 -0.2788E-05 -0.7414E-08 -0.1133E-06 -0.2760E-06  0.1813E-10
     25.7453      100.0000  0.0000E+00 -0.4033E-13 -0.8782E-09  0.8602E-11  0.5302E-05 -0.1184E-06  0.1331E-04  0.1116E-04  0.8081E-05  0.6061E-05  0.4239E-05  0.2528E-05  0.1456E-05  0.8164E-06  0.4220E-06  0.2168E-06  0.9970E-07 -0.8643E-06 -0.5664E-07  0.1662E-07 -0.2151E-07 -0.2245E-06  0.7855E-08  0.5775E-07  0.4246E-06  0.5797E-11
     25.8808      110.0000  0.0000E+00 -0.1395E-13 -0.9447E-08  0.1060E-10  0.5196E-05 -0.1169E-06  0.1308E-04  0.1096E-04  0.7930E-05  0.5949E-05  0.4161E-05  0.2483E-05  0.1431E-05  0.8025E-06  0.4147E-06  0.2133E-06  0.9785E-07 -0.1439E-07 -0.5036E-07  0.3193E-07  0.4930E-08  0.3025E-05 -0.3948E-09  0.5559E-07 -0.1486E-06  0.8411E-12
     26.0163      120.0000  0.0000E+00  0.1554E-13  0.9758E-09  0.1101E-10  0.5098E-05 -0.1154E-06  0.1285E-04  0.1076E-04  0.7782E-05  0.5834E-05  0.4082E-05  0.2438E-05  0.1383E-05  0.7384E-06  0.3968E-06  0.1691E-06  0.9604E-07  0.9584E-06  0.1660E-06 -0.2350E-07  0.2229E-07 -0.2788E-05 -0.7419E-08 -0.1133E-06 -0.2760E-06 -0.4663E-12
     26.1518      130.0000  0.0000E+00  0.4225E-13 -0.6928E-09  0.1075E-10  0.4991E-05 -0.1139E-06  0.1263E-04  0.1057E-04  0.7637E-05  0.5730E-05  0.4010E-05  0.2395E-05  0.1381E-05  0.7754E-06  0.4005E-06  0.2061E-06  0.9426E-07 -0.8658E-06 -0.5783E-07  0.1605E-07 -0.2166E-07 -0.2249E-06  0.7853E-08  0.5774E-07  0.4246E-06 -0.1372E-12
     26.2873      140.0000  0.0000E+00  0.5981E-13 -0.9266E-08  0.9807E-11  0.4891E-05 -0.1125E-06  0.1241E-04  0.1039E-04  0.7495E-05  0.5624E-05  0.3936E-05  0.2352E-05  0.1357E-05  0.7622E-06  0.3936E-06  0.2027E-06  0.9251E-07 -0.1589E-07 -0.5153E-07  0.3137E-07  0.4783E-08  0.3025E-05 -0.3959E-09  0.5559E-07 -0.1486E-06  0.1064E-11
     26.4228      150.0000  0.0000E+00  0.6201E-13  0.1152E-08  0.7119E-11  0.4800E-05 -0.1111E-06  0.1220E-04  0.1020E-04  0.7356E-05  0.5515E-05  0.3861E-05  0.2310E-05  0.1310E-05  0.6988E-06  0.3761E-06  0.1587E-06  0.9079E-07  0.9570E-06  0.1649E-06 -0.2404E-07  0.2215E-07 -0.2788E-05 -0.7418E-08 -0.1133E-06 -0.2760E-06  0.3300E-11
     26.5583      160.0000  0.0000E+00  0.4582E-13 -0.5220E-09  0.2929E-12  0.4698E-05 -0.1097E-06  0.1199E-04  0.1002E-04  0.7218E-05  0.5417E-05  0.3793E-05  0.2268E-05  0.1310E-05  0.7365E-06  0.3801E-06  0.1959E-06  0.8911E-07 -0.8673E-06 -0.5896E-07  0.1553E-07 -0.2180E-07 -0.2253E-06  0.7857E-08  0.5775E-07  0.4246E-06  0.7630E-11
     26.6938      170.0000  0.0000E+00  0.1493E-13 -0.9100E-08 -0.1194E-10  0.4604E-05 -0.1084E-06  0.1178E-04  0.9844E-05  0.7084E-05  0.5317E-05  0.3724E-05  0.2228E-05  0.1287E-05  0.7240E-06  0.3736E-06  0.1927E-06  0.8746E-07 -0.1729E-07 -0.5263E-07  0.3086E-07  0.4655E-08  0.3025E-05 -0.3880E-09  0.5560E-07 -0.1486E-06  0.6516E-11
     26.8293      180.0000  0.0000E+00 -0.2041E-13  0.1315E-08 -0.2258E-10  0.4518E-05 -0.1070E-06  0.1158E-04  0.9669E-05  0.6952E-05  0.5214E-05  0.3652E-05  0.2188E-05  0.1242E-05  0.6612E-06  0.3563E-06  0.1489E-06  0.8578E-07  0.9555E-06  0.1637E-06 -0.2459E-07  0.2196E-07 -0.2789E-05 -0.7486E-08 -0.1134E-06 -0.2761E-06 -0.1425E-09
     26.9648      190.0000  0.0000E+00 -0.4849E-13 -0.3593E-09 -0.2013E-10  0.4423E-05 -0.1057E-06  0.1138E-04  0.9498E-05  0.6822E-05  0.5121E-05  0.3588E-05  0.2148E-05  0.1242E-05  0.6995E-06  0.3608E-06  0.1862E-06  0.8423E-07 -0.8686E-06 -0.6003E-07  0.1502E-07 -0.2194E-07 -0.2257E-06  0.7849E-08  0.5775E-07  0.4246E-06  0.5760E-10
     27.1003      200.0000  0.0000E+00 -0.6157E-13 -0.8936E-08 -0.7664E-11  0.4334E-05 -0.1043E-06  0.1118E-04  0.9330E-05  0.6695E-05  0.5027E-05  0.3522E-05  0.2110E-05  0.1221E-05  0.6878E-06  0.3546E-06  0.1832E-06  0.8268E-07 -0.1863E-07 -0.5367E-07  0.3037E-07  0.4525E-08  0.3024E-05 -0.3934E-09  0.5560E-07 -0.1486E-06  0.4222E-10
     27.2358      210.0000  0.0000E+00 -0.5789E-13  0.1479E-08  0.3132E-11  0.4254E-05 -0.1030E-06  0.1099E-04  0.9164E-05  0.6571E-05  0.4929E-05  0.3454E-05  0.2072E-05  0.1176E-05  0.6256E-06  0.3377E-06  0.1396E-06  0.8115E-07  0.9543E-06  0.1628E-06 -0.2502E-07  0.2189E-07 -0.2789E-05 -0.7420E-08 -0.1133E-06 -0.2760E-06  0.1814E-10
     27.3713      220.0000  0.0000E+00 -0.4029E-13 -0.1985E-09  0.8622E-11  0.4163E-05 -0.1017E-06  0.1080E-04  0.9002E-05  0.6448E-05  0.4842E-05  0.3394E-05  0.2035E-05  0.1178E-05  0.6646E-06  0.3424E-06  0.1771E-06  0.7964E-07 -0.8699E-06 -0.6102E-07  0.1457E-07 -0.2205E-07 -0.2260E-06  0.7850E-08  0.5775E-07  0.4246E-06  0.5803E-11
     27.5068      230.0000  0.0000E+00 -0.1390E-13 -0.8781E-08  0.1062E-10  0.4079E-05 -0.1004E-06  0.1061E-04  0.8842E-05  0.6328E-05  0.4752E-05  0.3332E-05  0.1998E-05  0.1158E-05  0.6534E-06  0.3366E-06  0.1742E-06  0.7817E-07 -0.1989E-07 -0.5465E-07  0.2992E-07  0.4405E-08  0.3024E-05 -0.3995E-09  0.5559E-07 -0.1486E-06  0.8358E-12
     27.6423      240.0000  0.0000E+00  0.1559E-13  0.1629E-08  0.1103E-10  0.4004E-05 -0.9914E-07  0.1043E-04  0.8686E-05  0.6210E-05  0.4659E-05  0.3267E-05  0.1963E-05  0.1115E-05  0.5918E-06  0.3200E-06  0.1308E-06  0.7672E-07  0.9530E-06  0.1618E-06 -0.2546E-07  0.2178E-07 -0.2789E-05 -0.7423E-08 -0.1133E-06 -0.2760E-06 -0.4698E-12
     27.7778      250.0000  0.0000E+00  0.4231E-13 -0.5278E-10  0.1077E-10  0.3919E-05 -0.9789E-07  0.1025E-04  0.8532E-05  0.6094E-05  0.4577E-05  0.3211E-05  0.1927E-05  0.1118E-05  0.6313E-06  0.3250E-06  0.1685E-06  0.7529E-07 -0.8711E-06 -0.6196E-07  0.1413E-07 -0.2216E-07 -0.2263E-06  0.7849E-08  0.5774E-07  0.4246E-06 -0.1428E-12
     27.9133      260.0000  0.0000E+00  0.5985E-13 -0.8639E-08  0.9827E-11  0.3840E-05 -0.9666E-07  0.1007E-04  0.8380E-05  0.5981E-05  0.4493E-05  0.3152E-05  0.1893E-05  0.1098E-05  0.6207E-06  0.3195E-06  0.1657E-06  0.7390E-07 -0.2108E-07 -0.5557E-07  0.2950E-07  0.4299E-08  0.3024E-05 -0.3999E-09  0.5559E-07 -0.1486E-06  0.1065E-11
     28.0488      270.0000  0.0000E+00  0.6206E-13  0.1767E-08  0.7139E-11  0.3770E-05 -0.9545E-07  0.9894E-05  0.8232E-05  0.5870E-05  0.4405E-05  0.3091E-05  0.1859E-05  0.1056E-05  0.5597E-06  0.3032E-06  0.1225E-06  0.7253E-07  0.9519E-06  0.1609E-06 -0.2587E-07  0.2168E-07 -0.2790E-05 -0.7422E-08 -0.1133E-06 -0.2760E-06  0.3300E-11
     28.1843      280.0000  0.0000E+00  0.4587E-13  0.8076E-10  0.3113E-12  0.3689E-05 -0.9425E-07  0.9723E-05  0.8086E-05  0.5760E-05  0.4327E-05  0.3037E-05  0.1825E-05  0.1060E-05  0.5998E-06  0.3085E-06  0.1603E-06  0.7119E-07 -0.8722E-06 -0.6283E-07  0.1374E-07 -0.2226E-07 -0.2265E-06  0.7853E-08  0.5775E-07  0.4246E-06  0.7637E-11
     28.3198      290.0000  0.0000E+00  0.1498E-13 -0.8509E-08 -0.1192E-10  0.3614E-05 -0.9309E-07  0.9555E-05  0.7943E-05  0.5653E-05  0.4247E-05  0.2981E-05  0.1793E-05  0.1042E-05  0.5898E-06  0.3033E-06  0.1577E-06  0.6987E-07 -0.2219E-07 -0.5642E-07  0.2911E-07  0.4208E-08  0.3023E-05 -0.3914E-09  0.5560E-07 -0.1486E-06  0.6522E-11
     28.4553      300.0000  0.0000E+00 -0.2038E-13  0.1894E-08 -0.2256E-10  0.3549E-05 -0.9196E-07  0.9390E-05  0.7802E-05  0.5547E-05  0.4164E-05  0.2923E-05  0.1761E-05  0.1000E-05  0.5292E-06  0.2872E-06  0.1145E-06  0.6852E-07  0.9507E-06  0.1600E-06 -0.2630E-07  0.2153E-07 -0.2790E-05 -0.7489E-08 -0.1134E-06 -0.2761E-06 -0.1425E-09
     28.5908      310.0000  0.0000E+00 -0.4844E-13  0.2082E-09 -0.2011E-10  0.3472E-05 -0.9080E-07  0.9227E-05  0.7663E-05  0.5444E-05  0.4091E-05  0.2873E-05  0.1729E-05  0.1005E-05  0.5699E-06  0.2929E-06  0.1525E-06  0.6729E-07 -0.8733E-06 -0.6367E-07  0.1335E-07 -0.2236E-07 -0.2268E-06  0.7846E-08  0.5775E-07  0.4246E-06  0.5760E-10
     28.7263      320.0000  0.0000E+00 -0.6154E-13 -0.8380E-08 -0.7648E-11  0.3402E-05 -0.8962E-07  0.9068E-05  0.7528E-05  0.5343E-05  0.4015E-05  0.2820E-05  0.1698E-05  0.9879E-06  0.5604E-06  0.2879E-06  0.1501E-06  0.6605E-07 -0.2326E-07 -0.5724E-07  0.2874E-07  0.4113E-08  0.3023E-05 -0.3963E-09  0.5560E-07 -0.1486E-06  0.4222E-10
     28.8618      330.0000  0.0000E+00 -0.5786E-13  0.2024E-08  0.3149E-11  0.3341E-05 -0.8847E-07  0.8911E-05  0.7394E-05  0.5243E-05  0.3936E-05  0.2765E-05  0.1668E-05  0.9477E-06  0.5004E-06  0.2722E-06  0.1071E-06  0.6483E-07  0.9498E-06  0.1593E-06 -0.2661E-07  0.2149E-07 -0.2790E-05 -0.7422E-08 -0.1133E-06 -0.2760E-06  0.1813E-10
     28.9973      340.0000  0.0000E+00 -0.4025E-13  0.3359E-09  0.8639E-11  0.3269E-05 -0.8735E-07  0.8757E-05  0.7263E-05  0.5146E-05  0.3868E-05  0.2717E-05  0.1638E-05  0.9537E-06  0.5416E-06  0.2780E-06  0.1451E-06  0.6362E-07 -0.8743E-06 -0.6444E-07  0.1301E-07 -0.2244E-07 -0.2270E-06  0.7848E-08  0.5775E-07  0.4246E-06  0.5801E-11
     29.1328      350.0000  0.0000E+00 -0.1387E-13 -0.8257E-08  0.1063E-10  0.3203E-05 -0.8625E-07  0.8606E-05  0.7134E-05  0.5050E-05  0.3796E-05  0.2667E-05  0.1608E-05  0.9370E-06  0.5325E-06  0.2733E-06  0.1428E-06  0.6244E-07 -0.2426E-07 -0.5801E-07  0.2839E-07  0.4026E-08  0.3023E-05 -0.4020E-09  0.5559E-07 -0.1486E-06  0.8356E-12
     29.2683      360.0000  0.0000E+00  0.1562E-13  0.2142E-08  0.1104E-10  0.3145E-05 -0.8517E-07  0.8457E-05  0.7008E-05  0.4956E-05  0.3721E-05  0.2615E-05  0.1579E-05  0.8977E-06  0.4731E-06  0.2578E-06  0.9996E-07  0.6128E-07  0.9488E-06  0.1585E-06 -0.2695E-07  0.2141E-07 -0.2790E-05 -0.7425E-08 -0.1133E-06 -0.2760E-06 -0.4683E-12
     29.4038       10.0000  0.0000E+00  0.4234E-13  0.4505E-09  0.1078E-10  0.3077E-05 -0.8410E-07  0.8311E-05  0.6884E-05  0.4863E-05  0.3657E-05  0.2570E-05  0.1551E-05  0.9046E-06  0.5147E-06  0.2639E-06  0.1382E-06  0.6015E-07 -0.8753E-06 -0.6518E-07  0.1268E-07 -0.2252E-07 -0.2272E-06  0.7846E-08  0.5774E-07  0.4246E-06 -0.1452E-12
     29.5393       20.0000  0.0000E+00  0.5988E-13 -0.8145E-08  0.9841E-11  0.3015E-05 -0.8304E-07  0.8167E-05  0.6762E-05  0.4773E-05  0.3589E-05  0.2523E-05  0.1523E-05  0.8888E-06  0.5061E-06  0.2594E-06  0.1360E-06  0.5903E-07 -0.2520E-07 -0.5872E-07  0.2807E-07  0.3949E-08  0.3023E-05 -0.4021E-09  0.5559E-07 -0.1486E-06  0.1076E-11
     29.6748       30.0000  0.0000E+00  0.6207E-13  0.2250E-08  0.7153E-11  0.2961E-05 -0.8200E-07  0.8026E-05  0.6642E-05  0.4684E-05  0.3518E-05  0.2474E-05  0.1496E-05  0.8503E-06  0.4471E-06  0.2442E-06  0.9325E-07  0.5794E-07  0.9478E-06  0.1578E-06 -0.2726E-07  0.2133E-07 -0.2791E-05 -0.7424E-08 -0.1133E-06 -0.2760E-06  0.3294E-11
     29.8103       40.0000  0.0000E+00  0.4590E-13  0.5547E-09  0.3246E-12  0.2896E-05 -0.8097E-07  0.7887E-05  0.6524E-05  0.4596E-05  0.3457E-05  0.2431E-05  0.1469E-05  0.8580E-06  0.4892E-06  0.2506E-06  0.1316E-06  0.5687E-07 -0.8762E-06 -0.6586E-07  0.1238E-07 -0.2259E-07 -0.2273E-06  0.7851E-08  0.5775E-07  0.4246E-06  0.7630E-11
     29.9458       50.0000  0.0000E+00  0.1501E-13 -0.8045E-08 -0.1191E-10  0.2838E-05 -0.7998E-07  0.7751E-05  0.6408E-05  0.4511E-05  0.3393E-05  0.2387E-05  0.1443E-05  0.8431E-06  0.4810E-06  0.2463E-06  0.1295E-06  0.5582E-07 -0.2608E-07 -0.5939E-07  0.2778E-07  0.3885E-08  0.3023E-05 -0.3933E-09  0.5560E-07 -0.1486E-06  0.6515E-11
