Time history of radial distribution for BEM variable: vTowCorC14y[m/s] for blade 1
                          rCurvi[m] (curvilinear radial distance)
                                0.7893      2.3679      3.9465      5.5252      7.1038      8.6824     10.2610     11.8396     13.4182     14.9968     16.5755     18.1541     19.7327     21.3113     22.8899     24.4685     26.0471     27.6258     29.2044     30.7830     32.3616     33.9402     35.5188     37.0974     38.2814     39.0707
                          zB[m] (radial coordinate along blade axis)
     time[s]  azimuth[deg]      0.1833      1.7549      3.3297      4.9065      6.4841      8.0620      9.6411     11.2240     12.8077     14.3896     15.9673     17.5458     19.1243     20.7027     22.2809     23.8588     25.4361     27.0127     28.5884     30.1632     31.7370     33.3100     34.8820     36.4536     37.6306     38.4127
      0.0000        0.0000 -0.1151E-09 -0.3761E-10  0.2862E-11  0.2031E-10  0.2658E-10  0.2559E-10  0.2152E-10  0.1718E-10  0.1317E-10  0.9840E-11  0.7348E-11  0.5749E-11  0.4541E-11  0.3631E-11  0.2945E-11  0.2401E-11  0.1967E-11  0.1617E-11  0.1338E-11  0.1109E-11  0.9164E-12  0.7447E-12  0.5891E-12  0.4443E-12  0.3853E-12  0.7983E-12
      0.1355       10.0000  0.1131E-11  0.1358E-10  0.2774E-10  0.3297E-10  0.3347E-10  0.2941E-10  0.2391E-10  0.1883E-10  0.1435E-10  0.1067E-10  0.7938E-11  0.6205E-11  0.4902E-11  0.3925E-11  0.3190E-11  0.2607E-11  0.2140E-11  0.1762E-11  0.1462E-11  0.1221E-11  0.1017E-11  0.8386E-12  0.6812E-12  0.5388E-12  0.4880E-12  0.9142E-12
      0.2710       20.0000  0.1276E-09  0.6878E-10  0.5446E-10  0.4654E-10  0.4072E-10  0.3344E-10  0.2642E-10  0.2060E-10  0.1563E-10  0.1156E-10  0.8551E-11  0.6677E-11  0.5273E-11  0.4226E-11  0.3440E-11  0.2816E-11  0.2314E-11  0.1906E-11  0.1583E-11  0.1330E-11  0.1117E-11  0.9313E-12  0.7733E-12  0.6354E-12  0.5965E-12  0.1048E-11
      0.4065       30.0000  0.2675E-09  0.1307E-09  0.8461E-10  0.6188E-10  0.4892E-10  0.3802E-10  0.2929E-10  0.2263E-10  0.1709E-10  0.1256E-10  0.9228E-11  0.7194E-11  0.5676E-11  0.4550E-11  0.3709E-11  0.3039E-11  0.2497E-11  0.2057E-11  0.1710E-11  0.1444E-11  0.1220E-11  0.1028E-11  0.8708E-12  0.7399E-12  0.7177E-12  0.1209E-11
      0.5420       40.0000  0.4234E-09  0.2028E-09  0.1202E-09  0.8005E-10  0.5864E-10  0.4344E-10  0.3270E-10  0.2506E-10  0.1883E-10  0.1373E-10  0.1001E-10  0.7787E-11  0.6135E-11  0.4917E-11  0.4012E-11  0.3288E-11  0.2702E-11  0.2222E-11  0.1848E-11  0.1569E-11  0.1334E-11  0.1135E-11  0.9802E-12  0.8595E-12  0.8602E-12  0.1408E-11
      0.6775       50.0000  0.5976E-09  0.2888E-09  0.1637E-09  0.1025E-09  0.7061E-10  0.5012E-10  0.3691E-10  0.2807E-10  0.2099E-10  0.1517E-10  0.1095E-10  0.8495E-11  0.6681E-11  0.5351E-11  0.4370E-11  0.3583E-11  0.2942E-11  0.2415E-11  0.2008E-11  0.1715E-11  0.1466E-11  0.1261E-11  0.1110E-11  0.1004E-11  0.1036E-11  0.1661E-11
      0.8130       60.0000  0.7908E-09  0.3935E-09  0.2187E-09  0.1311E-09  0.8592E-10  0.5864E-10  0.4229E-10  0.3193E-10  0.2374E-10  0.1699E-10  0.1213E-10  0.9382E-11  0.7361E-11  0.5891E-11  0.4815E-11  0.3948E-11  0.3238E-11  0.2653E-11  0.2204E-11  0.1894E-11  0.1630E-11  0.1417E-11  0.1273E-11  0.1187E-11  0.1261E-11  0.1993E-11
      0.9485       70.0000  0.1001E-08  0.5224E-09  0.2898E-09  0.1689E-09  0.1062E-09  0.6995E-10  0.4944E-10  0.3707E-10  0.2741E-10  0.1940E-10  0.1367E-10  0.1055E-10  0.8253E-11  0.6599E-11  0.5399E-11  0.4426E-11  0.3627E-11  0.2964E-11  0.2460E-11  0.2129E-11  0.1846E-11  0.1624E-11  0.1490E-11  0.1432E-11  0.1565E-11  0.2441E-11
      1.0840       80.0000  0.1221E-08  0.6813E-09  0.3836E-09  0.2202E-09  0.1342E-09  0.8561E-10  0.5936E-10  0.4421E-10  0.3251E-10  0.2275E-10  0.1582E-10  0.1216E-10  0.9493E-11  0.7583E-11  0.6212E-11  0.5094E-11  0.4170E-11  0.3398E-11  0.2820E-11  0.2458E-11  0.2150E-11  0.1915E-11  0.1795E-11  0.1777E-11  0.1990E-11  0.3066E-11
      1.2195       90.0000  0.1437E-08  0.8751E-09  0.5089E-09  0.2919E-09  0.1742E-09  0.1083E-09  0.7379E-10  0.5460E-10  0.3994E-10  0.2766E-10  0.1899E-10  0.1455E-10  0.1132E-10  0.9040E-11  0.7417E-11  0.6084E-11  0.4978E-11  0.4048E-11  0.3359E-11  0.2953E-11  0.2604E-11  0.2350E-11  0.2251E-11  0.2288E-11  0.2616E-11  0.3970E-11
      1.3550      100.0000  0.1628E-08  0.1104E-08  0.6770E-09  0.3943E-09  0.2334E-09  0.1426E-09  0.9584E-10  0.7051E-10  0.5136E-10  0.3526E-10  0.2395E-10  0.1829E-10  0.1421E-10  0.1134E-10  0.9322E-11  0.7654E-11  0.6262E-11  0.5086E-11  0.4223E-11  0.3745E-11  0.3332E-11  0.3045E-11  0.2971E-11  0.3090E-11  0.3585E-11  0.5338E-11
      1.4905      110.0000  0.1761E-08  0.1359E-08  0.9000E-09  0.5432E-09  0.3243E-09  0.1970E-09  0.1314E-09  0.9626E-10  0.6996E-10  0.4780E-10  0.3224E-10  0.2459E-10  0.1908E-10  0.1524E-10  0.1255E-10  0.1032E-10  0.8451E-11  0.6865E-11  0.5712E-11  0.5105E-11  0.4579E-11  0.4229E-11  0.4189E-11  0.4426E-11  0.5176E-11  0.7522E-11
      1.6260      120.0000  0.1799E-08  0.1609E-08  0.1184E-08  0.7607E-09  0.4683E-09  0.2876E-09  0.1919E-09  0.1405E-09  0.1023E-09  0.6995E-10  0.4718E-10  0.3599E-10  0.2795E-10  0.2234E-10  0.1844E-10  0.1520E-10  0.1248E-10  0.1016E-10  0.8481E-11  0.7627E-11  0.6884E-11  0.6408E-11  0.6406E-11  0.6827E-11  0.7985E-11  0.1126E-10
      1.7615      130.0000  0.1704E-08  0.1788E-08  0.1512E-08  0.1070E-08  0.6995E-09  0.4442E-09  0.3009E-09  0.2218E-09  0.1626E-09  0.1124E-09  0.7644E-10  0.5851E-10  0.4557E-10  0.3654E-10  0.3024E-10  0.2501E-10  0.2061E-10  0.1686E-10  0.1414E-10  0.1276E-10  0.1157E-10  0.1081E-10  0.1084E-10  0.1156E-10  0.1343E-10  0.1826E-10
      1.8970      140.0000  0.1454E-08  0.1790E-08  0.1801E-08  0.1466E-08  0.1060E-08  0.7200E-09  0.5064E-09  0.3812E-09  0.2852E-09  0.2015E-09  0.1400E-09  0.1081E-09  0.8481E-10  0.6840E-10  0.5683E-10  0.4723E-10  0.3915E-10  0.3225E-10  0.2720E-10  0.2461E-10  0.2235E-10  0.2091E-10  0.2092E-10  0.2218E-10  0.2540E-10  0.3310E-10
      2.0325      150.0000  0.1056E-08  0.1494E-08  0.1848E-08  0.1822E-08  0.1540E-08  0.1175E-08  0.8928E-09  0.7068E-09  0.5530E-09  0.4091E-09  0.2957E-09  0.2330E-09  0.1858E-09  0.1517E-09  0.1271E-09  0.1066E-09  0.8921E-10  0.7425E-10  0.6314E-10  0.5723E-10  0.5203E-10  0.4864E-10  0.4833E-10  0.5066E-10  0.5691E-10  0.7064E-10
      2.1680      160.0000  0.5478E-09  0.8441E-09  0.1355E-08  0.1725E-08  0.1822E-08  0.1672E-08  0.1464E-08  0.1293E-08  0.1117E-08  0.9096E-09  0.7137E-09  0.5915E-09  0.4914E-09  0.4140E-09  0.3551E-09  0.3042E-09  0.2597E-09  0.2203E-09  0.1902E-09  0.1734E-09  0.1582E-09  0.1479E-09  0.1458E-09  0.1508E-09  0.1655E-09  0.1943E-09
      2.3035      170.0000 -0.1927E-11 -0.5970E-10  0.2179E-09  0.6473E-09  0.1027E-08  0.1247E-08  0.1357E-08  0.1454E-08  0.1537E-08  0.1537E-08  0.1453E-08  0.1380E-08  0.1290E-08  0.1200E-08  0.1115E-08  0.1024E-08  0.9296E-09  0.8328E-09  0.7509E-09  0.7035E-09  0.6562E-09  0.6218E-09  0.6140E-09  0.6293E-09  0.6753E-09  0.7422E-09
      2.4390      180.0000 -0.5199E-09 -0.9684E-09 -0.1128E-08 -0.1037E-08 -0.8717E-09 -0.7249E-09 -0.6661E-09 -0.6609E-09 -0.5959E-09 -0.4520E-09 -0.3075E-09 -0.2527E-09 -0.1951E-09 -0.1471E-09 -0.1130E-09 -0.8217E-10 -0.5445E-10 -0.3011E-10 -0.1475E-10 -0.1356E-10 -0.7615E-11 -0.4280E-11 -0.6533E-11 -0.1152E-10 -0.2621E-10 -0.1349E-09
      2.5745      190.0000 -0.9474E-09 -0.1634E-08 -0.2019E-08 -0.2065E-08 -0.1956E-08 -0.1780E-08 -0.1666E-08 -0.1622E-08 -0.1541E-08 -0.1390E-08 -0.1234E-08 -0.1158E-08 -0.1084E-08 -0.1020E-08 -0.9636E-09 -0.8975E-09 -0.8248E-09 -0.7469E-09 -0.6806E-09 -0.6438E-09 -0.6072E-09 -0.5813E-09 -0.5795E-09 -0.5993E-09 -0.6465E-09 -0.6931E-09
      2.7100      200.0000 -0.1254E-08 -0.1954E-08 -0.2237E-08 -0.2103E-08 -0.1808E-08 -0.1473E-08 -0.1219E-08 -0.1042E-08 -0.8840E-09 -0.7289E-09 -0.5982E-09 -0.5140E-09 -0.4449E-09 -0.3893E-09 -0.3440E-09 -0.3028E-09 -0.2655E-09 -0.2315E-09 -0.2041E-09 -0.1867E-09 -0.1712E-09 -0.1599E-09 -0.1552E-09 -0.1558E-09 -0.1624E-09 -0.1607E-09
      2.8455      210.0000 -0.1436E-08 -0.1979E-08 -0.2019E-08 -0.1692E-08 -0.1307E-08 -0.9643E-09 -0.7250E-09 -0.5662E-09 -0.4471E-09 -0.3508E-09 -0.2769E-09 -0.2280E-09 -0.1904E-09 -0.1614E-09 -0.1388E-09 -0.1196E-09 -0.1032E-09 -0.8898E-10 -0.7768E-10 -0.7022E-10 -0.6378E-10 -0.5897E-10 -0.5649E-10 -0.5575E-10 -0.5670E-10 -0.5228E-10
      2.9810      220.0000 -0.1511E-08 -0.1823E-08 -0.1647E-08 -0.1243E-08 -0.8814E-09 -0.6053E-09 -0.4269E-09 -0.3146E-09 -0.2382E-09 -0.1824E-09 -0.1417E-09 -0.1142E-09 -0.9374E-10 -0.7834E-10 -0.6651E-10 -0.5679E-10 -0.4872E-10 -0.4189E-10 -0.3647E-10 -0.3281E-10 -0.2968E-10 -0.2732E-10 -0.2599E-10 -0.2538E-10 -0.2534E-10 -0.2178E-10
      3.1165      230.0000 -0.1504E-08 -0.1587E-08 -0.1282E-08 -0.8862E-09 -0.5881E-09 -0.3832E-09 -0.2583E-09 -0.1829E-09 -0.1349E-09 -0.1020E-09 -0.7872E-10 -0.6276E-10 -0.5107E-10 -0.4237E-10 -0.3576E-10 -0.3042E-10 -0.2606E-10 -0.2241E-10 -0.1952E-10 -0.1753E-10 -0.1585E-10 -0.1457E-10 -0.1382E-10 -0.1342E-10 -0.1322E-10 -0.1056E-10
      3.2520      240.0000 -0.1441E-08 -0.1337E-08 -0.9777E-09 -0.6288E-09 -0.3952E-09 -0.2465E-09 -0.1601E-09 -0.1098E-09 -0.7947E-10 -0.5974E-10 -0.4604E-10 -0.3648E-10 -0.2956E-10 -0.2446E-10 -0.2059E-10 -0.1751E-10 -0.1501E-10 -0.1294E-10 -0.1129E-10 -0.1016E-10 -0.9199E-11 -0.8476E-11 -0.8046E-11 -0.7807E-11 -0.7615E-11 -0.5611E-11
      3.3875      250.0000 -0.1344E-08 -0.1107E-08 -0.7417E-09 -0.4481E-09 -0.2680E-09 -0.1602E-09 -0.1002E-09 -0.6673E-10 -0.4750E-10 -0.3560E-10 -0.2748E-10 -0.2170E-10 -0.1757E-10 -0.1454E-10 -0.1225E-10 -0.1044E-10 -0.8983E-11 -0.7773E-11 -0.6813E-11 -0.6155E-11 -0.5598E-11 -0.5186E-11 -0.4951E-11 -0.4827E-11 -0.4685E-11 -0.3140E-11
      3.5230      260.0000 -0.1229E-08 -0.9072E-09 -0.5633E-09 -0.3215E-09 -0.1826E-09 -0.1039E-09 -0.6212E-10 -0.3992E-10 -0.2790E-10 -0.2088E-10 -0.1618E-10 -0.1277E-10 -0.1036E-10 -0.8607E-11 -0.7282E-11 -0.6240E-11 -0.5402E-11 -0.4706E-11 -0.4153E-11 -0.3784E-11 -0.3471E-11 -0.3249E-11 -0.3138E-11 -0.3095E-11 -0.3006E-11 -0.1786E-11
      3.6585      270.0000 -0.1106E-08 -0.7402E-09 -0.4293E-09 -0.2319E-09 -0.1242E-09 -0.6610E-10 -0.3703E-10 -0.2252E-10 -0.1531E-10 -0.1144E-10 -0.8946E-11 -0.7068E-11 -0.5773E-11 -0.4840E-11 -0.4136E-11 -0.3584E-11 -0.3140E-11 -0.2768E-11 -0.2473E-11 -0.2288E-11 -0.2132E-11 -0.2031E-11 -0.2003E-11 -0.2019E-11 -0.1974E-11 -0.9884E-12
      3.7940      280.0000 -0.9835E-09 -0.6025E-09 -0.3284E-09 -0.1674E-09 -0.8330E-10 -0.4016E-10 -0.2002E-10 -0.1088E-10 -0.6936E-11 -0.5167E-11 -0.4125E-11 -0.3278E-11 -0.2727E-11 -0.2342E-11 -0.2054E-11 -0.1827E-11 -0.1643E-11 -0.1484E-11 -0.1358E-11 -0.1297E-11 -0.1245E-11 -0.1226E-11 -0.1255E-11 -0.1313E-11 -0.1303E-11 -0.4889E-12
      3.9295      290.0000 -0.8642E-09 -0.4893E-09 -0.2515E-09 -0.1203E-09 -0.5413E-10 -0.2196E-10 -0.8238E-11 -0.2874E-11 -0.1202E-11 -0.8686E-12 -0.8177E-12 -0.6791E-12 -0.6381E-12 -0.6302E-12 -0.6257E-12 -0.6222E-12 -0.6158E-12 -0.6014E-12 -0.5916E-12 -0.6155E-12 -0.6346E-12 -0.6725E-12 -0.7410E-12 -0.8287E-12 -0.8456E-12 -0.1586E-12
      4.0650      300.0000 -0.7498E-09 -0.3956E-09 -0.1920E-09 -0.8520E-10 -0.3289E-10 -0.8944E-11  0.9482E-13  0.2747E-11  0.2819E-11  0.2148E-11  0.1506E-11  0.1148E-11  0.8318E-12  0.5762E-12  0.3813E-12  0.2288E-12  0.1108E-12  0.2340E-13 -0.4824E-13 -0.1318E-12 -0.2013E-12 -0.2788E-12 -0.3755E-12 -0.4847E-12 -0.5212E-12  0.7194E-13
      4.2005      310.0000 -0.6402E-09 -0.3171E-09 -0.1450E-09 -0.5834E-10 -0.1706E-10  0.5764E-12  0.6114E-11  0.6790E-11  0.5708E-11  0.4316E-11  0.3177E-11  0.2464E-11  0.1892E-11  0.1448E-11  0.1110E-11  0.8457E-12  0.6383E-12  0.4776E-12  0.3473E-12  0.2209E-12  0.1152E-12  0.9177E-14 -0.1075E-12 -0.2316E-12 -0.2819E-12  0.2423E-12
      4.3360      320.0000 -0.5346E-09 -0.2500E-09 -0.1068E-09 -0.3723E-10 -0.4921E-11  0.7732E-11  0.1058E-10  0.9783E-11  0.7849E-11  0.5921E-11  0.4410E-11  0.3436E-11  0.2677E-11  0.2095E-11  0.1652E-11  0.1306E-11  0.1032E-11  0.8168E-12  0.6429E-12  0.4851E-12  0.3527E-12  0.2260E-12  0.9526E-13 -0.3898E-13 -0.9822E-13  0.3764E-12
      4.4715      330.0000 -0.4314E-09 -0.1911E-09 -0.7488E-10 -0.2002E-10  0.4744E-11  0.1331E-10  0.1403E-10  0.1209E-10  0.9504E-11  0.7156E-11  0.5354E-11  0.4181E-11  0.3278E-11  0.2591E-11  0.2070E-11  0.1660E-11  0.1336E-11  0.1078E-11  0.8707E-12  0.6892E-12  0.5366E-12  0.3944E-12  0.2537E-12  0.1131E-12  0.4893E-13  0.4897E-12
      4.6070      340.0000 -0.3287E-09 -0.1376E-09 -0.4703E-10 -0.5360E-11  0.1281E-10  0.1789E-10  0.1683E-10  0.1398E-10  0.1086E-10  0.8158E-11  0.6111E-11  0.4778E-11  0.3761E-11  0.2989E-11  0.2405E-11  0.1945E-11  0.1579E-11  0.1287E-11  0.1053E-11  0.8525E-12  0.6841E-12  0.5300E-12  0.3824E-12  0.2382E-12  0.1726E-12  0.5926E-12
      4.7425      350.0000 -0.2241E-09 -0.8726E-10 -0.2161E-10  0.7796E-11  0.1995E-10  0.2189E-10  0.1928E-10  0.1564E-10  0.1205E-10  0.9030E-11  0.6759E-11  0.5287E-11  0.4170E-11  0.3327E-11  0.2689E-11  0.2185E-11  0.1784E-11  0.1462E-11  0.1204E-11  0.9891E-12  0.8077E-12  0.6440E-12  0.4916E-12  0.3461E-12  0.2823E-12  0.6933E-12
      4.8780      360.0000 -0.1151E-09 -0.3761E-10  0.2861E-11  0.2031E-10  0.2668E-10  0.2564E-10  0.2157E-10  0.1721E-10  0.1319E-10  0.9847E-11  0.7352E-11  0.5751E-11  0.4542E-11  0.3632E-11  0.2945E-11  0.2401E-11  0.1967E-11  0.1617E-11  0.1338E-11  0.1109E-11  0.9164E-12  0.7447E-12  0.5891E-12  0.4443E-12  0.3853E-12  0.7983E-12
      5.0136       10.0000  0.1131E-11  0.1358E-10  0.2774E-10  0.3297E-10  0.3346E-10  0.2941E-10  0.2390E-10  0.1882E-10  0.1435E-10  0.1067E-10  0.7937E-11  0.6204E-11  0.4902E-11  0.3925E-11  0.3190E-11  0.2607E-11  0.2140E-11  0.1762E-11  0.1462E-11  0.1221E-11  0.1017E-11  0.8386E-12  0.6812E-12  0.5388E-12  0.4880E-12  0.9142E-12
      5.1491       20.0000  0.1276E-09  0.6878E-10  0.5446E-10  0.4654E-10  0.4072E-10  0.3346E-10  0.2642E-10  0.2059E-10  0.1562E-10  0.1156E-10  0.8549E-11  0.6676E-11  0.5273E-11  0.4226E-11  0.3440E-11  0.2816E-11  0.2314E-11  0.1906E-11  0.1583E-11  0.1330E-11  0.1117E-11  0.9313E-12  0.7733E-12  0.6354E-12  0.5965E-12  0.1048E-11
      5.2846       30.0000  0.2675E-09  0.1307E-09  0.8461E-10  0.6188E-10  0.4892E-10  0.3805E-10  0.2928E-10  0.2262E-10  0.1708E-10  0.1255E-10  0.9226E-11  0.7193E-11  0.5676E-11  0.4550E-11  0.3709E-11  0.3038E-11  0.2497E-11  0.2057E-11  0.1710E-11  0.1444E-11  0.1220E-11  0.1028E-11  0.8708E-12  0.7399E-12  0.7177E-12  0.1209E-11
      5.4201       40.0000  0.4234E-09  0.2028E-09  0.1202E-09  0.8005E-10  0.5864E-10  0.4347E-10  0.3269E-10  0.2505E-10  0.1883E-10  0.1373E-10  0.1001E-10  0.7786E-11  0.6135E-11  0.4917E-11  0.4012E-11  0.3288E-11  0.2702E-11  0.2222E-11  0.1848E-11  0.1569E-11  0.1334E-11  0.1135E-11  0.9802E-12  0.8595E-12  0.8602E-12  0.1408E-11
      5.5556       50.0000  0.5976E-09  0.2888E-09  0.1637E-09  0.1025E-09  0.7060E-10  0.5014E-10  0.3690E-10  0.2806E-10  0.2098E-10  0.1517E-10  0.1095E-10  0.8495E-11  0.6681E-11  0.5351E-11  0.4370E-11  0.3583E-11  0.2942E-11  0.2415E-11  0.2008E-11  0.1715E-11  0.1466E-11  0.1261E-11  0.1110E-11  0.1004E-11  0.1036E-11  0.1661E-11
      5.6911       60.0000  0.7908E-09  0.3935E-09  0.2187E-09  0.1311E-09  0.8591E-10  0.5866E-10  0.4228E-10  0.3192E-10  0.2374E-10  0.1699E-10  0.1212E-10  0.9381E-11  0.7361E-11  0.5891E-11  0.4815E-11  0.3948E-11  0.3238E-11  0.2653E-11  0.2204E-11  0.1894E-11  0.1630E-11  0.1417E-11  0.1273E-11  0.1187E-11  0.1261E-11  0.1993E-11
      5.8266       70.0000  0.1001E-08  0.5224E-09  0.2898E-09  0.1689E-09  0.1062E-09  0.6996E-10  0.4942E-10  0.3706E-10  0.2741E-10  0.1940E-10  0.1367E-10  0.1055E-10  0.8253E-11  0.6599E-11  0.5399E-11  0.4426E-11  0.3627E-11  0.2964E-11  0.2460E-11  0.2129E-11  0.1846E-11  0.1624E-11  0.1490E-11  0.1432E-11  0.1565E-11  0.2441E-11
      5.9621       80.0000  0.1221E-08  0.6813E-09  0.3836E-09  0.2202E-09  0.1342E-09  0.8562E-10  0.5934E-10  0.4420E-10  0.3250E-10  0.2275E-10  0.1582E-10  0.1216E-10  0.9492E-11  0.7583E-11  0.6212E-11  0.5094E-11  0.4170E-11  0.3398E-11  0.2820E-11  0.2458E-11  0.2150E-11  0.1915E-11  0.1795E-11  0.1777E-11  0.1990E-11  0.3066E-11
      6.0976       90.0000  0.1437E-08  0.8751E-09  0.5089E-09  0.2919E-09  0.1741E-09  0.1083E-09  0.7376E-10  0.5459E-10  0.3993E-10  0.2765E-10  0.1899E-10  0.1455E-10  0.1132E-10  0.9040E-11  0.7417E-11  0.6084E-11  0.4978E-11  0.4048E-11  0.3359E-11  0.2953E-11  0.2604E-11  0.2350E-11  0.2251E-11  0.2288E-11  0.2616E-11  0.3970E-11
      6.2331      100.0000  0.1628E-08  0.1104E-08  0.6770E-09  0.3943E-09  0.2333E-09  0.1426E-09  0.9581E-10  0.7049E-10  0.5135E-10  0.3526E-10  0.2394E-10  0.1829E-10  0.1421E-10  0.1134E-10  0.9322E-11  0.7654E-11  0.6262E-11  0.5086E-11  0.4223E-11  0.3745E-11  0.3332E-11  0.3045E-11  0.2971E-11  0.3090E-11  0.3585E-11  0.5338E-11
      6.3686      110.0000  0.1761E-08  0.1359E-08  0.9000E-09  0.5432E-09  0.3243E-09  0.1970E-09  0.1313E-09  0.9624E-10  0.6994E-10  0.4779E-10  0.3224E-10  0.2459E-10  0.1908E-10  0.1524E-10  0.1255E-10  0.1032E-10  0.8451E-11  0.6865E-11  0.5712E-11  0.5105E-11  0.4579E-11  0.4229E-11  0.4189E-11  0.4426E-11  0.5176E-11  0.7522E-11
      6.5041      120.0000  0.1799E-08  0.1609E-08  0.1184E-08  0.7607E-09  0.4682E-09  0.2875E-09  0.1918E-09  0.1405E-09  0.1022E-09  0.6994E-10  0.4717E-10  0.3599E-10  0.2794E-10  0.2234E-10  0.1844E-10  0.1520E-10  0.1248E-10  0.1016E-10  0.8481E-11  0.7627E-11  0.6884E-11  0.6408E-11  0.6406E-11  0.6827E-11  0.7985E-11  0.1126E-10
      6.6396      130.0000  0.1704E-08  0.1788E-08  0.1512E-08  0.1070E-08  0.6994E-09  0.4442E-09  0.3008E-09  0.2217E-09  0.1626E-09  0.1123E-09  0.7643E-10  0.5851E-10  0.4557E-10  0.3654E-10  0.3024E-10  0.2501E-10  0.2061E-10  0.1686E-10  0.1414E-10  0.1276E-10  0.1157E-10  0.1081E-10  0.1084E-10  0.1156E-10  0.1343E-10  0.1826E-10
      6.7751      140.0000  0.1454E-08  0.1790E-08  0.1801E-08  0.1466E-08  0.1060E-08  0.7200E-09  0.5063E-09  0.3811E-09  0.2851E-09  0.2015E-09  0.1400E-09  0.1081E-09  0.8481E-10  0.6840E-10  0.5683E-10  0.4723E-10  0.3915E-10  0.3225E-10  0.2720E-10  0.2461E-10  0.2235E-10  0.2091E-10  0.2092E-10  0.2218E-10  0.2540E-10  0.3310E-10
      6.9106      150.0000  0.1056E-08  0.1494E-08  0.1848E-08  0.1822E-08  0.1540E-08  0.1175E-08  0.8925E-09  0.7067E-09  0.5529E-09  0.4091E-09  0.2957E-09  0.2330E-09  0.1858E-09  0.1517E-09  0.1271E-09  0.1066E-09  0.8921E-10  0.7425E-10  0.6314E-10  0.5723E-10  0.5203E-10  0.4864E-10  0.4833E-10  0.5066E-10  0.5691E-10  0.7064E-10
      7.0461      160.0000  0.5478E-09  0.8441E-09  0.1355E-08  0.1725E-08  0.1822E-08  0.1672E-08  0.1464E-08  0.1292E-08  0.1117E-08  0.9095E-09  0.7136E-09  0.5915E-09  0.4914E-09  0.4140E-09  0.3551E-09  0.3042E-09  0.2597E-09  0.2203E-09  0.1902E-09  0.1734E-09  0.1582E-09  0.1479E-09  0.1458E-09  0.1508E-09  0.1655E-09  0.1943E-09
      7.1816      170.0000 -0.1927E-11 -0.5970E-10  0.2179E-09  0.6473E-09  0.1026E-08  0.1247E-08  0.1357E-08  0.1453E-08  0.1536E-08  0.1537E-08  0.1453E-08  0.1380E-08  0.1290E-08  0.1200E-08  0.1115E-08  0.1024E-08  0.9296E-09  0.8328E-09  0.7509E-09  0.7035E-09  0.6562E-09  0.6218E-09  0.6140E-09  0.6293E-09  0.6753E-09  0.7422E-09
      7.3171      180.0000 -0.5199E-09 -0.9684E-09 -0.1128E-08 -0.1037E-08 -0.8716E-09 -0.7248E-09 -0.6659E-09 -0.6608E-09 -0.5959E-09 -0.4520E-09 -0.3075E-09 -0.2527E-09 -0.1951E-09 -0.1471E-09 -0.1130E-09 -0.8217E-10 -0.5445E-10 -0.3011E-10 -0.1475E-10 -0.1356E-10 -0.7615E-11 -0.4280E-11 -0.6533E-11 -0.1152E-10 -0.2621E-10 -0.1349E-09
      7.4526      190.0000 -0.9474E-09 -0.1634E-08 -0.2019E-08 -0.2065E-08 -0.1955E-08 -0.1780E-08 -0.1666E-08 -0.1622E-08 -0.1541E-08 -0.1390E-08 -0.1234E-08 -0.1158E-08 -0.1084E-08 -0.1020E-08 -0.9635E-09 -0.8975E-09 -0.8248E-09 -0.7469E-09 -0.6806E-09 -0.6438E-09 -0.6072E-09 -0.5813E-09 -0.5795E-09 -0.5993E-09 -0.6465E-09 -0.6931E-09
      7.5881      200.0000 -0.1254E-08 -0.1954E-08 -0.2237E-08 -0.2103E-08 -0.1808E-08 -0.1473E-08 -0.1218E-08 -0.1042E-08 -0.8838E-09 -0.7288E-09 -0.5981E-09 -0.5140E-09 -0.4449E-09 -0.3893E-09 -0.3440E-09 -0.3028E-09 -0.2655E-09 -0.2315E-09 -0.2041E-09 -0.1867E-09 -0.1712E-09 -0.1599E-09 -0.1552E-09 -0.1558E-09 -0.1624E-09 -0.1607E-09
      7.7236      210.0000 -0.1436E-08 -0.1979E-08 -0.2019E-08 -0.1692E-08 -0.1307E-08 -0.9643E-09 -0.7248E-09 -0.5661E-09 -0.4470E-09 -0.3507E-09 -0.2769E-09 -0.2280E-09 -0.1904E-09 -0.1614E-09 -0.1388E-09 -0.1196E-09 -0.1032E-09 -0.8898E-10 -0.7768E-10 -0.7022E-10 -0.6378E-10 -0.5897E-10 -0.5649E-10 -0.5575E-10 -0.5670E-10 -0.5228E-10
      7.8591      220.0000 -0.1511E-08 -0.1823E-08 -0.1647E-08 -0.1243E-08 -0.8813E-09 -0.6053E-09 -0.4268E-09 -0.3146E-09 -0.2382E-09 -0.1824E-09 -0.1416E-09 -0.1142E-09 -0.9374E-10 -0.7833E-10 -0.6650E-10 -0.5679E-10 -0.4872E-10 -0.4189E-10 -0.3647E-10 -0.3281E-10 -0.2968E-10 -0.2732E-10 -0.2599E-10 -0.2538E-10 -0.2534E-10 -0.2178E-10
      7.9946      230.0000 -0.1504E-08 -0.1587E-08 -0.1282E-08 -0.8862E-09 -0.5880E-09 -0.3832E-09 -0.2582E-09 -0.1829E-09 -0.1348E-09 -0.1020E-09 -0.7871E-10 -0.6275E-10 -0.5106E-10 -0.4237E-10 -0.3576E-10 -0.3042E-10 -0.2606E-10 -0.2241E-10 -0.1952E-10 -0.1753E-10 -0.1585E-10 -0.1457E-10 -0.1382E-10 -0.1342E-10 -0.1322E-10 -0.1056E-10
      8.1301      240.0000 -0.1441E-08 -0.1337E-08 -0.9777E-09 -0.6288E-09 -0.3951E-09 -0.2465E-09 -0.1600E-09 -0.1098E-09 -0.7945E-10 -0.5973E-10 -0.4603E-10 -0.3647E-10 -0.2956E-10 -0.2446E-10 -0.2059E-10 -0.1751E-10 -0.1501E-10 -0.1294E-10 -0.1129E-10 -0.1016E-10 -0.9199E-11 -0.8476E-11 -0.8046E-11 -0.7807E-11 -0.7615E-11 -0.5611E-11
      8.2656      250.0000 -0.1344E-08 -0.1107E-08 -0.7417E-09 -0.4481E-09 -0.2680E-09 -0.1602E-09 -0.1002E-09 -0.6672E-10 -0.4749E-10 -0.3559E-10 -0.2747E-10 -0.2170E-10 -0.1757E-10 -0.1454E-10 -0.1225E-10 -0.1044E-10 -0.8983E-11 -0.7773E-11 -0.6813E-11 -0.6155E-11 -0.5598E-11 -0.5186E-11 -0.4951E-11 -0.4827E-11 -0.4685E-11 -0.3140E-11
      8.4011      260.0000 -0.1229E-08 -0.9072E-09 -0.5633E-09 -0.3215E-09 -0.1826E-09 -0.1039E-09 -0.6211E-10 -0.3991E-10 -0.2790E-10 -0.2087E-10 -0.1618E-10 -0.1277E-10 -0.1036E-10 -0.8606E-11 -0.7281E-11 -0.6240E-11 -0.5402E-11 -0.4706E-11 -0.4153E-11 -0.3784E-11 -0.3471E-11 -0.3249E-11 -0.3138E-11 -0.3095E-11 -0.3006E-11 -0.1786E-11
      8.5366      270.0000 -0.1106E-08 -0.7402E-09 -0.4293E-09 -0.2319E-09 -0.1242E-09 -0.6610E-10 -0.3702E-10 -0.2252E-10 -0.1531E-10 -0.1144E-10 -0.8945E-11 -0.7068E-11 -0.5773E-11 -0.4840E-11 -0.4136E-11 -0.3584E-11 -0.3140E-11 -0.2768E-11 -0.2473E-11 -0.2288E-11 -0.2132E-11 -0.2031E-11 -0.2003E-11 -0.2019E-11 -0.1974E-11 -0.9884E-12
      8.6721      280.0000 -0.9835E-09 -0.6025E-09 -0.3284E-09 -0.1674E-09 -0.8329E-10 -0.4016E-10 -0.2002E-10 -0.1088E-10 -0.6936E-11 -0.5166E-11 -0.4124E-11 -0.3278E-11 -0.2726E-11 -0.2342E-11 -0.2053E-11 -0.1827E-11 -0.1643E-11 -0.1484E-11 -0.1358E-11 -0.1297E-11 -0.1245E-11 -0.1226E-11 -0.1255E-11 -0.1313E-11 -0.1303E-11 -0.4889E-12
      8.8076      290.0000 -0.8642E-09 -0.4893E-09 -0.2515E-09 -0.1203E-09 -0.5413E-10 -0.2196E-10 -0.8236E-11 -0.2874E-11 -0.1202E-11 -0.8687E-12 -0.8177E-12 -0.6791E-12 -0.6381E-12 -0.6302E-12 -0.6257E-12 -0.6222E-12 -0.6158E-12 -0.6014E-12 -0.5916E-12 -0.6155E-12 -0.6346E-12 -0.6725E-12 -0.7410E-12 -0.8287E-12 -0.8456E-12 -0.1586E-12
      8.9431      300.0000 -0.7498E-09 -0.3956E-09 -0.1920E-09 -0.8520E-10 -0.3289E-10 -0.8944E-11  0.9430E-13  0.2746E-11  0.2818E-11  0.2147E-11  0.1506E-11  0.1148E-11  0.8318E-12  0.5762E-12  0.3813E-12  0.2288E-12  0.1108E-12  0.2340E-13 -0.4824E-13 -0.1318E-12 -0.2013E-12 -0.2788E-12 -0.3755E-12 -0.4847E-12 -0.5212E-12  0.7194E-13
      9.0786      310.0000 -0.6402E-09 -0.3171E-09 -0.1450E-09 -0.5834E-10 -0.1706E-10  0.5768E-12  0.6112E-11  0.6788E-11  0.5707E-11  0.4315E-11  0.3176E-11  0.2463E-11  0.1892E-11  0.1448E-11  0.1110E-11  0.8457E-12  0.6383E-12  0.4776E-12  0.3473E-12  0.2209E-12  0.1152E-12  0.9177E-14 -0.1075E-12 -0.2316E-12 -0.2819E-12  0.2423E-12
      9.2141      320.0000 -0.5346E-09 -0.2500E-09 -0.1068E-09 -0.3723E-10 -0.4923E-11  0.7732E-11  0.1058E-10  0.9781E-11  0.7848E-11  0.5920E-11  0.4410E-11  0.3436E-11  0.2677E-11  0.2094E-11  0.1652E-11  0.1306E-11  0.1032E-11  0.8168E-12  0.6429E-12  0.4851E-12  0.3527E-12  0.2260E-12  0.9526E-13 -0.3898E-13 -0.9822E-13  0.3764E-12
      9.3496      330.0000 -0.4314E-09 -0.1911E-09 -0.7488E-10 -0.2002E-10  0.4742E-11  0.1331E-10  0.1403E-10  0.1209E-10  0.9503E-11  0.7155E-11  0.5353E-11  0.4181E-11  0.3278E-11  0.2591E-11  0.2070E-11  0.1660E-11  0.1336E-11  0.1078E-11  0.8707E-12  0.6892E-12  0.5366E-12  0.3944E-12  0.2537E-12  0.1131E-12  0.4893E-13  0.4897E-12
      9.4851      340.0000 -0.3287E-09 -0.1376E-09 -0.4703E-10 -0.5360E-11  0.1281E-10  0.1789E-10  0.1683E-10  0.1398E-10  0.1086E-10  0.8157E-11  0.6111E-11  0.4778E-11  0.3761E-11  0.2989E-11  0.2405E-11  0.1945E-11  0.1579E-11  0.1287E-11  0.1053E-11  0.8525E-12  0.6841E-12  0.5300E-12  0.3824E-12  0.2382E-12  0.1726E-12  0.5926E-12
      9.6206      350.0000 -0.2241E-09 -0.8726E-10 -0.2161E-10  0.7796E-11  0.1994E-10  0.2189E-10  0.1927E-10  0.1563E-10  0.1205E-10  0.9029E-11  0.6758E-11  0.5287E-11  0.4170E-11  0.3327E-11  0.2689E-11  0.2185E-11  0.1784E-11  0.1462E-11  0.1204E-11  0.9891E-12  0.8077E-12  0.6440E-12  0.4916E-12  0.3461E-12  0.2823E-12  0.6933E-12
      9.7561      360.0000 -0.1151E-09 -0.3761E-10  0.2861E-11  0.2031E-10  0.2667E-10  0.2564E-10  0.2157E-10  0.1721E-10  0.1318E-10  0.9845E-11  0.7352E-11  0.5751E-11  0.4541E-11  0.3632E-11  0.2945E-11  0.2401E-11  0.1967E-11  0.1617E-11  0.1338E-11  0.1109E-11  0.9164E-12  0.7447E-12  0.5891E-12  0.4443E-12  0.3853E-12  0.7983E-12
      9.8916       10.0000  0.1131E-11  0.1358E-10  0.2774E-10  0.3297E-10  0.3345E-10  0.2941E-10  0.2389E-10  0.1882E-10  0.1435E-10  0.1067E-10  0.7936E-11  0.6204E-11  0.4901E-11  0.3925E-11  0.3190E-11  0.2607E-11  0.2140E-11  0.1762E-11  0.1462E-11  0.1221E-11  0.1017E-11  0.8386E-12  0.6812E-12  0.5388E-12  0.4880E-12  0.9142E-12
     10.0271       20.0000  0.1276E-09  0.6878E-10  0.5446E-10  0.4654E-10  0.4071E-10  0.3346E-10  0.2641E-10  0.2059E-10  0.1562E-10  0.1155E-10  0.8549E-11  0.6676E-11  0.5273E-11  0.4225E-11  0.3440E-11  0.2816E-11  0.2314E-11  0.1906E-11  0.1583E-11  0.1330E-11  0.1117E-11  0.9313E-12  0.7733E-12  0.6354E-12  0.5965E-12  0.1048E-11
     10.1626       30.0000  0.2675E-09  0.1307E-09  0.8461E-10  0.6188E-10  0.4892E-10  0.3805E-10  0.2928E-10  0.2262E-10  0.1708E-10  0.1255E-10  0.9226E-11  0.7193E-11  0.5676E-11  0.4550E-11  0.3709E-11  0.3038E-11  0.2497E-11  0.2057E-11  0.1710E-11  0.1444E-11  0.1220E-11  0.1028E-11  0.8708E-12  0.7399E-12  0.7177E-12  0.1209E-11
     10.2981       40.0000  0.4234E-09  0.2028E-09  0.1202E-09  0.8005E-10  0.5863E-10  0.4347E-10  0.3269E-10  0.2505E-10  0.1882E-10  0.1373E-10  0.1001E-10  0.7786E-11  0.6135E-11  0.4916E-11  0.4012E-11  0.3288E-11  0.2702E-11  0.2222E-11  0.1848E-11  0.1569E-11  0.1334E-11  0.1135E-11  0.9802E-12  0.8595E-12  0.8602E-12  0.1408E-11
     10.4336       50.0000  0.5976E-09  0.2888E-09  0.1637E-09  0.1025E-09  0.7059E-10  0.5014E-10  0.3689E-10  0.2806E-10  0.2098E-10  0.1516E-10  0.1095E-10  0.8494E-11  0.6681E-11  0.5351E-11  0.4370E-11  0.3582E-11  0.2942E-11  0.2415E-11  0.2008E-11  0.1715E-11  0.1466E-11  0.1261E-11  0.1110E-11  0.1004E-11  0.1036E-11  0.1661E-11
     10.5691       60.0000  0.7908E-09  0.3935E-09  0.2187E-09  0.1311E-09  0.8590E-10  0.5865E-10  0.4227E-10  0.3192E-10  0.2374E-10  0.1699E-10  0.1212E-10  0.9381E-11  0.7361E-11  0.5891E-11  0.4815E-11  0.3948E-11  0.3238E-11  0.2653E-11  0.2204E-11  0.1894E-11  0.1630E-11  0.1417E-11  0.1273E-11  0.1187E-11  0.1261E-11  0.1993E-11
     10.7046       70.0000  0.1001E-08  0.5224E-09  0.2898E-09  0.1689E-09  0.1062E-09  0.6996E-10  0.4941E-10  0.3706E-10  0.2740E-10  0.1940E-10  0.1367E-10  0.1054E-10  0.8253E-11  0.6599E-11  0.5399E-11  0.4426E-11  0.3627E-11  0.2964E-11  0.2460E-11  0.2129E-11  0.1846E-11  0.1624E-11  0.1490E-11  0.1432E-11  0.1565E-11  0.2441E-11
     10.8401       80.0000  0.1221E-08  0.6813E-09  0.3836E-09  0.2202E-09  0.1342E-09  0.8562E-10  0.5933E-10  0.4419E-10  0.3250E-10  0.2275E-10  0.1582E-10  0.1216E-10  0.9492E-11  0.7583E-11  0.6212E-11  0.5094E-11  0.4170E-11  0.3398E-11  0.2820E-11  0.2458E-11  0.2150E-11  0.1915E-11  0.1795E-11  0.1777E-11  0.1990E-11  0.3066E-11
     10.9756       90.0000  0.1437E-08  0.8751E-09  0.5089E-09  0.2919E-09  0.1741E-09  0.1083E-09  0.7375E-10  0.5458E-10  0.3993E-10  0.2765E-10  0.1898E-10  0.1455E-10  0.1132E-10  0.9040E-11  0.7417E-11  0.6084E-11  0.4978E-11  0.4048E-11  0.3359E-11  0.2953E-11  0.2604E-11  0.2350E-11  0.2251E-11  0.2288E-11  0.2616E-11  0.3970E-11
     11.1111      100.0000  0.1628E-08  0.1104E-08  0.6770E-09  0.3943E-09  0.2333E-09  0.1426E-09  0.9579E-10  0.7048E-10  0.5135E-10  0.3525E-10  0.2394E-10  0.1829E-10  0.1421E-10  0.1134E-10  0.9322E-11  0.7654E-11  0.6262E-11  0.5086E-11  0.4223E-11  0.3745E-11  0.3332E-11  0.3045E-11  0.2971E-11  0.3090E-11  0.3585E-11  0.5338E-11
     11.2466      110.0000  0.1761E-08  0.1359E-08  0.9000E-09  0.5432E-09  0.3243E-09  0.1970E-09  0.1313E-09  0.9622E-10  0.6994E-10  0.4779E-10  0.3224E-10  0.2459E-10  0.1908E-10  0.1524E-10  0.1255E-10  0.1032E-10  0.8451E-11  0.6865E-11  0.5712E-11  0.5105E-11  0.4579E-11  0.4229E-11  0.4189E-11  0.4426E-11  0.5176E-11  0.7522E-11
     11.3821      120.0000  0.1799E-08  0.1609E-08  0.1184E-08  0.7607E-09  0.4682E-09  0.2875E-09  0.1918E-09  0.1405E-09  0.1022E-09  0.6994E-10  0.4717E-10  0.3599E-10  0.2794E-10  0.2234E-10  0.1844E-10  0.1520E-10  0.1248E-10  0.1016E-10  0.8481E-11  0.7627E-11  0.6884E-11  0.6408E-11  0.6406E-11  0.6827E-11  0.7985E-11  0.1126E-10
     11.5176      130.0000  0.1704E-08  0.1788E-08  0.1512E-08  0.1070E-08  0.6993E-09  0.4442E-09  0.3007E-09  0.2217E-09  0.1626E-09  0.1123E-09  0.7643E-10  0.5850E-10  0.4557E-10  0.3654E-10  0.3024E-10  0.2501E-10  0.2061E-10  0.1686E-10  0.1414E-10  0.1276E-10  0.1157E-10  0.1081E-10  0.1084E-10  0.1156E-10  0.1343E-10  0.1826E-10
     11.6531      140.0000  0.1454E-08  0.1790E-08  0.1801E-08  0.1466E-08  0.1060E-08  0.7199E-09  0.5062E-09  0.3810E-09  0.2851E-09  0.2015E-09  0.1400E-09  0.1081E-09  0.8481E-10  0.6839E-10  0.5683E-10  0.4723E-10  0.3915E-10  0.3225E-10  0.2720E-10  0.2461E-10  0.2235E-10  0.2091E-10  0.2092E-10  0.2218E-10  0.2540E-10  0.3310E-10
     11.7886      150.0000  0.1056E-08  0.1494E-08  0.1848E-08  0.1822E-08  0.1540E-08  0.1175E-08  0.8924E-09  0.7066E-09  0.5529E-09  0.4091E-09  0.2957E-09  0.2330E-09  0.1858E-09  0.1517E-09  0.1271E-09  0.1066E-09  0.8921E-10  0.7425E-10  0.6314E-10  0.5723E-10  0.5203E-10  0.4864E-10  0.4833E-10  0.5066E-10  0.5691E-10  0.7064E-10
     11.9241      160.0000  0.5478E-09  0.8441E-09  0.1355E-08  0.1725E-08  0.1822E-08  0.1672E-08  0.1463E-08  0.1292E-08  0.1117E-08  0.9094E-09  0.7135E-09  0.5915E-09  0.4914E-09  0.4140E-09  0.3551E-09  0.3042E-09  0.2597E-09  0.2203E-09  0.1902E-09  0.1734E-09  0.1582E-09  0.1479E-09  0.1458E-09  0.1508E-09  0.1655E-09  0.1943E-09
     12.0596      170.0000 -0.1927E-11 -0.5970E-10  0.2179E-09  0.6473E-09  0.1026E-08  0.1247E-08  0.1356E-08  0.1453E-08  0.1536E-08  0.1537E-08  0.1453E-08  0.1380E-08  0.1290E-08  0.1200E-08  0.1115E-08  0.1024E-08  0.9296E-09  0.8328E-09  0.7509E-09  0.7035E-09  0.6562E-09  0.6218E-09  0.6140E-09  0.6293E-09  0.6753E-09  0.7422E-09
     12.1951      180.0000 -0.5199E-09 -0.9684E-09 -0.1128E-08 -0.1037E-08 -0.8716E-09 -0.7248E-09 -0.6659E-09 -0.6607E-09 -0.5958E-09 -0.4520E-09 -0.3075E-09 -0.2527E-09 -0.1951E-09 -0.1471E-09 -0.1130E-09 -0.8217E-10 -0.5445E-10 -0.3011E-10 -0.1475E-10 -0.1356E-10 -0.7615E-11 -0.4280E-11 -0.6533E-11 -0.1152E-10 -0.2621E-10 -0.1349E-09
     12.3306      190.0000 -0.9474E-09 -0.1634E-08 -0.2019E-08 -0.2065E-08 -0.1955E-08 -0.1780E-08 -0.1666E-08 -0.1621E-08 -0.1541E-08 -0.1390E-08 -0.1234E-08 -0.1158E-08 -0.1084E-08 -0.1020E-08 -0.9635E-09 -0.8975E-09 -0.8248E-09 -0.7469E-09 -0.6806E-09 -0.6438E-09 -0.6072E-09 -0.5813E-09 -0.5795E-09 -0.5993E-09 -0.6465E-09 -0.6931E-09
     12.4661      200.0000 -0.1254E-08 -0.1954E-08 -0.2237E-08 -0.2103E-08 -0.1808E-08 -0.1473E-08 -0.1218E-08 -0.1042E-08 -0.8838E-09 -0.7288E-09 -0.5981E-09 -0.5139E-09 -0.4449E-09 -0.3893E-09 -0.3440E-09 -0.3028E-09 -0.2655E-09 -0.2315E-09 -0.2041E-09 -0.1867E-09 -0.1712E-09 -0.1599E-09 -0.1552E-09 -0.1558E-09 -0.1624E-09 -0.1607E-09
     12.6016      210.0000 -0.1436E-08 -0.1979E-08 -0.2019E-08 -0.1692E-08 -0.1307E-08 -0.9643E-09 -0.7247E-09 -0.5660E-09 -0.4470E-09 -0.3507E-09 -0.2769E-09 -0.2280E-09 -0.1904E-09 -0.1614E-09 -0.1388E-09 -0.1196E-09 -0.1032E-09 -0.8898E-10 -0.7768E-10 -0.7022E-10 -0.6378E-10 -0.5897E-10 -0.5649E-10 -0.5575E-10 -0.5670E-10 -0.5228E-10
     12.7371      220.0000 -0.1511E-08 -0.1823E-08 -0.1647E-08 -0.1243E-08 -0.8812E-09 -0.6053E-09 -0.4267E-09 -0.3145E-09 -0.2382E-09 -0.1824E-09 -0.1416E-09 -0.1142E-09 -0.9373E-10 -0.7833E-10 -0.6650E-10 -0.5679E-10 -0.4872E-10 -0.4189E-10 -0.3647E-10 -0.3281E-10 -0.2968E-10 -0.2732E-10 -0.2599E-10 -0.2538E-10 -0.2534E-10 -0.2178E-10
     12.8726      230.0000 -0.1504E-08 -0.1587E-08 -0.1282E-08 -0.8862E-09 -0.5880E-09 -0.3832E-09 -0.2582E-09 -0.1828E-09 -0.1348E-09 -0.1020E-09 -0.7871E-10 -0.6275E-10 -0.5106E-10 -0.4237E-10 -0.3575E-10 -0.3042E-10 -0.2606E-10 -0.2241E-10 -0.1952E-10 -0.1753E-10 -0.1585E-10 -0.1457E-10 -0.1382E-10 -0.1342E-10 -0.1322E-10 -0.1056E-10
     13.0081      240.0000 -0.1441E-08 -0.1337E-08 -0.9777E-09 -0.6288E-09 -0.3951E-09 -0.2465E-09 -0.1600E-09 -0.1098E-09 -0.7945E-10 -0.5973E-10 -0.4603E-10 -0.3647E-10 -0.2956E-10 -0.2446E-10 -0.2059E-10 -0.1751E-10 -0.1501E-10 -0.1294E-10 -0.1129E-10 -0.1016E-10 -0.9199E-11 -0.8476E-11 -0.8046E-11 -0.7807E-11 -0.7615E-11 -0.5611E-11
     13.1436      250.0000 -0.1344E-08 -0.1107E-08 -0.7417E-09 -0.4481E-09 -0.2679E-09 -0.1602E-09 -0.1002E-09 -0.6671E-10 -0.4749E-10 -0.3559E-10 -0.2747E-10 -0.2170E-10 -0.1757E-10 -0.1454E-10 -0.1225E-10 -0.1044E-10 -0.8983E-11 -0.7773E-11 -0.6813E-11 -0.6155E-11 -0.5598E-11 -0.5186E-11 -0.4951E-11 -0.4827E-11 -0.4685E-11 -0.3140E-11
     13.2791      260.0000 -0.1229E-08 -0.9072E-09 -0.5633E-09 -0.3215E-09 -0.1826E-09 -0.1039E-09 -0.6210E-10 -0.3990E-10 -0.2789E-10 -0.2087E-10 -0.1618E-10 -0.1277E-10 -0.1036E-10 -0.8606E-11 -0.7281E-11 -0.6240E-11 -0.5402E-11 -0.4706E-11 -0.4153E-11 -0.3784E-11 -0.3471E-11 -0.3249E-11 -0.3138E-11 -0.3095E-11 -0.3006E-11 -0.1786E-11
     13.4146      270.0000 -0.1106E-08 -0.7402E-09 -0.4293E-09 -0.2319E-09 -0.1242E-09 -0.6610E-10 -0.3701E-10 -0.2252E-10 -0.1531E-10 -0.1144E-10 -0.8944E-11 -0.7068E-11 -0.5772E-11 -0.4840E-11 -0.4136E-11 -0.3584E-11 -0.3140E-11 -0.2768E-11 -0.2473E-11 -0.2288E-11 -0.2132E-11 -0.2031E-11 -0.2003E-11 -0.2019E-11 -0.1974E-11 -0.9884E-12
     13.5501      280.0000 -0.9835E-09 -0.6025E-09 -0.3284E-09 -0.1674E-09 -0.8328E-10 -0.4016E-10 -0.2002E-10 -0.1087E-10 -0.6935E-11 -0.5166E-11 -0.4124E-11 -0.3278E-11 -0.2726E-11 -0.2342E-11 -0.2053E-11 -0.1827E-11 -0.1643E-11 -0.1484E-11 -0.1358E-11 -0.1297E-11 -0.1245E-11 -0.1226E-11 -0.1255E-11 -0.1313E-11 -0.1303E-11 -0.4889E-12
     13.6856      290.0000 -0.8642E-09 -0.4893E-09 -0.2515E-09 -0.1203E-09 -0.5412E-10 -0.2196E-10 -0.8235E-11 -0.2874E-11 -0.1202E-11 -0.8687E-12 -0.8177E-12 -0.6791E-12 -0.6381E-12 -0.6302E-12 -0.6257E-12 -0.6222E-12 -0.6158E-12 -0.6014E-12 -0.5916E-12 -0.6155E-12 -0.6346E-12 -0.6725E-12 -0.7410E-12 -0.8287E-12 -0.8456E-12 -0.1586E-12
     13.8211      300.0000 -0.7498E-09 -0.3956E-09 -0.1920E-09 -0.8520E-10 -0.3289E-10 -0.8943E-11  0.9400E-13  0.2746E-11  0.2817E-11  0.2147E-11  0.1506E-11  0.1148E-11  0.8317E-12  0.5762E-12  0.3812E-12  0.2288E-12  0.1108E-12  0.2340E-13 -0.4824E-13 -0.1318E-12 -0.2013E-12 -0.2788E-12 -0.3755E-12 -0.4847E-12 -0.5212E-12  0.7194E-13
     13.9566      310.0000 -0.6402E-09 -0.3171E-09 -0.1450E-09 -0.5834E-10 -0.1706E-10  0.5769E-12  0.6111E-11  0.6787E-11  0.5706E-11  0.4315E-11  0.3176E-11  0.2463E-11  0.1892E-11  0.1448E-11  0.1110E-11  0.8457E-12  0.6383E-12  0.4776E-12  0.3473E-12  0.2209E-12  0.1152E-12  0.9177E-14 -0.1075E-12 -0.2316E-12 -0.2819E-12  0.2423E-12
     14.0921      320.0000 -0.5346E-09 -0.2500E-09 -0.1068E-09 -0.3723E-10 -0.4923E-11  0.7732E-11  0.1058E-10  0.9780E-11  0.7847E-11  0.5919E-11  0.4410E-11  0.3436E-11  0.2677E-11  0.2094E-11  0.1652E-11  0.1306E-11  0.1032E-11  0.8168E-12  0.6429E-12  0.4851E-12  0.3527E-12  0.2260E-12  0.9526E-13 -0.3898E-13 -0.9822E-13  0.3764E-12
     14.2276      330.0000 -0.4314E-09 -0.1911E-09 -0.7488E-10 -0.2002E-10  0.4741E-11  0.1331E-10  0.1402E-10  0.1209E-10  0.9502E-11  0.7154E-11  0.5353E-11  0.4180E-11  0.3278E-11  0.2591E-11  0.2070E-11  0.1660E-11  0.1336E-11  0.1078E-11  0.8707E-12  0.6892E-12  0.5366E-12  0.3944E-12  0.2537E-12  0.1131E-12  0.4893E-13  0.4897E-12
     14.3631      340.0000 -0.3287E-09 -0.1376E-09 -0.4703E-10 -0.5360E-11  0.1281E-10  0.1789E-10  0.1683E-10  0.1397E-10  0.1086E-10  0.8157E-11  0.6111E-11  0.4778E-11  0.3761E-11  0.2989E-11  0.2405E-11  0.1945E-11  0.1579E-11  0.1287E-11  0.1053E-11  0.8525E-12  0.6841E-12  0.5300E-12  0.3824E-12  0.2382E-12  0.1726E-12  0.5926E-12
     14.4986      350.0000 -0.2241E-09 -0.8726E-10 -0.2161E-10  0.7796E-11  0.1994E-10  0.2189E-10  0.1927E-10  0.1563E-10  0.1205E-10  0.9028E-11  0.6758E-11  0.5287E-11  0.4170E-11  0.3327E-11  0.2689E-11  0.2185E-11  0.1784E-11  0.1462E-11  0.1204E-11  0.9891E-12  0.8077E-12  0.6440E-12  0.4916E-12  0.3461E-12  0.2823E-12  0.6933E-12
     14.6341      360.0000 -0.1151E-09 -0.3761E-10  0.2861E-11  0.2031E-10  0.2667E-10  0.2564E-10  0.2156E-10  0.1720E-10  0.1318E-10  0.9845E-11  0.7351E-11  0.5750E-11  0.4541E-11  0.3632E-11  0.2945E-11  0.2401E-11  0.1967E-11  0.1617E-11  0.1338E-11  0.1109E-11  0.9164E-12  0.7447E-12  0.5891E-12  0.4443E-12  0.3853E-12  0.7983E-12
     14.7696       10.0000  0.1131E-11  0.1358E-10  0.2774E-10  0.3297E-10  0.3345E-10  0.2941E-10  0.2389E-10  0.1882E-10  0.1435E-10  0.1067E-10  0.7936E-11  0.6204E-11  0.4901E-11  0.3925E-11  0.3190E-11  0.2607E-11  0.2140E-11  0.1762E-11  0.1462E-11  0.1221E-11  0.1017E-11  0.8386E-12  0.6812E-12  0.5388E-12  0.4880E-12  0.9142E-12
     14.9051       20.0000  0.1276E-09  0.6878E-10  0.5446E-10  0.4654E-10  0.4071E-10  0.3346E-10  0.2641E-10  0.2059E-10  0.1562E-10  0.1155E-10  0.8548E-11  0.6676E-11  0.5272E-11  0.4225E-11  0.3440E-11  0.2816E-11  0.2314E-11  0.1906E-11  0.1583E-11  0.1330E-11  0.1117E-11  0.9313E-12  0.7733E-12  0.6354E-12  0.5965E-12  0.1048E-11
     15.0407       30.0000  0.2675E-09  0.1307E-09  0.8461E-10  0.6188E-10  0.4891E-10  0.3805E-10  0.2928E-10  0.2262E-10  0.1708E-10  0.1255E-10  0.9225E-11  0.7193E-11  0.5676E-11  0.4550E-11  0.3709E-11  0.3038E-11  0.2497E-11  0.2057E-11  0.1710E-11  0.1444E-11  0.1220E-11  0.1028E-11  0.8708E-12  0.7399E-12  0.7177E-12  0.1209E-11
     15.1762       40.0000  0.4234E-09  0.2028E-09  0.1202E-09  0.8005E-10  0.5862E-10  0.4347E-10  0.3268E-10  0.2505E-10  0.1882E-10  0.1373E-10  0.1001E-10  0.7785E-11  0.6135E-11  0.4916E-11  0.4012E-11  0.3288E-11  0.2702E-11  0.2222E-11  0.1848E-11  0.1569E-11  0.1334E-11  0.1135E-11  0.9802E-12  0.8595E-12  0.8602E-12  0.1408E-11
     15.3117       50.0000  0.5976E-09  0.2888E-09  0.1637E-09  0.1025E-09  0.7059E-10  0.5014E-10  0.3689E-10  0.2806E-10  0.2098E-10  0.1516E-10  0.1095E-10  0.8494E-11  0.6681E-11  0.5351E-11  0.4370E-11  0.3582E-11  0.2942E-11  0.2415E-11  0.2008E-11  0.1715E-11  0.1466E-11  0.1261E-11  0.1110E-11  0.1004E-11  0.1036E-11  0.1661E-11
     15.4472       60.0000  0.7908E-09  0.3935E-09  0.2187E-09  0.1311E-09  0.8590E-10  0.5865E-10  0.4226E-10  0.3191E-10  0.2373E-10  0.1699E-10  0.1212E-10  0.9380E-11  0.7361E-11  0.5891E-11  0.4815E-11  0.3948E-11  0.3238E-11  0.2653E-11  0.2204E-11  0.1894E-11  0.1630E-11  0.1417E-11  0.1273E-11  0.1187E-11  0.1261E-11  0.1993E-11
     15.5827       70.0000  0.1001E-08  0.5224E-09  0.2898E-09  0.1689E-09  0.1062E-09  0.6996E-10  0.4941E-10  0.3705E-10  0.2740E-10  0.1940E-10  0.1367E-10  0.1054E-10  0.8253E-11  0.6599E-11  0.5399E-11  0.4426E-11  0.3627E-11  0.2964E-11  0.2460E-11  0.2129E-11  0.1846E-11  0.1624E-11  0.1490E-11  0.1432E-11  0.1565E-11  0.2441E-11
     15.7182       80.0000  0.1221E-08  0.6813E-09  0.3836E-09  0.2202E-09  0.1342E-09  0.8562E-10  0.5932E-10  0.4419E-10  0.3250E-10  0.2275E-10  0.1582E-10  0.1216E-10  0.9492E-11  0.7583E-11  0.6212E-11  0.5094E-11  0.4170E-11  0.3398E-11  0.2820E-11  0.2458E-11  0.2150E-11  0.1915E-11  0.1795E-11  0.1777E-11  0.1990E-11  0.3066E-11
     15.8537       90.0000  0.1437E-08  0.8751E-09  0.5089E-09  0.2919E-09  0.1741E-09  0.1083E-09  0.7374E-10  0.5458E-10  0.3993E-10  0.2765E-10  0.1898E-10  0.1455E-10  0.1132E-10  0.9040E-11  0.7417E-11  0.6084E-11  0.4978E-11  0.4048E-11  0.3359E-11  0.2953E-11  0.2604E-11  0.2350E-11  0.2251E-11  0.2288E-11  0.2616E-11  0.3970E-11
     15.9892      100.0000  0.1628E-08  0.1104E-08  0.6770E-09  0.3943E-09  0.2333E-09  0.1426E-09  0.9578E-10  0.7048E-10  0.5135E-10  0.3525E-10  0.2394E-10  0.1829E-10  0.1421E-10  0.1134E-10  0.9321E-11  0.7654E-11  0.6262E-11  0.5086E-11  0.4223E-11  0.3745E-11  0.3332E-11  0.3045E-11  0.2971E-11  0.3090E-11  0.3585E-11  0.5338E-11
     16.1247      110.0000  0.1761E-08  0.1359E-08  0.9000E-09  0.5432E-09  0.3242E-09  0.1970E-09  0.1313E-09  0.9622E-10  0.6993E-10  0.4779E-10  0.3224E-10  0.2459E-10  0.1908E-10  0.1524E-10  0.1255E-10  0.1032E-10  0.8451E-11  0.6865E-11  0.5712E-11  0.5105E-11  0.4579E-11  0.4229E-11  0.4189E-11  0.4426E-11  0.5176E-11  0.7522E-11
     16.2602      120.0000  0.1799E-08  0.1609E-08  0.1184E-08  0.7607E-09  0.4682E-09  0.2875E-09  0.1918E-09  0.1405E-09  0.1022E-09  0.6993E-10  0.4717E-10  0.3599E-10  0.2794E-10  0.2234E-10  0.1844E-10  0.1520E-10  0.1248E-10  0.1016E-10  0.8481E-11  0.7627E-11  0.6884E-11  0.6408E-11  0.6406E-11  0.6827E-11  0.7985E-11  0.1126E-10
     16.3957      130.0000  0.1704E-08  0.1788E-08  0.1512E-08  0.1070E-08  0.6993E-09  0.4442E-09  0.3007E-09  0.2217E-09  0.1626E-09  0.1123E-09  0.7643E-10  0.5850E-10  0.4557E-10  0.3654E-10  0.3024E-10  0.2501E-10  0.2061E-10  0.1686E-10  0.1414E-10  0.1276E-10  0.1157E-10  0.1081E-10  0.1084E-10  0.1156E-10  0.1343E-10  0.1826E-10
     16.5312      140.0000  0.1454E-08  0.1790E-08  0.1801E-08  0.1466E-08  0.1060E-08  0.7199E-09  0.5062E-09  0.3810E-09  0.2851E-09  0.2015E-09  0.1399E-09  0.1081E-09  0.8481E-10  0.6839E-10  0.5683E-10  0.4723E-10  0.3915E-10  0.3225E-10  0.2720E-10  0.2461E-10  0.2235E-10  0.2091E-10  0.2092E-10  0.2218E-10  0.2540E-10  0.3310E-10
     16.6667      150.0000  0.1056E-08  0.1494E-08  0.1848E-08  0.1822E-08  0.1540E-08  0.1175E-08  0.8923E-09  0.7065E-09  0.5529E-09  0.4090E-09  0.2957E-09  0.2330E-09  0.1858E-09  0.1517E-09  0.1271E-09  0.1066E-09  0.8921E-10  0.7425E-10  0.6314E-10  0.5723E-10  0.5203E-10  0.4864E-10  0.4833E-10  0.5066E-10  0.5691E-10  0.7064E-10
     16.8022      160.0000  0.5478E-09  0.8441E-09  0.1355E-08  0.1725E-08  0.1822E-08  0.1672E-08  0.1463E-08  0.1292E-08  0.1117E-08  0.9094E-09  0.7135E-09  0.5914E-09  0.4914E-09  0.4140E-09  0.3551E-09  0.3042E-09  0.2597E-09  0.2203E-09  0.1902E-09  0.1734E-09  0.1582E-09  0.1479E-09  0.1458E-09  0.1508E-09  0.1655E-09  0.1943E-09
     16.9377      170.0000 -0.1927E-11 -0.5970E-10  0.2179E-09  0.6473E-09  0.1026E-08  0.1247E-08  0.1356E-08  0.1453E-08  0.1536E-08  0.1537E-08  0.1453E-08  0.1380E-08  0.1290E-08  0.1200E-08  0.1115E-08  0.1024E-08  0.9296E-09  0.8328E-09  0.7509E-09  0.7035E-09  0.6562E-09  0.6218E-09  0.6140E-09  0.6293E-09  0.6753E-09  0.7422E-09
     17.0732      180.0000 -0.5199E-09 -0.9684E-09 -0.1128E-08 -0.1037E-08 -0.8716E-09 -0.7248E-09 -0.6658E-09 -0.6607E-09 -0.5958E-09 -0.4520E-09 -0.3075E-09 -0.2527E-09 -0.1951E-09 -0.1471E-09 -0.1130E-09 -0.8217E-10 -0.5445E-10 -0.3011E-10 -0.1475E-10 -0.1356E-10 -0.7615E-11 -0.4280E-11 -0.6533E-11 -0.1152E-10 -0.2621E-10 -0.1349E-09
     17.2087      190.0000 -0.9474E-09 -0.1634E-08 -0.2019E-08 -0.2065E-08 -0.1955E-08 -0.1780E-08 -0.1665E-08 -0.1621E-08 -0.1541E-08 -0.1390E-08 -0.1234E-08 -0.1158E-08 -0.1084E-08 -0.1020E-08 -0.9635E-09 -0.8975E-09 -0.8248E-09 -0.7469E-09 -0.6806E-09 -0.6438E-09 -0.6072E-09 -0.5813E-09 -0.5795E-09 -0.5993E-09 -0.6465E-09 -0.6931E-09
     17.3442      200.0000 -0.1254E-08 -0.1954E-08 -0.2237E-08 -0.2103E-08 -0.1808E-08 -0.1473E-08 -0.1218E-08 -0.1041E-08 -0.8837E-09 -0.7287E-09 -0.5980E-09 -0.5139E-09 -0.4449E-09 -0.3893E-09 -0.3440E-09 -0.3028E-09 -0.2655E-09 -0.2315E-09 -0.2041E-09 -0.1867E-09 -0.1712E-09 -0.1599E-09 -0.1552E-09 -0.1558E-09 -0.1624E-09 -0.1607E-09
     17.4797      210.0000 -0.1436E-08 -0.1979E-08 -0.2019E-08 -0.1692E-08 -0.1307E-08 -0.9643E-09 -0.7247E-09 -0.5660E-09 -0.4470E-09 -0.3507E-09 -0.2769E-09 -0.2280E-09 -0.1904E-09 -0.1614E-09 -0.1388E-09 -0.1196E-09 -0.1032E-09 -0.8898E-10 -0.7768E-10 -0.7022E-10 -0.6378E-10 -0.5897E-10 -0.5649E-10 -0.5575E-10 -0.5670E-10 -0.5228E-10
     17.6152      220.0000 -0.1511E-08 -0.1823E-08 -0.1647E-08 -0.1243E-08 -0.8812E-09 -0.6053E-09 -0.4267E-09 -0.3145E-09 -0.2381E-09 -0.1824E-09 -0.1416E-09 -0.1142E-09 -0.9373E-10 -0.7833E-10 -0.6650E-10 -0.5679E-10 -0.4872E-10 -0.4189E-10 -0.3647E-10 -0.3281E-10 -0.2968E-10 -0.2732E-10 -0.2599E-10 -0.2538E-10 -0.2534E-10 -0.2178E-10
     17.7507      230.0000 -0.1504E-08 -0.1587E-08 -0.1282E-08 -0.8862E-09 -0.5879E-09 -0.3832E-09 -0.2581E-09 -0.1828E-09 -0.1348E-09 -0.1020E-09 -0.7871E-10 -0.6275E-10 -0.5106E-10 -0.4237E-10 -0.3575E-10 -0.3042E-10 -0.2606E-10 -0.2241E-10 -0.1952E-10 -0.1753E-10 -0.1585E-10 -0.1457E-10 -0.1382E-10 -0.1342E-10 -0.1322E-10 -0.1056E-10
     17.8862      240.0000 -0.1441E-08 -0.1337E-08 -0.9777E-09 -0.6288E-09 -0.3951E-09 -0.2465E-09 -0.1600E-09 -0.1098E-09 -0.7944E-10 -0.5973E-10 -0.4603E-10 -0.3647E-10 -0.2956E-10 -0.2446E-10 -0.2059E-10 -0.1751E-10 -0.1501E-10 -0.1294E-10 -0.1129E-10 -0.1016E-10 -0.9199E-11 -0.8476E-11 -0.8046E-11 -0.7807E-11 -0.7615E-11 -0.5611E-11
     18.0217      250.0000 -0.1344E-08 -0.1107E-08 -0.7417E-09 -0.4481E-09 -0.2679E-09 -0.1601E-09 -0.1002E-09 -0.6671E-10 -0.4748E-10 -0.3559E-10 -0.2747E-10 -0.2170E-10 -0.1757E-10 -0.1454E-10 -0.1225E-10 -0.1044E-10 -0.8983E-11 -0.7773E-11 -0.6813E-11 -0.6155E-11 -0.5598E-11 -0.5186E-11 -0.4951E-11 -0.4827E-11 -0.4685E-11 -0.3140E-11
     18.1572      260.0000 -0.1229E-08 -0.9072E-09 -0.5633E-09 -0.3215E-09 -0.1826E-09 -0.1039E-09 -0.6209E-10 -0.3990E-10 -0.2789E-10 -0.2087E-10 -0.1618E-10 -0.1277E-10 -0.1036E-10 -0.8606E-11 -0.7281E-11 -0.6240E-11 -0.5402E-11 -0.4706E-11 -0.4153E-11 -0.3784E-11 -0.3471E-11 -0.3249E-11 -0.3138E-11 -0.3095E-11 -0.3006E-11 -0.1786E-11
     18.2927      270.0000 -0.1106E-08 -0.7402E-09 -0.4293E-09 -0.2319E-09 -0.1242E-09 -0.6610E-10 -0.3701E-10 -0.2252E-10 -0.1531E-10 -0.1144E-10 -0.8944E-11 -0.7067E-11 -0.5772E-11 -0.4840E-11 -0.4136E-11 -0.3584E-11 -0.3140E-11 -0.2768E-11 -0.2473E-11 -0.2288E-11 -0.2132E-11 -0.2031E-11 -0.2003E-11 -0.2019E-11 -0.1974E-11 -0.9884E-12
     18.4282      280.0000 -0.9835E-09 -0.6025E-09 -0.3284E-09 -0.1674E-09 -0.8328E-10 -0.4016E-10 -0.2001E-10 -0.1087E-10 -0.6935E-11 -0.5166E-11 -0.4124E-11 -0.3278E-11 -0.2726E-11 -0.2342E-11 -0.2053E-11 -0.1827E-11 -0.1643E-11 -0.1484E-11 -0.1358E-11 -0.1297E-11 -0.1245E-11 -0.1226E-11 -0.1255E-11 -0.1313E-11 -0.1303E-11 -0.4889E-12
     18.5637      290.0000 -0.8642E-09 -0.4893E-09 -0.2515E-09 -0.1203E-09 -0.5412E-10 -0.2196E-10 -0.8235E-11 -0.2874E-11 -0.1202E-11 -0.8687E-12 -0.8177E-12 -0.6791E-12 -0.6381E-12 -0.6301E-12 -0.6257E-12 -0.6222E-12 -0.6158E-12 -0.6014E-12 -0.5916E-12 -0.6155E-12 -0.6346E-12 -0.6725E-12 -0.7410E-12 -0.8287E-12 -0.8456E-12 -0.1586E-12
     18.6992      300.0000 -0.7498E-09 -0.3956E-09 -0.1920E-09 -0.8520E-10 -0.3289E-10 -0.8943E-11  0.9384E-13  0.2746E-11  0.2817E-11  0.2147E-11  0.1506E-11  0.1148E-11  0.8317E-12  0.5762E-12  0.3812E-12  0.2288E-12  0.1108E-12  0.2340E-13 -0.4824E-13 -0.1318E-12 -0.2013E-12 -0.2788E-12 -0.3755E-12 -0.4847E-12 -0.5212E-12  0.7194E-13
     18.8347      310.0000 -0.6402E-09 -0.3171E-09 -0.1450E-09 -0.5834E-10 -0.1706E-10  0.5770E-12  0.6111E-11  0.6787E-11  0.5706E-11  0.4315E-11  0.3176E-11  0.2463E-11  0.1892E-11  0.1448E-11  0.1110E-11  0.8457E-12  0.6383E-12  0.4776E-12  0.3473E-12  0.2209E-12  0.1152E-12  0.9177E-14 -0.1075E-12 -0.2316E-12 -0.2819E-12  0.2423E-12
     18.9702      320.0000 -0.5346E-09 -0.2500E-09 -0.1068E-09 -0.3723E-10 -0.4924E-11  0.7732E-11  0.1058E-10  0.9779E-11  0.7847E-11  0.5919E-11  0.4410E-11  0.3436E-11  0.2677E-11  0.2094E-11  0.1652E-11  0.1306E-11  0.1032E-11  0.8168E-12  0.6429E-12  0.4851E-12  0.3527E-12  0.2260E-12  0.9526E-13 -0.3898E-13 -0.9822E-13  0.3764E-12
     19.1057      330.0000 -0.4314E-09 -0.1911E-09 -0.7488E-10 -0.2002E-10  0.4740E-11  0.1331E-10  0.1402E-10  0.1209E-10  0.9501E-11  0.7154E-11  0.5353E-11  0.4180E-11  0.3278E-11  0.2591E-11  0.2070E-11  0.1660E-11  0.1336E-11  0.1078E-11  0.8707E-12  0.6892E-12  0.5366E-12  0.3944E-12  0.2537E-12  0.1131E-12  0.4893E-13  0.4897E-12
     19.2412      340.0000 -0.3287E-09 -0.1376E-09 -0.4703E-10 -0.5360E-11  0.1281E-10  0.1789E-10  0.1683E-10  0.1397E-10  0.1086E-10  0.8157E-11  0.6110E-11  0.4778E-11  0.3761E-11  0.2989E-11  0.2405E-11  0.1945E-11  0.1579E-11  0.1287E-11  0.1053E-11  0.8525E-12  0.6841E-12  0.5300E-12  0.3824E-12  0.2382E-12  0.1726E-12  0.5926E-12
     19.3767      350.0000 -0.2241E-09 -0.8726E-10 -0.2161E-10  0.7796E-11  0.1994E-10  0.2189E-10  0.1927E-10  0.1563E-10  0.1205E-10  0.9028E-11  0.6758E-11  0.5286E-11  0.4170E-11  0.3327E-11  0.2689E-11  0.2185E-11  0.1784E-11  0.1462E-11  0.1204E-11  0.9891E-12  0.8077E-12  0.6440E-12  0.4916E-12  0.3461E-12  0.2823E-12  0.6933E-12
     19.5122      360.0000 -0.1151E-09 -0.3761E-10  0.2861E-11  0.2031E-10  0.2667E-10  0.2564E-10  0.2156E-10  0.1720E-10  0.1318E-10  0.9845E-11  0.7351E-11  0.5750E-11  0.4541E-11  0.3632E-11  0.2945E-11  0.2401E-11  0.1967E-11  0.1617E-11  0.1338E-11  0.1109E-11  0.9164E-12  0.7447E-12  0.5891E-12  0.4443E-12  0.3853E-12  0.7983E-12
     19.6477       10.0000  0.1131E-11  0.1358E-10  0.2774E-10  0.3297E-10  0.3345E-10  0.2941E-10  0.2389E-10  0.1882E-10  0.1435E-10  0.1067E-10  0.7935E-11  0.6204E-11  0.4901E-11  0.3925E-11  0.3190E-11  0.2607E-11  0.2140E-11  0.1762E-11  0.1462E-11  0.1221E-11  0.1017E-11  0.8386E-12  0.6812E-12  0.5388E-12  0.4880E-12  0.9142E-12
     19.7832       20.0000  0.1276E-09  0.6878E-10  0.5446E-10  0.4654E-10  0.4071E-10  0.3346E-10  0.2641E-10  0.2058E-10  0.1562E-10  0.1155E-10  0.8548E-11  0.6676E-11  0.5272E-11  0.4225E-11  0.3440E-11  0.2816E-11  0.2314E-11  0.1906E-11  0.1583E-11  0.1330E-11  0.1117E-11  0.9313E-12  0.7733E-12  0.6354E-12  0.5965E-12  0.1048E-11
     19.9187       30.0000  0.2675E-09  0.1307E-09  0.8461E-10  0.6188E-10  0.4891E-10  0.3805E-10  0.2927E-10  0.2262E-10  0.1708E-10  0.1255E-10  0.9225E-11  0.7193E-11  0.5676E-11  0.4550E-11  0.3709E-11  0.3038E-11  0.2497E-11  0.2057E-11  0.1710E-11  0.1444E-11  0.1220E-11  0.1028E-11  0.8708E-12  0.7399E-12  0.7177E-12  0.1209E-11
     20.0542       40.0000  0.4234E-09  0.2028E-09  0.1202E-09  0.8005E-10  0.5862E-10  0.4347E-10  0.3268E-10  0.2504E-10  0.1882E-10  0.1373E-10  0.1001E-10  0.7785E-11  0.6135E-11  0.4916E-11  0.4012E-11  0.3288E-11  0.2702E-11  0.2222E-11  0.1848E-11  0.1569E-11  0.1334E-11  0.1135E-11  0.9802E-12  0.8595E-12  0.8602E-12  0.1408E-11
     20.1897       50.0000  0.5976E-09  0.2888E-09  0.1637E-09  0.1025E-09  0.7059E-10  0.5014E-10  0.3689E-10  0.2805E-10  0.2098E-10  0.1516E-10  0.1095E-10  0.8494E-11  0.6681E-11  0.5351E-11  0.4370E-11  0.3582E-11  0.2942E-11  0.2415E-11  0.2008E-11  0.1715E-11  0.1466E-11  0.1261E-11  0.1110E-11  0.1004E-11  0.1036E-11  0.1661E-11
     20.3252       60.0000  0.7908E-09  0.3935E-09  0.2187E-09  0.1311E-09  0.8590E-10  0.5865E-10  0.4226E-10  0.3191E-10  0.2373E-10  0.1698E-10  0.1212E-10  0.9380E-11  0.7360E-11  0.5891E-11  0.4815E-11  0.3948E-11  0.3238E-11  0.2653E-11  0.2204E-11  0.1894E-11  0.1630E-11  0.1417E-11  0.1273E-11  0.1187E-11  0.1261E-11  0.1993E-11
     20.4607       70.0000  0.1001E-08  0.5224E-09  0.2898E-09  0.1689E-09  0.1062E-09  0.6996E-10  0.4941E-10  0.3705E-10  0.2740E-10  0.1940E-10  0.1367E-10  0.1054E-10  0.8253E-11  0.6599E-11  0.5399E-11  0.4426E-11  0.3627E-11  0.2964E-11  0.2460E-11  0.2129E-11  0.1846E-11  0.1624E-11  0.1490E-11  0.1432E-11  0.1565E-11  0.2441E-11
     20.5962       80.0000  0.1221E-08  0.6813E-09  0.3836E-09  0.2202E-09  0.1342E-09  0.8562E-10  0.5932E-10  0.4419E-10  0.3250E-10  0.2275E-10  0.1582E-10  0.1216E-10  0.9492E-11  0.7583E-11  0.6212E-11  0.5094E-11  0.4170E-11  0.3398E-11  0.2820E-11  0.2458E-11  0.2150E-11  0.1915E-11  0.1795E-11  0.1777E-11  0.1990E-11  0.3066E-11
     20.7317       90.0000  0.1437E-08  0.8751E-09  0.5089E-09  0.2919E-09  0.1741E-09  0.1083E-09  0.7374E-10  0.5457E-10  0.3993E-10  0.2765E-10  0.1898E-10  0.1455E-10  0.1132E-10  0.9040E-11  0.7417E-11  0.6084E-11  0.4978E-11  0.4048E-11  0.3359E-11  0.2953E-11  0.2604E-11  0.2350E-11  0.2251E-11  0.2288E-11  0.2616E-11  0.3970E-11
     20.8672      100.0000  0.1628E-08  0.1104E-08  0.6770E-09  0.3943E-09  0.2333E-09  0.1426E-09  0.9578E-10  0.7048E-10  0.5134E-10  0.3525E-10  0.2394E-10  0.1829E-10  0.1421E-10  0.1134E-10  0.9321E-11  0.7654E-11  0.6262E-11  0.5086E-11  0.4223E-11  0.3745E-11  0.3332E-11  0.3045E-11  0.2971E-11  0.3090E-11  0.3585E-11  0.5338E-11
     21.0027      110.0000  0.1761E-08  0.1359E-08  0.9000E-09  0.5432E-09  0.3242E-09  0.1970E-09  0.1313E-09  0.9621E-10  0.6993E-10  0.4779E-10  0.3224E-10  0.2459E-10  0.1908E-10  0.1524E-10  0.1255E-10  0.1032E-10  0.8451E-11  0.6865E-11  0.5712E-11  0.5105E-11  0.4579E-11  0.4229E-11  0.4189E-11  0.4426E-11  0.5176E-11  0.7522E-11
     21.1382      120.0000  0.1799E-08  0.1609E-08  0.1184E-08  0.7607E-09  0.4682E-09  0.2875E-09  0.1918E-09  0.1405E-09  0.1022E-09  0.6993E-10  0.4717E-10  0.3599E-10  0.2794E-10  0.2234E-10  0.1844E-10  0.1520E-10  0.1248E-10  0.1016E-10  0.8481E-11  0.7627E-11  0.6884E-11  0.6408E-11  0.6406E-11  0.6827E-11  0.7985E-11  0.1126E-10
     21.2737      130.0000  0.1704E-08  0.1788E-08  0.1512E-08  0.1070E-08  0.6993E-09  0.4442E-09  0.3007E-09  0.2217E-09  0.1626E-09  0.1123E-09  0.7643E-10  0.5850E-10  0.4557E-10  0.3654E-10  0.3024E-10  0.2501E-10  0.2061E-10  0.1686E-10  0.1414E-10  0.1276E-10  0.1157E-10  0.1081E-10  0.1084E-10  0.1156E-10  0.1343E-10  0.1826E-10
     21.4092      140.0000  0.1454E-08  0.1790E-08  0.1801E-08  0.1466E-08  0.1060E-08  0.7199E-09  0.5061E-09  0.3810E-09  0.2851E-09  0.2015E-09  0.1399E-09  0.1081E-09  0.8481E-10  0.6839E-10  0.5683E-10  0.4723E-10  0.3915E-10  0.3225E-10  0.2720E-10  0.2461E-10  0.2235E-10  0.2091E-10  0.2092E-10  0.2218E-10  0.2540E-10  0.3310E-10
     21.5447      150.0000  0.1056E-08  0.1494E-08  0.1848E-08  0.1822E-08  0.1540E-08  0.1175E-08  0.8923E-09  0.7065E-09  0.5529E-09  0.4090E-09  0.2956E-09  0.2330E-09  0.1858E-09  0.1517E-09  0.1271E-09  0.1066E-09  0.8921E-10  0.7425E-10  0.6314E-10  0.5723E-10  0.5203E-10  0.4864E-10  0.4833E-10  0.5066E-10  0.5691E-10  0.7064E-10
     21.6802      160.0000  0.5478E-09  0.8441E-09  0.1355E-08  0.1725E-08  0.1822E-08  0.1672E-08  0.1463E-08  0.1292E-08  0.1117E-08  0.9094E-09  0.7135E-09  0.5914E-09  0.4914E-09  0.4140E-09  0.3551E-09  0.3042E-09  0.2597E-09  0.2203E-09  0.1902E-09  0.1734E-09  0.1582E-09  0.1479E-09  0.1458E-09  0.1508E-09  0.1655E-09  0.1943E-09
     21.8157      170.0000 -0.1927E-11 -0.5970E-10  0.2179E-09  0.6473E-09  0.1026E-08  0.1247E-08  0.1356E-08  0.1453E-08  0.1536E-08  0.1537E-08  0.1453E-08  0.1380E-08  0.1290E-08  0.1200E-08  0.1115E-08  0.1024E-08  0.9296E-09  0.8328E-09  0.7509E-09  0.7035E-09  0.6562E-09  0.6218E-09  0.6140E-09  0.6293E-09  0.6753E-09  0.7422E-09
     21.9512      180.0000 -0.5199E-09 -0.9684E-09 -0.1128E-08 -0.1037E-08 -0.8716E-09 -0.7248E-09 -0.6658E-09 -0.6607E-09 -0.5958E-09 -0.4519E-09 -0.3075E-09 -0.2527E-09 -0.1951E-09 -0.1471E-09 -0.1130E-09 -0.8217E-10 -0.5445E-10 -0.3011E-10 -0.1475E-10 -0.1356E-10 -0.7615E-11 -0.4280E-11 -0.6533E-11 -0.1152E-10 -0.2621E-10 -0.1349E-09
     22.0867      190.0000 -0.9474E-09 -0.1634E-08 -0.2019E-08 -0.2065E-08 -0.1955E-08 -0.1780E-08 -0.1665E-08 -0.1621E-08 -0.1541E-08 -0.1390E-08 -0.1234E-08 -0.1158E-08 -0.1084E-08 -0.1020E-08 -0.9635E-09 -0.8975E-09 -0.8248E-09 -0.7469E-09 -0.6806E-09 -0.6438E-09 -0.6072E-09 -0.5813E-09 -0.5795E-09 -0.5993E-09 -0.6465E-09 -0.6931E-09
     22.2222      200.0000 -0.1254E-08 -0.1954E-08 -0.2237E-08 -0.2103E-08 -0.1808E-08 -0.1473E-08 -0.1218E-08 -0.1041E-08 -0.8837E-09 -0.7287E-09 -0.5980E-09 -0.5139E-09 -0.4448E-09 -0.3893E-09 -0.3440E-09 -0.3028E-09 -0.2655E-09 -0.2315E-09 -0.2041E-09 -0.1867E-09 -0.1712E-09 -0.1599E-09 -0.1552E-09 -0.1558E-09 -0.1624E-09 -0.1607E-09
     22.3577      210.0000 -0.1436E-08 -0.1979E-08 -0.2019E-08 -0.1692E-08 -0.1307E-08 -0.9643E-09 -0.7246E-09 -0.5660E-09 -0.4470E-09 -0.3507E-09 -0.2769E-09 -0.2280E-09 -0.1904E-09 -0.1614E-09 -0.1388E-09 -0.1196E-09 -0.1032E-09 -0.8898E-10 -0.7768E-10 -0.7022E-10 -0.6378E-10 -0.5897E-10 -0.5649E-10 -0.5575E-10 -0.5670E-10 -0.5228E-10
     22.4932      220.0000 -0.1511E-08 -0.1823E-08 -0.1647E-08 -0.1243E-08 -0.8812E-09 -0.6053E-09 -0.4267E-09 -0.3145E-09 -0.2381E-09 -0.1824E-09 -0.1416E-09 -0.1142E-09 -0.9373E-10 -0.7833E-10 -0.6650E-10 -0.5679E-10 -0.4872E-10 -0.4189E-10 -0.3647E-10 -0.3281E-10 -0.2968E-10 -0.2732E-10 -0.2599E-10 -0.2538E-10 -0.2534E-10 -0.2178E-10
     22.6287      230.0000 -0.1504E-08 -0.1587E-08 -0.1282E-08 -0.8862E-09 -0.5879E-09 -0.3832E-09 -0.2581E-09 -0.1828E-09 -0.1348E-09 -0.1020E-09 -0.7871E-10 -0.6275E-10 -0.5106E-10 -0.4237E-10 -0.3575E-10 -0.3042E-10 -0.2606E-10 -0.2241E-10 -0.1952E-10 -0.1753E-10 -0.1585E-10 -0.1457E-10 -0.1382E-10 -0.1342E-10 -0.1322E-10 -0.1056E-10
     22.7642      240.0000 -0.1441E-08 -0.1337E-08 -0.9777E-09 -0.6288E-09 -0.3951E-09 -0.2465E-09 -0.1600E-09 -0.1098E-09 -0.7944E-10 -0.5973E-10 -0.4603E-10 -0.3647E-10 -0.2956E-10 -0.2446E-10 -0.2059E-10 -0.1751E-10 -0.1501E-10 -0.1294E-10 -0.1129E-10 -0.1016E-10 -0.9199E-11 -0.8476E-11 -0.8046E-11 -0.7807E-11 -0.7615E-11 -0.5611E-11
     22.8997      250.0000 -0.1344E-08 -0.1107E-08 -0.7417E-09 -0.4481E-09 -0.2679E-09 -0.1601E-09 -0.1002E-09 -0.6671E-10 -0.4748E-10 -0.3559E-10 -0.2747E-10 -0.2170E-10 -0.1757E-10 -0.1454E-10 -0.1225E-10 -0.1044E-10 -0.8983E-11 -0.7773E-11 -0.6813E-11 -0.6155E-11 -0.5598E-11 -0.5186E-11 -0.4951E-11 -0.4827E-11 -0.4685E-11 -0.3140E-11
     23.0352      260.0000 -0.1229E-08 -0.9072E-09 -0.5633E-09 -0.3215E-09 -0.1826E-09 -0.1039E-09 -0.6209E-10 -0.3990E-10 -0.2789E-10 -0.2087E-10 -0.1618E-10 -0.1277E-10 -0.1036E-10 -0.8606E-11 -0.7281E-11 -0.6240E-11 -0.5402E-11 -0.4706E-11 -0.4153E-11 -0.3784E-11 -0.3471E-11 -0.3249E-11 -0.3138E-11 -0.3095E-11 -0.3006E-11 -0.1786E-11
     23.1707      270.0000 -0.1106E-08 -0.7402E-09 -0.4293E-09 -0.2319E-09 -0.1241E-09 -0.6610E-10 -0.3701E-10 -0.2252E-10 -0.1531E-10 -0.1144E-10 -0.8944E-11 -0.7067E-11 -0.5772E-11 -0.4840E-11 -0.4136E-11 -0.3584E-11 -0.3140E-11 -0.2768E-11 -0.2473E-11 -0.2288E-11 -0.2132E-11 -0.2031E-11 -0.2003E-11 -0.2019E-11 -0.1974E-11 -0.9884E-12
     23.3062      280.0000 -0.9835E-09 -0.6025E-09 -0.3284E-09 -0.1674E-09 -0.8328E-10 -0.4016E-10 -0.2001E-10 -0.1087E-10 -0.6935E-11 -0.5166E-11 -0.4124E-11 -0.3278E-11 -0.2726E-11 -0.2342E-11 -0.2053E-11 -0.1827E-11 -0.1643E-11 -0.1484E-11 -0.1358E-11 -0.1297E-11 -0.1245E-11 -0.1226E-11 -0.1255E-11 -0.1313E-11 -0.1303E-11 -0.4889E-12
     23.4417      290.0000 -0.8642E-09 -0.4893E-09 -0.2515E-09 -0.1203E-09 -0.5412E-10 -0.2196E-10 -0.8235E-11 -0.2874E-11 -0.1202E-11 -0.8687E-12 -0.8177E-12 -0.6790E-12 -0.6381E-12 -0.6301E-12 -0.6257E-12 -0.6222E-12 -0.6158E-12 -0.6014E-12 -0.5916E-12 -0.6155E-12 -0.6346E-12 -0.6725E-12 -0.7410E-12 -0.8287E-12 -0.8456E-12 -0.1586E-12
     23.5772      300.0000 -0.7498E-09 -0.3956E-09 -0.1920E-09 -0.8520E-10 -0.3289E-10 -0.8943E-11  0.9375E-13  0.2745E-11  0.2817E-11  0.2147E-11  0.1506E-11  0.1148E-11  0.8317E-12  0.5762E-12  0.3812E-12  0.2288E-12  0.1108E-12  0.2340E-13 -0.4824E-13 -0.1318E-12 -0.2013E-12 -0.2788E-12 -0.3755E-12 -0.4847E-12 -0.5212E-12  0.7194E-13
     23.7127      310.0000 -0.6402E-09 -0.3171E-09 -0.1450E-09 -0.5834E-10 -0.1706E-10  0.5770E-12  0.6110E-11  0.6786E-11  0.5706E-11  0.4315E-11  0.3176E-11  0.2463E-11  0.1892E-11  0.1448E-11  0.1110E-11  0.8457E-12  0.6383E-12  0.4776E-12  0.3473E-12  0.2209E-12  0.1152E-12  0.9177E-14 -0.1075E-12 -0.2316E-12 -0.2819E-12  0.2423E-12
     23.8482      320.0000 -0.5346E-09 -0.2500E-09 -0.1068E-09 -0.3723E-10 -0.4924E-11  0.7732E-11  0.1058E-10  0.9779E-11  0.7847E-11  0.5919E-11  0.4410E-11  0.3436E-11  0.2677E-11  0.2094E-11  0.1652E-11  0.1306E-11  0.1032E-11  0.8168E-12  0.6429E-12  0.4851E-12  0.3527E-12  0.2260E-12  0.9526E-13 -0.3898E-13 -0.9822E-13  0.3764E-12
     23.9837      330.0000 -0.4314E-09 -0.1911E-09 -0.7488E-10 -0.2002E-10  0.4740E-11  0.1331E-10  0.1402E-10  0.1209E-10  0.9501E-11  0.7154E-11  0.5353E-11  0.4180E-11  0.3278E-11  0.2591E-11  0.2070E-11  0.1660E-11  0.1336E-11  0.1078E-11  0.8707E-12  0.6892E-12  0.5366E-12  0.3944E-12  0.2537E-12  0.1131E-12  0.4893E-13  0.4897E-12
     24.1192      340.0000 -0.3287E-09 -0.1376E-09 -0.4703E-10 -0.5360E-11  0.1281E-10  0.1789E-10  0.1683E-10  0.1397E-10  0.1086E-10  0.8156E-11  0.6110E-11  0.4778E-11  0.3761E-11  0.2989E-11  0.2405E-11  0.1945E-11  0.1579E-11  0.1287E-11  0.1053E-11  0.8525E-12  0.6841E-12  0.5300E-12  0.3824E-12  0.2382E-12  0.1726E-12  0.5926E-12
     24.2547      350.0000 -0.2241E-09 -0.8726E-10 -0.2161E-10  0.7796E-11  0.1994E-10  0.2189E-10  0.1927E-10  0.1563E-10  0.1205E-10  0.9028E-11  0.6757E-11  0.5286E-11  0.4170E-11  0.3327E-11  0.2689E-11  0.2185E-11  0.1784E-11  0.1462E-11  0.1204E-11  0.9891E-12  0.8077E-12  0.6440E-12  0.4916E-12  0.3461E-12  0.2823E-12  0.6933E-12
     24.3902      360.0000 -0.1151E-09 -0.3761E-10  0.2861E-11  0.2031E-10  0.2667E-10  0.2564E-10  0.2156E-10  0.1720E-10  0.1318E-10  0.9844E-11  0.7351E-11  0.5750E-11  0.4541E-11  0.3632E-11  0.2945E-11  0.2401E-11  0.1967E-11  0.1617E-11  0.1338E-11  0.1109E-11  0.9164E-12  0.7447E-12  0.5891E-12  0.4443E-12  0.3853E-12  0.7983E-12
     24.5257       10.0000  0.1131E-11  0.1358E-10  0.2774E-10  0.3297E-10  0.3345E-10  0.2941E-10  0.2389E-10  0.1882E-10  0.1435E-10  0.1067E-10  0.7935E-11  0.6204E-11  0.4901E-11  0.3925E-11  0.3190E-11  0.2607E-11  0.2140E-11  0.1762E-11  0.1462E-11  0.1221E-11  0.1017E-11  0.8386E-12  0.6812E-12  0.5388E-12  0.4880E-12  0.9142E-12
     24.6612       20.0000  0.1276E-09  0.6878E-10  0.5446E-10  0.4654E-10  0.4071E-10  0.3346E-10  0.2640E-10  0.2058E-10  0.1562E-10  0.1155E-10  0.8548E-11  0.6675E-11  0.5272E-11  0.4225E-11  0.3440E-11  0.2816E-11  0.2314E-11  0.1906E-11  0.1583E-11  0.1330E-11  0.1117E-11  0.9313E-12  0.7733E-12  0.6354E-12  0.5965E-12  0.1048E-11
     24.7967       30.0000  0.2675E-09  0.1307E-09  0.8461E-10  0.6188E-10  0.4891E-10  0.3805E-10  0.2927E-10  0.2261E-10  0.1708E-10  0.1255E-10  0.9225E-11  0.7193E-11  0.5676E-11  0.4550E-11  0.3709E-11  0.3038E-11  0.2497E-11  0.2057E-11  0.1710E-11  0.1444E-11  0.1220E-11  0.1028E-11  0.8708E-12  0.7399E-12  0.7177E-12  0.1209E-11
     24.9322       40.0000  0.4234E-09  0.2028E-09  0.1202E-09  0.8005E-10  0.5862E-10  0.4347E-10  0.3268E-10  0.2504E-10  0.1882E-10  0.1373E-10  0.1001E-10  0.7785E-11  0.6135E-11  0.4916E-11  0.4012E-11  0.3288E-11  0.2702E-11  0.2222E-11  0.1848E-11  0.1569E-11  0.1334E-11  0.1135E-11  0.9802E-12  0.8595E-12  0.8602E-12  0.1408E-11
     25.0678       50.0000  0.5976E-09  0.2888E-09  0.1637E-09  0.1025E-09  0.7059E-10  0.5014E-10  0.3688E-10  0.2805E-10  0.2098E-10  0.1516E-10  0.1095E-10  0.8494E-11  0.6680E-11  0.5351E-11  0.4370E-11  0.3582E-11  0.2942E-11  0.2415E-11  0.2008E-11  0.1715E-11  0.1466E-11  0.1261E-11  0.1110E-11  0.1004E-11  0.1036E-11  0.1661E-11
     25.2033       60.0000  0.7908E-09  0.3935E-09  0.2187E-09  0.1311E-09  0.8590E-10  0.5865E-10  0.4226E-10  0.3191E-10  0.2373E-10  0.1698E-10  0.1212E-10  0.9380E-11  0.7360E-11  0.5891E-11  0.4815E-11  0.3947E-11  0.3238E-11  0.2653E-11  0.2204E-11  0.1894E-11  0.1630E-11  0.1417E-11  0.1273E-11  0.1187E-11  0.1261E-11  0.1993E-11
     25.3388       70.0000  0.1001E-08  0.5224E-09  0.2898E-09  0.1689E-09  0.1062E-09  0.6996E-10  0.4941E-10  0.3705E-10  0.2740E-10  0.1940E-10  0.1367E-10  0.1054E-10  0.8253E-11  0.6599E-11  0.5399E-11  0.4426E-11  0.3627E-11  0.2964E-11  0.2460E-11  0.2129E-11  0.1846E-11  0.1624E-11  0.1490E-11  0.1432E-11  0.1565E-11  0.2441E-11
     25.4743       80.0000  0.1221E-08  0.6813E-09  0.3836E-09  0.2202E-09  0.1342E-09  0.8562E-10  0.5932E-10  0.4419E-10  0.3250E-10  0.2275E-10  0.1582E-10  0.1216E-10  0.9492E-11  0.7583E-11  0.6212E-11  0.5094E-11  0.4170E-11  0.3398E-11  0.2820E-11  0.2458E-11  0.2150E-11  0.1915E-11  0.1795E-11  0.1777E-11  0.1990E-11  0.3066E-11
     25.6098       90.0000  0.1437E-08  0.8751E-09  0.5089E-09  0.2919E-09  0.1741E-09  0.1083E-09  0.7374E-10  0.5457E-10  0.3993E-10  0.2765E-10  0.1898E-10  0.1455E-10  0.1132E-10  0.9040E-11  0.7417E-11  0.6084E-11  0.4978E-11  0.4048E-11  0.3359E-11  0.2953E-11  0.2604E-11  0.2350E-11  0.2251E-11  0.2288E-11  0.2616E-11  0.3970E-11
     25.7453      100.0000  0.1628E-08  0.1104E-08  0.6770E-09  0.3943E-09  0.2333E-09  0.1426E-09  0.9578E-10  0.7048E-10  0.5134E-10  0.3525E-10  0.2394E-10  0.1829E-10  0.1421E-10  0.1134E-10  0.9321E-11  0.7654E-11  0.6262E-11  0.5086E-11  0.4223E-11  0.3745E-11  0.3332E-11  0.3045E-11  0.2971E-11  0.3090E-11  0.3585E-11  0.5338E-11
     25.8808      110.0000  0.1761E-08  0.1359E-08  0.9000E-09  0.5432E-09  0.3242E-09  0.1970E-09  0.1313E-09  0.9621E-10  0.6993E-10  0.4779E-10  0.3224E-10  0.2459E-10  0.1908E-10  0.1524E-10  0.1255E-10  0.1032E-10  0.8451E-11  0.6865E-11  0.5712E-11  0.5105E-11  0.4579E-11  0.4229E-11  0.4189E-11  0.4426E-11  0.5176E-11  0.7522E-11
     26.0163      120.0000  0.1799E-08  0.1609E-08  0.1184E-08  0.7607E-09  0.4681E-09  0.2875E-09  0.1918E-09  0.1404E-09  0.1022E-09  0.6993E-10  0.4717E-10  0.3599E-10  0.2794E-10  0.2234E-10  0.1844E-10  0.1520E-10  0.1248E-10  0.1016E-10  0.8481E-11  0.7627E-11  0.6884E-11  0.6408E-11  0.6406E-11  0.6827E-11  0.7985E-11  0.1126E-10
     26.1518      130.0000  0.1704E-08  0.1788E-08  0.1512E-08  0.1070E-08  0.6993E-09  0.4442E-09  0.3007E-09  0.2217E-09  0.1626E-09  0.1123E-09  0.7643E-10  0.5850E-10  0.4557E-10  0.3654E-10  0.3024E-10  0.2501E-10  0.2061E-10  0.1686E-10  0.1414E-10  0.1276E-10  0.1157E-10  0.1081E-10  0.1084E-10  0.1156E-10  0.1343E-10  0.1826E-10
     26.2873      140.0000  0.1454E-08  0.1790E-08  0.1801E-08  0.1466E-08  0.1060E-08  0.7199E-09  0.5061E-09  0.3810E-09  0.2851E-09  0.2015E-09  0.1399E-09  0.1081E-09  0.8481E-10  0.6839E-10  0.5683E-10  0.4723E-10  0.3915E-10  0.3225E-10  0.2720E-10  0.2461E-10  0.2235E-10  0.2091E-10  0.2092E-10  0.2218E-10  0.2540E-10  0.3310E-10
     26.4228      150.0000  0.1056E-08  0.1494E-08  0.1848E-08  0.1822E-08  0.1540E-08  0.1175E-08  0.8922E-09  0.7065E-09  0.5529E-09  0.4090E-09  0.2956E-09  0.2330E-09  0.1858E-09  0.1517E-09  0.1271E-09  0.1066E-09  0.8921E-10  0.7425E-10  0.6314E-10  0.5723E-10  0.5203E-10  0.4864E-10  0.4833E-10  0.5066E-10  0.5691E-10  0.7064E-10
     26.5583      160.0000  0.5478E-09  0.8441E-09  0.1355E-08  0.1725E-08  0.1822E-08  0.1672E-08  0.1463E-08  0.1292E-08  0.1117E-08  0.9094E-09  0.7135E-09  0.5914E-09  0.4914E-09  0.4140E-09  0.3551E-09  0.3042E-09  0.2597E-09  0.2203E-09  0.1902E-09  0.1734E-09  0.1582E-09  0.1479E-09  0.1458E-09  0.1508E-09  0.1655E-09  0.1943E-09
     26.6938      170.0000 -0.1927E-11 -0.5970E-10  0.2179E-09  0.6473E-09  0.1026E-08  0.1247E-08  0.1356E-08  0.1453E-08  0.1536E-08  0.1537E-08  0.1453E-08  0.1380E-08  0.1290E-08  0.1200E-08  0.1115E-08  0.1024E-08  0.9296E-09  0.8328E-09  0.7509E-09  0.7035E-09  0.6562E-09  0.6218E-09  0.6140E-09  0.6293E-09  0.6753E-09  0.7422E-09
     26.8293      180.0000 -0.5199E-09 -0.9684E-09 -0.1128E-08 -0.1037E-08 -0.8715E-09 -0.7248E-09 -0.6658E-09 -0.6607E-09 -0.5958E-09 -0.4519E-09 -0.3075E-09 -0.2527E-09 -0.1951E-09 -0.1471E-09 -0.1130E-09 -0.8217E-10 -0.5445E-10 -0.3011E-10 -0.1475E-10 -0.1356E-10 -0.7615E-11 -0.4280E-11 -0.6533E-11 -0.1152E-10 -0.2621E-10 -0.1349E-09
     26.9648      190.0000 -0.9474E-09 -0.1634E-08 -0.2019E-08 -0.2065E-08 -0.1955E-08 -0.1780E-08 -0.1665E-08 -0.1621E-08 -0.1541E-08 -0.1390E-08 -0.1234E-08 -0.1158E-08 -0.1084E-08 -0.1020E-08 -0.9635E-09 -0.8975E-09 -0.8248E-09 -0.7469E-09 -0.6806E-09 -0.6438E-09 -0.6072E-09 -0.5813E-09 -0.5795E-09 -0.5993E-09 -0.6465E-09 -0.6931E-09
     27.1003      200.0000 -0.1254E-08 -0.1954E-08 -0.2237E-08 -0.2103E-08 -0.1808E-08 -0.1473E-08 -0.1218E-08 -0.1041E-08 -0.8837E-09 -0.7287E-09 -0.5980E-09 -0.5139E-09 -0.4448E-09 -0.3893E-09 -0.3440E-09 -0.3028E-09 -0.2655E-09 -0.2315E-09 -0.2041E-09 -0.1867E-09 -0.1712E-09 -0.1599E-09 -0.1552E-09 -0.1558E-09 -0.1624E-09 -0.1607E-09
     27.2358      210.0000 -0.1436E-08 -0.1979E-08 -0.2019E-08 -0.1692E-08 -0.1307E-08 -0.9643E-09 -0.7246E-09 -0.5660E-09 -0.4470E-09 -0.3507E-09 -0.2769E-09 -0.2280E-09 -0.1904E-09 -0.1614E-09 -0.1388E-09 -0.1196E-09 -0.1032E-09 -0.8898E-10 -0.7768E-10 -0.7022E-10 -0.6378E-10 -0.5897E-10 -0.5649E-10 -0.5575E-10 -0.5670E-10 -0.5228E-10
     27.3713      220.0000 -0.1511E-08 -0.1823E-08 -0.1647E-08 -0.1243E-08 -0.8812E-09 -0.6053E-09 -0.4267E-09 -0.3145E-09 -0.2381E-09 -0.1824E-09 -0.1416E-09 -0.1142E-09 -0.9373E-10 -0.7833E-10 -0.6650E-10 -0.5679E-10 -0.4872E-10 -0.4189E-10 -0.3647E-10 -0.3281E-10 -0.2968E-10 -0.2732E-10 -0.2599E-10 -0.2538E-10 -0.2534E-10 -0.2178E-10
     27.5068      230.0000 -0.1504E-08 -0.1587E-08 -0.1282E-08 -0.8862E-09 -0.5879E-09 -0.3832E-09 -0.2581E-09 -0.1828E-09 -0.1348E-09 -0.1020E-09 -0.7870E-10 -0.6275E-10 -0.5106E-10 -0.4237E-10 -0.3575E-10 -0.3042E-10 -0.2606E-10 -0.2241E-10 -0.1952E-10 -0.1753E-10 -0.1585E-10 -0.1457E-10 -0.1382E-10 -0.1342E-10 -0.1322E-10 -0.1056E-10
     27.6423      240.0000 -0.1441E-08 -0.1337E-08 -0.9777E-09 -0.6288E-09 -0.3951E-09 -0.2465E-09 -0.1600E-09 -0.1098E-09 -0.7944E-10 -0.5973E-10 -0.4603E-10 -0.3647E-10 -0.2956E-10 -0.2446E-10 -0.2059E-10 -0.1751E-10 -0.1501E-10 -0.1294E-10 -0.1129E-10 -0.1016E-10 -0.9199E-11 -0.8476E-11 -0.8046E-11 -0.7807E-11 -0.7615E-11 -0.5611E-11
     27.7778      250.0000 -0.1344E-08 -0.1107E-08 -0.7417E-09 -0.4481E-09 -0.2679E-09 -0.1601E-09 -0.1002E-09 -0.6671E-10 -0.4748E-10 -0.3559E-10 -0.2747E-10 -0.2170E-10 -0.1757E-10 -0.1454E-10 -0.1225E-10 -0.1044E-10 -0.8983E-11 -0.7773E-11 -0.6813E-11 -0.6155E-11 -0.5598E-11 -0.5186E-11 -0.4951E-11 -0.4827E-11 -0.4685E-11 -0.3140E-11
     27.9133      260.0000 -0.1229E-08 -0.9072E-09 -0.5633E-09 -0.3215E-09 -0.1826E-09 -0.1039E-09 -0.6209E-10 -0.3990E-10 -0.2789E-10 -0.2087E-10 -0.1618E-10 -0.1277E-10 -0.1036E-10 -0.8606E-11 -0.7281E-11 -0.6240E-11 -0.5402E-11 -0.4706E-11 -0.4153E-11 -0.3784E-11 -0.3471E-11 -0.3249E-11 -0.3138E-11 -0.3095E-11 -0.3006E-11 -0.1786E-11
     28.0488      270.0000 -0.1106E-08 -0.7402E-09 -0.4293E-09 -0.2319E-09 -0.1241E-09 -0.6610E-10 -0.3701E-10 -0.2252E-10 -0.1531E-10 -0.1144E-10 -0.8944E-11 -0.7067E-11 -0.5772E-11 -0.4840E-11 -0.4136E-11 -0.3584E-11 -0.3140E-11 -0.2768E-11 -0.2473E-11 -0.2288E-11 -0.2132E-11 -0.2031E-11 -0.2003E-11 -0.2019E-11 -0.1974E-11 -0.9884E-12
     28.1843      280.0000 -0.9835E-09 -0.6025E-09 -0.3284E-09 -0.1674E-09 -0.8328E-10 -0.4016E-10 -0.2001E-10 -0.1087E-10 -0.6935E-11 -0.5166E-11 -0.4124E-11 -0.3278E-11 -0.2726E-11 -0.2342E-11 -0.2053E-11 -0.1827E-11 -0.1643E-11 -0.1484E-11 -0.1358E-11 -0.1297E-11 -0.1245E-11 -0.1226E-11 -0.1255E-11 -0.1313E-11 -0.1303E-11 -0.4889E-12
     28.3198      290.0000 -0.8642E-09 -0.4893E-09 -0.2515E-09 -0.1203E-09 -0.5412E-10 -0.2196E-10 -0.8235E-11 -0.2874E-11 -0.1202E-11 -0.8687E-12 -0.8177E-12 -0.6790E-12 -0.6381E-12 -0.6301E-12 -0.6257E-12 -0.6222E-12 -0.6158E-12 -0.6014E-12 -0.5916E-12 -0.6155E-12 -0.6346E-12 -0.6725E-12 -0.7410E-12 -0.8287E-12 -0.8456E-12 -0.1586E-12
     28.4553      300.0000 -0.7498E-09 -0.3956E-09 -0.1920E-09 -0.8520E-10 -0.3289E-10 -0.8943E-11  0.9371E-13  0.2745E-11  0.2817E-11  0.2147E-11  0.1506E-11  0.1148E-11  0.8317E-12  0.5762E-12  0.3812E-12  0.2288E-12  0.1108E-12  0.2340E-13 -0.4824E-13 -0.1318E-12 -0.2013E-12 -0.2788E-12 -0.3755E-12 -0.4847E-12 -0.5212E-12  0.7194E-13
     28.5908      310.0000 -0.6402E-09 -0.3171E-09 -0.1450E-09 -0.5834E-10 -0.1706E-10  0.5770E-12  0.6110E-11  0.6786E-11  0.5706E-11  0.4315E-11  0.3176E-11  0.2463E-11  0.1892E-11  0.1448E-11  0.1110E-11  0.8457E-12  0.6383E-12  0.4776E-12  0.3473E-12  0.2209E-12  0.1152E-12  0.9177E-14 -0.1075E-12 -0.2316E-12 -0.2819E-12  0.2423E-12
     28.7263      320.0000 -0.5346E-09 -0.2500E-09 -0.1068E-09 -0.3723E-10 -0.4924E-11  0.7732E-11  0.1058E-10  0.9779E-11  0.7847E-11  0.5919E-11  0.4409E-11  0.3436E-11  0.2677E-11  0.2094E-11  0.1652E-11  0.1306E-11  0.1032E-11  0.8168E-12  0.6429E-12  0.4851E-12  0.3527E-12  0.2260E-12  0.9526E-13 -0.3898E-13 -0.9822E-13  0.3764E-12
     28.8618      330.0000 -0.4314E-09 -0.1911E-09 -0.7488E-10 -0.2002E-10  0.4740E-11  0.1331E-10  0.1402E-10  0.1209E-10  0.9501E-11  0.7154E-11  0.5353E-11  0.4180E-11  0.3278E-11  0.2591E-11  0.2070E-11  0.1660E-11  0.1336E-11  0.1078E-11  0.8707E-12  0.6892E-12  0.5366E-12  0.3944E-12  0.2537E-12  0.1131E-12  0.4893E-13  0.4897E-12
     28.9973      340.0000 -0.3287E-09 -0.1376E-09 -0.4703E-10 -0.5360E-11  0.1281E-10  0.1789E-10  0.1683E-10  0.1397E-10  0.1086E-10  0.8156E-11  0.6110E-11  0.4778E-11  0.3761E-11  0.2989E-11  0.2405E-11  0.1945E-11  0.1579E-11  0.1287E-11  0.1053E-11  0.8525E-12  0.6841E-12  0.5300E-12  0.3824E-12  0.2382E-12  0.1726E-12  0.5926E-12
     29.1328      350.0000 -0.2241E-09 -0.8726E-10 -0.2161E-10  0.7796E-11  0.1994E-10  0.2189E-10  0.1927E-10  0.1563E-10  0.1205E-10  0.9028E-11  0.6757E-11  0.5286E-11  0.4170E-11  0.3327E-11  0.2689E-11  0.2185E-11  0.1784E-11  0.1462E-11  0.1204E-11  0.9891E-12  0.8077E-12  0.6440E-12  0.4916E-12  0.3461E-12  0.2823E-12  0.6933E-12
     29.2683      360.0000 -0.1151E-09 -0.3761E-10  0.2861E-11  0.2031E-10  0.2667E-10  0.2564E-10  0.2156E-10  0.1720E-10  0.1318E-10  0.9844E-11  0.7351E-11  0.5750E-11  0.4541E-11  0.3632E-11  0.2945E-11  0.2401E-11  0.1967E-11  0.1617E-11  0.1338E-11  0.1109E-11  0.9164E-12  0.7447E-12  0.5891E-12  0.4443E-12  0.3853E-12  0.7983E-12
     29.4038       10.0000  0.1131E-11  0.1358E-10  0.2774E-10  0.3297E-10  0.3345E-10  0.2941E-10  0.2389E-10  0.1882E-10  0.1435E-10  0.1067E-10  0.7935E-11  0.6204E-11  0.4901E-11  0.3925E-11  0.3190E-11  0.2607E-11  0.2140E-11  0.1762E-11  0.1462E-11  0.1221E-11  0.1017E-11  0.8386E-12  0.6812E-12  0.5388E-12  0.4880E-12  0.9142E-12
     29.5393       20.0000  0.1276E-09  0.6878E-10  0.5446E-10  0.4654E-10  0.4071E-10  0.3346E-10  0.2640E-10  0.2058E-10  0.1562E-10  0.1155E-10  0.8548E-11  0.6675E-11  0.5272E-11  0.4225E-11  0.3440E-11  0.2816E-11  0.2314E-11  0.1906E-11  0.1583E-11  0.1330E-11  0.1117E-11  0.9313E-12  0.7733E-12  0.6354E-12  0.5965E-12  0.1048E-11
     29.6748       30.0000  0.2675E-09  0.1307E-09  0.8461E-10  0.6188E-10  0.4891E-10  0.3805E-10  0.2927E-10  0.2261E-10  0.1708E-10  0.1255E-10  0.9225E-11  0.7192E-11  0.5676E-11  0.4550E-11  0.3709E-11  0.3038E-11  0.2497E-11  0.2057E-11  0.1710E-11  0.1444E-11  0.1220E-11  0.1028E-11  0.8708E-12  0.7399E-12  0.7177E-12  0.1209E-11
     29.8103       40.0000  0.4234E-09  0.2028E-09  0.1202E-09  0.8005E-10  0.5862E-10  0.4347E-10  0.3268E-10  0.2504E-10  0.1882E-10  0.1373E-10  0.1001E-10  0.7785E-11  0.6135E-11  0.4916E-11  0.4012E-11  0.3288E-11  0.2702E-11  0.2222E-11  0.1848E-11  0.1569E-11  0.1334E-11  0.1135E-11  0.9802E-12  0.8595E-12  0.8602E-12  0.1408E-11
     29.9458       50.0000  0.5976E-09  0.2888E-09  0.1637E-09  0.1025E-09  0.7059E-10  0.5014E-10  0.3688E-10  0.2805E-10  0.2098E-10  0.1516E-10  0.1094E-10  0.8494E-11  0.6680E-11  0.5351E-11  0.4370E-11  0.3582E-11  0.2942E-11  0.2415E-11  0.2008E-11  0.1715E-11  0.1466E-11  0.1261E-11  0.1110E-11  0.1004E-11  0.1036E-11  0.1661E-11
