Time history of radial distribution for BEM variable: vTowCorC14z[m/s] for blade 1
                          rCurvi[m] (curvilinear radial distance)
                                0.7893      2.3679      3.9465      5.5252      7.1038      8.6824     10.2610     11.8396     13.4182     14.9968     16.5755     18.1541     19.7327     21.3113     22.8899     24.4685     26.0471     27.6258     29.2044     30.7830     32.3616     33.9402     35.5188     37.0974     38.2814     39.0707
                          zB[m] (radial coordinate along blade axis)
     time[s]  azimuth[deg]      0.1833      1.7549      3.3297      4.9065      6.4841      8.0620      9.6411     11.2240     12.8077     14.3896     15.9673     17.5458     19.1243     20.7027     22.2809     23.8588     25.4361     27.0127     28.5884     30.1632     31.7370     33.3100     34.8820     36.4536     37.6306     38.4127
      0.0000        0.0000  0.9387E-09  0.5273E-09  0.3002E-09  0.1724E-09  0.1028E-09  0.6265E-10  0.4094E-10  0.2883E-10  0.2078E-10  0.1482E-10  0.1070E-10  0.8296E-11  0.6545E-11  0.5271E-11  0.4329E-11  0.3558E-11  0.2919E-11  0.2382E-11  0.1970E-11  0.1700E-11  0.1467E-11  0.1293E-11  0.1194E-11  0.1158E-11  0.1214E-11  0.1315E-11
      0.1355       10.0000  0.9756E-09  0.5448E-09  0.3089E-09  0.1776E-09  0.1067E-09  0.6568E-10  0.4324E-10  0.3054E-10  0.2208E-10  0.1585E-10  0.1153E-10  0.8966E-11  0.7088E-11  0.5716E-11  0.4696E-11  0.3865E-11  0.3179E-11  0.2606E-11  0.2162E-11  0.1863E-11  0.1606E-11  0.1410E-11  0.1288E-11  0.1227E-11  0.1258E-11  0.1329E-11
      0.2710       20.0000  0.1009E-08  0.5674E-09  0.3222E-09  0.1858E-09  0.1123E-09  0.6971E-10  0.4618E-10  0.3269E-10  0.2369E-10  0.1710E-10  0.1252E-10  0.9748E-11  0.7717E-11  0.6229E-11  0.5119E-11  0.4217E-11  0.3476E-11  0.2858E-11  0.2377E-11  0.2047E-11  0.1763E-11  0.1542E-11  0.1398E-11  0.1313E-11  0.1321E-11  0.1366E-11
      0.4065       30.0000  0.1036E-08  0.5952E-09  0.3404E-09  0.1971E-09  0.1198E-09  0.7479E-10  0.4975E-10  0.3527E-10  0.2559E-10  0.1853E-10  0.1362E-10  0.1062E-10  0.8413E-11  0.6794E-11  0.5583E-11  0.4602E-11  0.3798E-11  0.3129E-11  0.2607E-11  0.2243E-11  0.1930E-11  0.1685E-11  0.1519E-11  0.1413E-11  0.1402E-11  0.1426E-11
      0.5420       40.0000  0.1052E-08  0.6284E-09  0.3643E-09  0.2122E-09  0.1294E-09  0.8102E-10  0.5399E-10  0.3829E-10  0.2779E-10  0.2015E-10  0.1483E-10  0.1156E-10  0.9164E-11  0.7399E-11  0.6079E-11  0.5011E-11  0.4138E-11  0.3412E-11  0.2844E-11  0.2446E-11  0.2104E-11  0.1834E-11  0.1649E-11  0.1525E-11  0.1502E-11  0.1512E-11
      0.6775       50.0000  0.1053E-08  0.6665E-09  0.3949E-09  0.2318E-09  0.1416E-09  0.8863E-10  0.5901E-10  0.4182E-10  0.3033E-10  0.2197E-10  0.1615E-10  0.1259E-10  0.9967E-11  0.8043E-11  0.6605E-11  0.5442E-11  0.4492E-11  0.3702E-11  0.3086E-11  0.2653E-11  0.2281E-11  0.1989E-11  0.1787E-11  0.1652E-11  0.1624E-11  0.1627E-11
      0.8130       60.0000  0.1030E-08  0.7083E-09  0.4333E-09  0.2570E-09  0.1570E-09  0.9797E-10  0.6502E-10  0.4599E-10  0.3329E-10  0.2403E-10  0.1761E-10  0.1370E-10  0.1083E-10  0.8733E-11  0.7167E-11  0.5900E-11  0.4864E-11  0.4003E-11  0.3333E-11  0.2866E-11  0.2464E-11  0.2150E-11  0.1936E-11  0.1797E-11  0.1774E-11  0.1780E-11
      0.9485       70.0000  0.9711E-09  0.7511E-09  0.4805E-09  0.2892E-09  0.1768E-09  0.1097E-09  0.7238E-10  0.5106E-10  0.3684E-10  0.2645E-10  0.1927E-10  0.1495E-10  0.1180E-10  0.9497E-11  0.7786E-11  0.6400E-11  0.5266E-11  0.4323E-11  0.3591E-11  0.3089E-11  0.2657E-11  0.2323E-11  0.2102E-11  0.1967E-11  0.1960E-11  0.1982E-11
      1.0840       80.0000  0.8647E-09  0.7892E-09  0.5376E-09  0.3306E-09  0.2024E-09  0.1247E-09  0.8173E-10  0.5744E-10  0.4127E-10  0.2941E-10  0.2125E-10  0.1644E-10  0.1294E-10  0.1039E-10  0.8508E-11  0.6981E-11  0.5728E-11  0.4685E-11  0.3880E-11  0.3340E-11  0.2875E-11  0.2520E-11  0.2298E-11  0.2177E-11  0.2201E-11  0.2251E-11
      1.2195       90.0000  0.6962E-09  0.8129E-09  0.6044E-09  0.3838E-09  0.2363E-09  0.1447E-09  0.9410E-10  0.6586E-10  0.4710E-10  0.3327E-10  0.2379E-10  0.1834E-10  0.1438E-10  0.1152E-10  0.9420E-11  0.7711E-11  0.6307E-11  0.5133E-11  0.4235E-11  0.3650E-11  0.3145E-11  0.2767E-11  0.2549E-11  0.2452E-11  0.2524E-11  0.2618E-11
      1.3550      100.0000  0.4530E-09  0.8054E-09  0.6783E-09  0.4516E-09  0.2817E-09  0.1720E-09  0.1112E-09  0.7756E-10  0.5520E-10  0.3862E-10  0.2732E-10  0.2097E-10  0.1637E-10  0.1308E-10  0.1068E-10  0.8723E-11  0.7107E-11  0.5753E-11  0.4725E-11  0.4078E-11  0.3519E-11  0.3110E-11  0.2897E-11  0.2837E-11  0.2976E-11  0.3131E-11
      1.4905      110.0000  0.1294E-09  0.7406E-09  0.7503E-09  0.5360E-09  0.3433E-09  0.2107E-09  0.1360E-09  0.9467E-10  0.6715E-10  0.4659E-10  0.3262E-10  0.2493E-10  0.1940E-10  0.1545E-10  0.1260E-10  0.1026E-10  0.8327E-11  0.6703E-11  0.5481E-11  0.4737E-11  0.4093E-11  0.3635E-11  0.3426E-11  0.3411E-11  0.3641E-11  0.3871E-11
      1.6260      120.0000 -0.2671E-09  0.5830E-09  0.7986E-09  0.6349E-09  0.4263E-09  0.2668E-09  0.1733E-09  0.1210E-09  0.8580E-10  0.5924E-10  0.4118E-10  0.3138E-10  0.2434E-10  0.1935E-10  0.1575E-10  0.1280E-10  0.1036E-10  0.8297E-11  0.6759E-11  0.5851E-11  0.5061E-11  0.4513E-11  0.4294E-11  0.4331E-11  0.4676E-11  0.4988E-11
      1.7615      130.0000 -0.7096E-09  0.2948E-09  0.7790E-09  0.7328E-09  0.5330E-09  0.3481E-09  0.2310E-09  0.1632E-09  0.1164E-09  0.8056E-10  0.5598E-10  0.4266E-10  0.3306E-10  0.2625E-10  0.2136E-10  0.1734E-10  0.1401E-10  0.1119E-10  0.9101E-11  0.7887E-11  0.6829E-11  0.6101E-11  0.5832E-11  0.5912E-11  0.6396E-11  0.6767E-11
      1.8970      140.0000 -0.1150E-08 -0.1413E-09  0.6184E-09  0.7799E-09  0.6494E-09  0.4594E-09  0.3198E-09  0.2322E-09  0.1688E-09  0.1184E-09  0.8322E-10  0.6377E-10  0.4958E-10  0.3945E-10  0.3214E-10  0.2612E-10  0.2113E-10  0.1691E-10  0.1377E-10  0.1194E-10  0.1034E-10  0.9238E-11  0.8811E-11  0.8885E-11  0.9508E-11  0.9815E-11
      2.0325      150.0000 -0.1526E-08 -0.6833E-09  0.2411E-09  0.6668E-09  0.7047E-09  0.5755E-09  0.4400E-09  0.3391E-09  0.2574E-09  0.1873E-09  0.1357E-09  0.1058E-09  0.8330E-10  0.6686E-10  0.5481E-10  0.4482E-10  0.3648E-10  0.2941E-10  0.2409E-10  0.2094E-10  0.1816E-10  0.1619E-10  0.1531E-10  0.1519E-10  0.1582E-10  0.1554E-10
      2.1680      160.0000 -0.1779E-08 -0.1202E-08 -0.3272E-09  0.2658E-09  0.5211E-09  0.5577E-09  0.5099E-09  0.4452E-09  0.3725E-09  0.2950E-09  0.2298E-09  0.1879E-09  0.1535E-09  0.1267E-09  0.1062E-09  0.8853E-10  0.7342E-10  0.6032E-10  0.5023E-10  0.4403E-10  0.3845E-10  0.3433E-10  0.3213E-10  0.3104E-10  0.3083E-10  0.2739E-10
      2.3035      170.0000 -0.1873E-08 -0.1518E-08 -0.8360E-09 -0.3014E-09  0.9960E-11  0.1738E-09  0.2539E-09  0.2909E-09  0.3002E-09  0.2863E-09  0.2649E-09  0.2474E-09  0.2266E-09  0.2061E-09  0.1873E-09  0.1681E-09  0.1490E-09  0.1305E-09  0.1151E-09  0.1056E-09  0.9605E-10  0.8828E-10  0.8336E-10  0.7884E-10  0.7243E-10  0.5075E-10
      2.4390      180.0000 -0.1805E-08 -0.1519E-08 -0.9528E-09 -0.5228E-09 -0.2866E-09 -0.1553E-09 -0.8068E-10 -0.3375E-10 -0.1441E-11  0.1805E-10  0.2767E-10  0.3732E-10  0.4673E-10  0.5670E-10  0.6761E-10  0.7827E-10  0.8794E-10  0.9608E-10  0.1042E-09  0.1157E-09  0.1260E-09  0.1364E-09  0.1507E-09  0.1684E-09  0.1872E-09  0.2060E-09
      2.5745      190.0000 -0.1605E-08 -0.1241E-08 -0.6520E-09 -0.2324E-09 -0.1934E-10  0.8334E-10  0.1395E-09  0.1835E-09  0.2096E-09  0.2107E-09  0.1955E-09  0.1897E-09  0.1828E-09  0.1758E-09  0.1686E-09  0.1585E-09  0.1460E-09  0.1318E-09  0.1190E-09  0.1110E-09  0.1032E-09  0.9783E-10  0.9776E-10  0.1044E-09  0.1231E-09  0.1615E-09
      2.7100      200.0000 -0.1321E-08 -0.8257E-09 -0.2108E-09  0.1559E-09  0.2917E-09  0.3134E-09  0.3035E-09  0.2929E-09  0.2702E-09  0.2332E-09  0.1940E-09  0.1690E-09  0.1475E-09  0.1294E-09  0.1141E-09  0.9946E-10  0.8579E-10  0.7313E-10  0.6270E-10  0.5552E-10  0.4917E-10  0.4435E-10  0.4190E-10  0.4190E-10  0.4612E-10  0.5565E-10
      2.8455      210.0000 -0.1001E-08 -0.4128E-09  0.1405E-09  0.3790E-09  0.4063E-09  0.3539E-09  0.2982E-09  0.2566E-09  0.2160E-09  0.1740E-09  0.1377E-09  0.1144E-09  0.9584E-10  0.8109E-10  0.6923E-10  0.5879E-10  0.4964E-10  0.4161E-10  0.3515E-10  0.3063E-10  0.2672E-10  0.2371E-10  0.2191E-10  0.2125E-10  0.2252E-10  0.2577E-10
      2.9810      220.0000 -0.6832E-09 -0.7834E-10  0.3455E-09  0.4491E-09  0.3995E-09  0.3136E-09  0.2453E-09  0.1985E-09  0.1593E-09  0.1239E-09  0.9560E-10  0.7768E-10  0.6380E-10  0.5308E-10  0.4467E-10  0.3751E-10  0.3138E-10  0.2612E-10  0.2194E-10  0.1900E-10  0.1647E-10  0.1451E-10  0.1327E-10  0.1268E-10  0.1316E-10  0.1459E-10
      3.1165      230.0000 -0.3931E-09  0.1599E-09  0.4375E-09  0.4396E-09  0.3509E-09  0.2579E-09  0.1926E-09  0.1503E-09  0.1172E-09  0.8932E-10  0.6787E-10  0.5446E-10  0.4425E-10  0.3649E-10  0.3049E-10  0.2545E-10  0.2119E-10  0.1757E-10  0.1471E-10  0.1270E-10  0.1098E-10  0.9643E-11  0.8787E-11  0.8342E-11  0.8578E-11  0.9363E-11
      3.2520      240.0000 -0.1420E-09  0.3150E-09  0.4624E-09  0.3999E-09  0.2964E-09  0.2078E-09  0.1501E-09  0.1143E-09  0.8752E-10  0.6572E-10  0.4938E-10  0.3931E-10  0.3173E-10  0.2603E-10  0.2165E-10  0.1801E-10  0.1495E-10  0.1236E-10  0.1032E-10  0.8898E-11  0.7684E-11  0.6745E-11  0.6149E-11  0.5843E-11  0.6008E-11  0.6525E-11
      3.3875      250.0000  0.6750E-10  0.4087E-09  0.4534E-09  0.3539E-09  0.2480E-09  0.1674E-09  0.1179E-09  0.8813E-10  0.6656E-10  0.4935E-10  0.3670E-10  0.2905E-10  0.2333E-10  0.1906E-10  0.1582E-10  0.1312E-10  0.1086E-10  0.8948E-11  0.7453E-11  0.6428E-11  0.5550E-11  0.4878E-11  0.4465E-11  0.4271E-11  0.4425E-11  0.4824E-11
      3.5230      260.0000  0.2383E-09  0.4611E-09  0.4299E-09  0.3110E-09  0.2084E-09  0.1363E-09  0.9379E-10  0.6911E-10  0.5160E-10  0.3780E-10  0.2781E-10  0.2190E-10  0.1752E-10  0.1427E-10  0.1182E-10  0.9778E-11  0.8070E-11  0.6624E-11  0.5500E-11  0.4747E-11  0.4101E-11  0.3614E-11  0.3332E-11  0.3225E-11  0.3386E-11  0.3731E-11
      3.6585      270.0000  0.3759E-09  0.4875E-09  0.4022E-09  0.2744E-09  0.1773E-09  0.1127E-09  0.7600E-10  0.5529E-10  0.4086E-10  0.2957E-10  0.2151E-10  0.1685E-10  0.1342E-10  0.1090E-10  0.9015E-11  0.7442E-11  0.6122E-11  0.5002E-11  0.4138E-11  0.3576E-11  0.3093E-11  0.2736E-11  0.2547E-11  0.2503E-11  0.2676E-11  0.2993E-11
      3.7940      280.0000  0.4864E-09  0.4988E-09  0.3754E-09  0.2446E-09  0.1533E-09  0.9512E-10  0.6298E-10  0.4530E-10  0.3316E-10  0.2371E-10  0.1704E-10  0.1329E-10  0.1054E-10  0.8533E-11  0.7045E-11  0.5801E-11  0.4755E-11  0.3864E-11  0.3184E-11  0.2755E-11  0.2386E-11  0.2120E-11  0.1996E-11  0.1997E-11  0.2179E-11  0.2478E-11
      3.9295      290.0000  0.5759E-09  0.5017E-09  0.3517E-09  0.2209E-09  0.1351E-09  0.8219E-10  0.5359E-10  0.3816E-10  0.2770E-10  0.1959E-10  0.1392E-10  0.1080E-10  0.8530E-11  0.6887E-11  0.5677E-11  0.4663E-11  0.3807E-11  0.3077E-11  0.2524E-11  0.2188E-11  0.1897E-11  0.1693E-11  0.1613E-11  0.1642E-11  0.1827E-11  0.2109E-11
      4.0650      300.0000  0.6495E-09  0.5010E-09  0.3320E-09  0.2026E-09  0.1217E-09  0.7294E-10  0.4701E-10  0.3320E-10  0.2393E-10  0.1678E-10  0.1181E-10  0.9129E-11  0.7182E-11  0.5782E-11  0.4759E-11  0.3899E-11  0.3174E-11  0.2553E-11  0.2086E-11  0.1810E-11  0.1571E-11  0.1408E-11  0.1354E-11  0.1398E-11  0.1578E-11  0.1843E-11
      4.2005      310.0000  0.7115E-09  0.4995E-09  0.3166E-09  0.1890E-09  0.1121E-09  0.6659E-10  0.4261E-10  0.2993E-10  0.2146E-10  0.1497E-10  0.1048E-10  0.8078E-11  0.6337E-11  0.5091E-11  0.4184E-11  0.3423E-11  0.2780E-11  0.2230E-11  0.1818E-11  0.1578E-11  0.1370E-11  0.1230E-11  0.1189E-11  0.1237E-11  0.1406E-11  0.1650E-11
      4.3360      320.0000  0.7653E-09  0.4991E-09  0.3054E-09  0.1794E-09  0.1056E-09  0.6258E-10  0.3995E-10  0.2797E-10  0.2001E-10  0.1393E-10  0.9756E-11  0.7509E-11  0.5884E-11  0.4722E-11  0.3877E-11  0.3170E-11  0.2574E-11  0.2064E-11  0.1682E-11  0.1460E-11  0.1267E-11  0.1137E-11  0.1098E-11  0.1139E-11  0.1292E-11  0.1512E-11
      4.4715      330.0000  0.8134E-09  0.5009E-09  0.2982E-09  0.1732E-09  0.1018E-09  0.6046E-10  0.3867E-10  0.2706E-10  0.1935E-10  0.1352E-10  0.9504E-11  0.7319E-11  0.5737E-11  0.4604E-11  0.3779E-11  0.3091E-11  0.2513E-11  0.2021E-11  0.1651E-11  0.1431E-11  0.1241E-11  0.1110E-11  0.1064E-11  0.1092E-11  0.1225E-11  0.1416E-11
      4.6070      340.0000  0.8577E-09  0.5058E-09  0.2949E-09  0.1701E-09  0.1002E-09  0.5991E-10  0.3853E-10  0.2699E-10  0.1934E-10  0.1358E-10  0.9626E-11  0.7427E-11  0.5832E-11  0.4684E-11  0.3844E-11  0.3148E-11  0.2567E-11  0.2073E-11  0.1700E-11  0.1472E-11  0.1274E-11  0.1134E-11  0.1075E-11  0.1085E-11  0.1193E-11  0.1355E-11
      4.7425      350.0000  0.8993E-09  0.5145E-09  0.2956E-09  0.1699E-09  0.1006E-09  0.6070E-10  0.3933E-10  0.2762E-10  0.1984E-10  0.1404E-10  0.1004E-10  0.7769E-11  0.6115E-11  0.4918E-11  0.4037E-11  0.3312E-11  0.2709E-11  0.2200E-11  0.1811E-11  0.1566E-11  0.1353E-11  0.1198E-11  0.1121E-11  0.1109E-11  0.1191E-11  0.1322E-11
      4.8780      360.0000  0.9387E-09  0.5273E-09  0.3002E-09  0.1724E-09  0.1028E-09  0.6266E-10  0.4093E-10  0.2882E-10  0.2078E-10  0.1482E-10  0.1069E-10  0.8296E-11  0.6544E-11  0.5271E-11  0.4329E-11  0.3557E-11  0.2919E-11  0.2382E-11  0.1970E-11  0.1700E-11  0.1467E-11  0.1293E-11  0.1194E-11  0.1158E-11  0.1214E-11  0.1315E-11
      5.0136       10.0000  0.9756E-09  0.5448E-09  0.3089E-09  0.1776E-09  0.1066E-09  0.6568E-10  0.4323E-10  0.3053E-10  0.2207E-10  0.1585E-10  0.1153E-10  0.8966E-11  0.7087E-11  0.5715E-11  0.4696E-11  0.3865E-11  0.3179E-11  0.2606E-11  0.2162E-11  0.1863E-11  0.1606E-11  0.1410E-11  0.1288E-11  0.1227E-11  0.1258E-11  0.1329E-11
      5.1491       20.0000  0.1009E-08  0.5674E-09  0.3222E-09  0.1858E-09  0.1123E-09  0.6972E-10  0.4617E-10  0.3268E-10  0.2368E-10  0.1709E-10  0.1251E-10  0.9747E-11  0.7717E-11  0.6229E-11  0.5119E-11  0.4217E-11  0.3476E-11  0.2858E-11  0.2377E-11  0.2047E-11  0.1763E-11  0.1542E-11  0.1398E-11  0.1313E-11  0.1321E-11  0.1366E-11
      5.2846       30.0000  0.1036E-08  0.5952E-09  0.3404E-09  0.1971E-09  0.1197E-09  0.7481E-10  0.4973E-10  0.3526E-10  0.2558E-10  0.1853E-10  0.1362E-10  0.1062E-10  0.8413E-11  0.6793E-11  0.5583E-11  0.4602E-11  0.3798E-11  0.3129E-11  0.2607E-11  0.2243E-11  0.1930E-11  0.1685E-11  0.1519E-11  0.1413E-11  0.1402E-11  0.1426E-11
      5.4201       40.0000  0.1052E-08  0.6284E-09  0.3643E-09  0.2122E-09  0.1294E-09  0.8104E-10  0.5397E-10  0.3828E-10  0.2778E-10  0.2015E-10  0.1483E-10  0.1156E-10  0.9164E-11  0.7399E-11  0.6079E-11  0.5011E-11  0.4138E-11  0.3412E-11  0.2844E-11  0.2446E-11  0.2104E-11  0.1834E-11  0.1649E-11  0.1525E-11  0.1502E-11  0.1512E-11
      5.5556       50.0000  0.1053E-08  0.6665E-09  0.3949E-09  0.2318E-09  0.1415E-09  0.8864E-10  0.5899E-10  0.4181E-10  0.3032E-10  0.2196E-10  0.1615E-10  0.1258E-10  0.9966E-11  0.8043E-11  0.6605E-11  0.5442E-11  0.4492E-11  0.3702E-11  0.3086E-11  0.2653E-11  0.2281E-11  0.1989E-11  0.1787E-11  0.1652E-11  0.1624E-11  0.1627E-11
      5.6911       60.0000  0.1030E-08  0.7083E-09  0.4333E-09  0.2570E-09  0.1570E-09  0.9798E-10  0.6499E-10  0.4598E-10  0.3328E-10  0.2403E-10  0.1761E-10  0.1370E-10  0.1083E-10  0.8733E-11  0.7166E-11  0.5900E-11  0.4864E-11  0.4003E-11  0.3333E-11  0.2866E-11  0.2464E-11  0.2150E-11  0.1936E-11  0.1797E-11  0.1774E-11  0.1780E-11
      5.8266       70.0000  0.9711E-09  0.7511E-09  0.4805E-09  0.2892E-09  0.1767E-09  0.1097E-09  0.7236E-10  0.5105E-10  0.3683E-10  0.2644E-10  0.1926E-10  0.1495E-10  0.1180E-10  0.9496E-11  0.7786E-11  0.6400E-11  0.5266E-11  0.4323E-11  0.3591E-11  0.3089E-11  0.2657E-11  0.2323E-11  0.2102E-11  0.1967E-11  0.1960E-11  0.1982E-11
      5.9621       80.0000  0.8647E-09  0.7892E-09  0.5376E-09  0.3306E-09  0.2024E-09  0.1247E-09  0.8171E-10  0.5743E-10  0.4126E-10  0.2941E-10  0.2125E-10  0.1644E-10  0.1293E-10  0.1039E-10  0.8508E-11  0.6981E-11  0.5728E-11  0.4685E-11  0.3880E-11  0.3340E-11  0.2875E-11  0.2520E-11  0.2298E-11  0.2177E-11  0.2201E-11  0.2251E-11
      6.0976       90.0000  0.6962E-09  0.8129E-09  0.6044E-09  0.3838E-09  0.2363E-09  0.1447E-09  0.9407E-10  0.6585E-10  0.4709E-10  0.3326E-10  0.2379E-10  0.1833E-10  0.1438E-10  0.1152E-10  0.9419E-11  0.7711E-11  0.6307E-11  0.5133E-11  0.4235E-11  0.3650E-11  0.3145E-11  0.2767E-11  0.2549E-11  0.2452E-11  0.2524E-11  0.2618E-11
      6.2331      100.0000  0.4530E-09  0.8054E-09  0.6783E-09  0.4516E-09  0.2817E-09  0.1720E-09  0.1112E-09  0.7754E-10  0.5519E-10  0.3862E-10  0.2732E-10  0.2096E-10  0.1637E-10  0.1308E-10  0.1068E-10  0.8723E-11  0.7107E-11  0.5753E-11  0.4725E-11  0.4078E-11  0.3519E-11  0.3110E-11  0.2897E-11  0.2837E-11  0.2976E-11  0.3131E-11
      6.3686      110.0000  0.1294E-09  0.7406E-09  0.7503E-09  0.5360E-09  0.3432E-09  0.2107E-09  0.1359E-09  0.9464E-10  0.6714E-10  0.4658E-10  0.3261E-10  0.2493E-10  0.1939E-10  0.1545E-10  0.1260E-10  0.1026E-10  0.8327E-11  0.6703E-11  0.5481E-11  0.4737E-11  0.4093E-11  0.3635E-11  0.3426E-11  0.3411E-11  0.3641E-11  0.3871E-11
      6.5041      120.0000 -0.2671E-09  0.5830E-09  0.7986E-09  0.6349E-09  0.4262E-09  0.2668E-09  0.1732E-09  0.1209E-09  0.8578E-10  0.5923E-10  0.4118E-10  0.3138E-10  0.2434E-10  0.1935E-10  0.1575E-10  0.1280E-10  0.1036E-10  0.8297E-11  0.6759E-11  0.5851E-11  0.5061E-11  0.4513E-11  0.4294E-11  0.4331E-11  0.4676E-11  0.4988E-11
      6.6396      130.0000 -0.7096E-09  0.2948E-09  0.7790E-09  0.7328E-09  0.5329E-09  0.3481E-09  0.2310E-09  0.1631E-09  0.1164E-09  0.8054E-10  0.5597E-10  0.4266E-10  0.3306E-10  0.2625E-10  0.2136E-10  0.1734E-10  0.1401E-10  0.1119E-10  0.9101E-11  0.7887E-11  0.6829E-11  0.6101E-11  0.5832E-11  0.5912E-11  0.6396E-11  0.6767E-11
      6.7751      140.0000 -0.1150E-08 -0.1413E-09  0.6184E-09  0.7799E-09  0.6493E-09  0.4594E-09  0.3197E-09  0.2321E-09  0.1687E-09  0.1184E-09  0.8321E-10  0.6377E-10  0.4958E-10  0.3945E-10  0.3214E-10  0.2612E-10  0.2113E-10  0.1691E-10  0.1377E-10  0.1194E-10  0.1034E-10  0.9238E-11  0.8811E-11  0.8885E-11  0.9508E-11  0.9815E-11
      6.9106      150.0000 -0.1526E-08 -0.6833E-09  0.2411E-09  0.6668E-09  0.7046E-09  0.5755E-09  0.4399E-09  0.3390E-09  0.2573E-09  0.1873E-09  0.1357E-09  0.1058E-09  0.8330E-10  0.6686E-10  0.5481E-10  0.4482E-10  0.3648E-10  0.2941E-10  0.2409E-10  0.2094E-10  0.1816E-10  0.1619E-10  0.1531E-10  0.1519E-10  0.1582E-10  0.1554E-10
      7.0461      160.0000 -0.1779E-08 -0.1202E-08 -0.3272E-09  0.2658E-09  0.5210E-09  0.5577E-09  0.5098E-09  0.4451E-09  0.3725E-09  0.2950E-09  0.2297E-09  0.1879E-09  0.1535E-09  0.1267E-09  0.1062E-09  0.8853E-10  0.7342E-10  0.6032E-10  0.5023E-10  0.4403E-10  0.3845E-10  0.3433E-10  0.3213E-10  0.3104E-10  0.3083E-10  0.2739E-10
      7.1816      170.0000 -0.1873E-08 -0.1518E-08 -0.8360E-09 -0.3014E-09  0.9953E-11  0.1738E-09  0.2538E-09  0.2908E-09  0.3001E-09  0.2863E-09  0.2648E-09  0.2474E-09  0.2265E-09  0.2061E-09  0.1873E-09  0.1681E-09  0.1490E-09  0.1305E-09  0.1151E-09  0.1056E-09  0.9605E-10  0.8828E-10  0.8336E-10  0.7884E-10  0.7243E-10  0.5075E-10
      7.3171      180.0000 -0.1805E-08 -0.1519E-08 -0.9528E-09 -0.5228E-09 -0.2866E-09 -0.1553E-09 -0.8066E-10 -0.3374E-10 -0.1441E-11  0.1804E-10  0.2767E-10  0.3731E-10  0.4673E-10  0.5669E-10  0.6761E-10  0.7827E-10  0.8794E-10  0.9608E-10  0.1042E-09  0.1157E-09  0.1260E-09  0.1364E-09  0.1507E-09  0.1684E-09  0.1872E-09  0.2060E-09
      7.4526      190.0000 -0.1605E-08 -0.1241E-08 -0.6520E-09 -0.2324E-09 -0.1934E-10  0.8333E-10  0.1395E-09  0.1835E-09  0.2096E-09  0.2107E-09  0.1955E-09  0.1897E-09  0.1828E-09  0.1758E-09  0.1686E-09  0.1585E-09  0.1460E-09  0.1318E-09  0.1190E-09  0.1110E-09  0.1032E-09  0.9783E-10  0.9776E-10  0.1044E-09  0.1231E-09  0.1615E-09
      7.5881      200.0000 -0.1321E-08 -0.8257E-09 -0.2108E-09  0.1559E-09  0.2917E-09  0.3134E-09  0.3034E-09  0.2928E-09  0.2701E-09  0.2332E-09  0.1940E-09  0.1690E-09  0.1475E-09  0.1294E-09  0.1141E-09  0.9946E-10  0.8579E-10  0.7313E-10  0.6270E-10  0.5552E-10  0.4917E-10  0.4435E-10  0.4190E-10  0.4190E-10  0.4612E-10  0.5565E-10
      7.7236      210.0000 -0.1001E-08 -0.4128E-09  0.1405E-09  0.3790E-09  0.4063E-09  0.3539E-09  0.2982E-09  0.2565E-09  0.2159E-09  0.1740E-09  0.1377E-09  0.1144E-09  0.9584E-10  0.8108E-10  0.6923E-10  0.5879E-10  0.4964E-10  0.4161E-10  0.3515E-10  0.3063E-10  0.2672E-10  0.2371E-10  0.2191E-10  0.2125E-10  0.2252E-10  0.2577E-10
      7.8591      220.0000 -0.6832E-09 -0.7834E-10  0.3455E-09  0.4491E-09  0.3994E-09  0.3136E-09  0.2452E-09  0.1985E-09  0.1592E-09  0.1239E-09  0.9559E-10  0.7767E-10  0.6379E-10  0.5308E-10  0.4467E-10  0.3751E-10  0.3138E-10  0.2612E-10  0.2194E-10  0.1900E-10  0.1647E-10  0.1451E-10  0.1327E-10  0.1268E-10  0.1316E-10  0.1459E-10
      7.9946      230.0000 -0.3931E-09  0.1599E-09  0.4375E-09  0.4396E-09  0.3509E-09  0.2579E-09  0.1925E-09  0.1502E-09  0.1172E-09  0.8930E-10  0.6786E-10  0.5446E-10  0.4425E-10  0.3649E-10  0.3049E-10  0.2545E-10  0.2119E-10  0.1757E-10  0.1471E-10  0.1270E-10  0.1098E-10  0.9643E-11  0.8787E-11  0.8342E-11  0.8578E-11  0.9363E-11
      8.1301      240.0000 -0.1420E-09  0.3150E-09  0.4624E-09  0.3999E-09  0.2963E-09  0.2078E-09  0.1501E-09  0.1143E-09  0.8751E-10  0.6571E-10  0.4938E-10  0.3931E-10  0.3173E-10  0.2603E-10  0.2165E-10  0.1801E-10  0.1495E-10  0.1236E-10  0.1032E-10  0.8898E-11  0.7684E-11  0.6745E-11  0.6149E-11  0.5843E-11  0.6008E-11  0.6525E-11
      8.2656      250.0000  0.6750E-10  0.4087E-09  0.4534E-09  0.3539E-09  0.2480E-09  0.1674E-09  0.1178E-09  0.8811E-10  0.6655E-10  0.4935E-10  0.3670E-10  0.2904E-10  0.2333E-10  0.1906E-10  0.1582E-10  0.1312E-10  0.1086E-10  0.8948E-11  0.7453E-11  0.6428E-11  0.5550E-11  0.4878E-11  0.4465E-11  0.4271E-11  0.4425E-11  0.4824E-11
      8.4011      260.0000  0.2383E-09  0.4611E-09  0.4299E-09  0.3110E-09  0.2084E-09  0.1363E-09  0.9376E-10  0.6909E-10  0.5159E-10  0.3780E-10  0.2781E-10  0.2190E-10  0.1752E-10  0.1427E-10  0.1182E-10  0.9778E-11  0.8070E-11  0.6624E-11  0.5500E-11  0.4747E-11  0.4101E-11  0.3614E-11  0.3332E-11  0.3225E-11  0.3386E-11  0.3731E-11
      8.5366      270.0000  0.3759E-09  0.4875E-09  0.4022E-09  0.2744E-09  0.1772E-09  0.1127E-09  0.7598E-10  0.5528E-10  0.4085E-10  0.2957E-10  0.2151E-10  0.1685E-10  0.1342E-10  0.1090E-10  0.9015E-11  0.7442E-11  0.6122E-11  0.5002E-11  0.4138E-11  0.3576E-11  0.3093E-11  0.2736E-11  0.2547E-11  0.2503E-11  0.2676E-11  0.2993E-11
      8.6721      280.0000  0.4864E-09  0.4988E-09  0.3754E-09  0.2446E-09  0.1533E-09  0.9511E-10  0.6296E-10  0.4529E-10  0.3315E-10  0.2371E-10  0.1704E-10  0.1329E-10  0.1054E-10  0.8533E-11  0.7045E-11  0.5801E-11  0.4755E-11  0.3864E-11  0.3184E-11  0.2755E-11  0.2386E-11  0.2120E-11  0.1996E-11  0.1997E-11  0.2179E-11  0.2478E-11
      8.8076      290.0000  0.5759E-09  0.5017E-09  0.3517E-09  0.2209E-09  0.1351E-09  0.8219E-10  0.5358E-10  0.3816E-10  0.2770E-10  0.1959E-10  0.1392E-10  0.1080E-10  0.8530E-11  0.6887E-11  0.5677E-11  0.4663E-11  0.3807E-11  0.3077E-11  0.2524E-11  0.2188E-11  0.1897E-11  0.1693E-11  0.1613E-11  0.1642E-11  0.1827E-11  0.2109E-11
      8.9431      300.0000  0.6495E-09  0.5010E-09  0.3320E-09  0.2026E-09  0.1217E-09  0.7294E-10  0.4700E-10  0.3320E-10  0.2393E-10  0.1678E-10  0.1181E-10  0.9129E-11  0.7181E-11  0.5782E-11  0.4758E-11  0.3899E-11  0.3174E-11  0.2553E-11  0.2086E-11  0.1810E-11  0.1571E-11  0.1408E-11  0.1354E-11  0.1398E-11  0.1578E-11  0.1843E-11
      9.0786      310.0000  0.7115E-09  0.4995E-09  0.3166E-09  0.1890E-09  0.1121E-09  0.6659E-10  0.4260E-10  0.2992E-10  0.2146E-10  0.1497E-10  0.1048E-10  0.8077E-11  0.6337E-11  0.5091E-11  0.4184E-11  0.3423E-11  0.2780E-11  0.2230E-11  0.1818E-11  0.1578E-11  0.1370E-11  0.1230E-11  0.1189E-11  0.1237E-11  0.1406E-11  0.1650E-11
      9.2141      320.0000  0.7653E-09  0.4991E-09  0.3054E-09  0.1794E-09  0.1056E-09  0.6258E-10  0.3994E-10  0.2796E-10  0.2001E-10  0.1393E-10  0.9756E-11  0.7509E-11  0.5884E-11  0.4722E-11  0.3877E-11  0.3170E-11  0.2574E-11  0.2064E-11  0.1682E-11  0.1460E-11  0.1267E-11  0.1137E-11  0.1098E-11  0.1139E-11  0.1292E-11  0.1512E-11
      9.3496      330.0000  0.8134E-09  0.5009E-09  0.2982E-09  0.1732E-09  0.1018E-09  0.6046E-10  0.3867E-10  0.2705E-10  0.1935E-10  0.1351E-10  0.9503E-11  0.7319E-11  0.5737E-11  0.4604E-11  0.3779E-11  0.3091E-11  0.2513E-11  0.2021E-11  0.1651E-11  0.1431E-11  0.1241E-11  0.1110E-11  0.1064E-11  0.1092E-11  0.1225E-11  0.1416E-11
      9.4851      340.0000  0.8577E-09  0.5058E-09  0.2949E-09  0.1701E-09  0.1002E-09  0.5991E-10  0.3852E-10  0.2699E-10  0.1934E-10  0.1358E-10  0.9625E-11  0.7427E-11  0.5831E-11  0.4684E-11  0.3844E-11  0.3148E-11  0.2567E-11  0.2073E-11  0.1700E-11  0.1472E-11  0.1274E-11  0.1134E-11  0.1075E-11  0.1085E-11  0.1193E-11  0.1355E-11
      9.6206      350.0000  0.8993E-09  0.5145E-09  0.2956E-09  0.1699E-09  0.1006E-09  0.6070E-10  0.3932E-10  0.2761E-10  0.1984E-10  0.1404E-10  0.1004E-10  0.7769E-11  0.6114E-11  0.4918E-11  0.4037E-11  0.3312E-11  0.2709E-11  0.2200E-11  0.1811E-11  0.1566E-11  0.1353E-11  0.1198E-11  0.1121E-11  0.1109E-11  0.1191E-11  0.1322E-11
      9.7561      360.0000  0.9387E-09  0.5273E-09  0.3002E-09  0.1724E-09  0.1027E-09  0.6266E-10  0.4092E-10  0.2882E-10  0.2077E-10  0.1481E-10  0.1069E-10  0.8295E-11  0.6544E-11  0.5271E-11  0.4329E-11  0.3557E-11  0.2919E-11  0.2382E-11  0.1970E-11  0.1700E-11  0.1467E-11  0.1293E-11  0.1194E-11  0.1158E-11  0.1214E-11  0.1315E-11
      9.8916       10.0000  0.9756E-09  0.5448E-09  0.3089E-09  0.1776E-09  0.1066E-09  0.6568E-10  0.4322E-10  0.3052E-10  0.2207E-10  0.1585E-10  0.1153E-10  0.8965E-11  0.7087E-11  0.5715E-11  0.4696E-11  0.3865E-11  0.3179E-11  0.2606E-11  0.2162E-11  0.1863E-11  0.1606E-11  0.1410E-11  0.1288E-11  0.1227E-11  0.1258E-11  0.1329E-11
     10.0271       20.0000  0.1009E-08  0.5674E-09  0.3222E-09  0.1858E-09  0.1123E-09  0.6972E-10  0.4616E-10  0.3268E-10  0.2368E-10  0.1709E-10  0.1251E-10  0.9747E-11  0.7717E-11  0.6229E-11  0.5119E-11  0.4217E-11  0.3476E-11  0.2858E-11  0.2377E-11  0.2047E-11  0.1763E-11  0.1542E-11  0.1398E-11  0.1313E-11  0.1321E-11  0.1366E-11
     10.1626       30.0000  0.1036E-08  0.5952E-09  0.3404E-09  0.1971E-09  0.1197E-09  0.7481E-10  0.4972E-10  0.3525E-10  0.2558E-10  0.1853E-10  0.1362E-10  0.1062E-10  0.8413E-11  0.6793E-11  0.5583E-11  0.4602E-11  0.3798E-11  0.3129E-11  0.2607E-11  0.2243E-11  0.1930E-11  0.1685E-11  0.1519E-11  0.1413E-11  0.1402E-11  0.1426E-11
     10.2981       40.0000  0.1052E-08  0.6284E-09  0.3643E-09  0.2122E-09  0.1293E-09  0.8104E-10  0.5396E-10  0.3827E-10  0.2778E-10  0.2015E-10  0.1483E-10  0.1156E-10  0.9163E-11  0.7399E-11  0.6079E-11  0.5011E-11  0.4138E-11  0.3412E-11  0.2844E-11  0.2446E-11  0.2104E-11  0.1834E-11  0.1649E-11  0.1525E-11  0.1502E-11  0.1512E-11
     10.4336       50.0000  0.1053E-08  0.6665E-09  0.3949E-09  0.2318E-09  0.1415E-09  0.8864E-10  0.5898E-10  0.4180E-10  0.3032E-10  0.2196E-10  0.1615E-10  0.1258E-10  0.9966E-11  0.8043E-11  0.6605E-11  0.5442E-11  0.4492E-11  0.3702E-11  0.3086E-11  0.2653E-11  0.2281E-11  0.1989E-11  0.1787E-11  0.1652E-11  0.1624E-11  0.1627E-11
     10.5691       60.0000  0.1030E-08  0.7083E-09  0.4333E-09  0.2570E-09  0.1570E-09  0.9798E-10  0.6498E-10  0.4597E-10  0.3327E-10  0.2403E-10  0.1761E-10  0.1370E-10  0.1083E-10  0.8733E-11  0.7166E-11  0.5900E-11  0.4864E-11  0.4003E-11  0.3333E-11  0.2866E-11  0.2464E-11  0.2150E-11  0.1936E-11  0.1797E-11  0.1774E-11  0.1780E-11
     10.7046       70.0000  0.9711E-09  0.7511E-09  0.4805E-09  0.2892E-09  0.1767E-09  0.1097E-09  0.7235E-10  0.5104E-10  0.3682E-10  0.2644E-10  0.1926E-10  0.1495E-10  0.1180E-10  0.9496E-11  0.7785E-11  0.6400E-11  0.5266E-11  0.4323E-11  0.3591E-11  0.3089E-11  0.2657E-11  0.2323E-11  0.2102E-11  0.1967E-11  0.1960E-11  0.1982E-11
     10.8401       80.0000  0.8647E-09  0.7892E-09  0.5376E-09  0.3306E-09  0.2024E-09  0.1247E-09  0.8169E-10  0.5742E-10  0.4126E-10  0.2940E-10  0.2125E-10  0.1644E-10  0.1293E-10  0.1039E-10  0.8508E-11  0.6981E-11  0.5728E-11  0.4685E-11  0.3880E-11  0.3340E-11  0.2875E-11  0.2520E-11  0.2298E-11  0.2177E-11  0.2201E-11  0.2251E-11
     10.9756       90.0000  0.6962E-09  0.8129E-09  0.6044E-09  0.3838E-09  0.2362E-09  0.1447E-09  0.9405E-10  0.6584E-10  0.4708E-10  0.3326E-10  0.2379E-10  0.1833E-10  0.1438E-10  0.1152E-10  0.9419E-11  0.7711E-11  0.6307E-11  0.5133E-11  0.4235E-11  0.3650E-11  0.3145E-11  0.2767E-11  0.2549E-11  0.2452E-11  0.2524E-11  0.2618E-11
     11.1111      100.0000  0.4530E-09  0.8054E-09  0.6783E-09  0.4516E-09  0.2816E-09  0.1720E-09  0.1111E-09  0.7753E-10  0.5519E-10  0.3861E-10  0.2732E-10  0.2096E-10  0.1637E-10  0.1308E-10  0.1068E-10  0.8723E-11  0.7106E-11  0.5753E-11  0.4725E-11  0.4078E-11  0.3519E-11  0.3110E-11  0.2897E-11  0.2837E-11  0.2976E-11  0.3131E-11
     11.2466      110.0000  0.1294E-09  0.7406E-09  0.7503E-09  0.5360E-09  0.3432E-09  0.2107E-09  0.1359E-09  0.9463E-10  0.6714E-10  0.4658E-10  0.3261E-10  0.2493E-10  0.1939E-10  0.1545E-10  0.1260E-10  0.1026E-10  0.8327E-11  0.6703E-11  0.5481E-11  0.4737E-11  0.4093E-11  0.3635E-11  0.3426E-11  0.3411E-11  0.3641E-11  0.3871E-11
     11.3821      120.0000 -0.2671E-09  0.5830E-09  0.7986E-09  0.6349E-09  0.4261E-09  0.2668E-09  0.1732E-09  0.1209E-09  0.8578E-10  0.5922E-10  0.4117E-10  0.3138E-10  0.2434E-10  0.1935E-10  0.1575E-10  0.1280E-10  0.1036E-10  0.8297E-11  0.6759E-11  0.5851E-11  0.5061E-11  0.4513E-11  0.4294E-11  0.4331E-11  0.4676E-11  0.4988E-11
     11.5176      130.0000 -0.7096E-09  0.2948E-09  0.7790E-09  0.7328E-09  0.5329E-09  0.3481E-09  0.2309E-09  0.1631E-09  0.1164E-09  0.8054E-10  0.5597E-10  0.4266E-10  0.3305E-10  0.2625E-10  0.2136E-10  0.1734E-10  0.1401E-10  0.1119E-10  0.9101E-11  0.7887E-11  0.6829E-11  0.6101E-11  0.5832E-11  0.5912E-11  0.6396E-11  0.6767E-11
     11.6531      140.0000 -0.1150E-08 -0.1413E-09  0.6184E-09  0.7799E-09  0.6492E-09  0.4594E-09  0.3197E-09  0.2321E-09  0.1687E-09  0.1184E-09  0.8321E-10  0.6376E-10  0.4958E-10  0.3945E-10  0.3214E-10  0.2612E-10  0.2113E-10  0.1691E-10  0.1377E-10  0.1194E-10  0.1034E-10  0.9238E-11  0.8811E-11  0.8885E-11  0.9508E-11  0.9815E-11
     11.7886      150.0000 -0.1526E-08 -0.6833E-09  0.2411E-09  0.6668E-09  0.7045E-09  0.5755E-09  0.4398E-09  0.3389E-09  0.2573E-09  0.1873E-09  0.1357E-09  0.1058E-09  0.8329E-10  0.6686E-10  0.5481E-10  0.4482E-10  0.3648E-10  0.2941E-10  0.2409E-10  0.2094E-10  0.1816E-10  0.1619E-10  0.1531E-10  0.1519E-10  0.1582E-10  0.1554E-10
     11.9241      160.0000 -0.1779E-08 -0.1202E-08 -0.3272E-09  0.2658E-09  0.5210E-09  0.5577E-09  0.5097E-09  0.4451E-09  0.3724E-09  0.2949E-09  0.2297E-09  0.1879E-09  0.1535E-09  0.1267E-09  0.1062E-09  0.8853E-10  0.7341E-10  0.6032E-10  0.5023E-10  0.4403E-10  0.3845E-10  0.3433E-10  0.3213E-10  0.3104E-10  0.3083E-10  0.2739E-10
     12.0596      170.0000 -0.1873E-08 -0.1518E-08 -0.8360E-09 -0.3014E-09  0.9947E-11  0.1738E-09  0.2538E-09  0.2908E-09  0.3001E-09  0.2863E-09  0.2648E-09  0.2474E-09  0.2265E-09  0.2061E-09  0.1873E-09  0.1681E-09  0.1490E-09  0.1305E-09  0.1151E-09  0.1056E-09  0.9605E-10  0.8828E-10  0.8336E-10  0.7884E-10  0.7243E-10  0.5075E-10
     12.1951      180.0000 -0.1805E-08 -0.1519E-08 -0.9528E-09 -0.5228E-09 -0.2865E-09 -0.1553E-09 -0.8065E-10 -0.3373E-10 -0.1441E-11  0.1804E-10  0.2767E-10  0.3731E-10  0.4673E-10  0.5669E-10  0.6761E-10  0.7827E-10  0.8794E-10  0.9608E-10  0.1042E-09  0.1157E-09  0.1260E-09  0.1364E-09  0.1507E-09  0.1684E-09  0.1872E-09  0.2060E-09
     12.3306      190.0000 -0.1605E-08 -0.1241E-08 -0.6520E-09 -0.2324E-09 -0.1933E-10  0.8333E-10  0.1395E-09  0.1835E-09  0.2096E-09  0.2107E-09  0.1955E-09  0.1897E-09  0.1828E-09  0.1758E-09  0.1686E-09  0.1585E-09  0.1460E-09  0.1318E-09  0.1190E-09  0.1110E-09  0.1032E-09  0.9783E-10  0.9776E-10  0.1044E-09  0.1231E-09  0.1615E-09
     12.4661      200.0000 -0.1321E-08 -0.8257E-09 -0.2108E-09  0.1559E-09  0.2916E-09  0.3134E-09  0.3034E-09  0.2928E-09  0.2701E-09  0.2331E-09  0.1939E-09  0.1690E-09  0.1475E-09  0.1294E-09  0.1141E-09  0.9945E-10  0.8579E-10  0.7313E-10  0.6270E-10  0.5552E-10  0.4917E-10  0.4435E-10  0.4190E-10  0.4190E-10  0.4612E-10  0.5565E-10
     12.6016      210.0000 -0.1001E-08 -0.4128E-09  0.1405E-09  0.3790E-09  0.4062E-09  0.3539E-09  0.2981E-09  0.2565E-09  0.2159E-09  0.1740E-09  0.1377E-09  0.1144E-09  0.9584E-10  0.8108E-10  0.6923E-10  0.5879E-10  0.4964E-10  0.4161E-10  0.3515E-10  0.3063E-10  0.2672E-10  0.2371E-10  0.2191E-10  0.2125E-10  0.2252E-10  0.2577E-10
     12.7371      220.0000 -0.6832E-09 -0.7834E-10  0.3455E-09  0.4491E-09  0.3994E-09  0.3136E-09  0.2452E-09  0.1985E-09  0.1592E-09  0.1239E-09  0.9558E-10  0.7767E-10  0.6379E-10  0.5307E-10  0.4467E-10  0.3751E-10  0.3138E-10  0.2612E-10  0.2194E-10  0.1900E-10  0.1647E-10  0.1451E-10  0.1327E-10  0.1268E-10  0.1316E-10  0.1459E-10
     12.8726      230.0000 -0.3931E-09  0.1599E-09  0.4375E-09  0.4396E-09  0.3508E-09  0.2579E-09  0.1925E-09  0.1502E-09  0.1172E-09  0.8930E-10  0.6786E-10  0.5445E-10  0.4425E-10  0.3649E-10  0.3049E-10  0.2545E-10  0.2119E-10  0.1757E-10  0.1471E-10  0.1270E-10  0.1098E-10  0.9643E-11  0.8787E-11  0.8342E-11  0.8578E-11  0.9363E-11
     13.0081      240.0000 -0.1420E-09  0.3150E-09  0.4624E-09  0.3999E-09  0.2963E-09  0.2078E-09  0.1501E-09  0.1143E-09  0.8750E-10  0.6571E-10  0.4937E-10  0.3931E-10  0.3173E-10  0.2603E-10  0.2165E-10  0.1801E-10  0.1495E-10  0.1236E-10  0.1032E-10  0.8898E-11  0.7684E-11  0.6745E-11  0.6149E-11  0.5843E-11  0.6008E-11  0.6525E-11
     13.1436      250.0000  0.6750E-10  0.4087E-09  0.4534E-09  0.3539E-09  0.2479E-09  0.1674E-09  0.1178E-09  0.8810E-10  0.6654E-10  0.4934E-10  0.3670E-10  0.2904E-10  0.2333E-10  0.1906E-10  0.1582E-10  0.1312E-10  0.1086E-10  0.8948E-11  0.7453E-11  0.6428E-11  0.5550E-11  0.4878E-11  0.4465E-11  0.4271E-11  0.4425E-11  0.4824E-11
     13.2791      260.0000  0.2383E-09  0.4611E-09  0.4299E-09  0.3110E-09  0.2084E-09  0.1363E-09  0.9375E-10  0.6908E-10  0.5158E-10  0.3780E-10  0.2781E-10  0.2190E-10  0.1751E-10  0.1427E-10  0.1182E-10  0.9778E-11  0.8070E-11  0.6624E-11  0.5500E-11  0.4747E-11  0.4101E-11  0.3614E-11  0.3332E-11  0.3225E-11  0.3386E-11  0.3731E-11
     13.4146      270.0000  0.3759E-09  0.4875E-09  0.4022E-09  0.2744E-09  0.1772E-09  0.1127E-09  0.7597E-10  0.5527E-10  0.4085E-10  0.2957E-10  0.2151E-10  0.1685E-10  0.1342E-10  0.1090E-10  0.9015E-11  0.7442E-11  0.6122E-11  0.5002E-11  0.4138E-11  0.3576E-11  0.3093E-11  0.2736E-11  0.2547E-11  0.2503E-11  0.2676E-11  0.2993E-11
     13.5501      280.0000  0.4864E-09  0.4988E-09  0.3754E-09  0.2446E-09  0.1532E-09  0.9511E-10  0.6296E-10  0.4528E-10  0.3315E-10  0.2371E-10  0.1704E-10  0.1329E-10  0.1054E-10  0.8533E-11  0.7045E-11  0.5801E-11  0.4755E-11  0.3864E-11  0.3184E-11  0.2755E-11  0.2386E-11  0.2120E-11  0.1996E-11  0.1997E-11  0.2179E-11  0.2478E-11
     13.6856      290.0000  0.5759E-09  0.5017E-09  0.3517E-09  0.2209E-09  0.1351E-09  0.8219E-10  0.5357E-10  0.3815E-10  0.2769E-10  0.1959E-10  0.1392E-10  0.1080E-10  0.8530E-11  0.6887E-11  0.5677E-11  0.4663E-11  0.3807E-11  0.3077E-11  0.2524E-11  0.2188E-11  0.1897E-11  0.1693E-11  0.1613E-11  0.1642E-11  0.1827E-11  0.2109E-11
     13.8211      300.0000  0.6495E-09  0.5010E-09  0.3320E-09  0.2026E-09  0.1217E-09  0.7294E-10  0.4699E-10  0.3320E-10  0.2393E-10  0.1678E-10  0.1181E-10  0.9129E-11  0.7181E-11  0.5782E-11  0.4758E-11  0.3899E-11  0.3174E-11  0.2553E-11  0.2086E-11  0.1810E-11  0.1571E-11  0.1408E-11  0.1354E-11  0.1398E-11  0.1578E-11  0.1843E-11
     13.9566      310.0000  0.7115E-09  0.4995E-09  0.3166E-09  0.1890E-09  0.1121E-09  0.6659E-10  0.4260E-10  0.2992E-10  0.2146E-10  0.1496E-10  0.1048E-10  0.8077E-11  0.6337E-11  0.5091E-11  0.4184E-11  0.3423E-11  0.2780E-11  0.2230E-11  0.1818E-11  0.1578E-11  0.1370E-11  0.1230E-11  0.1189E-11  0.1237E-11  0.1406E-11  0.1650E-11
     14.0921      320.0000  0.7653E-09  0.4991E-09  0.3054E-09  0.1794E-09  0.1056E-09  0.6258E-10  0.3993E-10  0.2796E-10  0.2000E-10  0.1393E-10  0.9755E-11  0.7508E-11  0.5884E-11  0.4722E-11  0.3877E-11  0.3170E-11  0.2574E-11  0.2064E-11  0.1682E-11  0.1460E-11  0.1267E-11  0.1137E-11  0.1098E-11  0.1139E-11  0.1292E-11  0.1512E-11
     14.2276      330.0000  0.8134E-09  0.5009E-09  0.2982E-09  0.1732E-09  0.1018E-09  0.6046E-10  0.3866E-10  0.2705E-10  0.1935E-10  0.1351E-10  0.9503E-11  0.7318E-11  0.5737E-11  0.4604E-11  0.3779E-11  0.3091E-11  0.2513E-11  0.2021E-11  0.1651E-11  0.1431E-11  0.1241E-11  0.1110E-11  0.1064E-11  0.1092E-11  0.1225E-11  0.1416E-11
     14.3631      340.0000  0.8577E-09  0.5058E-09  0.2949E-09  0.1701E-09  0.1002E-09  0.5991E-10  0.3852E-10  0.2698E-10  0.1933E-10  0.1358E-10  0.9625E-11  0.7426E-11  0.5831E-11  0.4684E-11  0.3844E-11  0.3148E-11  0.2567E-11  0.2073E-11  0.1700E-11  0.1472E-11  0.1274E-11  0.1134E-11  0.1075E-11  0.1085E-11  0.1193E-11  0.1355E-11
     14.4986      350.0000  0.8993E-09  0.5145E-09  0.2956E-09  0.1699E-09  0.1006E-09  0.6070E-10  0.3932E-10  0.2761E-10  0.1984E-10  0.1404E-10  0.1004E-10  0.7769E-11  0.6114E-11  0.4918E-11  0.4037E-11  0.3312E-11  0.2709E-11  0.2200E-11  0.1811E-11  0.1566E-11  0.1353E-11  0.1198E-11  0.1121E-11  0.1109E-11  0.1191E-11  0.1322E-11
     14.6341      360.0000  0.9387E-09  0.5273E-09  0.3002E-09  0.1724E-09  0.1027E-09  0.6266E-10  0.4092E-10  0.2882E-10  0.2077E-10  0.1481E-10  0.1069E-10  0.8295E-11  0.6544E-11  0.5271E-11  0.4329E-11  0.3557E-11  0.2919E-11  0.2382E-11  0.1970E-11  0.1700E-11  0.1467E-11  0.1293E-11  0.1194E-11  0.1158E-11  0.1214E-11  0.1315E-11
     14.7696       10.0000  0.9756E-09  0.5448E-09  0.3089E-09  0.1776E-09  0.1066E-09  0.6568E-10  0.4321E-10  0.3052E-10  0.2207E-10  0.1584E-10  0.1153E-10  0.8965E-11  0.7087E-11  0.5715E-11  0.4696E-11  0.3864E-11  0.3179E-11  0.2606E-11  0.2162E-11  0.1863E-11  0.1606E-11  0.1410E-11  0.1288E-11  0.1227E-11  0.1258E-11  0.1329E-11
     14.9051       20.0000  0.1009E-08  0.5674E-09  0.3222E-09  0.1858E-09  0.1122E-09  0.6972E-10  0.4615E-10  0.3267E-10  0.2368E-10  0.1709E-10  0.1251E-10  0.9747E-11  0.7717E-11  0.6228E-11  0.5119E-11  0.4217E-11  0.3476E-11  0.2858E-11  0.2377E-11  0.2047E-11  0.1763E-11  0.1542E-11  0.1398E-11  0.1313E-11  0.1321E-11  0.1366E-11
     15.0407       30.0000  0.1036E-08  0.5952E-09  0.3404E-09  0.1971E-09  0.1197E-09  0.7480E-10  0.4972E-10  0.3525E-10  0.2558E-10  0.1853E-10  0.1362E-10  0.1062E-10  0.8413E-11  0.6793E-11  0.5583E-11  0.4602E-11  0.3798E-11  0.3129E-11  0.2607E-11  0.2243E-11  0.1930E-11  0.1685E-11  0.1519E-11  0.1413E-11  0.1402E-11  0.1426E-11
     15.1762       40.0000  0.1052E-08  0.6284E-09  0.3643E-09  0.2122E-09  0.1293E-09  0.8104E-10  0.5396E-10  0.3827E-10  0.2778E-10  0.2014E-10  0.1483E-10  0.1156E-10  0.9163E-11  0.7399E-11  0.6079E-11  0.5011E-11  0.4138E-11  0.3412E-11  0.2844E-11  0.2446E-11  0.2104E-11  0.1834E-11  0.1649E-11  0.1525E-11  0.1502E-11  0.1512E-11
     15.3117       50.0000  0.1053E-08  0.6665E-09  0.3949E-09  0.2318E-09  0.1415E-09  0.8864E-10  0.5897E-10  0.4180E-10  0.3031E-10  0.2196E-10  0.1615E-10  0.1258E-10  0.9966E-11  0.8043E-11  0.6605E-11  0.5442E-11  0.4492E-11  0.3702E-11  0.3086E-11  0.2653E-11  0.2281E-11  0.1989E-11  0.1787E-11  0.1652E-11  0.1624E-11  0.1627E-11
     15.4472       60.0000  0.1030E-08  0.7083E-09  0.4333E-09  0.2570E-09  0.1570E-09  0.9798E-10  0.6498E-10  0.4597E-10  0.3327E-10  0.2402E-10  0.1761E-10  0.1370E-10  0.1083E-10  0.8733E-11  0.7166E-11  0.5900E-11  0.4864E-11  0.4003E-11  0.3333E-11  0.2866E-11  0.2464E-11  0.2150E-11  0.1936E-11  0.1797E-11  0.1774E-11  0.1780E-11
     15.5827       70.0000  0.9711E-09  0.7511E-09  0.4805E-09  0.2892E-09  0.1767E-09  0.1097E-09  0.7234E-10  0.5103E-10  0.3682E-10  0.2644E-10  0.1926E-10  0.1495E-10  0.1180E-10  0.9496E-11  0.7785E-11  0.6400E-11  0.5266E-11  0.4323E-11  0.3591E-11  0.3089E-11  0.2657E-11  0.2323E-11  0.2102E-11  0.1967E-11  0.1960E-11  0.1982E-11
     15.7182       80.0000  0.8647E-09  0.7892E-09  0.5376E-09  0.3306E-09  0.2024E-09  0.1247E-09  0.8168E-10  0.5741E-10  0.4126E-10  0.2940E-10  0.2125E-10  0.1644E-10  0.1293E-10  0.1039E-10  0.8507E-11  0.6981E-11  0.5728E-11  0.4685E-11  0.3880E-11  0.3340E-11  0.2875E-11  0.2520E-11  0.2298E-11  0.2177E-11  0.2201E-11  0.2251E-11
     15.8537       90.0000  0.6962E-09  0.8129E-09  0.6044E-09  0.3838E-09  0.2362E-09  0.1447E-09  0.9404E-10  0.6583E-10  0.4708E-10  0.3326E-10  0.2379E-10  0.1833E-10  0.1438E-10  0.1152E-10  0.9419E-11  0.7711E-11  0.6307E-11  0.5133E-11  0.4235E-11  0.3650E-11  0.3145E-11  0.2767E-11  0.2549E-11  0.2452E-11  0.2524E-11  0.2618E-11
     15.9892      100.0000  0.4530E-09  0.8054E-09  0.6783E-09  0.4516E-09  0.2816E-09  0.1720E-09  0.1111E-09  0.7752E-10  0.5518E-10  0.3861E-10  0.2731E-10  0.2096E-10  0.1637E-10  0.1308E-10  0.1068E-10  0.8723E-11  0.7106E-11  0.5753E-11  0.4725E-11  0.4078E-11  0.3519E-11  0.3110E-11  0.2897E-11  0.2837E-11  0.2976E-11  0.3131E-11
     16.1247      110.0000  0.1294E-09  0.7406E-09  0.7503E-09  0.5360E-09  0.3432E-09  0.2107E-09  0.1359E-09  0.9463E-10  0.6713E-10  0.4658E-10  0.3261E-10  0.2493E-10  0.1939E-10  0.1545E-10  0.1260E-10  0.1026E-10  0.8327E-11  0.6703E-11  0.5481E-11  0.4737E-11  0.4093E-11  0.3635E-11  0.3426E-11  0.3411E-11  0.3641E-11  0.3871E-11
     16.2602      120.0000 -0.2671E-09  0.5830E-09  0.7986E-09  0.6349E-09  0.4261E-09  0.2668E-09  0.1732E-09  0.1209E-09  0.8577E-10  0.5922E-10  0.4117E-10  0.3138E-10  0.2434E-10  0.1935E-10  0.1575E-10  0.1280E-10  0.1036E-10  0.8297E-11  0.6759E-11  0.5851E-11  0.5061E-11  0.4513E-11  0.4294E-11  0.4331E-11  0.4676E-11  0.4988E-11
     16.3957      130.0000 -0.7096E-09  0.2948E-09  0.7790E-09  0.7328E-09  0.5329E-09  0.3480E-09  0.2309E-09  0.1631E-09  0.1164E-09  0.8054E-10  0.5597E-10  0.4266E-10  0.3305E-10  0.2625E-10  0.2136E-10  0.1734E-10  0.1401E-10  0.1119E-10  0.9101E-11  0.7887E-11  0.6829E-11  0.6101E-11  0.5832E-11  0.5912E-11  0.6396E-11  0.6767E-11
     16.5312      140.0000 -0.1150E-08 -0.1413E-09  0.6184E-09  0.7799E-09  0.6492E-09  0.4594E-09  0.3197E-09  0.2321E-09  0.1687E-09  0.1184E-09  0.8320E-10  0.6376E-10  0.4958E-10  0.3945E-10  0.3214E-10  0.2612E-10  0.2113E-10  0.1691E-10  0.1377E-10  0.1194E-10  0.1034E-10  0.9238E-11  0.8811E-11  0.8885E-11  0.9508E-11  0.9815E-11
     16.6667      150.0000 -0.1526E-08 -0.6833E-09  0.2411E-09  0.6668E-09  0.7045E-09  0.5755E-09  0.4398E-09  0.3389E-09  0.2573E-09  0.1873E-09  0.1357E-09  0.1058E-09  0.8329E-10  0.6686E-10  0.5481E-10  0.4482E-10  0.3648E-10  0.2941E-10  0.2409E-10  0.2094E-10  0.1816E-10  0.1619E-10  0.1531E-10  0.1519E-10  0.1582E-10  0.1554E-10
     16.8022      160.0000 -0.1779E-08 -0.1202E-08 -0.3272E-09  0.2658E-09  0.5210E-09  0.5577E-09  0.5096E-09  0.4451E-09  0.3724E-09  0.2949E-09  0.2297E-09  0.1879E-09  0.1535E-09  0.1267E-09  0.1062E-09  0.8853E-10  0.7341E-10  0.6032E-10  0.5023E-10  0.4403E-10  0.3845E-10  0.3433E-10  0.3213E-10  0.3104E-10  0.3083E-10  0.2739E-10
     16.9377      170.0000 -0.1873E-08 -0.1518E-08 -0.8360E-09 -0.3014E-09  0.9944E-11  0.1738E-09  0.2537E-09  0.2907E-09  0.3001E-09  0.2863E-09  0.2648E-09  0.2474E-09  0.2265E-09  0.2061E-09  0.1873E-09  0.1681E-09  0.1490E-09  0.1305E-09  0.1151E-09  0.1056E-09  0.9605E-10  0.8828E-10  0.8336E-10  0.7884E-10  0.7243E-10  0.5075E-10
     17.0732      180.0000 -0.1805E-08 -0.1519E-08 -0.9528E-09 -0.5228E-09 -0.2865E-09 -0.1553E-09 -0.8064E-10 -0.3373E-10 -0.1441E-11  0.1804E-10  0.2767E-10  0.3731E-10  0.4673E-10  0.5669E-10  0.6761E-10  0.7827E-10  0.8794E-10  0.9608E-10  0.1042E-09  0.1157E-09  0.1260E-09  0.1364E-09  0.1507E-09  0.1684E-09  0.1872E-09  0.2060E-09
     17.2087      190.0000 -0.1605E-08 -0.1241E-08 -0.6520E-09 -0.2324E-09 -0.1933E-10  0.8333E-10  0.1395E-09  0.1835E-09  0.2096E-09  0.2107E-09  0.1955E-09  0.1897E-09  0.1828E-09  0.1758E-09  0.1686E-09  0.1585E-09  0.1460E-09  0.1318E-09  0.1190E-09  0.1110E-09  0.1032E-09  0.9783E-10  0.9776E-10  0.1044E-09  0.1231E-09  0.1615E-09
     17.3442      200.0000 -0.1321E-08 -0.8257E-09 -0.2108E-09  0.1559E-09  0.2916E-09  0.3134E-09  0.3034E-09  0.2928E-09  0.2701E-09  0.2331E-09  0.1939E-09  0.1690E-09  0.1475E-09  0.1294E-09  0.1141E-09  0.9945E-10  0.8579E-10  0.7313E-10  0.6270E-10  0.5552E-10  0.4917E-10  0.4435E-10  0.4190E-10  0.4190E-10  0.4612E-10  0.5565E-10
     17.4797      210.0000 -0.1001E-08 -0.4128E-09  0.1405E-09  0.3790E-09  0.4062E-09  0.3539E-09  0.2981E-09  0.2565E-09  0.2159E-09  0.1740E-09  0.1376E-09  0.1144E-09  0.9584E-10  0.8108E-10  0.6923E-10  0.5879E-10  0.4964E-10  0.4161E-10  0.3515E-10  0.3063E-10  0.2672E-10  0.2371E-10  0.2191E-10  0.2125E-10  0.2252E-10  0.2577E-10
     17.6152      220.0000 -0.6832E-09 -0.7834E-10  0.3455E-09  0.4491E-09  0.3994E-09  0.3136E-09  0.2452E-09  0.1984E-09  0.1592E-09  0.1239E-09  0.9558E-10  0.7767E-10  0.6379E-10  0.5307E-10  0.4467E-10  0.3751E-10  0.3138E-10  0.2612E-10  0.2194E-10  0.1900E-10  0.1647E-10  0.1451E-10  0.1327E-10  0.1268E-10  0.1316E-10  0.1459E-10
     17.7507      230.0000 -0.3931E-09  0.1599E-09  0.4375E-09  0.4396E-09  0.3508E-09  0.2579E-09  0.1925E-09  0.1502E-09  0.1172E-09  0.8930E-10  0.6786E-10  0.5445E-10  0.4425E-10  0.3649E-10  0.3049E-10  0.2545E-10  0.2119E-10  0.1757E-10  0.1471E-10  0.1270E-10  0.1098E-10  0.9643E-11  0.8787E-11  0.8342E-11  0.8578E-11  0.9363E-11
     17.8862      240.0000 -0.1420E-09  0.3150E-09  0.4624E-09  0.3999E-09  0.2963E-09  0.2078E-09  0.1501E-09  0.1143E-09  0.8750E-10  0.6571E-10  0.4937E-10  0.3931E-10  0.3173E-10  0.2603E-10  0.2165E-10  0.1801E-10  0.1495E-10  0.1236E-10  0.1032E-10  0.8898E-11  0.7684E-11  0.6745E-11  0.6149E-11  0.5843E-11  0.6008E-11  0.6525E-11
     18.0217      250.0000  0.6750E-10  0.4087E-09  0.4534E-09  0.3539E-09  0.2479E-09  0.1674E-09  0.1178E-09  0.8809E-10  0.6654E-10  0.4934E-10  0.3669E-10  0.2904E-10  0.2333E-10  0.1906E-10  0.1582E-10  0.1312E-10  0.1086E-10  0.8948E-11  0.7453E-11  0.6428E-11  0.5550E-11  0.4878E-11  0.4465E-11  0.4271E-11  0.4425E-11  0.4824E-11
     18.1572      260.0000  0.2383E-09  0.4611E-09  0.4299E-09  0.3110E-09  0.2084E-09  0.1363E-09  0.9374E-10  0.6908E-10  0.5158E-10  0.3779E-10  0.2781E-10  0.2190E-10  0.1751E-10  0.1427E-10  0.1182E-10  0.9778E-11  0.8070E-11  0.6624E-11  0.5500E-11  0.4747E-11  0.4101E-11  0.3614E-11  0.3332E-11  0.3225E-11  0.3386E-11  0.3731E-11
     18.2927      270.0000  0.3759E-09  0.4875E-09  0.4022E-09  0.2744E-09  0.1772E-09  0.1127E-09  0.7597E-10  0.5527E-10  0.4085E-10  0.2957E-10  0.2151E-10  0.1685E-10  0.1342E-10  0.1090E-10  0.9015E-11  0.7442E-11  0.6122E-11  0.5002E-11  0.4138E-11  0.3576E-11  0.3093E-11  0.2736E-11  0.2547E-11  0.2503E-11  0.2676E-11  0.2993E-11
     18.4282      280.0000  0.4864E-09  0.4988E-09  0.3754E-09  0.2446E-09  0.1532E-09  0.9511E-10  0.6295E-10  0.4528E-10  0.3315E-10  0.2371E-10  0.1704E-10  0.1329E-10  0.1054E-10  0.8533E-11  0.7045E-11  0.5801E-11  0.4755E-11  0.3864E-11  0.3184E-11  0.2755E-11  0.2386E-11  0.2120E-11  0.1996E-11  0.1997E-11  0.2179E-11  0.2478E-11
     18.5637      290.0000  0.5759E-09  0.5017E-09  0.3517E-09  0.2209E-09  0.1351E-09  0.8219E-10  0.5357E-10  0.3815E-10  0.2769E-10  0.1959E-10  0.1392E-10  0.1080E-10  0.8530E-11  0.6887E-11  0.5677E-11  0.4663E-11  0.3807E-11  0.3077E-11  0.2524E-11  0.2188E-11  0.1897E-11  0.1693E-11  0.1613E-11  0.1642E-11  0.1827E-11  0.2109E-11
     18.6992      300.0000  0.6495E-09  0.5010E-09  0.3320E-09  0.2026E-09  0.1217E-09  0.7294E-10  0.4699E-10  0.3319E-10  0.2393E-10  0.1678E-10  0.1181E-10  0.9129E-11  0.7181E-11  0.5782E-11  0.4758E-11  0.3899E-11  0.3174E-11  0.2553E-11  0.2086E-11  0.1810E-11  0.1571E-11  0.1408E-11  0.1354E-11  0.1398E-11  0.1578E-11  0.1843E-11
     18.8347      310.0000  0.7115E-09  0.4995E-09  0.3166E-09  0.1890E-09  0.1121E-09  0.6659E-10  0.4259E-10  0.2992E-10  0.2146E-10  0.1496E-10  0.1048E-10  0.8077E-11  0.6337E-11  0.5091E-11  0.4184E-11  0.3423E-11  0.2780E-11  0.2230E-11  0.1818E-11  0.1578E-11  0.1370E-11  0.1230E-11  0.1189E-11  0.1237E-11  0.1406E-11  0.1650E-11
     18.9702      320.0000  0.7653E-09  0.4991E-09  0.3054E-09  0.1794E-09  0.1056E-09  0.6258E-10  0.3993E-10  0.2796E-10  0.2000E-10  0.1393E-10  0.9755E-11  0.7508E-11  0.5883E-11  0.4722E-11  0.3877E-11  0.3170E-11  0.2574E-11  0.2064E-11  0.1682E-11  0.1460E-11  0.1267E-11  0.1137E-11  0.1098E-11  0.1139E-11  0.1292E-11  0.1512E-11
     19.1057      330.0000  0.8134E-09  0.5009E-09  0.2982E-09  0.1732E-09  0.1018E-09  0.6046E-10  0.3866E-10  0.2705E-10  0.1935E-10  0.1351E-10  0.9503E-11  0.7318E-11  0.5737E-11  0.4604E-11  0.3779E-11  0.3091E-11  0.2513E-11  0.2021E-11  0.1651E-11  0.1431E-11  0.1241E-11  0.1110E-11  0.1064E-11  0.1092E-11  0.1225E-11  0.1416E-11
     19.2412      340.0000  0.8577E-09  0.5058E-09  0.2949E-09  0.1701E-09  0.1002E-09  0.5991E-10  0.3852E-10  0.2698E-10  0.1933E-10  0.1358E-10  0.9624E-11  0.7426E-11  0.5831E-11  0.4684E-11  0.3844E-11  0.3148E-11  0.2567E-11  0.2073E-11  0.1700E-11  0.1472E-11  0.1274E-11  0.1134E-11  0.1075E-11  0.1085E-11  0.1193E-11  0.1355E-11
     19.3767      350.0000  0.8993E-09  0.5145E-09  0.2956E-09  0.1699E-09  0.1006E-09  0.6070E-10  0.3932E-10  0.2761E-10  0.1984E-10  0.1404E-10  0.1004E-10  0.7769E-11  0.6114E-11  0.4918E-11  0.4037E-11  0.3312E-11  0.2709E-11  0.2200E-11  0.1811E-11  0.1566E-11  0.1353E-11  0.1198E-11  0.1121E-11  0.1109E-11  0.1191E-11  0.1322E-11
     19.5122      360.0000  0.9387E-09  0.5273E-09  0.3002E-09  0.1724E-09  0.1027E-09  0.6266E-10  0.4091E-10  0.2882E-10  0.2077E-10  0.1481E-10  0.1069E-10  0.8295E-11  0.6544E-11  0.5271E-11  0.4329E-11  0.3557E-11  0.2919E-11  0.2382E-11  0.1970E-11  0.1700E-11  0.1467E-11  0.1293E-11  0.1194E-11  0.1158E-11  0.1214E-11  0.1315E-11
     19.6477       10.0000  0.9756E-09  0.5448E-09  0.3089E-09  0.1776E-09  0.1066E-09  0.6568E-10  0.4321E-10  0.3052E-10  0.2207E-10  0.1584E-10  0.1153E-10  0.8965E-11  0.7087E-11  0.5715E-11  0.4696E-11  0.3864E-11  0.3179E-11  0.2606E-11  0.2162E-11  0.1863E-11  0.1606E-11  0.1410E-11  0.1288E-11  0.1227E-11  0.1258E-11  0.1329E-11
     19.7832       20.0000  0.1009E-08  0.5674E-09  0.3222E-09  0.1858E-09  0.1122E-09  0.6972E-10  0.4615E-10  0.3267E-10  0.2368E-10  0.1709E-10  0.1251E-10  0.9746E-11  0.7717E-11  0.6228E-11  0.5119E-11  0.4217E-11  0.3476E-11  0.2858E-11  0.2377E-11  0.2047E-11  0.1763E-11  0.1542E-11  0.1398E-11  0.1313E-11  0.1321E-11  0.1366E-11
     19.9187       30.0000  0.1036E-08  0.5952E-09  0.3404E-09  0.1971E-09  0.1197E-09  0.7480E-10  0.4972E-10  0.3525E-10  0.2558E-10  0.1853E-10  0.1362E-10  0.1062E-10  0.8413E-11  0.6793E-11  0.5583E-11  0.4602E-11  0.3798E-11  0.3129E-11  0.2607E-11  0.2243E-11  0.1930E-11  0.1685E-11  0.1519E-11  0.1413E-11  0.1402E-11  0.1426E-11
     20.0542       40.0000  0.1052E-08  0.6284E-09  0.3643E-09  0.2122E-09  0.1293E-09  0.8104E-10  0.5395E-10  0.3827E-10  0.2778E-10  0.2014E-10  0.1483E-10  0.1156E-10  0.9163E-11  0.7399E-11  0.6079E-11  0.5011E-11  0.4138E-11  0.3412E-11  0.2844E-11  0.2446E-11  0.2104E-11  0.1834E-11  0.1649E-11  0.1525E-11  0.1502E-11  0.1512E-11
     20.1897       50.0000  0.1053E-08  0.6665E-09  0.3949E-09  0.2318E-09  0.1415E-09  0.8864E-10  0.5897E-10  0.4180E-10  0.3031E-10  0.2196E-10  0.1615E-10  0.1258E-10  0.9966E-11  0.8042E-11  0.6605E-11  0.5442E-11  0.4492E-11  0.3702E-11  0.3086E-11  0.2653E-11  0.2281E-11  0.1989E-11  0.1787E-11  0.1652E-11  0.1624E-11  0.1627E-11
     20.3252       60.0000  0.1030E-08  0.7083E-09  0.4333E-09  0.2570E-09  0.1570E-09  0.9798E-10  0.6497E-10  0.4597E-10  0.3327E-10  0.2402E-10  0.1761E-10  0.1370E-10  0.1083E-10  0.8733E-11  0.7166E-11  0.5900E-11  0.4864E-11  0.4003E-11  0.3333E-11  0.2866E-11  0.2464E-11  0.2150E-11  0.1936E-11  0.1797E-11  0.1774E-11  0.1780E-11
     20.4607       70.0000  0.9711E-09  0.7511E-09  0.4805E-09  0.2892E-09  0.1767E-09  0.1097E-09  0.7234E-10  0.5103E-10  0.3682E-10  0.2644E-10  0.1926E-10  0.1495E-10  0.1180E-10  0.9496E-11  0.7785E-11  0.6400E-11  0.5266E-11  0.4323E-11  0.3591E-11  0.3089E-11  0.2657E-11  0.2323E-11  0.2102E-11  0.1967E-11  0.1960E-11  0.1982E-11
     20.5962       80.0000  0.8647E-09  0.7892E-09  0.5376E-09  0.3306E-09  0.2024E-09  0.1247E-09  0.8168E-10  0.5741E-10  0.4125E-10  0.2940E-10  0.2124E-10  0.1644E-10  0.1293E-10  0.1039E-10  0.8507E-11  0.6981E-11  0.5728E-11  0.4685E-11  0.3880E-11  0.3340E-11  0.2875E-11  0.2520E-11  0.2298E-11  0.2177E-11  0.2201E-11  0.2251E-11
     20.7317       90.0000  0.6962E-09  0.8129E-09  0.6044E-09  0.3838E-09  0.2362E-09  0.1447E-09  0.9404E-10  0.6583E-10  0.4708E-10  0.3326E-10  0.2379E-10  0.1833E-10  0.1438E-10  0.1152E-10  0.9419E-11  0.7711E-11  0.6307E-11  0.5133E-11  0.4235E-11  0.3650E-11  0.3145E-11  0.2767E-11  0.2549E-11  0.2452E-11  0.2524E-11  0.2618E-11
     20.8672      100.0000  0.4530E-09  0.8054E-09  0.6783E-09  0.4516E-09  0.2816E-09  0.1720E-09  0.1111E-09  0.7752E-10  0.5518E-10  0.3861E-10  0.2731E-10  0.2096E-10  0.1637E-10  0.1308E-10  0.1068E-10  0.8723E-11  0.7106E-11  0.5753E-11  0.4725E-11  0.4078E-11  0.3519E-11  0.3110E-11  0.2897E-11  0.2837E-11  0.2976E-11  0.3131E-11
     21.0027      110.0000  0.1294E-09  0.7406E-09  0.7503E-09  0.5360E-09  0.3432E-09  0.2107E-09  0.1359E-09  0.9462E-10  0.6713E-10  0.4658E-10  0.3261E-10  0.2493E-10  0.1939E-10  0.1545E-10  0.1260E-10  0.1026E-10  0.8327E-11  0.6703E-11  0.5481E-11  0.4737E-11  0.4093E-11  0.3635E-11  0.3426E-11  0.3411E-11  0.3641E-11  0.3871E-11
     21.1382      120.0000 -0.2671E-09  0.5830E-09  0.7986E-09  0.6349E-09  0.4261E-09  0.2668E-09  0.1732E-09  0.1209E-09  0.8577E-10  0.5922E-10  0.4117E-10  0.3138E-10  0.2434E-10  0.1935E-10  0.1575E-10  0.1280E-10  0.1036E-10  0.8297E-11  0.6759E-11  0.5851E-11  0.5061E-11  0.4513E-11  0.4294E-11  0.4331E-11  0.4676E-11  0.4988E-11
     21.2737      130.0000 -0.7096E-09  0.2948E-09  0.7790E-09  0.7328E-09  0.5329E-09  0.3480E-09  0.2309E-09  0.1631E-09  0.1164E-09  0.8054E-10  0.5597E-10  0.4266E-10  0.3305E-10  0.2625E-10  0.2136E-10  0.1734E-10  0.1401E-10  0.1119E-10  0.9101E-11  0.7887E-11  0.6829E-11  0.6101E-11  0.5832E-11  0.5912E-11  0.6396E-11  0.6767E-11
     21.4092      140.0000 -0.1150E-08 -0.1413E-09  0.6184E-09  0.7799E-09  0.6492E-09  0.4593E-09  0.3196E-09  0.2321E-09  0.1687E-09  0.1184E-09  0.8320E-10  0.6376E-10  0.4957E-10  0.3945E-10  0.3214E-10  0.2612E-10  0.2113E-10  0.1691E-10  0.1377E-10  0.1194E-10  0.1034E-10  0.9238E-11  0.8811E-11  0.8885E-11  0.9508E-11  0.9815E-11
     21.5447      150.0000 -0.1526E-08 -0.6833E-09  0.2411E-09  0.6668E-09  0.7045E-09  0.5755E-09  0.4398E-09  0.3389E-09  0.2573E-09  0.1873E-09  0.1357E-09  0.1058E-09  0.8329E-10  0.6686E-10  0.5481E-10  0.4482E-10  0.3648E-10  0.2941E-10  0.2409E-10  0.2094E-10  0.1816E-10  0.1619E-10  0.1531E-10  0.1519E-10  0.1582E-10  0.1554E-10
     21.6802      160.0000 -0.1779E-08 -0.1202E-08 -0.3272E-09  0.2658E-09  0.5210E-09  0.5577E-09  0.5096E-09  0.4450E-09  0.3724E-09  0.2949E-09  0.2297E-09  0.1879E-09  0.1535E-09  0.1267E-09  0.1062E-09  0.8853E-10  0.7341E-10  0.6032E-10  0.5023E-10  0.4403E-10  0.3845E-10  0.3433E-10  0.3213E-10  0.3104E-10  0.3083E-10  0.2739E-10
     21.8157      170.0000 -0.1873E-08 -0.1518E-08 -0.8360E-09 -0.3014E-09  0.9943E-11  0.1738E-09  0.2537E-09  0.2907E-09  0.3001E-09  0.2863E-09  0.2648E-09  0.2474E-09  0.2265E-09  0.2061E-09  0.1873E-09  0.1681E-09  0.1490E-09  0.1305E-09  0.1151E-09  0.1056E-09  0.9605E-10  0.8828E-10  0.8336E-10  0.7884E-10  0.7243E-10  0.5075E-10
     21.9512      180.0000 -0.1805E-08 -0.1519E-08 -0.9528E-09 -0.5228E-09 -0.2865E-09 -0.1553E-09 -0.8064E-10 -0.3373E-10 -0.1441E-11  0.1804E-10  0.2767E-10  0.3731E-10  0.4673E-10  0.5669E-10  0.6761E-10  0.7827E-10  0.8794E-10  0.9608E-10  0.1042E-09  0.1157E-09  0.1260E-09  0.1364E-09  0.1507E-09  0.1684E-09  0.1872E-09  0.2060E-09
     22.0867      190.0000 -0.1605E-08 -0.1241E-08 -0.6520E-09 -0.2324E-09 -0.1933E-10  0.8333E-10  0.1395E-09  0.1835E-09  0.2096E-09  0.2107E-09  0.1955E-09  0.1897E-09  0.1828E-09  0.1758E-09  0.1686E-09  0.1585E-09  0.1460E-09  0.1318E-09  0.1190E-09  0.1110E-09  0.1032E-09  0.9783E-10  0.9776E-10  0.1044E-09  0.1231E-09  0.1615E-09
     22.2222      200.0000 -0.1321E-08 -0.8257E-09 -0.2108E-09  0.1559E-09  0.2916E-09  0.3134E-09  0.3034E-09  0.2927E-09  0.2701E-09  0.2331E-09  0.1939E-09  0.1690E-09  0.1475E-09  0.1294E-09  0.1141E-09  0.9945E-10  0.8579E-10  0.7313E-10  0.6270E-10  0.5552E-10  0.4917E-10  0.4435E-10  0.4190E-10  0.4190E-10  0.4612E-10  0.5565E-10
     22.3577      210.0000 -0.1001E-08 -0.4128E-09  0.1405E-09  0.3790E-09  0.4062E-09  0.3539E-09  0.2981E-09  0.2565E-09  0.2159E-09  0.1740E-09  0.1376E-09  0.1144E-09  0.9584E-10  0.8108E-10  0.6923E-10  0.5879E-10  0.4964E-10  0.4161E-10  0.3515E-10  0.3063E-10  0.2672E-10  0.2371E-10  0.2191E-10  0.2125E-10  0.2252E-10  0.2577E-10
     22.4932      220.0000 -0.6832E-09 -0.7834E-10  0.3455E-09  0.4491E-09  0.3994E-09  0.3136E-09  0.2452E-09  0.1984E-09  0.1592E-09  0.1239E-09  0.9558E-10  0.7767E-10  0.6379E-10  0.5307E-10  0.4467E-10  0.3751E-10  0.3138E-10  0.2612E-10  0.2194E-10  0.1900E-10  0.1647E-10  0.1451E-10  0.1327E-10  0.1268E-10  0.1316E-10  0.1459E-10
     22.6287      230.0000 -0.3931E-09  0.1599E-09  0.4375E-09  0.4396E-09  0.3508E-09  0.2579E-09  0.1925E-09  0.1502E-09  0.1172E-09  0.8930E-10  0.6786E-10  0.5445E-10  0.4425E-10  0.3649E-10  0.3049E-10  0.2545E-10  0.2119E-10  0.1757E-10  0.1471E-10  0.1270E-10  0.1098E-10  0.9643E-11  0.8787E-11  0.8342E-11  0.8578E-11  0.9363E-11
     22.7642      240.0000 -0.1420E-09  0.3150E-09  0.4624E-09  0.3999E-09  0.2963E-09  0.2078E-09  0.1500E-09  0.1143E-09  0.8750E-10  0.6570E-10  0.4937E-10  0.3931E-10  0.3173E-10  0.2602E-10  0.2165E-10  0.1801E-10  0.1495E-10  0.1236E-10  0.1032E-10  0.8898E-11  0.7684E-11  0.6745E-11  0.6149E-11  0.5843E-11  0.6008E-11  0.6525E-11
     22.8997      250.0000  0.6750E-10  0.4087E-09  0.4534E-09  0.3539E-09  0.2479E-09  0.1674E-09  0.1178E-09  0.8809E-10  0.6654E-10  0.4934E-10  0.3669E-10  0.2904E-10  0.2333E-10  0.1906E-10  0.1582E-10  0.1312E-10  0.1086E-10  0.8948E-11  0.7453E-11  0.6428E-11  0.5550E-11  0.4878E-11  0.4465E-11  0.4271E-11  0.4425E-11  0.4824E-11
     23.0352      260.0000  0.2383E-09  0.4611E-09  0.4299E-09  0.3110E-09  0.2084E-09  0.1363E-09  0.9374E-10  0.6908E-10  0.5158E-10  0.3779E-10  0.2781E-10  0.2190E-10  0.1751E-10  0.1427E-10  0.1182E-10  0.9778E-11  0.8070E-11  0.6624E-11  0.5500E-11  0.4747E-11  0.4101E-11  0.3614E-11  0.3332E-11  0.3225E-11  0.3386E-11  0.3731E-11
     23.1707      270.0000  0.3759E-09  0.4875E-09  0.4022E-09  0.2744E-09  0.1772E-09  0.1127E-09  0.7596E-10  0.5527E-10  0.4085E-10  0.2957E-10  0.2151E-10  0.1685E-10  0.1342E-10  0.1090E-10  0.9015E-11  0.7442E-11  0.6122E-11  0.5002E-11  0.4138E-11  0.3576E-11  0.3093E-11  0.2736E-11  0.2547E-11  0.2503E-11  0.2676E-11  0.2993E-11
     23.3062      280.0000  0.4864E-09  0.4988E-09  0.3754E-09  0.2446E-09  0.1532E-09  0.9511E-10  0.6295E-10  0.4528E-10  0.3315E-10  0.2371E-10  0.1704E-10  0.1329E-10  0.1054E-10  0.8533E-11  0.7045E-11  0.5801E-11  0.4755E-11  0.3864E-11  0.3184E-11  0.2755E-11  0.2386E-11  0.2120E-11  0.1996E-11  0.1997E-11  0.2179E-11  0.2478E-11
     23.4417      290.0000  0.5759E-09  0.5017E-09  0.3517E-09  0.2209E-09  0.1351E-09  0.8219E-10  0.5357E-10  0.3815E-10  0.2769E-10  0.1959E-10  0.1392E-10  0.1080E-10  0.8530E-11  0.6887E-11  0.5677E-11  0.4663E-11  0.3807E-11  0.3077E-11  0.2524E-11  0.2188E-11  0.1897E-11  0.1693E-11  0.1613E-11  0.1642E-11  0.1827E-11  0.2109E-11
     23.5772      300.0000  0.6495E-09  0.5010E-09  0.3320E-09  0.2026E-09  0.1217E-09  0.7294E-10  0.4699E-10  0.3319E-10  0.2393E-10  0.1678E-10  0.1181E-10  0.9129E-11  0.7181E-11  0.5782E-11  0.4758E-11  0.3899E-11  0.3174E-11  0.2553E-11  0.2086E-11  0.1810E-11  0.1571E-11  0.1408E-11  0.1354E-11  0.1398E-11  0.1578E-11  0.1843E-11
     23.7127      310.0000  0.7115E-09  0.4995E-09  0.3166E-09  0.1890E-09  0.1121E-09  0.6659E-10  0.4259E-10  0.2992E-10  0.2146E-10  0.1496E-10  0.1048E-10  0.8077E-11  0.6337E-11  0.5091E-11  0.4184E-11  0.3423E-11  0.2780E-11  0.2230E-11  0.1818E-11  0.1578E-11  0.1370E-11  0.1230E-11  0.1189E-11  0.1237E-11  0.1406E-11  0.1650E-11
     23.8482      320.0000  0.7653E-09  0.4991E-09  0.3054E-09  0.1794E-09  0.1056E-09  0.6258E-10  0.3993E-10  0.2796E-10  0.2000E-10  0.1393E-10  0.9755E-11  0.7508E-11  0.5883E-11  0.4722E-11  0.3877E-11  0.3170E-11  0.2574E-11  0.2064E-11  0.1682E-11  0.1460E-11  0.1267E-11  0.1137E-11  0.1098E-11  0.1139E-11  0.1292E-11  0.1512E-11
     23.9837      330.0000  0.8134E-09  0.5009E-09  0.2982E-09  0.1732E-09  0.1018E-09  0.6046E-10  0.3866E-10  0.2705E-10  0.1935E-10  0.1351E-10  0.9503E-11  0.7318E-11  0.5737E-11  0.4604E-11  0.3779E-11  0.3091E-11  0.2513E-11  0.2021E-11  0.1651E-11  0.1431E-11  0.1241E-11  0.1110E-11  0.1064E-11  0.1092E-11  0.1225E-11  0.1416E-11
     24.1192      340.0000  0.8577E-09  0.5058E-09  0.2949E-09  0.1701E-09  0.1002E-09  0.5991E-10  0.3852E-10  0.2698E-10  0.1933E-10  0.1358E-10  0.9624E-11  0.7426E-11  0.5831E-11  0.4684E-11  0.3844E-11  0.3148E-11  0.2567E-11  0.2073E-11  0.1700E-11  0.1472E-11  0.1274E-11  0.1134E-11  0.1075E-11  0.1085E-11  0.1193E-11  0.1355E-11
     24.2547      350.0000  0.8993E-09  0.5145E-09  0.2956E-09  0.1699E-09  0.1006E-09  0.6070E-10  0.3932E-10  0.2761E-10  0.1984E-10  0.1404E-10  0.1004E-10  0.7769E-11  0.6114E-11  0.4918E-11  0.4037E-11  0.3312E-11  0.2709E-11  0.2200E-11  0.1811E-11  0.1566E-11  0.1353E-11  0.1198E-11  0.1121E-11  0.1109E-11  0.1191E-11  0.1322E-11
     24.3902      360.0000  0.9387E-09  0.5273E-09  0.3002E-09  0.1724E-09  0.1027E-09  0.6266E-10  0.4091E-10  0.2882E-10  0.2077E-10  0.1481E-10  0.1069E-10  0.8295E-11  0.6544E-11  0.5271E-11  0.4329E-11  0.3557E-11  0.2919E-11  0.2382E-11  0.1970E-11  0.1700E-11  0.1467E-11  0.1293E-11  0.1194E-11  0.1158E-11  0.1214E-11  0.1315E-11
     24.5257       10.0000  0.9756E-09  0.5448E-09  0.3089E-09  0.1776E-09  0.1066E-09  0.6568E-10  0.4321E-10  0.3052E-10  0.2207E-10  0.1584E-10  0.1153E-10  0.8965E-11  0.7087E-11  0.5715E-11  0.4696E-11  0.3864E-11  0.3179E-11  0.2606E-11  0.2162E-11  0.1863E-11  0.1606E-11  0.1410E-11  0.1288E-11  0.1227E-11  0.1258E-11  0.1329E-11
     24.6612       20.0000  0.1009E-08  0.5674E-09  0.3222E-09  0.1858E-09  0.1122E-09  0.6972E-10  0.4615E-10  0.3267E-10  0.2368E-10  0.1709E-10  0.1251E-10  0.9746E-11  0.7716E-11  0.6228E-11  0.5119E-11  0.4217E-11  0.3476E-11  0.2858E-11  0.2377E-11  0.2047E-11  0.1763E-11  0.1542E-11  0.1398E-11  0.1313E-11  0.1321E-11  0.1366E-11
     24.7967       30.0000  0.1036E-08  0.5952E-09  0.3404E-09  0.1971E-09  0.1197E-09  0.7480E-10  0.4972E-10  0.3525E-10  0.2558E-10  0.1853E-10  0.1362E-10  0.1062E-10  0.8413E-11  0.6793E-11  0.5583E-11  0.4602E-11  0.3798E-11  0.3129E-11  0.2607E-11  0.2243E-11  0.1930E-11  0.1685E-11  0.1519E-11  0.1413E-11  0.1402E-11  0.1426E-11
     24.9322       40.0000  0.1052E-08  0.6284E-09  0.3643E-09  0.2122E-09  0.1293E-09  0.8104E-10  0.5395E-10  0.3827E-10  0.2778E-10  0.2014E-10  0.1483E-10  0.1156E-10  0.9163E-11  0.7399E-11  0.6079E-11  0.5011E-11  0.4138E-11  0.3412E-11  0.2844E-11  0.2446E-11  0.2104E-11  0.1834E-11  0.1649E-11  0.1525E-11  0.1502E-11  0.1512E-11
     25.0678       50.0000  0.1053E-08  0.6665E-09  0.3949E-09  0.2318E-09  0.1415E-09  0.8864E-10  0.5897E-10  0.4180E-10  0.3031E-10  0.2196E-10  0.1615E-10  0.1258E-10  0.9966E-11  0.8042E-11  0.6605E-11  0.5442E-11  0.4492E-11  0.3702E-11  0.3086E-11  0.2653E-11  0.2281E-11  0.1989E-11  0.1787E-11  0.1652E-11  0.1624E-11  0.1627E-11
     25.2033       60.0000  0.1030E-08  0.7083E-09  0.4333E-09  0.2570E-09  0.1570E-09  0.9798E-10  0.6497E-10  0.4597E-10  0.3327E-10  0.2402E-10  0.1761E-10  0.1370E-10  0.1083E-10  0.8733E-11  0.7166E-11  0.5900E-11  0.4864E-11  0.4003E-11  0.3333E-11  0.2866E-11  0.2464E-11  0.2150E-11  0.1936E-11  0.1797E-11  0.1774E-11  0.1780E-11
     25.3388       70.0000  0.9711E-09  0.7511E-09  0.4805E-09  0.2892E-09  0.1767E-09  0.1097E-09  0.7233E-10  0.5103E-10  0.3682E-10  0.2644E-10  0.1926E-10  0.1495E-10  0.1180E-10  0.9496E-11  0.7785E-11  0.6400E-11  0.5266E-11  0.4323E-11  0.3591E-11  0.3089E-11  0.2657E-11  0.2323E-11  0.2102E-11  0.1967E-11  0.1960E-11  0.1982E-11
     25.4743       80.0000  0.8647E-09  0.7892E-09  0.5376E-09  0.3306E-09  0.2024E-09  0.1247E-09  0.8168E-10  0.5741E-10  0.4125E-10  0.2940E-10  0.2124E-10  0.1644E-10  0.1293E-10  0.1039E-10  0.8507E-11  0.6981E-11  0.5728E-11  0.4685E-11  0.3880E-11  0.3340E-11  0.2875E-11  0.2520E-11  0.2298E-11  0.2177E-11  0.2201E-11  0.2251E-11
     25.6098       90.0000  0.6962E-09  0.8129E-09  0.6044E-09  0.3838E-09  0.2362E-09  0.1447E-09  0.9403E-10  0.6583E-10  0.4708E-10  0.3326E-10  0.2379E-10  0.1833E-10  0.1438E-10  0.1152E-10  0.9419E-11  0.7711E-11  0.6307E-11  0.5133E-11  0.4235E-11  0.3650E-11  0.3145E-11  0.2767E-11  0.2549E-11  0.2452E-11  0.2524E-11  0.2618E-11
     25.7453      100.0000  0.4530E-09  0.8054E-09  0.6783E-09  0.4516E-09  0.2816E-09  0.1720E-09  0.1111E-09  0.7752E-10  0.5518E-10  0.3861E-10  0.2731E-10  0.2096E-10  0.1637E-10  0.1308E-10  0.1068E-10  0.8723E-11  0.7106E-11  0.5753E-11  0.4725E-11  0.4078E-11  0.3519E-11  0.3110E-11  0.2897E-11  0.2837E-11  0.2976E-11  0.3131E-11
     25.8808      110.0000  0.1294E-09  0.7406E-09  0.7503E-09  0.5360E-09  0.3432E-09  0.2107E-09  0.1359E-09  0.9462E-10  0.6713E-10  0.4658E-10  0.3261E-10  0.2493E-10  0.1939E-10  0.1545E-10  0.1260E-10  0.1026E-10  0.8327E-11  0.6703E-11  0.5481E-11  0.4737E-11  0.4093E-11  0.3635E-11  0.3426E-11  0.3411E-11  0.3641E-11  0.3871E-11
     26.0163      120.0000 -0.2671E-09  0.5830E-09  0.7986E-09  0.6349E-09  0.4261E-09  0.2668E-09  0.1732E-09  0.1209E-09  0.8577E-10  0.5922E-10  0.4117E-10  0.3138E-10  0.2434E-10  0.1935E-10  0.1575E-10  0.1280E-10  0.1036E-10  0.8297E-11  0.6759E-11  0.5851E-11  0.5061E-11  0.4513E-11  0.4294E-11  0.4331E-11  0.4676E-11  0.4988E-11
     26.1518      130.0000 -0.7096E-09  0.2948E-09  0.7790E-09  0.7328E-09  0.5329E-09  0.3480E-09  0.2309E-09  0.1631E-09  0.1164E-09  0.8053E-10  0.5597E-10  0.4266E-10  0.3305E-10  0.2625E-10  0.2136E-10  0.1734E-10  0.1401E-10  0.1119E-10  0.9101E-11  0.7887E-11  0.6829E-11  0.6101E-11  0.5832E-11  0.5912E-11  0.6396E-11  0.6767E-11
     26.2873      140.0000 -0.1150E-08 -0.1413E-09  0.6184E-09  0.7799E-09  0.6492E-09  0.4593E-09  0.3196E-09  0.2321E-09  0.1687E-09  0.1184E-09  0.8320E-10  0.6376E-10  0.4957E-10  0.3945E-10  0.3214E-10  0.2612E-10  0.2113E-10  0.1691E-10  0.1377E-10  0.1194E-10  0.1034E-10  0.9238E-11  0.8811E-11  0.8885E-11  0.9508E-11  0.9815E-11
     26.4228      150.0000 -0.1526E-08 -0.6833E-09  0.2411E-09  0.6668E-09  0.7045E-09  0.5755E-09  0.4397E-09  0.3389E-09  0.2573E-09  0.1873E-09  0.1357E-09  0.1058E-09  0.8329E-10  0.6686E-10  0.5481E-10  0.4482E-10  0.3648E-10  0.2941E-10  0.2409E-10  0.2094E-10  0.1816E-10  0.1619E-10  0.1531E-10  0.1519E-10  0.1582E-10  0.1554E-10
     26.5583      160.0000 -0.1779E-08 -0.1202E-08 -0.3272E-09  0.2658E-09  0.5210E-09  0.5577E-09  0.5096E-09  0.4450E-09  0.3724E-09  0.2949E-09  0.2297E-09  0.1879E-09  0.1535E-09  0.1267E-09  0.1062E-09  0.8853E-10  0.7341E-10  0.6032E-10  0.5023E-10  0.4403E-10  0.3845E-10  0.3433E-10  0.3213E-10  0.3104E-10  0.3083E-10  0.2739E-10
     26.6938      170.0000 -0.1873E-08 -0.1518E-08 -0.8360E-09 -0.3014E-09  0.9942E-11  0.1738E-09  0.2537E-09  0.2907E-09  0.3001E-09  0.2862E-09  0.2648E-09  0.2474E-09  0.2265E-09  0.2061E-09  0.1873E-09  0.1681E-09  0.1490E-09  0.1305E-09  0.1151E-09  0.1056E-09  0.9605E-10  0.8828E-10  0.8336E-10  0.7884E-10  0.7243E-10  0.5075E-10
     26.8293      180.0000 -0.1805E-08 -0.1519E-08 -0.9528E-09 -0.5228E-09 -0.2865E-09 -0.1553E-09 -0.8063E-10 -0.3373E-10 -0.1441E-11  0.1804E-10  0.2767E-10  0.3731E-10  0.4673E-10  0.5669E-10  0.6761E-10  0.7827E-10  0.8794E-10  0.9608E-10  0.1042E-09  0.1157E-09  0.1260E-09  0.1364E-09  0.1507E-09  0.1684E-09  0.1872E-09  0.2060E-09
     26.9648      190.0000 -0.1605E-08 -0.1241E-08 -0.6520E-09 -0.2324E-09 -0.1933E-10  0.8333E-10  0.1395E-09  0.1835E-09  0.2096E-09  0.2107E-09  0.1955E-09  0.1897E-09  0.1828E-09  0.1758E-09  0.1686E-09  0.1585E-09  0.1460E-09  0.1318E-09  0.1190E-09  0.1110E-09  0.1032E-09  0.9783E-10  0.9776E-10  0.1044E-09  0.1231E-09  0.1615E-09
     27.1003      200.0000 -0.1321E-08 -0.8257E-09 -0.2108E-09  0.1559E-09  0.2916E-09  0.3134E-09  0.3034E-09  0.2927E-09  0.2701E-09  0.2331E-09  0.1939E-09  0.1690E-09  0.1475E-09  0.1294E-09  0.1141E-09  0.9945E-10  0.8579E-10  0.7313E-10  0.6270E-10  0.5552E-10  0.4917E-10  0.4435E-10  0.4190E-10  0.4190E-10  0.4612E-10  0.5565E-10
     27.2358      210.0000 -0.1001E-08 -0.4128E-09  0.1405E-09  0.3790E-09  0.4062E-09  0.3539E-09  0.2981E-09  0.2565E-09  0.2159E-09  0.1740E-09  0.1376E-09  0.1144E-09  0.9584E-10  0.8108E-10  0.6923E-10  0.5879E-10  0.4964E-10  0.4161E-10  0.3515E-10  0.3063E-10  0.2672E-10  0.2371E-10  0.2191E-10  0.2125E-10  0.2252E-10  0.2577E-10
     27.3713      220.0000 -0.6832E-09 -0.7834E-10  0.3455E-09  0.4491E-09  0.3994E-09  0.3136E-09  0.2452E-09  0.1984E-09  0.1592E-09  0.1239E-09  0.9558E-10  0.7767E-10  0.6379E-10  0.5307E-10  0.4467E-10  0.3751E-10  0.3138E-10  0.2612E-10  0.2194E-10  0.1900E-10  0.1647E-10  0.1451E-10  0.1327E-10  0.1268E-10  0.1316E-10  0.1459E-10
     27.5068      230.0000 -0.3931E-09  0.1599E-09  0.4375E-09  0.4396E-09  0.3508E-09  0.2579E-09  0.1925E-09  0.1502E-09  0.1172E-09  0.8929E-10  0.6786E-10  0.5445E-10  0.4425E-10  0.3649E-10  0.3049E-10  0.2545E-10  0.2119E-10  0.1757E-10  0.1471E-10  0.1270E-10  0.1098E-10  0.9643E-11  0.8787E-11  0.8342E-11  0.8578E-11  0.9363E-11
     27.6423      240.0000 -0.1420E-09  0.3150E-09  0.4624E-09  0.3999E-09  0.2963E-09  0.2078E-09  0.1500E-09  0.1143E-09  0.8750E-10  0.6570E-10  0.4937E-10  0.3931E-10  0.3173E-10  0.2602E-10  0.2165E-10  0.1801E-10  0.1495E-10  0.1236E-10  0.1032E-10  0.8898E-11  0.7684E-11  0.6745E-11  0.6149E-11  0.5843E-11  0.6008E-11  0.6525E-11
     27.7778      250.0000  0.6750E-10  0.4087E-09  0.4534E-09  0.3539E-09  0.2479E-09  0.1674E-09  0.1178E-09  0.8809E-10  0.6654E-10  0.4934E-10  0.3669E-10  0.2904E-10  0.2333E-10  0.1906E-10  0.1582E-10  0.1312E-10  0.1086E-10  0.8948E-11  0.7453E-11  0.6428E-11  0.5550E-11  0.4878E-11  0.4465E-11  0.4271E-11  0.4425E-11  0.4824E-11
     27.9133      260.0000  0.2383E-09  0.4611E-09  0.4299E-09  0.3110E-09  0.2084E-09  0.1363E-09  0.9374E-10  0.6908E-10  0.5158E-10  0.3779E-10  0.2781E-10  0.2190E-10  0.1751E-10  0.1427E-10  0.1182E-10  0.9778E-11  0.8070E-11  0.6624E-11  0.5500E-11  0.4747E-11  0.4101E-11  0.3614E-11  0.3332E-11  0.3225E-11  0.3386E-11  0.3731E-11
     28.0488      270.0000  0.3759E-09  0.4875E-09  0.4022E-09  0.2744E-09  0.1772E-09  0.1127E-09  0.7596E-10  0.5527E-10  0.4085E-10  0.2957E-10  0.2151E-10  0.1685E-10  0.1342E-10  0.1090E-10  0.9015E-11  0.7442E-11  0.6122E-11  0.5002E-11  0.4138E-11  0.3576E-11  0.3093E-11  0.2736E-11  0.2547E-11  0.2503E-11  0.2676E-11  0.2993E-11
     28.1843      280.0000  0.4864E-09  0.4988E-09  0.3754E-09  0.2446E-09  0.1532E-09  0.9511E-10  0.6295E-10  0.4528E-10  0.3315E-10  0.2371E-10  0.1704E-10  0.1329E-10  0.1054E-10  0.8533E-11  0.7045E-11  0.5801E-11  0.4755E-11  0.3864E-11  0.3184E-11  0.2755E-11  0.2386E-11  0.2120E-11  0.1996E-11  0.1997E-11  0.2179E-11  0.2478E-11
     28.3198      290.0000  0.5759E-09  0.5017E-09  0.3517E-09  0.2209E-09  0.1351E-09  0.8219E-10  0.5357E-10  0.3815E-10  0.2769E-10  0.1959E-10  0.1392E-10  0.1080E-10  0.8530E-11  0.6887E-11  0.5677E-11  0.4663E-11  0.3807E-11  0.3077E-11  0.2524E-11  0.2188E-11  0.1897E-11  0.1693E-11  0.1613E-11  0.1642E-11  0.1827E-11  0.2109E-11
     28.4553      300.0000  0.6495E-09  0.5010E-09  0.3320E-09  0.2026E-09  0.1217E-09  0.7294E-10  0.4699E-10  0.3319E-10  0.2393E-10  0.1678E-10  0.1181E-10  0.9129E-11  0.7181E-11  0.5782E-11  0.4758E-11  0.3899E-11  0.3174E-11  0.2553E-11  0.2086E-11  0.1810E-11  0.1571E-11  0.1408E-11  0.1354E-11  0.1398E-11  0.1578E-11  0.1843E-11
     28.5908      310.0000  0.7115E-09  0.4995E-09  0.3166E-09  0.1890E-09  0.1121E-09  0.6659E-10  0.4259E-10  0.2992E-10  0.2146E-10  0.1496E-10  0.1048E-10  0.8077E-11  0.6337E-11  0.5091E-11  0.4184E-11  0.3423E-11  0.2780E-11  0.2230E-11  0.1818E-11  0.1578E-11  0.1370E-11  0.1230E-11  0.1189E-11  0.1237E-11  0.1406E-11  0.1650E-11
     28.7263      320.0000  0.7653E-09  0.4991E-09  0.3054E-09  0.1794E-09  0.1056E-09  0.6258E-10  0.3993E-10  0.2796E-10  0.2000E-10  0.1393E-10  0.9755E-11  0.7508E-11  0.5883E-11  0.4722E-11  0.3877E-11  0.3170E-11  0.2574E-11  0.2064E-11  0.1682E-11  0.1460E-11  0.1267E-11  0.1137E-11  0.1098E-11  0.1139E-11  0.1292E-11  0.1512E-11
     28.8618      330.0000  0.8134E-09  0.5009E-09  0.2982E-09  0.1732E-09  0.1018E-09  0.6046E-10  0.3866E-10  0.2705E-10  0.1935E-10  0.1351E-10  0.9503E-11  0.7318E-11  0.5737E-11  0.4604E-11  0.3779E-11  0.3091E-11  0.2513E-11  0.2021E-11  0.1651E-11  0.1431E-11  0.1241E-11  0.1110E-11  0.1064E-11  0.1092E-11  0.1225E-11  0.1416E-11
     28.9973      340.0000  0.8577E-09  0.5058E-09  0.2949E-09  0.1701E-09  0.1002E-09  0.5991E-10  0.3852E-10  0.2698E-10  0.1933E-10  0.1358E-10  0.9624E-11  0.7426E-11  0.5831E-11  0.4684E-11  0.3844E-11  0.3148E-11  0.2567E-11  0.2073E-11  0.1700E-11  0.1472E-11  0.1274E-11  0.1134E-11  0.1075E-11  0.1085E-11  0.1193E-11  0.1355E-11
     29.1328      350.0000  0.8993E-09  0.5145E-09  0.2956E-09  0.1699E-09  0.1006E-09  0.6070E-10  0.3932E-10  0.2761E-10  0.1984E-10  0.1404E-10  0.1004E-10  0.7769E-11  0.6114E-11  0.4918E-11  0.4037E-11  0.3312E-11  0.2709E-11  0.2200E-11  0.1811E-11  0.1566E-11  0.1353E-11  0.1198E-11  0.1121E-11  0.1109E-11  0.1191E-11  0.1322E-11
     29.2683      360.0000  0.9387E-09  0.5273E-09  0.3002E-09  0.1724E-09  0.1027E-09  0.6266E-10  0.4091E-10  0.2882E-10  0.2077E-10  0.1481E-10  0.1069E-10  0.8295E-11  0.6544E-11  0.5271E-11  0.4329E-11  0.3557E-11  0.2919E-11  0.2382E-11  0.1970E-11  0.1700E-11  0.1467E-11  0.1293E-11  0.1194E-11  0.1158E-11  0.1214E-11  0.1315E-11
     29.4038       10.0000  0.9756E-09  0.5448E-09  0.3089E-09  0.1776E-09  0.1066E-09  0.6568E-10  0.4321E-10  0.3052E-10  0.2207E-10  0.1584E-10  0.1153E-10  0.8965E-11  0.7087E-11  0.5715E-11  0.4696E-11  0.3864E-11  0.3179E-11  0.2606E-11  0.2162E-11  0.1863E-11  0.1606E-11  0.1410E-11  0.1288E-11  0.1227E-11  0.1258E-11  0.1329E-11
     29.5393       20.0000  0.1009E-08  0.5674E-09  0.3222E-09  0.1858E-09  0.1122E-09  0.6972E-10  0.4615E-10  0.3267E-10  0.2368E-10  0.1709E-10  0.1251E-10  0.9746E-11  0.7716E-11  0.6228E-11  0.5119E-11  0.4217E-11  0.3476E-11  0.2858E-11  0.2377E-11  0.2047E-11  0.1763E-11  0.1542E-11  0.1398E-11  0.1313E-11  0.1321E-11  0.1366E-11
     29.6748       30.0000  0.1036E-08  0.5952E-09  0.3404E-09  0.1971E-09  0.1197E-09  0.7480E-10  0.4971E-10  0.3525E-10  0.2558E-10  0.1853E-10  0.1362E-10  0.1062E-10  0.8413E-11  0.6793E-11  0.5583E-11  0.4602E-11  0.3798E-11  0.3129E-11  0.2607E-11  0.2243E-11  0.1930E-11  0.1685E-11  0.1519E-11  0.1413E-11  0.1402E-11  0.1426E-11
     29.8103       40.0000  0.1052E-08  0.6284E-09  0.3643E-09  0.2122E-09  0.1293E-09  0.8104E-10  0.5395E-10  0.3827E-10  0.2778E-10  0.2014E-10  0.1483E-10  0.1156E-10  0.9163E-11  0.7399E-11  0.6079E-11  0.5011E-11  0.4138E-11  0.3412E-11  0.2844E-11  0.2446E-11  0.2104E-11  0.1834E-11  0.1649E-11  0.1525E-11  0.1502E-11  0.1512E-11
     29.9458       50.0000  0.1053E-08  0.6665E-09  0.3949E-09  0.2318E-09  0.1415E-09  0.8864E-10  0.5896E-10  0.4179E-10  0.3031E-10  0.2196E-10  0.1615E-10  0.1258E-10  0.9966E-11  0.8042E-11  0.6605E-11  0.5442E-11  0.4492E-11  0.3702E-11  0.3086E-11  0.2653E-11  0.2281E-11  0.1989E-11  0.1787E-11  0.1652E-11  0.1624E-11  0.1627E-11
