Time history of radial distribution for BEM variable: Cn[-] for blade 1
                          rCurvi[m] (curvilinear radial distance)
                                0.7893      2.3680      3.9467      5.5254      7.1040      8.6827     10.2614     11.8401     13.4188     14.9974     16.5761     18.1548     19.7335     21.3121     22.8908     24.4695     26.0482     27.6268     29.2055     30.7842     32.3629     33.9416     35.5202     37.0989     38.2829     39.0723
                          zB[m] (radial coordinate along blade axis)
     time[s]  azimuth[deg]      0.1833      1.7549      3.3294      4.9066      6.4848      8.0632      9.6423     11.2252     12.8089     14.3906     15.9682     17.5466     19.1253     20.7040     22.2825     23.8605     25.4378     27.0144     28.5901     30.1649     31.7388     33.3118     34.8842     36.4562     37.6335     38.4193
      0.0000        0.0000  0.5721E+00  0.5148E+00  0.7638E+00  0.9721E+00  0.1020E+01  0.1025E+01  0.9589E+00  0.8847E+00  0.8558E+00  0.8624E+00  0.8628E+00  0.8584E+00  0.8544E+00  0.8503E+00  0.8446E+00  0.8405E+00  0.8390E+00  0.8356E+00  0.8333E+00  0.8317E+00  0.8340E+00  0.8374E+00  0.8412E+00  0.8435E+00  0.8253E+00  0.6420E+00
      0.1355       10.0000  0.5721E+00  0.5148E+00  0.7638E+00  0.9721E+00  0.1024E+01  0.1027E+01  0.9615E+00  0.8866E+00  0.8571E+00  0.8631E+00  0.8633E+00  0.8587E+00  0.8545E+00  0.8503E+00  0.8447E+00  0.8405E+00  0.8390E+00  0.8356E+00  0.8333E+00  0.8317E+00  0.8340E+00  0.8374E+00  0.8412E+00  0.8435E+00  0.8253E+00  0.6420E+00
      0.2710       20.0000  0.5721E+00  0.5148E+00  0.7638E+00  0.9721E+00  0.1024E+01  0.1027E+01  0.9615E+00  0.8866E+00  0.8571E+00  0.8631E+00  0.8633E+00  0.8587E+00  0.8545E+00  0.8503E+00  0.8447E+00  0.8405E+00  0.8390E+00  0.8356E+00  0.8333E+00  0.8317E+00  0.8340E+00  0.8374E+00  0.8412E+00  0.8435E+00  0.8253E+00  0.6420E+00
      0.4065       30.0000  0.5721E+00  0.6108E+00  0.1203E+01  0.1309E+01  0.1505E+01  0.1360E+01  0.1068E+01  0.8966E+00  0.8445E+00  0.8532E+00  0.8542E+00  0.8500E+00  0.8457E+00  0.8413E+00  0.8353E+00  0.8309E+00  0.8307E+00  0.8301E+00  0.8297E+00  0.8296E+00  0.8332E+00  0.8373E+00  0.8415E+00  0.8441E+00  0.8236E+00  0.6336E+00
      0.5420       40.0000  0.5721E+00  0.6341E+00  0.1255E+01  0.1333E+01  0.1504E+01  0.1347E+01  0.1062E+01  0.8966E+00  0.8460E+00  0.8546E+00  0.8556E+00  0.8515E+00  0.8475E+00  0.8443E+00  0.8389E+00  0.8350E+00  0.8346E+00  0.8330E+00  0.8317E+00  0.8306E+00  0.8338E+00  0.8374E+00  0.8412E+00  0.8434E+00  0.8252E+00  0.6427E+00
      0.6775       50.0000  0.5721E+00  0.6349E+00  0.1225E+01  0.1303E+01  0.1445E+01  0.1305E+01  0.1044E+01  0.8943E+00  0.8479E+00  0.8564E+00  0.8576E+00  0.8538E+00  0.8501E+00  0.8478E+00  0.8427E+00  0.8390E+00  0.8382E+00  0.8353E+00  0.8332E+00  0.8314E+00  0.8341E+00  0.8374E+00  0.8410E+00  0.8433E+00  0.8255E+00  0.6428E+00
      0.8130       60.0000  0.5721E+00  0.6297E+00  0.1180E+01  0.1264E+01  0.1380E+01  0.1260E+01  0.1026E+01  0.8921E+00  0.8505E+00  0.8588E+00  0.8600E+00  0.8563E+00  0.8528E+00  0.8504E+00  0.8452E+00  0.8414E+00  0.8400E+00  0.8363E+00  0.8337E+00  0.8318E+00  0.8341E+00  0.8374E+00  0.8411E+00  0.8434E+00  0.8254E+00  0.6422E+00
      0.9485       70.0000  0.5721E+00  0.6228E+00  0.1132E+01  0.1224E+01  0.1317E+01  0.1217E+01  0.1009E+01  0.8899E+00  0.8532E+00  0.8611E+00  0.8622E+00  0.8584E+00  0.8547E+00  0.8517E+00  0.8461E+00  0.8420E+00  0.8402E+00  0.8363E+00  0.8337E+00  0.8319E+00  0.8341E+00  0.8374E+00  0.8411E+00  0.8434E+00  0.8253E+00  0.6420E+00
      1.0840       80.0000  0.5721E+00  0.6154E+00  0.1086E+01  0.1186E+01  0.1257E+01  0.1177E+01  0.9936E+00  0.8880E+00  0.8557E+00  0.8630E+00  0.8638E+00  0.8596E+00  0.8557E+00  0.8518E+00  0.8460E+00  0.8415E+00  0.8397E+00  0.8360E+00  0.8335E+00  0.8318E+00  0.8340E+00  0.8374E+00  0.8412E+00  0.8435E+00  0.8253E+00  0.6420E+00
      1.2195       90.0000  0.5721E+00  0.6077E+00  0.1041E+01  0.1149E+01  0.1203E+01  0.1141E+01  0.9810E+00  0.8865E+00  0.8576E+00  0.8643E+00  0.8647E+00  0.8601E+00  0.8559E+00  0.8513E+00  0.8454E+00  0.8409E+00  0.8392E+00  0.8357E+00  0.8334E+00  0.8317E+00  0.8340E+00  0.8374E+00  0.8412E+00  0.8435E+00  0.8253E+00  0.6420E+00
      1.3550      100.0000  0.5721E+00  0.5997E+00  0.9985E+00  0.1116E+01  0.1156E+01  0.1110E+01  0.9711E+00  0.8855E+00  0.8589E+00  0.8649E+00  0.8649E+00  0.8601E+00  0.8556E+00  0.8508E+00  0.8448E+00  0.8404E+00  0.8389E+00  0.8356E+00  0.8333E+00  0.8317E+00  0.8340E+00  0.8374E+00  0.8412E+00  0.8435E+00  0.8253E+00  0.6420E+00
      1.4905      110.0000  0.5721E+00  0.5918E+00  0.9597E+00  0.1085E+01  0.1116E+01  0.1084E+01  0.9635E+00  0.8850E+00  0.8595E+00  0.8650E+00  0.8647E+00  0.8597E+00  0.8551E+00  0.8503E+00  0.8445E+00  0.8402E+00  0.8389E+00  0.8356E+00  0.8333E+00  0.8317E+00  0.8340E+00  0.8374E+00  0.8412E+00  0.8435E+00  0.8253E+00  0.6420E+00
      1.6260      120.0000  0.5721E+00  0.5840E+00  0.9248E+00  0.1059E+01  0.1082E+01  0.1063E+01  0.9581E+00  0.8848E+00  0.8595E+00  0.8647E+00  0.8643E+00  0.8592E+00  0.8547E+00  0.8501E+00  0.8445E+00  0.8403E+00  0.8390E+00  0.8356E+00  0.8333E+00  0.8317E+00  0.8340E+00  0.8374E+00  0.8412E+00  0.8435E+00  0.8253E+00  0.6420E+00
      1.7615      130.0000  0.5721E+00  0.5764E+00  0.8940E+00  0.1036E+01  0.1055E+01  0.1046E+01  0.9544E+00  0.8849E+00  0.8592E+00  0.8643E+00  0.8638E+00  0.8588E+00  0.8545E+00  0.8502E+00  0.8446E+00  0.8405E+00  0.8391E+00  0.8357E+00  0.8333E+00  0.8317E+00  0.8340E+00  0.8374E+00  0.8412E+00  0.8435E+00  0.8253E+00  0.6420E+00
      1.8970      140.0000  0.5721E+00  0.5693E+00  0.8673E+00  0.1017E+01  0.1035E+01  0.1034E+01  0.9522E+00  0.8851E+00  0.8587E+00  0.8638E+00  0.8635E+00  0.8586E+00  0.8544E+00  0.8503E+00  0.8447E+00  0.8406E+00  0.8392E+00  0.8357E+00  0.8333E+00  0.8317E+00  0.8340E+00  0.8374E+00  0.8412E+00  0.8435E+00  0.8253E+00  0.6420E+00
      2.0325      150.0000  0.5721E+00  0.5626E+00  0.8446E+00  0.1001E+01  0.1019E+01  0.1024E+01  0.9511E+00  0.8855E+00  0.8581E+00  0.8634E+00  0.8632E+00  0.8586E+00  0.8545E+00  0.8504E+00  0.8448E+00  0.8407E+00  0.8391E+00  0.8357E+00  0.8333E+00  0.8317E+00  0.8340E+00  0.8374E+00  0.8412E+00  0.8435E+00  0.8253E+00  0.6420E+00
      2.1680      160.0000  0.5721E+00  0.5564E+00  0.8255E+00  0.9881E+00  0.1008E+01  0.1018E+01  0.9508E+00  0.8858E+00  0.8576E+00  0.8631E+00  0.8632E+00  0.8586E+00  0.8546E+00  0.8505E+00  0.8449E+00  0.8407E+00  0.8391E+00  0.8357E+00  0.8333E+00  0.8317E+00  0.8340E+00  0.8374E+00  0.8412E+00  0.8435E+00  0.8253E+00  0.6420E+00
      2.3035      170.0000  0.5721E+00  0.5508E+00  0.8097E+00  0.9781E+00  0.1001E+01  0.1014E+01  0.9511E+00  0.8861E+00  0.8572E+00  0.8630E+00  0.8632E+00  0.8587E+00  0.8547E+00  0.8505E+00  0.8448E+00  0.8406E+00  0.8391E+00  0.8357E+00  0.8333E+00  0.8317E+00  0.8340E+00  0.8374E+00  0.8412E+00  0.8435E+00  0.8253E+00  0.6420E+00
      2.4390      180.0000  0.5721E+00  0.5457E+00  0.7970E+00  0.9704E+00  0.9965E+00  0.1012E+01  0.9517E+00  0.8863E+00  0.8569E+00  0.8629E+00  0.8632E+00  0.8588E+00  0.8547E+00  0.8505E+00  0.8448E+00  0.8406E+00  0.8391E+00  0.8357E+00  0.8333E+00  0.8317E+00  0.8340E+00  0.8374E+00  0.8412E+00  0.8435E+00  0.8253E+00  0.6420E+00
      2.5745      190.0000  0.5721E+00  0.5411E+00  0.7869E+00  0.9648E+00  0.9945E+00  0.1011E+01  0.9526E+00  0.8864E+00  0.8568E+00  0.8630E+00  0.8633E+00  0.8589E+00  0.8547E+00  0.8505E+00  0.8448E+00  0.8406E+00  0.8391E+00  0.8357E+00  0.8333E+00  0.8317E+00  0.8340E+00  0.8374E+00  0.8412E+00  0.8435E+00  0.8253E+00  0.6420E+00
      2.7100      200.0000  0.5721E+00  0.5370E+00  0.7790E+00  0.9608E+00  0.9942E+00  0.1011E+01  0.9536E+00  0.8865E+00  0.8568E+00  0.8631E+00  0.8634E+00  0.8589E+00  0.8547E+00  0.8504E+00  0.8448E+00  0.8406E+00  0.8391E+00  0.8357E+00  0.8333E+00  0.8317E+00  0.8340E+00  0.8374E+00  0.8412E+00  0.8435E+00  0.8253E+00  0.6420E+00
      2.8455      210.0000  0.5721E+00  0.5334E+00  0.7731E+00  0.9583E+00  0.9952E+00  0.1012E+01  0.9546E+00  0.8864E+00  0.8568E+00  0.8631E+00  0.8634E+00  0.8589E+00  0.8547E+00  0.8504E+00  0.8448E+00  0.8406E+00  0.8391E+00  0.8357E+00  0.8333E+00  0.8317E+00  0.8340E+00  0.8374E+00  0.8412E+00  0.8435E+00  0.8253E+00  0.6420E+00
      2.9810      220.0000  0.5721E+00  0.5302E+00  0.7688E+00  0.9569E+00  0.9971E+00  0.1013E+01  0.9556E+00  0.8864E+00  0.8569E+00  0.8632E+00  0.8635E+00  0.8589E+00  0.8547E+00  0.8504E+00  0.8448E+00  0.8406E+00  0.8391E+00  0.8357E+00  0.8333E+00  0.8317E+00  0.8340E+00  0.8374E+00  0.8412E+00  0.8435E+00  0.8253E+00  0.6420E+00
      3.1165      230.0000  0.5721E+00  0.5275E+00  0.7658E+00  0.9564E+00  0.9994E+00  0.1015E+01  0.9564E+00  0.8863E+00  0.8570E+00  0.8633E+00  0.8634E+00  0.8588E+00  0.8546E+00  0.8504E+00  0.8448E+00  0.8406E+00  0.8391E+00  0.8357E+00  0.8333E+00  0.8317E+00  0.8340E+00  0.8374E+00  0.8412E+00  0.8435E+00  0.8253E+00  0.6420E+00
      3.2520      240.0000  0.5721E+00  0.5251E+00  0.7638E+00  0.9565E+00  0.1002E+01  0.1016E+01  0.9572E+00  0.8862E+00  0.8571E+00  0.8633E+00  0.8634E+00  0.8588E+00  0.8546E+00  0.8504E+00  0.8448E+00  0.8406E+00  0.8391E+00  0.8357E+00  0.8333E+00  0.8317E+00  0.8340E+00  0.8374E+00  0.8412E+00  0.8435E+00  0.8253E+00  0.6420E+00
      3.3875      250.0000  0.5721E+00  0.5231E+00  0.7626E+00  0.9571E+00  0.1005E+01  0.1018E+01  0.9578E+00  0.8861E+00  0.8571E+00  0.8633E+00  0.8634E+00  0.8588E+00  0.8546E+00  0.8504E+00  0.8448E+00  0.8406E+00  0.8391E+00  0.8357E+00  0.8333E+00  0.8317E+00  0.8340E+00  0.8374E+00  0.8412E+00  0.8435E+00  0.8253E+00  0.6420E+00
      3.5230      260.0000  0.5721E+00  0.5214E+00  0.7621E+00  0.9581E+00  0.1007E+01  0.1019E+01  0.9583E+00  0.8861E+00  0.8572E+00  0.8632E+00  0.8634E+00  0.8588E+00  0.8546E+00  0.8504E+00  0.8448E+00  0.8406E+00  0.8391E+00  0.8357E+00  0.8333E+00  0.8317E+00  0.8340E+00  0.8374E+00  0.8412E+00  0.8435E+00  0.8253E+00  0.6420E+00
      3.6585      270.0000  0.5721E+00  0.5200E+00  0.7620E+00  0.9592E+00  0.1009E+01  0.1021E+01  0.9588E+00  0.8860E+00  0.8572E+00  0.8632E+00  0.8633E+00  0.8588E+00  0.8546E+00  0.8504E+00  0.8448E+00  0.8406E+00  0.8391E+00  0.8357E+00  0.8333E+00  0.8317E+00  0.8340E+00  0.8374E+00  0.8412E+00  0.8435E+00  0.8253E+00  0.6420E+00
      3.7940      280.0000  0.5721E+00  0.5189E+00  0.7623E+00  0.9604E+00  0.1011E+01  0.1022E+01  0.9591E+00  0.8860E+00  0.8571E+00  0.8632E+00  0.8633E+00  0.8588E+00  0.8546E+00  0.8504E+00  0.8448E+00  0.8406E+00  0.8391E+00  0.8357E+00  0.8333E+00  0.8317E+00  0.8340E+00  0.8374E+00  0.8412E+00  0.8435E+00  0.8253E+00  0.6420E+00
      3.9295      290.0000  0.5721E+00  0.5179E+00  0.7628E+00  0.9617E+00  0.1013E+01  0.1023E+01  0.9593E+00  0.8860E+00  0.8571E+00  0.8631E+00  0.8633E+00  0.8588E+00  0.8546E+00  0.8504E+00  0.8448E+00  0.8406E+00  0.8391E+00  0.8357E+00  0.8333E+00  0.8317E+00  0.8340E+00  0.8374E+00  0.8412E+00  0.8435E+00  0.8253E+00  0.6420E+00
      4.0650      300.0000  0.5721E+00  0.5172E+00  0.7634E+00  0.9629E+00  0.1015E+01  0.1023E+01  0.9595E+00  0.8860E+00  0.8571E+00  0.8631E+00  0.8633E+00  0.8588E+00  0.8546E+00  0.8504E+00  0.8448E+00  0.8406E+00  0.8391E+00  0.8357E+00  0.8333E+00  0.8317E+00  0.8340E+00  0.8374E+00  0.8412E+00  0.8435E+00  0.8253E+00  0.6420E+00
      4.2005      310.0000  0.5721E+00  0.5166E+00  0.7640E+00  0.9641E+00  0.1016E+01  0.1024E+01  0.9596E+00  0.8860E+00  0.8571E+00  0.8631E+00  0.8633E+00  0.8588E+00  0.8546E+00  0.8504E+00  0.8448E+00  0.8406E+00  0.8391E+00  0.8357E+00  0.8333E+00  0.8317E+00  0.8340E+00  0.8374E+00  0.8412E+00  0.8435E+00  0.8253E+00  0.6420E+00
      4.3360      320.0000  0.5721E+00  0.5161E+00  0.7647E+00  0.9652E+00  0.1017E+01  0.1025E+01  0.9596E+00  0.8860E+00  0.8570E+00  0.8631E+00  0.8633E+00  0.8588E+00  0.8546E+00  0.8504E+00  0.8448E+00  0.8406E+00  0.8391E+00  0.8357E+00  0.8333E+00  0.8317E+00  0.8340E+00  0.8374E+00  0.8412E+00  0.8435E+00  0.8253E+00  0.6420E+00
      4.4715      330.0000  0.5721E+00  0.5158E+00  0.7653E+00  0.9661E+00  0.1018E+01  0.1025E+01  0.9597E+00  0.8860E+00  0.8570E+00  0.8631E+00  0.8633E+00  0.8588E+00  0.8546E+00  0.8504E+00  0.8448E+00  0.8406E+00  0.8391E+00  0.8357E+00  0.8333E+00  0.8317E+00  0.8340E+00  0.8374E+00  0.8412E+00  0.8435E+00  0.8253E+00  0.6420E+00
      4.6070      340.0000  0.5721E+00  0.5155E+00  0.7659E+00  0.9670E+00  0.1018E+01  0.1025E+01  0.9597E+00  0.8860E+00  0.8570E+00  0.8631E+00  0.8633E+00  0.8588E+00  0.8546E+00  0.8504E+00  0.8448E+00  0.8406E+00  0.8391E+00  0.8357E+00  0.8333E+00  0.8317E+00  0.8340E+00  0.8374E+00  0.8412E+00  0.8435E+00  0.8253E+00  0.6420E+00
      4.7425      350.0000  0.5721E+00  0.5153E+00  0.7665E+00  0.9677E+00  0.1019E+01  0.1025E+01  0.9597E+00  0.8860E+00  0.8570E+00  0.8631E+00  0.8633E+00  0.8588E+00  0.8546E+00  0.8504E+00  0.8448E+00  0.8406E+00  0.8391E+00  0.8357E+00  0.8333E+00  0.8317E+00  0.8340E+00  0.8374E+00  0.8412E+00  0.8435E+00  0.8253E+00  0.6420E+00
      4.8780      360.0000  0.5721E+00  0.5152E+00  0.7669E+00  0.9683E+00  0.1019E+01  0.1026E+01  0.9597E+00  0.8860E+00  0.8570E+00  0.8631E+00  0.8633E+00  0.8588E+00  0.8546E+00  0.8504E+00  0.8448E+00  0.8406E+00  0.8391E+00  0.8357E+00  0.8333E+00  0.8317E+00  0.8340E+00  0.8374E+00  0.8412E+00  0.8435E+00  0.8253E+00  0.6420E+00
      5.0136       10.0000  0.5721E+00  0.5151E+00  0.7673E+00  0.9689E+00  0.1019E+01  0.1026E+01  0.9597E+00  0.8860E+00  0.8570E+00  0.8631E+00  0.8633E+00  0.8588E+00  0.8546E+00  0.8504E+00  0.8448E+00  0.8406E+00  0.8391E+00  0.8357E+00  0.8333E+00  0.8317E+00  0.8340E+00  0.8374E+00  0.8412E+00  0.8435E+00  0.8253E+00  0.6420E+00
      5.1491       20.0000  0.5721E+00  0.5151E+00  0.7676E+00  0.9693E+00  0.1020E+01  0.1026E+01  0.9596E+00  0.8860E+00  0.8569E+00  0.8631E+00  0.8633E+00  0.8587E+00  0.8546E+00  0.8504E+00  0.8447E+00  0.8406E+00  0.8391E+00  0.8357E+00  0.8333E+00  0.8317E+00  0.8340E+00  0.8374E+00  0.8412E+00  0.8435E+00  0.8253E+00  0.6420E+00
      5.2846       30.0000  0.5721E+00  0.5151E+00  0.7678E+00  0.9696E+00  0.1020E+01  0.1026E+01  0.9596E+00  0.8860E+00  0.8569E+00  0.8631E+00  0.8633E+00  0.8587E+00  0.8546E+00  0.8504E+00  0.8447E+00  0.8406E+00  0.8391E+00  0.8357E+00  0.8333E+00  0.8317E+00  0.8340E+00  0.8374E+00  0.8412E+00  0.8435E+00  0.8253E+00  0.6420E+00
      5.4201       40.0000  0.5721E+00  0.5151E+00  0.7680E+00  0.9699E+00  0.1020E+01  0.1026E+01  0.9596E+00  0.8860E+00  0.8569E+00  0.8631E+00  0.8633E+00  0.8587E+00  0.8546E+00  0.8504E+00  0.8447E+00  0.8406E+00  0.8391E+00  0.8357E+00  0.8333E+00  0.8317E+00  0.8340E+00  0.8374E+00  0.8412E+00  0.8435E+00  0.8253E+00  0.6420E+00
      5.5556       50.0000  0.5721E+00  0.5151E+00  0.7681E+00  0.9701E+00  0.1020E+01  0.1026E+01  0.9596E+00  0.8860E+00  0.8569E+00  0.8631E+00  0.8633E+00  0.8587E+00  0.8546E+00  0.8504E+00  0.8447E+00  0.8406E+00  0.8391E+00  0.8357E+00  0.8333E+00  0.8317E+00  0.8340E+00  0.8374E+00  0.8412E+00  0.8435E+00  0.8253E+00  0.6420E+00
      5.6911       60.0000  0.5721E+00  0.5152E+00  0.7681E+00  0.9702E+00  0.1020E+01  0.1025E+01  0.9596E+00  0.8860E+00  0.8569E+00  0.8631E+00  0.8633E+00  0.8587E+00  0.8546E+00  0.8504E+00  0.8447E+00  0.8406E+00  0.8391E+00  0.8357E+00  0.8333E+00  0.8317E+00  0.8340E+00  0.8374E+00  0.8412E+00  0.8435E+00  0.8253E+00  0.6420E+00
      5.8266       70.0000  0.5721E+00  0.5152E+00  0.7681E+00  0.9703E+00  0.1020E+01  0.1025E+01  0.9596E+00  0.8860E+00  0.8569E+00  0.8630E+00  0.8633E+00  0.8587E+00  0.8546E+00  0.8504E+00  0.8447E+00  0.8406E+00  0.8391E+00  0.8357E+00  0.8333E+00  0.8317E+00  0.8340E+00  0.8374E+00  0.8412E+00  0.8435E+00  0.8253E+00  0.6420E+00
      5.9621       80.0000  0.5721E+00  0.5152E+00  0.7681E+00  0.9704E+00  0.1020E+01  0.1025E+01  0.9596E+00  0.8860E+00  0.8569E+00  0.8630E+00  0.8633E+00  0.8587E+00  0.8546E+00  0.8504E+00  0.8447E+00  0.8406E+00  0.8391E+00  0.8357E+00  0.8333E+00  0.8317E+00  0.8340E+00  0.8374E+00  0.8412E+00  0.8435E+00  0.8253E+00  0.6420E+00
      6.0976       90.0000  0.5721E+00  0.5153E+00  0.7680E+00  0.9704E+00  0.1020E+01  0.1025E+01  0.9596E+00  0.8860E+00  0.8569E+00  0.8630E+00  0.8633E+00  0.8587E+00  0.8546E+00  0.8504E+00  0.8447E+00  0.8406E+00  0.8391E+00  0.8357E+00  0.8333E+00  0.8317E+00  0.8340E+00  0.8374E+00  0.8412E+00  0.8435E+00  0.8253E+00  0.6420E+00
      6.2331      100.0000  0.5721E+00  0.5153E+00  0.7680E+00  0.9705E+00  0.1020E+01  0.1025E+01  0.9596E+00  0.8859E+00  0.8569E+00  0.8630E+00  0.8633E+00  0.8587E+00  0.8546E+00  0.8504E+00  0.8447E+00  0.8406E+00  0.8391E+00  0.8357E+00  0.8333E+00  0.8317E+00  0.8340E+00  0.8374E+00  0.8412E+00  0.8435E+00  0.8253E+00  0.6420E+00
      6.3686      110.0000  0.5721E+00  0.5153E+00  0.7679E+00  0.9705E+00  0.1020E+01  0.1025E+01  0.9596E+00  0.8859E+00  0.8569E+00  0.8630E+00  0.8632E+00  0.8587E+00  0.8546E+00  0.8504E+00  0.8447E+00  0.8406E+00  0.8391E+00  0.8357E+00  0.8333E+00  0.8317E+00  0.8340E+00  0.8374E+00  0.8412E+00  0.8435E+00  0.8253E+00  0.6420E+00
      6.5041      120.0000  0.5721E+00  0.5154E+00  0.7678E+00  0.9705E+00  0.1020E+01  0.1025E+01  0.9596E+00  0.8859E+00  0.8569E+00  0.8630E+00  0.8632E+00  0.8587E+00  0.8546E+00  0.8504E+00  0.8447E+00  0.8406E+00  0.8391E+00  0.8357E+00  0.8333E+00  0.8317E+00  0.8340E+00  0.8374E+00  0.8412E+00  0.8435E+00  0.8253E+00  0.6420E+00
      6.6396      130.0000  0.5721E+00  0.5154E+00  0.7677E+00  0.9705E+00  0.1020E+01  0.1025E+01  0.9596E+00  0.8859E+00  0.8568E+00  0.8630E+00  0.8632E+00  0.8587E+00  0.8546E+00  0.8504E+00  0.8447E+00  0.8406E+00  0.8391E+00  0.8357E+00  0.8333E+00  0.8317E+00  0.8340E+00  0.8374E+00  0.8412E+00  0.8435E+00  0.8253E+00  0.6420E+00
      6.7751      140.0000  0.5721E+00  0.5154E+00  0.7675E+00  0.9705E+00  0.1020E+01  0.1025E+01  0.9597E+00  0.8859E+00  0.8568E+00  0.8630E+00  0.8632E+00  0.8587E+00  0.8546E+00  0.8504E+00  0.8447E+00  0.8406E+00  0.8391E+00  0.8357E+00  0.8333E+00  0.8317E+00  0.8340E+00  0.8374E+00  0.8412E+00  0.8435E+00  0.8253E+00  0.6420E+00
      6.9106      150.0000  0.5721E+00  0.5154E+00  0.7674E+00  0.9704E+00  0.1020E+01  0.1025E+01  0.9597E+00  0.8859E+00  0.8568E+00  0.8630E+00  0.8632E+00  0.8587E+00  0.8546E+00  0.8504E+00  0.8447E+00  0.8406E+00  0.8391E+00  0.8357E+00  0.8333E+00  0.8317E+00  0.8340E+00  0.8374E+00  0.8412E+00  0.8435E+00  0.8253E+00  0.6420E+00
      7.0461      160.0000  0.5721E+00  0.5154E+00  0.7673E+00  0.9704E+00  0.1020E+01  0.1025E+01  0.9597E+00  0.8859E+00  0.8568E+00  0.8630E+00  0.8632E+00  0.8587E+00  0.8546E+00  0.8504E+00  0.8447E+00  0.8405E+00  0.8391E+00  0.8357E+00  0.8333E+00  0.8317E+00  0.8340E+00  0.8374E+00  0.8412E+00  0.8435E+00  0.8253E+00  0.6420E+00
      7.1816      170.0000  0.5721E+00  0.5154E+00  0.7672E+00  0.9704E+00  0.1020E+01  0.1025E+01  0.9597E+00  0.8859E+00  0.8568E+00  0.8630E+00  0.8632E+00  0.8587E+00  0.8546E+00  0.8504E+00  0.8447E+00  0.8405E+00  0.8391E+00  0.8357E+00  0.8333E+00  0.8317E+00  0.8340E+00  0.8374E+00  0.8412E+00  0.8435E+00  0.8253E+00  0.6420E+00
      7.3171      180.0000  0.5721E+00  0.5154E+00  0.7671E+00  0.9704E+00  0.1020E+01  0.1025E+01  0.9597E+00  0.8859E+00  0.8568E+00  0.8630E+00  0.8632E+00  0.8587E+00  0.8546E+00  0.8504E+00  0.8447E+00  0.8405E+00  0.8391E+00  0.8357E+00  0.8333E+00  0.8317E+00  0.8340E+00  0.8374E+00  0.8412E+00  0.8435E+00  0.8253E+00  0.6420E+00
      7.4526      190.0000  0.5721E+00  0.5154E+00  0.7670E+00  0.9704E+00  0.1020E+01  0.1025E+01  0.9597E+00  0.8859E+00  0.8568E+00  0.8630E+00  0.8632E+00  0.8587E+00  0.8546E+00  0.8504E+00  0.8447E+00  0.8405E+00  0.8391E+00  0.8357E+00  0.8333E+00  0.8317E+00  0.8340E+00  0.8374E+00  0.8412E+00  0.8435E+00  0.8253E+00  0.6420E+00
      7.5881      200.0000  0.5721E+00  0.5154E+00  0.7669E+00  0.9704E+00  0.1020E+01  0.1025E+01  0.9597E+00  0.8859E+00  0.8568E+00  0.8630E+00  0.8632E+00  0.8587E+00  0.8546E+00  0.8504E+00  0.8447E+00  0.8405E+00  0.8391E+00  0.8357E+00  0.8333E+00  0.8317E+00  0.8340E+00  0.8374E+00  0.8412E+00  0.8435E+00  0.8253E+00  0.6420E+00
      7.7236      210.0000  0.5721E+00  0.5154E+00  0.7668E+00  0.9705E+00  0.1020E+01  0.1025E+01  0.9598E+00  0.8859E+00  0.8568E+00  0.8630E+00  0.8632E+00  0.8587E+00  0.8546E+00  0.8504E+00  0.8447E+00  0.8405E+00  0.8391E+00  0.8357E+00  0.8333E+00  0.8317E+00  0.8340E+00  0.8374E+00  0.8412E+00  0.8435E+00  0.8253E+00  0.6420E+00
      7.8591      220.0000  0.5721E+00  0.5154E+00  0.7667E+00  0.9705E+00  0.1020E+01  0.1025E+01  0.9598E+00  0.8859E+00  0.8568E+00  0.8630E+00  0.8632E+00  0.8587E+00  0.8546E+00  0.8504E+00  0.8447E+00  0.8405E+00  0.8390E+00  0.8357E+00  0.8333E+00  0.8317E+00  0.8340E+00  0.8374E+00  0.8412E+00  0.8435E+00  0.8253E+00  0.6420E+00
      7.9946      230.0000  0.5721E+00  0.5153E+00  0.7667E+00  0.9705E+00  0.1020E+01  0.1025E+01  0.9598E+00  0.8859E+00  0.8568E+00  0.8630E+00  0.8632E+00  0.8587E+00  0.8546E+00  0.8504E+00  0.8447E+00  0.8405E+00  0.8390E+00  0.8357E+00  0.8333E+00  0.8317E+00  0.8340E+00  0.8374E+00  0.8412E+00  0.8435E+00  0.8253E+00  0.6420E+00
      8.1301      240.0000  0.5721E+00  0.5153E+00  0.7666E+00  0.9705E+00  0.1020E+01  0.1025E+01  0.9598E+00  0.8859E+00  0.8568E+00  0.8629E+00  0.8632E+00  0.8587E+00  0.8546E+00  0.8504E+00  0.8447E+00  0.8405E+00  0.8390E+00  0.8357E+00  0.8333E+00  0.8317E+00  0.8340E+00  0.8374E+00  0.8412E+00  0.8435E+00  0.8253E+00  0.6420E+00
      8.2656      250.0000  0.5721E+00  0.5153E+00  0.7665E+00  0.9705E+00  0.1020E+01  0.1025E+01  0.9598E+00  0.8859E+00  0.8568E+00  0.8629E+00  0.8632E+00  0.8587E+00  0.8546E+00  0.8504E+00  0.8447E+00  0.8405E+00  0.8390E+00  0.8357E+00  0.8333E+00  0.8317E+00  0.8340E+00  0.8374E+00  0.8412E+00  0.8435E+00  0.8253E+00  0.6420E+00
      8.4011      260.0000  0.5721E+00  0.5153E+00  0.7665E+00  0.9705E+00  0.1020E+01  0.1026E+01  0.9598E+00  0.8859E+00  0.8567E+00  0.8629E+00  0.8632E+00  0.8587E+00  0.8546E+00  0.8504E+00  0.8447E+00  0.8405E+00  0.8390E+00  0.8357E+00  0.8333E+00  0.8317E+00  0.8340E+00  0.8374E+00  0.8412E+00  0.8435E+00  0.8253E+00  0.6420E+00
      8.5366      270.0000  0.5721E+00  0.5153E+00  0.7664E+00  0.9706E+00  0.1020E+01  0.1026E+01  0.9598E+00  0.8859E+00  0.8567E+00  0.8629E+00  0.8632E+00  0.8587E+00  0.8545E+00  0.8504E+00  0.8447E+00  0.8405E+00  0.8390E+00  0.8357E+00  0.8333E+00  0.8317E+00  0.8340E+00  0.8374E+00  0.8412E+00  0.8435E+00  0.8253E+00  0.6420E+00
      8.6721      280.0000  0.5721E+00  0.5152E+00  0.7663E+00  0.9706E+00  0.1020E+01  0.1026E+01  0.9598E+00  0.8859E+00  0.8567E+00  0.8629E+00  0.8632E+00  0.8587E+00  0.8545E+00  0.8504E+00  0.8447E+00  0.8405E+00  0.8390E+00  0.8357E+00  0.8333E+00  0.8317E+00  0.8340E+00  0.8374E+00  0.8412E+00  0.8435E+00  0.8253E+00  0.6420E+00
      8.8076      290.0000  0.5721E+00  0.5152E+00  0.7663E+00  0.9706E+00  0.1021E+01  0.1026E+01  0.9599E+00  0.8859E+00  0.8567E+00  0.8629E+00  0.8632E+00  0.8587E+00  0.8545E+00  0.8504E+00  0.8447E+00  0.8405E+00  0.8390E+00  0.8357E+00  0.8333E+00  0.8317E+00  0.8340E+00  0.8374E+00  0.8412E+00  0.8435E+00  0.8253E+00  0.6420E+00
      8.9431      300.0000  0.5721E+00  0.5152E+00  0.7662E+00  0.9706E+00  0.1021E+01  0.1026E+01  0.9599E+00  0.8859E+00  0.8567E+00  0.8629E+00  0.8632E+00  0.8587E+00  0.8545E+00  0.8504E+00  0.8447E+00  0.8405E+00  0.8390E+00  0.8357E+00  0.8333E+00  0.8317E+00  0.8340E+00  0.8374E+00  0.8412E+00  0.8435E+00  0.8253E+00  0.6420E+00
      9.0786      310.0000  0.5721E+00  0.5152E+00  0.7662E+00  0.9707E+00  0.1021E+01  0.1026E+01  0.9599E+00  0.8859E+00  0.8567E+00  0.8629E+00  0.8632E+00  0.8587E+00  0.8545E+00  0.8504E+00  0.8447E+00  0.8405E+00  0.8390E+00  0.8357E+00  0.8333E+00  0.8317E+00  0.8340E+00  0.8374E+00  0.8412E+00  0.8435E+00  0.8253E+00  0.6420E+00
      9.2141      320.0000  0.5721E+00  0.5152E+00  0.7661E+00  0.9707E+00  0.1021E+01  0.1026E+01  0.9599E+00  0.8859E+00  0.8567E+00  0.8629E+00  0.8632E+00  0.8587E+00  0.8545E+00  0.8504E+00  0.8447E+00  0.8405E+00  0.8390E+00  0.8357E+00  0.8333E+00  0.8317E+00  0.8340E+00  0.8374E+00  0.8412E+00  0.8435E+00  0.8253E+00  0.6420E+00
      9.3496      330.0000  0.5721E+00  0.5151E+00  0.7661E+00  0.9707E+00  0.1021E+01  0.1026E+01  0.9599E+00  0.8859E+00  0.8567E+00  0.8629E+00  0.8632E+00  0.8587E+00  0.8545E+00  0.8504E+00  0.8447E+00  0.8405E+00  0.8390E+00  0.8357E+00  0.8333E+00  0.8317E+00  0.8340E+00  0.8374E+00  0.8412E+00  0.8435E+00  0.8253E+00  0.6420E+00
      9.4851      340.0000  0.5721E+00  0.5151E+00  0.7661E+00  0.9707E+00  0.1021E+01  0.1026E+01  0.9599E+00  0.8859E+00  0.8567E+00  0.8629E+00  0.8632E+00  0.8587E+00  0.8545E+00  0.8504E+00  0.8447E+00  0.8405E+00  0.8390E+00  0.8357E+00  0.8333E+00  0.8317E+00  0.8340E+00  0.8374E+00  0.8412E+00  0.8435E+00  0.8253E+00  0.6420E+00
      9.6206      350.0000  0.5721E+00  0.5151E+00  0.7660E+00  0.9708E+00  0.1021E+01  0.1026E+01  0.9599E+00  0.8858E+00  0.8567E+00  0.8629E+00  0.8632E+00  0.8587E+00  0.8545E+00  0.8504E+00  0.8447E+00  0.8405E+00  0.8390E+00  0.8357E+00  0.8333E+00  0.8317E+00  0.8340E+00  0.8374E+00  0.8412E+00  0.8435E+00  0.8253E+00  0.6420E+00
      9.7561      360.0000  0.5721E+00  0.5151E+00  0.7660E+00  0.9708E+00  0.1021E+01  0.1026E+01  0.9599E+00  0.8858E+00  0.8567E+00  0.8629E+00  0.8632E+00  0.8587E+00  0.8545E+00  0.8504E+00  0.8447E+00  0.8405E+00  0.8390E+00  0.8357E+00  0.8333E+00  0.8317E+00  0.8340E+00  0.8374E+00  0.8412E+00  0.8435E+00  0.8253E+00  0.6420E+00
      9.8916       10.0000  0.5721E+00  0.5151E+00  0.7659E+00  0.9708E+00  0.1021E+01  0.1026E+01  0.9599E+00  0.8858E+00  0.8567E+00  0.8629E+00  0.8632E+00  0.8586E+00  0.8545E+00  0.8504E+00  0.8447E+00  0.8405E+00  0.8390E+00  0.8357E+00  0.8333E+00  0.8317E+00  0.8340E+00  0.8374E+00  0.8412E+00  0.8435E+00  0.8253E+00  0.6420E+00
     10.0271       20.0000  0.5721E+00  0.5151E+00  0.7659E+00  0.9708E+00  0.1021E+01  0.1026E+01  0.9600E+00  0.8858E+00  0.8567E+00  0.8629E+00  0.8632E+00  0.8586E+00  0.8545E+00  0.8503E+00  0.8447E+00  0.8405E+00  0.8390E+00  0.8357E+00  0.8333E+00  0.8317E+00  0.8340E+00  0.8374E+00  0.8412E+00  0.8435E+00  0.8253E+00  0.6420E+00
     10.1626       30.0000  0.5721E+00  0.5150E+00  0.7659E+00  0.9709E+00  0.1021E+01  0.1026E+01  0.9600E+00  0.8858E+00  0.8567E+00  0.8629E+00  0.8631E+00  0.8586E+00  0.8545E+00  0.8503E+00  0.8447E+00  0.8405E+00  0.8390E+00  0.8357E+00  0.8333E+00  0.8317E+00  0.8340E+00  0.8374E+00  0.8412E+00  0.8435E+00  0.8253E+00  0.6420E+00
     10.2981       40.0000  0.5721E+00  0.5150E+00  0.7658E+00  0.9709E+00  0.1021E+01  0.1026E+01  0.9600E+00  0.8858E+00  0.8567E+00  0.8629E+00  0.8631E+00  0.8586E+00  0.8545E+00  0.8503E+00  0.8447E+00  0.8405E+00  0.8390E+00  0.8357E+00  0.8333E+00  0.8317E+00  0.8340E+00  0.8374E+00  0.8412E+00  0.8435E+00  0.8253E+00  0.6420E+00
     10.4336       50.0000  0.5721E+00  0.5150E+00  0.7658E+00  0.9709E+00  0.1021E+01  0.1026E+01  0.9600E+00  0.8858E+00  0.8567E+00  0.8629E+00  0.8631E+00  0.8586E+00  0.8545E+00  0.8503E+00  0.8447E+00  0.8405E+00  0.8390E+00  0.8357E+00  0.8333E+00  0.8317E+00  0.8340E+00  0.8374E+00  0.8412E+00  0.8435E+00  0.8253E+00  0.6420E+00
     10.5691       60.0000  0.5721E+00  0.5150E+00  0.7658E+00  0.9709E+00  0.1021E+01  0.1026E+01  0.9600E+00  0.8858E+00  0.8567E+00  0.8629E+00  0.8631E+00  0.8586E+00  0.8545E+00  0.8503E+00  0.8447E+00  0.8405E+00  0.8390E+00  0.8357E+00  0.8333E+00  0.8317E+00  0.8340E+00  0.8374E+00  0.8412E+00  0.8435E+00  0.8253E+00  0.6420E+00
     10.7046       70.0000  0.5721E+00  0.5150E+00  0.7657E+00  0.9710E+00  0.1021E+01  0.1026E+01  0.9600E+00  0.8858E+00  0.8567E+00  0.8629E+00  0.8631E+00  0.8586E+00  0.8545E+00  0.8503E+00  0.8447E+00  0.8405E+00  0.8390E+00  0.8357E+00  0.8333E+00  0.8317E+00  0.8340E+00  0.8374E+00  0.8412E+00  0.8435E+00  0.8253E+00  0.6420E+00
     10.8401       80.0000  0.5721E+00  0.5150E+00  0.7657E+00  0.9710E+00  0.1021E+01  0.1026E+01  0.9600E+00  0.8858E+00  0.8566E+00  0.8629E+00  0.8631E+00  0.8586E+00  0.8545E+00  0.8503E+00  0.8447E+00  0.8405E+00  0.8390E+00  0.8357E+00  0.8333E+00  0.8317E+00  0.8340E+00  0.8374E+00  0.8412E+00  0.8435E+00  0.8253E+00  0.6420E+00
     10.9756       90.0000  0.5721E+00  0.5150E+00  0.7656E+00  0.9710E+00  0.1021E+01  0.1026E+01  0.9600E+00  0.8858E+00  0.8566E+00  0.8629E+00  0.8631E+00  0.8586E+00  0.8545E+00  0.8503E+00  0.8447E+00  0.8405E+00  0.8390E+00  0.8357E+00  0.8333E+00  0.8317E+00  0.8340E+00  0.8374E+00  0.8412E+00  0.8435E+00  0.8253E+00  0.6420E+00
     11.1111      100.0000  0.5721E+00  0.5150E+00  0.7656E+00  0.9710E+00  0.1021E+01  0.1026E+01  0.9600E+00  0.8858E+00  0.8566E+00  0.8629E+00  0.8631E+00  0.8586E+00  0.8545E+00  0.8503E+00  0.8447E+00  0.8405E+00  0.8390E+00  0.8357E+00  0.8333E+00  0.8317E+00  0.8340E+00  0.8374E+00  0.8412E+00  0.8435E+00  0.8253E+00  0.6420E+00
     11.2466      110.0000  0.5721E+00  0.5150E+00  0.7656E+00  0.9710E+00  0.1021E+01  0.1026E+01  0.9600E+00  0.8858E+00  0.8566E+00  0.8629E+00  0.8631E+00  0.8586E+00  0.8545E+00  0.8503E+00  0.8447E+00  0.8405E+00  0.8390E+00  0.8357E+00  0.8333E+00  0.8317E+00  0.8340E+00  0.8374E+00  0.8412E+00  0.8435E+00  0.8253E+00  0.6420E+00
     11.3821      120.0000  0.5721E+00  0.5150E+00  0.7656E+00  0.9711E+00  0.1021E+01  0.1026E+01  0.9600E+00  0.8858E+00  0.8566E+00  0.8629E+00  0.8631E+00  0.8586E+00  0.8545E+00  0.8503E+00  0.8447E+00  0.8405E+00  0.8390E+00  0.8357E+00  0.8333E+00  0.8317E+00  0.8340E+00  0.8374E+00  0.8412E+00  0.8435E+00  0.8253E+00  0.6420E+00
     11.5176      130.0000  0.5721E+00  0.5150E+00  0.7655E+00  0.9711E+00  0.1021E+01  0.1026E+01  0.9600E+00  0.8858E+00  0.8566E+00  0.8628E+00  0.8631E+00  0.8586E+00  0.8545E+00  0.8503E+00  0.8447E+00  0.8405E+00  0.8390E+00  0.8357E+00  0.8333E+00  0.8317E+00  0.8340E+00  0.8374E+00  0.8412E+00  0.8435E+00  0.8253E+00  0.6420E+00
     11.6531      140.0000  0.5721E+00  0.5149E+00  0.7655E+00  0.9711E+00  0.1021E+01  0.1026E+01  0.9601E+00  0.8858E+00  0.8566E+00  0.8628E+00  0.8631E+00  0.8586E+00  0.8545E+00  0.8503E+00  0.8447E+00  0.8405E+00  0.8390E+00  0.8357E+00  0.8333E+00  0.8317E+00  0.8340E+00  0.8374E+00  0.8412E+00  0.8435E+00  0.8253E+00  0.6420E+00
     11.7886      150.0000  0.5721E+00  0.5149E+00  0.7655E+00  0.9711E+00  0.1022E+01  0.1026E+01  0.9601E+00  0.8858E+00  0.8566E+00  0.8628E+00  0.8631E+00  0.8586E+00  0.8545E+00  0.8503E+00  0.8447E+00  0.8405E+00  0.8390E+00  0.8357E+00  0.8333E+00  0.8317E+00  0.8340E+00  0.8374E+00  0.8412E+00  0.8435E+00  0.8253E+00  0.6420E+00
     11.9241      160.0000  0.5721E+00  0.5149E+00  0.7655E+00  0.9711E+00  0.1022E+01  0.1026E+01  0.9601E+00  0.8858E+00  0.8566E+00  0.8628E+00  0.8631E+00  0.8586E+00  0.8545E+00  0.8503E+00  0.8447E+00  0.8405E+00  0.8390E+00  0.8357E+00  0.8333E+00  0.8317E+00  0.8340E+00  0.8374E+00  0.8412E+00  0.8435E+00  0.8253E+00  0.6420E+00
     12.0596      170.0000  0.5721E+00  0.5149E+00  0.7654E+00  0.9711E+00  0.1022E+01  0.1026E+01  0.9601E+00  0.8858E+00  0.8566E+00  0.8628E+00  0.8631E+00  0.8586E+00  0.8545E+00  0.8503E+00  0.8447E+00  0.8405E+00  0.8390E+00  0.8357E+00  0.8333E+00  0.8317E+00  0.8340E+00  0.8374E+00  0.8412E+00  0.8435E+00  0.8253E+00  0.6420E+00
     12.1951      180.0000  0.5721E+00  0.5149E+00  0.7654E+00  0.9712E+00  0.1022E+01  0.1026E+01  0.9601E+00  0.8858E+00  0.8566E+00  0.8628E+00  0.8631E+00  0.8586E+00  0.8545E+00  0.8503E+00  0.8447E+00  0.8405E+00  0.8390E+00  0.8357E+00  0.8333E+00  0.8317E+00  0.8340E+00  0.8374E+00  0.8412E+00  0.8435E+00  0.8253E+00  0.6420E+00
     12.3306      190.0000  0.5721E+00  0.5149E+00  0.7654E+00  0.9712E+00  0.1022E+01  0.1026E+01  0.9601E+00  0.8858E+00  0.8566E+00  0.8628E+00  0.8631E+00  0.8586E+00  0.8545E+00  0.8503E+00  0.8447E+00  0.8405E+00  0.8390E+00  0.8357E+00  0.8333E+00  0.8317E+00  0.8340E+00  0.8374E+00  0.8412E+00  0.8435E+00  0.8253E+00  0.6420E+00
     12.4661      200.0000  0.5721E+00  0.5149E+00  0.7653E+00  0.9712E+00  0.1022E+01  0.1026E+01  0.9601E+00  0.8858E+00  0.8566E+00  0.8628E+00  0.8631E+00  0.8586E+00  0.8545E+00  0.8503E+00  0.8447E+00  0.8405E+00  0.8390E+00  0.8357E+00  0.8333E+00  0.8317E+00  0.8340E+00  0.8374E+00  0.8412E+00  0.8435E+00  0.8253E+00  0.6420E+00
     12.6016      210.0000  0.5721E+00  0.5149E+00  0.7653E+00  0.9712E+00  0.1022E+01  0.1026E+01  0.9601E+00  0.8858E+00  0.8566E+00  0.8628E+00  0.8631E+00  0.8586E+00  0.8545E+00  0.8503E+00  0.8447E+00  0.8405E+00  0.8390E+00  0.8357E+00  0.8333E+00  0.8317E+00  0.8340E+00  0.8374E+00  0.8412E+00  0.8435E+00  0.8253E+00  0.6420E+00
     12.7371      220.0000  0.5721E+00  0.5149E+00  0.7653E+00  0.9712E+00  0.1022E+01  0.1026E+01  0.9601E+00  0.8858E+00  0.8566E+00  0.8628E+00  0.8631E+00  0.8586E+00  0.8545E+00  0.8503E+00  0.8447E+00  0.8405E+00  0.8390E+00  0.8357E+00  0.8333E+00  0.8317E+00  0.8340E+00  0.8374E+00  0.8412E+00  0.8435E+00  0.8253E+00  0.6420E+00
     12.8726      230.0000  0.5721E+00  0.5149E+00  0.7653E+00  0.9712E+00  0.1022E+01  0.1026E+01  0.9601E+00  0.8858E+00  0.8566E+00  0.8628E+00  0.8631E+00  0.8586E+00  0.8545E+00  0.8503E+00  0.8447E+00  0.8405E+00  0.8390E+00  0.8357E+00  0.8333E+00  0.8317E+00  0.8340E+00  0.8374E+00  0.8412E+00  0.8435E+00  0.8253E+00  0.6420E+00
     13.0081      240.0000  0.5721E+00  0.5149E+00  0.7652E+00  0.9713E+00  0.1022E+01  0.1026E+01  0.9601E+00  0.8858E+00  0.8566E+00  0.8628E+00  0.8631E+00  0.8586E+00  0.8545E+00  0.8503E+00  0.8447E+00  0.8405E+00  0.8390E+00  0.8357E+00  0.8333E+00  0.8317E+00  0.8340E+00  0.8374E+00  0.8412E+00  0.8435E+00  0.8253E+00  0.6420E+00
     13.1436      250.0000  0.5721E+00  0.5149E+00  0.7652E+00  0.9713E+00  0.1022E+01  0.1026E+01  0.9601E+00  0.8858E+00  0.8566E+00  0.8628E+00  0.8631E+00  0.8586E+00  0.8545E+00  0.8503E+00  0.8447E+00  0.8405E+00  0.8390E+00  0.8357E+00  0.8333E+00  0.8317E+00  0.8340E+00  0.8374E+00  0.8412E+00  0.8435E+00  0.8253E+00  0.6420E+00
     13.2791      260.0000  0.5721E+00  0.5149E+00  0.7652E+00  0.9713E+00  0.1022E+01  0.1026E+01  0.9601E+00  0.8858E+00  0.8566E+00  0.8628E+00  0.8631E+00  0.8586E+00  0.8545E+00  0.8503E+00  0.8447E+00  0.8405E+00  0.8390E+00  0.8357E+00  0.8333E+00  0.8317E+00  0.8340E+00  0.8374E+00  0.8412E+00  0.8435E+00  0.8253E+00  0.6420E+00
     13.4146      270.0000  0.5721E+00  0.5149E+00  0.7651E+00  0.9713E+00  0.1022E+01  0.1026E+01  0.9601E+00  0.8858E+00  0.8566E+00  0.8628E+00  0.8631E+00  0.8586E+00  0.8545E+00  0.8503E+00  0.8447E+00  0.8405E+00  0.8390E+00  0.8357E+00  0.8333E+00  0.8317E+00  0.8340E+00  0.8374E+00  0.8412E+00  0.8435E+00  0.8253E+00  0.6420E+00
     13.5501      280.0000  0.5721E+00  0.5149E+00  0.7651E+00  0.9713E+00  0.1022E+01  0.1026E+01  0.9602E+00  0.8858E+00  0.8566E+00  0.8628E+00  0.8631E+00  0.8586E+00  0.8545E+00  0.8503E+00  0.8447E+00  0.8405E+00  0.8390E+00  0.8357E+00  0.8333E+00  0.8317E+00  0.8340E+00  0.8374E+00  0.8412E+00  0.8435E+00  0.8253E+00  0.6420E+00
     13.6856      290.0000  0.5721E+00  0.5149E+00  0.7651E+00  0.9713E+00  0.1022E+01  0.1026E+01  0.9602E+00  0.8858E+00  0.8566E+00  0.8628E+00  0.8631E+00  0.8586E+00  0.8545E+00  0.8503E+00  0.8447E+00  0.8405E+00  0.8390E+00  0.8357E+00  0.8333E+00  0.8317E+00  0.8340E+00  0.8374E+00  0.8412E+00  0.8435E+00  0.8253E+00  0.6420E+00
     13.8211      300.0000  0.5721E+00  0.5149E+00  0.7651E+00  0.9713E+00  0.1022E+01  0.1026E+01  0.9602E+00  0.8858E+00  0.8566E+00  0.8628E+00  0.8631E+00  0.8586E+00  0.8545E+00  0.8503E+00  0.8447E+00  0.8405E+00  0.8390E+00  0.8357E+00  0.8333E+00  0.8317E+00  0.8340E+00  0.8374E+00  0.8412E+00  0.8435E+00  0.8253E+00  0.6420E+00
     13.9566      310.0000  0.5721E+00  0.5149E+00  0.7651E+00  0.9714E+00  0.1022E+01  0.1026E+01  0.9602E+00  0.8858E+00  0.8566E+00  0.8628E+00  0.8631E+00  0.8586E+00  0.8545E+00  0.8503E+00  0.8447E+00  0.8405E+00  0.8390E+00  0.8357E+00  0.8333E+00  0.8317E+00  0.8340E+00  0.8374E+00  0.8412E+00  0.8435E+00  0.8253E+00  0.6420E+00
     14.0921      320.0000  0.5721E+00  0.5149E+00  0.7651E+00  0.9714E+00  0.1022E+01  0.1026E+01  0.9602E+00  0.8858E+00  0.8566E+00  0.8628E+00  0.8631E+00  0.8586E+00  0.8545E+00  0.8503E+00  0.8447E+00  0.8405E+00  0.8390E+00  0.8357E+00  0.8333E+00  0.8317E+00  0.8340E+00  0.8374E+00  0.8412E+00  0.8435E+00  0.8253E+00  0.6420E+00
     14.2276      330.0000  0.5721E+00  0.5149E+00  0.7650E+00  0.9714E+00  0.1022E+01  0.1026E+01  0.9602E+00  0.8858E+00  0.8566E+00  0.8628E+00  0.8631E+00  0.8586E+00  0.8545E+00  0.8503E+00  0.8447E+00  0.8405E+00  0.8390E+00  0.8357E+00  0.8333E+00  0.8317E+00  0.8340E+00  0.8374E+00  0.8412E+00  0.8435E+00  0.8253E+00  0.6420E+00
     14.3631      340.0000  0.5721E+00  0.5149E+00  0.7650E+00  0.9714E+00  0.1022E+01  0.1026E+01  0.9602E+00  0.8858E+00  0.8566E+00  0.8628E+00  0.8631E+00  0.8586E+00  0.8545E+00  0.8503E+00  0.8447E+00  0.8405E+00  0.8390E+00  0.8357E+00  0.8333E+00  0.8317E+00  0.8340E+00  0.8374E+00  0.8412E+00  0.8435E+00  0.8253E+00  0.6420E+00
     14.4986      350.0000  0.5721E+00  0.5149E+00  0.7650E+00  0.9714E+00  0.1022E+01  0.1026E+01  0.9602E+00  0.8858E+00  0.8565E+00  0.8628E+00  0.8631E+00  0.8586E+00  0.8545E+00  0.8503E+00  0.8447E+00  0.8405E+00  0.8390E+00  0.8357E+00  0.8333E+00  0.8317E+00  0.8340E+00  0.8374E+00  0.8412E+00  0.8435E+00  0.8253E+00  0.6420E+00
     14.6341      360.0000  0.5721E+00  0.5149E+00  0.7650E+00  0.9714E+00  0.1022E+01  0.1026E+01  0.9602E+00  0.8858E+00  0.8565E+00  0.8628E+00  0.8631E+00  0.8586E+00  0.8545E+00  0.8503E+00  0.8447E+00  0.8405E+00  0.8390E+00  0.8357E+00  0.8333E+00  0.8317E+00  0.8340E+00  0.8374E+00  0.8412E+00  0.8435E+00  0.8253E+00  0.6420E+00
     14.7696       10.0000  0.5721E+00  0.5149E+00  0.7650E+00  0.9714E+00  0.1022E+01  0.1026E+01  0.9602E+00  0.8858E+00  0.8565E+00  0.8628E+00  0.8631E+00  0.8586E+00  0.8545E+00  0.8503E+00  0.8447E+00  0.8405E+00  0.8390E+00  0.8357E+00  0.8333E+00  0.8317E+00  0.8340E+00  0.8374E+00  0.8412E+00  0.8435E+00  0.8253E+00  0.6420E+00
     14.9051       20.0000  0.5721E+00  0.5149E+00  0.7649E+00  0.9714E+00  0.1022E+01  0.1026E+01  0.9602E+00  0.8858E+00  0.8565E+00  0.8628E+00  0.8631E+00  0.8586E+00  0.8545E+00  0.8503E+00  0.8447E+00  0.8405E+00  0.8390E+00  0.8357E+00  0.8333E+00  0.8317E+00  0.8340E+00  0.8374E+00  0.8412E+00  0.8435E+00  0.8253E+00  0.6420E+00
     15.0407       30.0000  0.5721E+00  0.5149E+00  0.7649E+00  0.9715E+00  0.1022E+01  0.1026E+01  0.9602E+00  0.8858E+00  0.8565E+00  0.8628E+00  0.8631E+00  0.8586E+00  0.8545E+00  0.8503E+00  0.8447E+00  0.8405E+00  0.8390E+00  0.8357E+00  0.8333E+00  0.8317E+00  0.8340E+00  0.8374E+00  0.8412E+00  0.8435E+00  0.8253E+00  0.6420E+00
     15.1762       40.0000  0.5721E+00  0.5149E+00  0.7649E+00  0.9715E+00  0.1022E+01  0.1026E+01  0.9602E+00  0.8858E+00  0.8565E+00  0.8628E+00  0.8631E+00  0.8586E+00  0.8545E+00  0.8503E+00  0.8447E+00  0.8405E+00  0.8390E+00  0.8357E+00  0.8333E+00  0.8317E+00  0.8340E+00  0.8374E+00  0.8412E+00  0.8435E+00  0.8253E+00  0.6420E+00
     15.3117       50.0000  0.5721E+00  0.5149E+00  0.7649E+00  0.9715E+00  0.1022E+01  0.1026E+01  0.9602E+00  0.8858E+00  0.8565E+00  0.8628E+00  0.8631E+00  0.8586E+00  0.8545E+00  0.8503E+00  0.8447E+00  0.8405E+00  0.8390E+00  0.8357E+00  0.8333E+00  0.8317E+00  0.8340E+00  0.8374E+00  0.8412E+00  0.8435E+00  0.8253E+00  0.6420E+00
     15.4472       60.0000  0.5721E+00  0.5149E+00  0.7649E+00  0.9715E+00  0.1022E+01  0.1026E+01  0.9602E+00  0.8858E+00  0.8565E+00  0.8628E+00  0.8631E+00  0.8586E+00  0.8545E+00  0.8503E+00  0.8447E+00  0.8405E+00  0.8390E+00  0.8357E+00  0.8333E+00  0.8317E+00  0.8340E+00  0.8374E+00  0.8412E+00  0.8435E+00  0.8253E+00  0.6420E+00
     15.5827       70.0000  0.5721E+00  0.5149E+00  0.7648E+00  0.9715E+00  0.1022E+01  0.1026E+01  0.9602E+00  0.8858E+00  0.8565E+00  0.8628E+00  0.8631E+00  0.8586E+00  0.8545E+00  0.8503E+00  0.8447E+00  0.8405E+00  0.8390E+00  0.8357E+00  0.8333E+00  0.8317E+00  0.8340E+00  0.8374E+00  0.8412E+00  0.8435E+00  0.8253E+00  0.6420E+00
     15.7182       80.0000  0.5721E+00  0.5149E+00  0.7648E+00  0.9715E+00  0.1022E+01  0.1026E+01  0.9602E+00  0.8858E+00  0.8565E+00  0.8628E+00  0.8631E+00  0.8586E+00  0.8545E+00  0.8503E+00  0.8447E+00  0.8405E+00  0.8390E+00  0.8357E+00  0.8333E+00  0.8317E+00  0.8340E+00  0.8374E+00  0.8412E+00  0.8435E+00  0.8253E+00  0.6420E+00
     15.8537       90.0000  0.5721E+00  0.5149E+00  0.7648E+00  0.9715E+00  0.1022E+01  0.1026E+01  0.9602E+00  0.8858E+00  0.8565E+00  0.8628E+00  0.8631E+00  0.8586E+00  0.8545E+00  0.8503E+00  0.8447E+00  0.8405E+00  0.8390E+00  0.8357E+00  0.8333E+00  0.8317E+00  0.8340E+00  0.8374E+00  0.8412E+00  0.8435E+00  0.8253E+00  0.6420E+00
     15.9892      100.0000  0.5721E+00  0.5149E+00  0.7648E+00  0.9715E+00  0.1022E+01  0.1026E+01  0.9602E+00  0.8858E+00  0.8565E+00  0.8628E+00  0.8631E+00  0.8586E+00  0.8545E+00  0.8503E+00  0.8447E+00  0.8405E+00  0.8390E+00  0.8357E+00  0.8333E+00  0.8317E+00  0.8340E+00  0.8374E+00  0.8412E+00  0.8435E+00  0.8253E+00  0.6420E+00
     16.1247      110.0000  0.5721E+00  0.5148E+00  0.7648E+00  0.9715E+00  0.1022E+01  0.1026E+01  0.9603E+00  0.8858E+00  0.8565E+00  0.8628E+00  0.8631E+00  0.8586E+00  0.8545E+00  0.8503E+00  0.8447E+00  0.8405E+00  0.8390E+00  0.8357E+00  0.8333E+00  0.8317E+00  0.8340E+00  0.8374E+00  0.8412E+00  0.8435E+00  0.8253E+00  0.6420E+00
     16.2602      120.0000  0.5721E+00  0.5148E+00  0.7647E+00  0.9716E+00  0.1022E+01  0.1026E+01  0.9603E+00  0.8857E+00  0.8565E+00  0.8628E+00  0.8631E+00  0.8586E+00  0.8545E+00  0.8503E+00  0.8447E+00  0.8405E+00  0.8390E+00  0.8357E+00  0.8333E+00  0.8317E+00  0.8340E+00  0.8374E+00  0.8412E+00  0.8435E+00  0.8253E+00  0.6420E+00
     16.3957      130.0000  0.5721E+00  0.5148E+00  0.7647E+00  0.9716E+00  0.1022E+01  0.1026E+01  0.9603E+00  0.8857E+00  0.8565E+00  0.8628E+00  0.8631E+00  0.8586E+00  0.8545E+00  0.8503E+00  0.8447E+00  0.8405E+00  0.8390E+00  0.8357E+00  0.8333E+00  0.8317E+00  0.8340E+00  0.8374E+00  0.8412E+00  0.8435E+00  0.8253E+00  0.6420E+00
     16.5312      140.0000  0.5721E+00  0.5148E+00  0.7647E+00  0.9716E+00  0.1022E+01  0.1026E+01  0.9603E+00  0.8857E+00  0.8565E+00  0.8628E+00  0.8631E+00  0.8586E+00  0.8545E+00  0.8503E+00  0.8447E+00  0.8405E+00  0.8390E+00  0.8357E+00  0.8333E+00  0.8317E+00  0.8340E+00  0.8374E+00  0.8412E+00  0.8435E+00  0.8253E+00  0.6420E+00
     16.6667      150.0000  0.5721E+00  0.5148E+00  0.7647E+00  0.9716E+00  0.1023E+01  0.1026E+01  0.9603E+00  0.8857E+00  0.8565E+00  0.8628E+00  0.8631E+00  0.8586E+00  0.8545E+00  0.8503E+00  0.8447E+00  0.8405E+00  0.8390E+00  0.8357E+00  0.8333E+00  0.8317E+00  0.8340E+00  0.8374E+00  0.8412E+00  0.8435E+00  0.8253E+00  0.6420E+00
     16.8022      160.0000  0.5721E+00  0.5148E+00  0.7647E+00  0.9716E+00  0.1023E+01  0.1026E+01  0.9603E+00  0.8857E+00  0.8565E+00  0.8628E+00  0.8631E+00  0.8586E+00  0.8545E+00  0.8503E+00  0.8447E+00  0.8405E+00  0.8390E+00  0.8357E+00  0.8333E+00  0.8317E+00  0.8340E+00  0.8374E+00  0.8412E+00  0.8435E+00  0.8253E+00  0.6420E+00
     16.9377      170.0000  0.5721E+00  0.5148E+00  0.7647E+00  0.9716E+00  0.1023E+01  0.1026E+01  0.9603E+00  0.8857E+00  0.8565E+00  0.8628E+00  0.8631E+00  0.8586E+00  0.8545E+00  0.8503E+00  0.8447E+00  0.8405E+00  0.8390E+00  0.8357E+00  0.8333E+00  0.8317E+00  0.8340E+00  0.8374E+00  0.8412E+00  0.8435E+00  0.8253E+00  0.6420E+00
     17.0732      180.0000  0.5721E+00  0.5148E+00  0.7646E+00  0.9716E+00  0.1023E+01  0.1026E+01  0.9603E+00  0.8857E+00  0.8565E+00  0.8628E+00  0.8631E+00  0.8586E+00  0.8545E+00  0.8503E+00  0.8447E+00  0.8405E+00  0.8390E+00  0.8356E+00  0.8333E+00  0.8317E+00  0.8340E+00  0.8374E+00  0.8412E+00  0.8435E+00  0.8253E+00  0.6420E+00
     17.2087      190.0000  0.5721E+00  0.5148E+00  0.7646E+00  0.9716E+00  0.1023E+01  0.1026E+01  0.9603E+00  0.8857E+00  0.8565E+00  0.8628E+00  0.8631E+00  0.8586E+00  0.8545E+00  0.8503E+00  0.8447E+00  0.8405E+00  0.8390E+00  0.8356E+00  0.8333E+00  0.8317E+00  0.8340E+00  0.8374E+00  0.8412E+00  0.8435E+00  0.8253E+00  0.6420E+00
     17.3442      200.0000  0.5721E+00  0.5148E+00  0.7646E+00  0.9716E+00  0.1023E+01  0.1026E+01  0.9603E+00  0.8857E+00  0.8565E+00  0.8628E+00  0.8631E+00  0.8586E+00  0.8545E+00  0.8503E+00  0.8447E+00  0.8405E+00  0.8390E+00  0.8357E+00  0.8333E+00  0.8317E+00  0.8340E+00  0.8374E+00  0.8412E+00  0.8435E+00  0.8253E+00  0.6420E+00
     17.4797      210.0000  0.5721E+00  0.5148E+00  0.7646E+00  0.9716E+00  0.1023E+01  0.1026E+01  0.9603E+00  0.8857E+00  0.8565E+00  0.8628E+00  0.8631E+00  0.8586E+00  0.8545E+00  0.8503E+00  0.8447E+00  0.8405E+00  0.8390E+00  0.8357E+00  0.8333E+00  0.8317E+00  0.8340E+00  0.8374E+00  0.8412E+00  0.8435E+00  0.8253E+00  0.6420E+00
     17.6152      220.0000  0.5721E+00  0.5148E+00  0.7646E+00  0.9716E+00  0.1023E+01  0.1026E+01  0.9603E+00  0.8857E+00  0.8565E+00  0.8628E+00  0.8631E+00  0.8586E+00  0.8545E+00  0.8503E+00  0.8447E+00  0.8405E+00  0.8390E+00  0.8357E+00  0.8333E+00  0.8317E+00  0.8340E+00  0.8374E+00  0.8412E+00  0.8435E+00  0.8253E+00  0.6420E+00
     17.7507      230.0000  0.5721E+00  0.5148E+00  0.7646E+00  0.9717E+00  0.1023E+01  0.1026E+01  0.9603E+00  0.8857E+00  0.8565E+00  0.8628E+00  0.8631E+00  0.8586E+00  0.8545E+00  0.8503E+00  0.8447E+00  0.8405E+00  0.8390E+00  0.8357E+00  0.8333E+00  0.8317E+00  0.8340E+00  0.8374E+00  0.8412E+00  0.8435E+00  0.8253E+00  0.6420E+00
     17.8862      240.0000  0.5721E+00  0.5148E+00  0.7646E+00  0.9717E+00  0.1023E+01  0.1026E+01  0.9603E+00  0.8857E+00  0.8565E+00  0.8628E+00  0.8631E+00  0.8586E+00  0.8545E+00  0.8503E+00  0.8447E+00  0.8405E+00  0.8390E+00  0.8357E+00  0.8333E+00  0.8317E+00  0.8340E+00  0.8374E+00  0.8412E+00  0.8435E+00  0.8253E+00  0.6420E+00
     18.0217      250.0000  0.5721E+00  0.5148E+00  0.7646E+00  0.9717E+00  0.1023E+01  0.1026E+01  0.9603E+00  0.8857E+00  0.8565E+00  0.8628E+00  0.8631E+00  0.8586E+00  0.8545E+00  0.8503E+00  0.8447E+00  0.8405E+00  0.8390E+00  0.8357E+00  0.8333E+00  0.8317E+00  0.8340E+00  0.8374E+00  0.8412E+00  0.8435E+00  0.8253E+00  0.6420E+00
     18.1572      260.0000  0.5721E+00  0.5148E+00  0.7645E+00  0.9717E+00  0.1023E+01  0.1026E+01  0.9603E+00  0.8857E+00  0.8565E+00  0.8628E+00  0.8631E+00  0.8586E+00  0.8545E+00  0.8503E+00  0.8447E+00  0.8405E+00  0.8390E+00  0.8357E+00  0.8333E+00  0.8317E+00  0.8340E+00  0.8374E+00  0.8412E+00  0.8435E+00  0.8253E+00  0.6420E+00
     18.2927      270.0000  0.5721E+00  0.5148E+00  0.7645E+00  0.9717E+00  0.1023E+01  0.1026E+01  0.9603E+00  0.8857E+00  0.8565E+00  0.8627E+00  0.8631E+00  0.8586E+00  0.8545E+00  0.8503E+00  0.8447E+00  0.8405E+00  0.8390E+00  0.8356E+00  0.8333E+00  0.8317E+00  0.8340E+00  0.8374E+00  0.8412E+00  0.8435E+00  0.8253E+00  0.6420E+00
     18.4282      280.0000  0.5721E+00  0.5148E+00  0.7645E+00  0.9717E+00  0.1023E+01  0.1026E+01  0.9603E+00  0.8857E+00  0.8565E+00  0.8627E+00  0.8631E+00  0.8586E+00  0.8545E+00  0.8503E+00  0.8447E+00  0.8405E+00  0.8390E+00  0.8356E+00  0.8333E+00  0.8317E+00  0.8340E+00  0.8374E+00  0.8412E+00  0.8435E+00  0.8253E+00  0.6420E+00
     18.5637      290.0000  0.5721E+00  0.5148E+00  0.7645E+00  0.9717E+00  0.1023E+01  0.1026E+01  0.9603E+00  0.8857E+00  0.8565E+00  0.8627E+00  0.8630E+00  0.8586E+00  0.8545E+00  0.8503E+00  0.8447E+00  0.8405E+00  0.8390E+00  0.8356E+00  0.8333E+00  0.8317E+00  0.8340E+00  0.8374E+00  0.8412E+00  0.8435E+00  0.8253E+00  0.6420E+00
     18.6992      300.0000  0.5721E+00  0.5148E+00  0.7645E+00  0.9717E+00  0.1023E+01  0.1026E+01  0.9603E+00  0.8857E+00  0.8565E+00  0.8627E+00  0.8630E+00  0.8586E+00  0.8545E+00  0.8503E+00  0.8447E+00  0.8405E+00  0.8390E+00  0.8357E+00  0.8333E+00  0.8317E+00  0.8340E+00  0.8374E+00  0.8412E+00  0.8435E+00  0.8253E+00  0.6420E+00
     18.8347      310.0000  0.5721E+00  0.5148E+00  0.7645E+00  0.9717E+00  0.1023E+01  0.1026E+01  0.9603E+00  0.8857E+00  0.8565E+00  0.8627E+00  0.8630E+00  0.8586E+00  0.8545E+00  0.8503E+00  0.8447E+00  0.8405E+00  0.8390E+00  0.8357E+00  0.8333E+00  0.8317E+00  0.8340E+00  0.8374E+00  0.8412E+00  0.8435E+00  0.8253E+00  0.6420E+00
     18.9702      320.0000  0.5721E+00  0.5148E+00  0.7645E+00  0.9717E+00  0.1023E+01  0.1026E+01  0.9603E+00  0.8857E+00  0.8565E+00  0.8627E+00  0.8630E+00  0.8586E+00  0.8545E+00  0.8503E+00  0.8447E+00  0.8405E+00  0.8390E+00  0.8357E+00  0.8333E+00  0.8317E+00  0.8340E+00  0.8374E+00  0.8412E+00  0.8435E+00  0.8253E+00  0.6420E+00
     19.1057      330.0000  0.5721E+00  0.5148E+00  0.7645E+00  0.9717E+00  0.1023E+01  0.1026E+01  0.9603E+00  0.8857E+00  0.8565E+00  0.8627E+00  0.8630E+00  0.8586E+00  0.8545E+00  0.8503E+00  0.8447E+00  0.8405E+00  0.8390E+00  0.8357E+00  0.8333E+00  0.8317E+00  0.8340E+00  0.8374E+00  0.8412E+00  0.8435E+00  0.8253E+00  0.6420E+00
     19.2412      340.0000  0.5721E+00  0.5148E+00  0.7644E+00  0.9717E+00  0.1023E+01  0.1026E+01  0.9603E+00  0.8857E+00  0.8565E+00  0.8627E+00  0.8630E+00  0.8586E+00  0.8545E+00  0.8503E+00  0.8447E+00  0.8405E+00  0.8390E+00  0.8357E+00  0.8333E+00  0.8317E+00  0.8340E+00  0.8374E+00  0.8412E+00  0.8435E+00  0.8253E+00  0.6420E+00
     19.3767      350.0000  0.5721E+00  0.5148E+00  0.7644E+00  0.9717E+00  0.1023E+01  0.1026E+01  0.9603E+00  0.8857E+00  0.8565E+00  0.8627E+00  0.8630E+00  0.8586E+00  0.8545E+00  0.8503E+00  0.8447E+00  0.8405E+00  0.8390E+00  0.8357E+00  0.8333E+00  0.8317E+00  0.8340E+00  0.8374E+00  0.8412E+00  0.8435E+00  0.8253E+00  0.6420E+00
     19.5122      360.0000  0.5721E+00  0.5148E+00  0.7644E+00  0.9717E+00  0.1023E+01  0.1026E+01  0.9603E+00  0.8857E+00  0.8565E+00  0.8627E+00  0.8630E+00  0.8586E+00  0.8545E+00  0.8503E+00  0.8447E+00  0.8405E+00  0.8390E+00  0.8356E+00  0.8333E+00  0.8317E+00  0.8340E+00  0.8374E+00  0.8412E+00  0.8435E+00  0.8253E+00  0.6420E+00
     19.6477       10.0000  0.5721E+00  0.5148E+00  0.7644E+00  0.9717E+00  0.1023E+01  0.1026E+01  0.9603E+00  0.8857E+00  0.8565E+00  0.8627E+00  0.8630E+00  0.8586E+00  0.8545E+00  0.8503E+00  0.8447E+00  0.8405E+00  0.8390E+00  0.8356E+00  0.8333E+00  0.8317E+00  0.8340E+00  0.8374E+00  0.8412E+00  0.8435E+00  0.8253E+00  0.6420E+00
     19.7832       20.0000  0.5721E+00  0.5148E+00  0.7644E+00  0.9718E+00  0.1023E+01  0.1026E+01  0.9603E+00  0.8857E+00  0.8565E+00  0.8627E+00  0.8630E+00  0.8586E+00  0.8545E+00  0.8503E+00  0.8447E+00  0.8405E+00  0.8390E+00  0.8356E+00  0.8333E+00  0.8317E+00  0.8340E+00  0.8374E+00  0.8412E+00  0.8435E+00  0.8253E+00  0.6420E+00
     19.9187       30.0000  0.5721E+00  0.5148E+00  0.7644E+00  0.9718E+00  0.1023E+01  0.1026E+01  0.9603E+00  0.8857E+00  0.8565E+00  0.8627E+00  0.8630E+00  0.8586E+00  0.8545E+00  0.8503E+00  0.8447E+00  0.8405E+00  0.8390E+00  0.8356E+00  0.8333E+00  0.8317E+00  0.8340E+00  0.8374E+00  0.8412E+00  0.8435E+00  0.8253E+00  0.6420E+00
     20.0542       40.0000  0.5721E+00  0.5148E+00  0.7644E+00  0.9718E+00  0.1023E+01  0.1026E+01  0.9604E+00  0.8857E+00  0.8565E+00  0.8627E+00  0.8630E+00  0.8586E+00  0.8545E+00  0.8503E+00  0.8447E+00  0.8405E+00  0.8390E+00  0.8357E+00  0.8333E+00  0.8317E+00  0.8340E+00  0.8374E+00  0.8412E+00  0.8435E+00  0.8253E+00  0.6420E+00
     20.1897       50.0000  0.5721E+00  0.5148E+00  0.7644E+00  0.9718E+00  0.1023E+01  0.1026E+01  0.9604E+00  0.8857E+00  0.8565E+00  0.8627E+00  0.8630E+00  0.8586E+00  0.8545E+00  0.8503E+00  0.8447E+00  0.8405E+00  0.8390E+00  0.8357E+00  0.8333E+00  0.8317E+00  0.8340E+00  0.8374E+00  0.8412E+00  0.8435E+00  0.8253E+00  0.6420E+00
     20.3252       60.0000  0.5721E+00  0.5148E+00  0.7644E+00  0.9718E+00  0.1023E+01  0.1026E+01  0.9604E+00  0.8857E+00  0.8565E+00  0.8627E+00  0.8630E+00  0.8586E+00  0.8545E+00  0.8503E+00  0.8447E+00  0.8405E+00  0.8390E+00  0.8357E+00  0.8333E+00  0.8317E+00  0.8340E+00  0.8374E+00  0.8412E+00  0.8435E+00  0.8253E+00  0.6420E+00
     20.4607       70.0000  0.5721E+00  0.5148E+00  0.7644E+00  0.9718E+00  0.1023E+01  0.1026E+01  0.9604E+00  0.8857E+00  0.8565E+00  0.8627E+00  0.8630E+00  0.8586E+00  0.8545E+00  0.8503E+00  0.8447E+00  0.8405E+00  0.8390E+00  0.8357E+00  0.8333E+00  0.8317E+00  0.8340E+00  0.8374E+00  0.8412E+00  0.8435E+00  0.8253E+00  0.6420E+00
     20.5962       80.0000  0.5721E+00  0.5148E+00  0.7643E+00  0.9718E+00  0.1023E+01  0.1026E+01  0.9604E+00  0.8857E+00  0.8565E+00  0.8627E+00  0.8630E+00  0.8586E+00  0.8545E+00  0.8503E+00  0.8447E+00  0.8405E+00  0.8390E+00  0.8357E+00  0.8333E+00  0.8317E+00  0.8340E+00  0.8374E+00  0.8412E+00  0.8435E+00  0.8253E+00  0.6420E+00
     20.7317       90.0000  0.5721E+00  0.5148E+00  0.7643E+00  0.9718E+00  0.1023E+01  0.1026E+01  0.9604E+00  0.8857E+00  0.8565E+00  0.8627E+00  0.8630E+00  0.8586E+00  0.8545E+00  0.8503E+00  0.8447E+00  0.8405E+00  0.8390E+00  0.8356E+00  0.8333E+00  0.8317E+00  0.8340E+00  0.8374E+00  0.8412E+00  0.8435E+00  0.8253E+00  0.6420E+00
     20.8672      100.0000  0.5721E+00  0.5148E+00  0.7643E+00  0.9718E+00  0.1023E+01  0.1026E+01  0.9604E+00  0.8857E+00  0.8565E+00  0.8627E+00  0.8630E+00  0.8586E+00  0.8545E+00  0.8503E+00  0.8447E+00  0.8405E+00  0.8390E+00  0.8356E+00  0.8333E+00  0.8317E+00  0.8340E+00  0.8374E+00  0.8412E+00  0.8435E+00  0.8253E+00  0.6420E+00
     21.0027      110.0000  0.5721E+00  0.5148E+00  0.7643E+00  0.9718E+00  0.1023E+01  0.1026E+01  0.9604E+00  0.8857E+00  0.8565E+00  0.8627E+00  0.8630E+00  0.8586E+00  0.8545E+00  0.8503E+00  0.8447E+00  0.8405E+00  0.8390E+00  0.8356E+00  0.8333E+00  0.8317E+00  0.8340E+00  0.8374E+00  0.8412E+00  0.8435E+00  0.8253E+00  0.6420E+00
     21.1382      120.0000  0.5721E+00  0.5148E+00  0.7643E+00  0.9718E+00  0.1023E+01  0.1026E+01  0.9604E+00  0.8857E+00  0.8565E+00  0.8627E+00  0.8630E+00  0.8586E+00  0.8545E+00  0.8503E+00  0.8447E+00  0.8405E+00  0.8390E+00  0.8356E+00  0.8333E+00  0.8317E+00  0.8340E+00  0.8374E+00  0.8412E+00  0.8435E+00  0.8253E+00  0.6420E+00
     21.2737      130.0000  0.5721E+00  0.5148E+00  0.7643E+00  0.9718E+00  0.1023E+01  0.1026E+01  0.9604E+00  0.8857E+00  0.8565E+00  0.8627E+00  0.8630E+00  0.8586E+00  0.8545E+00  0.8503E+00  0.8447E+00  0.8405E+00  0.8390E+00  0.8357E+00  0.8333E+00  0.8317E+00  0.8340E+00  0.8374E+00  0.8412E+00  0.8435E+00  0.8253E+00  0.6420E+00
     21.4092      140.0000  0.5721E+00  0.5148E+00  0.7643E+00  0.9718E+00  0.1023E+01  0.1026E+01  0.9604E+00  0.8857E+00  0.8565E+00  0.8627E+00  0.8630E+00  0.8586E+00  0.8545E+00  0.8503E+00  0.8447E+00  0.8405E+00  0.8390E+00  0.8357E+00  0.8333E+00  0.8317E+00  0.8340E+00  0.8374E+00  0.8412E+00  0.8435E+00  0.8253E+00  0.6420E+00
     21.5447      150.0000  0.5721E+00  0.5148E+00  0.7643E+00  0.9718E+00  0.1023E+01  0.1026E+01  0.9604E+00  0.8857E+00  0.8565E+00  0.8627E+00  0.8630E+00  0.8586E+00  0.8545E+00  0.8503E+00  0.8447E+00  0.8405E+00  0.8390E+00  0.8357E+00  0.8333E+00  0.8317E+00  0.8340E+00  0.8374E+00  0.8412E+00  0.8435E+00  0.8253E+00  0.6420E+00
     21.6802      160.0000  0.5721E+00  0.5148E+00  0.7643E+00  0.9718E+00  0.1023E+01  0.1026E+01  0.9604E+00  0.8857E+00  0.8565E+00  0.8627E+00  0.8630E+00  0.8586E+00  0.8545E+00  0.8503E+00  0.8447E+00  0.8405E+00  0.8390E+00  0.8357E+00  0.8333E+00  0.8317E+00  0.8340E+00  0.8374E+00  0.8412E+00  0.8435E+00  0.8253E+00  0.6420E+00
     21.8157      170.0000  0.5721E+00  0.5148E+00  0.7643E+00  0.9718E+00  0.1023E+01  0.1026E+01  0.9604E+00  0.8857E+00  0.8565E+00  0.8627E+00  0.8630E+00  0.8586E+00  0.8545E+00  0.8503E+00  0.8447E+00  0.8405E+00  0.8390E+00  0.8357E+00  0.8333E+00  0.8317E+00  0.8340E+00  0.8374E+00  0.8412E+00  0.8435E+00  0.8253E+00  0.6420E+00
     21.9512      180.0000  0.5721E+00  0.5148E+00  0.7642E+00  0.9718E+00  0.1023E+01  0.1026E+01  0.9604E+00  0.8857E+00  0.8565E+00  0.8627E+00  0.8630E+00  0.8586E+00  0.8545E+00  0.8503E+00  0.8447E+00  0.8405E+00  0.8390E+00  0.8356E+00  0.8333E+00  0.8317E+00  0.8340E+00  0.8374E+00  0.8412E+00  0.8435E+00  0.8253E+00  0.6420E+00
     22.0867      190.0000  0.5721E+00  0.5148E+00  0.7643E+00  0.9718E+00  0.1023E+01  0.1026E+01  0.9604E+00  0.8857E+00  0.8565E+00  0.8627E+00  0.8630E+00  0.8586E+00  0.8545E+00  0.8503E+00  0.8447E+00  0.8405E+00  0.8390E+00  0.8356E+00  0.8333E+00  0.8317E+00  0.8340E+00  0.8374E+00  0.8412E+00  0.8435E+00  0.8253E+00  0.6420E+00
     22.2222      200.0000  0.5721E+00  0.5148E+00  0.7642E+00  0.9718E+00  0.1023E+01  0.1026E+01  0.9604E+00  0.8857E+00  0.8565E+00  0.8627E+00  0.8630E+00  0.8586E+00  0.8545E+00  0.8503E+00  0.8447E+00  0.8405E+00  0.8390E+00  0.8356E+00  0.8333E+00  0.8317E+00  0.8340E+00  0.8374E+00  0.8412E+00  0.8435E+00  0.8253E+00  0.6420E+00
     22.3577      210.0000  0.5721E+00  0.5148E+00  0.7642E+00  0.9718E+00  0.1023E+01  0.1026E+01  0.9604E+00  0.8857E+00  0.8565E+00  0.8627E+00  0.8630E+00  0.8586E+00  0.8545E+00  0.8503E+00  0.8447E+00  0.8405E+00  0.8390E+00  0.8356E+00  0.8333E+00  0.8317E+00  0.8340E+00  0.8374E+00  0.8412E+00  0.8435E+00  0.8253E+00  0.6420E+00
     22.4932      220.0000  0.5721E+00  0.5148E+00  0.7642E+00  0.9719E+00  0.1023E+01  0.1026E+01  0.9604E+00  0.8857E+00  0.8565E+00  0.8627E+00  0.8630E+00  0.8586E+00  0.8545E+00  0.8503E+00  0.8447E+00  0.8405E+00  0.8390E+00  0.8356E+00  0.8333E+00  0.8317E+00  0.8340E+00  0.8374E+00  0.8412E+00  0.8435E+00  0.8253E+00  0.6420E+00
     22.6287      230.0000  0.5721E+00  0.5148E+00  0.7642E+00  0.9719E+00  0.1023E+01  0.1026E+01  0.9604E+00  0.8857E+00  0.8565E+00  0.8627E+00  0.8630E+00  0.8586E+00  0.8545E+00  0.8503E+00  0.8447E+00  0.8405E+00  0.8390E+00  0.8357E+00  0.8333E+00  0.8317E+00  0.8340E+00  0.8374E+00  0.8412E+00  0.8435E+00  0.8253E+00  0.6420E+00
     22.7642      240.0000  0.5721E+00  0.5148E+00  0.7642E+00  0.9719E+00  0.1023E+01  0.1026E+01  0.9604E+00  0.8857E+00  0.8565E+00  0.8627E+00  0.8630E+00  0.8586E+00  0.8545E+00  0.8503E+00  0.8447E+00  0.8405E+00  0.8390E+00  0.8357E+00  0.8333E+00  0.8317E+00  0.8340E+00  0.8374E+00  0.8412E+00  0.8435E+00  0.8253E+00  0.6420E+00
     22.8997      250.0000  0.5721E+00  0.5148E+00  0.7642E+00  0.9719E+00  0.1023E+01  0.1026E+01  0.9604E+00  0.8857E+00  0.8565E+00  0.8627E+00  0.8630E+00  0.8586E+00  0.8545E+00  0.8503E+00  0.8447E+00  0.8405E+00  0.8390E+00  0.8357E+00  0.8333E+00  0.8317E+00  0.8340E+00  0.8374E+00  0.8412E+00  0.8435E+00  0.8253E+00  0.6420E+00
     23.0352      260.0000  0.5721E+00  0.5148E+00  0.7642E+00  0.9719E+00  0.1023E+01  0.1026E+01  0.9604E+00  0.8857E+00  0.8565E+00  0.8627E+00  0.8630E+00  0.8586E+00  0.8545E+00  0.8503E+00  0.8447E+00  0.8405E+00  0.8390E+00  0.8357E+00  0.8333E+00  0.8317E+00  0.8340E+00  0.8374E+00  0.8412E+00  0.8435E+00  0.8253E+00  0.6420E+00
     23.1707      270.0000  0.5721E+00  0.5148E+00  0.7642E+00  0.9719E+00  0.1023E+01  0.1026E+01  0.9604E+00  0.8857E+00  0.8565E+00  0.8627E+00  0.8630E+00  0.8586E+00  0.8545E+00  0.8503E+00  0.8447E+00  0.8405E+00  0.8390E+00  0.8356E+00  0.8333E+00  0.8317E+00  0.8340E+00  0.8374E+00  0.8412E+00  0.8435E+00  0.8253E+00  0.6420E+00
     23.3062      280.0000  0.5721E+00  0.5148E+00  0.7642E+00  0.9719E+00  0.1023E+01  0.1026E+01  0.9604E+00  0.8857E+00  0.8565E+00  0.8627E+00  0.8630E+00  0.8586E+00  0.8545E+00  0.8503E+00  0.8447E+00  0.8405E+00  0.8390E+00  0.8356E+00  0.8333E+00  0.8317E+00  0.8340E+00  0.8374E+00  0.8412E+00  0.8435E+00  0.8253E+00  0.6420E+00
     23.4417      290.0000  0.5721E+00  0.5148E+00  0.7642E+00  0.9719E+00  0.1023E+01  0.1026E+01  0.9604E+00  0.8857E+00  0.8565E+00  0.8627E+00  0.8630E+00  0.8586E+00  0.8545E+00  0.8503E+00  0.8447E+00  0.8405E+00  0.8390E+00  0.8356E+00  0.8333E+00  0.8317E+00  0.8340E+00  0.8374E+00  0.8412E+00  0.8435E+00  0.8253E+00  0.6420E+00
     23.5772      300.0000  0.5721E+00  0.5148E+00  0.7642E+00  0.9719E+00  0.1023E+01  0.1026E+01  0.9604E+00  0.8857E+00  0.8565E+00  0.8627E+00  0.8630E+00  0.8586E+00  0.8545E+00  0.8503E+00  0.8447E+00  0.8405E+00  0.8390E+00  0.8356E+00  0.8333E+00  0.8317E+00  0.8340E+00  0.8374E+00  0.8412E+00  0.8435E+00  0.8253E+00  0.6420E+00
     23.7127      310.0000  0.5721E+00  0.5148E+00  0.7642E+00  0.9719E+00  0.1023E+01  0.1026E+01  0.9604E+00  0.8857E+00  0.8564E+00  0.8627E+00  0.8630E+00  0.8586E+00  0.8545E+00  0.8503E+00  0.8447E+00  0.8405E+00  0.8390E+00  0.8356E+00  0.8333E+00  0.8317E+00  0.8340E+00  0.8374E+00  0.8412E+00  0.8435E+00  0.8253E+00  0.6420E+00
     23.8482      320.0000  0.5721E+00  0.5148E+00  0.7642E+00  0.9719E+00  0.1023E+01  0.1026E+01  0.9604E+00  0.8857E+00  0.8564E+00  0.8627E+00  0.8630E+00  0.8586E+00  0.8545E+00  0.8503E+00  0.8447E+00  0.8405E+00  0.8390E+00  0.8357E+00  0.8333E+00  0.8317E+00  0.8340E+00  0.8374E+00  0.8412E+00  0.8435E+00  0.8253E+00  0.6420E+00
     23.9837      330.0000  0.5721E+00  0.5148E+00  0.7642E+00  0.9719E+00  0.1023E+01  0.1026E+01  0.9604E+00  0.8857E+00  0.8564E+00  0.8627E+00  0.8630E+00  0.8586E+00  0.8545E+00  0.8503E+00  0.8447E+00  0.8405E+00  0.8390E+00  0.8357E+00  0.8333E+00  0.8317E+00  0.8340E+00  0.8374E+00  0.8412E+00  0.8435E+00  0.8253E+00  0.6420E+00
     24.1192      340.0000  0.5721E+00  0.5148E+00  0.7641E+00  0.9719E+00  0.1023E+01  0.1026E+01  0.9604E+00  0.8857E+00  0.8564E+00  0.8627E+00  0.8630E+00  0.8586E+00  0.8545E+00  0.8503E+00  0.8447E+00  0.8405E+00  0.8390E+00  0.8357E+00  0.8333E+00  0.8317E+00  0.8340E+00  0.8374E+00  0.8412E+00  0.8435E+00  0.8253E+00  0.6420E+00
     24.2547      350.0000  0.5721E+00  0.5148E+00  0.7641E+00  0.9719E+00  0.1023E+01  0.1026E+01  0.9604E+00  0.8857E+00  0.8564E+00  0.8627E+00  0.8630E+00  0.8586E+00  0.8545E+00  0.8503E+00  0.8447E+00  0.8405E+00  0.8390E+00  0.8356E+00  0.8333E+00  0.8317E+00  0.8340E+00  0.8374E+00  0.8412E+00  0.8435E+00  0.8253E+00  0.6420E+00
     24.3902      360.0000  0.5721E+00  0.5148E+00  0.7641E+00  0.9719E+00  0.1023E+01  0.1026E+01  0.9604E+00  0.8857E+00  0.8564E+00  0.8627E+00  0.8630E+00  0.8586E+00  0.8545E+00  0.8503E+00  0.8447E+00  0.8405E+00  0.8390E+00  0.8356E+00  0.8333E+00  0.8317E+00  0.8340E+00  0.8374E+00  0.8412E+00  0.8435E+00  0.8253E+00  0.6420E+00
     24.5257       10.0000  0.5721E+00  0.5148E+00  0.7641E+00  0.9719E+00  0.1023E+01  0.1026E+01  0.9604E+00  0.8857E+00  0.8564E+00  0.8627E+00  0.8630E+00  0.8586E+00  0.8545E+00  0.8503E+00  0.8447E+00  0.8405E+00  0.8390E+00  0.8356E+00  0.8333E+00  0.8317E+00  0.8340E+00  0.8374E+00  0.8412E+00  0.8435E+00  0.8253E+00  0.6420E+00
     24.6612       20.0000  0.5721E+00  0.5148E+00  0.7641E+00  0.9719E+00  0.1023E+01  0.1026E+01  0.9604E+00  0.8857E+00  0.8564E+00  0.8627E+00  0.8630E+00  0.8586E+00  0.8545E+00  0.8503E+00  0.8447E+00  0.8405E+00  0.8390E+00  0.8356E+00  0.8333E+00  0.8317E+00  0.8340E+00  0.8374E+00  0.8412E+00  0.8435E+00  0.8253E+00  0.6420E+00
     24.7967       30.0000  0.5721E+00  0.5148E+00  0.7641E+00  0.9719E+00  0.1023E+01  0.1026E+01  0.9604E+00  0.8857E+00  0.8564E+00  0.8627E+00  0.8630E+00  0.8586E+00  0.8545E+00  0.8503E+00  0.8447E+00  0.8405E+00  0.8390E+00  0.8356E+00  0.8333E+00  0.8317E+00  0.8340E+00  0.8374E+00  0.8412E+00  0.8435E+00  0.8253E+00  0.6420E+00
     24.9322       40.0000  0.5721E+00  0.5148E+00  0.7641E+00  0.9719E+00  0.1023E+01  0.1026E+01  0.9604E+00  0.8857E+00  0.8564E+00  0.8627E+00  0.8630E+00  0.8586E+00  0.8545E+00  0.8503E+00  0.8447E+00  0.8405E+00  0.8390E+00  0.8356E+00  0.8333E+00  0.8317E+00  0.8340E+00  0.8374E+00  0.8412E+00  0.8435E+00  0.8253E+00  0.6420E+00
     25.0678       50.0000  0.5721E+00  0.5148E+00  0.7641E+00  0.9719E+00  0.1023E+01  0.1026E+01  0.9604E+00  0.8857E+00  0.8564E+00  0.8627E+00  0.8630E+00  0.8585E+00  0.8545E+00  0.8503E+00  0.8447E+00  0.8405E+00  0.8390E+00  0.8356E+00  0.8333E+00  0.8317E+00  0.8340E+00  0.8374E+00  0.8412E+00  0.8435E+00  0.8253E+00  0.6420E+00
     25.2033       60.0000  0.5721E+00  0.5148E+00  0.7641E+00  0.9719E+00  0.1023E+01  0.1026E+01  0.9604E+00  0.8857E+00  0.8564E+00  0.8627E+00  0.8630E+00  0.8585E+00  0.8545E+00  0.8503E+00  0.8447E+00  0.8405E+00  0.8390E+00  0.8357E+00  0.8333E+00  0.8317E+00  0.8340E+00  0.8374E+00  0.8412E+00  0.8435E+00  0.8253E+00  0.6420E+00
     25.3388       70.0000  0.5721E+00  0.5148E+00  0.7641E+00  0.9719E+00  0.1023E+01  0.1026E+01  0.9604E+00  0.8857E+00  0.8564E+00  0.8627E+00  0.8630E+00  0.8585E+00  0.8545E+00  0.8503E+00  0.8447E+00  0.8405E+00  0.8390E+00  0.8357E+00  0.8333E+00  0.8317E+00  0.8340E+00  0.8374E+00  0.8412E+00  0.8435E+00  0.8253E+00  0.6420E+00
     25.4743       80.0000  0.5721E+00  0.5148E+00  0.7641E+00  0.9719E+00  0.1023E+01  0.1026E+01  0.9604E+00  0.8857E+00  0.8564E+00  0.8627E+00  0.8630E+00  0.8585E+00  0.8545E+00  0.8503E+00  0.8447E+00  0.8405E+00  0.8390E+00  0.8356E+00  0.8333E+00  0.8317E+00  0.8340E+00  0.8374E+00  0.8412E+00  0.8435E+00  0.8253E+00  0.6420E+00
     25.6098       90.0000  0.5721E+00  0.5148E+00  0.7641E+00  0.9719E+00  0.1023E+01  0.1026E+01  0.9604E+00  0.8857E+00  0.8564E+00  0.8627E+00  0.8630E+00  0.8585E+00  0.8545E+00  0.8503E+00  0.8447E+00  0.8405E+00  0.8390E+00  0.8356E+00  0.8333E+00  0.8317E+00  0.8340E+00  0.8374E+00  0.8412E+00  0.8435E+00  0.8253E+00  0.6420E+00
     25.7453      100.0000  0.5721E+00  0.5148E+00  0.7641E+00  0.9719E+00  0.1023E+01  0.1026E+01  0.9604E+00  0.8857E+00  0.8564E+00  0.8627E+00  0.8630E+00  0.8585E+00  0.8545E+00  0.8503E+00  0.8447E+00  0.8405E+00  0.8390E+00  0.8356E+00  0.8333E+00  0.8317E+00  0.8340E+00  0.8374E+00  0.8412E+00  0.8435E+00  0.8253E+00  0.6420E+00
     25.8808      110.0000  0.5721E+00  0.5148E+00  0.7641E+00  0.9719E+00  0.1023E+01  0.1026E+01  0.9604E+00  0.8857E+00  0.8564E+00  0.8627E+00  0.8630E+00  0.8585E+00  0.8545E+00  0.8503E+00  0.8447E+00  0.8405E+00  0.8390E+00  0.8356E+00  0.8333E+00  0.8317E+00  0.8340E+00  0.8374E+00  0.8412E+00  0.8435E+00  0.8253E+00  0.6420E+00
     26.0163      120.0000  0.5721E+00  0.5148E+00  0.7641E+00  0.9719E+00  0.1023E+01  0.1026E+01  0.9604E+00  0.8857E+00  0.8564E+00  0.8627E+00  0.8630E+00  0.8585E+00  0.8545E+00  0.8503E+00  0.8447E+00  0.8405E+00  0.8390E+00  0.8356E+00  0.8333E+00  0.8317E+00  0.8340E+00  0.8374E+00  0.8412E+00  0.8435E+00  0.8253E+00  0.6420E+00
     26.1518      130.0000  0.5721E+00  0.5148E+00  0.7641E+00  0.9719E+00  0.1023E+01  0.1026E+01  0.9604E+00  0.8857E+00  0.8564E+00  0.8627E+00  0.8630E+00  0.8585E+00  0.8545E+00  0.8503E+00  0.8447E+00  0.8405E+00  0.8390E+00  0.8356E+00  0.8333E+00  0.8317E+00  0.8340E+00  0.8374E+00  0.8412E+00  0.8435E+00  0.8253E+00  0.6420E+00
     26.2873      140.0000  0.5721E+00  0.5148E+00  0.7641E+00  0.9719E+00  0.1023E+01  0.1026E+01  0.9604E+00  0.8857E+00  0.8564E+00  0.8627E+00  0.8630E+00  0.8585E+00  0.8545E+00  0.8503E+00  0.8447E+00  0.8405E+00  0.8390E+00  0.8356E+00  0.8333E+00  0.8317E+00  0.8340E+00  0.8374E+00  0.8412E+00  0.8435E+00  0.8253E+00  0.6420E+00
     26.4228      150.0000  0.5721E+00  0.5148E+00  0.7641E+00  0.9719E+00  0.1023E+01  0.1026E+01  0.9604E+00  0.8857E+00  0.8564E+00  0.8627E+00  0.8630E+00  0.8585E+00  0.8545E+00  0.8503E+00  0.8447E+00  0.8405E+00  0.8390E+00  0.8356E+00  0.8333E+00  0.8317E+00  0.8340E+00  0.8374E+00  0.8412E+00  0.8435E+00  0.8253E+00  0.6420E+00
     26.5583      160.0000  0.5721E+00  0.5148E+00  0.7641E+00  0.9719E+00  0.1023E+01  0.1026E+01  0.9604E+00  0.8857E+00  0.8564E+00  0.8627E+00  0.8630E+00  0.8585E+00  0.8545E+00  0.8503E+00  0.8447E+00  0.8405E+00  0.8390E+00  0.8356E+00  0.8333E+00  0.8317E+00  0.8340E+00  0.8374E+00  0.8412E+00  0.8435E+00  0.8253E+00  0.6420E+00
     26.6938      170.0000  0.5721E+00  0.5148E+00  0.7640E+00  0.9720E+00  0.1023E+01  0.1026E+01  0.9604E+00  0.8857E+00  0.8564E+00  0.8627E+00  0.8630E+00  0.8585E+00  0.8545E+00  0.8503E+00  0.8447E+00  0.8405E+00  0.8390E+00  0.8356E+00  0.8333E+00  0.8317E+00  0.8340E+00  0.8374E+00  0.8412E+00  0.8435E+00  0.8253E+00  0.6420E+00
     26.8293      180.0000  0.5721E+00  0.5148E+00  0.7640E+00  0.9720E+00  0.1023E+01  0.1026E+01  0.9604E+00  0.8857E+00  0.8564E+00  0.8627E+00  0.8630E+00  0.8585E+00  0.8545E+00  0.8503E+00  0.8447E+00  0.8405E+00  0.8390E+00  0.8356E+00  0.8333E+00  0.8317E+00  0.8340E+00  0.8374E+00  0.8412E+00  0.8435E+00  0.8253E+00  0.6420E+00
     26.9648      190.0000  0.5721E+00  0.5148E+00  0.7640E+00  0.9720E+00  0.1023E+01  0.1026E+01  0.9604E+00  0.8857E+00  0.8564E+00  0.8627E+00  0.8630E+00  0.8585E+00  0.8545E+00  0.8503E+00  0.8447E+00  0.8405E+00  0.8390E+00  0.8356E+00  0.8333E+00  0.8317E+00  0.8340E+00  0.8374E+00  0.8412E+00  0.8435E+00  0.8253E+00  0.6420E+00
     27.1003      200.0000  0.5721E+00  0.5148E+00  0.7640E+00  0.9720E+00  0.1023E+01  0.1026E+01  0.9604E+00  0.8857E+00  0.8564E+00  0.8627E+00  0.8630E+00  0.8585E+00  0.8545E+00  0.8503E+00  0.8447E+00  0.8405E+00  0.8390E+00  0.8356E+00  0.8333E+00  0.8317E+00  0.8340E+00  0.8374E+00  0.8412E+00  0.8435E+00  0.8253E+00  0.6420E+00
     27.2358      210.0000  0.5721E+00  0.5148E+00  0.7640E+00  0.9720E+00  0.1023E+01  0.1026E+01  0.9604E+00  0.8857E+00  0.8564E+00  0.8627E+00  0.8630E+00  0.8585E+00  0.8545E+00  0.8503E+00  0.8447E+00  0.8405E+00  0.8390E+00  0.8356E+00  0.8333E+00  0.8317E+00  0.8340E+00  0.8374E+00  0.8412E+00  0.8435E+00  0.8253E+00  0.6420E+00
     27.3713      220.0000  0.5721E+00  0.5148E+00  0.7640E+00  0.9720E+00  0.1023E+01  0.1026E+01  0.9604E+00  0.8857E+00  0.8564E+00  0.8627E+00  0.8630E+00  0.8585E+00  0.8545E+00  0.8503E+00  0.8447E+00  0.8405E+00  0.8390E+00  0.8356E+00  0.8333E+00  0.8317E+00  0.8340E+00  0.8374E+00  0.8412E+00  0.8435E+00  0.8253E+00  0.6420E+00
     27.5068      230.0000  0.5721E+00  0.5148E+00  0.7640E+00  0.9720E+00  0.1023E+01  0.1026E+01  0.9604E+00  0.8857E+00  0.8564E+00  0.8627E+00  0.8630E+00  0.8585E+00  0.8545E+00  0.8503E+00  0.8447E+00  0.8405E+00  0.8390E+00  0.8356E+00  0.8333E+00  0.8317E+00  0.8340E+00  0.8374E+00  0.8412E+00  0.8435E+00  0.8253E+00  0.6420E+00
     27.6423      240.0000  0.5721E+00  0.5148E+00  0.7640E+00  0.9720E+00  0.1023E+01  0.1026E+01  0.9604E+00  0.8857E+00  0.8564E+00  0.8627E+00  0.8630E+00  0.8585E+00  0.8545E+00  0.8503E+00  0.8447E+00  0.8405E+00  0.8390E+00  0.8356E+00  0.8333E+00  0.8317E+00  0.8340E+00  0.8374E+00  0.8412E+00  0.8435E+00  0.8253E+00  0.6420E+00
     27.7778      250.0000  0.5721E+00  0.5148E+00  0.7640E+00  0.9720E+00  0.1023E+01  0.1026E+01  0.9604E+00  0.8857E+00  0.8564E+00  0.8627E+00  0.8630E+00  0.8585E+00  0.8545E+00  0.8503E+00  0.8447E+00  0.8405E+00  0.8390E+00  0.8356E+00  0.8333E+00  0.8317E+00  0.8340E+00  0.8374E+00  0.8412E+00  0.8435E+00  0.8253E+00  0.6420E+00
     27.9133      260.0000  0.5721E+00  0.5148E+00  0.7640E+00  0.9720E+00  0.1023E+01  0.1026E+01  0.9604E+00  0.8857E+00  0.8564E+00  0.8627E+00  0.8630E+00  0.8585E+00  0.8545E+00  0.8503E+00  0.8447E+00  0.8405E+00  0.8390E+00  0.8356E+00  0.8333E+00  0.8317E+00  0.8340E+00  0.8374E+00  0.8412E+00  0.8435E+00  0.8253E+00  0.6420E+00
     28.0488      270.0000  0.5721E+00  0.5148E+00  0.7640E+00  0.9720E+00  0.1023E+01  0.1026E+01  0.9604E+00  0.8857E+00  0.8564E+00  0.8627E+00  0.8630E+00  0.8585E+00  0.8545E+00  0.8503E+00  0.8447E+00  0.8405E+00  0.8390E+00  0.8356E+00  0.8333E+00  0.8317E+00  0.8340E+00  0.8374E+00  0.8412E+00  0.8435E+00  0.8253E+00  0.6420E+00
     28.1843      280.0000  0.5721E+00  0.5148E+00  0.7640E+00  0.9720E+00  0.1023E+01  0.1026E+01  0.9604E+00  0.8857E+00  0.8564E+00  0.8627E+00  0.8630E+00  0.8585E+00  0.8545E+00  0.8503E+00  0.8447E+00  0.8405E+00  0.8390E+00  0.8356E+00  0.8333E+00  0.8317E+00  0.8340E+00  0.8374E+00  0.8412E+00  0.8435E+00  0.8253E+00  0.6420E+00
     28.3198      290.0000  0.5721E+00  0.5148E+00  0.7640E+00  0.9720E+00  0.1023E+01  0.1026E+01  0.9604E+00  0.8857E+00  0.8564E+00  0.8627E+00  0.8630E+00  0.8585E+00  0.8545E+00  0.8503E+00  0.8447E+00  0.8405E+00  0.8390E+00  0.8356E+00  0.8333E+00  0.8317E+00  0.8340E+00  0.8374E+00  0.8412E+00  0.8435E+00  0.8253E+00  0.6420E+00
     28.4553      300.0000  0.5721E+00  0.5148E+00  0.7640E+00  0.9720E+00  0.1023E+01  0.1026E+01  0.9604E+00  0.8857E+00  0.8564E+00  0.8627E+00  0.8630E+00  0.8585E+00  0.8545E+00  0.8503E+00  0.8447E+00  0.8405E+00  0.8390E+00  0.8356E+00  0.8333E+00  0.8317E+00  0.8340E+00  0.8374E+00  0.8412E+00  0.8435E+00  0.8253E+00  0.6420E+00
     28.5908      310.0000  0.5721E+00  0.5148E+00  0.7640E+00  0.9720E+00  0.1023E+01  0.1026E+01  0.9604E+00  0.8857E+00  0.8564E+00  0.8627E+00  0.8630E+00  0.8585E+00  0.8545E+00  0.8503E+00  0.8447E+00  0.8405E+00  0.8390E+00  0.8356E+00  0.8333E+00  0.8317E+00  0.8340E+00  0.8374E+00  0.8412E+00  0.8435E+00  0.8253E+00  0.6420E+00
     28.7263      320.0000  0.5721E+00  0.5148E+00  0.7640E+00  0.9720E+00  0.1023E+01  0.1026E+01  0.9605E+00  0.8857E+00  0.8564E+00  0.8627E+00  0.8630E+00  0.8585E+00  0.8545E+00  0.8503E+00  0.8447E+00  0.8405E+00  0.8390E+00  0.8356E+00  0.8333E+00  0.8317E+00  0.8340E+00  0.8374E+00  0.8412E+00  0.8435E+00  0.8253E+00  0.6420E+00
     28.8618      330.0000  0.5721E+00  0.5148E+00  0.7640E+00  0.9720E+00  0.1023E+01  0.1026E+01  0.9605E+00  0.8857E+00  0.8564E+00  0.8627E+00  0.8630E+00  0.8585E+00  0.8545E+00  0.8503E+00  0.8447E+00  0.8405E+00  0.8390E+00  0.8356E+00  0.8333E+00  0.8317E+00  0.8340E+00  0.8374E+00  0.8412E+00  0.8435E+00  0.8253E+00  0.6420E+00
     28.9973      340.0000  0.5721E+00  0.5148E+00  0.7640E+00  0.9720E+00  0.1023E+01  0.1026E+01  0.9605E+00  0.8857E+00  0.8564E+00  0.8627E+00  0.8630E+00  0.8585E+00  0.8545E+00  0.8503E+00  0.8447E+00  0.8405E+00  0.8390E+00  0.8356E+00  0.8333E+00  0.8317E+00  0.8340E+00  0.8374E+00  0.8412E+00  0.8435E+00  0.8253E+00  0.6420E+00
     29.1328      350.0000  0.5721E+00  0.5148E+00  0.7640E+00  0.9720E+00  0.1023E+01  0.1026E+01  0.9605E+00  0.8857E+00  0.8564E+00  0.8627E+00  0.8630E+00  0.8585E+00  0.8545E+00  0.8503E+00  0.8447E+00  0.8405E+00  0.8390E+00  0.8356E+00  0.8333E+00  0.8317E+00  0.8340E+00  0.8374E+00  0.8412E+00  0.8435E+00  0.8253E+00  0.6420E+00
     29.2683      360.0000  0.5721E+00  0.5148E+00  0.7640E+00  0.9720E+00  0.1023E+01  0.1026E+01  0.9605E+00  0.8857E+00  0.8564E+00  0.8627E+00  0.8630E+00  0.8585E+00  0.8545E+00  0.8503E+00  0.8447E+00  0.8405E+00  0.8390E+00  0.8356E+00  0.8333E+00  0.8317E+00  0.8340E+00  0.8374E+00  0.8412E+00  0.8435E+00  0.8253E+00  0.6420E+00
     29.4038       10.0000  0.5721E+00  0.5148E+00  0.7640E+00  0.9720E+00  0.1023E+01  0.1026E+01  0.9605E+00  0.8857E+00  0.8564E+00  0.8627E+00  0.8630E+00  0.8585E+00  0.8545E+00  0.8503E+00  0.8447E+00  0.8405E+00  0.8390E+00  0.8356E+00  0.8333E+00  0.8317E+00  0.8340E+00  0.8374E+00  0.8412E+00  0.8435E+00  0.8253E+00  0.6420E+00
     29.5393       20.0000  0.5721E+00  0.5148E+00  0.7640E+00  0.9720E+00  0.1023E+01  0.1026E+01  0.9605E+00  0.8857E+00  0.8564E+00  0.8627E+00  0.8630E+00  0.8585E+00  0.8545E+00  0.8503E+00  0.8447E+00  0.8405E+00  0.8390E+00  0.8356E+00  0.8333E+00  0.8317E+00  0.8340E+00  0.8374E+00  0.8412E+00  0.8435E+00  0.8253E+00  0.6420E+00
     29.6748       30.0000  0.5721E+00  0.5148E+00  0.7640E+00  0.9720E+00  0.1023E+01  0.1026E+01  0.9605E+00  0.8857E+00  0.8564E+00  0.8627E+00  0.8630E+00  0.8585E+00  0.8545E+00  0.8503E+00  0.8447E+00  0.8405E+00  0.8390E+00  0.8356E+00  0.8333E+00  0.8317E+00  0.8340E+00  0.8374E+00  0.8412E+00  0.8435E+00  0.8253E+00  0.6420E+00
     29.8103       40.0000  0.5721E+00  0.5148E+00  0.7640E+00  0.9720E+00  0.1023E+01  0.1026E+01  0.9605E+00  0.8857E+00  0.8564E+00  0.8627E+00  0.8630E+00  0.8585E+00  0.8545E+00  0.8503E+00  0.8447E+00  0.8405E+00  0.8390E+00  0.8356E+00  0.8333E+00  0.8317E+00  0.8340E+00  0.8374E+00  0.8412E+00  0.8435E+00  0.8253E+00  0.6420E+00
     29.9458       50.0000  0.5721E+00  0.5148E+00  0.7640E+00  0.9720E+00  0.1023E+01  0.1026E+01  0.9605E+00  0.8857E+00  0.8564E+00  0.8627E+00  0.8630E+00  0.8585E+00  0.8545E+00  0.8503E+00  0.8447E+00  0.8405E+00  0.8390E+00  0.8356E+00  0.8333E+00  0.8317E+00  0.8340E+00  0.8374E+00  0.8412E+00  0.8435E+00  0.8253E+00  0.6420E+00
