Time history of radial distribution for BEM variable: vTowCorC14y[m/s] for blade 1
                          rCurvi[m] (curvilinear radial distance)
                                0.7893      2.3680      3.9466      5.5253      7.1039      8.6826     10.2612     11.8399     13.4185     14.9971     16.5758     18.1544     19.7331     21.3117     22.8904     24.4690     26.0477     27.6263     29.2050     30.7836     32.3623     33.9409     35.5196     37.0982     38.2822     39.0715
                          zB[m] (radial coordinate along blade axis)
     time[s]  azimuth[deg]      0.1832      1.7542      3.3285      4.9054      6.4835      8.0620      9.6414     11.2243     12.8081     14.3900     15.9679     17.5463     19.1248     20.7032     22.2813     23.8591     25.4364     27.0129     28.5887     30.1635     31.7374     33.3104     34.8826     36.4547     37.6320     38.4137
      0.0000        0.0000 -0.1150E-09 -0.2855E-10  0.2782E-10  0.3953E-10  0.3410E-10  0.2794E-10  0.2213E-10  0.1721E-10  0.1301E-10  0.9680E-11  0.7309E-11  0.5666E-11  0.4470E-11  0.3577E-11  0.2896E-11  0.2366E-11  0.1943E-11  0.1603E-11  0.1328E-11  0.1103E-11  0.9107E-12  0.7418E-12  0.5877E-12  0.4456E-12  0.3975E-12  0.6331E-12
      0.1355       10.0000  0.1130E-11  0.2194E-10  0.5084E-10  0.5087E-10  0.4030E-10  0.3153E-10  0.2443E-10  0.1879E-10  0.1412E-10  0.1046E-10  0.7875E-11  0.6098E-11  0.4813E-11  0.3859E-11  0.3133E-11  0.2567E-11  0.2114E-11  0.1749E-11  0.1455E-11  0.1215E-11  0.1013E-11  0.8363E-12  0.6794E-12  0.5387E-12  0.4989E-12  0.7461E-12
      0.2710       20.0000  0.1276E-09  0.7629E-10  0.7526E-10  0.6267E-10  0.4676E-10  0.3532E-10  0.2690E-10  0.2051E-10  0.1532E-10  0.1129E-10  0.8463E-11  0.6542E-11  0.5163E-11  0.4144E-11  0.3373E-11  0.2769E-11  0.2285E-11  0.1894E-11  0.1580E-11  0.1326E-11  0.1113E-11  0.9295E-12  0.7709E-12  0.6336E-12  0.6061E-12  0.8738E-12
      0.4065       30.0000  0.2674E-09  0.1372E-09  0.1025E-09  0.7582E-10  0.5400E-10  0.3958E-10  0.2971E-10  0.2247E-10  0.1668E-10  0.1221E-10  0.9109E-11  0.7023E-11  0.5539E-11  0.4449E-11  0.3628E-11  0.2984E-11  0.2464E-11  0.2045E-11  0.1710E-11  0.1441E-11  0.1217E-11  0.1027E-11  0.8678E-12  0.7359E-12  0.7257E-12  0.1024E-11
      0.5420       40.0000  0.4234E-09  0.2080E-09  0.1343E-09  0.9117E-10  0.6248E-10  0.4461E-10  0.3304E-10  0.2481E-10  0.1829E-10  0.1328E-10  0.9850E-11  0.7568E-11  0.5962E-11  0.4791E-11  0.3913E-11  0.3223E-11  0.2664E-11  0.2211E-11  0.1853E-11  0.1567E-11  0.1332E-11  0.1135E-11  0.9763E-12  0.8527E-12  0.8661E-12  0.1208E-11
      0.6775       50.0000  0.5977E-09  0.2924E-09  0.1728E-09  0.1098E-09  0.7282E-10  0.5076E-10  0.3715E-10  0.2769E-10  0.2026E-10  0.1458E-10  0.1074E-10  0.8215E-11  0.6460E-11  0.5193E-11  0.4247E-11  0.3503E-11  0.2897E-11  0.2405E-11  0.2018E-11  0.1714E-11  0.1465E-11  0.1261E-11  0.1105E-11  0.9935E-12  0.1039E-11  0.1441E-11
      0.8130       60.0000  0.7911E-09  0.3953E-09  0.2211E-09  0.1334E-09  0.8593E-10  0.5858E-10  0.4239E-10  0.3138E-10  0.2278E-10  0.1622E-10  0.1184E-10  0.9018E-11  0.7075E-11  0.5688E-11  0.4660E-11  0.3849E-11  0.3184E-11  0.2644E-11  0.2223E-11  0.1896E-11  0.1631E-11  0.1419E-11  0.1267E-11  0.1172E-11  0.1261E-11  0.1745E-11
      0.9485       70.0000  0.1001E-08  0.5221E-09  0.2834E-09  0.1642E-09  0.1032E-09  0.6893E-10  0.4935E-10  0.3629E-10  0.2612E-10  0.1838E-10  0.1329E-10  0.1007E-10  0.7879E-11  0.6335E-11  0.5199E-11  0.4301E-11  0.3560E-11  0.2956E-11  0.2490E-11  0.2134E-11  0.1849E-11  0.1627E-11  0.1481E-11  0.1411E-11  0.1560E-11  0.2155E-11
      1.0840       80.0000  0.1222E-08  0.6788E-09  0.3658E-09  0.2061E-09  0.1270E-09  0.8325E-10  0.5901E-10  0.4310E-10  0.3075E-10  0.2138E-10  0.1530E-10  0.1152E-10  0.8995E-11  0.7235E-11  0.5950E-11  0.4932E-11  0.4085E-11  0.3392E-11  0.2865E-11  0.2468E-11  0.2156E-11  0.1920E-11  0.1784E-11  0.1747E-11  0.1979E-11  0.2727E-11
      1.2195       90.0000  0.1439E-08  0.8705E-09  0.4767E-09  0.2650E-09  0.1612E-09  0.1040E-09  0.7307E-10  0.5303E-10  0.3752E-10  0.2578E-10  0.1827E-10  0.1368E-10  0.1065E-10  0.8569E-11  0.7066E-11  0.5870E-11  0.4867E-11  0.4045E-11  0.3425E-11  0.2968E-11  0.2615E-11  0.2359E-11  0.2235E-11  0.2245E-11  0.2595E-11  0.3559E-11
      1.3550      100.0000  0.1630E-08  0.1098E-08  0.6276E-09  0.3507E-09  0.2124E-09  0.1356E-09  0.9460E-10  0.6827E-10  0.4798E-10  0.3264E-10  0.2294E-10  0.1708E-10  0.1327E-10  0.1069E-10  0.8839E-11  0.7361E-11  0.6114E-11  0.5088E-11  0.4324E-11  0.3770E-11  0.3350E-11  0.3058E-11  0.2950E-11  0.3027E-11  0.3549E-11  0.4823E-11
      1.4905      110.0000  0.1763E-08  0.1353E-08  0.8318E-09  0.4783E-09  0.2924E-09  0.1863E-09  0.1294E-09  0.9305E-10  0.6514E-10  0.4405E-10  0.3079E-10  0.2285E-10  0.1774E-10  0.1430E-10  0.1186E-10  0.9905E-11  0.8244E-11  0.6876E-11  0.5867E-11  0.5146E-11  0.4609E-11  0.4251E-11  0.4157E-11  0.4332E-11  0.5116E-11  0.6854E-11
      1.6260      120.0000  0.1801E-08  0.1604E-08  0.1099E-08  0.6705E-09  0.4213E-09  0.2712E-09  0.1888E-09  0.1358E-09  0.9521E-10  0.6442E-10  0.4500E-10  0.3339E-10  0.2593E-10  0.2095E-10  0.1742E-10  0.1459E-10  0.1218E-10  0.1019E-10  0.8727E-11  0.7695E-11  0.6935E-11  0.6444E-11  0.6358E-11  0.6681E-11  0.7886E-11  0.1035E-10
      1.7615      130.0000  0.1705E-08  0.1785E-08  0.1420E-08  0.9544E-09  0.6332E-09  0.4199E-09  0.2962E-09  0.2148E-09  0.1520E-09  0.1038E-09  0.7302E-10  0.5440E-10  0.4238E-10  0.3432E-10  0.2861E-10  0.2404E-10  0.2014E-10  0.1691E-10  0.1455E-10  0.1288E-10  0.1166E-10  0.1088E-10  0.1077E-10  0.1132E-10  0.1326E-10  0.1696E-10
      1.8970      140.0000  0.1455E-08  0.1790E-08  0.1722E-08  0.1337E-08  0.9726E-09  0.6847E-09  0.4994E-09  0.3709E-09  0.2684E-09  0.1876E-09  0.1342E-09  0.1011E-09  0.7932E-10  0.6456E-10  0.5402E-10  0.4555E-10  0.3834E-10  0.3238E-10  0.2798E-10  0.2484E-10  0.2253E-10  0.2104E-10  0.2078E-10  0.2174E-10  0.2507E-10  0.3108E-10
      2.0325      150.0000  0.1055E-08  0.1497E-08  0.1816E-08  0.1716E-08  0.1440E-08  0.1128E-08  0.8828E-09  0.6920E-09  0.5262E-09  0.3852E-09  0.2853E-09  0.2199E-09  0.1753E-09  0.1443E-09  0.1216E-09  0.1033E-09  0.8761E-10  0.7456E-10  0.6481E-10  0.5773E-10  0.5242E-10  0.4891E-10  0.4805E-10  0.4976E-10  0.5623E-10  0.6717E-10
      2.1680      160.0000  0.5464E-09  0.8513E-09  0.1409E-08  0.1716E-08  0.1751E-08  0.1625E-08  0.1452E-08  0.1276E-08  0.1079E-08  0.8692E-09  0.6938E-09  0.5648E-09  0.4688E-09  0.3973E-09  0.3425E-09  0.2964E-09  0.2559E-09  0.2213E-09  0.1947E-09  0.1747E-09  0.1593E-09  0.1486E-09  0.1451E-09  0.1484E-09  0.1637E-09  0.1874E-09
      2.3035      170.0000 -0.3320E-11 -0.4306E-10  0.3793E-09  0.8092E-09  0.1070E-08  0.1246E-08  0.1353E-08  0.1456E-08  0.1520E-08  0.1500E-08  0.1424E-08  0.1336E-08  0.1248E-08  0.1165E-08  0.1087E-08  0.1006E-08  0.9202E-09  0.8367E-09  0.7661E-09  0.7085E-09  0.6603E-09  0.6246E-09  0.6116E-09  0.6210E-09  0.6687E-09  0.7293E-09
      2.4390      180.0000 -0.5206E-09 -0.9372E-09 -0.8831E-09 -0.7224E-09 -0.6788E-09 -0.6374E-09 -0.6451E-09 -0.6194E-09 -0.5223E-09 -0.3891E-09 -0.2874E-09 -0.2189E-09 -0.1646E-09 -0.1225E-09 -0.9089E-10 -0.6593E-10 -0.4358E-10 -0.2686E-10 -0.1732E-10 -0.1109E-10 -0.5287E-11 -0.2856E-11 -0.5351E-11 -0.1248E-10 -0.3252E-10 -0.9322E-10
      2.5745      190.0000 -0.9470E-09 -0.1589E-08 -0.1755E-08 -0.1732E-08 -0.1732E-08 -0.1676E-08 -0.1639E-08 -0.1583E-08 -0.1471E-08 -0.1319E-08 -0.1194E-08 -0.1104E-08 -0.1037E-08 -0.9839E-09 -0.9358E-09 -0.8807E-09 -0.8175E-09 -0.7518E-09 -0.6954E-09 -0.6499E-09 -0.6124E-09 -0.5847E-09 -0.5773E-09 -0.5899E-09 -0.6370E-09 -0.6867E-09
      2.7100      200.0000 -0.1252E-08 -0.1903E-08 -0.2015E-08 -0.1857E-08 -0.1654E-08 -0.1410E-08 -0.1204E-08 -0.1025E-08 -0.8552E-09 -0.7007E-09 -0.5821E-09 -0.4952E-09 -0.4296E-09 -0.3784E-09 -0.3365E-09 -0.2986E-09 -0.2639E-09 -0.2330E-09 -0.2080E-09 -0.1883E-09 -0.1726E-09 -0.1608E-09 -0.1547E-09 -0.1537E-09 -0.1602E-09 -0.1626E-09
      2.8455      210.0000 -0.1433E-08 -0.1930E-08 -0.1858E-08 -0.1541E-08 -0.1220E-08 -0.9324E-09 -0.7191E-09 -0.5601E-09 -0.4369E-09 -0.3406E-09 -0.2710E-09 -0.2214E-09 -0.1852E-09 -0.1579E-09 -0.1364E-09 -0.1184E-09 -0.1028E-09 -0.8955E-10 -0.7902E-10 -0.7079E-10 -0.6425E-10 -0.5927E-10 -0.5635E-10 -0.5510E-10 -0.5600E-10 -0.5402E-10
      2.9810      220.0000 -0.1508E-08 -0.1780E-08 -0.1540E-08 -0.1156E-08 -0.8342E-09 -0.5894E-09 -0.4245E-09 -0.3127E-09 -0.2347E-09 -0.1786E-09 -0.1392E-09 -0.1116E-09 -0.9171E-10 -0.7699E-10 -0.6565E-10 -0.5637E-10 -0.4862E-10 -0.4216E-10 -0.3706E-10 -0.3306E-10 -0.2989E-10 -0.2746E-10 -0.2594E-10 -0.2512E-10 -0.2504E-10 -0.2302E-10
      3.1165      230.0000 -0.1501E-08 -0.1553E-08 -0.1210E-08 -0.8344E-09 -0.5609E-09 -0.3745E-09 -0.2571E-09 -0.1824E-09 -0.1337E-09 -0.1005E-09 -0.7760E-10 -0.6160E-10 -0.5019E-10 -0.4180E-10 -0.3542E-10 -0.3028E-10 -0.2605E-10 -0.2256E-10 -0.1982E-10 -0.1767E-10 -0.1596E-10 -0.1465E-10 -0.1380E-10 -0.1330E-10 -0.1306E-10 -0.1145E-10
      3.2520      240.0000 -0.1438E-08 -0.1310E-08 -0.9270E-09 -0.5939E-09 -0.3774E-09 -0.2410E-09 -0.1594E-09 -0.1098E-09 -0.7925E-10 -0.5919E-10 -0.4549E-10 -0.3593E-10 -0.2916E-10 -0.2420E-10 -0.2046E-10 -0.1747E-10 -0.1503E-10 -0.1304E-10 -0.1147E-10 -0.1024E-10 -0.9267E-11 -0.8519E-11 -0.8037E-11 -0.7739E-11 -0.7522E-11 -0.6276E-11
      3.3875      250.0000 -0.1341E-08 -0.1085E-08 -0.7019E-09 -0.4205E-09 -0.2543E-09 -0.1560E-09 -0.9965E-10 -0.6687E-10 -0.4760E-10 -0.3543E-10 -0.2719E-10 -0.2144E-10 -0.1738E-10 -0.1443E-10 -0.1221E-10 -0.1044E-10 -0.9009E-11 -0.7842E-11 -0.6925E-11 -0.6208E-11 -0.5643E-11 -0.5215E-11 -0.4946E-11 -0.4785E-11 -0.4624E-11 -0.3657E-11
      3.5230      260.0000 -0.1226E-08 -0.8890E-09 -0.5286E-09 -0.2965E-09 -0.1708E-09 -0.1002E-09 -0.6156E-10 -0.4005E-10 -0.2809E-10 -0.2086E-10 -0.1602E-10 -0.1264E-10 -0.1027E-10 -0.8560E-11 -0.7275E-11 -0.6256E-11 -0.5430E-11 -0.4757E-11 -0.4231E-11 -0.3821E-11 -0.3504E-11 -0.3269E-11 -0.3136E-11 -0.3068E-11 -0.2962E-11 -0.2201E-11
      3.6585      270.0000 -0.1104E-08 -0.7245E-09 -0.3967E-09 -0.2075E-09 -0.1130E-09 -0.6263E-10 -0.3642E-10 -0.2261E-10 -0.1550E-10 -0.1149E-10 -0.8847E-11 -0.7007E-11 -0.5734E-11 -0.4826E-11 -0.4148E-11 -0.3608E-11 -0.3168E-11 -0.2808E-11 -0.2530E-11 -0.2316E-11 -0.2156E-11 -0.2046E-11 -0.2002E-11 -0.2000E-11 -0.1939E-11 -0.1331E-11
      3.7940      280.0000 -0.9813E-09 -0.5884E-09 -0.2965E-09 -0.1430E-09 -0.7248E-10 -0.3678E-10 -0.1938E-10 -0.1091E-10 -0.7094E-11 -0.5229E-11 -0.4061E-11 -0.3253E-11 -0.2715E-11 -0.2346E-11 -0.2074E-11 -0.1853E-11 -0.1670E-11 -0.1517E-11 -0.1402E-11 -0.1319E-11 -0.1264E-11 -0.1238E-11 -0.1255E-11 -0.1298E-11 -0.1274E-11 -0.7792E-12
      3.9295      290.0000 -0.8624E-09 -0.4762E-09 -0.2200E-09 -0.9580E-10 -0.4355E-10 -0.1864E-10 -0.7561E-11 -0.2866E-11 -0.1327E-11 -0.9341E-12 -0.7740E-12 -0.6744E-12 -0.6423E-12 -0.6427E-12 -0.6507E-12 -0.6486E-12 -0.6405E-12 -0.6294E-12 -0.6271E-12 -0.6333E-12 -0.6500E-12 -0.6816E-12 -0.7410E-12 -0.8177E-12 -0.8215E-12 -0.4105E-12
      4.0650      300.0000 -0.7483E-09 -0.3833E-09 -0.1608E-09 -0.6076E-10 -0.2257E-10 -0.5697E-11  0.7874E-12  0.2789E-11  0.2719E-11  0.2082E-11  0.1536E-11  0.1139E-11  0.8175E-12  0.5577E-12  0.3539E-12  0.2023E-12  0.8740E-13 -0.8304E-15 -0.7750E-13 -0.1467E-12 -0.2142E-12 -0.2863E-12 -0.3757E-12 -0.4758E-12 -0.5001E-12 -0.1514E-12
      4.2005      310.0000 -0.6391E-09 -0.3054E-09 -0.1143E-09 -0.3426E-10 -0.7064E-11  0.3724E-11  0.6808E-11  0.6851E-11  0.5624E-11  0.4248E-11  0.3196E-11  0.2444E-11  0.1870E-11  0.1425E-11  0.1081E-11  0.8191E-12  0.6159E-12  0.4562E-12  0.3227E-12  0.2081E-12  0.1041E-12  0.2911E-14 -0.1078E-12 -0.2243E-12 -0.2630E-12  0.4007E-13
      4.3360      320.0000 -0.5337E-09 -0.2387E-09 -0.7685E-10 -0.1375E-10  0.4688E-11  0.1075E-10  0.1127E-10  0.9853E-11  0.7769E-11  0.5846E-11  0.4420E-11  0.3407E-11  0.2647E-11  0.2067E-11  0.1621E-11  0.1279E-11  0.1010E-11  0.7976E-12  0.6220E-12  0.4741E-12  0.3432E-12  0.2207E-12  0.9477E-13 -0.3296E-13 -0.8100E-13  0.1896E-12
      4.4715      330.0000 -0.4308E-09 -0.1803E-09 -0.4585E-10  0.2661E-11  0.1390E-10  0.1619E-10  0.1470E-10  0.1216E-10  0.9417E-11  0.7069E-11  0.5353E-11  0.4141E-11  0.3241E-11  0.2558E-11  0.2035E-11  0.1632E-11  0.1314E-11  0.1061E-11  0.8529E-12  0.6795E-12  0.5282E-12  0.3898E-12  0.2531E-12  0.1179E-12  0.6473E-13  0.3136E-12
      4.6070      340.0000 -0.3283E-09 -0.1274E-09 -0.1915E-10  0.1635E-10  0.2147E-10  0.2060E-10  0.1747E-10  0.1404E-10  0.1075E-10  0.8053E-11  0.6099E-11  0.4726E-11  0.3714E-11  0.2951E-11  0.2367E-11  0.1915E-11  0.1557E-11  0.1271E-11  0.1038E-11  0.8440E-12  0.6767E-12  0.5261E-12  0.3815E-12  0.2419E-12  0.1872E-12  0.4236E-12
      4.7425      350.0000 -0.2239E-09 -0.7758E-10  0.4926E-11  0.2840E-10  0.2806E-10  0.2442E-10  0.1988E-10  0.1567E-10  0.1192E-10  0.8899E-11  0.6732E-11  0.5220E-11  0.4113E-11  0.3281E-11  0.2646E-11  0.2153E-11  0.1761E-11  0.1447E-11  0.1192E-11  0.9816E-12  0.8012E-12  0.6406E-12  0.4905E-12  0.3487E-12  0.2956E-12  0.5277E-12
      4.8780      360.0000 -0.1150E-09 -0.2855E-10  0.2782E-10  0.3966E-10  0.3418E-10  0.2797E-10  0.2214E-10  0.1722E-10  0.1301E-10  0.9682E-11  0.7310E-11  0.5666E-11  0.4470E-11  0.3577E-11  0.2896E-11  0.2366E-11  0.1943E-11  0.1603E-11  0.1328E-11  0.1103E-11  0.9107E-12  0.7418E-12  0.5877E-12  0.4456E-12  0.3975E-12  0.6331E-12
      5.0136       10.0000  0.1130E-11  0.2194E-10  0.5084E-10  0.5086E-10  0.4029E-10  0.3153E-10  0.2443E-10  0.1879E-10  0.1412E-10  0.1046E-10  0.7875E-11  0.6098E-11  0.4813E-11  0.3859E-11  0.3133E-11  0.2567E-11  0.2114E-11  0.1749E-11  0.1455E-11  0.1215E-11  0.1013E-11  0.8363E-12  0.6794E-12  0.5387E-12  0.4989E-12  0.7461E-12
      5.1491       20.0000  0.1276E-09  0.7629E-10  0.7526E-10  0.6268E-10  0.4676E-10  0.3532E-10  0.2690E-10  0.2051E-10  0.1531E-10  0.1129E-10  0.8463E-11  0.6541E-11  0.5163E-11  0.4144E-11  0.3373E-11  0.2769E-11  0.2285E-11  0.1894E-11  0.1580E-11  0.1326E-11  0.1113E-11  0.9295E-12  0.7709E-12  0.6336E-12  0.6061E-12  0.8738E-12
      5.2846       30.0000  0.2674E-09  0.1372E-09  0.1025E-09  0.7584E-10  0.5400E-10  0.3959E-10  0.2971E-10  0.2247E-10  0.1668E-10  0.1221E-10  0.9109E-11  0.7022E-11  0.5539E-11  0.4449E-11  0.3628E-11  0.2984E-11  0.2464E-11  0.2045E-11  0.1710E-11  0.1441E-11  0.1217E-11  0.1027E-11  0.8678E-12  0.7359E-12  0.7257E-12  0.1024E-11
      5.4201       40.0000  0.4234E-09  0.2080E-09  0.1343E-09  0.9118E-10  0.6247E-10  0.4461E-10  0.3304E-10  0.2480E-10  0.1829E-10  0.1328E-10  0.9850E-11  0.7568E-11  0.5962E-11  0.4791E-11  0.3913E-11  0.3223E-11  0.2664E-11  0.2211E-11  0.1853E-11  0.1567E-11  0.1332E-11  0.1135E-11  0.9763E-12  0.8527E-12  0.8661E-12  0.1208E-11
      5.5556       50.0000  0.5977E-09  0.2924E-09  0.1728E-09  0.1098E-09  0.7281E-10  0.5076E-10  0.3714E-10  0.2769E-10  0.2026E-10  0.1458E-10  0.1074E-10  0.8215E-11  0.6460E-11  0.5193E-11  0.4247E-11  0.3503E-11  0.2897E-11  0.2405E-11  0.2018E-11  0.1714E-11  0.1465E-11  0.1261E-11  0.1105E-11  0.9935E-12  0.1039E-11  0.1441E-11
      5.6911       60.0000  0.7911E-09  0.3953E-09  0.2211E-09  0.1334E-09  0.8592E-10  0.5858E-10  0.4238E-10  0.3138E-10  0.2278E-10  0.1622E-10  0.1184E-10  0.9017E-11  0.7075E-11  0.5688E-11  0.4660E-11  0.3849E-11  0.3184E-11  0.2644E-11  0.2223E-11  0.1896E-11  0.1631E-11  0.1419E-11  0.1267E-11  0.1172E-11  0.1261E-11  0.1745E-11
      5.8266       70.0000  0.1001E-08  0.5221E-09  0.2834E-09  0.1642E-09  0.1032E-09  0.6892E-10  0.4934E-10  0.3628E-10  0.2612E-10  0.1838E-10  0.1329E-10  0.1007E-10  0.7879E-11  0.6335E-11  0.5199E-11  0.4301E-11  0.3560E-11  0.2956E-11  0.2490E-11  0.2134E-11  0.1849E-11  0.1627E-11  0.1481E-11  0.1411E-11  0.1560E-11  0.2155E-11
      5.9621       80.0000  0.1222E-08  0.6788E-09  0.3658E-09  0.2061E-09  0.1270E-09  0.8324E-10  0.5900E-10  0.4309E-10  0.3075E-10  0.2138E-10  0.1530E-10  0.1152E-10  0.8995E-11  0.7235E-11  0.5950E-11  0.4932E-11  0.4085E-11  0.3392E-11  0.2865E-11  0.2468E-11  0.2156E-11  0.1920E-11  0.1784E-11  0.1747E-11  0.1979E-11  0.2727E-11
      6.0976       90.0000  0.1439E-08  0.8705E-09  0.4767E-09  0.2650E-09  0.1612E-09  0.1040E-09  0.7306E-10  0.5302E-10  0.3752E-10  0.2578E-10  0.1827E-10  0.1368E-10  0.1065E-10  0.8569E-11  0.7066E-11  0.5870E-11  0.4867E-11  0.4045E-11  0.3425E-11  0.2968E-11  0.2615E-11  0.2359E-11  0.2235E-11  0.2245E-11  0.2595E-11  0.3559E-11
      6.2331      100.0000  0.1630E-08  0.1098E-08  0.6276E-09  0.3507E-09  0.2124E-09  0.1356E-09  0.9458E-10  0.6827E-10  0.4798E-10  0.3264E-10  0.2294E-10  0.1708E-10  0.1327E-10  0.1069E-10  0.8839E-11  0.7361E-11  0.6113E-11  0.5088E-11  0.4324E-11  0.3770E-11  0.3350E-11  0.3058E-11  0.2950E-11  0.3027E-11  0.3549E-11  0.4823E-11
      6.3686      110.0000  0.1763E-08  0.1353E-08  0.8318E-09  0.4783E-09  0.2923E-09  0.1862E-09  0.1294E-09  0.9304E-10  0.6514E-10  0.4405E-10  0.3079E-10  0.2285E-10  0.1774E-10  0.1430E-10  0.1186E-10  0.9905E-11  0.8244E-11  0.6876E-11  0.5867E-11  0.5146E-11  0.4609E-11  0.4251E-11  0.4157E-11  0.4332E-11  0.5116E-11  0.6854E-11
      6.5041      120.0000  0.1801E-08  0.1604E-08  0.1099E-08  0.6705E-09  0.4213E-09  0.2712E-09  0.1888E-09  0.1358E-09  0.9520E-10  0.6442E-10  0.4500E-10  0.3339E-10  0.2593E-10  0.2095E-10  0.1742E-10  0.1459E-10  0.1218E-10  0.1019E-10  0.8727E-11  0.7695E-11  0.6935E-11  0.6444E-11  0.6358E-11  0.6681E-11  0.7886E-11  0.1035E-10
      6.6396      130.0000  0.1705E-08  0.1785E-08  0.1420E-08  0.9543E-09  0.6331E-09  0.4198E-09  0.2961E-09  0.2148E-09  0.1520E-09  0.1038E-09  0.7302E-10  0.5440E-10  0.4238E-10  0.3432E-10  0.2861E-10  0.2404E-10  0.2014E-10  0.1691E-10  0.1455E-10  0.1288E-10  0.1166E-10  0.1088E-10  0.1077E-10  0.1132E-10  0.1326E-10  0.1696E-10
      6.7751      140.0000  0.1455E-08  0.1790E-08  0.1722E-08  0.1337E-08  0.9725E-09  0.6846E-09  0.4993E-09  0.3708E-09  0.2684E-09  0.1876E-09  0.1342E-09  0.1011E-09  0.7932E-10  0.6456E-10  0.5402E-10  0.4555E-10  0.3834E-10  0.3238E-10  0.2798E-10  0.2484E-10  0.2253E-10  0.2104E-10  0.2078E-10  0.2174E-10  0.2507E-10  0.3108E-10
      6.9106      150.0000  0.1055E-08  0.1497E-08  0.1816E-08  0.1716E-08  0.1440E-08  0.1128E-08  0.8827E-09  0.6919E-09  0.5262E-09  0.3852E-09  0.2853E-09  0.2199E-09  0.1753E-09  0.1443E-09  0.1216E-09  0.1033E-09  0.8761E-10  0.7456E-10  0.6481E-10  0.5773E-10  0.5242E-10  0.4891E-10  0.4805E-10  0.4976E-10  0.5623E-10  0.6717E-10
      7.0461      160.0000  0.5464E-09  0.8513E-09  0.1409E-08  0.1716E-08  0.1751E-08  0.1625E-08  0.1452E-08  0.1276E-08  0.1079E-08  0.8691E-09  0.6938E-09  0.5648E-09  0.4688E-09  0.3973E-09  0.3425E-09  0.2964E-09  0.2559E-09  0.2213E-09  0.1947E-09  0.1747E-09  0.1593E-09  0.1486E-09  0.1451E-09  0.1484E-09  0.1637E-09  0.1874E-09
      7.1816      170.0000 -0.3320E-11 -0.4306E-10  0.3793E-09  0.8092E-09  0.1069E-08  0.1246E-08  0.1353E-08  0.1456E-08  0.1520E-08  0.1500E-08  0.1424E-08  0.1336E-08  0.1248E-08  0.1165E-08  0.1087E-08  0.1006E-08  0.9202E-09  0.8367E-09  0.7661E-09  0.7085E-09  0.6603E-09  0.6246E-09  0.6116E-09  0.6210E-09  0.6687E-09  0.7293E-09
      7.3171      180.0000 -0.5206E-09 -0.9372E-09 -0.8831E-09 -0.7223E-09 -0.6787E-09 -0.6373E-09 -0.6450E-09 -0.6194E-09 -0.5223E-09 -0.3891E-09 -0.2874E-09 -0.2189E-09 -0.1646E-09 -0.1225E-09 -0.9089E-10 -0.6593E-10 -0.4358E-10 -0.2686E-10 -0.1732E-10 -0.1109E-10 -0.5287E-11 -0.2856E-11 -0.5351E-11 -0.1248E-10 -0.3252E-10 -0.9322E-10
      7.4526      190.0000 -0.9470E-09 -0.1589E-08 -0.1755E-08 -0.1731E-08 -0.1732E-08 -0.1676E-08 -0.1639E-08 -0.1583E-08 -0.1470E-08 -0.1319E-08 -0.1194E-08 -0.1104E-08 -0.1037E-08 -0.9839E-09 -0.9358E-09 -0.8807E-09 -0.8175E-09 -0.7518E-09 -0.6954E-09 -0.6499E-09 -0.6124E-09 -0.5847E-09 -0.5773E-09 -0.5899E-09 -0.6370E-09 -0.6867E-09
      7.5881      200.0000 -0.1252E-08 -0.1903E-08 -0.2015E-08 -0.1856E-08 -0.1653E-08 -0.1410E-08 -0.1204E-08 -0.1025E-08 -0.8552E-09 -0.7006E-09 -0.5821E-09 -0.4952E-09 -0.4296E-09 -0.3784E-09 -0.3365E-09 -0.2986E-09 -0.2639E-09 -0.2330E-09 -0.2080E-09 -0.1883E-09 -0.1726E-09 -0.1608E-09 -0.1547E-09 -0.1537E-09 -0.1602E-09 -0.1626E-09
      7.7236      210.0000 -0.1433E-08 -0.1930E-08 -0.1858E-08 -0.1541E-08 -0.1220E-08 -0.9323E-09 -0.7190E-09 -0.5601E-09 -0.4369E-09 -0.3406E-09 -0.2710E-09 -0.2214E-09 -0.1852E-09 -0.1579E-09 -0.1364E-09 -0.1184E-09 -0.1028E-09 -0.8955E-10 -0.7902E-10 -0.7079E-10 -0.6425E-10 -0.5927E-10 -0.5635E-10 -0.5510E-10 -0.5600E-10 -0.5402E-10
      7.8591      220.0000 -0.1508E-08 -0.1780E-08 -0.1540E-08 -0.1156E-08 -0.8340E-09 -0.5893E-09 -0.4244E-09 -0.3126E-09 -0.2347E-09 -0.1785E-09 -0.1392E-09 -0.1116E-09 -0.9171E-10 -0.7699E-10 -0.6565E-10 -0.5637E-10 -0.4862E-10 -0.4216E-10 -0.3706E-10 -0.3306E-10 -0.2989E-10 -0.2746E-10 -0.2594E-10 -0.2512E-10 -0.2504E-10 -0.2302E-10
      7.9946      230.0000 -0.1501E-08 -0.1553E-08 -0.1210E-08 -0.8343E-09 -0.5608E-09 -0.3745E-09 -0.2571E-09 -0.1824E-09 -0.1337E-09 -0.1005E-09 -0.7760E-10 -0.6160E-10 -0.5019E-10 -0.4180E-10 -0.3542E-10 -0.3028E-10 -0.2605E-10 -0.2256E-10 -0.1982E-10 -0.1767E-10 -0.1596E-10 -0.1465E-10 -0.1380E-10 -0.1330E-10 -0.1306E-10 -0.1145E-10
      8.1301      240.0000 -0.1438E-08 -0.1310E-08 -0.9270E-09 -0.5939E-09 -0.3773E-09 -0.2410E-09 -0.1594E-09 -0.1098E-09 -0.7925E-10 -0.5918E-10 -0.4549E-10 -0.3593E-10 -0.2916E-10 -0.2420E-10 -0.2046E-10 -0.1747E-10 -0.1503E-10 -0.1304E-10 -0.1147E-10 -0.1024E-10 -0.9267E-11 -0.8519E-11 -0.8037E-11 -0.7739E-11 -0.7522E-11 -0.6276E-11
      8.2656      250.0000 -0.1341E-08 -0.1085E-08 -0.7019E-09 -0.4205E-09 -0.2543E-09 -0.1559E-09 -0.9964E-10 -0.6686E-10 -0.4760E-10 -0.3543E-10 -0.2719E-10 -0.2144E-10 -0.1738E-10 -0.1443E-10 -0.1221E-10 -0.1044E-10 -0.9009E-11 -0.7842E-11 -0.6925E-11 -0.6208E-11 -0.5643E-11 -0.5215E-11 -0.4946E-11 -0.4785E-11 -0.4624E-11 -0.3657E-11
      8.4011      260.0000 -0.1226E-08 -0.8890E-09 -0.5286E-09 -0.2965E-09 -0.1707E-09 -0.1002E-09 -0.6155E-10 -0.4005E-10 -0.2809E-10 -0.2086E-10 -0.1602E-10 -0.1264E-10 -0.1027E-10 -0.8560E-11 -0.7275E-11 -0.6256E-11 -0.5430E-11 -0.4757E-11 -0.4231E-11 -0.3821E-11 -0.3504E-11 -0.3269E-11 -0.3136E-11 -0.3068E-11 -0.2962E-11 -0.2201E-11
      8.5366      270.0000 -0.1104E-08 -0.7245E-09 -0.3967E-09 -0.2074E-09 -0.1130E-09 -0.6262E-10 -0.3642E-10 -0.2261E-10 -0.1550E-10 -0.1149E-10 -0.8847E-11 -0.7007E-11 -0.5734E-11 -0.4826E-11 -0.4148E-11 -0.3608E-11 -0.3168E-11 -0.2808E-11 -0.2530E-11 -0.2316E-11 -0.2156E-11 -0.2046E-11 -0.2002E-11 -0.2000E-11 -0.1939E-11 -0.1331E-11
      8.6721      280.0000 -0.9813E-09 -0.5884E-09 -0.2965E-09 -0.1430E-09 -0.7247E-10 -0.3677E-10 -0.1937E-10 -0.1091E-10 -0.7094E-11 -0.5229E-11 -0.4061E-11 -0.3253E-11 -0.2715E-11 -0.2346E-11 -0.2074E-11 -0.1853E-11 -0.1670E-11 -0.1517E-11 -0.1402E-11 -0.1319E-11 -0.1264E-11 -0.1238E-11 -0.1255E-11 -0.1298E-11 -0.1274E-11 -0.7792E-12
      8.8076      290.0000 -0.8624E-09 -0.4762E-09 -0.2200E-09 -0.9579E-10 -0.4355E-10 -0.1864E-10 -0.7560E-11 -0.2866E-11 -0.1327E-11 -0.9341E-12 -0.7740E-12 -0.6744E-12 -0.6423E-12 -0.6427E-12 -0.6507E-12 -0.6486E-12 -0.6405E-12 -0.6294E-12 -0.6271E-12 -0.6333E-12 -0.6500E-12 -0.6816E-12 -0.7410E-12 -0.8177E-12 -0.8215E-12 -0.4105E-12
      8.9431      300.0000 -0.7483E-09 -0.3833E-09 -0.1608E-09 -0.6075E-10 -0.2257E-10 -0.5696E-11  0.7871E-12  0.2788E-11  0.2719E-11  0.2082E-11  0.1536E-11  0.1139E-11  0.8175E-12  0.5577E-12  0.3539E-12  0.2023E-12  0.8740E-13 -0.8305E-15 -0.7750E-13 -0.1467E-12 -0.2142E-12 -0.2863E-12 -0.3757E-12 -0.4758E-12 -0.5001E-12 -0.1514E-12
      9.0786      310.0000 -0.6391E-09 -0.3054E-09 -0.1143E-09 -0.3426E-10 -0.7063E-11  0.3724E-11  0.6808E-11  0.6850E-11  0.5624E-11  0.4248E-11  0.3196E-11  0.2444E-11  0.1870E-11  0.1425E-11  0.1081E-11  0.8191E-12  0.6159E-12  0.4562E-12  0.3227E-12  0.2081E-12  0.1041E-12  0.2911E-14 -0.1078E-12 -0.2243E-12 -0.2630E-12  0.4007E-13
      9.2141      320.0000 -0.5337E-09 -0.2387E-09 -0.7685E-10 -0.1375E-10  0.4687E-11  0.1075E-10  0.1127E-10  0.9852E-11  0.7769E-11  0.5846E-11  0.4420E-11  0.3407E-11  0.2647E-11  0.2067E-11  0.1621E-11  0.1279E-11  0.1010E-11  0.7976E-12  0.6220E-12  0.4741E-12  0.3432E-12  0.2207E-12  0.9477E-13 -0.3296E-13 -0.8100E-13  0.1896E-12
      9.3496      330.0000 -0.4308E-09 -0.1803E-09 -0.4585E-10  0.2661E-11  0.1390E-10  0.1619E-10  0.1469E-10  0.1216E-10  0.9416E-11  0.7069E-11  0.5353E-11  0.4141E-11  0.3241E-11  0.2558E-11  0.2035E-11  0.1632E-11  0.1314E-11  0.1061E-11  0.8529E-12  0.6795E-12  0.5282E-12  0.3898E-12  0.2531E-12  0.1179E-12  0.6473E-13  0.3136E-12
      9.4851      340.0000 -0.3283E-09 -0.1274E-09 -0.1915E-10  0.1635E-10  0.2147E-10  0.2060E-10  0.1747E-10  0.1403E-10  0.1075E-10  0.8053E-11  0.6099E-11  0.4726E-11  0.3714E-11  0.2951E-11  0.2367E-11  0.1915E-11  0.1557E-11  0.1271E-11  0.1038E-11  0.8440E-12  0.6767E-12  0.5261E-12  0.3815E-12  0.2419E-12  0.1872E-12  0.4236E-12
      9.6206      350.0000 -0.2239E-09 -0.7758E-10  0.4926E-11  0.2840E-10  0.2805E-10  0.2442E-10  0.1988E-10  0.1567E-10  0.1192E-10  0.8899E-11  0.6732E-11  0.5220E-11  0.4113E-11  0.3281E-11  0.2646E-11  0.2153E-11  0.1761E-11  0.1447E-11  0.1192E-11  0.9816E-12  0.8012E-12  0.6406E-12  0.4905E-12  0.3487E-12  0.2956E-12  0.5277E-12
      9.7561      360.0000 -0.1150E-09 -0.2855E-10  0.2782E-10  0.3966E-10  0.3418E-10  0.2797E-10  0.2214E-10  0.1722E-10  0.1301E-10  0.9682E-11  0.7310E-11  0.5666E-11  0.4470E-11  0.3577E-11  0.2896E-11  0.2366E-11  0.1943E-11  0.1603E-11  0.1328E-11  0.1103E-11  0.9107E-12  0.7418E-12  0.5877E-12  0.4456E-12  0.3975E-12  0.6331E-12
      9.8916       10.0000  0.1130E-11  0.2194E-10  0.5084E-10  0.5086E-10  0.4028E-10  0.3153E-10  0.2443E-10  0.1879E-10  0.1412E-10  0.1046E-10  0.7875E-11  0.6098E-11  0.4813E-11  0.3859E-11  0.3133E-11  0.2567E-11  0.2114E-11  0.1749E-11  0.1455E-11  0.1215E-11  0.1013E-11  0.8363E-12  0.6794E-12  0.5387E-12  0.4989E-12  0.7461E-12
     10.0271       20.0000  0.1276E-09  0.7629E-10  0.7526E-10  0.6268E-10  0.4675E-10  0.3532E-10  0.2690E-10  0.2051E-10  0.1531E-10  0.1129E-10  0.8463E-11  0.6541E-11  0.5163E-11  0.4144E-11  0.3373E-11  0.2769E-11  0.2285E-11  0.1894E-11  0.1580E-11  0.1326E-11  0.1113E-11  0.9295E-12  0.7709E-12  0.6336E-12  0.6061E-12  0.8738E-12
     10.1626       30.0000  0.2674E-09  0.1372E-09  0.1025E-09  0.7584E-10  0.5399E-10  0.3959E-10  0.2970E-10  0.2247E-10  0.1668E-10  0.1221E-10  0.9109E-11  0.7022E-11  0.5539E-11  0.4449E-11  0.3628E-11  0.2984E-11  0.2464E-11  0.2045E-11  0.1710E-11  0.1441E-11  0.1217E-11  0.1027E-11  0.8678E-12  0.7359E-12  0.7257E-12  0.1024E-11
     10.2981       40.0000  0.4234E-09  0.2080E-09  0.1343E-09  0.9118E-10  0.6247E-10  0.4461E-10  0.3304E-10  0.2480E-10  0.1829E-10  0.1328E-10  0.9850E-11  0.7568E-11  0.5961E-11  0.4791E-11  0.3913E-11  0.3223E-11  0.2664E-11  0.2211E-11  0.1853E-11  0.1567E-11  0.1332E-11  0.1135E-11  0.9763E-12  0.8527E-12  0.8661E-12  0.1208E-11
     10.4336       50.0000  0.5977E-09  0.2924E-09  0.1728E-09  0.1098E-09  0.7280E-10  0.5076E-10  0.3714E-10  0.2769E-10  0.2026E-10  0.1458E-10  0.1074E-10  0.8215E-11  0.6460E-11  0.5193E-11  0.4247E-11  0.3503E-11  0.2897E-11  0.2405E-11  0.2018E-11  0.1714E-11  0.1465E-11  0.1261E-11  0.1105E-11  0.9935E-12  0.1039E-11  0.1441E-11
     10.5691       60.0000  0.7911E-09  0.3953E-09  0.2211E-09  0.1333E-09  0.8591E-10  0.5857E-10  0.4238E-10  0.3138E-10  0.2278E-10  0.1622E-10  0.1184E-10  0.9017E-11  0.7075E-11  0.5688E-11  0.4660E-11  0.3849E-11  0.3184E-11  0.2644E-11  0.2223E-11  0.1896E-11  0.1631E-11  0.1419E-11  0.1267E-11  0.1172E-11  0.1261E-11  0.1745E-11
     10.7046       70.0000  0.1001E-08  0.5221E-09  0.2834E-09  0.1642E-09  0.1032E-09  0.6892E-10  0.4934E-10  0.3628E-10  0.2611E-10  0.1838E-10  0.1329E-10  0.1007E-10  0.7879E-11  0.6335E-11  0.5199E-11  0.4301E-11  0.3560E-11  0.2956E-11  0.2490E-11  0.2134E-11  0.1849E-11  0.1627E-11  0.1481E-11  0.1411E-11  0.1560E-11  0.2155E-11
     10.8401       80.0000  0.1222E-08  0.6788E-09  0.3658E-09  0.2061E-09  0.1270E-09  0.8323E-10  0.5900E-10  0.4309E-10  0.3075E-10  0.2138E-10  0.1530E-10  0.1152E-10  0.8995E-11  0.7235E-11  0.5950E-11  0.4932E-11  0.4085E-11  0.3392E-11  0.2865E-11  0.2468E-11  0.2156E-11  0.1920E-11  0.1784E-11  0.1747E-11  0.1979E-11  0.2727E-11
     10.9756       90.0000  0.1439E-08  0.8705E-09  0.4767E-09  0.2650E-09  0.1612E-09  0.1040E-09  0.7305E-10  0.5302E-10  0.3752E-10  0.2578E-10  0.1827E-10  0.1368E-10  0.1065E-10  0.8569E-11  0.7066E-11  0.5870E-11  0.4867E-11  0.4045E-11  0.3425E-11  0.2968E-11  0.2615E-11  0.2359E-11  0.2235E-11  0.2245E-11  0.2595E-11  0.3559E-11
     11.1111      100.0000  0.1630E-08  0.1098E-08  0.6276E-09  0.3507E-09  0.2124E-09  0.1356E-09  0.9458E-10  0.6827E-10  0.4798E-10  0.3264E-10  0.2294E-10  0.1708E-10  0.1327E-10  0.1069E-10  0.8839E-11  0.7361E-11  0.6113E-11  0.5088E-11  0.4324E-11  0.3770E-11  0.3350E-11  0.3058E-11  0.2950E-11  0.3027E-11  0.3549E-11  0.4823E-11
     11.2466      110.0000  0.1763E-08  0.1353E-08  0.8318E-09  0.4783E-09  0.2923E-09  0.1862E-09  0.1294E-09  0.9304E-10  0.6514E-10  0.4405E-10  0.3079E-10  0.2285E-10  0.1774E-10  0.1430E-10  0.1186E-10  0.9905E-11  0.8244E-11  0.6876E-11  0.5867E-11  0.5146E-11  0.4609E-11  0.4251E-11  0.4157E-11  0.4332E-11  0.5116E-11  0.6854E-11
     11.3821      120.0000  0.1801E-08  0.1604E-08  0.1099E-08  0.6704E-09  0.4212E-09  0.2712E-09  0.1888E-09  0.1358E-09  0.9520E-10  0.6441E-10  0.4500E-10  0.3339E-10  0.2593E-10  0.2095E-10  0.1742E-10  0.1459E-10  0.1218E-10  0.1019E-10  0.8727E-11  0.7695E-11  0.6935E-11  0.6444E-11  0.6358E-11  0.6681E-11  0.7886E-11  0.1035E-10
     11.5176      130.0000  0.1705E-08  0.1785E-08  0.1420E-08  0.9542E-09  0.6330E-09  0.4198E-09  0.2961E-09  0.2148E-09  0.1520E-09  0.1038E-09  0.7302E-10  0.5440E-10  0.4238E-10  0.3432E-10  0.2861E-10  0.2404E-10  0.2014E-10  0.1691E-10  0.1455E-10  0.1288E-10  0.1166E-10  0.1088E-10  0.1077E-10  0.1132E-10  0.1326E-10  0.1696E-10
     11.6531      140.0000  0.1455E-08  0.1790E-08  0.1722E-08  0.1337E-08  0.9724E-09  0.6845E-09  0.4993E-09  0.3708E-09  0.2684E-09  0.1876E-09  0.1342E-09  0.1011E-09  0.7932E-10  0.6456E-10  0.5402E-10  0.4555E-10  0.3834E-10  0.3238E-10  0.2798E-10  0.2484E-10  0.2253E-10  0.2104E-10  0.2078E-10  0.2174E-10  0.2507E-10  0.3108E-10
     11.7886      150.0000  0.1055E-08  0.1497E-08  0.1816E-08  0.1716E-08  0.1440E-08  0.1128E-08  0.8827E-09  0.6919E-09  0.5262E-09  0.3852E-09  0.2853E-09  0.2199E-09  0.1753E-09  0.1443E-09  0.1216E-09  0.1033E-09  0.8761E-10  0.7456E-10  0.6481E-10  0.5773E-10  0.5242E-10  0.4891E-10  0.4805E-10  0.4976E-10  0.5623E-10  0.6717E-10
     11.9241      160.0000  0.5464E-09  0.8513E-09  0.1409E-08  0.1716E-08  0.1751E-08  0.1625E-08  0.1452E-08  0.1276E-08  0.1079E-08  0.8691E-09  0.6938E-09  0.5648E-09  0.4688E-09  0.3973E-09  0.3425E-09  0.2964E-09  0.2559E-09  0.2213E-09  0.1947E-09  0.1747E-09  0.1593E-09  0.1486E-09  0.1451E-09  0.1484E-09  0.1637E-09  0.1874E-09
     12.0596      170.0000 -0.3320E-11 -0.4306E-10  0.3793E-09  0.8092E-09  0.1069E-08  0.1246E-08  0.1353E-08  0.1455E-08  0.1520E-08  0.1500E-08  0.1424E-08  0.1336E-08  0.1248E-08  0.1165E-08  0.1087E-08  0.1006E-08  0.9202E-09  0.8367E-09  0.7661E-09  0.7085E-09  0.6603E-09  0.6246E-09  0.6116E-09  0.6210E-09  0.6687E-09  0.7293E-09
     12.1951      180.0000 -0.5206E-09 -0.9372E-09 -0.8831E-09 -0.7222E-09 -0.6787E-09 -0.6372E-09 -0.6449E-09 -0.6193E-09 -0.5223E-09 -0.3890E-09 -0.2874E-09 -0.2189E-09 -0.1646E-09 -0.1225E-09 -0.9089E-10 -0.6593E-10 -0.4358E-10 -0.2686E-10 -0.1732E-10 -0.1109E-10 -0.5287E-11 -0.2856E-11 -0.5351E-11 -0.1248E-10 -0.3252E-10 -0.9322E-10
     12.3306      190.0000 -0.9470E-09 -0.1589E-08 -0.1755E-08 -0.1731E-08 -0.1732E-08 -0.1676E-08 -0.1639E-08 -0.1583E-08 -0.1470E-08 -0.1318E-08 -0.1194E-08 -0.1104E-08 -0.1037E-08 -0.9839E-09 -0.9358E-09 -0.8807E-09 -0.8175E-09 -0.7518E-09 -0.6954E-09 -0.6499E-09 -0.6124E-09 -0.5847E-09 -0.5773E-09 -0.5899E-09 -0.6370E-09 -0.6867E-09
     12.4661      200.0000 -0.1252E-08 -0.1903E-08 -0.2015E-08 -0.1856E-08 -0.1653E-08 -0.1409E-08 -0.1204E-08 -0.1025E-08 -0.8551E-09 -0.7006E-09 -0.5821E-09 -0.4952E-09 -0.4296E-09 -0.3784E-09 -0.3365E-09 -0.2986E-09 -0.2639E-09 -0.2330E-09 -0.2080E-09 -0.1883E-09 -0.1726E-09 -0.1608E-09 -0.1547E-09 -0.1537E-09 -0.1602E-09 -0.1626E-09
     12.6016      210.0000 -0.1433E-08 -0.1930E-08 -0.1858E-08 -0.1541E-08 -0.1220E-08 -0.9323E-09 -0.7190E-09 -0.5601E-09 -0.4369E-09 -0.3406E-09 -0.2710E-09 -0.2214E-09 -0.1852E-09 -0.1579E-09 -0.1364E-09 -0.1184E-09 -0.1028E-09 -0.8955E-10 -0.7902E-10 -0.7079E-10 -0.6425E-10 -0.5927E-10 -0.5635E-10 -0.5510E-10 -0.5600E-10 -0.5402E-10
     12.7371      220.0000 -0.1508E-08 -0.1780E-08 -0.1540E-08 -0.1156E-08 -0.8340E-09 -0.5893E-09 -0.4244E-09 -0.3126E-09 -0.2347E-09 -0.1785E-09 -0.1392E-09 -0.1116E-09 -0.9171E-10 -0.7699E-10 -0.6565E-10 -0.5637E-10 -0.4862E-10 -0.4216E-10 -0.3706E-10 -0.3306E-10 -0.2989E-10 -0.2746E-10 -0.2594E-10 -0.2512E-10 -0.2504E-10 -0.2302E-10
     12.8726      230.0000 -0.1501E-08 -0.1553E-08 -0.1210E-08 -0.8343E-09 -0.5608E-09 -0.3745E-09 -0.2571E-09 -0.1824E-09 -0.1337E-09 -0.1005E-09 -0.7760E-10 -0.6160E-10 -0.5019E-10 -0.4180E-10 -0.3542E-10 -0.3028E-10 -0.2605E-10 -0.2256E-10 -0.1982E-10 -0.1767E-10 -0.1596E-10 -0.1465E-10 -0.1380E-10 -0.1330E-10 -0.1306E-10 -0.1145E-10
     13.0081      240.0000 -0.1438E-08 -0.1310E-08 -0.9270E-09 -0.5938E-09 -0.3773E-09 -0.2410E-09 -0.1594E-09 -0.1098E-09 -0.7925E-10 -0.5918E-10 -0.4549E-10 -0.3593E-10 -0.2916E-10 -0.2420E-10 -0.2046E-10 -0.1747E-10 -0.1503E-10 -0.1304E-10 -0.1147E-10 -0.1024E-10 -0.9267E-11 -0.8519E-11 -0.8037E-11 -0.7739E-11 -0.7522E-11 -0.6276E-11
     13.1436      250.0000 -0.1341E-08 -0.1085E-08 -0.7019E-09 -0.4205E-09 -0.2543E-09 -0.1559E-09 -0.9963E-10 -0.6686E-10 -0.4760E-10 -0.3542E-10 -0.2719E-10 -0.2144E-10 -0.1738E-10 -0.1443E-10 -0.1221E-10 -0.1044E-10 -0.9009E-11 -0.7842E-11 -0.6925E-11 -0.6208E-11 -0.5643E-11 -0.5215E-11 -0.4946E-11 -0.4785E-11 -0.4624E-11 -0.3657E-11
     13.2791      260.0000 -0.1226E-08 -0.8890E-09 -0.5286E-09 -0.2965E-09 -0.1707E-09 -0.1002E-09 -0.6155E-10 -0.4005E-10 -0.2809E-10 -0.2086E-10 -0.1602E-10 -0.1264E-10 -0.1027E-10 -0.8560E-11 -0.7275E-11 -0.6256E-11 -0.5430E-11 -0.4757E-11 -0.4231E-11 -0.3821E-11 -0.3504E-11 -0.3269E-11 -0.3136E-11 -0.3068E-11 -0.2962E-11 -0.2201E-11
     13.4146      270.0000 -0.1104E-08 -0.7245E-09 -0.3967E-09 -0.2074E-09 -0.1130E-09 -0.6262E-10 -0.3642E-10 -0.2261E-10 -0.1550E-10 -0.1149E-10 -0.8846E-11 -0.7007E-11 -0.5734E-11 -0.4826E-11 -0.4148E-11 -0.3608E-11 -0.3168E-11 -0.2808E-11 -0.2530E-11 -0.2316E-11 -0.2156E-11 -0.2046E-11 -0.2002E-11 -0.2000E-11 -0.1939E-11 -0.1331E-11
     13.5501      280.0000 -0.9813E-09 -0.5884E-09 -0.2965E-09 -0.1430E-09 -0.7247E-10 -0.3677E-10 -0.1937E-10 -0.1091E-10 -0.7094E-11 -0.5229E-11 -0.4061E-11 -0.3253E-11 -0.2715E-11 -0.2346E-11 -0.2074E-11 -0.1853E-11 -0.1670E-11 -0.1517E-11 -0.1402E-11 -0.1319E-11 -0.1264E-11 -0.1238E-11 -0.1255E-11 -0.1298E-11 -0.1274E-11 -0.7792E-12
     13.6856      290.0000 -0.8624E-09 -0.4762E-09 -0.2200E-09 -0.9579E-10 -0.4354E-10 -0.1864E-10 -0.7560E-11 -0.2866E-11 -0.1327E-11 -0.9341E-12 -0.7740E-12 -0.6744E-12 -0.6423E-12 -0.6427E-12 -0.6507E-12 -0.6486E-12 -0.6405E-12 -0.6294E-12 -0.6271E-12 -0.6333E-12 -0.6500E-12 -0.6816E-12 -0.7410E-12 -0.8177E-12 -0.8215E-12 -0.4105E-12
     13.8211      300.0000 -0.7483E-09 -0.3833E-09 -0.1608E-09 -0.6075E-10 -0.2257E-10 -0.5695E-11  0.7870E-12  0.2788E-11  0.2719E-11  0.2082E-11  0.1536E-11  0.1139E-11  0.8175E-12  0.5577E-12  0.3539E-12  0.2023E-12  0.8740E-13 -0.8305E-15 -0.7750E-13 -0.1467E-12 -0.2142E-12 -0.2863E-12 -0.3757E-12 -0.4758E-12 -0.5001E-12 -0.1514E-12
     13.9566      310.0000 -0.6391E-09 -0.3054E-09 -0.1143E-09 -0.3426E-10 -0.7062E-11  0.3724E-11  0.6807E-11  0.6850E-11  0.5624E-11  0.4248E-11  0.3196E-11  0.2444E-11  0.1870E-11  0.1425E-11  0.1081E-11  0.8191E-12  0.6159E-12  0.4562E-12  0.3227E-12  0.2081E-12  0.1041E-12  0.2911E-14 -0.1078E-12 -0.2243E-12 -0.2630E-12  0.4007E-13
     14.0921      320.0000 -0.5337E-09 -0.2387E-09 -0.7685E-10 -0.1374E-10  0.4687E-11  0.1075E-10  0.1127E-10  0.9851E-11  0.7769E-11  0.5846E-11  0.4419E-11  0.3407E-11  0.2647E-11  0.2067E-11  0.1621E-11  0.1279E-11  0.1010E-11  0.7976E-12  0.6220E-12  0.4741E-12  0.3432E-12  0.2207E-12  0.9477E-13 -0.3296E-13 -0.8100E-13  0.1896E-12
     14.2276      330.0000 -0.4308E-09 -0.1803E-09 -0.4585E-10  0.2661E-11  0.1390E-10  0.1619E-10  0.1469E-10  0.1216E-10  0.9416E-11  0.7069E-11  0.5353E-11  0.4141E-11  0.3241E-11  0.2558E-11  0.2035E-11  0.1632E-11  0.1314E-11  0.1061E-11  0.8529E-12  0.6795E-12  0.5282E-12  0.3898E-12  0.2531E-12  0.1179E-12  0.6473E-13  0.3136E-12
     14.3631      340.0000 -0.3283E-09 -0.1274E-09 -0.1915E-10  0.1635E-10  0.2147E-10  0.2060E-10  0.1747E-10  0.1403E-10  0.1075E-10  0.8053E-11  0.6098E-11  0.4726E-11  0.3714E-11  0.2951E-11  0.2367E-11  0.1915E-11  0.1557E-11  0.1271E-11  0.1038E-11  0.8440E-12  0.6767E-12  0.5261E-12  0.3815E-12  0.2419E-12  0.1872E-12  0.4236E-12
     14.4986      350.0000 -0.2239E-09 -0.7758E-10  0.4926E-11  0.2840E-10  0.2805E-10  0.2442E-10  0.1988E-10  0.1567E-10  0.1191E-10  0.8899E-11  0.6732E-11  0.5220E-11  0.4113E-11  0.3281E-11  0.2646E-11  0.2153E-11  0.1761E-11  0.1447E-11  0.1192E-11  0.9816E-12  0.8012E-12  0.6406E-12  0.4905E-12  0.3487E-12  0.2956E-12  0.5277E-12
     14.6341      360.0000 -0.1150E-09 -0.2855E-10  0.2782E-10  0.3966E-10  0.3418E-10  0.2797E-10  0.2214E-10  0.1721E-10  0.1301E-10  0.9681E-11  0.7310E-11  0.5666E-11  0.4470E-11  0.3577E-11  0.2896E-11  0.2366E-11  0.1943E-11  0.1603E-11  0.1328E-11  0.1103E-11  0.9107E-12  0.7418E-12  0.5877E-12  0.4456E-12  0.3975E-12  0.6331E-12
     14.7696       10.0000  0.1130E-11  0.2194E-10  0.5084E-10  0.5086E-10  0.4028E-10  0.3153E-10  0.2443E-10  0.1879E-10  0.1412E-10  0.1046E-10  0.7874E-11  0.6098E-11  0.4813E-11  0.3859E-11  0.3133E-11  0.2567E-11  0.2114E-11  0.1749E-11  0.1455E-11  0.1215E-11  0.1013E-11  0.8363E-12  0.6794E-12  0.5387E-12  0.4989E-12  0.7461E-12
     14.9051       20.0000  0.1276E-09  0.7629E-10  0.7526E-10  0.6268E-10  0.4675E-10  0.3532E-10  0.2690E-10  0.2050E-10  0.1531E-10  0.1129E-10  0.8463E-11  0.6541E-11  0.5163E-11  0.4144E-11  0.3373E-11  0.2769E-11  0.2285E-11  0.1894E-11  0.1580E-11  0.1326E-11  0.1113E-11  0.9295E-12  0.7709E-12  0.6336E-12  0.6061E-12  0.8738E-12
     15.0407       30.0000  0.2674E-09  0.1372E-09  0.1025E-09  0.7584E-10  0.5399E-10  0.3959E-10  0.2970E-10  0.2247E-10  0.1667E-10  0.1221E-10  0.9109E-11  0.7022E-11  0.5539E-11  0.4449E-11  0.3628E-11  0.2984E-11  0.2464E-11  0.2045E-11  0.1710E-11  0.1441E-11  0.1217E-11  0.1027E-11  0.8678E-12  0.7359E-12  0.7257E-12  0.1024E-11
     15.1762       40.0000  0.4234E-09  0.2080E-09  0.1343E-09  0.9118E-10  0.6246E-10  0.4461E-10  0.3304E-10  0.2480E-10  0.1829E-10  0.1328E-10  0.9850E-11  0.7568E-11  0.5961E-11  0.4791E-11  0.3913E-11  0.3223E-11  0.2664E-11  0.2211E-11  0.1853E-11  0.1567E-11  0.1332E-11  0.1135E-11  0.9763E-12  0.8527E-12  0.8661E-12  0.1208E-11
     15.3117       50.0000  0.5977E-09  0.2924E-09  0.1728E-09  0.1098E-09  0.7280E-10  0.5076E-10  0.3714E-10  0.2769E-10  0.2026E-10  0.1458E-10  0.1074E-10  0.8215E-11  0.6460E-11  0.5193E-11  0.4247E-11  0.3503E-11  0.2897E-11  0.2405E-11  0.2018E-11  0.1714E-11  0.1465E-11  0.1261E-11  0.1105E-11  0.9935E-12  0.1039E-11  0.1441E-11
     15.4472       60.0000  0.7911E-09  0.3953E-09  0.2211E-09  0.1333E-09  0.8591E-10  0.5857E-10  0.4238E-10  0.3138E-10  0.2278E-10  0.1622E-10  0.1184E-10  0.9017E-11  0.7075E-11  0.5688E-11  0.4660E-11  0.3849E-11  0.3184E-11  0.2644E-11  0.2223E-11  0.1896E-11  0.1631E-11  0.1419E-11  0.1267E-11  0.1172E-11  0.1261E-11  0.1745E-11
     15.5827       70.0000  0.1001E-08  0.5221E-09  0.2834E-09  0.1642E-09  0.1032E-09  0.6892E-10  0.4934E-10  0.3628E-10  0.2611E-10  0.1838E-10  0.1329E-10  0.1007E-10  0.7879E-11  0.6335E-11  0.5199E-11  0.4301E-11  0.3560E-11  0.2956E-11  0.2490E-11  0.2134E-11  0.1849E-11  0.1627E-11  0.1481E-11  0.1411E-11  0.1560E-11  0.2155E-11
     15.7182       80.0000  0.1222E-08  0.6788E-09  0.3658E-09  0.2061E-09  0.1270E-09  0.8323E-10  0.5900E-10  0.4309E-10  0.3075E-10  0.2138E-10  0.1530E-10  0.1152E-10  0.8995E-11  0.7235E-11  0.5950E-11  0.4932E-11  0.4085E-11  0.3392E-11  0.2865E-11  0.2468E-11  0.2156E-11  0.1920E-11  0.1784E-11  0.1747E-11  0.1979E-11  0.2727E-11
     15.8537       90.0000  0.1439E-08  0.8705E-09  0.4767E-09  0.2650E-09  0.1612E-09  0.1040E-09  0.7305E-10  0.5302E-10  0.3752E-10  0.2578E-10  0.1827E-10  0.1368E-10  0.1065E-10  0.8569E-11  0.7066E-11  0.5870E-11  0.4867E-11  0.4045E-11  0.3425E-11  0.2968E-11  0.2615E-11  0.2359E-11  0.2235E-11  0.2245E-11  0.2595E-11  0.3559E-11
     15.9892      100.0000  0.1630E-08  0.1098E-08  0.6276E-09  0.3507E-09  0.2124E-09  0.1356E-09  0.9457E-10  0.6826E-10  0.4798E-10  0.3264E-10  0.2294E-10  0.1708E-10  0.1327E-10  0.1069E-10  0.8839E-11  0.7361E-11  0.6113E-11  0.5088E-11  0.4324E-11  0.3770E-11  0.3350E-11  0.3058E-11  0.2950E-11  0.3027E-11  0.3549E-11  0.4823E-11
     16.1247      110.0000  0.1763E-08  0.1353E-08  0.8318E-09  0.4783E-09  0.2923E-09  0.1862E-09  0.1294E-09  0.9304E-10  0.6514E-10  0.4405E-10  0.3079E-10  0.2285E-10  0.1774E-10  0.1430E-10  0.1186E-10  0.9905E-11  0.8244E-11  0.6876E-11  0.5867E-11  0.5146E-11  0.4609E-11  0.4251E-11  0.4157E-11  0.4332E-11  0.5116E-11  0.6854E-11
     16.2602      120.0000  0.1801E-08  0.1604E-08  0.1099E-08  0.6704E-09  0.4212E-09  0.2712E-09  0.1888E-09  0.1358E-09  0.9520E-10  0.6441E-10  0.4500E-10  0.3339E-10  0.2593E-10  0.2095E-10  0.1742E-10  0.1459E-10  0.1218E-10  0.1019E-10  0.8727E-11  0.7695E-11  0.6935E-11  0.6444E-11  0.6358E-11  0.6681E-11  0.7886E-11  0.1035E-10
     16.3957      130.0000  0.1705E-08  0.1785E-08  0.1420E-08  0.9542E-09  0.6330E-09  0.4198E-09  0.2961E-09  0.2148E-09  0.1520E-09  0.1038E-09  0.7302E-10  0.5440E-10  0.4238E-10  0.3432E-10  0.2861E-10  0.2404E-10  0.2014E-10  0.1691E-10  0.1455E-10  0.1288E-10  0.1166E-10  0.1088E-10  0.1077E-10  0.1132E-10  0.1326E-10  0.1696E-10
     16.5312      140.0000  0.1455E-08  0.1790E-08  0.1722E-08  0.1337E-08  0.9723E-09  0.6845E-09  0.4993E-09  0.3708E-09  0.2684E-09  0.1876E-09  0.1342E-09  0.1011E-09  0.7932E-10  0.6456E-10  0.5402E-10  0.4555E-10  0.3834E-10  0.3238E-10  0.2798E-10  0.2484E-10  0.2253E-10  0.2104E-10  0.2078E-10  0.2174E-10  0.2507E-10  0.3108E-10
     16.6667      150.0000  0.1055E-08  0.1497E-08  0.1816E-08  0.1716E-08  0.1440E-08  0.1128E-08  0.8826E-09  0.6919E-09  0.5262E-09  0.3852E-09  0.2853E-09  0.2199E-09  0.1753E-09  0.1443E-09  0.1216E-09  0.1033E-09  0.8761E-10  0.7456E-10  0.6481E-10  0.5773E-10  0.5242E-10  0.4891E-10  0.4805E-10  0.4976E-10  0.5623E-10  0.6717E-10
     16.8022      160.0000  0.5464E-09  0.8513E-09  0.1409E-08  0.1716E-08  0.1751E-08  0.1625E-08  0.1452E-08  0.1276E-08  0.1079E-08  0.8691E-09  0.6938E-09  0.5648E-09  0.4688E-09  0.3973E-09  0.3425E-09  0.2964E-09  0.2559E-09  0.2213E-09  0.1947E-09  0.1747E-09  0.1593E-09  0.1486E-09  0.1451E-09  0.1484E-09  0.1637E-09  0.1874E-09
     16.9377      170.0000 -0.3320E-11 -0.4306E-10  0.3793E-09  0.8092E-09  0.1069E-08  0.1246E-08  0.1353E-08  0.1455E-08  0.1520E-08  0.1500E-08  0.1424E-08  0.1336E-08  0.1248E-08  0.1165E-08  0.1087E-08  0.1006E-08  0.9202E-09  0.8367E-09  0.7661E-09  0.7085E-09  0.6603E-09  0.6246E-09  0.6116E-09  0.6210E-09  0.6687E-09  0.7293E-09
     17.0732      180.0000 -0.5206E-09 -0.9372E-09 -0.8831E-09 -0.7222E-09 -0.6786E-09 -0.6372E-09 -0.6449E-09 -0.6193E-09 -0.5223E-09 -0.3890E-09 -0.2874E-09 -0.2189E-09 -0.1646E-09 -0.1225E-09 -0.9088E-10 -0.6593E-10 -0.4358E-10 -0.2686E-10 -0.1732E-10 -0.1109E-10 -0.5287E-11 -0.2856E-11 -0.5351E-11 -0.1248E-10 -0.3252E-10 -0.9322E-10
     17.2087      190.0000 -0.9470E-09 -0.1589E-08 -0.1755E-08 -0.1731E-08 -0.1732E-08 -0.1675E-08 -0.1639E-08 -0.1583E-08 -0.1470E-08 -0.1318E-08 -0.1194E-08 -0.1104E-08 -0.1037E-08 -0.9839E-09 -0.9358E-09 -0.8807E-09 -0.8175E-09 -0.7518E-09 -0.6954E-09 -0.6499E-09 -0.6124E-09 -0.5847E-09 -0.5773E-09 -0.5899E-09 -0.6370E-09 -0.6867E-09
     17.3442      200.0000 -0.1252E-08 -0.1903E-08 -0.2015E-08 -0.1856E-08 -0.1653E-08 -0.1409E-08 -0.1204E-08 -0.1025E-08 -0.8551E-09 -0.7006E-09 -0.5821E-09 -0.4952E-09 -0.4296E-09 -0.3784E-09 -0.3365E-09 -0.2986E-09 -0.2639E-09 -0.2330E-09 -0.2080E-09 -0.1883E-09 -0.1726E-09 -0.1608E-09 -0.1547E-09 -0.1537E-09 -0.1602E-09 -0.1626E-09
     17.4797      210.0000 -0.1433E-08 -0.1930E-08 -0.1858E-08 -0.1541E-08 -0.1220E-08 -0.9323E-09 -0.7190E-09 -0.5601E-09 -0.4369E-09 -0.3406E-09 -0.2710E-09 -0.2214E-09 -0.1852E-09 -0.1579E-09 -0.1364E-09 -0.1184E-09 -0.1028E-09 -0.8955E-10 -0.7902E-10 -0.7079E-10 -0.6425E-10 -0.5927E-10 -0.5635E-10 -0.5510E-10 -0.5600E-10 -0.5402E-10
     17.6152      220.0000 -0.1508E-08 -0.1780E-08 -0.1540E-08 -0.1156E-08 -0.8339E-09 -0.5893E-09 -0.4244E-09 -0.3126E-09 -0.2347E-09 -0.1785E-09 -0.1392E-09 -0.1116E-09 -0.9171E-10 -0.7699E-10 -0.6565E-10 -0.5637E-10 -0.4862E-10 -0.4216E-10 -0.3706E-10 -0.3306E-10 -0.2989E-10 -0.2746E-10 -0.2594E-10 -0.2512E-10 -0.2504E-10 -0.2302E-10
     17.7507      230.0000 -0.1501E-08 -0.1553E-08 -0.1210E-08 -0.8343E-09 -0.5607E-09 -0.3745E-09 -0.2571E-09 -0.1824E-09 -0.1337E-09 -0.1005E-09 -0.7760E-10 -0.6160E-10 -0.5019E-10 -0.4180E-10 -0.3542E-10 -0.3028E-10 -0.2605E-10 -0.2256E-10 -0.1982E-10 -0.1767E-10 -0.1596E-10 -0.1465E-10 -0.1380E-10 -0.1330E-10 -0.1306E-10 -0.1145E-10
     17.8862      240.0000 -0.1438E-08 -0.1310E-08 -0.9270E-09 -0.5938E-09 -0.3773E-09 -0.2410E-09 -0.1594E-09 -0.1098E-09 -0.7925E-10 -0.5918E-10 -0.4549E-10 -0.3593E-10 -0.2916E-10 -0.2420E-10 -0.2046E-10 -0.1747E-10 -0.1503E-10 -0.1304E-10 -0.1147E-10 -0.1024E-10 -0.9267E-11 -0.8519E-11 -0.8037E-11 -0.7739E-11 -0.7522E-11 -0.6276E-11
     18.0217      250.0000 -0.1341E-08 -0.1085E-08 -0.7019E-09 -0.4205E-09 -0.2543E-09 -0.1559E-09 -0.9963E-10 -0.6686E-10 -0.4760E-10 -0.3542E-10 -0.2719E-10 -0.2144E-10 -0.1738E-10 -0.1443E-10 -0.1221E-10 -0.1044E-10 -0.9009E-11 -0.7842E-11 -0.6925E-11 -0.6208E-11 -0.5643E-11 -0.5215E-11 -0.4946E-11 -0.4785E-11 -0.4624E-11 -0.3657E-11
     18.1572      260.0000 -0.1226E-08 -0.8890E-09 -0.5286E-09 -0.2965E-09 -0.1707E-09 -0.1002E-09 -0.6155E-10 -0.4005E-10 -0.2809E-10 -0.2086E-10 -0.1602E-10 -0.1264E-10 -0.1027E-10 -0.8560E-11 -0.7275E-11 -0.6256E-11 -0.5430E-11 -0.4757E-11 -0.4231E-11 -0.3821E-11 -0.3504E-11 -0.3269E-11 -0.3136E-11 -0.3068E-11 -0.2962E-11 -0.2201E-11
     18.2927      270.0000 -0.1104E-08 -0.7245E-09 -0.3967E-09 -0.2074E-09 -0.1130E-09 -0.6262E-10 -0.3642E-10 -0.2261E-10 -0.1550E-10 -0.1149E-10 -0.8846E-11 -0.7007E-11 -0.5734E-11 -0.4826E-11 -0.4148E-11 -0.3608E-11 -0.3168E-11 -0.2808E-11 -0.2530E-11 -0.2316E-11 -0.2156E-11 -0.2046E-11 -0.2002E-11 -0.2000E-11 -0.1939E-11 -0.1331E-11
     18.4282      280.0000 -0.9813E-09 -0.5884E-09 -0.2965E-09 -0.1430E-09 -0.7247E-10 -0.3677E-10 -0.1937E-10 -0.1091E-10 -0.7094E-11 -0.5229E-11 -0.4061E-11 -0.3253E-11 -0.2715E-11 -0.2346E-11 -0.2074E-11 -0.1853E-11 -0.1670E-11 -0.1517E-11 -0.1402E-11 -0.1319E-11 -0.1264E-11 -0.1238E-11 -0.1255E-11 -0.1298E-11 -0.1274E-11 -0.7792E-12
     18.5637      290.0000 -0.8624E-09 -0.4762E-09 -0.2200E-09 -0.9579E-10 -0.4354E-10 -0.1864E-10 -0.7560E-11 -0.2866E-11 -0.1327E-11 -0.9341E-12 -0.7740E-12 -0.6744E-12 -0.6423E-12 -0.6427E-12 -0.6507E-12 -0.6486E-12 -0.6405E-12 -0.6294E-12 -0.6271E-12 -0.6333E-12 -0.6500E-12 -0.6816E-12 -0.7410E-12 -0.8177E-12 -0.8215E-12 -0.4105E-12
     18.6992      300.0000 -0.7483E-09 -0.3833E-09 -0.1608E-09 -0.6075E-10 -0.2257E-10 -0.5695E-11  0.7870E-12  0.2788E-11  0.2719E-11  0.2082E-11  0.1536E-11  0.1139E-11  0.8175E-12  0.5577E-12  0.3539E-12  0.2023E-12  0.8740E-13 -0.8306E-15 -0.7750E-13 -0.1467E-12 -0.2142E-12 -0.2863E-12 -0.3757E-12 -0.4758E-12 -0.5001E-12 -0.1514E-12
     18.8347      310.0000 -0.6391E-09 -0.3054E-09 -0.1143E-09 -0.3426E-10 -0.7062E-11  0.3725E-11  0.6807E-11  0.6850E-11  0.5623E-11  0.4248E-11  0.3196E-11  0.2444E-11  0.1870E-11  0.1425E-11  0.1081E-11  0.8191E-12  0.6159E-12  0.4562E-12  0.3227E-12  0.2081E-12  0.1041E-12  0.2911E-14 -0.1078E-12 -0.2243E-12 -0.2630E-12  0.4007E-13
     18.9702      320.0000 -0.5337E-09 -0.2387E-09 -0.7685E-10 -0.1374E-10  0.4687E-11  0.1075E-10  0.1127E-10  0.9851E-11  0.7768E-11  0.5846E-11  0.4419E-11  0.3407E-11  0.2647E-11  0.2067E-11  0.1621E-11  0.1279E-11  0.1010E-11  0.7976E-12  0.6220E-12  0.4741E-12  0.3432E-12  0.2207E-12  0.9477E-13 -0.3296E-13 -0.8100E-13  0.1896E-12
     19.1057      330.0000 -0.4308E-09 -0.1803E-09 -0.4585E-10  0.2661E-11  0.1390E-10  0.1619E-10  0.1469E-10  0.1216E-10  0.9416E-11  0.7069E-11  0.5353E-11  0.4141E-11  0.3241E-11  0.2558E-11  0.2035E-11  0.1632E-11  0.1314E-11  0.1061E-11  0.8529E-12  0.6795E-12  0.5282E-12  0.3898E-12  0.2531E-12  0.1179E-12  0.6473E-13  0.3136E-12
     19.2412      340.0000 -0.3283E-09 -0.1274E-09 -0.1915E-10  0.1635E-10  0.2147E-10  0.2060E-10  0.1747E-10  0.1403E-10  0.1075E-10  0.8053E-11  0.6098E-11  0.4726E-11  0.3714E-11  0.2951E-11  0.2367E-11  0.1915E-11  0.1557E-11  0.1271E-11  0.1038E-11  0.8440E-12  0.6767E-12  0.5261E-12  0.3815E-12  0.2419E-12  0.1872E-12  0.4236E-12
     19.3767      350.0000 -0.2239E-09 -0.7758E-10  0.4926E-11  0.2840E-10  0.2805E-10  0.2442E-10  0.1988E-10  0.1567E-10  0.1191E-10  0.8899E-11  0.6732E-11  0.5220E-11  0.4113E-11  0.3281E-11  0.2646E-11  0.2153E-11  0.1761E-11  0.1447E-11  0.1192E-11  0.9816E-12  0.8012E-12  0.6406E-12  0.4905E-12  0.3487E-12  0.2956E-12  0.5277E-12
     19.5122      360.0000 -0.1150E-09 -0.2855E-10  0.2782E-10  0.3966E-10  0.3418E-10  0.2797E-10  0.2214E-10  0.1721E-10  0.1301E-10  0.9681E-11  0.7310E-11  0.5666E-11  0.4470E-11  0.3577E-11  0.2896E-11  0.2366E-11  0.1943E-11  0.1603E-11  0.1328E-11  0.1103E-11  0.9107E-12  0.7418E-12  0.5877E-12  0.4456E-12  0.3975E-12  0.6331E-12
     19.6477       10.0000  0.1130E-11  0.2194E-10  0.5084E-10  0.5086E-10  0.4028E-10  0.3152E-10  0.2443E-10  0.1879E-10  0.1412E-10  0.1046E-10  0.7874E-11  0.6098E-11  0.4813E-11  0.3859E-11  0.3133E-11  0.2567E-11  0.2114E-11  0.1749E-11  0.1455E-11  0.1215E-11  0.1013E-11  0.8363E-12  0.6794E-12  0.5387E-12  0.4989E-12  0.7461E-12
     19.7832       20.0000  0.1276E-09  0.7629E-10  0.7526E-10  0.6268E-10  0.4675E-10  0.3532E-10  0.2689E-10  0.2050E-10  0.1531E-10  0.1129E-10  0.8463E-11  0.6541E-11  0.5163E-11  0.4144E-11  0.3373E-11  0.2769E-11  0.2285E-11  0.1894E-11  0.1580E-11  0.1326E-11  0.1113E-11  0.9295E-12  0.7709E-12  0.6336E-12  0.6061E-12  0.8738E-12
     19.9187       30.0000  0.2674E-09  0.1372E-09  0.1025E-09  0.7583E-10  0.5398E-10  0.3959E-10  0.2970E-10  0.2247E-10  0.1667E-10  0.1221E-10  0.9109E-11  0.7022E-11  0.5539E-11  0.4449E-11  0.3628E-11  0.2984E-11  0.2464E-11  0.2045E-11  0.1710E-11  0.1441E-11  0.1217E-11  0.1027E-11  0.8678E-12  0.7359E-12  0.7257E-12  0.1024E-11
     20.0542       40.0000  0.4234E-09  0.2080E-09  0.1343E-09  0.9118E-10  0.6246E-10  0.4461E-10  0.3304E-10  0.2480E-10  0.1829E-10  0.1328E-10  0.9850E-11  0.7568E-11  0.5961E-11  0.4791E-11  0.3913E-11  0.3223E-11  0.2664E-11  0.2211E-11  0.1853E-11  0.1567E-11  0.1332E-11  0.1135E-11  0.9763E-12  0.8527E-12  0.8661E-12  0.1208E-11
     20.1897       50.0000  0.5977E-09  0.2924E-09  0.1728E-09  0.1098E-09  0.7280E-10  0.5076E-10  0.3714E-10  0.2769E-10  0.2026E-10  0.1458E-10  0.1073E-10  0.8215E-11  0.6460E-11  0.5193E-11  0.4247E-11  0.3503E-11  0.2897E-11  0.2405E-11  0.2018E-11  0.1714E-11  0.1465E-11  0.1261E-11  0.1105E-11  0.9935E-12  0.1039E-11  0.1441E-11
     20.3252       60.0000  0.7911E-09  0.3953E-09  0.2211E-09  0.1333E-09  0.8590E-10  0.5857E-10  0.4238E-10  0.3138E-10  0.2278E-10  0.1622E-10  0.1184E-10  0.9017E-11  0.7075E-11  0.5688E-11  0.4660E-11  0.3849E-11  0.3184E-11  0.2644E-11  0.2223E-11  0.1896E-11  0.1631E-11  0.1419E-11  0.1267E-11  0.1172E-11  0.1261E-11  0.1745E-11
     20.4607       70.0000  0.1001E-08  0.5221E-09  0.2834E-09  0.1642E-09  0.1032E-09  0.6892E-10  0.4934E-10  0.3628E-10  0.2611E-10  0.1838E-10  0.1329E-10  0.1007E-10  0.7879E-11  0.6335E-11  0.5199E-11  0.4301E-11  0.3560E-11  0.2956E-11  0.2490E-11  0.2134E-11  0.1849E-11  0.1627E-11  0.1481E-11  0.1411E-11  0.1560E-11  0.2155E-11
     20.5962       80.0000  0.1222E-08  0.6788E-09  0.3658E-09  0.2060E-09  0.1270E-09  0.8323E-10  0.5899E-10  0.4309E-10  0.3075E-10  0.2138E-10  0.1530E-10  0.1152E-10  0.8995E-11  0.7235E-11  0.5950E-11  0.4932E-11  0.4085E-11  0.3392E-11  0.2865E-11  0.2468E-11  0.2156E-11  0.1920E-11  0.1784E-11  0.1747E-11  0.1979E-11  0.2727E-11
     20.7317       90.0000  0.1439E-08  0.8705E-09  0.4767E-09  0.2650E-09  0.1612E-09  0.1040E-09  0.7305E-10  0.5302E-10  0.3752E-10  0.2578E-10  0.1827E-10  0.1368E-10  0.1065E-10  0.8569E-11  0.7066E-11  0.5870E-11  0.4867E-11  0.4045E-11  0.3425E-11  0.2968E-11  0.2615E-11  0.2359E-11  0.2235E-11  0.2245E-11  0.2595E-11  0.3559E-11
     20.8672      100.0000  0.1630E-08  0.1098E-08  0.6276E-09  0.3506E-09  0.2124E-09  0.1356E-09  0.9457E-10  0.6826E-10  0.4798E-10  0.3264E-10  0.2294E-10  0.1708E-10  0.1327E-10  0.1069E-10  0.8839E-11  0.7361E-11  0.6113E-11  0.5088E-11  0.4324E-11  0.3770E-11  0.3350E-11  0.3058E-11  0.2950E-11  0.3027E-11  0.3549E-11  0.4823E-11
     21.0027      110.0000  0.1763E-08  0.1353E-08  0.8318E-09  0.4783E-09  0.2923E-09  0.1862E-09  0.1294E-09  0.9304E-10  0.6514E-10  0.4405E-10  0.3079E-10  0.2285E-10  0.1774E-10  0.1430E-10  0.1186E-10  0.9905E-11  0.8244E-11  0.6876E-11  0.5867E-11  0.5146E-11  0.4609E-11  0.4251E-11  0.4157E-11  0.4332E-11  0.5116E-11  0.6854E-11
     21.1382      120.0000  0.1801E-08  0.1604E-08  0.1099E-08  0.6704E-09  0.4212E-09  0.2712E-09  0.1888E-09  0.1358E-09  0.9520E-10  0.6441E-10  0.4500E-10  0.3339E-10  0.2593E-10  0.2095E-10  0.1742E-10  0.1459E-10  0.1218E-10  0.1019E-10  0.8727E-11  0.7695E-11  0.6935E-11  0.6444E-11  0.6358E-11  0.6681E-11  0.7886E-11  0.1035E-10
     21.2737      130.0000  0.1705E-08  0.1785E-08  0.1420E-08  0.9542E-09  0.6330E-09  0.4198E-09  0.2961E-09  0.2148E-09  0.1520E-09  0.1038E-09  0.7302E-10  0.5440E-10  0.4238E-10  0.3432E-10  0.2861E-10  0.2404E-10  0.2014E-10  0.1691E-10  0.1455E-10  0.1288E-10  0.1166E-10  0.1088E-10  0.1077E-10  0.1132E-10  0.1326E-10  0.1696E-10
     21.4092      140.0000  0.1455E-08  0.1790E-08  0.1722E-08  0.1337E-08  0.9723E-09  0.6845E-09  0.4993E-09  0.3708E-09  0.2684E-09  0.1876E-09  0.1342E-09  0.1011E-09  0.7932E-10  0.6456E-10  0.5402E-10  0.4555E-10  0.3834E-10  0.3238E-10  0.2798E-10  0.2484E-10  0.2253E-10  0.2104E-10  0.2078E-10  0.2174E-10  0.2507E-10  0.3108E-10
     21.5447      150.0000  0.1055E-08  0.1497E-08  0.1816E-08  0.1716E-08  0.1440E-08  0.1128E-08  0.8826E-09  0.6918E-09  0.5262E-09  0.3852E-09  0.2853E-09  0.2199E-09  0.1753E-09  0.1443E-09  0.1216E-09  0.1033E-09  0.8761E-10  0.7456E-10  0.6481E-10  0.5773E-10  0.5242E-10  0.4891E-10  0.4805E-10  0.4976E-10  0.5623E-10  0.6717E-10
     21.6802      160.0000  0.5464E-09  0.8513E-09  0.1409E-08  0.1716E-08  0.1751E-08  0.1625E-08  0.1452E-08  0.1276E-08  0.1079E-08  0.8691E-09  0.6938E-09  0.5648E-09  0.4688E-09  0.3973E-09  0.3425E-09  0.2964E-09  0.2559E-09  0.2213E-09  0.1947E-09  0.1747E-09  0.1593E-09  0.1486E-09  0.1451E-09  0.1484E-09  0.1637E-09  0.1874E-09
     21.8157      170.0000 -0.3320E-11 -0.4306E-10  0.3793E-09  0.8092E-09  0.1069E-08  0.1245E-08  0.1353E-08  0.1455E-08  0.1520E-08  0.1500E-08  0.1424E-08  0.1336E-08  0.1248E-08  0.1165E-08  0.1087E-08  0.1006E-08  0.9202E-09  0.8367E-09  0.7661E-09  0.7085E-09  0.6603E-09  0.6246E-09  0.6116E-09  0.6210E-09  0.6687E-09  0.7293E-09
     21.9512      180.0000 -0.5206E-09 -0.9372E-09 -0.8831E-09 -0.7222E-09 -0.6786E-09 -0.6372E-09 -0.6449E-09 -0.6193E-09 -0.5223E-09 -0.3890E-09 -0.2874E-09 -0.2189E-09 -0.1646E-09 -0.1225E-09 -0.9088E-10 -0.6593E-10 -0.4358E-10 -0.2686E-10 -0.1732E-10 -0.1109E-10 -0.5287E-11 -0.2855E-11 -0.5351E-11 -0.1248E-10 -0.3252E-10 -0.9322E-10
     22.0867      190.0000 -0.9470E-09 -0.1589E-08 -0.1755E-08 -0.1731E-08 -0.1732E-08 -0.1675E-08 -0.1639E-08 -0.1583E-08 -0.1470E-08 -0.1318E-08 -0.1194E-08 -0.1104E-08 -0.1037E-08 -0.9839E-09 -0.9358E-09 -0.8807E-09 -0.8175E-09 -0.7518E-09 -0.6954E-09 -0.6499E-09 -0.6124E-09 -0.5847E-09 -0.5773E-09 -0.5899E-09 -0.6370E-09 -0.6867E-09
     22.2222      200.0000 -0.1252E-08 -0.1903E-08 -0.2015E-08 -0.1856E-08 -0.1653E-08 -0.1409E-08 -0.1204E-08 -0.1025E-08 -0.8551E-09 -0.7006E-09 -0.5821E-09 -0.4952E-09 -0.4296E-09 -0.3784E-09 -0.3365E-09 -0.2986E-09 -0.2639E-09 -0.2330E-09 -0.2080E-09 -0.1883E-09 -0.1726E-09 -0.1608E-09 -0.1547E-09 -0.1537E-09 -0.1602E-09 -0.1626E-09
     22.3577      210.0000 -0.1433E-08 -0.1930E-08 -0.1858E-08 -0.1541E-08 -0.1220E-08 -0.9322E-09 -0.7189E-09 -0.5601E-09 -0.4369E-09 -0.3406E-09 -0.2710E-09 -0.2214E-09 -0.1852E-09 -0.1579E-09 -0.1364E-09 -0.1184E-09 -0.1028E-09 -0.8955E-10 -0.7902E-10 -0.7079E-10 -0.6425E-10 -0.5927E-10 -0.5635E-10 -0.5510E-10 -0.5600E-10 -0.5402E-10
     22.4932      220.0000 -0.1508E-08 -0.1780E-08 -0.1540E-08 -0.1156E-08 -0.8339E-09 -0.5893E-09 -0.4244E-09 -0.3126E-09 -0.2347E-09 -0.1785E-09 -0.1392E-09 -0.1116E-09 -0.9171E-10 -0.7699E-10 -0.6565E-10 -0.5637E-10 -0.4862E-10 -0.4216E-10 -0.3706E-10 -0.3306E-10 -0.2989E-10 -0.2746E-10 -0.2594E-10 -0.2512E-10 -0.2504E-10 -0.2302E-10
     22.6287      230.0000 -0.1501E-08 -0.1553E-08 -0.1210E-08 -0.8343E-09 -0.5607E-09 -0.3745E-09 -0.2571E-09 -0.1824E-09 -0.1337E-09 -0.1005E-09 -0.7760E-10 -0.6160E-10 -0.5019E-10 -0.4180E-10 -0.3542E-10 -0.3028E-10 -0.2605E-10 -0.2256E-10 -0.1982E-10 -0.1767E-10 -0.1596E-10 -0.1465E-10 -0.1380E-10 -0.1330E-10 -0.1306E-10 -0.1145E-10
     22.7642      240.0000 -0.1438E-08 -0.1310E-08 -0.9270E-09 -0.5938E-09 -0.3773E-09 -0.2410E-09 -0.1594E-09 -0.1098E-09 -0.7925E-10 -0.5918E-10 -0.4549E-10 -0.3593E-10 -0.2916E-10 -0.2420E-10 -0.2046E-10 -0.1747E-10 -0.1503E-10 -0.1304E-10 -0.1147E-10 -0.1024E-10 -0.9267E-11 -0.8519E-11 -0.8037E-11 -0.7739E-11 -0.7522E-11 -0.6276E-11
     22.8997      250.0000 -0.1341E-08 -0.1085E-08 -0.7019E-09 -0.4205E-09 -0.2543E-09 -0.1559E-09 -0.9963E-10 -0.6686E-10 -0.4759E-10 -0.3542E-10 -0.2719E-10 -0.2144E-10 -0.1738E-10 -0.1443E-10 -0.1221E-10 -0.1044E-10 -0.9009E-11 -0.7842E-11 -0.6925E-11 -0.6208E-11 -0.5643E-11 -0.5215E-11 -0.4946E-11 -0.4785E-11 -0.4624E-11 -0.3657E-11
     23.0352      260.0000 -0.1226E-08 -0.8890E-09 -0.5286E-09 -0.2965E-09 -0.1707E-09 -0.1002E-09 -0.6155E-10 -0.4004E-10 -0.2809E-10 -0.2086E-10 -0.1602E-10 -0.1264E-10 -0.1027E-10 -0.8560E-11 -0.7275E-11 -0.6256E-11 -0.5430E-11 -0.4757E-11 -0.4231E-11 -0.3821E-11 -0.3504E-11 -0.3269E-11 -0.3136E-11 -0.3068E-11 -0.2962E-11 -0.2201E-11
     23.1707      270.0000 -0.1104E-08 -0.7245E-09 -0.3967E-09 -0.2074E-09 -0.1130E-09 -0.6262E-10 -0.3641E-10 -0.2261E-10 -0.1550E-10 -0.1149E-10 -0.8846E-11 -0.7007E-11 -0.5734E-11 -0.4826E-11 -0.4148E-11 -0.3608E-11 -0.3168E-11 -0.2808E-11 -0.2530E-11 -0.2316E-11 -0.2156E-11 -0.2046E-11 -0.2002E-11 -0.2000E-11 -0.1939E-11 -0.1331E-11
     23.3062      280.0000 -0.9813E-09 -0.5884E-09 -0.2965E-09 -0.1430E-09 -0.7246E-10 -0.3677E-10 -0.1937E-10 -0.1091E-10 -0.7094E-11 -0.5229E-11 -0.4061E-11 -0.3253E-11 -0.2715E-11 -0.2346E-11 -0.2074E-11 -0.1853E-11 -0.1670E-11 -0.1517E-11 -0.1402E-11 -0.1319E-11 -0.1264E-11 -0.1238E-11 -0.1255E-11 -0.1298E-11 -0.1274E-11 -0.7792E-12
     23.4417      290.0000 -0.8624E-09 -0.4762E-09 -0.2200E-09 -0.9579E-10 -0.4354E-10 -0.1864E-10 -0.7559E-11 -0.2866E-11 -0.1327E-11 -0.9341E-12 -0.7740E-12 -0.6744E-12 -0.6423E-12 -0.6427E-12 -0.6507E-12 -0.6486E-12 -0.6405E-12 -0.6294E-12 -0.6271E-12 -0.6333E-12 -0.6500E-12 -0.6816E-12 -0.7410E-12 -0.8177E-12 -0.8215E-12 -0.4105E-12
     23.5772      300.0000 -0.7483E-09 -0.3833E-09 -0.1608E-09 -0.6075E-10 -0.2257E-10 -0.5695E-11  0.7869E-12  0.2788E-11  0.2719E-11  0.2082E-11  0.1536E-11  0.1139E-11  0.8175E-12  0.5577E-12  0.3539E-12  0.2023E-12  0.8740E-13 -0.8306E-15 -0.7750E-13 -0.1467E-12 -0.2142E-12 -0.2863E-12 -0.3757E-12 -0.4758E-12 -0.5001E-12 -0.1514E-12
     23.7127      310.0000 -0.6391E-09 -0.3054E-09 -0.1143E-09 -0.3426E-10 -0.7062E-11  0.3725E-11  0.6807E-11  0.6850E-11  0.5623E-11  0.4248E-11  0.3196E-11  0.2444E-11  0.1870E-11  0.1425E-11  0.1081E-11  0.8191E-12  0.6159E-12  0.4562E-12  0.3227E-12  0.2081E-12  0.1041E-12  0.2911E-14 -0.1078E-12 -0.2243E-12 -0.2630E-12  0.4007E-13
     23.8482      320.0000 -0.5337E-09 -0.2387E-09 -0.7685E-10 -0.1374E-10  0.4687E-11  0.1075E-10  0.1126E-10  0.9851E-11  0.7768E-11  0.5846E-11  0.4419E-11  0.3407E-11  0.2647E-11  0.2067E-11  0.1621E-11  0.1279E-11  0.1010E-11  0.7976E-12  0.6220E-12  0.4741E-12  0.3432E-12  0.2207E-12  0.9477E-13 -0.3296E-13 -0.8100E-13  0.1896E-12
     23.9837      330.0000 -0.4308E-09 -0.1803E-09 -0.4585E-10  0.2661E-11  0.1390E-10  0.1619E-10  0.1469E-10  0.1216E-10  0.9416E-11  0.7069E-11  0.5353E-11  0.4141E-11  0.3241E-11  0.2558E-11  0.2035E-11  0.1632E-11  0.1314E-11  0.1061E-11  0.8529E-12  0.6795E-12  0.5282E-12  0.3898E-12  0.2531E-12  0.1179E-12  0.6473E-13  0.3136E-12
     24.1192      340.0000 -0.3283E-09 -0.1274E-09 -0.1915E-10  0.1635E-10  0.2146E-10  0.2060E-10  0.1747E-10  0.1403E-10  0.1075E-10  0.8053E-11  0.6098E-11  0.4726E-11  0.3714E-11  0.2951E-11  0.2367E-11  0.1915E-11  0.1557E-11  0.1271E-11  0.1038E-11  0.8440E-12  0.6767E-12  0.5261E-12  0.3815E-12  0.2419E-12  0.1872E-12  0.4236E-12
     24.2547      350.0000 -0.2239E-09 -0.7758E-10  0.4926E-11  0.2840E-10  0.2805E-10  0.2442E-10  0.1988E-10  0.1567E-10  0.1191E-10  0.8899E-11  0.6732E-11  0.5220E-11  0.4113E-11  0.3281E-11  0.2646E-11  0.2153E-11  0.1761E-11  0.1447E-11  0.1192E-11  0.9816E-12  0.8012E-12  0.6406E-12  0.4905E-12  0.3487E-12  0.2956E-12  0.5277E-12
     24.3902      360.0000 -0.1150E-09 -0.2855E-10  0.2782E-10  0.3966E-10  0.3418E-10  0.2797E-10  0.2214E-10  0.1721E-10  0.1301E-10  0.9681E-11  0.7310E-11  0.5666E-11  0.4470E-11  0.3577E-11  0.2896E-11  0.2366E-11  0.1943E-11  0.1603E-11  0.1328E-11  0.1103E-11  0.9107E-12  0.7418E-12  0.5877E-12  0.4456E-12  0.3975E-12  0.6331E-12
     24.5257       10.0000  0.1130E-11  0.2194E-10  0.5084E-10  0.5086E-10  0.4028E-10  0.3152E-10  0.2443E-10  0.1879E-10  0.1412E-10  0.1046E-10  0.7874E-11  0.6098E-11  0.4813E-11  0.3859E-11  0.3133E-11  0.2567E-11  0.2114E-11  0.1749E-11  0.1455E-11  0.1215E-11  0.1013E-11  0.8363E-12  0.6794E-12  0.5387E-12  0.4989E-12  0.7461E-12
     24.6612       20.0000  0.1276E-09  0.7629E-10  0.7526E-10  0.6268E-10  0.4675E-10  0.3532E-10  0.2689E-10  0.2050E-10  0.1531E-10  0.1129E-10  0.8463E-11  0.6541E-11  0.5163E-11  0.4144E-11  0.3373E-11  0.2769E-11  0.2285E-11  0.1894E-11  0.1580E-11  0.1326E-11  0.1113E-11  0.9295E-12  0.7709E-12  0.6336E-12  0.6061E-12  0.8738E-12
     24.7967       30.0000  0.2674E-09  0.1372E-09  0.1025E-09  0.7583E-10  0.5398E-10  0.3959E-10  0.2970E-10  0.2247E-10  0.1667E-10  0.1221E-10  0.9109E-11  0.7022E-11  0.5539E-11  0.4449E-11  0.3628E-11  0.2984E-11  0.2464E-11  0.2045E-11  0.1710E-11  0.1441E-11  0.1217E-11  0.1027E-11  0.8678E-12  0.7359E-12  0.7257E-12  0.1024E-11
     24.9322       40.0000  0.4234E-09  0.2080E-09  0.1343E-09  0.9117E-10  0.6246E-10  0.4461E-10  0.3304E-10  0.2480E-10  0.1829E-10  0.1328E-10  0.9850E-11  0.7568E-11  0.5961E-11  0.4791E-11  0.3913E-11  0.3223E-11  0.2664E-11  0.2211E-11  0.1853E-11  0.1567E-11  0.1332E-11  0.1135E-11  0.9763E-12  0.8527E-12  0.8661E-12  0.1208E-11
     25.0678       50.0000  0.5977E-09  0.2924E-09  0.1728E-09  0.1098E-09  0.7279E-10  0.5076E-10  0.3714E-10  0.2769E-10  0.2026E-10  0.1458E-10  0.1073E-10  0.8215E-11  0.6460E-11  0.5193E-11  0.4247E-11  0.3503E-11  0.2897E-11  0.2405E-11  0.2018E-11  0.1714E-11  0.1465E-11  0.1261E-11  0.1105E-11  0.9935E-12  0.1039E-11  0.1441E-11
     25.2033       60.0000  0.7911E-09  0.3953E-09  0.2211E-09  0.1333E-09  0.8590E-10  0.5857E-10  0.4238E-10  0.3138E-10  0.2278E-10  0.1622E-10  0.1184E-10  0.9017E-11  0.7075E-11  0.5688E-11  0.4660E-11  0.3849E-11  0.3184E-11  0.2644E-11  0.2223E-11  0.1896E-11  0.1631E-11  0.1419E-11  0.1267E-11  0.1172E-11  0.1261E-11  0.1745E-11
     25.3388       70.0000  0.1001E-08  0.5221E-09  0.2834E-09  0.1642E-09  0.1032E-09  0.6892E-10  0.4934E-10  0.3628E-10  0.2611E-10  0.1838E-10  0.1329E-10  0.1007E-10  0.7879E-11  0.6335E-11  0.5199E-11  0.4301E-11  0.3560E-11  0.2956E-11  0.2490E-11  0.2134E-11  0.1849E-11  0.1627E-11  0.1481E-11  0.1411E-11  0.1560E-11  0.2155E-11
     25.4743       80.0000  0.1222E-08  0.6788E-09  0.3658E-09  0.2060E-09  0.1270E-09  0.8323E-10  0.5899E-10  0.4309E-10  0.3075E-10  0.2138E-10  0.1530E-10  0.1152E-10  0.8995E-11  0.7235E-11  0.5950E-11  0.4932E-11  0.4085E-11  0.3392E-11  0.2865E-11  0.2468E-11  0.2156E-11  0.1920E-11  0.1784E-11  0.1747E-11  0.1979E-11  0.2727E-11
     25.6098       90.0000  0.1439E-08  0.8705E-09  0.4767E-09  0.2650E-09  0.1612E-09  0.1040E-09  0.7305E-10  0.5302E-10  0.3752E-10  0.2578E-10  0.1827E-10  0.1368E-10  0.1065E-10  0.8569E-11  0.7066E-11  0.5870E-11  0.4867E-11  0.4045E-11  0.3425E-11  0.2968E-11  0.2615E-11  0.2359E-11  0.2235E-11  0.2245E-11  0.2595E-11  0.3559E-11
     25.7453      100.0000  0.1630E-08  0.1098E-08  0.6276E-09  0.3506E-09  0.2124E-09  0.1356E-09  0.9457E-10  0.6826E-10  0.4798E-10  0.3264E-10  0.2294E-10  0.1708E-10  0.1327E-10  0.1069E-10  0.8839E-11  0.7361E-11  0.6113E-11  0.5088E-11  0.4324E-11  0.3770E-11  0.3350E-11  0.3058E-11  0.2950E-11  0.3027E-11  0.3549E-11  0.4823E-11
     25.8808      110.0000  0.1763E-08  0.1353E-08  0.8318E-09  0.4782E-09  0.2923E-09  0.1862E-09  0.1293E-09  0.9304E-10  0.6514E-10  0.4405E-10  0.3079E-10  0.2285E-10  0.1774E-10  0.1430E-10  0.1186E-10  0.9905E-11  0.8244E-11  0.6876E-11  0.5867E-11  0.5146E-11  0.4609E-11  0.4251E-11  0.4157E-11  0.4332E-11  0.5116E-11  0.6854E-11
     26.0163      120.0000  0.1801E-08  0.1604E-08  0.1099E-08  0.6704E-09  0.4212E-09  0.2712E-09  0.1888E-09  0.1358E-09  0.9520E-10  0.6441E-10  0.4500E-10  0.3339E-10  0.2593E-10  0.2095E-10  0.1742E-10  0.1459E-10  0.1218E-10  0.1019E-10  0.8727E-11  0.7695E-11  0.6935E-11  0.6444E-11  0.6358E-11  0.6681E-11  0.7886E-11  0.1035E-10
     26.1518      130.0000  0.1705E-08  0.1785E-08  0.1420E-08  0.9542E-09  0.6330E-09  0.4198E-09  0.2961E-09  0.2148E-09  0.1520E-09  0.1038E-09  0.7302E-10  0.5440E-10  0.4238E-10  0.3432E-10  0.2861E-10  0.2404E-10  0.2014E-10  0.1691E-10  0.1455E-10  0.1288E-10  0.1166E-10  0.1088E-10  0.1077E-10  0.1132E-10  0.1326E-10  0.1696E-10
     26.2873      140.0000  0.1455E-08  0.1790E-08  0.1722E-08  0.1337E-08  0.9723E-09  0.6845E-09  0.4993E-09  0.3708E-09  0.2684E-09  0.1876E-09  0.1342E-09  0.1011E-09  0.7932E-10  0.6456E-10  0.5402E-10  0.4555E-10  0.3834E-10  0.3238E-10  0.2798E-10  0.2484E-10  0.2253E-10  0.2104E-10  0.2078E-10  0.2174E-10  0.2507E-10  0.3108E-10
     26.4228      150.0000  0.1055E-08  0.1497E-08  0.1816E-08  0.1716E-08  0.1440E-08  0.1128E-08  0.8826E-09  0.6918E-09  0.5262E-09  0.3852E-09  0.2853E-09  0.2199E-09  0.1753E-09  0.1443E-09  0.1216E-09  0.1033E-09  0.8761E-10  0.7456E-10  0.6481E-10  0.5773E-10  0.5242E-10  0.4891E-10  0.4805E-10  0.4976E-10  0.5623E-10  0.6717E-10
     26.5583      160.0000  0.5464E-09  0.8513E-09  0.1409E-08  0.1716E-08  0.1751E-08  0.1625E-08  0.1452E-08  0.1276E-08  0.1079E-08  0.8691E-09  0.6938E-09  0.5648E-09  0.4688E-09  0.3973E-09  0.3425E-09  0.2964E-09  0.2559E-09  0.2213E-09  0.1947E-09  0.1747E-09  0.1593E-09  0.1486E-09  0.1451E-09  0.1484E-09  0.1637E-09  0.1874E-09
     26.6938      170.0000 -0.3320E-11 -0.4306E-10  0.3793E-09  0.8092E-09  0.1069E-08  0.1245E-08  0.1353E-08  0.1455E-08  0.1520E-08  0.1500E-08  0.1424E-08  0.1336E-08  0.1248E-08  0.1165E-08  0.1087E-08  0.1006E-08  0.9202E-09  0.8367E-09  0.7661E-09  0.7085E-09  0.6603E-09  0.6246E-09  0.6116E-09  0.6210E-09  0.6687E-09  0.7293E-09
     26.8293      180.0000 -0.5206E-09 -0.9372E-09 -0.8831E-09 -0.7222E-09 -0.6786E-09 -0.6372E-09 -0.6449E-09 -0.6193E-09 -0.5223E-09 -0.3890E-09 -0.2874E-09 -0.2189E-09 -0.1646E-09 -0.1225E-09 -0.9088E-10 -0.6593E-10 -0.4358E-10 -0.2686E-10 -0.1732E-10 -0.1109E-10 -0.5287E-11 -0.2855E-11 -0.5351E-11 -0.1248E-10 -0.3252E-10 -0.9322E-10
     26.9648      190.0000 -0.9470E-09 -0.1589E-08 -0.1755E-08 -0.1731E-08 -0.1732E-08 -0.1675E-08 -0.1639E-08 -0.1583E-08 -0.1470E-08 -0.1318E-08 -0.1194E-08 -0.1104E-08 -0.1037E-08 -0.9839E-09 -0.9358E-09 -0.8807E-09 -0.8175E-09 -0.7518E-09 -0.6954E-09 -0.6499E-09 -0.6124E-09 -0.5847E-09 -0.5773E-09 -0.5899E-09 -0.6370E-09 -0.6867E-09
     27.1003      200.0000 -0.1252E-08 -0.1903E-08 -0.2015E-08 -0.1856E-08 -0.1653E-08 -0.1409E-08 -0.1204E-08 -0.1025E-08 -0.8551E-09 -0.7006E-09 -0.5821E-09 -0.4952E-09 -0.4296E-09 -0.3784E-09 -0.3365E-09 -0.2986E-09 -0.2639E-09 -0.2330E-09 -0.2080E-09 -0.1883E-09 -0.1726E-09 -0.1608E-09 -0.1547E-09 -0.1537E-09 -0.1602E-09 -0.1626E-09
     27.2358      210.0000 -0.1433E-08 -0.1930E-08 -0.1858E-08 -0.1541E-08 -0.1220E-08 -0.9322E-09 -0.7189E-09 -0.5601E-09 -0.4368E-09 -0.3406E-09 -0.2710E-09 -0.2214E-09 -0.1852E-09 -0.1579E-09 -0.1364E-09 -0.1184E-09 -0.1028E-09 -0.8955E-10 -0.7902E-10 -0.7079E-10 -0.6425E-10 -0.5927E-10 -0.5635E-10 -0.5510E-10 -0.5600E-10 -0.5402E-10
     27.3713      220.0000 -0.1508E-08 -0.1780E-08 -0.1540E-08 -0.1156E-08 -0.8339E-09 -0.5893E-09 -0.4244E-09 -0.3126E-09 -0.2347E-09 -0.1785E-09 -0.1392E-09 -0.1116E-09 -0.9171E-10 -0.7699E-10 -0.6565E-10 -0.5637E-10 -0.4862E-10 -0.4216E-10 -0.3706E-10 -0.3306E-10 -0.2989E-10 -0.2746E-10 -0.2594E-10 -0.2512E-10 -0.2504E-10 -0.2302E-10
     27.5068      230.0000 -0.1501E-08 -0.1553E-08 -0.1210E-08 -0.8343E-09 -0.5607E-09 -0.3745E-09 -0.2571E-09 -0.1824E-09 -0.1337E-09 -0.1005E-09 -0.7760E-10 -0.6160E-10 -0.5019E-10 -0.4180E-10 -0.3542E-10 -0.3028E-10 -0.2605E-10 -0.2256E-10 -0.1982E-10 -0.1767E-10 -0.1596E-10 -0.1465E-10 -0.1380E-10 -0.1330E-10 -0.1306E-10 -0.1145E-10
     27.6423      240.0000 -0.1438E-08 -0.1310E-08 -0.9270E-09 -0.5938E-09 -0.3773E-09 -0.2409E-09 -0.1594E-09 -0.1098E-09 -0.7925E-10 -0.5918E-10 -0.4549E-10 -0.3593E-10 -0.2916E-10 -0.2420E-10 -0.2046E-10 -0.1747E-10 -0.1503E-10 -0.1304E-10 -0.1147E-10 -0.1024E-10 -0.9267E-11 -0.8519E-11 -0.8037E-11 -0.7739E-11 -0.7522E-11 -0.6276E-11
     27.7778      250.0000 -0.1341E-08 -0.1085E-08 -0.7019E-09 -0.4205E-09 -0.2543E-09 -0.1559E-09 -0.9963E-10 -0.6686E-10 -0.4759E-10 -0.3542E-10 -0.2719E-10 -0.2144E-10 -0.1738E-10 -0.1443E-10 -0.1221E-10 -0.1044E-10 -0.9009E-11 -0.7842E-11 -0.6925E-11 -0.6208E-11 -0.5643E-11 -0.5215E-11 -0.4946E-11 -0.4785E-11 -0.4624E-11 -0.3657E-11
     27.9133      260.0000 -0.1226E-08 -0.8890E-09 -0.5286E-09 -0.2965E-09 -0.1707E-09 -0.1002E-09 -0.6155E-10 -0.4004E-10 -0.2809E-10 -0.2086E-10 -0.1602E-10 -0.1264E-10 -0.1027E-10 -0.8560E-11 -0.7275E-11 -0.6256E-11 -0.5430E-11 -0.4757E-11 -0.4231E-11 -0.3821E-11 -0.3504E-11 -0.3269E-11 -0.3136E-11 -0.3068E-11 -0.2962E-11 -0.2201E-11
     28.0488      270.0000 -0.1104E-08 -0.7245E-09 -0.3967E-09 -0.2074E-09 -0.1130E-09 -0.6262E-10 -0.3641E-10 -0.2261E-10 -0.1550E-10 -0.1149E-10 -0.8846E-11 -0.7007E-11 -0.5734E-11 -0.4826E-11 -0.4148E-11 -0.3608E-11 -0.3168E-11 -0.2808E-11 -0.2530E-11 -0.2316E-11 -0.2156E-11 -0.2046E-11 -0.2002E-11 -0.2000E-11 -0.1939E-11 -0.1331E-11
     28.1843      280.0000 -0.9813E-09 -0.5884E-09 -0.2965E-09 -0.1430E-09 -0.7246E-10 -0.3677E-10 -0.1937E-10 -0.1091E-10 -0.7094E-11 -0.5229E-11 -0.4061E-11 -0.3253E-11 -0.2715E-11 -0.2346E-11 -0.2074E-11 -0.1853E-11 -0.1670E-11 -0.1517E-11 -0.1402E-11 -0.1319E-11 -0.1264E-11 -0.1238E-11 -0.1255E-11 -0.1298E-11 -0.1274E-11 -0.7792E-12
     28.3198      290.0000 -0.8624E-09 -0.4762E-09 -0.2200E-09 -0.9579E-10 -0.4354E-10 -0.1864E-10 -0.7559E-11 -0.2866E-11 -0.1327E-11 -0.9341E-12 -0.7740E-12 -0.6744E-12 -0.6423E-12 -0.6427E-12 -0.6507E-12 -0.6486E-12 -0.6405E-12 -0.6294E-12 -0.6271E-12 -0.6333E-12 -0.6500E-12 -0.6816E-12 -0.7410E-12 -0.8177E-12 -0.8215E-12 -0.4105E-12
     28.4553      300.0000 -0.7483E-09 -0.3833E-09 -0.1608E-09 -0.6075E-10 -0.2257E-10 -0.5695E-11  0.7869E-12  0.2788E-11  0.2719E-11  0.2082E-11  0.1536E-11  0.1139E-11  0.8175E-12  0.5577E-12  0.3539E-12  0.2023E-12  0.8740E-13 -0.8306E-15 -0.7750E-13 -0.1467E-12 -0.2142E-12 -0.2863E-12 -0.3757E-12 -0.4758E-12 -0.5001E-12 -0.1514E-12
     28.5908      310.0000 -0.6391E-09 -0.3054E-09 -0.1143E-09 -0.3426E-10 -0.7062E-11  0.3725E-11  0.6807E-11  0.6850E-11  0.5623E-11  0.4248E-11  0.3196E-11  0.2444E-11  0.1870E-11  0.1425E-11  0.1081E-11  0.8191E-12  0.6159E-12  0.4562E-12  0.3227E-12  0.2081E-12  0.1041E-12  0.2911E-14 -0.1078E-12 -0.2243E-12 -0.2630E-12  0.4007E-13
     28.7263      320.0000 -0.5337E-09 -0.2387E-09 -0.7685E-10 -0.1374E-10  0.4687E-11  0.1075E-10  0.1126E-10  0.9851E-11  0.7768E-11  0.5846E-11  0.4419E-11  0.3407E-11  0.2647E-11  0.2067E-11  0.1621E-11  0.1279E-11  0.1010E-11  0.7976E-12  0.6220E-12  0.4741E-12  0.3432E-12  0.2207E-12  0.9477E-13 -0.3296E-13 -0.8100E-13  0.1896E-12
     28.8618      330.0000 -0.4308E-09 -0.1803E-09 -0.4585E-10  0.2661E-11  0.1390E-10  0.1619E-10  0.1469E-10  0.1216E-10  0.9416E-11  0.7069E-11  0.5353E-11  0.4141E-11  0.3241E-11  0.2558E-11  0.2035E-11  0.1632E-11  0.1314E-11  0.1061E-11  0.8529E-12  0.6795E-12  0.5282E-12  0.3898E-12  0.2531E-12  0.1179E-12  0.6473E-13  0.3136E-12
     28.9973      340.0000 -0.3283E-09 -0.1274E-09 -0.1915E-10  0.1635E-10  0.2146E-10  0.2060E-10  0.1747E-10  0.1403E-10  0.1075E-10  0.8053E-11  0.6098E-11  0.4726E-11  0.3714E-11  0.2951E-11  0.2367E-11  0.1915E-11  0.1557E-11  0.1271E-11  0.1038E-11  0.8440E-12  0.6767E-12  0.5261E-12  0.3815E-12  0.2419E-12  0.1872E-12  0.4236E-12
     29.1328      350.0000 -0.2239E-09 -0.7758E-10  0.4926E-11  0.2840E-10  0.2805E-10  0.2442E-10  0.1988E-10  0.1567E-10  0.1191E-10  0.8899E-11  0.6732E-11  0.5220E-11  0.4113E-11  0.3281E-11  0.2646E-11  0.2153E-11  0.1761E-11  0.1447E-11  0.1192E-11  0.9816E-12  0.8012E-12  0.6406E-12  0.4905E-12  0.3487E-12  0.2956E-12  0.5277E-12
     29.2683      360.0000 -0.1150E-09 -0.2855E-10  0.2782E-10  0.3966E-10  0.3418E-10  0.2797E-10  0.2214E-10  0.1721E-10  0.1301E-10  0.9681E-11  0.7310E-11  0.5666E-11  0.4470E-11  0.3577E-11  0.2896E-11  0.2366E-11  0.1943E-11  0.1603E-11  0.1328E-11  0.1103E-11  0.9107E-12  0.7418E-12  0.5877E-12  0.4456E-12  0.3975E-12  0.6331E-12
     29.4038       10.0000  0.1130E-11  0.2194E-10  0.5084E-10  0.5086E-10  0.4028E-10  0.3152E-10  0.2443E-10  0.1879E-10  0.1412E-10  0.1046E-10  0.7874E-11  0.6098E-11  0.4813E-11  0.3859E-11  0.3133E-11  0.2567E-11  0.2114E-11  0.1749E-11  0.1455E-11  0.1215E-11  0.1013E-11  0.8363E-12  0.6794E-12  0.5387E-12  0.4989E-12  0.7461E-12
     29.5393       20.0000  0.1276E-09  0.7629E-10  0.7526E-10  0.6268E-10  0.4675E-10  0.3532E-10  0.2689E-10  0.2050E-10  0.1531E-10  0.1129E-10  0.8463E-11  0.6541E-11  0.5163E-11  0.4144E-11  0.3373E-11  0.2769E-11  0.2285E-11  0.1894E-11  0.1580E-11  0.1326E-11  0.1113E-11  0.9295E-12  0.7709E-12  0.6336E-12  0.6061E-12  0.8738E-12
     29.6748       30.0000  0.2674E-09  0.1372E-09  0.1025E-09  0.7583E-10  0.5398E-10  0.3958E-10  0.2970E-10  0.2247E-10  0.1667E-10  0.1221E-10  0.9109E-11  0.7022E-11  0.5539E-11  0.4449E-11  0.3628E-11  0.2984E-11  0.2464E-11  0.2045E-11  0.1710E-11  0.1441E-11  0.1217E-11  0.1027E-11  0.8678E-12  0.7359E-12  0.7257E-12  0.1024E-11
     29.8103       40.0000  0.4234E-09  0.2080E-09  0.1343E-09  0.9117E-10  0.6246E-10  0.4461E-10  0.3303E-10  0.2480E-10  0.1829E-10  0.1328E-10  0.9850E-11  0.7568E-11  0.5961E-11  0.4791E-11  0.3913E-11  0.3223E-11  0.2664E-11  0.2211E-11  0.1853E-11  0.1567E-11  0.1332E-11  0.1135E-11  0.9763E-12  0.8527E-12  0.8661E-12  0.1208E-11
     29.9458       50.0000  0.5977E-09  0.2924E-09  0.1728E-09  0.1098E-09  0.7279E-10  0.5076E-10  0.3714E-10  0.2769E-10  0.2026E-10  0.1458E-10  0.1073E-10  0.8215E-11  0.6460E-11  0.5193E-11  0.4247E-11  0.3503E-11  0.2897E-11  0.2405E-11  0.2018E-11  0.1714E-11  0.1465E-11  0.1261E-11  0.1105E-11  0.9935E-12  0.1039E-11  0.1441E-11
