Time history of radial distribution for BEM variable: Ct[-] for blade 2
                          rCurvi[m] (curvilinear radial distance)
                                0.7893      2.3680      3.9466      5.5253      7.1039      8.6826     10.2612     11.8399     13.4185     14.9971     16.5758     18.1544     19.7331     21.3117     22.8904     24.4690     26.0477     27.6263     29.2050     30.7836     32.3623     33.9409     35.5196     37.0982     38.2822     39.0715
                          zB[m] (radial coordinate along blade axis)
     time[s]  azimuth[deg]      0.1832      1.7542      3.3285      4.9054      6.4835      8.0620      9.6414     11.2243     12.8081     14.3900     15.9679     17.5463     19.1248     20.7032     22.2813     23.8591     25.4364     27.0129     28.5887     30.1635     31.7374     33.3104     34.8826     36.4547     37.6320     38.4137
      0.0000      240.0000 -0.1787E+00 -0.3063E+00 -0.1715E+00 -0.2790E-01  0.5273E-02 -0.1659E-01  0.3168E-01  0.4611E-01  0.5141E-01  0.5077E-01  0.4926E-01  0.4798E-01  0.4851E-01  0.4998E-01  0.5159E-01  0.5252E-01  0.5303E-01  0.5287E-01  0.5250E-01  0.5237E-01  0.5285E-01  0.5361E-01  0.5496E-01  0.5537E-01  0.5075E-01  0.2405E-01
      0.1355      250.0000 -0.1787E+00 -0.3063E+00 -0.1715E+00 -0.2732E-01  0.6224E-02 -0.1619E-01  0.3196E-01  0.4624E-01  0.5147E-01  0.5080E-01  0.4927E-01  0.4799E-01  0.4851E-01  0.4998E-01  0.5159E-01  0.5252E-01  0.5303E-01  0.5287E-01  0.5250E-01  0.5237E-01  0.5285E-01  0.5361E-01  0.5496E-01  0.5537E-01  0.5075E-01  0.2405E-01
      0.2710      260.0000 -0.1787E+00 -0.3063E+00 -0.1715E+00 -0.2753E-01  0.6149E-02 -0.1625E-01  0.3195E-01  0.4623E-01  0.5147E-01  0.5080E-01  0.4927E-01  0.4799E-01  0.4851E-01  0.4998E-01  0.5159E-01  0.5252E-01  0.5303E-01  0.5287E-01  0.5250E-01  0.5237E-01  0.5285E-01  0.5361E-01  0.5496E-01  0.5537E-01  0.5075E-01  0.2405E-01
      0.4065      270.0000 -0.1787E+00 -0.3063E+00 -0.1715E+00 -0.2757E-01  0.6131E-02 -0.1627E-01  0.3195E-01  0.4623E-01  0.5147E-01  0.5080E-01  0.4927E-01  0.4799E-01  0.4851E-01  0.4998E-01  0.5159E-01  0.5252E-01  0.5303E-01  0.5287E-01  0.5250E-01  0.5237E-01  0.5285E-01  0.5361E-01  0.5496E-01  0.5537E-01  0.5075E-01  0.2405E-01
      0.5420      280.0000 -0.1787E+00 -0.3063E+00 -0.1715E+00 -0.2757E-01  0.6130E-02 -0.1626E-01  0.3195E-01  0.4623E-01  0.5147E-01  0.5080E-01  0.4927E-01  0.4799E-01  0.4851E-01  0.4998E-01  0.5159E-01  0.5252E-01  0.5303E-01  0.5287E-01  0.5250E-01  0.5237E-01  0.5285E-01  0.5361E-01  0.5496E-01  0.5537E-01  0.5075E-01  0.2405E-01
      0.6775      290.0000 -0.1787E+00 -0.3063E+00 -0.1715E+00 -0.2755E-01  0.6136E-02 -0.1626E-01  0.3195E-01  0.4623E-01  0.5147E-01  0.5080E-01  0.4927E-01  0.4799E-01  0.4851E-01  0.4998E-01  0.5159E-01  0.5252E-01  0.5303E-01  0.5287E-01  0.5250E-01  0.5237E-01  0.5285E-01  0.5361E-01  0.5496E-01  0.5537E-01  0.5075E-01  0.2405E-01
      0.8130      300.0000 -0.1787E+00 -0.3063E+00 -0.1715E+00 -0.2752E-01  0.6142E-02 -0.1625E-01  0.3194E-01  0.4623E-01  0.5147E-01  0.5080E-01  0.4927E-01  0.4799E-01  0.4851E-01  0.4998E-01  0.5159E-01  0.5252E-01  0.5303E-01  0.5287E-01  0.5250E-01  0.5237E-01  0.5285E-01  0.5361E-01  0.5496E-01  0.5537E-01  0.5075E-01  0.2405E-01
      0.9485      310.0000 -0.1787E+00 -0.3063E+00 -0.1715E+00 -0.2750E-01  0.6147E-02 -0.1624E-01  0.3194E-01  0.4623E-01  0.5147E-01  0.5080E-01  0.4927E-01  0.4799E-01  0.4851E-01  0.4998E-01  0.5159E-01  0.5252E-01  0.5303E-01  0.5287E-01  0.5250E-01  0.5237E-01  0.5285E-01  0.5361E-01  0.5496E-01  0.5537E-01  0.5075E-01  0.2405E-01
      1.0840      320.0000 -0.1787E+00 -0.3063E+00 -0.1715E+00 -0.2748E-01  0.6152E-02 -0.1623E-01  0.3194E-01  0.4623E-01  0.5147E-01  0.5080E-01  0.4927E-01  0.4799E-01  0.4851E-01  0.4998E-01  0.5159E-01  0.5252E-01  0.5303E-01  0.5287E-01  0.5250E-01  0.5237E-01  0.5285E-01  0.5361E-01  0.5496E-01  0.5537E-01  0.5075E-01  0.2405E-01
      1.2195      330.0000 -0.1787E+00 -0.3063E+00 -0.1715E+00 -0.2746E-01  0.6155E-02 -0.1623E-01  0.3194E-01  0.4623E-01  0.5147E-01  0.5080E-01  0.4927E-01  0.4799E-01  0.4851E-01  0.4998E-01  0.5159E-01  0.5252E-01  0.5303E-01  0.5287E-01  0.5250E-01  0.5237E-01  0.5285E-01  0.5361E-01  0.5496E-01  0.5537E-01  0.5075E-01  0.2405E-01
      1.3550      340.0000 -0.1787E+00 -0.3063E+00 -0.1715E+00 -0.2745E-01  0.6158E-02 -0.1622E-01  0.3194E-01  0.4623E-01  0.5147E-01  0.5079E-01  0.4927E-01  0.4799E-01  0.4851E-01  0.4998E-01  0.5159E-01  0.5252E-01  0.5303E-01  0.5287E-01  0.5250E-01  0.5237E-01  0.5285E-01  0.5361E-01  0.5496E-01  0.5537E-01  0.5075E-01  0.2405E-01
      1.4905      350.0000 -0.1787E+00 -0.3063E+00 -0.1715E+00 -0.2743E-01  0.6160E-02 -0.1622E-01  0.3194E-01  0.4622E-01  0.5147E-01  0.5079E-01  0.4927E-01  0.4799E-01  0.4851E-01  0.4998E-01  0.5159E-01  0.5252E-01  0.5303E-01  0.5287E-01  0.5250E-01  0.5237E-01  0.5285E-01  0.5361E-01  0.5496E-01  0.5537E-01  0.5075E-01  0.2405E-01
      1.6260      360.0000 -0.1787E+00 -0.3063E+00 -0.1715E+00 -0.2742E-01  0.6161E-02 -0.1622E-01  0.3194E-01  0.4622E-01  0.5147E-01  0.5079E-01  0.4927E-01  0.4799E-01  0.4851E-01  0.4998E-01  0.5159E-01  0.5252E-01  0.5303E-01  0.5287E-01  0.5250E-01  0.5237E-01  0.5285E-01  0.5361E-01  0.5496E-01  0.5537E-01  0.5075E-01  0.2405E-01
      1.7615       10.0000 -0.1787E+00 -0.3063E+00 -0.1715E+00 -0.2741E-01  0.6162E-02 -0.1622E-01  0.3194E-01  0.4622E-01  0.5147E-01  0.5079E-01  0.4927E-01  0.4799E-01  0.4851E-01  0.4998E-01  0.5159E-01  0.5252E-01  0.5303E-01  0.5287E-01  0.5250E-01  0.5237E-01  0.5285E-01  0.5361E-01  0.5496E-01  0.5537E-01  0.5075E-01  0.2405E-01
      1.8970       20.0000 -0.1787E+00 -0.3063E+00 -0.1715E+00 -0.2740E-01  0.6162E-02 -0.1621E-01  0.3194E-01  0.4622E-01  0.5147E-01  0.5079E-01  0.4927E-01  0.4799E-01  0.4851E-01  0.4998E-01  0.5159E-01  0.5252E-01  0.5303E-01  0.5287E-01  0.5250E-01  0.5237E-01  0.5285E-01  0.5361E-01  0.5496E-01  0.5537E-01  0.5075E-01  0.2405E-01
      2.0325       30.0000 -0.1787E+00 -0.3063E+00 -0.1715E+00 -0.2739E-01  0.6162E-02 -0.1621E-01  0.3194E-01  0.4622E-01  0.5147E-01  0.5079E-01  0.4927E-01  0.4799E-01  0.4851E-01  0.4998E-01  0.5159E-01  0.5252E-01  0.5303E-01  0.5287E-01  0.5250E-01  0.5237E-01  0.5285E-01  0.5361E-01  0.5496E-01  0.5537E-01  0.5075E-01  0.2405E-01
      2.1680       40.0000 -0.1787E+00 -0.3063E+00 -0.1715E+00 -0.2738E-01  0.6161E-02 -0.1621E-01  0.3194E-01  0.4622E-01  0.5147E-01  0.5079E-01  0.4927E-01  0.4799E-01  0.4851E-01  0.4998E-01  0.5159E-01  0.5252E-01  0.5303E-01  0.5287E-01  0.5250E-01  0.5237E-01  0.5285E-01  0.5361E-01  0.5496E-01  0.5537E-01  0.5075E-01  0.2405E-01
      2.3035       50.0000 -0.1787E+00 -0.3063E+00 -0.1715E+00 -0.2738E-01  0.6161E-02 -0.1621E-01  0.3193E-01  0.4622E-01  0.5146E-01  0.5079E-01  0.4927E-01  0.4799E-01  0.4851E-01  0.4998E-01  0.5159E-01  0.5252E-01  0.5303E-01  0.5287E-01  0.5250E-01  0.5237E-01  0.5285E-01  0.5361E-01  0.5496E-01  0.5537E-01  0.5075E-01  0.2405E-01
      2.4390       60.0000 -0.1787E+00 -0.3063E+00 -0.1715E+00 -0.2737E-01  0.6159E-02 -0.1621E-01  0.3193E-01  0.4622E-01  0.5146E-01  0.5079E-01  0.4927E-01  0.4799E-01  0.4851E-01  0.4998E-01  0.5159E-01  0.5252E-01  0.5303E-01  0.5287E-01  0.5250E-01  0.5237E-01  0.5285E-01  0.5361E-01  0.5496E-01  0.5537E-01  0.5075E-01  0.2405E-01
      2.5745       70.0000 -0.1787E+00 -0.3063E+00 -0.1715E+00 -0.2737E-01  0.6158E-02 -0.1621E-01  0.3193E-01  0.4622E-01  0.5146E-01  0.5079E-01  0.4927E-01  0.4799E-01  0.4851E-01  0.4998E-01  0.5159E-01  0.5252E-01  0.5303E-01  0.5287E-01  0.5250E-01  0.5237E-01  0.5285E-01  0.5361E-01  0.5496E-01  0.5537E-01  0.5075E-01  0.2405E-01
      2.7100       80.0000 -0.1787E+00 -0.3063E+00 -0.1715E+00 -0.2737E-01  0.6157E-02 -0.1621E-01  0.3193E-01  0.4622E-01  0.5146E-01  0.5079E-01  0.4927E-01  0.4799E-01  0.4851E-01  0.4998E-01  0.5159E-01  0.5252E-01  0.5303E-01  0.5287E-01  0.5250E-01  0.5237E-01  0.5285E-01  0.5361E-01  0.5496E-01  0.5537E-01  0.5075E-01  0.2405E-01
      2.8455       90.0000 -0.1787E+00 -0.3063E+00 -0.1715E+00 -0.2736E-01  0.6155E-02 -0.1621E-01  0.3193E-01  0.4622E-01  0.5146E-01  0.5079E-01  0.4927E-01  0.4799E-01  0.4851E-01  0.4998E-01  0.5159E-01  0.5252E-01  0.5303E-01  0.5287E-01  0.5250E-01  0.5237E-01  0.5285E-01  0.5361E-01  0.5496E-01  0.5537E-01  0.5075E-01  0.2405E-01
      2.9810      100.0000 -0.1787E+00 -0.3063E+00 -0.1715E+00 -0.2736E-01  0.6154E-02 -0.1621E-01  0.3193E-01  0.4622E-01  0.5146E-01  0.5079E-01  0.4927E-01  0.4799E-01  0.4851E-01  0.4998E-01  0.5159E-01  0.5252E-01  0.5303E-01  0.5287E-01  0.5250E-01  0.5237E-01  0.5285E-01  0.5361E-01  0.5496E-01  0.5537E-01  0.5075E-01  0.2405E-01
      3.1165      110.0000 -0.1787E+00 -0.3063E+00 -0.1715E+00 -0.2736E-01  0.6152E-02 -0.1621E-01  0.3193E-01  0.4622E-01  0.5146E-01  0.5079E-01  0.4927E-01  0.4799E-01  0.4851E-01  0.4998E-01  0.5159E-01  0.5252E-01  0.5303E-01  0.5287E-01  0.5250E-01  0.5237E-01  0.5285E-01  0.5361E-01  0.5496E-01  0.5537E-01  0.5075E-01  0.2405E-01
      3.2520      120.0000 -0.1787E+00 -0.3063E+00 -0.1715E+00 -0.2735E-01  0.6150E-02 -0.1621E-01  0.3192E-01  0.4622E-01  0.5146E-01  0.5079E-01  0.4927E-01  0.4799E-01  0.4851E-01  0.4998E-01  0.5159E-01  0.5252E-01  0.5303E-01  0.5287E-01  0.5250E-01  0.5237E-01  0.5285E-01  0.5361E-01  0.5496E-01  0.5537E-01  0.5075E-01  0.2405E-01
      3.3875      130.0000 -0.1787E+00 -0.3063E+00 -0.1715E+00 -0.2735E-01  0.6148E-02 -0.1621E-01  0.3192E-01  0.4621E-01  0.5146E-01  0.5079E-01  0.4927E-01  0.4799E-01  0.4851E-01  0.4998E-01  0.5159E-01  0.5252E-01  0.5303E-01  0.5287E-01  0.5250E-01  0.5237E-01  0.5285E-01  0.5361E-01  0.5496E-01  0.5537E-01  0.5075E-01  0.2405E-01
      3.5230      140.0000 -0.1787E+00 -0.3063E+00 -0.1715E+00 -0.2735E-01  0.6146E-02 -0.1621E-01  0.3192E-01  0.4621E-01  0.5146E-01  0.5079E-01  0.4927E-01  0.4799E-01  0.4851E-01  0.4998E-01  0.5159E-01  0.5252E-01  0.5303E-01  0.5287E-01  0.5250E-01  0.5237E-01  0.5285E-01  0.5361E-01  0.5496E-01  0.5537E-01  0.5075E-01  0.2405E-01
      3.6585      150.0000 -0.1787E+00 -0.3063E+00 -0.1715E+00 -0.2735E-01  0.6144E-02 -0.1621E-01  0.3192E-01  0.4621E-01  0.5146E-01  0.5079E-01  0.4927E-01  0.4799E-01  0.4851E-01  0.4998E-01  0.5159E-01  0.5252E-01  0.5303E-01  0.5287E-01  0.5250E-01  0.5237E-01  0.5285E-01  0.5361E-01  0.5496E-01  0.5537E-01  0.5075E-01  0.2405E-01
      3.7940      160.0000 -0.1787E+00 -0.3063E+00 -0.1715E+00 -0.2735E-01  0.6142E-02 -0.1621E-01  0.3192E-01  0.4621E-01  0.5146E-01  0.5079E-01  0.4927E-01  0.4799E-01  0.4851E-01  0.4998E-01  0.5159E-01  0.5252E-01  0.5303E-01  0.5287E-01  0.5250E-01  0.5237E-01  0.5285E-01  0.5361E-01  0.5496E-01  0.5537E-01  0.5075E-01  0.2405E-01
      3.9295      170.0000 -0.1787E+00 -0.3063E+00 -0.1715E+00 -0.2735E-01  0.6140E-02 -0.1621E-01  0.3192E-01  0.4621E-01  0.5146E-01  0.5079E-01  0.4927E-01  0.4799E-01  0.4851E-01  0.4998E-01  0.5159E-01  0.5252E-01  0.5303E-01  0.5287E-01  0.5250E-01  0.5237E-01  0.5285E-01  0.5361E-01  0.5496E-01  0.5537E-01  0.5075E-01  0.2405E-01
      4.0650      180.0000 -0.1787E+00 -0.3063E+00 -0.1715E+00 -0.2735E-01  0.6139E-02 -0.1621E-01  0.3192E-01  0.4621E-01  0.5146E-01  0.5079E-01  0.4927E-01  0.4799E-01  0.4851E-01  0.4998E-01  0.5159E-01  0.5252E-01  0.5303E-01  0.5287E-01  0.5250E-01  0.5237E-01  0.5285E-01  0.5361E-01  0.5496E-01  0.5537E-01  0.5075E-01  0.2405E-01
      4.2005      190.0000 -0.1787E+00 -0.3063E+00 -0.1715E+00 -0.2735E-01  0.6137E-02 -0.1621E-01  0.3192E-01  0.4621E-01  0.5146E-01  0.5079E-01  0.4927E-01  0.4799E-01  0.4851E-01  0.4998E-01  0.5159E-01  0.5252E-01  0.5303E-01  0.5287E-01  0.5250E-01  0.5237E-01  0.5285E-01  0.5361E-01  0.5496E-01  0.5537E-01  0.5075E-01  0.2405E-01
      4.3360      200.0000 -0.1787E+00 -0.3063E+00 -0.1715E+00 -0.2735E-01  0.6135E-02 -0.1621E-01  0.3192E-01  0.4621E-01  0.5146E-01  0.5079E-01  0.4927E-01  0.4799E-01  0.4851E-01  0.4998E-01  0.5159E-01  0.5252E-01  0.5303E-01  0.5287E-01  0.5250E-01  0.5237E-01  0.5285E-01  0.5361E-01  0.5496E-01  0.5537E-01  0.5075E-01  0.2405E-01
      4.4715      210.0000 -0.1787E+00 -0.3063E+00 -0.1715E+00 -0.2735E-01  0.6133E-02 -0.1621E-01  0.3191E-01  0.4621E-01  0.5146E-01  0.5079E-01  0.4927E-01  0.4799E-01  0.4851E-01  0.4998E-01  0.5159E-01  0.5252E-01  0.5303E-01  0.5287E-01  0.5250E-01  0.5237E-01  0.5285E-01  0.5361E-01  0.5496E-01  0.5537E-01  0.5075E-01  0.2405E-01
      4.6070      220.0000 -0.1787E+00 -0.3063E+00 -0.1715E+00 -0.2735E-01  0.6131E-02 -0.1621E-01  0.3191E-01  0.4621E-01  0.5146E-01  0.5079E-01  0.4927E-01  0.4799E-01  0.4851E-01  0.4998E-01  0.5159E-01  0.5252E-01  0.5303E-01  0.5287E-01  0.5250E-01  0.5237E-01  0.5285E-01  0.5361E-01  0.5496E-01  0.5537E-01  0.5075E-01  0.2405E-01
      4.7425      230.0000 -0.1787E+00 -0.3063E+00 -0.1715E+00 -0.2735E-01  0.6129E-02 -0.1622E-01  0.3191E-01  0.4621E-01  0.5146E-01  0.5079E-01  0.4927E-01  0.4799E-01  0.4851E-01  0.4998E-01  0.5159E-01  0.5252E-01  0.5303E-01  0.5287E-01  0.5250E-01  0.5237E-01  0.5285E-01  0.5361E-01  0.5496E-01  0.5537E-01  0.5075E-01  0.2405E-01
      4.8780      240.0000 -0.1787E+00 -0.3063E+00 -0.1715E+00 -0.2735E-01  0.6127E-02 -0.1622E-01  0.3191E-01  0.4621E-01  0.5146E-01  0.5079E-01  0.4927E-01  0.4799E-01  0.4851E-01  0.4998E-01  0.5159E-01  0.5252E-01  0.5303E-01  0.5287E-01  0.5250E-01  0.5237E-01  0.5285E-01  0.5361E-01  0.5496E-01  0.5537E-01  0.5075E-01  0.2405E-01
      5.0136      250.0000 -0.1787E+00 -0.3063E+00 -0.1715E+00 -0.2734E-01  0.6125E-02 -0.1622E-01  0.3191E-01  0.4621E-01  0.5146E-01  0.5079E-01  0.4927E-01  0.4799E-01  0.4851E-01  0.4998E-01  0.5159E-01  0.5252E-01  0.5303E-01  0.5287E-01  0.5250E-01  0.5237E-01  0.5285E-01  0.5361E-01  0.5496E-01  0.5537E-01  0.5075E-01  0.2405E-01
      5.1491      260.0000 -0.1787E+00 -0.3063E+00 -0.1715E+00 -0.2734E-01  0.6123E-02 -0.1622E-01  0.3191E-01  0.4621E-01  0.5146E-01  0.5079E-01  0.4927E-01  0.4799E-01  0.4851E-01  0.4998E-01  0.5159E-01  0.5252E-01  0.5303E-01  0.5287E-01  0.5250E-01  0.5237E-01  0.5285E-01  0.5361E-01  0.5496E-01  0.5537E-01  0.5075E-01  0.2405E-01
      5.2846      270.0000 -0.1787E+00 -0.3063E+00 -0.1715E+00 -0.2734E-01  0.6121E-02 -0.1622E-01  0.3191E-01  0.4621E-01  0.5146E-01  0.5079E-01  0.4927E-01  0.4799E-01  0.4851E-01  0.4998E-01  0.5159E-01  0.5252E-01  0.5303E-01  0.5287E-01  0.5250E-01  0.5237E-01  0.5285E-01  0.5361E-01  0.5496E-01  0.5537E-01  0.5075E-01  0.2405E-01
      5.4201      280.0000 -0.1787E+00 -0.3063E+00 -0.1715E+00 -0.2734E-01  0.6119E-02 -0.1622E-01  0.3191E-01  0.4621E-01  0.5146E-01  0.5079E-01  0.4927E-01  0.4799E-01  0.4851E-01  0.4998E-01  0.5159E-01  0.5252E-01  0.5303E-01  0.5287E-01  0.5250E-01  0.5237E-01  0.5285E-01  0.5361E-01  0.5496E-01  0.5537E-01  0.5075E-01  0.2405E-01
      5.5556      290.0000 -0.1787E+00 -0.3063E+00 -0.1715E+00 -0.2734E-01  0.6118E-02 -0.1622E-01  0.3191E-01  0.4621E-01  0.5146E-01  0.5079E-01  0.4927E-01  0.4799E-01  0.4851E-01  0.4998E-01  0.5159E-01  0.5252E-01  0.5303E-01  0.5287E-01  0.5250E-01  0.5237E-01  0.5285E-01  0.5361E-01  0.5496E-01  0.5537E-01  0.5075E-01  0.2405E-01
      5.6911      300.0000 -0.1787E+00 -0.3063E+00 -0.1715E+00 -0.2734E-01  0.6116E-02 -0.1622E-01  0.3190E-01  0.4620E-01  0.5146E-01  0.5079E-01  0.4927E-01  0.4799E-01  0.4851E-01  0.4998E-01  0.5159E-01  0.5252E-01  0.5303E-01  0.5287E-01  0.5250E-01  0.5237E-01  0.5285E-01  0.5361E-01  0.5496E-01  0.5537E-01  0.5075E-01  0.2405E-01
      5.8266      310.0000 -0.1787E+00 -0.3063E+00 -0.1715E+00 -0.2735E-01  0.6114E-02 -0.1622E-01  0.3190E-01  0.4620E-01  0.5146E-01  0.5079E-01  0.4927E-01  0.4799E-01  0.4851E-01  0.4998E-01  0.5159E-01  0.5252E-01  0.5303E-01  0.5287E-01  0.5250E-01  0.5237E-01  0.5285E-01  0.5361E-01  0.5496E-01  0.5537E-01  0.5075E-01  0.2405E-01
      5.9621      320.0000 -0.1787E+00 -0.3063E+00 -0.1715E+00 -0.2735E-01  0.6112E-02 -0.1622E-01  0.3190E-01  0.4620E-01  0.5146E-01  0.5079E-01  0.4927E-01  0.4799E-01  0.4851E-01  0.4998E-01  0.5159E-01  0.5252E-01  0.5303E-01  0.5287E-01  0.5250E-01  0.5237E-01  0.5285E-01  0.5361E-01  0.5496E-01  0.5537E-01  0.5075E-01  0.2405E-01
      6.0976      330.0000 -0.1787E+00 -0.3063E+00 -0.1715E+00 -0.2735E-01  0.6111E-02 -0.1622E-01  0.3190E-01  0.4620E-01  0.5145E-01  0.5079E-01  0.4927E-01  0.4799E-01  0.4851E-01  0.4998E-01  0.5159E-01  0.5252E-01  0.5303E-01  0.5287E-01  0.5250E-01  0.5237E-01  0.5285E-01  0.5361E-01  0.5496E-01  0.5537E-01  0.5075E-01  0.2405E-01
      6.2331      340.0000 -0.1787E+00 -0.3063E+00 -0.1715E+00 -0.2735E-01  0.6109E-02 -0.1622E-01  0.3190E-01  0.4620E-01  0.5145E-01  0.5079E-01  0.4927E-01  0.4799E-01  0.4851E-01  0.4998E-01  0.5159E-01  0.5252E-01  0.5303E-01  0.5287E-01  0.5250E-01  0.5237E-01  0.5285E-01  0.5361E-01  0.5496E-01  0.5537E-01  0.5075E-01  0.2405E-01
      6.3686      350.0000 -0.1787E+00 -0.3063E+00 -0.1715E+00 -0.2735E-01  0.6107E-02 -0.1622E-01  0.3190E-01  0.4620E-01  0.5145E-01  0.5079E-01  0.4927E-01  0.4799E-01  0.4851E-01  0.4998E-01  0.5159E-01  0.5252E-01  0.5303E-01  0.5287E-01  0.5250E-01  0.5237E-01  0.5285E-01  0.5361E-01  0.5496E-01  0.5537E-01  0.5075E-01  0.2405E-01
      6.5041      360.0000 -0.1787E+00 -0.3063E+00 -0.1715E+00 -0.2735E-01  0.6106E-02 -0.1622E-01  0.3190E-01  0.4620E-01  0.5145E-01  0.5079E-01  0.4927E-01  0.4799E-01  0.4851E-01  0.4998E-01  0.5159E-01  0.5252E-01  0.5303E-01  0.5287E-01  0.5250E-01  0.5237E-01  0.5285E-01  0.5361E-01  0.5496E-01  0.5537E-01  0.5075E-01  0.2405E-01
      6.6396       10.0000 -0.1787E+00 -0.3063E+00 -0.1715E+00 -0.2735E-01  0.6104E-02 -0.1622E-01  0.3190E-01  0.4620E-01  0.5145E-01  0.5079E-01  0.4927E-01  0.4799E-01  0.4851E-01  0.4998E-01  0.5159E-01  0.5252E-01  0.5303E-01  0.5287E-01  0.5250E-01  0.5237E-01  0.5285E-01  0.5361E-01  0.5496E-01  0.5537E-01  0.5075E-01  0.2405E-01
      6.7751       20.0000 -0.1787E+00 -0.3063E+00 -0.1715E+00 -0.2735E-01  0.6102E-02 -0.1622E-01  0.3190E-01  0.4620E-01  0.5145E-01  0.5079E-01  0.4927E-01  0.4799E-01  0.4851E-01  0.4998E-01  0.5159E-01  0.5252E-01  0.5303E-01  0.5287E-01  0.5250E-01  0.5237E-01  0.5285E-01  0.5361E-01  0.5496E-01  0.5537E-01  0.5075E-01  0.2405E-01
      6.9106       30.0000 -0.1787E+00 -0.3063E+00 -0.1715E+00 -0.2735E-01  0.6101E-02 -0.1622E-01  0.3190E-01  0.4620E-01  0.5145E-01  0.5079E-01  0.4927E-01  0.4799E-01  0.4851E-01  0.4998E-01  0.5159E-01  0.5252E-01  0.5303E-01  0.5287E-01  0.5250E-01  0.5237E-01  0.5285E-01  0.5361E-01  0.5496E-01  0.5537E-01  0.5075E-01  0.2405E-01
      7.0461       40.0000 -0.1787E+00 -0.3063E+00 -0.1715E+00 -0.2735E-01  0.6099E-02 -0.1623E-01  0.3190E-01  0.4620E-01  0.5145E-01  0.5079E-01  0.4927E-01  0.4799E-01  0.4851E-01  0.4998E-01  0.5159E-01  0.5252E-01  0.5303E-01  0.5287E-01  0.5250E-01  0.5237E-01  0.5285E-01  0.5361E-01  0.5496E-01  0.5537E-01  0.5075E-01  0.2405E-01
      7.1816       50.0000 -0.1787E+00 -0.3063E+00 -0.1715E+00 -0.2735E-01  0.6098E-02 -0.1623E-01  0.3189E-01  0.4620E-01  0.5145E-01  0.5079E-01  0.4927E-01  0.4799E-01  0.4851E-01  0.4998E-01  0.5159E-01  0.5252E-01  0.5303E-01  0.5287E-01  0.5250E-01  0.5237E-01  0.5285E-01  0.5361E-01  0.5496E-01  0.5537E-01  0.5075E-01  0.2405E-01
      7.3171       60.0000 -0.1787E+00 -0.3063E+00 -0.1715E+00 -0.2735E-01  0.6096E-02 -0.1623E-01  0.3189E-01  0.4620E-01  0.5145E-01  0.5079E-01  0.4927E-01  0.4799E-01  0.4851E-01  0.4998E-01  0.5159E-01  0.5252E-01  0.5303E-01  0.5287E-01  0.5250E-01  0.5237E-01  0.5285E-01  0.5361E-01  0.5496E-01  0.5537E-01  0.5075E-01  0.2405E-01
      7.4526       70.0000 -0.1787E+00 -0.3063E+00 -0.1715E+00 -0.2735E-01  0.6095E-02 -0.1623E-01  0.3189E-01  0.4620E-01  0.5145E-01  0.5079E-01  0.4927E-01  0.4799E-01  0.4851E-01  0.4998E-01  0.5159E-01  0.5252E-01  0.5303E-01  0.5287E-01  0.5250E-01  0.5237E-01  0.5285E-01  0.5361E-01  0.5496E-01  0.5537E-01  0.5075E-01  0.2405E-01
      7.5881       80.0000 -0.1787E+00 -0.3063E+00 -0.1715E+00 -0.2735E-01  0.6094E-02 -0.1623E-01  0.3189E-01  0.4620E-01  0.5145E-01  0.5079E-01  0.4927E-01  0.4799E-01  0.4851E-01  0.4998E-01  0.5159E-01  0.5252E-01  0.5303E-01  0.5287E-01  0.5250E-01  0.5237E-01  0.5285E-01  0.5361E-01  0.5496E-01  0.5537E-01  0.5075E-01  0.2405E-01
      7.7236       90.0000 -0.1787E+00 -0.3063E+00 -0.1715E+00 -0.2735E-01  0.6092E-02 -0.1623E-01  0.3189E-01  0.4620E-01  0.5145E-01  0.5079E-01  0.4927E-01  0.4799E-01  0.4851E-01  0.4998E-01  0.5159E-01  0.5252E-01  0.5303E-01  0.5287E-01  0.5250E-01  0.5237E-01  0.5285E-01  0.5361E-01  0.5496E-01  0.5537E-01  0.5075E-01  0.2405E-01
      7.8591      100.0000 -0.1787E+00 -0.3063E+00 -0.1715E+00 -0.2735E-01  0.6091E-02 -0.1623E-01  0.3189E-01  0.4620E-01  0.5145E-01  0.5079E-01  0.4927E-01  0.4799E-01  0.4851E-01  0.4998E-01  0.5159E-01  0.5252E-01  0.5303E-01  0.5287E-01  0.5250E-01  0.5237E-01  0.5285E-01  0.5361E-01  0.5496E-01  0.5537E-01  0.5075E-01  0.2405E-01
      7.9946      110.0000 -0.1787E+00 -0.3063E+00 -0.1715E+00 -0.2735E-01  0.6089E-02 -0.1623E-01  0.3189E-01  0.4620E-01  0.5145E-01  0.5079E-01  0.4927E-01  0.4799E-01  0.4851E-01  0.4998E-01  0.5159E-01  0.5252E-01  0.5303E-01  0.5287E-01  0.5250E-01  0.5237E-01  0.5285E-01  0.5361E-01  0.5496E-01  0.5537E-01  0.5075E-01  0.2405E-01
      8.1301      120.0000 -0.1787E+00 -0.3063E+00 -0.1715E+00 -0.2735E-01  0.6088E-02 -0.1623E-01  0.3189E-01  0.4620E-01  0.5145E-01  0.5079E-01  0.4927E-01  0.4799E-01  0.4851E-01  0.4998E-01  0.5159E-01  0.5252E-01  0.5303E-01  0.5287E-01  0.5250E-01  0.5237E-01  0.5285E-01  0.5361E-01  0.5496E-01  0.5537E-01  0.5075E-01  0.2405E-01
      8.2656      130.0000 -0.1787E+00 -0.3063E+00 -0.1715E+00 -0.2735E-01  0.6087E-02 -0.1623E-01  0.3189E-01  0.4620E-01  0.5145E-01  0.5079E-01  0.4927E-01  0.4798E-01  0.4851E-01  0.4998E-01  0.5159E-01  0.5252E-01  0.5303E-01  0.5287E-01  0.5250E-01  0.5237E-01  0.5285E-01  0.5361E-01  0.5496E-01  0.5537E-01  0.5075E-01  0.2405E-01
      8.4011      140.0000 -0.1787E+00 -0.3063E+00 -0.1715E+00 -0.2735E-01  0.6085E-02 -0.1623E-01  0.3189E-01  0.4620E-01  0.5145E-01  0.5079E-01  0.4927E-01  0.4798E-01  0.4851E-01  0.4998E-01  0.5159E-01  0.5252E-01  0.5303E-01  0.5287E-01  0.5250E-01  0.5237E-01  0.5285E-01  0.5361E-01  0.5496E-01  0.5537E-01  0.5075E-01  0.2405E-01
      8.5366      150.0000 -0.1787E+00 -0.3063E+00 -0.1715E+00 -0.2735E-01  0.6084E-02 -0.1623E-01  0.3189E-01  0.4620E-01  0.5145E-01  0.5079E-01  0.4927E-01  0.4798E-01  0.4851E-01  0.4998E-01  0.5159E-01  0.5252E-01  0.5303E-01  0.5287E-01  0.5250E-01  0.5237E-01  0.5285E-01  0.5361E-01  0.5496E-01  0.5537E-01  0.5075E-01  0.2405E-01
      8.6721      160.0000 -0.1787E+00 -0.3063E+00 -0.1715E+00 -0.2735E-01  0.6083E-02 -0.1623E-01  0.3189E-01  0.4620E-01  0.5145E-01  0.5078E-01  0.4927E-01  0.4798E-01  0.4851E-01  0.4998E-01  0.5159E-01  0.5252E-01  0.5303E-01  0.5287E-01  0.5250E-01  0.5237E-01  0.5285E-01  0.5361E-01  0.5496E-01  0.5537E-01  0.5075E-01  0.2405E-01
      8.8076      170.0000 -0.1787E+00 -0.3063E+00 -0.1715E+00 -0.2735E-01  0.6082E-02 -0.1623E-01  0.3189E-01  0.4620E-01  0.5145E-01  0.5078E-01  0.4927E-01  0.4798E-01  0.4851E-01  0.4998E-01  0.5159E-01  0.5252E-01  0.5303E-01  0.5287E-01  0.5250E-01  0.5237E-01  0.5285E-01  0.5361E-01  0.5496E-01  0.5537E-01  0.5075E-01  0.2405E-01
      8.9431      180.0000 -0.1787E+00 -0.3063E+00 -0.1715E+00 -0.2735E-01  0.6081E-02 -0.1623E-01  0.3188E-01  0.4619E-01  0.5145E-01  0.5078E-01  0.4927E-01  0.4798E-01  0.4851E-01  0.4998E-01  0.5159E-01  0.5252E-01  0.5303E-01  0.5287E-01  0.5250E-01  0.5237E-01  0.5285E-01  0.5361E-01  0.5496E-01  0.5537E-01  0.5075E-01  0.2405E-01
      9.0786      190.0000 -0.1787E+00 -0.3063E+00 -0.1715E+00 -0.2735E-01  0.6079E-02 -0.1623E-01  0.3188E-01  0.4619E-01  0.5145E-01  0.5078E-01  0.4927E-01  0.4798E-01  0.4851E-01  0.4998E-01  0.5159E-01  0.5252E-01  0.5303E-01  0.5287E-01  0.5250E-01  0.5237E-01  0.5285E-01  0.5361E-01  0.5496E-01  0.5537E-01  0.5075E-01  0.2405E-01
      9.2141      200.0000 -0.1787E+00 -0.3063E+00 -0.1715E+00 -0.2735E-01  0.6078E-02 -0.1623E-01  0.3188E-01  0.4619E-01  0.5145E-01  0.5078E-01  0.4927E-01  0.4798E-01  0.4851E-01  0.4998E-01  0.5159E-01  0.5252E-01  0.5303E-01  0.5287E-01  0.5250E-01  0.5237E-01  0.5285E-01  0.5361E-01  0.5496E-01  0.5537E-01  0.5075E-01  0.2405E-01
      9.3496      210.0000 -0.1787E+00 -0.3063E+00 -0.1715E+00 -0.2735E-01  0.6077E-02 -0.1623E-01  0.3188E-01  0.4619E-01  0.5145E-01  0.5078E-01  0.4927E-01  0.4798E-01  0.4851E-01  0.4998E-01  0.5159E-01  0.5252E-01  0.5303E-01  0.5287E-01  0.5250E-01  0.5237E-01  0.5285E-01  0.5361E-01  0.5496E-01  0.5537E-01  0.5075E-01  0.2405E-01
      9.4851      220.0000 -0.1787E+00 -0.3063E+00 -0.1715E+00 -0.2735E-01  0.6076E-02 -0.1623E-01  0.3188E-01  0.4619E-01  0.5145E-01  0.5078E-01  0.4927E-01  0.4798E-01  0.4851E-01  0.4998E-01  0.5159E-01  0.5252E-01  0.5303E-01  0.5287E-01  0.5250E-01  0.5237E-01  0.5285E-01  0.5361E-01  0.5496E-01  0.5537E-01  0.5075E-01  0.2405E-01
      9.6206      230.0000 -0.1787E+00 -0.3063E+00 -0.1715E+00 -0.2735E-01  0.6075E-02 -0.1623E-01  0.3188E-01  0.4619E-01  0.5145E-01  0.5078E-01  0.4927E-01  0.4798E-01  0.4851E-01  0.4998E-01  0.5159E-01  0.5252E-01  0.5303E-01  0.5287E-01  0.5250E-01  0.5237E-01  0.5285E-01  0.5361E-01  0.5496E-01  0.5537E-01  0.5075E-01  0.2405E-01
      9.7561      240.0000 -0.1787E+00 -0.3063E+00 -0.1715E+00 -0.2735E-01  0.6074E-02 -0.1624E-01  0.3188E-01  0.4619E-01  0.5145E-01  0.5078E-01  0.4927E-01  0.4798E-01  0.4851E-01  0.4998E-01  0.5159E-01  0.5252E-01  0.5303E-01  0.5287E-01  0.5250E-01  0.5237E-01  0.5285E-01  0.5361E-01  0.5496E-01  0.5537E-01  0.5075E-01  0.2405E-01
      9.8916      250.0000 -0.1787E+00 -0.3063E+00 -0.1715E+00 -0.2735E-01  0.6073E-02 -0.1624E-01  0.3188E-01  0.4619E-01  0.5145E-01  0.5078E-01  0.4927E-01  0.4798E-01  0.4851E-01  0.4998E-01  0.5159E-01  0.5252E-01  0.5303E-01  0.5287E-01  0.5250E-01  0.5237E-01  0.5285E-01  0.5361E-01  0.5496E-01  0.5537E-01  0.5075E-01  0.2405E-01
     10.0271      260.0000 -0.1787E+00 -0.3063E+00 -0.1715E+00 -0.2735E-01  0.6072E-02 -0.1624E-01  0.3188E-01  0.4619E-01  0.5145E-01  0.5078E-01  0.4927E-01  0.4798E-01  0.4851E-01  0.4998E-01  0.5159E-01  0.5252E-01  0.5303E-01  0.5287E-01  0.5250E-01  0.5237E-01  0.5285E-01  0.5361E-01  0.5496E-01  0.5537E-01  0.5075E-01  0.2405E-01
     10.1626      270.0000 -0.1787E+00 -0.3063E+00 -0.1715E+00 -0.2735E-01  0.6071E-02 -0.1624E-01  0.3188E-01  0.4619E-01  0.5145E-01  0.5078E-01  0.4927E-01  0.4798E-01  0.4851E-01  0.4998E-01  0.5159E-01  0.5252E-01  0.5303E-01  0.5287E-01  0.5250E-01  0.5237E-01  0.5285E-01  0.5361E-01  0.5496E-01  0.5537E-01  0.5075E-01  0.2405E-01
     10.2981      280.0000 -0.1787E+00 -0.3063E+00 -0.1715E+00 -0.2735E-01  0.6070E-02 -0.1624E-01  0.3188E-01  0.4619E-01  0.5145E-01  0.5078E-01  0.4927E-01  0.4798E-01  0.4851E-01  0.4998E-01  0.5159E-01  0.5252E-01  0.5303E-01  0.5287E-01  0.5250E-01  0.5237E-01  0.5285E-01  0.5361E-01  0.5496E-01  0.5537E-01  0.5075E-01  0.2405E-01
     10.4336      290.0000 -0.1787E+00 -0.3063E+00 -0.1715E+00 -0.2735E-01  0.6069E-02 -0.1624E-01  0.3188E-01  0.4619E-01  0.5145E-01  0.5078E-01  0.4927E-01  0.4798E-01  0.4851E-01  0.4998E-01  0.5159E-01  0.5252E-01  0.5303E-01  0.5287E-01  0.5250E-01  0.5237E-01  0.5285E-01  0.5361E-01  0.5496E-01  0.5537E-01  0.5075E-01  0.2405E-01
     10.5691      300.0000 -0.1787E+00 -0.3063E+00 -0.1715E+00 -0.2735E-01  0.6068E-02 -0.1624E-01  0.3188E-01  0.4619E-01  0.5145E-01  0.5078E-01  0.4927E-01  0.4798E-01  0.4851E-01  0.4998E-01  0.5159E-01  0.5252E-01  0.5303E-01  0.5287E-01  0.5250E-01  0.5237E-01  0.5285E-01  0.5361E-01  0.5496E-01  0.5537E-01  0.5075E-01  0.2405E-01
     10.7046      310.0000 -0.1787E+00 -0.3063E+00 -0.1715E+00 -0.2735E-01  0.6067E-02 -0.1624E-01  0.3188E-01  0.4619E-01  0.5145E-01  0.5078E-01  0.4927E-01  0.4798E-01  0.4851E-01  0.4998E-01  0.5159E-01  0.5252E-01  0.5303E-01  0.5287E-01  0.5250E-01  0.5237E-01  0.5285E-01  0.5361E-01  0.5496E-01  0.5537E-01  0.5075E-01  0.2405E-01
     10.8401      320.0000 -0.1787E+00 -0.3063E+00 -0.1715E+00 -0.2735E-01  0.6066E-02 -0.1624E-01  0.3188E-01  0.4619E-01  0.5145E-01  0.5078E-01  0.4927E-01  0.4798E-01  0.4851E-01  0.4998E-01  0.5159E-01  0.5252E-01  0.5303E-01  0.5287E-01  0.5250E-01  0.5237E-01  0.5285E-01  0.5361E-01  0.5496E-01  0.5537E-01  0.5075E-01  0.2405E-01
     10.9756      330.0000 -0.1787E+00 -0.3063E+00 -0.1715E+00 -0.2735E-01  0.6065E-02 -0.1624E-01  0.3188E-01  0.4619E-01  0.5145E-01  0.5078E-01  0.4927E-01  0.4798E-01  0.4851E-01  0.4998E-01  0.5159E-01  0.5252E-01  0.5303E-01  0.5287E-01  0.5250E-01  0.5237E-01  0.5285E-01  0.5361E-01  0.5496E-01  0.5537E-01  0.5075E-01  0.2405E-01
     11.1111      340.0000 -0.1787E+00 -0.3063E+00 -0.1715E+00 -0.2735E-01  0.6064E-02 -0.1624E-01  0.3188E-01  0.4619E-01  0.5145E-01  0.5078E-01  0.4927E-01  0.4798E-01  0.4851E-01  0.4998E-01  0.5159E-01  0.5252E-01  0.5303E-01  0.5287E-01  0.5250E-01  0.5237E-01  0.5285E-01  0.5361E-01  0.5496E-01  0.5537E-01  0.5075E-01  0.2405E-01
     11.2466      350.0000 -0.1787E+00 -0.3063E+00 -0.1715E+00 -0.2735E-01  0.6063E-02 -0.1624E-01  0.3188E-01  0.4619E-01  0.5145E-01  0.5078E-01  0.4927E-01  0.4798E-01  0.4851E-01  0.4998E-01  0.5159E-01  0.5252E-01  0.5303E-01  0.5287E-01  0.5250E-01  0.5237E-01  0.5285E-01  0.5361E-01  0.5496E-01  0.5537E-01  0.5075E-01  0.2405E-01
     11.3821      360.0000 -0.1787E+00 -0.3063E+00 -0.1715E+00 -0.2735E-01  0.6062E-02 -0.1624E-01  0.3187E-01  0.4619E-01  0.5145E-01  0.5078E-01  0.4927E-01  0.4798E-01  0.4851E-01  0.4998E-01  0.5159E-01  0.5252E-01  0.5303E-01  0.5287E-01  0.5250E-01  0.5237E-01  0.5285E-01  0.5361E-01  0.5496E-01  0.5537E-01  0.5075E-01  0.2405E-01
     11.5176       10.0000 -0.1787E+00 -0.3063E+00 -0.1715E+00 -0.2735E-01  0.6061E-02 -0.1624E-01  0.3187E-01  0.4619E-01  0.5145E-01  0.5078E-01  0.4927E-01  0.4798E-01  0.4851E-01  0.4998E-01  0.5159E-01  0.5252E-01  0.5303E-01  0.5287E-01  0.5250E-01  0.5237E-01  0.5285E-01  0.5361E-01  0.5496E-01  0.5537E-01  0.5075E-01  0.2405E-01
     11.6531       20.0000 -0.1787E+00 -0.3063E+00 -0.1715E+00 -0.2735E-01  0.6060E-02 -0.1624E-01  0.3187E-01  0.4619E-01  0.5145E-01  0.5078E-01  0.4927E-01  0.4798E-01  0.4851E-01  0.4998E-01  0.5159E-01  0.5252E-01  0.5303E-01  0.5287E-01  0.5250E-01  0.5237E-01  0.5285E-01  0.5361E-01  0.5496E-01  0.5537E-01  0.5075E-01  0.2405E-01
     11.7886       30.0000 -0.1787E+00 -0.3063E+00 -0.1715E+00 -0.2735E-01  0.6060E-02 -0.1624E-01  0.3187E-01  0.4619E-01  0.5145E-01  0.5078E-01  0.4927E-01  0.4798E-01  0.4851E-01  0.4998E-01  0.5159E-01  0.5252E-01  0.5303E-01  0.5287E-01  0.5250E-01  0.5237E-01  0.5285E-01  0.5361E-01  0.5496E-01  0.5537E-01  0.5075E-01  0.2405E-01
     11.9241       40.0000 -0.1787E+00 -0.3063E+00 -0.1715E+00 -0.2735E-01  0.6059E-02 -0.1624E-01  0.3187E-01  0.4619E-01  0.5145E-01  0.5078E-01  0.4927E-01  0.4798E-01  0.4851E-01  0.4998E-01  0.5159E-01  0.5252E-01  0.5303E-01  0.5287E-01  0.5250E-01  0.5237E-01  0.5285E-01  0.5361E-01  0.5496E-01  0.5537E-01  0.5075E-01  0.2405E-01
     12.0596       50.0000 -0.1787E+00 -0.3063E+00 -0.1715E+00 -0.2735E-01  0.6058E-02 -0.1624E-01  0.3187E-01  0.4619E-01  0.5145E-01  0.5078E-01  0.4927E-01  0.4798E-01  0.4851E-01  0.4998E-01  0.5159E-01  0.5252E-01  0.5303E-01  0.5287E-01  0.5250E-01  0.5237E-01  0.5285E-01  0.5361E-01  0.5496E-01  0.5537E-01  0.5075E-01  0.2405E-01
     12.1951       60.0000 -0.1787E+00 -0.3063E+00 -0.1715E+00 -0.2735E-01  0.6057E-02 -0.1624E-01  0.3187E-01  0.4619E-01  0.5145E-01  0.5078E-01  0.4927E-01  0.4798E-01  0.4851E-01  0.4998E-01  0.5159E-01  0.5252E-01  0.5303E-01  0.5287E-01  0.5250E-01  0.5237E-01  0.5285E-01  0.5361E-01  0.5496E-01  0.5537E-01  0.5075E-01  0.2405E-01
     12.3306       70.0000 -0.1787E+00 -0.3063E+00 -0.1715E+00 -0.2735E-01  0.6056E-02 -0.1624E-01  0.3187E-01  0.4619E-01  0.5145E-01  0.5078E-01  0.4927E-01  0.4798E-01  0.4851E-01  0.4998E-01  0.5159E-01  0.5252E-01  0.5303E-01  0.5287E-01  0.5250E-01  0.5237E-01  0.5285E-01  0.5361E-01  0.5496E-01  0.5537E-01  0.5075E-01  0.2405E-01
     12.4661       80.0000 -0.1787E+00 -0.3063E+00 -0.1715E+00 -0.2735E-01  0.6056E-02 -0.1624E-01  0.3187E-01  0.4619E-01  0.5145E-01  0.5078E-01  0.4927E-01  0.4798E-01  0.4851E-01  0.4998E-01  0.5159E-01  0.5252E-01  0.5303E-01  0.5287E-01  0.5250E-01  0.5237E-01  0.5285E-01  0.5361E-01  0.5496E-01  0.5537E-01  0.5075E-01  0.2405E-01
     12.6016       90.0000 -0.1787E+00 -0.3063E+00 -0.1715E+00 -0.2735E-01  0.6055E-02 -0.1624E-01  0.3187E-01  0.4619E-01  0.5145E-01  0.5078E-01  0.4927E-01  0.4798E-01  0.4851E-01  0.4998E-01  0.5159E-01  0.5252E-01  0.5303E-01  0.5287E-01  0.5250E-01  0.5237E-01  0.5285E-01  0.5361E-01  0.5496E-01  0.5537E-01  0.5075E-01  0.2405E-01
     12.7371      100.0000 -0.1787E+00 -0.3063E+00 -0.1715E+00 -0.2735E-01  0.6054E-02 -0.1624E-01  0.3187E-01  0.4619E-01  0.5145E-01  0.5078E-01  0.4927E-01  0.4798E-01  0.4851E-01  0.4998E-01  0.5159E-01  0.5252E-01  0.5303E-01  0.5287E-01  0.5250E-01  0.5237E-01  0.5285E-01  0.5361E-01  0.5496E-01  0.5537E-01  0.5075E-01  0.2405E-01
     12.8726      110.0000 -0.1787E+00 -0.3063E+00 -0.1715E+00 -0.2735E-01  0.6053E-02 -0.1624E-01  0.3187E-01  0.4619E-01  0.5145E-01  0.5078E-01  0.4927E-01  0.4798E-01  0.4851E-01  0.4998E-01  0.5159E-01  0.5252E-01  0.5303E-01  0.5287E-01  0.5250E-01  0.5237E-01  0.5285E-01  0.5361E-01  0.5496E-01  0.5537E-01  0.5075E-01  0.2405E-01
     13.0081      120.0000 -0.1787E+00 -0.3063E+00 -0.1715E+00 -0.2735E-01  0.6053E-02 -0.1624E-01  0.3187E-01  0.4619E-01  0.5145E-01  0.5078E-01  0.4927E-01  0.4798E-01  0.4851E-01  0.4998E-01  0.5159E-01  0.5252E-01  0.5303E-01  0.5287E-01  0.5250E-01  0.5237E-01  0.5285E-01  0.5361E-01  0.5496E-01  0.5537E-01  0.5075E-01  0.2405E-01
     13.1436      130.0000 -0.1787E+00 -0.3063E+00 -0.1715E+00 -0.2735E-01  0.6052E-02 -0.1624E-01  0.3187E-01  0.4619E-01  0.5145E-01  0.5078E-01  0.4927E-01  0.4798E-01  0.4851E-01  0.4998E-01  0.5159E-01  0.5252E-01  0.5303E-01  0.5287E-01  0.5250E-01  0.5237E-01  0.5285E-01  0.5361E-01  0.5496E-01  0.5537E-01  0.5075E-01  0.2405E-01
     13.2791      140.0000 -0.1787E+00 -0.3063E+00 -0.1715E+00 -0.2735E-01  0.6051E-02 -0.1624E-01  0.3187E-01  0.4619E-01  0.5145E-01  0.5078E-01  0.4927E-01  0.4798E-01  0.4851E-01  0.4998E-01  0.5159E-01  0.5252E-01  0.5303E-01  0.5287E-01  0.5250E-01  0.5237E-01  0.5285E-01  0.5361E-01  0.5496E-01  0.5537E-01  0.5075E-01  0.2405E-01
     13.4146      150.0000 -0.1787E+00 -0.3063E+00 -0.1715E+00 -0.2735E-01  0.6051E-02 -0.1625E-01  0.3187E-01  0.4619E-01  0.5145E-01  0.5078E-01  0.4926E-01  0.4798E-01  0.4851E-01  0.4998E-01  0.5159E-01  0.5252E-01  0.5303E-01  0.5287E-01  0.5250E-01  0.5237E-01  0.5285E-01  0.5361E-01  0.5496E-01  0.5537E-01  0.5075E-01  0.2405E-01
     13.5501      160.0000 -0.1787E+00 -0.3063E+00 -0.1715E+00 -0.2735E-01  0.6050E-02 -0.1625E-01  0.3187E-01  0.4619E-01  0.5145E-01  0.5078E-01  0.4926E-01  0.4798E-01  0.4851E-01  0.4998E-01  0.5159E-01  0.5252E-01  0.5303E-01  0.5287E-01  0.5250E-01  0.5237E-01  0.5285E-01  0.5361E-01  0.5496E-01  0.5537E-01  0.5075E-01  0.2405E-01
     13.6856      170.0000 -0.1787E+00 -0.3063E+00 -0.1715E+00 -0.2735E-01  0.6049E-02 -0.1625E-01  0.3187E-01  0.4619E-01  0.5145E-01  0.5078E-01  0.4926E-01  0.4798E-01  0.4851E-01  0.4998E-01  0.5159E-01  0.5252E-01  0.5303E-01  0.5287E-01  0.5250E-01  0.5237E-01  0.5285E-01  0.5361E-01  0.5496E-01  0.5537E-01  0.5075E-01  0.2405E-01
     13.8211      180.0000 -0.1787E+00 -0.3063E+00 -0.1715E+00 -0.2735E-01  0.6049E-02 -0.1625E-01  0.3187E-01  0.4619E-01  0.5145E-01  0.5078E-01  0.4926E-01  0.4798E-01  0.4851E-01  0.4998E-01  0.5159E-01  0.5252E-01  0.5303E-01  0.5287E-01  0.5250E-01  0.5237E-01  0.5285E-01  0.5361E-01  0.5496E-01  0.5537E-01  0.5075E-01  0.2405E-01
     13.9566      190.0000 -0.1787E+00 -0.3063E+00 -0.1715E+00 -0.2735E-01  0.6048E-02 -0.1625E-01  0.3187E-01  0.4619E-01  0.5145E-01  0.5078E-01  0.4926E-01  0.4798E-01  0.4851E-01  0.4998E-01  0.5159E-01  0.5252E-01  0.5303E-01  0.5287E-01  0.5250E-01  0.5237E-01  0.5285E-01  0.5361E-01  0.5496E-01  0.5537E-01  0.5075E-01  0.2405E-01
     14.0921      200.0000 -0.1787E+00 -0.3063E+00 -0.1715E+00 -0.2735E-01  0.6047E-02 -0.1625E-01  0.3187E-01  0.4619E-01  0.5145E-01  0.5078E-01  0.4926E-01  0.4798E-01  0.4851E-01  0.4998E-01  0.5159E-01  0.5252E-01  0.5303E-01  0.5287E-01  0.5250E-01  0.5237E-01  0.5285E-01  0.5361E-01  0.5496E-01  0.5537E-01  0.5075E-01  0.2405E-01
     14.2276      210.0000 -0.1787E+00 -0.3063E+00 -0.1715E+00 -0.2735E-01  0.6047E-02 -0.1625E-01  0.3187E-01  0.4619E-01  0.5145E-01  0.5078E-01  0.4926E-01  0.4798E-01  0.4851E-01  0.4998E-01  0.5159E-01  0.5252E-01  0.5303E-01  0.5287E-01  0.5250E-01  0.5237E-01  0.5285E-01  0.5361E-01  0.5496E-01  0.5537E-01  0.5075E-01  0.2405E-01
     14.3631      220.0000 -0.1787E+00 -0.3063E+00 -0.1715E+00 -0.2735E-01  0.6046E-02 -0.1625E-01  0.3187E-01  0.4619E-01  0.5145E-01  0.5078E-01  0.4926E-01  0.4798E-01  0.4851E-01  0.4998E-01  0.5159E-01  0.5252E-01  0.5303E-01  0.5287E-01  0.5250E-01  0.5237E-01  0.5285E-01  0.5361E-01  0.5496E-01  0.5537E-01  0.5075E-01  0.2405E-01
     14.4986      230.0000 -0.1787E+00 -0.3063E+00 -0.1715E+00 -0.2735E-01  0.6046E-02 -0.1625E-01  0.3187E-01  0.4619E-01  0.5145E-01  0.5078E-01  0.4926E-01  0.4798E-01  0.4851E-01  0.4998E-01  0.5159E-01  0.5252E-01  0.5303E-01  0.5287E-01  0.5250E-01  0.5237E-01  0.5285E-01  0.5361E-01  0.5496E-01  0.5537E-01  0.5075E-01  0.2405E-01
     14.6341      240.0000 -0.1787E+00 -0.3063E+00 -0.1715E+00 -0.2735E-01  0.6045E-02 -0.1625E-01  0.3187E-01  0.4619E-01  0.5145E-01  0.5078E-01  0.4926E-01  0.4798E-01  0.4851E-01  0.4998E-01  0.5159E-01  0.5252E-01  0.5303E-01  0.5287E-01  0.5250E-01  0.5237E-01  0.5285E-01  0.5361E-01  0.5496E-01  0.5537E-01  0.5075E-01  0.2405E-01
     14.7696      250.0000 -0.1787E+00 -0.3063E+00 -0.1715E+00 -0.2735E-01  0.6045E-02 -0.1625E-01  0.3187E-01  0.4619E-01  0.5145E-01  0.5078E-01  0.4926E-01  0.4798E-01  0.4851E-01  0.4998E-01  0.5159E-01  0.5252E-01  0.5303E-01  0.5287E-01  0.5250E-01  0.5237E-01  0.5285E-01  0.5361E-01  0.5496E-01  0.5537E-01  0.5075E-01  0.2405E-01
     14.9051      260.0000 -0.1787E+00 -0.3063E+00 -0.1715E+00 -0.2735E-01  0.6044E-02 -0.1625E-01  0.3187E-01  0.4619E-01  0.5145E-01  0.5078E-01  0.4926E-01  0.4798E-01  0.4851E-01  0.4998E-01  0.5159E-01  0.5252E-01  0.5303E-01  0.5287E-01  0.5250E-01  0.5237E-01  0.5285E-01  0.5361E-01  0.5496E-01  0.5537E-01  0.5075E-01  0.2405E-01
     15.0407      270.0000 -0.1787E+00 -0.3063E+00 -0.1715E+00 -0.2736E-01  0.6043E-02 -0.1625E-01  0.3186E-01  0.4619E-01  0.5145E-01  0.5078E-01  0.4926E-01  0.4798E-01  0.4851E-01  0.4998E-01  0.5159E-01  0.5252E-01  0.5303E-01  0.5287E-01  0.5250E-01  0.5237E-01  0.5285E-01  0.5361E-01  0.5496E-01  0.5537E-01  0.5075E-01  0.2405E-01
     15.1762      280.0000 -0.1787E+00 -0.3063E+00 -0.1715E+00 -0.2736E-01  0.6043E-02 -0.1625E-01  0.3186E-01  0.4618E-01  0.5145E-01  0.5078E-01  0.4926E-01  0.4798E-01  0.4851E-01  0.4998E-01  0.5159E-01  0.5252E-01  0.5303E-01  0.5287E-01  0.5250E-01  0.5237E-01  0.5285E-01  0.5361E-01  0.5496E-01  0.5537E-01  0.5075E-01  0.2405E-01
     15.3117      290.0000 -0.1787E+00 -0.3063E+00 -0.1715E+00 -0.2736E-01  0.6042E-02 -0.1625E-01  0.3186E-01  0.4618E-01  0.5144E-01  0.5078E-01  0.4926E-01  0.4798E-01  0.4851E-01  0.4998E-01  0.5159E-01  0.5252E-01  0.5303E-01  0.5287E-01  0.5250E-01  0.5237E-01  0.5285E-01  0.5361E-01  0.5496E-01  0.5537E-01  0.5075E-01  0.2405E-01
     15.4472      300.0000 -0.1787E+00 -0.3063E+00 -0.1715E+00 -0.2736E-01  0.6042E-02 -0.1625E-01  0.3186E-01  0.4618E-01  0.5144E-01  0.5078E-01  0.4926E-01  0.4798E-01  0.4851E-01  0.4998E-01  0.5159E-01  0.5252E-01  0.5303E-01  0.5287E-01  0.5250E-01  0.5237E-01  0.5285E-01  0.5361E-01  0.5496E-01  0.5537E-01  0.5075E-01  0.2405E-01
     15.5827      310.0000 -0.1787E+00 -0.3063E+00 -0.1715E+00 -0.2736E-01  0.6041E-02 -0.1625E-01  0.3186E-01  0.4618E-01  0.5144E-01  0.5078E-01  0.4926E-01  0.4798E-01  0.4851E-01  0.4998E-01  0.5159E-01  0.5252E-01  0.5303E-01  0.5287E-01  0.5250E-01  0.5237E-01  0.5285E-01  0.5361E-01  0.5496E-01  0.5537E-01  0.5075E-01  0.2405E-01
     15.7182      320.0000 -0.1787E+00 -0.3063E+00 -0.1715E+00 -0.2736E-01  0.6041E-02 -0.1625E-01  0.3186E-01  0.4618E-01  0.5144E-01  0.5078E-01  0.4926E-01  0.4798E-01  0.4851E-01  0.4998E-01  0.5159E-01  0.5252E-01  0.5303E-01  0.5287E-01  0.5250E-01  0.5237E-01  0.5285E-01  0.5361E-01  0.5496E-01  0.5537E-01  0.5075E-01  0.2405E-01
     15.8537      330.0000 -0.1787E+00 -0.3063E+00 -0.1715E+00 -0.2736E-01  0.6040E-02 -0.1625E-01  0.3186E-01  0.4618E-01  0.5144E-01  0.5078E-01  0.4926E-01  0.4798E-01  0.4851E-01  0.4998E-01  0.5159E-01  0.5252E-01  0.5303E-01  0.5287E-01  0.5250E-01  0.5237E-01  0.5285E-01  0.5361E-01  0.5496E-01  0.5537E-01  0.5075E-01  0.2405E-01
     15.9892      340.0000 -0.1787E+00 -0.3063E+00 -0.1715E+00 -0.2736E-01  0.6040E-02 -0.1625E-01  0.3186E-01  0.4618E-01  0.5144E-01  0.5078E-01  0.4926E-01  0.4798E-01  0.4851E-01  0.4998E-01  0.5159E-01  0.5252E-01  0.5303E-01  0.5287E-01  0.5250E-01  0.5237E-01  0.5285E-01  0.5361E-01  0.5496E-01  0.5537E-01  0.5075E-01  0.2405E-01
     16.1247      350.0000 -0.1787E+00 -0.3063E+00 -0.1715E+00 -0.2736E-01  0.6039E-02 -0.1625E-01  0.3186E-01  0.4618E-01  0.5144E-01  0.5078E-01  0.4926E-01  0.4798E-01  0.4851E-01  0.4998E-01  0.5159E-01  0.5252E-01  0.5303E-01  0.5287E-01  0.5250E-01  0.5237E-01  0.5285E-01  0.5361E-01  0.5496E-01  0.5537E-01  0.5075E-01  0.2405E-01
     16.2602      360.0000 -0.1787E+00 -0.3063E+00 -0.1715E+00 -0.2736E-01  0.6039E-02 -0.1625E-01  0.3186E-01  0.4618E-01  0.5144E-01  0.5078E-01  0.4926E-01  0.4798E-01  0.4851E-01  0.4998E-01  0.5159E-01  0.5252E-01  0.5303E-01  0.5287E-01  0.5250E-01  0.5237E-01  0.5285E-01  0.5361E-01  0.5496E-01  0.5537E-01  0.5075E-01  0.2405E-01
     16.3957       10.0000 -0.1787E+00 -0.3063E+00 -0.1715E+00 -0.2736E-01  0.6038E-02 -0.1625E-01  0.3186E-01  0.4618E-01  0.5144E-01  0.5078E-01  0.4926E-01  0.4798E-01  0.4851E-01  0.4998E-01  0.5159E-01  0.5252E-01  0.5303E-01  0.5287E-01  0.5250E-01  0.5237E-01  0.5285E-01  0.5361E-01  0.5496E-01  0.5537E-01  0.5075E-01  0.2405E-01
     16.5312       20.0000 -0.1787E+00 -0.3063E+00 -0.1715E+00 -0.2736E-01  0.6038E-02 -0.1625E-01  0.3186E-01  0.4618E-01  0.5144E-01  0.5078E-01  0.4926E-01  0.4798E-01  0.4851E-01  0.4998E-01  0.5159E-01  0.5252E-01  0.5303E-01  0.5287E-01  0.5250E-01  0.5237E-01  0.5285E-01  0.5361E-01  0.5496E-01  0.5537E-01  0.5075E-01  0.2405E-01
     16.6667       30.0000 -0.1787E+00 -0.3063E+00 -0.1715E+00 -0.2736E-01  0.6038E-02 -0.1625E-01  0.3186E-01  0.4618E-01  0.5144E-01  0.5078E-01  0.4926E-01  0.4798E-01  0.4851E-01  0.4998E-01  0.5159E-01  0.5252E-01  0.5303E-01  0.5287E-01  0.5250E-01  0.5237E-01  0.5285E-01  0.5361E-01  0.5496E-01  0.5537E-01  0.5075E-01  0.2405E-01
     16.8022       40.0000 -0.1787E+00 -0.3063E+00 -0.1715E+00 -0.2736E-01  0.6037E-02 -0.1625E-01  0.3186E-01  0.4618E-01  0.5144E-01  0.5078E-01  0.4926E-01  0.4798E-01  0.4851E-01  0.4998E-01  0.5159E-01  0.5252E-01  0.5303E-01  0.5287E-01  0.5250E-01  0.5237E-01  0.5285E-01  0.5361E-01  0.5496E-01  0.5537E-01  0.5075E-01  0.2405E-01
     16.9377       50.0000 -0.1787E+00 -0.3063E+00 -0.1715E+00 -0.2736E-01  0.6037E-02 -0.1625E-01  0.3186E-01  0.4618E-01  0.5144E-01  0.5078E-01  0.4926E-01  0.4798E-01  0.4851E-01  0.4998E-01  0.5159E-01  0.5252E-01  0.5303E-01  0.5287E-01  0.5250E-01  0.5237E-01  0.5285E-01  0.5361E-01  0.5496E-01  0.5537E-01  0.5075E-01  0.2405E-01
     17.0732       60.0000 -0.1787E+00 -0.3063E+00 -0.1715E+00 -0.2736E-01  0.6036E-02 -0.1625E-01  0.3186E-01  0.4618E-01  0.5144E-01  0.5078E-01  0.4926E-01  0.4798E-01  0.4851E-01  0.4998E-01  0.5159E-01  0.5252E-01  0.5303E-01  0.5287E-01  0.5250E-01  0.5237E-01  0.5285E-01  0.5361E-01  0.5496E-01  0.5537E-01  0.5075E-01  0.2405E-01
     17.2087       70.0000 -0.1787E+00 -0.3063E+00 -0.1715E+00 -0.2736E-01  0.6036E-02 -0.1625E-01  0.3186E-01  0.4618E-01  0.5144E-01  0.5078E-01  0.4926E-01  0.4798E-01  0.4851E-01  0.4998E-01  0.5159E-01  0.5252E-01  0.5303E-01  0.5287E-01  0.5250E-01  0.5237E-01  0.5285E-01  0.5361E-01  0.5496E-01  0.5537E-01  0.5075E-01  0.2405E-01
     17.3442       80.0000 -0.1787E+00 -0.3063E+00 -0.1715E+00 -0.2736E-01  0.6035E-02 -0.1625E-01  0.3186E-01  0.4618E-01  0.5144E-01  0.5078E-01  0.4926E-01  0.4798E-01  0.4851E-01  0.4998E-01  0.5159E-01  0.5252E-01  0.5303E-01  0.5287E-01  0.5250E-01  0.5237E-01  0.5285E-01  0.5361E-01  0.5496E-01  0.5537E-01  0.5075E-01  0.2405E-01
     17.4797       90.0000 -0.1787E+00 -0.3063E+00 -0.1715E+00 -0.2736E-01  0.6035E-02 -0.1625E-01  0.3186E-01  0.4618E-01  0.5144E-01  0.5078E-01  0.4926E-01  0.4798E-01  0.4851E-01  0.4998E-01  0.5159E-01  0.5252E-01  0.5303E-01  0.5287E-01  0.5250E-01  0.5237E-01  0.5285E-01  0.5361E-01  0.5496E-01  0.5537E-01  0.5075E-01  0.2405E-01
     17.6152      100.0000 -0.1787E+00 -0.3063E+00 -0.1715E+00 -0.2736E-01  0.6035E-02 -0.1625E-01  0.3186E-01  0.4618E-01  0.5144E-01  0.5078E-01  0.4926E-01  0.4798E-01  0.4851E-01  0.4998E-01  0.5159E-01  0.5252E-01  0.5303E-01  0.5287E-01  0.5250E-01  0.5237E-01  0.5285E-01  0.5361E-01  0.5496E-01  0.5537E-01  0.5075E-01  0.2405E-01
     17.7507      110.0000 -0.1787E+00 -0.3063E+00 -0.1715E+00 -0.2736E-01  0.6034E-02 -0.1625E-01  0.3186E-01  0.4618E-01  0.5144E-01  0.5078E-01  0.4926E-01  0.4798E-01  0.4851E-01  0.4998E-01  0.5159E-01  0.5252E-01  0.5303E-01  0.5287E-01  0.5250E-01  0.5237E-01  0.5285E-01  0.5361E-01  0.5496E-01  0.5537E-01  0.5075E-01  0.2405E-01
     17.8862      120.0000 -0.1787E+00 -0.3063E+00 -0.1715E+00 -0.2736E-01  0.6034E-02 -0.1625E-01  0.3186E-01  0.4618E-01  0.5144E-01  0.5078E-01  0.4926E-01  0.4798E-01  0.4851E-01  0.4998E-01  0.5159E-01  0.5252E-01  0.5303E-01  0.5287E-01  0.5250E-01  0.5237E-01  0.5285E-01  0.5361E-01  0.5496E-01  0.5537E-01  0.5075E-01  0.2405E-01
     18.0217      130.0000 -0.1787E+00 -0.3063E+00 -0.1715E+00 -0.2736E-01  0.6033E-02 -0.1625E-01  0.3186E-01  0.4618E-01  0.5144E-01  0.5078E-01  0.4926E-01  0.4798E-01  0.4851E-01  0.4998E-01  0.5159E-01  0.5252E-01  0.5303E-01  0.5287E-01  0.5250E-01  0.5237E-01  0.5285E-01  0.5361E-01  0.5496E-01  0.5537E-01  0.5075E-01  0.2405E-01
     18.1572      140.0000 -0.1787E+00 -0.3063E+00 -0.1715E+00 -0.2736E-01  0.6033E-02 -0.1625E-01  0.3186E-01  0.4618E-01  0.5144E-01  0.5078E-01  0.4926E-01  0.4798E-01  0.4851E-01  0.4998E-01  0.5159E-01  0.5252E-01  0.5303E-01  0.5287E-01  0.5250E-01  0.5237E-01  0.5285E-01  0.5361E-01  0.5496E-01  0.5537E-01  0.5075E-01  0.2405E-01
     18.2927      150.0000 -0.1787E+00 -0.3063E+00 -0.1715E+00 -0.2736E-01  0.6033E-02 -0.1625E-01  0.3186E-01  0.4618E-01  0.5144E-01  0.5078E-01  0.4926E-01  0.4798E-01  0.4851E-01  0.4998E-01  0.5159E-01  0.5252E-01  0.5303E-01  0.5287E-01  0.5250E-01  0.5237E-01  0.5285E-01  0.5361E-01  0.5496E-01  0.5537E-01  0.5075E-01  0.2405E-01
     18.4282      160.0000 -0.1787E+00 -0.3063E+00 -0.1715E+00 -0.2736E-01  0.6032E-02 -0.1625E-01  0.3186E-01  0.4618E-01  0.5144E-01  0.5078E-01  0.4926E-01  0.4798E-01  0.4851E-01  0.4998E-01  0.5159E-01  0.5252E-01  0.5303E-01  0.5287E-01  0.5250E-01  0.5237E-01  0.5285E-01  0.5361E-01  0.5496E-01  0.5537E-01  0.5075E-01  0.2405E-01
     18.5637      170.0000 -0.1787E+00 -0.3063E+00 -0.1715E+00 -0.2736E-01  0.6032E-02 -0.1625E-01  0.3186E-01  0.4618E-01  0.5144E-01  0.5078E-01  0.4926E-01  0.4798E-01  0.4851E-01  0.4998E-01  0.5159E-01  0.5252E-01  0.5303E-01  0.5287E-01  0.5250E-01  0.5237E-01  0.5285E-01  0.5361E-01  0.5496E-01  0.5537E-01  0.5075E-01  0.2405E-01
     18.6992      180.0000 -0.1787E+00 -0.3063E+00 -0.1715E+00 -0.2736E-01  0.6032E-02 -0.1625E-01  0.3186E-01  0.4618E-01  0.5144E-01  0.5078E-01  0.4926E-01  0.4798E-01  0.4851E-01  0.4998E-01  0.5159E-01  0.5252E-01  0.5303E-01  0.5287E-01  0.5250E-01  0.5237E-01  0.5285E-01  0.5361E-01  0.5496E-01  0.5537E-01  0.5075E-01  0.2405E-01
     18.8347      190.0000 -0.1787E+00 -0.3063E+00 -0.1715E+00 -0.2736E-01  0.6031E-02 -0.1625E-01  0.3186E-01  0.4618E-01  0.5144E-01  0.5078E-01  0.4926E-01  0.4798E-01  0.4851E-01  0.4998E-01  0.5159E-01  0.5252E-01  0.5303E-01  0.5287E-01  0.5250E-01  0.5237E-01  0.5285E-01  0.5361E-01  0.5496E-01  0.5537E-01  0.5075E-01  0.2405E-01
     18.9702      200.0000 -0.1787E+00 -0.3063E+00 -0.1715E+00 -0.2736E-01  0.6031E-02 -0.1625E-01  0.3186E-01  0.4618E-01  0.5144E-01  0.5078E-01  0.4926E-01  0.4798E-01  0.4851E-01  0.4998E-01  0.5159E-01  0.5252E-01  0.5303E-01  0.5287E-01  0.5250E-01  0.5237E-01  0.5285E-01  0.5361E-01  0.5496E-01  0.5537E-01  0.5075E-01  0.2405E-01
     19.1057      210.0000 -0.1787E+00 -0.3063E+00 -0.1715E+00 -0.2736E-01  0.6031E-02 -0.1625E-01  0.3186E-01  0.4618E-01  0.5144E-01  0.5078E-01  0.4926E-01  0.4798E-01  0.4851E-01  0.4998E-01  0.5159E-01  0.5252E-01  0.5303E-01  0.5287E-01  0.5250E-01  0.5237E-01  0.5285E-01  0.5361E-01  0.5496E-01  0.5537E-01  0.5075E-01  0.2405E-01
     19.2412      220.0000 -0.1787E+00 -0.3063E+00 -0.1715E+00 -0.2736E-01  0.6030E-02 -0.1625E-01  0.3186E-01  0.4618E-01  0.5144E-01  0.5078E-01  0.4926E-01  0.4798E-01  0.4851E-01  0.4998E-01  0.5159E-01  0.5252E-01  0.5303E-01  0.5287E-01  0.5250E-01  0.5237E-01  0.5285E-01  0.5361E-01  0.5496E-01  0.5537E-01  0.5075E-01  0.2405E-01
     19.3767      230.0000 -0.1787E+00 -0.3063E+00 -0.1715E+00 -0.2736E-01  0.6030E-02 -0.1625E-01  0.3186E-01  0.4618E-01  0.5144E-01  0.5078E-01  0.4926E-01  0.4798E-01  0.4851E-01  0.4998E-01  0.5159E-01  0.5252E-01  0.5303E-01  0.5287E-01  0.5250E-01  0.5237E-01  0.5285E-01  0.5361E-01  0.5496E-01  0.5537E-01  0.5075E-01  0.2405E-01
     19.5122      240.0000 -0.1787E+00 -0.3063E+00 -0.1715E+00 -0.2736E-01  0.6030E-02 -0.1626E-01  0.3186E-01  0.4618E-01  0.5144E-01  0.5078E-01  0.4926E-01  0.4798E-01  0.4851E-01  0.4998E-01  0.5159E-01  0.5252E-01  0.5303E-01  0.5287E-01  0.5250E-01  0.5237E-01  0.5285E-01  0.5361E-01  0.5496E-01  0.5537E-01  0.5075E-01  0.2405E-01
     19.6477      250.0000 -0.1787E+00 -0.3063E+00 -0.1715E+00 -0.2736E-01  0.6029E-02 -0.1626E-01  0.3186E-01  0.4618E-01  0.5144E-01  0.5078E-01  0.4926E-01  0.4798E-01  0.4851E-01  0.4998E-01  0.5159E-01  0.5252E-01  0.5303E-01  0.5287E-01  0.5250E-01  0.5237E-01  0.5285E-01  0.5361E-01  0.5496E-01  0.5537E-01  0.5075E-01  0.2405E-01
     19.7832      260.0000 -0.1787E+00 -0.3063E+00 -0.1715E+00 -0.2736E-01  0.6029E-02 -0.1626E-01  0.3186E-01  0.4618E-01  0.5144E-01  0.5078E-01  0.4926E-01  0.4798E-01  0.4851E-01  0.4998E-01  0.5159E-01  0.5252E-01  0.5303E-01  0.5287E-01  0.5250E-01  0.5237E-01  0.5285E-01  0.5361E-01  0.5496E-01  0.5537E-01  0.5075E-01  0.2405E-01
     19.9187      270.0000 -0.1787E+00 -0.3063E+00 -0.1715E+00 -0.2736E-01  0.6029E-02 -0.1626E-01  0.3186E-01  0.4618E-01  0.5144E-01  0.5078E-01  0.4926E-01  0.4798E-01  0.4851E-01  0.4998E-01  0.5159E-01  0.5252E-01  0.5303E-01  0.5287E-01  0.5250E-01  0.5237E-01  0.5285E-01  0.5361E-01  0.5496E-01  0.5537E-01  0.5075E-01  0.2405E-01
     20.0542      280.0000 -0.1787E+00 -0.3063E+00 -0.1715E+00 -0.2736E-01  0.6029E-02 -0.1626E-01  0.3186E-01  0.4618E-01  0.5144E-01  0.5078E-01  0.4926E-01  0.4798E-01  0.4851E-01  0.4998E-01  0.5159E-01  0.5252E-01  0.5303E-01  0.5287E-01  0.5250E-01  0.5237E-01  0.5285E-01  0.5361E-01  0.5496E-01  0.5537E-01  0.5075E-01  0.2405E-01
     20.1897      290.0000 -0.1787E+00 -0.3063E+00 -0.1715E+00 -0.2736E-01  0.6028E-02 -0.1626E-01  0.3186E-01  0.4618E-01  0.5144E-01  0.5078E-01  0.4926E-01  0.4798E-01  0.4851E-01  0.4998E-01  0.5159E-01  0.5252E-01  0.5303E-01  0.5287E-01  0.5250E-01  0.5237E-01  0.5285E-01  0.5361E-01  0.5496E-01  0.5537E-01  0.5075E-01  0.2405E-01
     20.3252      300.0000 -0.1787E+00 -0.3063E+00 -0.1715E+00 -0.2736E-01  0.6028E-02 -0.1626E-01  0.3186E-01  0.4618E-01  0.5144E-01  0.5078E-01  0.4926E-01  0.4798E-01  0.4851E-01  0.4998E-01  0.5159E-01  0.5252E-01  0.5303E-01  0.5287E-01  0.5250E-01  0.5237E-01  0.5285E-01  0.5361E-01  0.5496E-01  0.5537E-01  0.5075E-01  0.2405E-01
     20.4607      310.0000 -0.1787E+00 -0.3063E+00 -0.1715E+00 -0.2736E-01  0.6028E-02 -0.1626E-01  0.3186E-01  0.4618E-01  0.5144E-01  0.5078E-01  0.4926E-01  0.4798E-01  0.4851E-01  0.4998E-01  0.5159E-01  0.5252E-01  0.5303E-01  0.5287E-01  0.5250E-01  0.5237E-01  0.5285E-01  0.5361E-01  0.5496E-01  0.5537E-01  0.5075E-01  0.2405E-01
     20.5962      320.0000 -0.1787E+00 -0.3063E+00 -0.1715E+00 -0.2736E-01  0.6027E-02 -0.1626E-01  0.3186E-01  0.4618E-01  0.5144E-01  0.5078E-01  0.4926E-01  0.4798E-01  0.4851E-01  0.4998E-01  0.5159E-01  0.5252E-01  0.5303E-01  0.5287E-01  0.5250E-01  0.5237E-01  0.5285E-01  0.5361E-01  0.5496E-01  0.5537E-01  0.5075E-01  0.2405E-01
     20.7317      330.0000 -0.1787E+00 -0.3063E+00 -0.1715E+00 -0.2736E-01  0.6027E-02 -0.1626E-01  0.3186E-01  0.4618E-01  0.5144E-01  0.5078E-01  0.4926E-01  0.4798E-01  0.4851E-01  0.4998E-01  0.5159E-01  0.5252E-01  0.5303E-01  0.5287E-01  0.5250E-01  0.5237E-01  0.5285E-01  0.5361E-01  0.5496E-01  0.5537E-01  0.5075E-01  0.2405E-01
     20.8672      340.0000 -0.1787E+00 -0.3063E+00 -0.1715E+00 -0.2736E-01  0.6027E-02 -0.1626E-01  0.3186E-01  0.4618E-01  0.5144E-01  0.5078E-01  0.4926E-01  0.4798E-01  0.4851E-01  0.4998E-01  0.5159E-01  0.5252E-01  0.5303E-01  0.5287E-01  0.5250E-01  0.5237E-01  0.5285E-01  0.5361E-01  0.5496E-01  0.5537E-01  0.5075E-01  0.2405E-01
     21.0027      350.0000 -0.1787E+00 -0.3063E+00 -0.1715E+00 -0.2736E-01  0.6027E-02 -0.1626E-01  0.3186E-01  0.4618E-01  0.5144E-01  0.5078E-01  0.4926E-01  0.4798E-01  0.4851E-01  0.4998E-01  0.5159E-01  0.5252E-01  0.5303E-01  0.5287E-01  0.5250E-01  0.5237E-01  0.5285E-01  0.5361E-01  0.5496E-01  0.5537E-01  0.5075E-01  0.2405E-01
     21.1382      360.0000 -0.1787E+00 -0.3063E+00 -0.1715E+00 -0.2736E-01  0.6026E-02 -0.1626E-01  0.3186E-01  0.4618E-01  0.5144E-01  0.5078E-01  0.4926E-01  0.4798E-01  0.4851E-01  0.4998E-01  0.5159E-01  0.5252E-01  0.5303E-01  0.5287E-01  0.5250E-01  0.5237E-01  0.5285E-01  0.5361E-01  0.5496E-01  0.5537E-01  0.5075E-01  0.2405E-01
     21.2737       10.0000 -0.1787E+00 -0.3063E+00 -0.1715E+00 -0.2736E-01  0.6026E-02 -0.1626E-01  0.3186E-01  0.4618E-01  0.5144E-01  0.5078E-01  0.4926E-01  0.4798E-01  0.4851E-01  0.4998E-01  0.5159E-01  0.5252E-01  0.5303E-01  0.5287E-01  0.5250E-01  0.5237E-01  0.5285E-01  0.5361E-01  0.5496E-01  0.5537E-01  0.5075E-01  0.2405E-01
     21.4092       20.0000 -0.1787E+00 -0.3063E+00 -0.1715E+00 -0.2736E-01  0.6026E-02 -0.1626E-01  0.3186E-01  0.4618E-01  0.5144E-01  0.5078E-01  0.4926E-01  0.4798E-01  0.4851E-01  0.4998E-01  0.5159E-01  0.5252E-01  0.5303E-01  0.5287E-01  0.5250E-01  0.5237E-01  0.5285E-01  0.5361E-01  0.5496E-01  0.5537E-01  0.5075E-01  0.2405E-01
     21.5447       30.0000 -0.1787E+00 -0.3063E+00 -0.1715E+00 -0.2736E-01  0.6026E-02 -0.1626E-01  0.3186E-01  0.4618E-01  0.5144E-01  0.5078E-01  0.4926E-01  0.4798E-01  0.4851E-01  0.4998E-01  0.5159E-01  0.5252E-01  0.5303E-01  0.5287E-01  0.5250E-01  0.5237E-01  0.5285E-01  0.5361E-01  0.5496E-01  0.5537E-01  0.5075E-01  0.2405E-01
     21.6802       40.0000 -0.1787E+00 -0.3063E+00 -0.1715E+00 -0.2736E-01  0.6025E-02 -0.1626E-01  0.3186E-01  0.4618E-01  0.5144E-01  0.5078E-01  0.4926E-01  0.4798E-01  0.4851E-01  0.4998E-01  0.5159E-01  0.5252E-01  0.5303E-01  0.5287E-01  0.5250E-01  0.5237E-01  0.5285E-01  0.5361E-01  0.5496E-01  0.5537E-01  0.5075E-01  0.2405E-01
     21.8157       50.0000 -0.1787E+00 -0.3063E+00 -0.1715E+00 -0.2736E-01  0.6025E-02 -0.1626E-01  0.3186E-01  0.4618E-01  0.5144E-01  0.5078E-01  0.4926E-01  0.4798E-01  0.4851E-01  0.4998E-01  0.5159E-01  0.5252E-01  0.5303E-01  0.5287E-01  0.5250E-01  0.5237E-01  0.5285E-01  0.5361E-01  0.5496E-01  0.5537E-01  0.5075E-01  0.2405E-01
     21.9512       60.0000 -0.1787E+00 -0.3063E+00 -0.1715E+00 -0.2736E-01  0.6025E-02 -0.1626E-01  0.3185E-01  0.4618E-01  0.5144E-01  0.5078E-01  0.4926E-01  0.4798E-01  0.4851E-01  0.4998E-01  0.5159E-01  0.5252E-01  0.5303E-01  0.5287E-01  0.5250E-01  0.5237E-01  0.5285E-01  0.5361E-01  0.5496E-01  0.5537E-01  0.5075E-01  0.2405E-01
     22.0867       70.0000 -0.1787E+00 -0.3063E+00 -0.1715E+00 -0.2736E-01  0.6025E-02 -0.1626E-01  0.3185E-01  0.4618E-01  0.5144E-01  0.5078E-01  0.4926E-01  0.4798E-01  0.4851E-01  0.4998E-01  0.5159E-01  0.5252E-01  0.5303E-01  0.5287E-01  0.5250E-01  0.5237E-01  0.5285E-01  0.5361E-01  0.5496E-01  0.5537E-01  0.5075E-01  0.2405E-01
     22.2222       80.0000 -0.1787E+00 -0.3063E+00 -0.1715E+00 -0.2736E-01  0.6025E-02 -0.1626E-01  0.3185E-01  0.4618E-01  0.5144E-01  0.5078E-01  0.4926E-01  0.4798E-01  0.4851E-01  0.4998E-01  0.5159E-01  0.5252E-01  0.5303E-01  0.5287E-01  0.5250E-01  0.5237E-01  0.5285E-01  0.5361E-01  0.5496E-01  0.5537E-01  0.5075E-01  0.2405E-01
     22.3577       90.0000 -0.1787E+00 -0.3063E+00 -0.1715E+00 -0.2736E-01  0.6024E-02 -0.1626E-01  0.3185E-01  0.4618E-01  0.5144E-01  0.5078E-01  0.4926E-01  0.4798E-01  0.4851E-01  0.4998E-01  0.5159E-01  0.5252E-01  0.5303E-01  0.5287E-01  0.5250E-01  0.5237E-01  0.5285E-01  0.5361E-01  0.5496E-01  0.5537E-01  0.5075E-01  0.2405E-01
     22.4932      100.0000 -0.1787E+00 -0.3063E+00 -0.1715E+00 -0.2736E-01  0.6024E-02 -0.1626E-01  0.3185E-01  0.4618E-01  0.5144E-01  0.5078E-01  0.4926E-01  0.4798E-01  0.4851E-01  0.4998E-01  0.5159E-01  0.5252E-01  0.5303E-01  0.5287E-01  0.5250E-01  0.5237E-01  0.5285E-01  0.5361E-01  0.5496E-01  0.5537E-01  0.5075E-01  0.2405E-01
     22.6287      110.0000 -0.1787E+00 -0.3063E+00 -0.1715E+00 -0.2736E-01  0.6024E-02 -0.1626E-01  0.3185E-01  0.4618E-01  0.5144E-01  0.5078E-01  0.4926E-01  0.4798E-01  0.4851E-01  0.4998E-01  0.5159E-01  0.5252E-01  0.5303E-01  0.5287E-01  0.5250E-01  0.5237E-01  0.5285E-01  0.5361E-01  0.5496E-01  0.5537E-01  0.5075E-01  0.2405E-01
     22.7642      120.0000 -0.1787E+00 -0.3063E+00 -0.1715E+00 -0.2736E-01  0.6024E-02 -0.1626E-01  0.3185E-01  0.4618E-01  0.5144E-01  0.5078E-01  0.4926E-01  0.4798E-01  0.4851E-01  0.4998E-01  0.5159E-01  0.5252E-01  0.5303E-01  0.5287E-01  0.5250E-01  0.5237E-01  0.5285E-01  0.5361E-01  0.5496E-01  0.5537E-01  0.5075E-01  0.2405E-01
     22.8997      130.0000 -0.1787E+00 -0.3063E+00 -0.1715E+00 -0.2736E-01  0.6024E-02 -0.1626E-01  0.3185E-01  0.4618E-01  0.5144E-01  0.5078E-01  0.4926E-01  0.4798E-01  0.4851E-01  0.4998E-01  0.5159E-01  0.5252E-01  0.5303E-01  0.5287E-01  0.5250E-01  0.5237E-01  0.5285E-01  0.5361E-01  0.5496E-01  0.5537E-01  0.5075E-01  0.2405E-01
     23.0352      140.0000 -0.1787E+00 -0.3063E+00 -0.1715E+00 -0.2736E-01  0.6023E-02 -0.1626E-01  0.3185E-01  0.4618E-01  0.5144E-01  0.5078E-01  0.4926E-01  0.4798E-01  0.4851E-01  0.4998E-01  0.5159E-01  0.5252E-01  0.5303E-01  0.5287E-01  0.5250E-01  0.5237E-01  0.5285E-01  0.5361E-01  0.5496E-01  0.5537E-01  0.5075E-01  0.2405E-01
     23.1707      150.0000 -0.1787E+00 -0.3063E+00 -0.1715E+00 -0.2736E-01  0.6023E-02 -0.1626E-01  0.3185E-01  0.4618E-01  0.5144E-01  0.5078E-01  0.4926E-01  0.4798E-01  0.4851E-01  0.4998E-01  0.5159E-01  0.5252E-01  0.5303E-01  0.5287E-01  0.5250E-01  0.5237E-01  0.5285E-01  0.5361E-01  0.5496E-01  0.5537E-01  0.5075E-01  0.2405E-01
     23.3062      160.0000 -0.1787E+00 -0.3063E+00 -0.1715E+00 -0.2736E-01  0.6023E-02 -0.1626E-01  0.3185E-01  0.4618E-01  0.5144E-01  0.5078E-01  0.4926E-01  0.4798E-01  0.4851E-01  0.4998E-01  0.5159E-01  0.5252E-01  0.5303E-01  0.5287E-01  0.5250E-01  0.5237E-01  0.5285E-01  0.5361E-01  0.5496E-01  0.5537E-01  0.5075E-01  0.2405E-01
     23.4417      170.0000 -0.1787E+00 -0.3063E+00 -0.1715E+00 -0.2736E-01  0.6023E-02 -0.1626E-01  0.3185E-01  0.4618E-01  0.5144E-01  0.5078E-01  0.4926E-01  0.4798E-01  0.4851E-01  0.4998E-01  0.5159E-01  0.5252E-01  0.5303E-01  0.5287E-01  0.5250E-01  0.5237E-01  0.5285E-01  0.5361E-01  0.5496E-01  0.5537E-01  0.5075E-01  0.2405E-01
     23.5772      180.0000 -0.1787E+00 -0.3063E+00 -0.1715E+00 -0.2736E-01  0.6023E-02 -0.1626E-01  0.3185E-01  0.4618E-01  0.5144E-01  0.5078E-01  0.4926E-01  0.4798E-01  0.4851E-01  0.4998E-01  0.5159E-01  0.5252E-01  0.5303E-01  0.5287E-01  0.5250E-01  0.5237E-01  0.5285E-01  0.5361E-01  0.5496E-01  0.5537E-01  0.5075E-01  0.2405E-01
     23.7127      190.0000 -0.1787E+00 -0.3063E+00 -0.1715E+00 -0.2736E-01  0.6022E-02 -0.1626E-01  0.3185E-01  0.4618E-01  0.5144E-01  0.5078E-01  0.4926E-01  0.4798E-01  0.4851E-01  0.4998E-01  0.5159E-01  0.5252E-01  0.5303E-01  0.5287E-01  0.5250E-01  0.5237E-01  0.5285E-01  0.5361E-01  0.5496E-01  0.5537E-01  0.5075E-01  0.2405E-01
     23.8482      200.0000 -0.1787E+00 -0.3063E+00 -0.1715E+00 -0.2736E-01  0.6022E-02 -0.1626E-01  0.3185E-01  0.4618E-01  0.5144E-01  0.5078E-01  0.4926E-01  0.4798E-01  0.4851E-01  0.4998E-01  0.5159E-01  0.5252E-01  0.5303E-01  0.5287E-01  0.5250E-01  0.5237E-01  0.5285E-01  0.5361E-01  0.5496E-01  0.5537E-01  0.5075E-01  0.2405E-01
     23.9837      210.0000 -0.1787E+00 -0.3063E+00 -0.1715E+00 -0.2736E-01  0.6022E-02 -0.1626E-01  0.3185E-01  0.4618E-01  0.5144E-01  0.5078E-01  0.4926E-01  0.4798E-01  0.4851E-01  0.4998E-01  0.5159E-01  0.5252E-01  0.5303E-01  0.5287E-01  0.5250E-01  0.5237E-01  0.5285E-01  0.5361E-01  0.5496E-01  0.5537E-01  0.5075E-01  0.2405E-01
     24.1192      220.0000 -0.1787E+00 -0.3063E+00 -0.1715E+00 -0.2736E-01  0.6022E-02 -0.1626E-01  0.3185E-01  0.4618E-01  0.5144E-01  0.5078E-01  0.4926E-01  0.4798E-01  0.4851E-01  0.4998E-01  0.5159E-01  0.5252E-01  0.5303E-01  0.5287E-01  0.5250E-01  0.5237E-01  0.5285E-01  0.5361E-01  0.5496E-01  0.5537E-01  0.5075E-01  0.2405E-01
     24.2547      230.0000 -0.1787E+00 -0.3063E+00 -0.1715E+00 -0.2736E-01  0.6022E-02 -0.1626E-01  0.3185E-01  0.4618E-01  0.5144E-01  0.5078E-01  0.4926E-01  0.4798E-01  0.4851E-01  0.4998E-01  0.5159E-01  0.5252E-01  0.5303E-01  0.5287E-01  0.5250E-01  0.5237E-01  0.5285E-01  0.5361E-01  0.5496E-01  0.5537E-01  0.5075E-01  0.2405E-01
     24.3902      240.0000 -0.1787E+00 -0.3063E+00 -0.1715E+00 -0.2736E-01  0.6022E-02 -0.1626E-01  0.3185E-01  0.4618E-01  0.5144E-01  0.5078E-01  0.4926E-01  0.4798E-01  0.4851E-01  0.4998E-01  0.5159E-01  0.5252E-01  0.5303E-01  0.5287E-01  0.5250E-01  0.5237E-01  0.5285E-01  0.5361E-01  0.5496E-01  0.5537E-01  0.5075E-01  0.2405E-01
     24.5257      250.0000 -0.1787E+00 -0.3063E+00 -0.1715E+00 -0.2736E-01  0.6021E-02 -0.1626E-01  0.3185E-01  0.4618E-01  0.5144E-01  0.5078E-01  0.4926E-01  0.4798E-01  0.4851E-01  0.4998E-01  0.5159E-01  0.5252E-01  0.5303E-01  0.5287E-01  0.5250E-01  0.5237E-01  0.5285E-01  0.5361E-01  0.5496E-01  0.5537E-01  0.5075E-01  0.2405E-01
     24.6612      260.0000 -0.1787E+00 -0.3063E+00 -0.1715E+00 -0.2736E-01  0.6021E-02 -0.1626E-01  0.3185E-01  0.4618E-01  0.5144E-01  0.5078E-01  0.4926E-01  0.4798E-01  0.4851E-01  0.4998E-01  0.5159E-01  0.5252E-01  0.5303E-01  0.5287E-01  0.5250E-01  0.5237E-01  0.5285E-01  0.5361E-01  0.5496E-01  0.5537E-01  0.5075E-01  0.2405E-01
     24.7967      270.0000 -0.1787E+00 -0.3063E+00 -0.1715E+00 -0.2736E-01  0.6021E-02 -0.1626E-01  0.3185E-01  0.4618E-01  0.5144E-01  0.5078E-01  0.4926E-01  0.4798E-01  0.4851E-01  0.4998E-01  0.5159E-01  0.5252E-01  0.5303E-01  0.5287E-01  0.5250E-01  0.5237E-01  0.5285E-01  0.5361E-01  0.5496E-01  0.5537E-01  0.5075E-01  0.2405E-01
     24.9322      280.0000 -0.1787E+00 -0.3063E+00 -0.1715E+00 -0.2736E-01  0.6021E-02 -0.1626E-01  0.3185E-01  0.4618E-01  0.5144E-01  0.5078E-01  0.4926E-01  0.4798E-01  0.4851E-01  0.4998E-01  0.5159E-01  0.5252E-01  0.5303E-01  0.5287E-01  0.5250E-01  0.5237E-01  0.5285E-01  0.5361E-01  0.5496E-01  0.5537E-01  0.5075E-01  0.2405E-01
     25.0678      290.0000 -0.1787E+00 -0.3063E+00 -0.1715E+00 -0.2736E-01  0.6021E-02 -0.1626E-01  0.3185E-01  0.4618E-01  0.5144E-01  0.5078E-01  0.4926E-01  0.4798E-01  0.4851E-01  0.4998E-01  0.5159E-01  0.5252E-01  0.5303E-01  0.5287E-01  0.5250E-01  0.5237E-01  0.5285E-01  0.5361E-01  0.5496E-01  0.5537E-01  0.5075E-01  0.2405E-01
     25.2033      300.0000 -0.1787E+00 -0.3063E+00 -0.1715E+00 -0.2736E-01  0.6021E-02 -0.1626E-01  0.3185E-01  0.4618E-01  0.5144E-01  0.5078E-01  0.4926E-01  0.4798E-01  0.4851E-01  0.4998E-01  0.5159E-01  0.5252E-01  0.5303E-01  0.5287E-01  0.5250E-01  0.5237E-01  0.5285E-01  0.5361E-01  0.5496E-01  0.5537E-01  0.5075E-01  0.2405E-01
     25.3388      310.0000 -0.1787E+00 -0.3063E+00 -0.1715E+00 -0.2736E-01  0.6020E-02 -0.1626E-01  0.3185E-01  0.4618E-01  0.5144E-01  0.5078E-01  0.4926E-01  0.4798E-01  0.4851E-01  0.4998E-01  0.5159E-01  0.5252E-01  0.5303E-01  0.5287E-01  0.5250E-01  0.5237E-01  0.5285E-01  0.5361E-01  0.5496E-01  0.5537E-01  0.5075E-01  0.2405E-01
     25.4743      320.0000 -0.1787E+00 -0.3063E+00 -0.1715E+00 -0.2736E-01  0.6020E-02 -0.1626E-01  0.3185E-01  0.4618E-01  0.5144E-01  0.5078E-01  0.4926E-01  0.4798E-01  0.4851E-01  0.4998E-01  0.5159E-01  0.5252E-01  0.5303E-01  0.5287E-01  0.5250E-01  0.5237E-01  0.5285E-01  0.5361E-01  0.5496E-01  0.5537E-01  0.5075E-01  0.2405E-01
     25.6098      330.0000 -0.1787E+00 -0.3063E+00 -0.1715E+00 -0.2736E-01  0.6020E-02 -0.1626E-01  0.3185E-01  0.4618E-01  0.5144E-01  0.5078E-01  0.4926E-01  0.4798E-01  0.4851E-01  0.4998E-01  0.5159E-01  0.5252E-01  0.5303E-01  0.5287E-01  0.5250E-01  0.5237E-01  0.5285E-01  0.5361E-01  0.5496E-01  0.5537E-01  0.5075E-01  0.2405E-01
     25.7453      340.0000 -0.1787E+00 -0.3063E+00 -0.1715E+00 -0.2736E-01  0.6020E-02 -0.1626E-01  0.3185E-01  0.4618E-01  0.5144E-01  0.5078E-01  0.4926E-01  0.4798E-01  0.4851E-01  0.4998E-01  0.5159E-01  0.5252E-01  0.5303E-01  0.5287E-01  0.5250E-01  0.5237E-01  0.5285E-01  0.5361E-01  0.5496E-01  0.5537E-01  0.5075E-01  0.2405E-01
     25.8808      350.0000 -0.1787E+00 -0.3063E+00 -0.1715E+00 -0.2736E-01  0.6020E-02 -0.1626E-01  0.3185E-01  0.4618E-01  0.5144E-01  0.5078E-01  0.4926E-01  0.4798E-01  0.4851E-01  0.4998E-01  0.5159E-01  0.5252E-01  0.5303E-01  0.5287E-01  0.5250E-01  0.5237E-01  0.5285E-01  0.5361E-01  0.5496E-01  0.5537E-01  0.5075E-01  0.2405E-01
     26.0163      360.0000 -0.1787E+00 -0.3063E+00 -0.1715E+00 -0.2736E-01  0.6020E-02 -0.1626E-01  0.3185E-01  0.4618E-01  0.5144E-01  0.5078E-01  0.4926E-01  0.4798E-01  0.4851E-01  0.4998E-01  0.5159E-01  0.5252E-01  0.5303E-01  0.5287E-01  0.5250E-01  0.5237E-01  0.5285E-01  0.5361E-01  0.5496E-01  0.5537E-01  0.5075E-01  0.2405E-01
     26.1518       10.0000 -0.1787E+00 -0.3063E+00 -0.1715E+00 -0.2736E-01  0.6020E-02 -0.1626E-01  0.3185E-01  0.4618E-01  0.5144E-01  0.5078E-01  0.4926E-01  0.4798E-01  0.4851E-01  0.4998E-01  0.5159E-01  0.5252E-01  0.5303E-01  0.5287E-01  0.5250E-01  0.5237E-01  0.5285E-01  0.5361E-01  0.5496E-01  0.5537E-01  0.5075E-01  0.2405E-01
     26.2873       20.0000 -0.1787E+00 -0.3063E+00 -0.1715E+00 -0.2736E-01  0.6019E-02 -0.1626E-01  0.3185E-01  0.4618E-01  0.5144E-01  0.5078E-01  0.4926E-01  0.4798E-01  0.4851E-01  0.4998E-01  0.5159E-01  0.5252E-01  0.5303E-01  0.5287E-01  0.5250E-01  0.5237E-01  0.5285E-01  0.5361E-01  0.5496E-01  0.5537E-01  0.5075E-01  0.2405E-01
     26.4228       30.0000 -0.1787E+00 -0.3063E+00 -0.1715E+00 -0.2736E-01  0.6019E-02 -0.1626E-01  0.3185E-01  0.4618E-01  0.5144E-01  0.5078E-01  0.4926E-01  0.4798E-01  0.4851E-01  0.4998E-01  0.5159E-01  0.5252E-01  0.5303E-01  0.5287E-01  0.5250E-01  0.5237E-01  0.5285E-01  0.5361E-01  0.5496E-01  0.5537E-01  0.5075E-01  0.2405E-01
     26.5583       40.0000 -0.1787E+00 -0.3063E+00 -0.1715E+00 -0.2736E-01  0.6019E-02 -0.1626E-01  0.3185E-01  0.4618E-01  0.5144E-01  0.5078E-01  0.4926E-01  0.4798E-01  0.4851E-01  0.4998E-01  0.5159E-01  0.5252E-01  0.5303E-01  0.5287E-01  0.5250E-01  0.5237E-01  0.5285E-01  0.5361E-01  0.5496E-01  0.5537E-01  0.5075E-01  0.2405E-01
     26.6938       50.0000 -0.1787E+00 -0.3063E+00 -0.1715E+00 -0.2736E-01  0.6019E-02 -0.1626E-01  0.3185E-01  0.4618E-01  0.5144E-01  0.5078E-01  0.4926E-01  0.4798E-01  0.4851E-01  0.4998E-01  0.5159E-01  0.5252E-01  0.5303E-01  0.5287E-01  0.5250E-01  0.5237E-01  0.5285E-01  0.5361E-01  0.5496E-01  0.5537E-01  0.5075E-01  0.2405E-01
     26.8293       60.0000 -0.1787E+00 -0.3063E+00 -0.1715E+00 -0.2736E-01  0.6019E-02 -0.1626E-01  0.3185E-01  0.4618E-01  0.5144E-01  0.5078E-01  0.4926E-01  0.4798E-01  0.4851E-01  0.4998E-01  0.5159E-01  0.5252E-01  0.5303E-01  0.5287E-01  0.5250E-01  0.5237E-01  0.5285E-01  0.5361E-01  0.5496E-01  0.5537E-01  0.5075E-01  0.2405E-01
     26.9648       70.0000 -0.1787E+00 -0.3063E+00 -0.1715E+00 -0.2736E-01  0.6019E-02 -0.1626E-01  0.3185E-01  0.4618E-01  0.5144E-01  0.5078E-01  0.4926E-01  0.4798E-01  0.4851E-01  0.4998E-01  0.5159E-01  0.5252E-01  0.5303E-01  0.5287E-01  0.5250E-01  0.5237E-01  0.5285E-01  0.5361E-01  0.5496E-01  0.5537E-01  0.5075E-01  0.2405E-01
     27.1003       80.0000 -0.1787E+00 -0.3063E+00 -0.1715E+00 -0.2736E-01  0.6019E-02 -0.1626E-01  0.3185E-01  0.4618E-01  0.5144E-01  0.5078E-01  0.4926E-01  0.4798E-01  0.4851E-01  0.4998E-01  0.5159E-01  0.5252E-01  0.5303E-01  0.5287E-01  0.5250E-01  0.5237E-01  0.5285E-01  0.5361E-01  0.5496E-01  0.5537E-01  0.5075E-01  0.2405E-01
     27.2358       90.0000 -0.1787E+00 -0.3063E+00 -0.1715E+00 -0.2736E-01  0.6019E-02 -0.1626E-01  0.3185E-01  0.4618E-01  0.5144E-01  0.5078E-01  0.4926E-01  0.4798E-01  0.4851E-01  0.4998E-01  0.5159E-01  0.5252E-01  0.5303E-01  0.5287E-01  0.5250E-01  0.5237E-01  0.5285E-01  0.5361E-01  0.5496E-01  0.5537E-01  0.5075E-01  0.2405E-01
     27.3713      100.0000 -0.1787E+00 -0.3063E+00 -0.1715E+00 -0.2736E-01  0.6019E-02 -0.1626E-01  0.3185E-01  0.4618E-01  0.5144E-01  0.5078E-01  0.4926E-01  0.4798E-01  0.4851E-01  0.4998E-01  0.5159E-01  0.5252E-01  0.5303E-01  0.5287E-01  0.5250E-01  0.5237E-01  0.5285E-01  0.5361E-01  0.5496E-01  0.5537E-01  0.5075E-01  0.2405E-01
     27.5068      110.0000 -0.1787E+00 -0.3063E+00 -0.1715E+00 -0.2736E-01  0.6018E-02 -0.1626E-01  0.3185E-01  0.4618E-01  0.5144E-01  0.5078E-01  0.4926E-01  0.4798E-01  0.4851E-01  0.4998E-01  0.5159E-01  0.5252E-01  0.5303E-01  0.5287E-01  0.5250E-01  0.5237E-01  0.5285E-01  0.5361E-01  0.5496E-01  0.5537E-01  0.5075E-01  0.2405E-01
     27.6423      120.0000 -0.1787E+00 -0.3063E+00 -0.1715E+00 -0.2736E-01  0.6018E-02 -0.1626E-01  0.3185E-01  0.4618E-01  0.5144E-01  0.5078E-01  0.4926E-01  0.4798E-01  0.4851E-01  0.4998E-01  0.5159E-01  0.5252E-01  0.5303E-01  0.5287E-01  0.5250E-01  0.5237E-01  0.5285E-01  0.5361E-01  0.5496E-01  0.5537E-01  0.5075E-01  0.2405E-01
     27.7778      130.0000 -0.1787E+00 -0.3063E+00 -0.1715E+00 -0.2736E-01  0.6018E-02 -0.1626E-01  0.3185E-01  0.4618E-01  0.5144E-01  0.5078E-01  0.4926E-01  0.4798E-01  0.4851E-01  0.4998E-01  0.5159E-01  0.5252E-01  0.5303E-01  0.5287E-01  0.5250E-01  0.5237E-01  0.5285E-01  0.5361E-01  0.5496E-01  0.5537E-01  0.5075E-01  0.2405E-01
     27.9133      140.0000 -0.1787E+00 -0.3063E+00 -0.1715E+00 -0.2736E-01  0.6018E-02 -0.1626E-01  0.3185E-01  0.4618E-01  0.5144E-01  0.5078E-01  0.4926E-01  0.4798E-01  0.4851E-01  0.4998E-01  0.5159E-01  0.5252E-01  0.5303E-01  0.5287E-01  0.5250E-01  0.5237E-01  0.5285E-01  0.5361E-01  0.5496E-01  0.5537E-01  0.5075E-01  0.2405E-01
     28.0488      150.0000 -0.1787E+00 -0.3063E+00 -0.1715E+00 -0.2736E-01  0.6018E-02 -0.1626E-01  0.3185E-01  0.4618E-01  0.5144E-01  0.5078E-01  0.4926E-01  0.4798E-01  0.4851E-01  0.4998E-01  0.5159E-01  0.5252E-01  0.5303E-01  0.5287E-01  0.5250E-01  0.5237E-01  0.5285E-01  0.5361E-01  0.5496E-01  0.5537E-01  0.5075E-01  0.2405E-01
     28.1843      160.0000 -0.1787E+00 -0.3063E+00 -0.1715E+00 -0.2736E-01  0.6018E-02 -0.1626E-01  0.3185E-01  0.4618E-01  0.5144E-01  0.5078E-01  0.4926E-01  0.4798E-01  0.4851E-01  0.4998E-01  0.5159E-01  0.5252E-01  0.5303E-01  0.5287E-01  0.5250E-01  0.5237E-01  0.5285E-01  0.5361E-01  0.5496E-01  0.5537E-01  0.5075E-01  0.2405E-01
     28.3198      170.0000 -0.1787E+00 -0.3063E+00 -0.1715E+00 -0.2736E-01  0.6018E-02 -0.1626E-01  0.3185E-01  0.4618E-01  0.5144E-01  0.5078E-01  0.4926E-01  0.4798E-01  0.4851E-01  0.4998E-01  0.5159E-01  0.5252E-01  0.5303E-01  0.5287E-01  0.5250E-01  0.5237E-01  0.5285E-01  0.5361E-01  0.5496E-01  0.5537E-01  0.5075E-01  0.2405E-01
     28.4553      180.0000 -0.1787E+00 -0.3063E+00 -0.1715E+00 -0.2736E-01  0.6018E-02 -0.1626E-01  0.3185E-01  0.4618E-01  0.5144E-01  0.5078E-01  0.4926E-01  0.4798E-01  0.4851E-01  0.4998E-01  0.5159E-01  0.5252E-01  0.5303E-01  0.5287E-01  0.5250E-01  0.5237E-01  0.5285E-01  0.5361E-01  0.5496E-01  0.5537E-01  0.5075E-01  0.2405E-01
     28.5908      190.0000 -0.1787E+00 -0.3063E+00 -0.1715E+00 -0.2736E-01  0.6018E-02 -0.1626E-01  0.3185E-01  0.4618E-01  0.5144E-01  0.5078E-01  0.4926E-01  0.4798E-01  0.4851E-01  0.4998E-01  0.5159E-01  0.5252E-01  0.5303E-01  0.5287E-01  0.5250E-01  0.5237E-01  0.5285E-01  0.5361E-01  0.5496E-01  0.5537E-01  0.5075E-01  0.2405E-01
     28.7263      200.0000 -0.1787E+00 -0.3063E+00 -0.1715E+00 -0.2736E-01  0.6018E-02 -0.1626E-01  0.3185E-01  0.4618E-01  0.5144E-01  0.5078E-01  0.4926E-01  0.4798E-01  0.4851E-01  0.4998E-01  0.5159E-01  0.5252E-01  0.5303E-01  0.5287E-01  0.5250E-01  0.5237E-01  0.5285E-01  0.5361E-01  0.5496E-01  0.5537E-01  0.5075E-01  0.2405E-01
     28.8618      210.0000 -0.1787E+00 -0.3063E+00 -0.1715E+00 -0.2736E-01  0.6017E-02 -0.1626E-01  0.3185E-01  0.4618E-01  0.5144E-01  0.5078E-01  0.4926E-01  0.4798E-01  0.4851E-01  0.4998E-01  0.5159E-01  0.5252E-01  0.5303E-01  0.5287E-01  0.5250E-01  0.5237E-01  0.5285E-01  0.5361E-01  0.5496E-01  0.5537E-01  0.5075E-01  0.2405E-01
     28.9973      220.0000 -0.1787E+00 -0.3063E+00 -0.1715E+00 -0.2736E-01  0.6017E-02 -0.1626E-01  0.3185E-01  0.4618E-01  0.5144E-01  0.5078E-01  0.4926E-01  0.4798E-01  0.4851E-01  0.4998E-01  0.5159E-01  0.5252E-01  0.5303E-01  0.5287E-01  0.5250E-01  0.5237E-01  0.5285E-01  0.5361E-01  0.5496E-01  0.5537E-01  0.5075E-01  0.2405E-01
     29.1328      230.0000 -0.1787E+00 -0.3063E+00 -0.1715E+00 -0.2736E-01  0.6017E-02 -0.1626E-01  0.3185E-01  0.4618E-01  0.5144E-01  0.5078E-01  0.4926E-01  0.4798E-01  0.4851E-01  0.4998E-01  0.5159E-01  0.5252E-01  0.5303E-01  0.5287E-01  0.5250E-01  0.5237E-01  0.5285E-01  0.5361E-01  0.5496E-01  0.5537E-01  0.5075E-01  0.2405E-01
     29.2683      240.0000 -0.1787E+00 -0.3063E+00 -0.1715E+00 -0.2736E-01  0.6017E-02 -0.1626E-01  0.3185E-01  0.4618E-01  0.5144E-01  0.5078E-01  0.4926E-01  0.4798E-01  0.4851E-01  0.4998E-01  0.5159E-01  0.5252E-01  0.5303E-01  0.5287E-01  0.5250E-01  0.5237E-01  0.5285E-01  0.5361E-01  0.5496E-01  0.5537E-01  0.5075E-01  0.2405E-01
     29.4038      250.0000 -0.1787E+00 -0.3063E+00 -0.1715E+00 -0.2736E-01  0.6017E-02 -0.1626E-01  0.3185E-01  0.4618E-01  0.5144E-01  0.5078E-01  0.4926E-01  0.4798E-01  0.4851E-01  0.4998E-01  0.5159E-01  0.5252E-01  0.5303E-01  0.5287E-01  0.5250E-01  0.5237E-01  0.5285E-01  0.5361E-01  0.5496E-01  0.5537E-01  0.5075E-01  0.2405E-01
     29.5393      260.0000 -0.1787E+00 -0.3063E+00 -0.1715E+00 -0.2736E-01  0.6017E-02 -0.1626E-01  0.3185E-01  0.4618E-01  0.5144E-01  0.5078E-01  0.4926E-01  0.4798E-01  0.4851E-01  0.4998E-01  0.5159E-01  0.5252E-01  0.5303E-01  0.5287E-01  0.5250E-01  0.5237E-01  0.5285E-01  0.5361E-01  0.5496E-01  0.5537E-01  0.5075E-01  0.2405E-01
     29.6748      270.0000 -0.1787E+00 -0.3063E+00 -0.1715E+00 -0.2736E-01  0.6017E-02 -0.1626E-01  0.3185E-01  0.4618E-01  0.5144E-01  0.5078E-01  0.4926E-01  0.4798E-01  0.4851E-01  0.4998E-01  0.5159E-01  0.5252E-01  0.5303E-01  0.5287E-01  0.5250E-01  0.5237E-01  0.5285E-01  0.5361E-01  0.5496E-01  0.5537E-01  0.5075E-01  0.2405E-01
     29.8103      280.0000 -0.1787E+00 -0.3063E+00 -0.1715E+00 -0.2736E-01  0.6017E-02 -0.1626E-01  0.3185E-01  0.4618E-01  0.5144E-01  0.5078E-01  0.4926E-01  0.4798E-01  0.4851E-01  0.4998E-01  0.5159E-01  0.5252E-01  0.5303E-01  0.5287E-01  0.5250E-01  0.5237E-01  0.5285E-01  0.5361E-01  0.5496E-01  0.5537E-01  0.5075E-01  0.2405E-01
     29.9458      290.0000 -0.1787E+00 -0.3063E+00 -0.1715E+00 -0.2736E-01  0.6017E-02 -0.1626E-01  0.3185E-01  0.4618E-01  0.5144E-01  0.5078E-01  0.4926E-01  0.4798E-01  0.4851E-01  0.4998E-01  0.5159E-01  0.5252E-01  0.5303E-01  0.5287E-01  0.5250E-01  0.5237E-01  0.5285E-01  0.5361E-01  0.5496E-01  0.5537E-01  0.5075E-01  0.2405E-01
