Time history of radial distribution for BEM variable: velIndy[m/s] for blade 3
                          rCurvi[m] (curvilinear radial distance)
                                0.7893      2.3680      3.9467      5.5254      7.1040      8.6827     10.2614     11.8401     13.4188     14.9974     16.5761     18.1548     19.7335     21.3121     22.8908     24.4695     26.0482     27.6268     29.2055     30.7842     32.3629     33.9416     35.5202     37.0989     38.2829     39.0723
                          zB[m] (radial coordinate along blade axis)
     time[s]  azimuth[deg]      0.1833      1.7549      3.3294      4.9066      6.4848      8.0632      9.6423     11.2252     12.8089     14.3906     15.9682     17.5466     19.1253     20.7040     22.2825     23.8605     25.4378     27.0144     28.5901     30.1649     31.7388     33.3118     34.8842     36.4562     37.6335     38.4193
      0.0000      120.0000  0.0000E+00  0.2862E-01  0.2316E+00  0.5448E+00  0.3960E+00  0.3009E+00  0.2069E+00  0.1484E+00  0.1386E+00  0.1538E+00  0.1634E+00  0.1667E+00  0.1687E+00  0.1694E+00  0.1689E+00  0.1690E+00  0.1712E+00  0.1744E+00  0.1766E+00  0.1773E+00  0.1784E+00  0.1797E+00  0.1785E+00  0.1720E+00  0.1359E+00  0.6350E-01
      0.1355      130.0000  0.0000E+00  0.2862E-01  0.2316E+00  0.5448E+00  0.3951E+00  0.3005E+00  0.2082E+00  0.1496E+00  0.1394E+00  0.1542E+00  0.1636E+00  0.1668E+00  0.1688E+00  0.1694E+00  0.1689E+00  0.1690E+00  0.1712E+00  0.1744E+00  0.1766E+00  0.1773E+00  0.1784E+00  0.1797E+00  0.1785E+00  0.1720E+00  0.1359E+00  0.6350E-01
      0.2710      140.0000  0.0000E+00  0.2862E-01  0.2316E+00  0.5448E+00  0.3950E+00  0.3005E+00  0.2082E+00  0.1496E+00  0.1394E+00  0.1542E+00  0.1636E+00  0.1668E+00  0.1688E+00  0.1694E+00  0.1689E+00  0.1690E+00  0.1712E+00  0.1744E+00  0.1766E+00  0.1773E+00  0.1784E+00  0.1797E+00  0.1785E+00  0.1720E+00  0.1359E+00  0.6350E-01
      0.4065      150.0000  0.1617E-10  0.1440E+00  0.5617E+00  0.8717E+00  0.7144E+00  0.4925E+00  0.2664E+00  0.1549E+00  0.1330E+00  0.1495E+00  0.1595E+00  0.1632E+00  0.1653E+00  0.1661E+00  0.1656E+00  0.1659E+00  0.1687E+00  0.1728E+00  0.1756E+00  0.1768E+00  0.1782E+00  0.1797E+00  0.1786E+00  0.1721E+00  0.1356E+00  0.6223E-01
      0.5420      160.0000  0.8687E-10  0.1717E+00  0.5999E+00  0.8925E+00  0.7091E+00  0.4827E+00  0.2624E+00  0.1549E+00  0.1339E+00  0.1502E+00  0.1602E+00  0.1639E+00  0.1661E+00  0.1672E+00  0.1669E+00  0.1673E+00  0.1699E+00  0.1736E+00  0.1761E+00  0.1770E+00  0.1784E+00  0.1797E+00  0.1785E+00  0.1720E+00  0.1359E+00  0.6394E-01
      0.6775      170.0000  0.2016E-09  0.1725E+00  0.5758E+00  0.8591E+00  0.6660E+00  0.4561E+00  0.2527E+00  0.1536E+00  0.1349E+00  0.1511E+00  0.1612E+00  0.1648E+00  0.1671E+00  0.1685E+00  0.1682E+00  0.1686E+00  0.1710E+00  0.1743E+00  0.1764E+00  0.1773E+00  0.1784E+00  0.1797E+00  0.1785E+00  0.1720E+00  0.1359E+00  0.6383E-01
      0.8130      180.0000  0.3391E-09  0.1661E+00  0.5405E+00  0.8179E+00  0.6205E+00  0.4288E+00  0.2415E+00  0.1524E+00  0.1362E+00  0.1522E+00  0.1623E+00  0.1659E+00  0.1682E+00  0.1694E+00  0.1691E+00  0.1694E+00  0.1716E+00  0.1746E+00  0.1767E+00  0.1774E+00  0.1784E+00  0.1797E+00  0.1785E+00  0.1720E+00  0.1359E+00  0.6361E-01
      0.9485      190.0000  0.4753E-09  0.1578E+00  0.5039E+00  0.7767E+00  0.5766E+00  0.4027E+00  0.2317E+00  0.1512E+00  0.1377E+00  0.1534E+00  0.1633E+00  0.1668E+00  0.1689E+00  0.1699E+00  0.1694E+00  0.1696E+00  0.1716E+00  0.1746E+00  0.1767E+00  0.1774E+00  0.1784E+00  0.1797E+00  0.1785E+00  0.1720E+00  0.1359E+00  0.6354E-01
      1.0840      200.0000  0.5875E-09  0.1489E+00  0.4680E+00  0.7373E+00  0.5359E+00  0.3788E+00  0.2232E+00  0.1501E+00  0.1389E+00  0.1543E+00  0.1640E+00  0.1673E+00  0.1693E+00  0.1700E+00  0.1694E+00  0.1694E+00  0.1715E+00  0.1745E+00  0.1767E+00  0.1774E+00  0.1784E+00  0.1797E+00  0.1785E+00  0.1720E+00  0.1359E+00  0.6352E-01
      1.2195      210.0000  0.6598E-09  0.1395E+00  0.4336E+00  0.7004E+00  0.4994E+00  0.3576E+00  0.2162E+00  0.1493E+00  0.1399E+00  0.1549E+00  0.1644E+00  0.1675E+00  0.1694E+00  0.1698E+00  0.1691E+00  0.1692E+00  0.1713E+00  0.1744E+00  0.1767E+00  0.1773E+00  0.1784E+00  0.1797E+00  0.1785E+00  0.1720E+00  0.1359E+00  0.6351E-01
      1.3550      220.0000  0.6863E-09  0.1299E+00  0.4014E+00  0.6669E+00  0.4677E+00  0.3394E+00  0.2107E+00  0.1488E+00  0.1405E+00  0.1552E+00  0.1645E+00  0.1675E+00  0.1693E+00  0.1696E+00  0.1690E+00  0.1690E+00  0.1712E+00  0.1744E+00  0.1766E+00  0.1773E+00  0.1784E+00  0.1797E+00  0.1785E+00  0.1720E+00  0.1359E+00  0.6350E-01
      1.4905      230.0000  0.6709E-09  0.1204E+00  0.3721E+00  0.6371E+00  0.4409E+00  0.3243E+00  0.2066E+00  0.1485E+00  0.1408E+00  0.1552E+00  0.1644E+00  0.1673E+00  0.1691E+00  0.1694E+00  0.1688E+00  0.1690E+00  0.1712E+00  0.1744E+00  0.1766E+00  0.1773E+00  0.1784E+00  0.1797E+00  0.1785E+00  0.1720E+00  0.1359E+00  0.6350E-01
      1.6260      240.0000  0.6234E-09  0.1110E+00  0.3458E+00  0.6112E+00  0.4190E+00  0.3121E+00  0.2036E+00  0.1484E+00  0.1408E+00  0.1551E+00  0.1642E+00  0.1671E+00  0.1689E+00  0.1693E+00  0.1688E+00  0.1690E+00  0.1712E+00  0.1744E+00  0.1766E+00  0.1773E+00  0.1784E+00  0.1797E+00  0.1785E+00  0.1720E+00  0.1359E+00  0.6350E-01
      1.7615      250.0000  0.5553E-09  0.1019E+00  0.3226E+00  0.5891E+00  0.4016E+00  0.3026E+00  0.2017E+00  0.1484E+00  0.1406E+00  0.1548E+00  0.1639E+00  0.1670E+00  0.1688E+00  0.1694E+00  0.1689E+00  0.1691E+00  0.1713E+00  0.1744E+00  0.1766E+00  0.1773E+00  0.1784E+00  0.1797E+00  0.1785E+00  0.1720E+00  0.1359E+00  0.6350E-01
      1.8970      260.0000  0.4773E-09  0.9332E-01  0.3027E+00  0.5707E+00  0.3882E+00  0.2955E+00  0.2005E+00  0.1485E+00  0.1403E+00  0.1546E+00  0.1638E+00  0.1669E+00  0.1688E+00  0.1694E+00  0.1689E+00  0.1691E+00  0.1713E+00  0.1744E+00  0.1766E+00  0.1773E+00  0.1784E+00  0.1797E+00  0.1785E+00  0.1720E+00  0.1359E+00  0.6350E-01
      2.0325      270.0000  0.3971E-09  0.8528E-01  0.2857E+00  0.5556E+00  0.3784E+00  0.2903E+00  0.2000E+00  0.1487E+00  0.1400E+00  0.1544E+00  0.1637E+00  0.1669E+00  0.1688E+00  0.1694E+00  0.1690E+00  0.1691E+00  0.1713E+00  0.1744E+00  0.1766E+00  0.1773E+00  0.1784E+00  0.1797E+00  0.1785E+00  0.1720E+00  0.1359E+00  0.6350E-01
      2.1680      280.0000  0.3200E-09  0.7783E-01  0.2715E+00  0.5436E+00  0.3715E+00  0.2868E+00  0.1999E+00  0.1489E+00  0.1397E+00  0.1543E+00  0.1636E+00  0.1669E+00  0.1689E+00  0.1695E+00  0.1690E+00  0.1691E+00  0.1713E+00  0.1744E+00  0.1766E+00  0.1773E+00  0.1784E+00  0.1797E+00  0.1785E+00  0.1720E+00  0.1359E+00  0.6350E-01
      2.3035      290.0000  0.2489E-09  0.7102E-01  0.2598E+00  0.5343E+00  0.3671E+00  0.2847E+00  0.2001E+00  0.1490E+00  0.1395E+00  0.1542E+00  0.1636E+00  0.1669E+00  0.1689E+00  0.1695E+00  0.1690E+00  0.1691E+00  0.1713E+00  0.1744E+00  0.1766E+00  0.1773E+00  0.1784E+00  0.1797E+00  0.1785E+00  0.1720E+00  0.1359E+00  0.6350E-01
      2.4390      300.0000  0.1851E-09  0.6484E-01  0.2504E+00  0.5273E+00  0.3646E+00  0.2836E+00  0.2005E+00  0.1491E+00  0.1394E+00  0.1542E+00  0.1637E+00  0.1669E+00  0.1689E+00  0.1695E+00  0.1689E+00  0.1691E+00  0.1713E+00  0.1744E+00  0.1766E+00  0.1773E+00  0.1784E+00  0.1797E+00  0.1785E+00  0.1720E+00  0.1359E+00  0.6350E-01
      2.5745      310.0000  0.1286E-09  0.5930E-01  0.2430E+00  0.5222E+00  0.3636E+00  0.2833E+00  0.2011E+00  0.1492E+00  0.1393E+00  0.1542E+00  0.1637E+00  0.1670E+00  0.1689E+00  0.1695E+00  0.1689E+00  0.1691E+00  0.1713E+00  0.1744E+00  0.1766E+00  0.1773E+00  0.1784E+00  0.1797E+00  0.1785E+00  0.1720E+00  0.1359E+00  0.6350E-01
      2.7100      320.0000  0.7884E-10  0.5437E-01  0.2373E+00  0.5189E+00  0.3638E+00  0.2836E+00  0.2017E+00  0.1492E+00  0.1393E+00  0.1542E+00  0.1637E+00  0.1670E+00  0.1689E+00  0.1694E+00  0.1689E+00  0.1691E+00  0.1713E+00  0.1744E+00  0.1766E+00  0.1773E+00  0.1784E+00  0.1797E+00  0.1785E+00  0.1720E+00  0.1359E+00  0.6350E-01
      2.8455      330.0000  0.3503E-10  0.5002E-01  0.2330E+00  0.5168E+00  0.3647E+00  0.2842E+00  0.2023E+00  0.1492E+00  0.1393E+00  0.1542E+00  0.1637E+00  0.1670E+00  0.1689E+00  0.1694E+00  0.1689E+00  0.1691E+00  0.1713E+00  0.1744E+00  0.1766E+00  0.1773E+00  0.1784E+00  0.1797E+00  0.1785E+00  0.1720E+00  0.1359E+00  0.6350E-01
      2.9810      340.0000 -0.3847E-11  0.4623E-01  0.2298E+00  0.5158E+00  0.3662E+00  0.2851E+00  0.2029E+00  0.1492E+00  0.1393E+00  0.1543E+00  0.1637E+00  0.1669E+00  0.1689E+00  0.1694E+00  0.1689E+00  0.1691E+00  0.1713E+00  0.1744E+00  0.1766E+00  0.1773E+00  0.1784E+00  0.1797E+00  0.1785E+00  0.1720E+00  0.1359E+00  0.6350E-01
      3.1165      350.0000 -0.3874E-10  0.4294E-01  0.2277E+00  0.5157E+00  0.3680E+00  0.2862E+00  0.2034E+00  0.1491E+00  0.1394E+00  0.1543E+00  0.1637E+00  0.1669E+00  0.1689E+00  0.1694E+00  0.1689E+00  0.1691E+00  0.1713E+00  0.1744E+00  0.1766E+00  0.1773E+00  0.1784E+00  0.1797E+00  0.1785E+00  0.1720E+00  0.1359E+00  0.6350E-01
      3.2520      360.0000 -0.7053E-10  0.4011E-01  0.2263E+00  0.5161E+00  0.3699E+00  0.2872E+00  0.2038E+00  0.1491E+00  0.1394E+00  0.1543E+00  0.1637E+00  0.1669E+00  0.1689E+00  0.1694E+00  0.1689E+00  0.1691E+00  0.1713E+00  0.1744E+00  0.1766E+00  0.1773E+00  0.1784E+00  0.1797E+00  0.1785E+00  0.1720E+00  0.1359E+00  0.6350E-01
      3.3875       10.0000 -0.9999E-10  0.3771E-01  0.2256E+00  0.5170E+00  0.3719E+00  0.2882E+00  0.2042E+00  0.1490E+00  0.1394E+00  0.1543E+00  0.1637E+00  0.1669E+00  0.1689E+00  0.1694E+00  0.1689E+00  0.1691E+00  0.1713E+00  0.1744E+00  0.1766E+00  0.1773E+00  0.1784E+00  0.1797E+00  0.1785E+00  0.1720E+00  0.1359E+00  0.6350E-01
      3.5230       20.0000 -0.1279E-09  0.3569E-01  0.2253E+00  0.5182E+00  0.3737E+00  0.2892E+00  0.2045E+00  0.1490E+00  0.1394E+00  0.1543E+00  0.1637E+00  0.1669E+00  0.1689E+00  0.1694E+00  0.1689E+00  0.1691E+00  0.1713E+00  0.1744E+00  0.1766E+00  0.1773E+00  0.1784E+00  0.1797E+00  0.1785E+00  0.1720E+00  0.1359E+00  0.6350E-01
      3.6585       30.0000 -0.1548E-09  0.3401E-01  0.2253E+00  0.5196E+00  0.3754E+00  0.2900E+00  0.2048E+00  0.1489E+00  0.1394E+00  0.1542E+00  0.1637E+00  0.1669E+00  0.1689E+00  0.1694E+00  0.1689E+00  0.1691E+00  0.1713E+00  0.1744E+00  0.1766E+00  0.1773E+00  0.1784E+00  0.1797E+00  0.1785E+00  0.1720E+00  0.1359E+00  0.6350E-01
      3.7940       40.0000 -0.1816E-09  0.3262E-01  0.2256E+00  0.5211E+00  0.3770E+00  0.2908E+00  0.2050E+00  0.1489E+00  0.1394E+00  0.1542E+00  0.1637E+00  0.1669E+00  0.1689E+00  0.1694E+00  0.1689E+00  0.1691E+00  0.1713E+00  0.1744E+00  0.1766E+00  0.1773E+00  0.1784E+00  0.1797E+00  0.1785E+00  0.1720E+00  0.1359E+00  0.6350E-01
      3.9295       50.0000 -0.2087E-09  0.3150E-01  0.2261E+00  0.5226E+00  0.3784E+00  0.2915E+00  0.2051E+00  0.1489E+00  0.1394E+00  0.1542E+00  0.1637E+00  0.1669E+00  0.1689E+00  0.1694E+00  0.1689E+00  0.1691E+00  0.1713E+00  0.1744E+00  0.1766E+00  0.1773E+00  0.1784E+00  0.1797E+00  0.1785E+00  0.1720E+00  0.1359E+00  0.6350E-01
      4.0650       60.0000 -0.2365E-09  0.3060E-01  0.2266E+00  0.5240E+00  0.3795E+00  0.2920E+00  0.2052E+00  0.1489E+00  0.1394E+00  0.1542E+00  0.1637E+00  0.1669E+00  0.1689E+00  0.1694E+00  0.1689E+00  0.1691E+00  0.1713E+00  0.1744E+00  0.1766E+00  0.1773E+00  0.1784E+00  0.1797E+00  0.1785E+00  0.1720E+00  0.1359E+00  0.6350E-01
      4.2005       70.0000 -0.2654E-09  0.2989E-01  0.2272E+00  0.5254E+00  0.3805E+00  0.2925E+00  0.2053E+00  0.1489E+00  0.1394E+00  0.1542E+00  0.1637E+00  0.1669E+00  0.1689E+00  0.1694E+00  0.1689E+00  0.1691E+00  0.1713E+00  0.1744E+00  0.1766E+00  0.1773E+00  0.1784E+00  0.1797E+00  0.1785E+00  0.1720E+00  0.1359E+00  0.6350E-01
      4.3360       80.0000 -0.2949E-09  0.2935E-01  0.2277E+00  0.5267E+00  0.3813E+00  0.2928E+00  0.2053E+00  0.1489E+00  0.1393E+00  0.1542E+00  0.1637E+00  0.1669E+00  0.1689E+00  0.1694E+00  0.1689E+00  0.1691E+00  0.1713E+00  0.1744E+00  0.1766E+00  0.1773E+00  0.1784E+00  0.1797E+00  0.1785E+00  0.1720E+00  0.1359E+00  0.6350E-01
      4.4715       90.0000 -0.3239E-09  0.2894E-01  0.2283E+00  0.5278E+00  0.3820E+00  0.2931E+00  0.2054E+00  0.1489E+00  0.1393E+00  0.1542E+00  0.1637E+00  0.1669E+00  0.1689E+00  0.1694E+00  0.1689E+00  0.1691E+00  0.1713E+00  0.1744E+00  0.1766E+00  0.1773E+00  0.1784E+00  0.1797E+00  0.1785E+00  0.1720E+00  0.1359E+00  0.6350E-01
      4.6070      100.0000 -0.3500E-09  0.2865E-01  0.2288E+00  0.5288E+00  0.3825E+00  0.2934E+00  0.2054E+00  0.1489E+00  0.1393E+00  0.1542E+00  0.1636E+00  0.1669E+00  0.1689E+00  0.1694E+00  0.1689E+00  0.1691E+00  0.1713E+00  0.1744E+00  0.1766E+00  0.1773E+00  0.1784E+00  0.1797E+00  0.1785E+00  0.1720E+00  0.1359E+00  0.6350E-01
      4.7425      110.0000 -0.3693E-09  0.2845E-01  0.2293E+00  0.5298E+00  0.3829E+00  0.2935E+00  0.2054E+00  0.1489E+00  0.1393E+00  0.1542E+00  0.1636E+00  0.1669E+00  0.1689E+00  0.1694E+00  0.1689E+00  0.1691E+00  0.1713E+00  0.1744E+00  0.1766E+00  0.1773E+00  0.1784E+00  0.1797E+00  0.1785E+00  0.1720E+00  0.1359E+00  0.6350E-01
      4.8780      120.0000 -0.3761E-09  0.2832E-01  0.2297E+00  0.5306E+00  0.3833E+00  0.2937E+00  0.2054E+00  0.1489E+00  0.1393E+00  0.1542E+00  0.1636E+00  0.1669E+00  0.1689E+00  0.1694E+00  0.1689E+00  0.1691E+00  0.1713E+00  0.1744E+00  0.1766E+00  0.1773E+00  0.1784E+00  0.1797E+00  0.1785E+00  0.1720E+00  0.1359E+00  0.6350E-01
      5.0136      130.0000 -0.3634E-09  0.2825E-01  0.2300E+00  0.5312E+00  0.3835E+00  0.2938E+00  0.2054E+00  0.1489E+00  0.1393E+00  0.1542E+00  0.1636E+00  0.1669E+00  0.1689E+00  0.1694E+00  0.1689E+00  0.1691E+00  0.1713E+00  0.1744E+00  0.1766E+00  0.1773E+00  0.1784E+00  0.1797E+00  0.1785E+00  0.1720E+00  0.1359E+00  0.6350E-01
      5.1491      140.0000 -0.3233E-09  0.2822E-01  0.2303E+00  0.5318E+00  0.3837E+00  0.2939E+00  0.2054E+00  0.1489E+00  0.1393E+00  0.1542E+00  0.1636E+00  0.1669E+00  0.1688E+00  0.1694E+00  0.1689E+00  0.1691E+00  0.1713E+00  0.1744E+00  0.1766E+00  0.1773E+00  0.1784E+00  0.1797E+00  0.1785E+00  0.1720E+00  0.1359E+00  0.6350E-01
      5.2846      150.0000 -0.2496E-09  0.2823E-01  0.2306E+00  0.5323E+00  0.3839E+00  0.2939E+00  0.2054E+00  0.1489E+00  0.1392E+00  0.1541E+00  0.1636E+00  0.1669E+00  0.1688E+00  0.1694E+00  0.1689E+00  0.1691E+00  0.1713E+00  0.1744E+00  0.1766E+00  0.1773E+00  0.1784E+00  0.1797E+00  0.1785E+00  0.1720E+00  0.1359E+00  0.6350E-01
      5.4201      160.0000 -0.1401E-09  0.2826E-01  0.2308E+00  0.5328E+00  0.3840E+00  0.2940E+00  0.2054E+00  0.1489E+00  0.1392E+00  0.1541E+00  0.1636E+00  0.1669E+00  0.1688E+00  0.1694E+00  0.1689E+00  0.1691E+00  0.1713E+00  0.1744E+00  0.1766E+00  0.1773E+00  0.1784E+00  0.1797E+00  0.1785E+00  0.1720E+00  0.1359E+00  0.6350E-01
      5.5556      170.0000 -0.3863E-12  0.2831E-01  0.2309E+00  0.5331E+00  0.3842E+00  0.2941E+00  0.2055E+00  0.1489E+00  0.1392E+00  0.1541E+00  0.1636E+00  0.1669E+00  0.1688E+00  0.1694E+00  0.1689E+00  0.1691E+00  0.1713E+00  0.1744E+00  0.1766E+00  0.1773E+00  0.1784E+00  0.1797E+00  0.1785E+00  0.1720E+00  0.1359E+00  0.6350E-01
      5.6911      180.0000  0.1554E-09  0.2837E-01  0.2310E+00  0.5335E+00  0.3843E+00  0.2941E+00  0.2055E+00  0.1489E+00  0.1392E+00  0.1541E+00  0.1636E+00  0.1669E+00  0.1688E+00  0.1694E+00  0.1689E+00  0.1691E+00  0.1713E+00  0.1744E+00  0.1766E+00  0.1773E+00  0.1784E+00  0.1797E+00  0.1785E+00  0.1720E+00  0.1359E+00  0.6350E-01
      5.8266      190.0000  0.3068E-09  0.2843E-01  0.2311E+00  0.5337E+00  0.3844E+00  0.2942E+00  0.2055E+00  0.1488E+00  0.1392E+00  0.1541E+00  0.1636E+00  0.1669E+00  0.1688E+00  0.1694E+00  0.1689E+00  0.1691E+00  0.1713E+00  0.1744E+00  0.1766E+00  0.1773E+00  0.1784E+00  0.1797E+00  0.1785E+00  0.1720E+00  0.1359E+00  0.6350E-01
      5.9621      200.0000  0.4326E-09  0.2849E-01  0.2311E+00  0.5340E+00  0.3845E+00  0.2942E+00  0.2055E+00  0.1488E+00  0.1392E+00  0.1541E+00  0.1636E+00  0.1669E+00  0.1688E+00  0.1694E+00  0.1689E+00  0.1691E+00  0.1713E+00  0.1744E+00  0.1766E+00  0.1773E+00  0.1784E+00  0.1797E+00  0.1785E+00  0.1720E+00  0.1359E+00  0.6350E-01
      6.0976      210.0000  0.5172E-09  0.2855E-01  0.2311E+00  0.5342E+00  0.3846E+00  0.2943E+00  0.2055E+00  0.1488E+00  0.1392E+00  0.1541E+00  0.1636E+00  0.1669E+00  0.1688E+00  0.1694E+00  0.1689E+00  0.1691E+00  0.1713E+00  0.1744E+00  0.1766E+00  0.1773E+00  0.1784E+00  0.1797E+00  0.1785E+00  0.1720E+00  0.1359E+00  0.6350E-01
      6.2331      220.0000  0.5551E-09  0.2861E-01  0.2311E+00  0.5343E+00  0.3847E+00  0.2943E+00  0.2055E+00  0.1488E+00  0.1392E+00  0.1541E+00  0.1636E+00  0.1669E+00  0.1688E+00  0.1694E+00  0.1689E+00  0.1691E+00  0.1713E+00  0.1744E+00  0.1766E+00  0.1773E+00  0.1784E+00  0.1797E+00  0.1785E+00  0.1720E+00  0.1359E+00  0.6350E-01
      6.3686      230.0000  0.5502E-09  0.2866E-01  0.2311E+00  0.5345E+00  0.3848E+00  0.2944E+00  0.2056E+00  0.1488E+00  0.1392E+00  0.1541E+00  0.1636E+00  0.1669E+00  0.1688E+00  0.1694E+00  0.1689E+00  0.1691E+00  0.1713E+00  0.1744E+00  0.1766E+00  0.1773E+00  0.1784E+00  0.1797E+00  0.1785E+00  0.1720E+00  0.1359E+00  0.6350E-01
      6.5041      240.0000  0.5123E-09  0.2871E-01  0.2311E+00  0.5347E+00  0.3849E+00  0.2944E+00  0.2056E+00  0.1488E+00  0.1392E+00  0.1541E+00  0.1636E+00  0.1669E+00  0.1688E+00  0.1694E+00  0.1689E+00  0.1691E+00  0.1713E+00  0.1744E+00  0.1766E+00  0.1773E+00  0.1784E+00  0.1797E+00  0.1785E+00  0.1720E+00  0.1359E+00  0.6350E-01
      6.6396      250.0000  0.4532E-09  0.2874E-01  0.2311E+00  0.5348E+00  0.3851E+00  0.2945E+00  0.2056E+00  0.1488E+00  0.1391E+00  0.1541E+00  0.1636E+00  0.1669E+00  0.1688E+00  0.1694E+00  0.1689E+00  0.1691E+00  0.1713E+00  0.1744E+00  0.1766E+00  0.1773E+00  0.1784E+00  0.1797E+00  0.1785E+00  0.1720E+00  0.1359E+00  0.6350E-01
      6.7751      260.0000  0.3833E-09  0.2877E-01  0.2311E+00  0.5350E+00  0.3852E+00  0.2946E+00  0.2056E+00  0.1488E+00  0.1391E+00  0.1541E+00  0.1636E+00  0.1668E+00  0.1688E+00  0.1694E+00  0.1689E+00  0.1691E+00  0.1713E+00  0.1744E+00  0.1766E+00  0.1773E+00  0.1784E+00  0.1797E+00  0.1785E+00  0.1720E+00  0.1359E+00  0.6350E-01
      6.9106      270.0000  0.3106E-09  0.2880E-01  0.2310E+00  0.5351E+00  0.3853E+00  0.2946E+00  0.2056E+00  0.1488E+00  0.1391E+00  0.1541E+00  0.1636E+00  0.1668E+00  0.1688E+00  0.1694E+00  0.1689E+00  0.1691E+00  0.1713E+00  0.1744E+00  0.1766E+00  0.1773E+00  0.1784E+00  0.1797E+00  0.1785E+00  0.1720E+00  0.1359E+00  0.6350E-01
      7.0461      280.0000  0.2405E-09  0.2882E-01  0.2310E+00  0.5352E+00  0.3855E+00  0.2947E+00  0.2057E+00  0.1488E+00  0.1391E+00  0.1541E+00  0.1636E+00  0.1668E+00  0.1688E+00  0.1694E+00  0.1689E+00  0.1691E+00  0.1713E+00  0.1744E+00  0.1766E+00  0.1773E+00  0.1784E+00  0.1797E+00  0.1785E+00  0.1720E+00  0.1359E+00  0.6350E-01
      7.1816      290.0000  0.1757E-09  0.2883E-01  0.2310E+00  0.5354E+00  0.3856E+00  0.2948E+00  0.2057E+00  0.1488E+00  0.1391E+00  0.1541E+00  0.1636E+00  0.1668E+00  0.1688E+00  0.1694E+00  0.1689E+00  0.1691E+00  0.1713E+00  0.1744E+00  0.1766E+00  0.1773E+00  0.1784E+00  0.1797E+00  0.1785E+00  0.1720E+00  0.1359E+00  0.6350E-01
      7.3171      300.0000  0.1177E-09  0.2883E-01  0.2309E+00  0.5355E+00  0.3857E+00  0.2949E+00  0.2057E+00  0.1488E+00  0.1391E+00  0.1541E+00  0.1636E+00  0.1668E+00  0.1688E+00  0.1694E+00  0.1689E+00  0.1691E+00  0.1713E+00  0.1744E+00  0.1766E+00  0.1773E+00  0.1784E+00  0.1797E+00  0.1785E+00  0.1720E+00  0.1359E+00  0.6350E-01
      7.4526      310.0000  0.6663E-10  0.2883E-01  0.2309E+00  0.5357E+00  0.3859E+00  0.2949E+00  0.2057E+00  0.1488E+00  0.1391E+00  0.1541E+00  0.1636E+00  0.1668E+00  0.1688E+00  0.1694E+00  0.1689E+00  0.1691E+00  0.1712E+00  0.1744E+00  0.1766E+00  0.1773E+00  0.1784E+00  0.1797E+00  0.1785E+00  0.1720E+00  0.1359E+00  0.6350E-01
      7.5881      320.0000  0.2188E-10  0.2883E-01  0.2309E+00  0.5358E+00  0.3860E+00  0.2950E+00  0.2057E+00  0.1488E+00  0.1391E+00  0.1540E+00  0.1636E+00  0.1668E+00  0.1688E+00  0.1694E+00  0.1689E+00  0.1691E+00  0.1712E+00  0.1744E+00  0.1766E+00  0.1773E+00  0.1784E+00  0.1797E+00  0.1785E+00  0.1720E+00  0.1359E+00  0.6350E-01
      7.7236      330.0000 -0.1737E-10  0.2882E-01  0.2309E+00  0.5359E+00  0.3862E+00  0.2951E+00  0.2058E+00  0.1488E+00  0.1391E+00  0.1540E+00  0.1636E+00  0.1668E+00  0.1688E+00  0.1694E+00  0.1689E+00  0.1691E+00  0.1712E+00  0.1744E+00  0.1766E+00  0.1773E+00  0.1784E+00  0.1797E+00  0.1785E+00  0.1720E+00  0.1359E+00  0.6350E-01
      7.8591      340.0000 -0.5206E-10  0.2881E-01  0.2309E+00  0.5361E+00  0.3863E+00  0.2951E+00  0.2058E+00  0.1488E+00  0.1391E+00  0.1540E+00  0.1636E+00  0.1668E+00  0.1688E+00  0.1694E+00  0.1689E+00  0.1691E+00  0.1712E+00  0.1744E+00  0.1766E+00  0.1773E+00  0.1784E+00  0.1797E+00  0.1785E+00  0.1720E+00  0.1359E+00  0.6350E-01
      7.9946      350.0000 -0.8309E-10  0.2880E-01  0.2309E+00  0.5362E+00  0.3864E+00  0.2952E+00  0.2058E+00  0.1488E+00  0.1391E+00  0.1540E+00  0.1636E+00  0.1668E+00  0.1688E+00  0.1694E+00  0.1689E+00  0.1691E+00  0.1712E+00  0.1744E+00  0.1766E+00  0.1773E+00  0.1784E+00  0.1797E+00  0.1785E+00  0.1720E+00  0.1359E+00  0.6350E-01
      8.1301      360.0000 -0.1113E-09  0.2878E-01  0.2309E+00  0.5364E+00  0.3866E+00  0.2953E+00  0.2058E+00  0.1488E+00  0.1391E+00  0.1540E+00  0.1636E+00  0.1668E+00  0.1688E+00  0.1694E+00  0.1689E+00  0.1691E+00  0.1712E+00  0.1744E+00  0.1766E+00  0.1773E+00  0.1784E+00  0.1797E+00  0.1785E+00  0.1720E+00  0.1359E+00  0.6350E-01
      8.2656       10.0000 -0.1375E-09  0.2876E-01  0.2309E+00  0.5365E+00  0.3867E+00  0.2953E+00  0.2058E+00  0.1487E+00  0.1390E+00  0.1540E+00  0.1635E+00  0.1668E+00  0.1688E+00  0.1694E+00  0.1689E+00  0.1691E+00  0.1712E+00  0.1744E+00  0.1766E+00  0.1773E+00  0.1784E+00  0.1797E+00  0.1785E+00  0.1720E+00  0.1359E+00  0.6350E-01
      8.4011       20.0000 -0.1624E-09  0.2875E-01  0.2309E+00  0.5367E+00  0.3868E+00  0.2954E+00  0.2059E+00  0.1487E+00  0.1390E+00  0.1540E+00  0.1635E+00  0.1668E+00  0.1688E+00  0.1694E+00  0.1689E+00  0.1691E+00  0.1712E+00  0.1744E+00  0.1766E+00  0.1773E+00  0.1784E+00  0.1797E+00  0.1785E+00  0.1720E+00  0.1359E+00  0.6350E-01
      8.5366       30.0000 -0.1866E-09  0.2873E-01  0.2309E+00  0.5368E+00  0.3870E+00  0.2955E+00  0.2059E+00  0.1487E+00  0.1390E+00  0.1540E+00  0.1635E+00  0.1668E+00  0.1688E+00  0.1694E+00  0.1689E+00  0.1691E+00  0.1712E+00  0.1744E+00  0.1766E+00  0.1773E+00  0.1784E+00  0.1797E+00  0.1785E+00  0.1720E+00  0.1359E+00  0.6350E-01
      8.6721       40.0000 -0.2108E-09  0.2871E-01  0.2309E+00  0.5369E+00  0.3871E+00  0.2955E+00  0.2059E+00  0.1487E+00  0.1390E+00  0.1540E+00  0.1635E+00  0.1668E+00  0.1688E+00  0.1694E+00  0.1689E+00  0.1691E+00  0.1712E+00  0.1744E+00  0.1766E+00  0.1773E+00  0.1784E+00  0.1797E+00  0.1785E+00  0.1720E+00  0.1359E+00  0.6350E-01
      8.8076       50.0000 -0.2355E-09  0.2870E-01  0.2309E+00  0.5371E+00  0.3872E+00  0.2956E+00  0.2059E+00  0.1487E+00  0.1390E+00  0.1540E+00  0.1635E+00  0.1668E+00  0.1688E+00  0.1694E+00  0.1689E+00  0.1691E+00  0.1712E+00  0.1744E+00  0.1766E+00  0.1773E+00  0.1784E+00  0.1797E+00  0.1785E+00  0.1720E+00  0.1359E+00  0.6350E-01
      8.9431       60.0000 -0.2613E-09  0.2868E-01  0.2309E+00  0.5372E+00  0.3873E+00  0.2957E+00  0.2059E+00  0.1487E+00  0.1390E+00  0.1540E+00  0.1635E+00  0.1668E+00  0.1688E+00  0.1694E+00  0.1689E+00  0.1691E+00  0.1712E+00  0.1744E+00  0.1766E+00  0.1773E+00  0.1784E+00  0.1797E+00  0.1785E+00  0.1720E+00  0.1359E+00  0.6350E-01
      9.0786       70.0000 -0.2882E-09  0.2866E-01  0.2309E+00  0.5374E+00  0.3874E+00  0.2957E+00  0.2059E+00  0.1487E+00  0.1390E+00  0.1540E+00  0.1635E+00  0.1668E+00  0.1688E+00  0.1694E+00  0.1689E+00  0.1691E+00  0.1712E+00  0.1744E+00  0.1766E+00  0.1773E+00  0.1784E+00  0.1797E+00  0.1785E+00  0.1720E+00  0.1359E+00  0.6350E-01
      9.2141       80.0000 -0.3158E-09  0.2865E-01  0.2309E+00  0.5375E+00  0.3875E+00  0.2958E+00  0.2059E+00  0.1487E+00  0.1390E+00  0.1540E+00  0.1635E+00  0.1668E+00  0.1688E+00  0.1694E+00  0.1689E+00  0.1691E+00  0.1712E+00  0.1744E+00  0.1766E+00  0.1773E+00  0.1784E+00  0.1797E+00  0.1785E+00  0.1720E+00  0.1359E+00  0.6350E-01
      9.3496       90.0000 -0.3431E-09  0.2863E-01  0.2309E+00  0.5376E+00  0.3877E+00  0.2958E+00  0.2060E+00  0.1487E+00  0.1390E+00  0.1540E+00  0.1635E+00  0.1668E+00  0.1688E+00  0.1694E+00  0.1689E+00  0.1691E+00  0.1712E+00  0.1744E+00  0.1766E+00  0.1773E+00  0.1784E+00  0.1797E+00  0.1785E+00  0.1720E+00  0.1359E+00  0.6350E-01
      9.4851      100.0000 -0.3677E-09  0.2862E-01  0.2309E+00  0.5378E+00  0.3878E+00  0.2959E+00  0.2060E+00  0.1487E+00  0.1390E+00  0.1540E+00  0.1635E+00  0.1668E+00  0.1688E+00  0.1694E+00  0.1689E+00  0.1691E+00  0.1712E+00  0.1744E+00  0.1766E+00  0.1773E+00  0.1784E+00  0.1797E+00  0.1785E+00  0.1720E+00  0.1359E+00  0.6350E-01
      9.6206      110.0000 -0.3856E-09  0.2861E-01  0.2309E+00  0.5379E+00  0.3879E+00  0.2960E+00  0.2060E+00  0.1487E+00  0.1390E+00  0.1540E+00  0.1635E+00  0.1668E+00  0.1688E+00  0.1694E+00  0.1689E+00  0.1691E+00  0.1712E+00  0.1744E+00  0.1766E+00  0.1773E+00  0.1784E+00  0.1797E+00  0.1785E+00  0.1720E+00  0.1359E+00  0.6350E-01
      9.7561      120.0000 -0.3911E-09  0.2860E-01  0.2309E+00  0.5380E+00  0.3880E+00  0.2960E+00  0.2060E+00  0.1487E+00  0.1390E+00  0.1540E+00  0.1635E+00  0.1668E+00  0.1688E+00  0.1694E+00  0.1689E+00  0.1691E+00  0.1712E+00  0.1744E+00  0.1766E+00  0.1773E+00  0.1784E+00  0.1797E+00  0.1785E+00  0.1720E+00  0.1359E+00  0.6350E-01
      9.8916      130.0000 -0.3772E-09  0.2859E-01  0.2309E+00  0.5381E+00  0.3881E+00  0.2961E+00  0.2060E+00  0.1487E+00  0.1390E+00  0.1540E+00  0.1635E+00  0.1668E+00  0.1688E+00  0.1694E+00  0.1689E+00  0.1691E+00  0.1712E+00  0.1744E+00  0.1766E+00  0.1773E+00  0.1784E+00  0.1797E+00  0.1785E+00  0.1720E+00  0.1359E+00  0.6350E-01
     10.0271      140.0000 -0.3360E-09  0.2858E-01  0.2310E+00  0.5383E+00  0.3882E+00  0.2961E+00  0.2060E+00  0.1487E+00  0.1390E+00  0.1540E+00  0.1635E+00  0.1668E+00  0.1688E+00  0.1694E+00  0.1689E+00  0.1691E+00  0.1712E+00  0.1744E+00  0.1766E+00  0.1773E+00  0.1784E+00  0.1797E+00  0.1785E+00  0.1720E+00  0.1359E+00  0.6350E-01
     10.1626      150.0000 -0.2612E-09  0.2857E-01  0.2310E+00  0.5384E+00  0.3883E+00  0.2962E+00  0.2061E+00  0.1487E+00  0.1390E+00  0.1540E+00  0.1635E+00  0.1668E+00  0.1688E+00  0.1694E+00  0.1689E+00  0.1691E+00  0.1712E+00  0.1744E+00  0.1766E+00  0.1773E+00  0.1784E+00  0.1797E+00  0.1785E+00  0.1720E+00  0.1359E+00  0.6350E-01
     10.2981      160.0000 -0.1508E-09  0.2856E-01  0.2310E+00  0.5385E+00  0.3884E+00  0.2962E+00  0.2061E+00  0.1487E+00  0.1390E+00  0.1540E+00  0.1635E+00  0.1668E+00  0.1688E+00  0.1694E+00  0.1689E+00  0.1691E+00  0.1712E+00  0.1744E+00  0.1766E+00  0.1773E+00  0.1784E+00  0.1797E+00  0.1785E+00  0.1720E+00  0.1359E+00  0.6350E-01
     10.4336      170.0000 -0.1027E-10  0.2856E-01  0.2310E+00  0.5386E+00  0.3885E+00  0.2963E+00  0.2061E+00  0.1487E+00  0.1390E+00  0.1540E+00  0.1635E+00  0.1668E+00  0.1688E+00  0.1694E+00  0.1689E+00  0.1691E+00  0.1712E+00  0.1744E+00  0.1766E+00  0.1773E+00  0.1784E+00  0.1797E+00  0.1785E+00  0.1720E+00  0.1359E+00  0.6350E-01
     10.5691      180.0000  0.1463E-09  0.2855E-01  0.2310E+00  0.5387E+00  0.3886E+00  0.2963E+00  0.2061E+00  0.1487E+00  0.1389E+00  0.1540E+00  0.1635E+00  0.1668E+00  0.1688E+00  0.1694E+00  0.1689E+00  0.1691E+00  0.1712E+00  0.1744E+00  0.1766E+00  0.1773E+00  0.1784E+00  0.1797E+00  0.1785E+00  0.1720E+00  0.1359E+00  0.6350E-01
     10.7046      190.0000  0.2985E-09  0.2855E-01  0.2310E+00  0.5388E+00  0.3887E+00  0.2964E+00  0.2061E+00  0.1487E+00  0.1389E+00  0.1540E+00  0.1635E+00  0.1668E+00  0.1688E+00  0.1694E+00  0.1689E+00  0.1691E+00  0.1712E+00  0.1744E+00  0.1766E+00  0.1773E+00  0.1784E+00  0.1797E+00  0.1785E+00  0.1720E+00  0.1359E+00  0.6350E-01
     10.8401      200.0000  0.4249E-09  0.2854E-01  0.2310E+00  0.5389E+00  0.3888E+00  0.2964E+00  0.2061E+00  0.1487E+00  0.1389E+00  0.1540E+00  0.1635E+00  0.1668E+00  0.1688E+00  0.1694E+00  0.1689E+00  0.1691E+00  0.1712E+00  0.1744E+00  0.1766E+00  0.1773E+00  0.1784E+00  0.1797E+00  0.1785E+00  0.1720E+00  0.1359E+00  0.6350E-01
     10.9756      210.0000  0.5101E-09  0.2854E-01  0.2310E+00  0.5391E+00  0.3888E+00  0.2965E+00  0.2061E+00  0.1487E+00  0.1389E+00  0.1539E+00  0.1635E+00  0.1668E+00  0.1688E+00  0.1694E+00  0.1689E+00  0.1691E+00  0.1712E+00  0.1744E+00  0.1766E+00  0.1773E+00  0.1784E+00  0.1797E+00  0.1785E+00  0.1720E+00  0.1359E+00  0.6350E-01
     11.1111      220.0000  0.5486E-09  0.2854E-01  0.2310E+00  0.5392E+00  0.3889E+00  0.2965E+00  0.2061E+00  0.1487E+00  0.1389E+00  0.1539E+00  0.1635E+00  0.1668E+00  0.1688E+00  0.1694E+00  0.1689E+00  0.1691E+00  0.1712E+00  0.1744E+00  0.1766E+00  0.1773E+00  0.1784E+00  0.1797E+00  0.1785E+00  0.1720E+00  0.1359E+00  0.6350E-01
     11.2466      230.0000  0.5442E-09  0.2853E-01  0.2311E+00  0.5393E+00  0.3890E+00  0.2966E+00  0.2062E+00  0.1487E+00  0.1389E+00  0.1539E+00  0.1635E+00  0.1668E+00  0.1688E+00  0.1694E+00  0.1689E+00  0.1691E+00  0.1712E+00  0.1744E+00  0.1766E+00  0.1773E+00  0.1784E+00  0.1797E+00  0.1785E+00  0.1720E+00  0.1359E+00  0.6350E-01
     11.3821      240.0000  0.5068E-09  0.2853E-01  0.2311E+00  0.5394E+00  0.3891E+00  0.2966E+00  0.2062E+00  0.1487E+00  0.1389E+00  0.1539E+00  0.1635E+00  0.1668E+00  0.1688E+00  0.1694E+00  0.1689E+00  0.1691E+00  0.1712E+00  0.1744E+00  0.1766E+00  0.1773E+00  0.1784E+00  0.1797E+00  0.1785E+00  0.1720E+00  0.1359E+00  0.6350E-01
     11.5176      250.0000  0.4481E-09  0.2853E-01  0.2311E+00  0.5395E+00  0.3892E+00  0.2967E+00  0.2062E+00  0.1487E+00  0.1389E+00  0.1539E+00  0.1635E+00  0.1668E+00  0.1688E+00  0.1694E+00  0.1689E+00  0.1691E+00  0.1712E+00  0.1744E+00  0.1766E+00  0.1773E+00  0.1784E+00  0.1797E+00  0.1785E+00  0.1720E+00  0.1359E+00  0.6350E-01
     11.6531      260.0000  0.3786E-09  0.2853E-01  0.2311E+00  0.5396E+00  0.3893E+00  0.2967E+00  0.2062E+00  0.1487E+00  0.1389E+00  0.1539E+00  0.1635E+00  0.1668E+00  0.1688E+00  0.1694E+00  0.1689E+00  0.1691E+00  0.1712E+00  0.1744E+00  0.1766E+00  0.1773E+00  0.1784E+00  0.1797E+00  0.1785E+00  0.1720E+00  0.1359E+00  0.6350E-01
     11.7886      270.0000  0.3064E-09  0.2853E-01  0.2311E+00  0.5397E+00  0.3894E+00  0.2968E+00  0.2062E+00  0.1487E+00  0.1389E+00  0.1539E+00  0.1635E+00  0.1668E+00  0.1688E+00  0.1694E+00  0.1689E+00  0.1691E+00  0.1712E+00  0.1744E+00  0.1766E+00  0.1773E+00  0.1784E+00  0.1797E+00  0.1785E+00  0.1720E+00  0.1359E+00  0.6350E-01
     11.9241      280.0000  0.2365E-09  0.2853E-01  0.2311E+00  0.5397E+00  0.3894E+00  0.2968E+00  0.2062E+00  0.1487E+00  0.1389E+00  0.1539E+00  0.1635E+00  0.1668E+00  0.1688E+00  0.1694E+00  0.1689E+00  0.1691E+00  0.1712E+00  0.1744E+00  0.1766E+00  0.1773E+00  0.1784E+00  0.1797E+00  0.1785E+00  0.1720E+00  0.1359E+00  0.6350E-01
     12.0596      290.0000  0.1721E-09  0.2853E-01  0.2311E+00  0.5398E+00  0.3895E+00  0.2969E+00  0.2062E+00  0.1487E+00  0.1389E+00  0.1539E+00  0.1635E+00  0.1668E+00  0.1688E+00  0.1694E+00  0.1689E+00  0.1691E+00  0.1712E+00  0.1744E+00  0.1766E+00  0.1773E+00  0.1784E+00  0.1797E+00  0.1785E+00  0.1720E+00  0.1359E+00  0.6350E-01
     12.1951      300.0000  0.1144E-09  0.2853E-01  0.2311E+00  0.5399E+00  0.3896E+00  0.2969E+00  0.2062E+00  0.1487E+00  0.1389E+00  0.1539E+00  0.1635E+00  0.1668E+00  0.1688E+00  0.1694E+00  0.1689E+00  0.1691E+00  0.1712E+00  0.1744E+00  0.1766E+00  0.1773E+00  0.1784E+00  0.1797E+00  0.1785E+00  0.1720E+00  0.1359E+00  0.6350E-01
     12.3306      310.0000  0.6355E-10  0.2853E-01  0.2311E+00  0.5400E+00  0.3897E+00  0.2969E+00  0.2062E+00  0.1486E+00  0.1389E+00  0.1539E+00  0.1635E+00  0.1668E+00  0.1688E+00  0.1694E+00  0.1689E+00  0.1691E+00  0.1712E+00  0.1744E+00  0.1766E+00  0.1773E+00  0.1784E+00  0.1797E+00  0.1785E+00  0.1720E+00  0.1359E+00  0.6350E-01
     12.4661      320.0000  0.1904E-10  0.2853E-01  0.2311E+00  0.5401E+00  0.3897E+00  0.2970E+00  0.2063E+00  0.1486E+00  0.1389E+00  0.1539E+00  0.1635E+00  0.1668E+00  0.1688E+00  0.1694E+00  0.1689E+00  0.1691E+00  0.1712E+00  0.1744E+00  0.1766E+00  0.1773E+00  0.1784E+00  0.1797E+00  0.1785E+00  0.1720E+00  0.1359E+00  0.6350E-01
     12.6016      330.0000 -0.1998E-10  0.2853E-01  0.2311E+00  0.5402E+00  0.3898E+00  0.2970E+00  0.2063E+00  0.1486E+00  0.1389E+00  0.1539E+00  0.1635E+00  0.1668E+00  0.1688E+00  0.1694E+00  0.1689E+00  0.1691E+00  0.1712E+00  0.1744E+00  0.1766E+00  0.1773E+00  0.1784E+00  0.1797E+00  0.1785E+00  0.1720E+00  0.1359E+00  0.6350E-01
     12.7371      340.0000 -0.5446E-10  0.2853E-01  0.2311E+00  0.5403E+00  0.3899E+00  0.2971E+00  0.2063E+00  0.1486E+00  0.1389E+00  0.1539E+00  0.1635E+00  0.1668E+00  0.1688E+00  0.1694E+00  0.1689E+00  0.1691E+00  0.1712E+00  0.1744E+00  0.1766E+00  0.1773E+00  0.1784E+00  0.1797E+00  0.1785E+00  0.1720E+00  0.1359E+00  0.6350E-01
     12.8726      350.0000 -0.8530E-10  0.2853E-01  0.2312E+00  0.5404E+00  0.3899E+00  0.2971E+00  0.2063E+00  0.1486E+00  0.1389E+00  0.1539E+00  0.1635E+00  0.1668E+00  0.1688E+00  0.1694E+00  0.1689E+00  0.1691E+00  0.1712E+00  0.1744E+00  0.1766E+00  0.1773E+00  0.1784E+00  0.1797E+00  0.1785E+00  0.1720E+00  0.1359E+00  0.6350E-01
     13.0081      360.0000 -0.1134E-09  0.2853E-01  0.2311E+00  0.5404E+00  0.3900E+00  0.2972E+00  0.2063E+00  0.1486E+00  0.1389E+00  0.1539E+00  0.1635E+00  0.1668E+00  0.1688E+00  0.1694E+00  0.1689E+00  0.1691E+00  0.1712E+00  0.1744E+00  0.1766E+00  0.1773E+00  0.1784E+00  0.1797E+00  0.1785E+00  0.1720E+00  0.1359E+00  0.6350E-01
     13.1436       10.0000 -0.1394E-09  0.2854E-01  0.2312E+00  0.5405E+00  0.3901E+00  0.2972E+00  0.2063E+00  0.1486E+00  0.1389E+00  0.1539E+00  0.1635E+00  0.1668E+00  0.1688E+00  0.1694E+00  0.1689E+00  0.1691E+00  0.1712E+00  0.1744E+00  0.1766E+00  0.1773E+00  0.1784E+00  0.1797E+00  0.1785E+00  0.1720E+00  0.1359E+00  0.6350E-01
     13.2791       20.0000 -0.1641E-09  0.2854E-01  0.2312E+00  0.5406E+00  0.3901E+00  0.2972E+00  0.2063E+00  0.1486E+00  0.1389E+00  0.1539E+00  0.1635E+00  0.1668E+00  0.1688E+00  0.1694E+00  0.1689E+00  0.1691E+00  0.1712E+00  0.1744E+00  0.1766E+00  0.1773E+00  0.1784E+00  0.1797E+00  0.1785E+00  0.1720E+00  0.1359E+00  0.6350E-01
     13.4146       30.0000 -0.1882E-09  0.2854E-01  0.2312E+00  0.5407E+00  0.3902E+00  0.2973E+00  0.2063E+00  0.1486E+00  0.1389E+00  0.1539E+00  0.1635E+00  0.1668E+00  0.1688E+00  0.1694E+00  0.1689E+00  0.1691E+00  0.1712E+00  0.1744E+00  0.1766E+00  0.1773E+00  0.1784E+00  0.1797E+00  0.1785E+00  0.1720E+00  0.1359E+00  0.6350E-01
     13.5501       40.0000 -0.2123E-09  0.2854E-01  0.2312E+00  0.5407E+00  0.3903E+00  0.2973E+00  0.2063E+00  0.1486E+00  0.1389E+00  0.1539E+00  0.1635E+00  0.1668E+00  0.1688E+00  0.1694E+00  0.1689E+00  0.1691E+00  0.1712E+00  0.1744E+00  0.1766E+00  0.1773E+00  0.1784E+00  0.1797E+00  0.1785E+00  0.1720E+00  0.1359E+00  0.6350E-01
     13.6856       50.0000 -0.2369E-09  0.2854E-01  0.2312E+00  0.5408E+00  0.3903E+00  0.2973E+00  0.2063E+00  0.1486E+00  0.1389E+00  0.1539E+00  0.1635E+00  0.1668E+00  0.1688E+00  0.1694E+00  0.1689E+00  0.1691E+00  0.1712E+00  0.1744E+00  0.1766E+00  0.1773E+00  0.1784E+00  0.1797E+00  0.1785E+00  0.1720E+00  0.1359E+00  0.6350E-01
     13.8211       60.0000 -0.2625E-09  0.2854E-01  0.2312E+00  0.5409E+00  0.3904E+00  0.2974E+00  0.2063E+00  0.1486E+00  0.1388E+00  0.1539E+00  0.1635E+00  0.1668E+00  0.1688E+00  0.1694E+00  0.1689E+00  0.1691E+00  0.1712E+00  0.1744E+00  0.1766E+00  0.1773E+00  0.1784E+00  0.1797E+00  0.1785E+00  0.1720E+00  0.1359E+00  0.6350E-01
     13.9566       70.0000 -0.2893E-09  0.2854E-01  0.2312E+00  0.5410E+00  0.3905E+00  0.2974E+00  0.2064E+00  0.1486E+00  0.1388E+00  0.1539E+00  0.1635E+00  0.1668E+00  0.1688E+00  0.1694E+00  0.1689E+00  0.1691E+00  0.1712E+00  0.1744E+00  0.1766E+00  0.1773E+00  0.1784E+00  0.1797E+00  0.1785E+00  0.1720E+00  0.1359E+00  0.6350E-01
     14.0921       80.0000 -0.3169E-09  0.2854E-01  0.2312E+00  0.5410E+00  0.3905E+00  0.2975E+00  0.2064E+00  0.1486E+00  0.1388E+00  0.1539E+00  0.1635E+00  0.1668E+00  0.1688E+00  0.1694E+00  0.1689E+00  0.1691E+00  0.1712E+00  0.1744E+00  0.1766E+00  0.1773E+00  0.1784E+00  0.1797E+00  0.1785E+00  0.1720E+00  0.1359E+00  0.6350E-01
     14.2276       90.0000 -0.3441E-09  0.2855E-01  0.2312E+00  0.5411E+00  0.3906E+00  0.2975E+00  0.2064E+00  0.1486E+00  0.1388E+00  0.1539E+00  0.1635E+00  0.1668E+00  0.1688E+00  0.1694E+00  0.1689E+00  0.1691E+00  0.1712E+00  0.1744E+00  0.1766E+00  0.1773E+00  0.1784E+00  0.1797E+00  0.1785E+00  0.1720E+00  0.1359E+00  0.6350E-01
     14.3631      100.0000 -0.3686E-09  0.2855E-01  0.2312E+00  0.5412E+00  0.3906E+00  0.2975E+00  0.2064E+00  0.1486E+00  0.1388E+00  0.1539E+00  0.1635E+00  0.1668E+00  0.1688E+00  0.1694E+00  0.1689E+00  0.1691E+00  0.1712E+00  0.1744E+00  0.1766E+00  0.1773E+00  0.1784E+00  0.1797E+00  0.1785E+00  0.1720E+00  0.1359E+00  0.6350E-01
     14.4986      110.0000 -0.3864E-09  0.2855E-01  0.2312E+00  0.5412E+00  0.3907E+00  0.2976E+00  0.2064E+00  0.1486E+00  0.1388E+00  0.1539E+00  0.1635E+00  0.1668E+00  0.1688E+00  0.1694E+00  0.1689E+00  0.1691E+00  0.1712E+00  0.1744E+00  0.1766E+00  0.1773E+00  0.1784E+00  0.1797E+00  0.1785E+00  0.1720E+00  0.1359E+00  0.6350E-01
     14.6341      120.0000 -0.3919E-09  0.2855E-01  0.2312E+00  0.5413E+00  0.3907E+00  0.2976E+00  0.2064E+00  0.1486E+00  0.1388E+00  0.1539E+00  0.1635E+00  0.1668E+00  0.1688E+00  0.1694E+00  0.1689E+00  0.1691E+00  0.1712E+00  0.1744E+00  0.1766E+00  0.1773E+00  0.1784E+00  0.1797E+00  0.1785E+00  0.1720E+00  0.1359E+00  0.6350E-01
     14.7696      130.0000 -0.3779E-09  0.2855E-01  0.2312E+00  0.5414E+00  0.3908E+00  0.2976E+00  0.2064E+00  0.1486E+00  0.1388E+00  0.1539E+00  0.1635E+00  0.1668E+00  0.1688E+00  0.1694E+00  0.1689E+00  0.1691E+00  0.1712E+00  0.1744E+00  0.1766E+00  0.1773E+00  0.1784E+00  0.1797E+00  0.1785E+00  0.1720E+00  0.1359E+00  0.6350E-01
     14.9051      140.0000 -0.3367E-09  0.2855E-01  0.2313E+00  0.5414E+00  0.3908E+00  0.2977E+00  0.2064E+00  0.1486E+00  0.1388E+00  0.1539E+00  0.1635E+00  0.1668E+00  0.1688E+00  0.1694E+00  0.1689E+00  0.1691E+00  0.1712E+00  0.1744E+00  0.1766E+00  0.1773E+00  0.1784E+00  0.1797E+00  0.1785E+00  0.1720E+00  0.1359E+00  0.6350E-01
     15.0407      150.0000 -0.2618E-09  0.2855E-01  0.2313E+00  0.5415E+00  0.3909E+00  0.2977E+00  0.2064E+00  0.1486E+00  0.1388E+00  0.1539E+00  0.1635E+00  0.1668E+00  0.1688E+00  0.1694E+00  0.1689E+00  0.1691E+00  0.1712E+00  0.1744E+00  0.1766E+00  0.1773E+00  0.1784E+00  0.1797E+00  0.1785E+00  0.1720E+00  0.1359E+00  0.6350E-01
     15.1762      160.0000 -0.1514E-09  0.2855E-01  0.2313E+00  0.5415E+00  0.3910E+00  0.2977E+00  0.2064E+00  0.1486E+00  0.1388E+00  0.1539E+00  0.1635E+00  0.1668E+00  0.1688E+00  0.1694E+00  0.1689E+00  0.1691E+00  0.1712E+00  0.1744E+00  0.1766E+00  0.1773E+00  0.1784E+00  0.1797E+00  0.1785E+00  0.1720E+00  0.1359E+00  0.6350E-01
     15.3117      170.0000 -0.1076E-10  0.2855E-01  0.2313E+00  0.5416E+00  0.3910E+00  0.2978E+00  0.2064E+00  0.1486E+00  0.1388E+00  0.1539E+00  0.1635E+00  0.1668E+00  0.1688E+00  0.1694E+00  0.1689E+00  0.1691E+00  0.1712E+00  0.1744E+00  0.1766E+00  0.1773E+00  0.1784E+00  0.1797E+00  0.1785E+00  0.1720E+00  0.1359E+00  0.6350E-01
     15.4472      180.0000  0.1459E-09  0.2856E-01  0.2313E+00  0.5417E+00  0.3911E+00  0.2978E+00  0.2064E+00  0.1486E+00  0.1388E+00  0.1539E+00  0.1635E+00  0.1668E+00  0.1688E+00  0.1694E+00  0.1689E+00  0.1691E+00  0.1712E+00  0.1744E+00  0.1766E+00  0.1773E+00  0.1784E+00  0.1797E+00  0.1785E+00  0.1720E+00  0.1359E+00  0.6350E-01
     15.5827      190.0000  0.2981E-09  0.2856E-01  0.2313E+00  0.5417E+00  0.3911E+00  0.2978E+00  0.2064E+00  0.1486E+00  0.1388E+00  0.1539E+00  0.1635E+00  0.1668E+00  0.1688E+00  0.1694E+00  0.1689E+00  0.1691E+00  0.1712E+00  0.1744E+00  0.1766E+00  0.1773E+00  0.1784E+00  0.1797E+00  0.1785E+00  0.1720E+00  0.1359E+00  0.6350E-01
     15.7182      200.0000  0.4245E-09  0.2856E-01  0.2313E+00  0.5418E+00  0.3911E+00  0.2978E+00  0.2065E+00  0.1486E+00  0.1388E+00  0.1539E+00  0.1635E+00  0.1668E+00  0.1688E+00  0.1694E+00  0.1689E+00  0.1691E+00  0.1712E+00  0.1744E+00  0.1766E+00  0.1773E+00  0.1784E+00  0.1797E+00  0.1785E+00  0.1720E+00  0.1359E+00  0.6350E-01
     15.8537      210.0000  0.5098E-09  0.2856E-01  0.2313E+00  0.5418E+00  0.3912E+00  0.2979E+00  0.2065E+00  0.1486E+00  0.1388E+00  0.1539E+00  0.1634E+00  0.1668E+00  0.1688E+00  0.1694E+00  0.1689E+00  0.1691E+00  0.1712E+00  0.1744E+00  0.1766E+00  0.1773E+00  0.1784E+00  0.1797E+00  0.1785E+00  0.1720E+00  0.1359E+00  0.6350E-01
     15.9892      220.0000  0.5483E-09  0.2856E-01  0.2313E+00  0.5419E+00  0.3912E+00  0.2979E+00  0.2065E+00  0.1486E+00  0.1388E+00  0.1539E+00  0.1634E+00  0.1668E+00  0.1688E+00  0.1694E+00  0.1689E+00  0.1690E+00  0.1712E+00  0.1744E+00  0.1766E+00  0.1773E+00  0.1784E+00  0.1797E+00  0.1785E+00  0.1720E+00  0.1359E+00  0.6350E-01
     16.1247      230.0000  0.5439E-09  0.2856E-01  0.2313E+00  0.5419E+00  0.3913E+00  0.2979E+00  0.2065E+00  0.1486E+00  0.1388E+00  0.1539E+00  0.1634E+00  0.1668E+00  0.1688E+00  0.1694E+00  0.1689E+00  0.1690E+00  0.1712E+00  0.1744E+00  0.1766E+00  0.1773E+00  0.1784E+00  0.1797E+00  0.1785E+00  0.1720E+00  0.1359E+00  0.6350E-01
     16.2602      240.0000  0.5065E-09  0.2856E-01  0.2313E+00  0.5420E+00  0.3913E+00  0.2980E+00  0.2065E+00  0.1486E+00  0.1388E+00  0.1539E+00  0.1634E+00  0.1668E+00  0.1688E+00  0.1694E+00  0.1689E+00  0.1690E+00  0.1712E+00  0.1744E+00  0.1766E+00  0.1773E+00  0.1784E+00  0.1797E+00  0.1785E+00  0.1720E+00  0.1359E+00  0.6350E-01
     16.3957      250.0000  0.4479E-09  0.2856E-01  0.2313E+00  0.5420E+00  0.3914E+00  0.2980E+00  0.2065E+00  0.1486E+00  0.1388E+00  0.1539E+00  0.1634E+00  0.1668E+00  0.1688E+00  0.1694E+00  0.1689E+00  0.1690E+00  0.1712E+00  0.1744E+00  0.1766E+00  0.1773E+00  0.1784E+00  0.1797E+00  0.1785E+00  0.1720E+00  0.1359E+00  0.6350E-01
     16.5312      260.0000  0.3784E-09  0.2856E-01  0.2313E+00  0.5421E+00  0.3914E+00  0.2980E+00  0.2065E+00  0.1486E+00  0.1388E+00  0.1539E+00  0.1634E+00  0.1668E+00  0.1688E+00  0.1694E+00  0.1689E+00  0.1690E+00  0.1712E+00  0.1744E+00  0.1766E+00  0.1773E+00  0.1784E+00  0.1797E+00  0.1785E+00  0.1720E+00  0.1359E+00  0.6350E-01
     16.6667      270.0000  0.3061E-09  0.2857E-01  0.2313E+00  0.5421E+00  0.3915E+00  0.2981E+00  0.2065E+00  0.1486E+00  0.1388E+00  0.1539E+00  0.1634E+00  0.1668E+00  0.1688E+00  0.1694E+00  0.1689E+00  0.1690E+00  0.1712E+00  0.1744E+00  0.1766E+00  0.1773E+00  0.1784E+00  0.1797E+00  0.1785E+00  0.1720E+00  0.1359E+00  0.6350E-01
     16.8022      280.0000  0.2363E-09  0.2857E-01  0.2313E+00  0.5422E+00  0.3915E+00  0.2981E+00  0.2065E+00  0.1486E+00  0.1388E+00  0.1539E+00  0.1634E+00  0.1668E+00  0.1688E+00  0.1694E+00  0.1689E+00  0.1690E+00  0.1712E+00  0.1744E+00  0.1766E+00  0.1773E+00  0.1784E+00  0.1797E+00  0.1785E+00  0.1720E+00  0.1359E+00  0.6350E-01
     16.9377      290.0000  0.1719E-09  0.2857E-01  0.2313E+00  0.5422E+00  0.3915E+00  0.2981E+00  0.2065E+00  0.1486E+00  0.1388E+00  0.1539E+00  0.1634E+00  0.1668E+00  0.1688E+00  0.1694E+00  0.1689E+00  0.1690E+00  0.1712E+00  0.1744E+00  0.1766E+00  0.1773E+00  0.1784E+00  0.1797E+00  0.1785E+00  0.1720E+00  0.1359E+00  0.6350E-01
     17.0732      300.0000  0.1142E-09  0.2857E-01  0.2313E+00  0.5423E+00  0.3916E+00  0.2981E+00  0.2065E+00  0.1486E+00  0.1388E+00  0.1539E+00  0.1634E+00  0.1668E+00  0.1688E+00  0.1694E+00  0.1689E+00  0.1690E+00  0.1712E+00  0.1744E+00  0.1766E+00  0.1773E+00  0.1784E+00  0.1797E+00  0.1785E+00  0.1720E+00  0.1359E+00  0.6350E-01
     17.2087      310.0000  0.6339E-10  0.2857E-01  0.2313E+00  0.5423E+00  0.3916E+00  0.2982E+00  0.2065E+00  0.1486E+00  0.1388E+00  0.1539E+00  0.1634E+00  0.1668E+00  0.1688E+00  0.1694E+00  0.1689E+00  0.1690E+00  0.1712E+00  0.1744E+00  0.1766E+00  0.1773E+00  0.1784E+00  0.1797E+00  0.1785E+00  0.1720E+00  0.1359E+00  0.6350E-01
     17.3442      320.0000  0.1890E-10  0.2857E-01  0.2313E+00  0.5424E+00  0.3917E+00  0.2982E+00  0.2065E+00  0.1486E+00  0.1388E+00  0.1539E+00  0.1634E+00  0.1668E+00  0.1688E+00  0.1694E+00  0.1689E+00  0.1690E+00  0.1712E+00  0.1744E+00  0.1766E+00  0.1773E+00  0.1784E+00  0.1797E+00  0.1785E+00  0.1720E+00  0.1359E+00  0.6350E-01
     17.4797      330.0000 -0.2011E-10  0.2857E-01  0.2314E+00  0.5424E+00  0.3917E+00  0.2982E+00  0.2065E+00  0.1486E+00  0.1388E+00  0.1539E+00  0.1634E+00  0.1668E+00  0.1688E+00  0.1694E+00  0.1689E+00  0.1690E+00  0.1712E+00  0.1744E+00  0.1766E+00  0.1773E+00  0.1784E+00  0.1797E+00  0.1785E+00  0.1720E+00  0.1359E+00  0.6350E-01
     17.6152      340.0000 -0.5458E-10  0.2857E-01  0.2314E+00  0.5425E+00  0.3917E+00  0.2982E+00  0.2065E+00  0.1486E+00  0.1388E+00  0.1539E+00  0.1634E+00  0.1668E+00  0.1688E+00  0.1694E+00  0.1689E+00  0.1690E+00  0.1712E+00  0.1744E+00  0.1766E+00  0.1773E+00  0.1784E+00  0.1797E+00  0.1785E+00  0.1720E+00  0.1359E+00  0.6350E-01
     17.7507      350.0000 -0.8542E-10  0.2857E-01  0.2314E+00  0.5425E+00  0.3918E+00  0.2983E+00  0.2065E+00  0.1486E+00  0.1388E+00  0.1539E+00  0.1634E+00  0.1668E+00  0.1688E+00  0.1694E+00  0.1689E+00  0.1690E+00  0.1712E+00  0.1744E+00  0.1766E+00  0.1773E+00  0.1784E+00  0.1797E+00  0.1785E+00  0.1720E+00  0.1359E+00  0.6350E-01
     17.8862      360.0000 -0.1135E-09  0.2857E-01  0.2314E+00  0.5425E+00  0.3918E+00  0.2983E+00  0.2065E+00  0.1486E+00  0.1388E+00  0.1539E+00  0.1634E+00  0.1667E+00  0.1688E+00  0.1694E+00  0.1689E+00  0.1690E+00  0.1712E+00  0.1744E+00  0.1766E+00  0.1773E+00  0.1784E+00  0.1797E+00  0.1785E+00  0.1720E+00  0.1359E+00  0.6350E-01
     18.0217       10.0000 -0.1395E-09  0.2858E-01  0.2314E+00  0.5426E+00  0.3918E+00  0.2983E+00  0.2066E+00  0.1486E+00  0.1388E+00  0.1539E+00  0.1634E+00  0.1667E+00  0.1688E+00  0.1694E+00  0.1689E+00  0.1690E+00  0.1712E+00  0.1744E+00  0.1766E+00  0.1773E+00  0.1784E+00  0.1797E+00  0.1785E+00  0.1720E+00  0.1359E+00  0.6350E-01
     18.1572       20.0000 -0.1642E-09  0.2858E-01  0.2314E+00  0.5426E+00  0.3919E+00  0.2983E+00  0.2066E+00  0.1486E+00  0.1388E+00  0.1538E+00  0.1634E+00  0.1667E+00  0.1688E+00  0.1694E+00  0.1689E+00  0.1690E+00  0.1712E+00  0.1744E+00  0.1766E+00  0.1773E+00  0.1784E+00  0.1797E+00  0.1785E+00  0.1720E+00  0.1359E+00  0.6350E-01
     18.2927       30.0000 -0.1883E-09  0.2858E-01  0.2314E+00  0.5427E+00  0.3919E+00  0.2984E+00  0.2066E+00  0.1486E+00  0.1388E+00  0.1538E+00  0.1634E+00  0.1667E+00  0.1688E+00  0.1694E+00  0.1689E+00  0.1690E+00  0.1712E+00  0.1744E+00  0.1766E+00  0.1773E+00  0.1784E+00  0.1797E+00  0.1785E+00  0.1720E+00  0.1359E+00  0.6350E-01
     18.4282       40.0000 -0.2123E-09  0.2858E-01  0.2314E+00  0.5427E+00  0.3919E+00  0.2984E+00  0.2066E+00  0.1486E+00  0.1388E+00  0.1538E+00  0.1634E+00  0.1667E+00  0.1688E+00  0.1694E+00  0.1689E+00  0.1690E+00  0.1712E+00  0.1744E+00  0.1766E+00  0.1773E+00  0.1784E+00  0.1797E+00  0.1785E+00  0.1720E+00  0.1359E+00  0.6350E-01
     18.5637       50.0000 -0.2370E-09  0.2858E-01  0.2314E+00  0.5427E+00  0.3920E+00  0.2984E+00  0.2066E+00  0.1486E+00  0.1388E+00  0.1538E+00  0.1634E+00  0.1667E+00  0.1688E+00  0.1694E+00  0.1689E+00  0.1690E+00  0.1712E+00  0.1744E+00  0.1766E+00  0.1773E+00  0.1784E+00  0.1797E+00  0.1785E+00  0.1720E+00  0.1359E+00  0.6350E-01
     18.6992       60.0000 -0.2626E-09  0.2858E-01  0.2314E+00  0.5428E+00  0.3920E+00  0.2984E+00  0.2066E+00  0.1486E+00  0.1388E+00  0.1538E+00  0.1634E+00  0.1667E+00  0.1688E+00  0.1694E+00  0.1689E+00  0.1690E+00  0.1712E+00  0.1744E+00  0.1766E+00  0.1773E+00  0.1784E+00  0.1797E+00  0.1785E+00  0.1720E+00  0.1359E+00  0.6350E-01
     18.8347       70.0000 -0.2893E-09  0.2858E-01  0.2314E+00  0.5428E+00  0.3920E+00  0.2984E+00  0.2066E+00  0.1486E+00  0.1388E+00  0.1538E+00  0.1634E+00  0.1667E+00  0.1688E+00  0.1694E+00  0.1689E+00  0.1690E+00  0.1712E+00  0.1744E+00  0.1766E+00  0.1773E+00  0.1784E+00  0.1797E+00  0.1785E+00  0.1720E+00  0.1359E+00  0.6350E-01
     18.9702       80.0000 -0.3169E-09  0.2858E-01  0.2314E+00  0.5429E+00  0.3921E+00  0.2985E+00  0.2066E+00  0.1486E+00  0.1388E+00  0.1538E+00  0.1634E+00  0.1667E+00  0.1688E+00  0.1694E+00  0.1689E+00  0.1690E+00  0.1712E+00  0.1744E+00  0.1766E+00  0.1773E+00  0.1784E+00  0.1797E+00  0.1785E+00  0.1720E+00  0.1359E+00  0.6350E-01
     19.1057       90.0000 -0.3441E-09  0.2858E-01  0.2314E+00  0.5429E+00  0.3921E+00  0.2985E+00  0.2066E+00  0.1486E+00  0.1388E+00  0.1538E+00  0.1634E+00  0.1667E+00  0.1688E+00  0.1694E+00  0.1689E+00  0.1690E+00  0.1712E+00  0.1744E+00  0.1766E+00  0.1773E+00  0.1784E+00  0.1797E+00  0.1785E+00  0.1720E+00  0.1359E+00  0.6350E-01
     19.2412      100.0000 -0.3686E-09  0.2858E-01  0.2314E+00  0.5429E+00  0.3921E+00  0.2985E+00  0.2066E+00  0.1486E+00  0.1388E+00  0.1538E+00  0.1634E+00  0.1667E+00  0.1688E+00  0.1694E+00  0.1689E+00  0.1690E+00  0.1712E+00  0.1744E+00  0.1766E+00  0.1773E+00  0.1784E+00  0.1797E+00  0.1785E+00  0.1720E+00  0.1359E+00  0.6350E-01
     19.3767      110.0000 -0.3864E-09  0.2858E-01  0.2314E+00  0.5430E+00  0.3921E+00  0.2985E+00  0.2066E+00  0.1486E+00  0.1388E+00  0.1538E+00  0.1634E+00  0.1667E+00  0.1688E+00  0.1694E+00  0.1689E+00  0.1690E+00  0.1712E+00  0.1744E+00  0.1766E+00  0.1773E+00  0.1784E+00  0.1797E+00  0.1785E+00  0.1720E+00  0.1359E+00  0.6350E-01
     19.5122      120.0000 -0.3919E-09  0.2858E-01  0.2314E+00  0.5430E+00  0.3922E+00  0.2985E+00  0.2066E+00  0.1486E+00  0.1388E+00  0.1538E+00  0.1634E+00  0.1667E+00  0.1688E+00  0.1694E+00  0.1689E+00  0.1690E+00  0.1712E+00  0.1744E+00  0.1766E+00  0.1773E+00  0.1784E+00  0.1797E+00  0.1785E+00  0.1720E+00  0.1359E+00  0.6350E-01
     19.6477      130.0000 -0.3779E-09  0.2858E-01  0.2314E+00  0.5430E+00  0.3922E+00  0.2986E+00  0.2066E+00  0.1486E+00  0.1388E+00  0.1538E+00  0.1634E+00  0.1667E+00  0.1688E+00  0.1694E+00  0.1689E+00  0.1690E+00  0.1712E+00  0.1744E+00  0.1766E+00  0.1773E+00  0.1784E+00  0.1797E+00  0.1785E+00  0.1720E+00  0.1359E+00  0.6350E-01
     19.7832      140.0000 -0.3367E-09  0.2859E-01  0.2314E+00  0.5431E+00  0.3922E+00  0.2986E+00  0.2066E+00  0.1486E+00  0.1388E+00  0.1538E+00  0.1634E+00  0.1667E+00  0.1688E+00  0.1694E+00  0.1689E+00  0.1690E+00  0.1712E+00  0.1744E+00  0.1766E+00  0.1773E+00  0.1784E+00  0.1797E+00  0.1785E+00  0.1720E+00  0.1359E+00  0.6350E-01
     19.9187      150.0000 -0.2618E-09  0.2859E-01  0.2314E+00  0.5431E+00  0.3923E+00  0.2986E+00  0.2066E+00  0.1486E+00  0.1388E+00  0.1538E+00  0.1634E+00  0.1667E+00  0.1688E+00  0.1694E+00  0.1689E+00  0.1690E+00  0.1712E+00  0.1744E+00  0.1766E+00  0.1773E+00  0.1784E+00  0.1797E+00  0.1785E+00  0.1720E+00  0.1359E+00  0.6350E-01
     20.0542      160.0000 -0.1514E-09  0.2859E-01  0.2314E+00  0.5431E+00  0.3923E+00  0.2986E+00  0.2066E+00  0.1486E+00  0.1388E+00  0.1538E+00  0.1634E+00  0.1667E+00  0.1688E+00  0.1694E+00  0.1689E+00  0.1690E+00  0.1712E+00  0.1744E+00  0.1766E+00  0.1773E+00  0.1784E+00  0.1797E+00  0.1785E+00  0.1720E+00  0.1359E+00  0.6350E-01
     20.1897      170.0000 -0.1079E-10  0.2859E-01  0.2314E+00  0.5432E+00  0.3923E+00  0.2986E+00  0.2066E+00  0.1486E+00  0.1388E+00  0.1538E+00  0.1634E+00  0.1667E+00  0.1688E+00  0.1694E+00  0.1689E+00  0.1690E+00  0.1712E+00  0.1744E+00  0.1766E+00  0.1773E+00  0.1784E+00  0.1797E+00  0.1785E+00  0.1720E+00  0.1359E+00  0.6350E-01
     20.3252      180.0000  0.1459E-09  0.2859E-01  0.2314E+00  0.5432E+00  0.3923E+00  0.2987E+00  0.2066E+00  0.1486E+00  0.1388E+00  0.1538E+00  0.1634E+00  0.1667E+00  0.1688E+00  0.1694E+00  0.1689E+00  0.1690E+00  0.1712E+00  0.1744E+00  0.1766E+00  0.1773E+00  0.1784E+00  0.1797E+00  0.1785E+00  0.1720E+00  0.1359E+00  0.6350E-01
     20.4607      190.0000  0.2980E-09  0.2859E-01  0.2314E+00  0.5432E+00  0.3924E+00  0.2987E+00  0.2066E+00  0.1486E+00  0.1388E+00  0.1538E+00  0.1634E+00  0.1667E+00  0.1688E+00  0.1694E+00  0.1689E+00  0.1690E+00  0.1712E+00  0.1744E+00  0.1766E+00  0.1773E+00  0.1784E+00  0.1797E+00  0.1785E+00  0.1720E+00  0.1359E+00  0.6350E-01
     20.5962      200.0000  0.4245E-09  0.2859E-01  0.2314E+00  0.5432E+00  0.3924E+00  0.2987E+00  0.2066E+00  0.1486E+00  0.1388E+00  0.1538E+00  0.1634E+00  0.1667E+00  0.1688E+00  0.1694E+00  0.1689E+00  0.1690E+00  0.1712E+00  0.1744E+00  0.1766E+00  0.1773E+00  0.1784E+00  0.1797E+00  0.1785E+00  0.1720E+00  0.1359E+00  0.6350E-01
     20.7317      210.0000  0.5097E-09  0.2859E-01  0.2314E+00  0.5433E+00  0.3924E+00  0.2987E+00  0.2066E+00  0.1486E+00  0.1388E+00  0.1538E+00  0.1634E+00  0.1667E+00  0.1688E+00  0.1694E+00  0.1689E+00  0.1690E+00  0.1712E+00  0.1744E+00  0.1766E+00  0.1773E+00  0.1784E+00  0.1797E+00  0.1785E+00  0.1720E+00  0.1359E+00  0.6350E-01
     20.8672      220.0000  0.5482E-09  0.2859E-01  0.2314E+00  0.5433E+00  0.3924E+00  0.2987E+00  0.2066E+00  0.1486E+00  0.1388E+00  0.1538E+00  0.1634E+00  0.1667E+00  0.1688E+00  0.1694E+00  0.1689E+00  0.1690E+00  0.1712E+00  0.1744E+00  0.1766E+00  0.1773E+00  0.1784E+00  0.1797E+00  0.1785E+00  0.1720E+00  0.1359E+00  0.6350E-01
     21.0027      230.0000  0.5439E-09  0.2859E-01  0.2314E+00  0.5433E+00  0.3925E+00  0.2988E+00  0.2066E+00  0.1486E+00  0.1387E+00  0.1538E+00  0.1634E+00  0.1667E+00  0.1688E+00  0.1694E+00  0.1689E+00  0.1690E+00  0.1712E+00  0.1744E+00  0.1766E+00  0.1773E+00  0.1784E+00  0.1797E+00  0.1785E+00  0.1720E+00  0.1359E+00  0.6350E-01
     21.1382      240.0000  0.5065E-09  0.2859E-01  0.2314E+00  0.5434E+00  0.3925E+00  0.2988E+00  0.2066E+00  0.1486E+00  0.1387E+00  0.1538E+00  0.1634E+00  0.1667E+00  0.1688E+00  0.1694E+00  0.1689E+00  0.1690E+00  0.1712E+00  0.1744E+00  0.1766E+00  0.1773E+00  0.1784E+00  0.1797E+00  0.1785E+00  0.1720E+00  0.1359E+00  0.6350E-01
     21.2737      250.0000  0.4478E-09  0.2859E-01  0.2314E+00  0.5434E+00  0.3925E+00  0.2988E+00  0.2066E+00  0.1486E+00  0.1387E+00  0.1538E+00  0.1634E+00  0.1667E+00  0.1688E+00  0.1694E+00  0.1689E+00  0.1690E+00  0.1712E+00  0.1744E+00  0.1766E+00  0.1773E+00  0.1784E+00  0.1797E+00  0.1785E+00  0.1720E+00  0.1359E+00  0.6350E-01
     21.4092      260.0000  0.3784E-09  0.2859E-01  0.2314E+00  0.5434E+00  0.3925E+00  0.2988E+00  0.2067E+00  0.1486E+00  0.1387E+00  0.1538E+00  0.1634E+00  0.1667E+00  0.1688E+00  0.1694E+00  0.1689E+00  0.1690E+00  0.1712E+00  0.1744E+00  0.1766E+00  0.1773E+00  0.1784E+00  0.1797E+00  0.1785E+00  0.1720E+00  0.1359E+00  0.6350E-01
     21.5447      270.0000  0.3061E-09  0.2859E-01  0.2314E+00  0.5434E+00  0.3925E+00  0.2988E+00  0.2067E+00  0.1486E+00  0.1387E+00  0.1538E+00  0.1634E+00  0.1667E+00  0.1688E+00  0.1694E+00  0.1689E+00  0.1690E+00  0.1712E+00  0.1744E+00  0.1766E+00  0.1773E+00  0.1784E+00  0.1797E+00  0.1785E+00  0.1720E+00  0.1359E+00  0.6350E-01
     21.6802      280.0000  0.2363E-09  0.2859E-01  0.2315E+00  0.5435E+00  0.3926E+00  0.2988E+00  0.2067E+00  0.1486E+00  0.1387E+00  0.1538E+00  0.1634E+00  0.1667E+00  0.1688E+00  0.1694E+00  0.1689E+00  0.1690E+00  0.1712E+00  0.1744E+00  0.1766E+00  0.1773E+00  0.1784E+00  0.1797E+00  0.1785E+00  0.1720E+00  0.1359E+00  0.6350E-01
     21.8157      290.0000  0.1719E-09  0.2859E-01  0.2315E+00  0.5435E+00  0.3926E+00  0.2989E+00  0.2067E+00  0.1486E+00  0.1387E+00  0.1538E+00  0.1634E+00  0.1667E+00  0.1688E+00  0.1694E+00  0.1689E+00  0.1690E+00  0.1712E+00  0.1744E+00  0.1766E+00  0.1773E+00  0.1784E+00  0.1797E+00  0.1785E+00  0.1720E+00  0.1359E+00  0.6350E-01
     21.9512      300.0000  0.1142E-09  0.2859E-01  0.2315E+00  0.5435E+00  0.3926E+00  0.2989E+00  0.2067E+00  0.1486E+00  0.1387E+00  0.1538E+00  0.1634E+00  0.1667E+00  0.1688E+00  0.1694E+00  0.1689E+00  0.1690E+00  0.1712E+00  0.1744E+00  0.1766E+00  0.1773E+00  0.1784E+00  0.1797E+00  0.1785E+00  0.1720E+00  0.1359E+00  0.6350E-01
     22.0867      310.0000  0.6338E-10  0.2859E-01  0.2315E+00  0.5435E+00  0.3926E+00  0.2989E+00  0.2067E+00  0.1486E+00  0.1387E+00  0.1538E+00  0.1634E+00  0.1667E+00  0.1688E+00  0.1694E+00  0.1689E+00  0.1690E+00  0.1712E+00  0.1744E+00  0.1766E+00  0.1773E+00  0.1784E+00  0.1797E+00  0.1785E+00  0.1720E+00  0.1359E+00  0.6350E-01
     22.2222      320.0000  0.1889E-10  0.2860E-01  0.2315E+00  0.5436E+00  0.3926E+00  0.2989E+00  0.2067E+00  0.1486E+00  0.1387E+00  0.1538E+00  0.1634E+00  0.1667E+00  0.1688E+00  0.1694E+00  0.1689E+00  0.1690E+00  0.1712E+00  0.1744E+00  0.1766E+00  0.1773E+00  0.1784E+00  0.1797E+00  0.1785E+00  0.1720E+00  0.1359E+00  0.6350E-01
     22.3577      330.0000 -0.2012E-10  0.2860E-01  0.2315E+00  0.5436E+00  0.3927E+00  0.2989E+00  0.2067E+00  0.1486E+00  0.1387E+00  0.1538E+00  0.1634E+00  0.1667E+00  0.1688E+00  0.1694E+00  0.1689E+00  0.1690E+00  0.1712E+00  0.1744E+00  0.1766E+00  0.1773E+00  0.1784E+00  0.1797E+00  0.1785E+00  0.1720E+00  0.1359E+00  0.6350E-01
     22.4932      340.0000 -0.5459E-10  0.2860E-01  0.2315E+00  0.5436E+00  0.3927E+00  0.2989E+00  0.2067E+00  0.1486E+00  0.1387E+00  0.1538E+00  0.1634E+00  0.1667E+00  0.1688E+00  0.1694E+00  0.1689E+00  0.1690E+00  0.1712E+00  0.1744E+00  0.1766E+00  0.1773E+00  0.1784E+00  0.1797E+00  0.1785E+00  0.1720E+00  0.1359E+00  0.6350E-01
     22.6287      350.0000 -0.8543E-10  0.2860E-01  0.2315E+00  0.5436E+00  0.3927E+00  0.2989E+00  0.2067E+00  0.1486E+00  0.1387E+00  0.1538E+00  0.1634E+00  0.1667E+00  0.1688E+00  0.1694E+00  0.1689E+00  0.1690E+00  0.1712E+00  0.1744E+00  0.1766E+00  0.1773E+00  0.1784E+00  0.1797E+00  0.1785E+00  0.1720E+00  0.1359E+00  0.6350E-01
     22.7642      360.0000 -0.1135E-09  0.2860E-01  0.2315E+00  0.5436E+00  0.3927E+00  0.2990E+00  0.2067E+00  0.1486E+00  0.1387E+00  0.1538E+00  0.1634E+00  0.1667E+00  0.1687E+00  0.1694E+00  0.1689E+00  0.1690E+00  0.1712E+00  0.1744E+00  0.1766E+00  0.1773E+00  0.1784E+00  0.1797E+00  0.1785E+00  0.1720E+00  0.1359E+00  0.6350E-01
     22.8997       10.0000 -0.1395E-09  0.2860E-01  0.2315E+00  0.5437E+00  0.3927E+00  0.2990E+00  0.2067E+00  0.1486E+00  0.1387E+00  0.1538E+00  0.1634E+00  0.1667E+00  0.1687E+00  0.1694E+00  0.1689E+00  0.1690E+00  0.1712E+00  0.1744E+00  0.1766E+00  0.1773E+00  0.1784E+00  0.1797E+00  0.1785E+00  0.1720E+00  0.1359E+00  0.6350E-01
     23.0352       20.0000 -0.1642E-09  0.2860E-01  0.2315E+00  0.5437E+00  0.3928E+00  0.2990E+00  0.2067E+00  0.1486E+00  0.1387E+00  0.1538E+00  0.1634E+00  0.1667E+00  0.1687E+00  0.1694E+00  0.1689E+00  0.1690E+00  0.1712E+00  0.1744E+00  0.1766E+00  0.1773E+00  0.1784E+00  0.1797E+00  0.1785E+00  0.1720E+00  0.1359E+00  0.6350E-01
     23.1707       30.0000 -0.1883E-09  0.2860E-01  0.2315E+00  0.5437E+00  0.3928E+00  0.2990E+00  0.2067E+00  0.1486E+00  0.1387E+00  0.1538E+00  0.1634E+00  0.1667E+00  0.1687E+00  0.1694E+00  0.1689E+00  0.1690E+00  0.1712E+00  0.1744E+00  0.1766E+00  0.1773E+00  0.1784E+00  0.1797E+00  0.1785E+00  0.1720E+00  0.1359E+00  0.6350E-01
     23.3062       40.0000 -0.2123E-09  0.2860E-01  0.2315E+00  0.5437E+00  0.3928E+00  0.2990E+00  0.2067E+00  0.1486E+00  0.1387E+00  0.1538E+00  0.1634E+00  0.1667E+00  0.1687E+00  0.1694E+00  0.1689E+00  0.1690E+00  0.1712E+00  0.1744E+00  0.1766E+00  0.1773E+00  0.1784E+00  0.1797E+00  0.1785E+00  0.1720E+00  0.1359E+00  0.6350E-01
     23.4417       50.0000 -0.2370E-09  0.2860E-01  0.2315E+00  0.5437E+00  0.3928E+00  0.2990E+00  0.2067E+00  0.1486E+00  0.1387E+00  0.1538E+00  0.1634E+00  0.1667E+00  0.1687E+00  0.1694E+00  0.1689E+00  0.1690E+00  0.1712E+00  0.1744E+00  0.1766E+00  0.1773E+00  0.1784E+00  0.1797E+00  0.1785E+00  0.1720E+00  0.1359E+00  0.6350E-01
     23.5772       60.0000 -0.2626E-09  0.2860E-01  0.2315E+00  0.5438E+00  0.3928E+00  0.2990E+00  0.2067E+00  0.1486E+00  0.1387E+00  0.1538E+00  0.1634E+00  0.1667E+00  0.1687E+00  0.1694E+00  0.1689E+00  0.1690E+00  0.1712E+00  0.1744E+00  0.1766E+00  0.1773E+00  0.1784E+00  0.1797E+00  0.1785E+00  0.1720E+00  0.1359E+00  0.6350E-01
     23.7127       70.0000 -0.2894E-09  0.2860E-01  0.2315E+00  0.5438E+00  0.3928E+00  0.2991E+00  0.2067E+00  0.1486E+00  0.1387E+00  0.1538E+00  0.1634E+00  0.1667E+00  0.1687E+00  0.1694E+00  0.1689E+00  0.1690E+00  0.1712E+00  0.1744E+00  0.1766E+00  0.1773E+00  0.1784E+00  0.1797E+00  0.1785E+00  0.1720E+00  0.1359E+00  0.6350E-01
     23.8482       80.0000 -0.3169E-09  0.2860E-01  0.2315E+00  0.5438E+00  0.3929E+00  0.2991E+00  0.2067E+00  0.1486E+00  0.1387E+00  0.1538E+00  0.1634E+00  0.1667E+00  0.1687E+00  0.1694E+00  0.1689E+00  0.1690E+00  0.1712E+00  0.1744E+00  0.1766E+00  0.1773E+00  0.1784E+00  0.1797E+00  0.1785E+00  0.1720E+00  0.1359E+00  0.6350E-01
     23.9837       90.0000 -0.3441E-09  0.2860E-01  0.2315E+00  0.5438E+00  0.3929E+00  0.2991E+00  0.2067E+00  0.1486E+00  0.1387E+00  0.1538E+00  0.1634E+00  0.1667E+00  0.1687E+00  0.1694E+00  0.1689E+00  0.1690E+00  0.1712E+00  0.1744E+00  0.1766E+00  0.1773E+00  0.1784E+00  0.1797E+00  0.1785E+00  0.1720E+00  0.1359E+00  0.6350E-01
     24.1192      100.0000 -0.3686E-09  0.2860E-01  0.2315E+00  0.5438E+00  0.3929E+00  0.2991E+00  0.2067E+00  0.1486E+00  0.1387E+00  0.1538E+00  0.1634E+00  0.1667E+00  0.1687E+00  0.1694E+00  0.1689E+00  0.1690E+00  0.1712E+00  0.1744E+00  0.1766E+00  0.1773E+00  0.1784E+00  0.1797E+00  0.1785E+00  0.1720E+00  0.1359E+00  0.6350E-01
     24.2547      110.0000 -0.3864E-09  0.2860E-01  0.2315E+00  0.5439E+00  0.3929E+00  0.2991E+00  0.2067E+00  0.1486E+00  0.1387E+00  0.1538E+00  0.1634E+00  0.1667E+00  0.1687E+00  0.1694E+00  0.1689E+00  0.1690E+00  0.1712E+00  0.1744E+00  0.1766E+00  0.1773E+00  0.1784E+00  0.1797E+00  0.1785E+00  0.1720E+00  0.1359E+00  0.6350E-01
     24.3902      120.0000 -0.3919E-09  0.2860E-01  0.2315E+00  0.5439E+00  0.3929E+00  0.2991E+00  0.2067E+00  0.1486E+00  0.1387E+00  0.1538E+00  0.1634E+00  0.1667E+00  0.1687E+00  0.1694E+00  0.1689E+00  0.1690E+00  0.1712E+00  0.1744E+00  0.1766E+00  0.1773E+00  0.1784E+00  0.1797E+00  0.1785E+00  0.1720E+00  0.1359E+00  0.6350E-01
     24.5257      130.0000 -0.3779E-09  0.2860E-01  0.2315E+00  0.5439E+00  0.3929E+00  0.2991E+00  0.2067E+00  0.1486E+00  0.1387E+00  0.1538E+00  0.1634E+00  0.1667E+00  0.1687E+00  0.1694E+00  0.1689E+00  0.1690E+00  0.1712E+00  0.1744E+00  0.1766E+00  0.1773E+00  0.1784E+00  0.1797E+00  0.1785E+00  0.1720E+00  0.1359E+00  0.6350E-01
     24.6612      140.0000 -0.3367E-09  0.2860E-01  0.2315E+00  0.5439E+00  0.3929E+00  0.2991E+00  0.2067E+00  0.1486E+00  0.1387E+00  0.1538E+00  0.1634E+00  0.1667E+00  0.1687E+00  0.1694E+00  0.1689E+00  0.1690E+00  0.1712E+00  0.1744E+00  0.1766E+00  0.1773E+00  0.1784E+00  0.1797E+00  0.1785E+00  0.1720E+00  0.1359E+00  0.6350E-01
     24.7967      150.0000 -0.2618E-09  0.2860E-01  0.2315E+00  0.5439E+00  0.3930E+00  0.2992E+00  0.2067E+00  0.1486E+00  0.1387E+00  0.1538E+00  0.1634E+00  0.1667E+00  0.1687E+00  0.1694E+00  0.1689E+00  0.1690E+00  0.1712E+00  0.1744E+00  0.1766E+00  0.1773E+00  0.1784E+00  0.1797E+00  0.1785E+00  0.1720E+00  0.1359E+00  0.6350E-01
     24.9322      160.0000 -0.1514E-09  0.2860E-01  0.2315E+00  0.5439E+00  0.3930E+00  0.2992E+00  0.2067E+00  0.1486E+00  0.1387E+00  0.1538E+00  0.1634E+00  0.1667E+00  0.1687E+00  0.1694E+00  0.1689E+00  0.1690E+00  0.1712E+00  0.1744E+00  0.1766E+00  0.1773E+00  0.1784E+00  0.1797E+00  0.1785E+00  0.1720E+00  0.1359E+00  0.6350E-01
     25.0678      170.0000 -0.1080E-10  0.2860E-01  0.2315E+00  0.5440E+00  0.3930E+00  0.2992E+00  0.2067E+00  0.1486E+00  0.1387E+00  0.1538E+00  0.1634E+00  0.1667E+00  0.1687E+00  0.1694E+00  0.1689E+00  0.1690E+00  0.1712E+00  0.1744E+00  0.1766E+00  0.1773E+00  0.1784E+00  0.1797E+00  0.1785E+00  0.1720E+00  0.1359E+00  0.6350E-01
     25.2033      180.0000  0.1459E-09  0.2860E-01  0.2315E+00  0.5440E+00  0.3930E+00  0.2992E+00  0.2067E+00  0.1486E+00  0.1387E+00  0.1538E+00  0.1634E+00  0.1667E+00  0.1687E+00  0.1694E+00  0.1689E+00  0.1690E+00  0.1712E+00  0.1744E+00  0.1766E+00  0.1773E+00  0.1784E+00  0.1797E+00  0.1785E+00  0.1720E+00  0.1359E+00  0.6350E-01
     25.3388      190.0000  0.2980E-09  0.2860E-01  0.2315E+00  0.5440E+00  0.3930E+00  0.2992E+00  0.2067E+00  0.1485E+00  0.1387E+00  0.1538E+00  0.1634E+00  0.1667E+00  0.1687E+00  0.1694E+00  0.1689E+00  0.1690E+00  0.1712E+00  0.1744E+00  0.1766E+00  0.1773E+00  0.1784E+00  0.1797E+00  0.1785E+00  0.1720E+00  0.1359E+00  0.6350E-01
     25.4743      200.0000  0.4245E-09  0.2860E-01  0.2315E+00  0.5440E+00  0.3930E+00  0.2992E+00  0.2067E+00  0.1486E+00  0.1387E+00  0.1538E+00  0.1634E+00  0.1667E+00  0.1687E+00  0.1694E+00  0.1689E+00  0.1690E+00  0.1712E+00  0.1744E+00  0.1766E+00  0.1773E+00  0.1784E+00  0.1797E+00  0.1785E+00  0.1720E+00  0.1359E+00  0.6350E-01
     25.6098      210.0000  0.5097E-09  0.2860E-01  0.2315E+00  0.5440E+00  0.3930E+00  0.2992E+00  0.2067E+00  0.1485E+00  0.1387E+00  0.1538E+00  0.1634E+00  0.1667E+00  0.1687E+00  0.1694E+00  0.1689E+00  0.1690E+00  0.1712E+00  0.1744E+00  0.1766E+00  0.1773E+00  0.1784E+00  0.1797E+00  0.1785E+00  0.1720E+00  0.1359E+00  0.6350E-01
     25.7453      220.0000  0.5482E-09  0.2861E-01  0.2315E+00  0.5440E+00  0.3931E+00  0.2992E+00  0.2067E+00  0.1485E+00  0.1387E+00  0.1538E+00  0.1634E+00  0.1667E+00  0.1687E+00  0.1694E+00  0.1689E+00  0.1690E+00  0.1712E+00  0.1744E+00  0.1766E+00  0.1773E+00  0.1784E+00  0.1797E+00  0.1785E+00  0.1720E+00  0.1359E+00  0.6350E-01
     25.8808      230.0000  0.5439E-09  0.2861E-01  0.2315E+00  0.5440E+00  0.3931E+00  0.2992E+00  0.2067E+00  0.1485E+00  0.1387E+00  0.1538E+00  0.1634E+00  0.1667E+00  0.1687E+00  0.1694E+00  0.1689E+00  0.1690E+00  0.1712E+00  0.1744E+00  0.1766E+00  0.1773E+00  0.1784E+00  0.1797E+00  0.1785E+00  0.1720E+00  0.1359E+00  0.6350E-01
     26.0163      240.0000  0.5065E-09  0.2861E-01  0.2315E+00  0.5441E+00  0.3931E+00  0.2993E+00  0.2067E+00  0.1485E+00  0.1387E+00  0.1538E+00  0.1634E+00  0.1667E+00  0.1687E+00  0.1694E+00  0.1689E+00  0.1690E+00  0.1712E+00  0.1744E+00  0.1766E+00  0.1773E+00  0.1784E+00  0.1797E+00  0.1785E+00  0.1720E+00  0.1359E+00  0.6350E-01
     26.1518      250.0000  0.4478E-09  0.2861E-01  0.2315E+00  0.5441E+00  0.3931E+00  0.2993E+00  0.2067E+00  0.1485E+00  0.1387E+00  0.1538E+00  0.1634E+00  0.1667E+00  0.1687E+00  0.1694E+00  0.1689E+00  0.1690E+00  0.1712E+00  0.1744E+00  0.1766E+00  0.1773E+00  0.1784E+00  0.1797E+00  0.1785E+00  0.1720E+00  0.1359E+00  0.6350E-01
     26.2873      260.0000  0.3784E-09  0.2861E-01  0.2315E+00  0.5441E+00  0.3931E+00  0.2993E+00  0.2067E+00  0.1485E+00  0.1387E+00  0.1538E+00  0.1634E+00  0.1667E+00  0.1687E+00  0.1694E+00  0.1689E+00  0.1690E+00  0.1712E+00  0.1744E+00  0.1766E+00  0.1773E+00  0.1784E+00  0.1797E+00  0.1785E+00  0.1720E+00  0.1359E+00  0.6350E-01
     26.4228      270.0000  0.3061E-09  0.2861E-01  0.2315E+00  0.5441E+00  0.3931E+00  0.2993E+00  0.2067E+00  0.1485E+00  0.1387E+00  0.1538E+00  0.1634E+00  0.1667E+00  0.1687E+00  0.1694E+00  0.1689E+00  0.1690E+00  0.1712E+00  0.1744E+00  0.1766E+00  0.1773E+00  0.1784E+00  0.1797E+00  0.1785E+00  0.1720E+00  0.1359E+00  0.6350E-01
     26.5583      280.0000  0.2363E-09  0.2861E-01  0.2315E+00  0.5441E+00  0.3931E+00  0.2993E+00  0.2067E+00  0.1485E+00  0.1387E+00  0.1538E+00  0.1634E+00  0.1667E+00  0.1687E+00  0.1694E+00  0.1689E+00  0.1690E+00  0.1712E+00  0.1744E+00  0.1766E+00  0.1773E+00  0.1784E+00  0.1797E+00  0.1785E+00  0.1720E+00  0.1359E+00  0.6350E-01
     26.6938      290.0000  0.1719E-09  0.2861E-01  0.2315E+00  0.5441E+00  0.3931E+00  0.2993E+00  0.2067E+00  0.1485E+00  0.1387E+00  0.1538E+00  0.1634E+00  0.1667E+00  0.1687E+00  0.1694E+00  0.1689E+00  0.1690E+00  0.1712E+00  0.1744E+00  0.1766E+00  0.1773E+00  0.1784E+00  0.1797E+00  0.1785E+00  0.1720E+00  0.1359E+00  0.6350E-01
     26.8293      300.0000  0.1142E-09  0.2861E-01  0.2315E+00  0.5441E+00  0.3931E+00  0.2993E+00  0.2067E+00  0.1485E+00  0.1387E+00  0.1538E+00  0.1634E+00  0.1667E+00  0.1687E+00  0.1694E+00  0.1689E+00  0.1690E+00  0.1712E+00  0.1744E+00  0.1766E+00  0.1773E+00  0.1784E+00  0.1797E+00  0.1785E+00  0.1720E+00  0.1359E+00  0.6350E-01
     26.9648      310.0000  0.6338E-10  0.2861E-01  0.2315E+00  0.5442E+00  0.3932E+00  0.2993E+00  0.2067E+00  0.1485E+00  0.1387E+00  0.1538E+00  0.1634E+00  0.1667E+00  0.1687E+00  0.1694E+00  0.1689E+00  0.1690E+00  0.1712E+00  0.1744E+00  0.1766E+00  0.1773E+00  0.1784E+00  0.1797E+00  0.1785E+00  0.1720E+00  0.1359E+00  0.6350E-01
     27.1003      320.0000  0.1888E-10  0.2861E-01  0.2315E+00  0.5442E+00  0.3932E+00  0.2993E+00  0.2067E+00  0.1485E+00  0.1387E+00  0.1538E+00  0.1634E+00  0.1667E+00  0.1687E+00  0.1694E+00  0.1689E+00  0.1690E+00  0.1712E+00  0.1744E+00  0.1766E+00  0.1773E+00  0.1784E+00  0.1797E+00  0.1785E+00  0.1720E+00  0.1359E+00  0.6350E-01
     27.2358      330.0000 -0.2013E-10  0.2861E-01  0.2315E+00  0.5442E+00  0.3932E+00  0.2993E+00  0.2067E+00  0.1485E+00  0.1387E+00  0.1538E+00  0.1634E+00  0.1667E+00  0.1687E+00  0.1694E+00  0.1689E+00  0.1690E+00  0.1712E+00  0.1744E+00  0.1766E+00  0.1773E+00  0.1784E+00  0.1797E+00  0.1785E+00  0.1720E+00  0.1359E+00  0.6350E-01
     27.3713      340.0000 -0.5460E-10  0.2861E-01  0.2315E+00  0.5442E+00  0.3932E+00  0.2994E+00  0.2068E+00  0.1485E+00  0.1387E+00  0.1538E+00  0.1634E+00  0.1667E+00  0.1687E+00  0.1694E+00  0.1689E+00  0.1690E+00  0.1712E+00  0.1744E+00  0.1766E+00  0.1773E+00  0.1784E+00  0.1797E+00  0.1785E+00  0.1720E+00  0.1359E+00  0.6350E-01
     27.5068      350.0000 -0.8543E-10  0.2861E-01  0.2315E+00  0.5442E+00  0.3932E+00  0.2994E+00  0.2068E+00  0.1485E+00  0.1387E+00  0.1538E+00  0.1634E+00  0.1667E+00  0.1687E+00  0.1694E+00  0.1689E+00  0.1690E+00  0.1712E+00  0.1744E+00  0.1766E+00  0.1773E+00  0.1784E+00  0.1797E+00  0.1785E+00  0.1720E+00  0.1359E+00  0.6350E-01
     27.6423      360.0000 -0.1135E-09  0.2861E-01  0.2315E+00  0.5442E+00  0.3932E+00  0.2994E+00  0.2068E+00  0.1485E+00  0.1387E+00  0.1538E+00  0.1634E+00  0.1667E+00  0.1687E+00  0.1694E+00  0.1689E+00  0.1690E+00  0.1712E+00  0.1744E+00  0.1766E+00  0.1773E+00  0.1784E+00  0.1797E+00  0.1785E+00  0.1720E+00  0.1359E+00  0.6350E-01
     27.7778       10.0000 -0.1395E-09  0.2861E-01  0.2315E+00  0.5442E+00  0.3932E+00  0.2994E+00  0.2068E+00  0.1485E+00  0.1387E+00  0.1538E+00  0.1634E+00  0.1667E+00  0.1687E+00  0.1694E+00  0.1689E+00  0.1690E+00  0.1712E+00  0.1744E+00  0.1766E+00  0.1773E+00  0.1784E+00  0.1797E+00  0.1785E+00  0.1720E+00  0.1359E+00  0.6350E-01
     27.9133       20.0000 -0.1642E-09  0.2861E-01  0.2315E+00  0.5442E+00  0.3932E+00  0.2994E+00  0.2068E+00  0.1485E+00  0.1387E+00  0.1538E+00  0.1634E+00  0.1667E+00  0.1687E+00  0.1694E+00  0.1689E+00  0.1690E+00  0.1712E+00  0.1744E+00  0.1766E+00  0.1773E+00  0.1784E+00  0.1797E+00  0.1785E+00  0.1720E+00  0.1359E+00  0.6350E-01
     28.0488       30.0000 -0.1883E-09  0.2861E-01  0.2315E+00  0.5442E+00  0.3932E+00  0.2994E+00  0.2068E+00  0.1485E+00  0.1387E+00  0.1538E+00  0.1634E+00  0.1667E+00  0.1687E+00  0.1694E+00  0.1689E+00  0.1690E+00  0.1712E+00  0.1744E+00  0.1766E+00  0.1773E+00  0.1784E+00  0.1797E+00  0.1785E+00  0.1720E+00  0.1359E+00  0.6350E-01
     28.1843       40.0000 -0.2124E-09  0.2861E-01  0.2315E+00  0.5443E+00  0.3932E+00  0.2994E+00  0.2068E+00  0.1485E+00  0.1387E+00  0.1538E+00  0.1634E+00  0.1667E+00  0.1687E+00  0.1694E+00  0.1689E+00  0.1690E+00  0.1712E+00  0.1744E+00  0.1766E+00  0.1773E+00  0.1784E+00  0.1797E+00  0.1785E+00  0.1720E+00  0.1359E+00  0.6350E-01
     28.3198       50.0000 -0.2370E-09  0.2861E-01  0.2315E+00  0.5443E+00  0.3932E+00  0.2994E+00  0.2068E+00  0.1485E+00  0.1387E+00  0.1538E+00  0.1634E+00  0.1667E+00  0.1687E+00  0.1694E+00  0.1689E+00  0.1690E+00  0.1712E+00  0.1744E+00  0.1766E+00  0.1773E+00  0.1784E+00  0.1797E+00  0.1785E+00  0.1720E+00  0.1359E+00  0.6350E-01
     28.4553       60.0000 -0.2626E-09  0.2861E-01  0.2315E+00  0.5443E+00  0.3933E+00  0.2994E+00  0.2068E+00  0.1485E+00  0.1387E+00  0.1538E+00  0.1634E+00  0.1667E+00  0.1687E+00  0.1694E+00  0.1689E+00  0.1690E+00  0.1712E+00  0.1744E+00  0.1766E+00  0.1773E+00  0.1784E+00  0.1797E+00  0.1785E+00  0.1720E+00  0.1359E+00  0.6350E-01
     28.5908       70.0000 -0.2894E-09  0.2861E-01  0.2315E+00  0.5443E+00  0.3933E+00  0.2994E+00  0.2068E+00  0.1485E+00  0.1387E+00  0.1538E+00  0.1634E+00  0.1667E+00  0.1687E+00  0.1694E+00  0.1689E+00  0.1690E+00  0.1712E+00  0.1744E+00  0.1766E+00  0.1773E+00  0.1784E+00  0.1797E+00  0.1785E+00  0.1720E+00  0.1359E+00  0.6350E-01
     28.7263       80.0000 -0.3169E-09  0.2861E-01  0.2315E+00  0.5443E+00  0.3933E+00  0.2994E+00  0.2068E+00  0.1485E+00  0.1387E+00  0.1538E+00  0.1634E+00  0.1667E+00  0.1687E+00  0.1694E+00  0.1689E+00  0.1690E+00  0.1712E+00  0.1744E+00  0.1766E+00  0.1773E+00  0.1784E+00  0.1797E+00  0.1785E+00  0.1720E+00  0.1359E+00  0.6350E-01
     28.8618       90.0000 -0.3441E-09  0.2861E-01  0.2315E+00  0.5443E+00  0.3933E+00  0.2994E+00  0.2068E+00  0.1485E+00  0.1387E+00  0.1538E+00  0.1634E+00  0.1667E+00  0.1687E+00  0.1694E+00  0.1689E+00  0.1690E+00  0.1712E+00  0.1744E+00  0.1766E+00  0.1773E+00  0.1784E+00  0.1797E+00  0.1785E+00  0.1720E+00  0.1359E+00  0.6350E-01
     28.9973      100.0000 -0.3686E-09  0.2861E-01  0.2315E+00  0.5443E+00  0.3933E+00  0.2995E+00  0.2068E+00  0.1485E+00  0.1387E+00  0.1538E+00  0.1634E+00  0.1667E+00  0.1687E+00  0.1694E+00  0.1689E+00  0.1690E+00  0.1712E+00  0.1744E+00  0.1766E+00  0.1773E+00  0.1784E+00  0.1797E+00  0.1785E+00  0.1720E+00  0.1359E+00  0.6350E-01
     29.1328      110.0000 -0.3864E-09  0.2861E-01  0.2315E+00  0.5443E+00  0.3933E+00  0.2995E+00  0.2068E+00  0.1485E+00  0.1387E+00  0.1538E+00  0.1634E+00  0.1667E+00  0.1687E+00  0.1694E+00  0.1689E+00  0.1690E+00  0.1712E+00  0.1744E+00  0.1766E+00  0.1773E+00  0.1784E+00  0.1797E+00  0.1785E+00  0.1720E+00  0.1359E+00  0.6350E-01
     29.2683      120.0000 -0.3919E-09  0.2861E-01  0.2315E+00  0.5443E+00  0.3933E+00  0.2995E+00  0.2068E+00  0.1485E+00  0.1387E+00  0.1538E+00  0.1634E+00  0.1667E+00  0.1687E+00  0.1694E+00  0.1689E+00  0.1690E+00  0.1712E+00  0.1744E+00  0.1766E+00  0.1773E+00  0.1784E+00  0.1797E+00  0.1785E+00  0.1720E+00  0.1359E+00  0.6350E-01
     29.4038      130.0000 -0.3779E-09  0.2861E-01  0.2315E+00  0.5443E+00  0.3933E+00  0.2995E+00  0.2068E+00  0.1485E+00  0.1387E+00  0.1538E+00  0.1634E+00  0.1667E+00  0.1687E+00  0.1694E+00  0.1689E+00  0.1690E+00  0.1712E+00  0.1744E+00  0.1766E+00  0.1773E+00  0.1784E+00  0.1797E+00  0.1785E+00  0.1720E+00  0.1359E+00  0.6350E-01
     29.5393      140.0000 -0.3367E-09  0.2861E-01  0.2315E+00  0.5443E+00  0.3933E+00  0.2995E+00  0.2068E+00  0.1485E+00  0.1387E+00  0.1538E+00  0.1634E+00  0.1667E+00  0.1687E+00  0.1694E+00  0.1689E+00  0.1690E+00  0.1712E+00  0.1744E+00  0.1766E+00  0.1773E+00  0.1784E+00  0.1797E+00  0.1785E+00  0.1720E+00  0.1359E+00  0.6350E-01
     29.6748      150.0000 -0.2619E-09  0.2861E-01  0.2315E+00  0.5444E+00  0.3933E+00  0.2995E+00  0.2068E+00  0.1485E+00  0.1387E+00  0.1538E+00  0.1634E+00  0.1667E+00  0.1687E+00  0.1694E+00  0.1689E+00  0.1690E+00  0.1712E+00  0.1744E+00  0.1766E+00  0.1773E+00  0.1784E+00  0.1797E+00  0.1785E+00  0.1720E+00  0.1359E+00  0.6350E-01
     29.8103      160.0000 -0.1514E-09  0.2861E-01  0.2315E+00  0.5444E+00  0.3933E+00  0.2995E+00  0.2068E+00  0.1485E+00  0.1387E+00  0.1538E+00  0.1634E+00  0.1667E+00  0.1687E+00  0.1694E+00  0.1689E+00  0.1690E+00  0.1712E+00  0.1744E+00  0.1766E+00  0.1773E+00  0.1784E+00  0.1797E+00  0.1785E+00  0.1720E+00  0.1359E+00  0.6350E-01
     29.9458      170.0000 -0.1080E-10  0.2861E-01  0.2316E+00  0.5444E+00  0.3933E+00  0.2995E+00  0.2068E+00  0.1485E+00  0.1387E+00  0.1538E+00  0.1634E+00  0.1667E+00  0.1687E+00  0.1694E+00  0.1689E+00  0.1690E+00  0.1712E+00  0.1744E+00  0.1766E+00  0.1773E+00  0.1784E+00  0.1797E+00  0.1785E+00  0.1720E+00  0.1359E+00  0.6350E-01
