Time history of radial distribution for BEM variable: velIndx[m/s] for blade 3
                          rCurvi[m] (curvilinear radial distance)
                                0.7893      2.3680      3.9467      5.5254      7.1040      8.6827     10.2614     11.8401     13.4188     14.9974     16.5761     18.1548     19.7335     21.3121     22.8908     24.4695     26.0482     27.6268     29.2055     30.7842     32.3629     33.9416     35.5202     37.0989     38.2829     39.0723
                          zB[m] (radial coordinate along blade axis)
     time[s]  azimuth[deg]      0.1833      1.7549      3.3294      4.9066      6.4848      8.0632      9.6423     11.2252     12.8089     14.3906     15.9682     17.5466     19.1253     20.7040     22.2825     23.8605     25.4378     27.0144     28.5901     30.1649     31.7388     33.3118     34.8842     36.4562     37.6335     38.4193
      0.0000      120.0000  0.0000E+00 -0.2211E-01 -0.3075E+00 -0.1367E+01 -0.1370E+01 -0.1572E+01 -0.1747E+01 -0.1847E+01 -0.1957E+01 -0.2135E+01 -0.2272E+01 -0.2340E+01 -0.2373E+01 -0.2387E+01 -0.2395E+01 -0.2406E+01 -0.2414E+01 -0.2422E+01 -0.2427E+01 -0.2415E+01 -0.2399E+01 -0.2388E+01 -0.2337E+01 -0.2216E+01 -0.1794E+01 -0.1320E+01
      0.1355      130.0000  0.0000E+00 -0.2211E-01 -0.3075E+00 -0.1367E+01 -0.1351E+01 -0.1558E+01 -0.1737E+01 -0.1840E+01 -0.1953E+01 -0.2133E+01 -0.2270E+01 -0.2339E+01 -0.2373E+01 -0.2387E+01 -0.2395E+01 -0.2405E+01 -0.2414E+01 -0.2422E+01 -0.2427E+01 -0.2415E+01 -0.2399E+01 -0.2388E+01 -0.2337E+01 -0.2216E+01 -0.1794E+01 -0.1320E+01
      0.2710      140.0000  0.0000E+00 -0.2211E-01 -0.3075E+00 -0.1367E+01 -0.1351E+01 -0.1558E+01 -0.1737E+01 -0.1840E+01 -0.1953E+01 -0.2133E+01 -0.2270E+01 -0.2339E+01 -0.2373E+01 -0.2387E+01 -0.2395E+01 -0.2405E+01 -0.2414E+01 -0.2422E+01 -0.2427E+01 -0.2415E+01 -0.2399E+01 -0.2388E+01 -0.2337E+01 -0.2216E+01 -0.1794E+01 -0.1320E+01
      0.4065      150.0000 -0.3665E-11 -0.3342E-01 -0.3498E+00 -0.1409E+01 -0.1407E+01 -0.1595E+01 -0.1750E+01 -0.1842E+01 -0.1952E+01 -0.2132E+01 -0.2270E+01 -0.2338E+01 -0.2372E+01 -0.2387E+01 -0.2394E+01 -0.2405E+01 -0.2414E+01 -0.2422E+01 -0.2427E+01 -0.2415E+01 -0.2399E+01 -0.2388E+01 -0.2338E+01 -0.2216E+01 -0.1793E+01 -0.1315E+01
      0.5420      160.0000 -0.1677E-10 -0.3753E-01 -0.3614E+00 -0.1423E+01 -0.1412E+01 -0.1597E+01 -0.1748E+01 -0.1840E+01 -0.1950E+01 -0.2131E+01 -0.2269E+01 -0.2338E+01 -0.2372E+01 -0.2386E+01 -0.2394E+01 -0.2405E+01 -0.2414E+01 -0.2422E+01 -0.2426E+01 -0.2415E+01 -0.2399E+01 -0.2388E+01 -0.2338E+01 -0.2216E+01 -0.1793E+01 -0.1316E+01
      0.6775      170.0000 -0.3980E-10 -0.3942E-01 -0.3663E+00 -0.1431E+01 -0.1417E+01 -0.1600E+01 -0.1749E+01 -0.1840E+01 -0.1950E+01 -0.2131E+01 -0.2269E+01 -0.2338E+01 -0.2371E+01 -0.2386E+01 -0.2394E+01 -0.2405E+01 -0.2414E+01 -0.2422E+01 -0.2426E+01 -0.2415E+01 -0.2399E+01 -0.2388E+01 -0.2337E+01 -0.2216E+01 -0.1793E+01 -0.1318E+01
      0.8130      180.0000 -0.7015E-10 -0.4066E-01 -0.3694E+00 -0.1437E+01 -0.1421E+01 -0.1603E+01 -0.1749E+01 -0.1840E+01 -0.1950E+01 -0.2131E+01 -0.2269E+01 -0.2338E+01 -0.2371E+01 -0.2386E+01 -0.2394E+01 -0.2405E+01 -0.2414E+01 -0.2422E+01 -0.2426E+01 -0.2415E+01 -0.2399E+01 -0.2388E+01 -0.2337E+01 -0.2216E+01 -0.1793E+01 -0.1319E+01
      0.9485      190.0000 -0.1037E-09 -0.4162E-01 -0.3715E+00 -0.1442E+01 -0.1424E+01 -0.1605E+01 -0.1750E+01 -0.1840E+01 -0.1950E+01 -0.2131E+01 -0.2269E+01 -0.2338E+01 -0.2372E+01 -0.2386E+01 -0.2394E+01 -0.2405E+01 -0.2414E+01 -0.2422E+01 -0.2426E+01 -0.2415E+01 -0.2399E+01 -0.2388E+01 -0.2337E+01 -0.2216E+01 -0.1793E+01 -0.1320E+01
      1.0840      200.0000 -0.1359E-09 -0.4238E-01 -0.3727E+00 -0.1445E+01 -0.1425E+01 -0.1606E+01 -0.1750E+01 -0.1840E+01 -0.1951E+01 -0.2131E+01 -0.2269E+01 -0.2338E+01 -0.2372E+01 -0.2386E+01 -0.2394E+01 -0.2405E+01 -0.2414E+01 -0.2422E+01 -0.2426E+01 -0.2415E+01 -0.2399E+01 -0.2388E+01 -0.2337E+01 -0.2216E+01 -0.1793E+01 -0.1320E+01
      1.2195      210.0000 -0.1628E-09 -0.4294E-01 -0.3732E+00 -0.1447E+01 -0.1425E+01 -0.1606E+01 -0.1749E+01 -0.1841E+01 -0.1951E+01 -0.2131E+01 -0.2269E+01 -0.2338E+01 -0.2372E+01 -0.2386E+01 -0.2394E+01 -0.2405E+01 -0.2414E+01 -0.2422E+01 -0.2426E+01 -0.2415E+01 -0.2399E+01 -0.2388E+01 -0.2337E+01 -0.2216E+01 -0.1793E+01 -0.1320E+01
      1.3550      220.0000 -0.1815E-09 -0.4333E-01 -0.3732E+00 -0.1448E+01 -0.1425E+01 -0.1606E+01 -0.1749E+01 -0.1841E+01 -0.1951E+01 -0.2131E+01 -0.2269E+01 -0.2338E+01 -0.2372E+01 -0.2387E+01 -0.2394E+01 -0.2405E+01 -0.2414E+01 -0.2422E+01 -0.2426E+01 -0.2415E+01 -0.2399E+01 -0.2388E+01 -0.2337E+01 -0.2216E+01 -0.1793E+01 -0.1320E+01
      1.4905      230.0000 -0.1911E-09 -0.4357E-01 -0.3727E+00 -0.1449E+01 -0.1424E+01 -0.1605E+01 -0.1749E+01 -0.1841E+01 -0.1952E+01 -0.2132E+01 -0.2269E+01 -0.2338E+01 -0.2372E+01 -0.2387E+01 -0.2394E+01 -0.2405E+01 -0.2414E+01 -0.2422E+01 -0.2426E+01 -0.2415E+01 -0.2399E+01 -0.2388E+01 -0.2337E+01 -0.2216E+01 -0.1793E+01 -0.1320E+01
      1.6260      240.0000 -0.1919E-09 -0.4366E-01 -0.3718E+00 -0.1448E+01 -0.1422E+01 -0.1604E+01 -0.1749E+01 -0.1841E+01 -0.1952E+01 -0.2132E+01 -0.2269E+01 -0.2338E+01 -0.2372E+01 -0.2387E+01 -0.2394E+01 -0.2405E+01 -0.2414E+01 -0.2422E+01 -0.2426E+01 -0.2415E+01 -0.2399E+01 -0.2388E+01 -0.2337E+01 -0.2216E+01 -0.1793E+01 -0.1320E+01
      1.7615      250.0000 -0.1852E-09 -0.4364E-01 -0.3707E+00 -0.1448E+01 -0.1420E+01 -0.1604E+01 -0.1748E+01 -0.1841E+01 -0.1952E+01 -0.2132E+01 -0.2270E+01 -0.2338E+01 -0.2372E+01 -0.2387E+01 -0.2394E+01 -0.2405E+01 -0.2414E+01 -0.2422E+01 -0.2426E+01 -0.2415E+01 -0.2399E+01 -0.2388E+01 -0.2337E+01 -0.2216E+01 -0.1794E+01 -0.1320E+01
      1.8970      260.0000 -0.1721E-09 -0.4353E-01 -0.3694E+00 -0.1446E+01 -0.1418E+01 -0.1603E+01 -0.1748E+01 -0.1841E+01 -0.1952E+01 -0.2132E+01 -0.2270E+01 -0.2338E+01 -0.2372E+01 -0.2387E+01 -0.2394E+01 -0.2405E+01 -0.2414E+01 -0.2422E+01 -0.2426E+01 -0.2415E+01 -0.2399E+01 -0.2388E+01 -0.2337E+01 -0.2216E+01 -0.1794E+01 -0.1320E+01
      2.0325      270.0000 -0.1539E-09 -0.4334E-01 -0.3681E+00 -0.1445E+01 -0.1417E+01 -0.1602E+01 -0.1748E+01 -0.1841E+01 -0.1952E+01 -0.2132E+01 -0.2270E+01 -0.2338E+01 -0.2372E+01 -0.2387E+01 -0.2394E+01 -0.2405E+01 -0.2414E+01 -0.2422E+01 -0.2426E+01 -0.2415E+01 -0.2399E+01 -0.2388E+01 -0.2337E+01 -0.2216E+01 -0.1794E+01 -0.1320E+01
      2.1680      280.0000 -0.1319E-09 -0.4308E-01 -0.3666E+00 -0.1443E+01 -0.1415E+01 -0.1600E+01 -0.1747E+01 -0.1842E+01 -0.1952E+01 -0.2132E+01 -0.2270E+01 -0.2338E+01 -0.2372E+01 -0.2387E+01 -0.2394E+01 -0.2405E+01 -0.2414E+01 -0.2422E+01 -0.2426E+01 -0.2415E+01 -0.2399E+01 -0.2388E+01 -0.2337E+01 -0.2216E+01 -0.1794E+01 -0.1320E+01
      2.3035      290.0000 -0.1072E-09 -0.4278E-01 -0.3652E+00 -0.1442E+01 -0.1413E+01 -0.1599E+01 -0.1747E+01 -0.1842E+01 -0.1952E+01 -0.2132E+01 -0.2270E+01 -0.2338E+01 -0.2372E+01 -0.2387E+01 -0.2394E+01 -0.2405E+01 -0.2414E+01 -0.2422E+01 -0.2426E+01 -0.2415E+01 -0.2399E+01 -0.2388E+01 -0.2337E+01 -0.2216E+01 -0.1794E+01 -0.1320E+01
      2.4390      300.0000 -0.8127E-10 -0.4244E-01 -0.3638E+00 -0.1440E+01 -0.1411E+01 -0.1599E+01 -0.1747E+01 -0.1842E+01 -0.1953E+01 -0.2132E+01 -0.2270E+01 -0.2338E+01 -0.2372E+01 -0.2387E+01 -0.2394E+01 -0.2405E+01 -0.2414E+01 -0.2422E+01 -0.2426E+01 -0.2415E+01 -0.2399E+01 -0.2388E+01 -0.2337E+01 -0.2216E+01 -0.1794E+01 -0.1320E+01
      2.5745      310.0000 -0.5596E-10 -0.4207E-01 -0.3625E+00 -0.1438E+01 -0.1409E+01 -0.1598E+01 -0.1747E+01 -0.1842E+01 -0.1953E+01 -0.2132E+01 -0.2270E+01 -0.2338E+01 -0.2372E+01 -0.2387E+01 -0.2394E+01 -0.2405E+01 -0.2414E+01 -0.2422E+01 -0.2426E+01 -0.2415E+01 -0.2399E+01 -0.2388E+01 -0.2337E+01 -0.2216E+01 -0.1794E+01 -0.1320E+01
      2.7100      320.0000 -0.3306E-10 -0.4168E-01 -0.3611E+00 -0.1436E+01 -0.1408E+01 -0.1597E+01 -0.1747E+01 -0.1842E+01 -0.1953E+01 -0.2132E+01 -0.2270E+01 -0.2338E+01 -0.2372E+01 -0.2387E+01 -0.2394E+01 -0.2405E+01 -0.2414E+01 -0.2422E+01 -0.2426E+01 -0.2415E+01 -0.2399E+01 -0.2388E+01 -0.2337E+01 -0.2216E+01 -0.1794E+01 -0.1320E+01
      2.8455      330.0000 -0.1408E-10 -0.4128E-01 -0.3599E+00 -0.1434E+01 -0.1407E+01 -0.1596E+01 -0.1747E+01 -0.1842E+01 -0.1953E+01 -0.2132E+01 -0.2270E+01 -0.2338E+01 -0.2372E+01 -0.2387E+01 -0.2394E+01 -0.2405E+01 -0.2414E+01 -0.2422E+01 -0.2426E+01 -0.2415E+01 -0.2399E+01 -0.2388E+01 -0.2337E+01 -0.2216E+01 -0.1794E+01 -0.1320E+01
      2.9810      340.0000  0.2254E-12 -0.4087E-01 -0.3587E+00 -0.1433E+01 -0.1405E+01 -0.1595E+01 -0.1747E+01 -0.1842E+01 -0.1953E+01 -0.2132E+01 -0.2270E+01 -0.2338E+01 -0.2372E+01 -0.2387E+01 -0.2394E+01 -0.2405E+01 -0.2414E+01 -0.2422E+01 -0.2426E+01 -0.2415E+01 -0.2399E+01 -0.2388E+01 -0.2337E+01 -0.2216E+01 -0.1794E+01 -0.1320E+01
      3.1165      350.0000  0.1003E-10 -0.4047E-01 -0.3576E+00 -0.1431E+01 -0.1404E+01 -0.1595E+01 -0.1746E+01 -0.1842E+01 -0.1953E+01 -0.2132E+01 -0.2270E+01 -0.2339E+01 -0.2372E+01 -0.2387E+01 -0.2394E+01 -0.2405E+01 -0.2414E+01 -0.2422E+01 -0.2426E+01 -0.2415E+01 -0.2399E+01 -0.2388E+01 -0.2337E+01 -0.2216E+01 -0.1794E+01 -0.1320E+01
      3.2520      360.0000  0.1625E-10 -0.4006E-01 -0.3565E+00 -0.1429E+01 -0.1403E+01 -0.1594E+01 -0.1746E+01 -0.1842E+01 -0.1953E+01 -0.2132E+01 -0.2270E+01 -0.2339E+01 -0.2372E+01 -0.2387E+01 -0.2394E+01 -0.2405E+01 -0.2414E+01 -0.2422E+01 -0.2426E+01 -0.2415E+01 -0.2399E+01 -0.2388E+01 -0.2337E+01 -0.2216E+01 -0.1794E+01 -0.1320E+01
      3.3875       10.0000  0.2045E-10 -0.3966E-01 -0.3555E+00 -0.1428E+01 -0.1402E+01 -0.1594E+01 -0.1746E+01 -0.1842E+01 -0.1953E+01 -0.2132E+01 -0.2270E+01 -0.2339E+01 -0.2372E+01 -0.2387E+01 -0.2394E+01 -0.2405E+01 -0.2414E+01 -0.2422E+01 -0.2426E+01 -0.2415E+01 -0.2399E+01 -0.2388E+01 -0.2337E+01 -0.2216E+01 -0.1794E+01 -0.1320E+01
      3.5230       20.0000  0.2435E-10 -0.3927E-01 -0.3545E+00 -0.1426E+01 -0.1401E+01 -0.1593E+01 -0.1746E+01 -0.1842E+01 -0.1953E+01 -0.2132E+01 -0.2270E+01 -0.2339E+01 -0.2372E+01 -0.2387E+01 -0.2394E+01 -0.2405E+01 -0.2414E+01 -0.2422E+01 -0.2426E+01 -0.2415E+01 -0.2399E+01 -0.2388E+01 -0.2337E+01 -0.2216E+01 -0.1794E+01 -0.1320E+01
      3.6585       30.0000  0.2961E-10 -0.3889E-01 -0.3536E+00 -0.1425E+01 -0.1400E+01 -0.1593E+01 -0.1746E+01 -0.1842E+01 -0.1953E+01 -0.2133E+01 -0.2270E+01 -0.2339E+01 -0.2372E+01 -0.2387E+01 -0.2394E+01 -0.2405E+01 -0.2414E+01 -0.2422E+01 -0.2426E+01 -0.2415E+01 -0.2399E+01 -0.2388E+01 -0.2337E+01 -0.2216E+01 -0.1794E+01 -0.1320E+01
      3.7940       40.0000  0.3738E-10 -0.3852E-01 -0.3528E+00 -0.1424E+01 -0.1399E+01 -0.1592E+01 -0.1746E+01 -0.1842E+01 -0.1953E+01 -0.2133E+01 -0.2270E+01 -0.2339E+01 -0.2372E+01 -0.2387E+01 -0.2394E+01 -0.2405E+01 -0.2414E+01 -0.2422E+01 -0.2426E+01 -0.2415E+01 -0.2399E+01 -0.2388E+01 -0.2337E+01 -0.2216E+01 -0.1794E+01 -0.1320E+01
      3.9295       50.0000  0.4816E-10 -0.3815E-01 -0.3519E+00 -0.1423E+01 -0.1399E+01 -0.1592E+01 -0.1746E+01 -0.1842E+01 -0.1953E+01 -0.2133E+01 -0.2270E+01 -0.2339E+01 -0.2372E+01 -0.2387E+01 -0.2394E+01 -0.2405E+01 -0.2414E+01 -0.2422E+01 -0.2426E+01 -0.2415E+01 -0.2399E+01 -0.2388E+01 -0.2337E+01 -0.2216E+01 -0.1794E+01 -0.1320E+01
      4.0650       60.0000  0.6159E-10 -0.3780E-01 -0.3512E+00 -0.1422E+01 -0.1398E+01 -0.1591E+01 -0.1746E+01 -0.1842E+01 -0.1953E+01 -0.2133E+01 -0.2270E+01 -0.2339E+01 -0.2372E+01 -0.2387E+01 -0.2394E+01 -0.2405E+01 -0.2414E+01 -0.2422E+01 -0.2426E+01 -0.2415E+01 -0.2399E+01 -0.2388E+01 -0.2337E+01 -0.2216E+01 -0.1794E+01 -0.1320E+01
      4.2005       70.0000  0.7649E-10 -0.3747E-01 -0.3504E+00 -0.1420E+01 -0.1397E+01 -0.1591E+01 -0.1746E+01 -0.1842E+01 -0.1953E+01 -0.2133E+01 -0.2270E+01 -0.2339E+01 -0.2372E+01 -0.2387E+01 -0.2394E+01 -0.2405E+01 -0.2414E+01 -0.2422E+01 -0.2426E+01 -0.2415E+01 -0.2399E+01 -0.2388E+01 -0.2337E+01 -0.2216E+01 -0.1794E+01 -0.1320E+01
      4.3360       80.0000  0.9114E-10 -0.3714E-01 -0.3497E+00 -0.1419E+01 -0.1396E+01 -0.1590E+01 -0.1746E+01 -0.1842E+01 -0.1953E+01 -0.2133E+01 -0.2270E+01 -0.2339E+01 -0.2372E+01 -0.2387E+01 -0.2394E+01 -0.2405E+01 -0.2414E+01 -0.2422E+01 -0.2426E+01 -0.2415E+01 -0.2399E+01 -0.2388E+01 -0.2337E+01 -0.2216E+01 -0.1794E+01 -0.1320E+01
      4.4715       90.0000  0.1038E-09 -0.3682E-01 -0.3490E+00 -0.1418E+01 -0.1396E+01 -0.1590E+01 -0.1746E+01 -0.1842E+01 -0.1953E+01 -0.2133E+01 -0.2270E+01 -0.2339E+01 -0.2372E+01 -0.2387E+01 -0.2394E+01 -0.2405E+01 -0.2414E+01 -0.2422E+01 -0.2426E+01 -0.2415E+01 -0.2399E+01 -0.2388E+01 -0.2337E+01 -0.2216E+01 -0.1794E+01 -0.1320E+01
      4.6070      100.0000  0.1130E-09 -0.3652E-01 -0.3483E+00 -0.1418E+01 -0.1395E+01 -0.1590E+01 -0.1745E+01 -0.1842E+01 -0.1953E+01 -0.2133E+01 -0.2270E+01 -0.2339E+01 -0.2372E+01 -0.2387E+01 -0.2394E+01 -0.2405E+01 -0.2414E+01 -0.2422E+01 -0.2426E+01 -0.2415E+01 -0.2399E+01 -0.2388E+01 -0.2337E+01 -0.2216E+01 -0.1794E+01 -0.1320E+01
      4.7425      110.0000  0.1179E-09 -0.3622E-01 -0.3476E+00 -0.1417E+01 -0.1394E+01 -0.1589E+01 -0.1745E+01 -0.1842E+01 -0.1953E+01 -0.2133E+01 -0.2270E+01 -0.2339E+01 -0.2372E+01 -0.2387E+01 -0.2394E+01 -0.2405E+01 -0.2414E+01 -0.2422E+01 -0.2426E+01 -0.2415E+01 -0.2399E+01 -0.2388E+01 -0.2337E+01 -0.2216E+01 -0.1794E+01 -0.1320E+01
      4.8780      120.0000  0.1177E-09 -0.3594E-01 -0.3469E+00 -0.1416E+01 -0.1394E+01 -0.1589E+01 -0.1745E+01 -0.1842E+01 -0.1953E+01 -0.2133E+01 -0.2270E+01 -0.2339E+01 -0.2372E+01 -0.2387E+01 -0.2394E+01 -0.2405E+01 -0.2414E+01 -0.2422E+01 -0.2426E+01 -0.2415E+01 -0.2399E+01 -0.2388E+01 -0.2337E+01 -0.2216E+01 -0.1794E+01 -0.1320E+01
      5.0136      130.0000  0.1121E-09 -0.3566E-01 -0.3463E+00 -0.1415E+01 -0.1393E+01 -0.1588E+01 -0.1745E+01 -0.1842E+01 -0.1953E+01 -0.2133E+01 -0.2270E+01 -0.2339E+01 -0.2372E+01 -0.2387E+01 -0.2394E+01 -0.2405E+01 -0.2414E+01 -0.2422E+01 -0.2426E+01 -0.2415E+01 -0.2399E+01 -0.2388E+01 -0.2337E+01 -0.2216E+01 -0.1794E+01 -0.1320E+01
      5.1491      140.0000  0.1001E-09 -0.3539E-01 -0.3457E+00 -0.1414E+01 -0.1392E+01 -0.1588E+01 -0.1745E+01 -0.1842E+01 -0.1953E+01 -0.2133E+01 -0.2270E+01 -0.2339E+01 -0.2372E+01 -0.2387E+01 -0.2394E+01 -0.2405E+01 -0.2414E+01 -0.2422E+01 -0.2426E+01 -0.2415E+01 -0.2399E+01 -0.2388E+01 -0.2337E+01 -0.2216E+01 -0.1794E+01 -0.1320E+01
      5.2846      150.0000  0.8122E-10 -0.3513E-01 -0.3450E+00 -0.1413E+01 -0.1392E+01 -0.1588E+01 -0.1745E+01 -0.1843E+01 -0.1953E+01 -0.2133E+01 -0.2270E+01 -0.2339E+01 -0.2372E+01 -0.2387E+01 -0.2394E+01 -0.2405E+01 -0.2414E+01 -0.2422E+01 -0.2427E+01 -0.2415E+01 -0.2399E+01 -0.2388E+01 -0.2337E+01 -0.2216E+01 -0.1794E+01 -0.1320E+01
      5.4201      160.0000  0.5515E-10 -0.3488E-01 -0.3444E+00 -0.1412E+01 -0.1391E+01 -0.1587E+01 -0.1745E+01 -0.1843E+01 -0.1954E+01 -0.2133E+01 -0.2270E+01 -0.2339E+01 -0.2372E+01 -0.2387E+01 -0.2394E+01 -0.2405E+01 -0.2414E+01 -0.2422E+01 -0.2427E+01 -0.2415E+01 -0.2399E+01 -0.2388E+01 -0.2337E+01 -0.2216E+01 -0.1794E+01 -0.1320E+01
      5.5556      170.0000  0.2242E-10 -0.3463E-01 -0.3438E+00 -0.1412E+01 -0.1390E+01 -0.1587E+01 -0.1745E+01 -0.1843E+01 -0.1954E+01 -0.2133E+01 -0.2270E+01 -0.2339E+01 -0.2372E+01 -0.2387E+01 -0.2394E+01 -0.2405E+01 -0.2414E+01 -0.2422E+01 -0.2427E+01 -0.2415E+01 -0.2399E+01 -0.2388E+01 -0.2337E+01 -0.2216E+01 -0.1794E+01 -0.1320E+01
      5.6911      180.0000 -0.1507E-10 -0.3439E-01 -0.3432E+00 -0.1411E+01 -0.1390E+01 -0.1587E+01 -0.1745E+01 -0.1843E+01 -0.1954E+01 -0.2133E+01 -0.2270E+01 -0.2339E+01 -0.2372E+01 -0.2387E+01 -0.2394E+01 -0.2405E+01 -0.2414E+01 -0.2422E+01 -0.2427E+01 -0.2415E+01 -0.2399E+01 -0.2388E+01 -0.2337E+01 -0.2216E+01 -0.1794E+01 -0.1320E+01
      5.8266      190.0000 -0.5410E-10 -0.3416E-01 -0.3426E+00 -0.1410E+01 -0.1389E+01 -0.1586E+01 -0.1745E+01 -0.1843E+01 -0.1954E+01 -0.2133E+01 -0.2270E+01 -0.2339E+01 -0.2372E+01 -0.2387E+01 -0.2394E+01 -0.2405E+01 -0.2414E+01 -0.2422E+01 -0.2427E+01 -0.2415E+01 -0.2399E+01 -0.2388E+01 -0.2337E+01 -0.2216E+01 -0.1794E+01 -0.1320E+01
      5.9621      200.0000 -0.9074E-10 -0.3393E-01 -0.3421E+00 -0.1409E+01 -0.1389E+01 -0.1586E+01 -0.1745E+01 -0.1843E+01 -0.1954E+01 -0.2133E+01 -0.2270E+01 -0.2339E+01 -0.2372E+01 -0.2387E+01 -0.2394E+01 -0.2405E+01 -0.2414E+01 -0.2422E+01 -0.2427E+01 -0.2415E+01 -0.2399E+01 -0.2388E+01 -0.2337E+01 -0.2216E+01 -0.1794E+01 -0.1320E+01
      6.0976      210.0000 -0.1213E-09 -0.3371E-01 -0.3415E+00 -0.1409E+01 -0.1388E+01 -0.1585E+01 -0.1745E+01 -0.1843E+01 -0.1954E+01 -0.2133E+01 -0.2270E+01 -0.2339E+01 -0.2372E+01 -0.2387E+01 -0.2394E+01 -0.2405E+01 -0.2414E+01 -0.2422E+01 -0.2427E+01 -0.2415E+01 -0.2399E+01 -0.2388E+01 -0.2337E+01 -0.2216E+01 -0.1794E+01 -0.1320E+01
      6.2331      220.0000 -0.1434E-09 -0.3349E-01 -0.3409E+00 -0.1408E+01 -0.1387E+01 -0.1585E+01 -0.1745E+01 -0.1843E+01 -0.1954E+01 -0.2133E+01 -0.2270E+01 -0.2339E+01 -0.2372E+01 -0.2387E+01 -0.2394E+01 -0.2405E+01 -0.2414E+01 -0.2422E+01 -0.2427E+01 -0.2415E+01 -0.2399E+01 -0.2388E+01 -0.2337E+01 -0.2216E+01 -0.1794E+01 -0.1320E+01
      6.3686      230.0000 -0.1560E-09 -0.3327E-01 -0.3404E+00 -0.1407E+01 -0.1387E+01 -0.1585E+01 -0.1745E+01 -0.1843E+01 -0.1954E+01 -0.2133E+01 -0.2270E+01 -0.2339E+01 -0.2372E+01 -0.2387E+01 -0.2394E+01 -0.2405E+01 -0.2414E+01 -0.2422E+01 -0.2427E+01 -0.2415E+01 -0.2399E+01 -0.2388E+01 -0.2337E+01 -0.2216E+01 -0.1794E+01 -0.1320E+01
      6.5041      240.0000 -0.1595E-09 -0.3306E-01 -0.3398E+00 -0.1406E+01 -0.1386E+01 -0.1584E+01 -0.1744E+01 -0.1843E+01 -0.1954E+01 -0.2133E+01 -0.2270E+01 -0.2339E+01 -0.2372E+01 -0.2387E+01 -0.2394E+01 -0.2405E+01 -0.2414E+01 -0.2422E+01 -0.2427E+01 -0.2415E+01 -0.2399E+01 -0.2388E+01 -0.2337E+01 -0.2216E+01 -0.1794E+01 -0.1320E+01
      6.6396      250.0000 -0.1552E-09 -0.3286E-01 -0.3393E+00 -0.1406E+01 -0.1386E+01 -0.1584E+01 -0.1744E+01 -0.1843E+01 -0.1954E+01 -0.2133E+01 -0.2270E+01 -0.2339E+01 -0.2372E+01 -0.2387E+01 -0.2394E+01 -0.2405E+01 -0.2414E+01 -0.2422E+01 -0.2427E+01 -0.2415E+01 -0.2399E+01 -0.2388E+01 -0.2337E+01 -0.2216E+01 -0.1794E+01 -0.1320E+01
      6.7751      260.0000 -0.1444E-09 -0.3266E-01 -0.3388E+00 -0.1405E+01 -0.1385E+01 -0.1584E+01 -0.1744E+01 -0.1843E+01 -0.1954E+01 -0.2133E+01 -0.2270E+01 -0.2339E+01 -0.2372E+01 -0.2387E+01 -0.2394E+01 -0.2405E+01 -0.2414E+01 -0.2422E+01 -0.2427E+01 -0.2415E+01 -0.2399E+01 -0.2388E+01 -0.2337E+01 -0.2216E+01 -0.1794E+01 -0.1320E+01
      6.9106      270.0000 -0.1284E-09 -0.3246E-01 -0.3382E+00 -0.1404E+01 -0.1385E+01 -0.1583E+01 -0.1744E+01 -0.1843E+01 -0.1954E+01 -0.2133E+01 -0.2270E+01 -0.2339E+01 -0.2372E+01 -0.2387E+01 -0.2394E+01 -0.2405E+01 -0.2414E+01 -0.2422E+01 -0.2427E+01 -0.2415E+01 -0.2399E+01 -0.2388E+01 -0.2337E+01 -0.2216E+01 -0.1794E+01 -0.1320E+01
      7.0461      280.0000 -0.1083E-09 -0.3226E-01 -0.3377E+00 -0.1404E+01 -0.1384E+01 -0.1583E+01 -0.1744E+01 -0.1843E+01 -0.1954E+01 -0.2133E+01 -0.2270E+01 -0.2339E+01 -0.2372E+01 -0.2387E+01 -0.2394E+01 -0.2405E+01 -0.2414E+01 -0.2422E+01 -0.2427E+01 -0.2415E+01 -0.2399E+01 -0.2388E+01 -0.2337E+01 -0.2216E+01 -0.1794E+01 -0.1320E+01
      7.1816      290.0000 -0.8537E-10 -0.3207E-01 -0.3372E+00 -0.1403E+01 -0.1384E+01 -0.1583E+01 -0.1744E+01 -0.1843E+01 -0.1954E+01 -0.2133E+01 -0.2270E+01 -0.2339E+01 -0.2372E+01 -0.2387E+01 -0.2394E+01 -0.2405E+01 -0.2414E+01 -0.2422E+01 -0.2427E+01 -0.2415E+01 -0.2399E+01 -0.2388E+01 -0.2337E+01 -0.2216E+01 -0.1794E+01 -0.1320E+01
      7.3171      300.0000 -0.6112E-10 -0.3188E-01 -0.3367E+00 -0.1402E+01 -0.1383E+01 -0.1582E+01 -0.1744E+01 -0.1843E+01 -0.1954E+01 -0.2133E+01 -0.2271E+01 -0.2339E+01 -0.2372E+01 -0.2387E+01 -0.2394E+01 -0.2405E+01 -0.2414E+01 -0.2422E+01 -0.2427E+01 -0.2415E+01 -0.2399E+01 -0.2388E+01 -0.2337E+01 -0.2216E+01 -0.1794E+01 -0.1320E+01
      7.4526      310.0000 -0.3732E-10 -0.3170E-01 -0.3362E+00 -0.1402E+01 -0.1383E+01 -0.1582E+01 -0.1744E+01 -0.1843E+01 -0.1954E+01 -0.2133E+01 -0.2271E+01 -0.2339E+01 -0.2372E+01 -0.2387E+01 -0.2394E+01 -0.2405E+01 -0.2414E+01 -0.2422E+01 -0.2427E+01 -0.2415E+01 -0.2399E+01 -0.2388E+01 -0.2337E+01 -0.2216E+01 -0.1794E+01 -0.1320E+01
      7.5881      320.0000 -0.1583E-10 -0.3152E-01 -0.3357E+00 -0.1401E+01 -0.1382E+01 -0.1582E+01 -0.1744E+01 -0.1843E+01 -0.1954E+01 -0.2133E+01 -0.2271E+01 -0.2339E+01 -0.2372E+01 -0.2387E+01 -0.2395E+01 -0.2405E+01 -0.2414E+01 -0.2422E+01 -0.2427E+01 -0.2415E+01 -0.2399E+01 -0.2388E+01 -0.2337E+01 -0.2216E+01 -0.1794E+01 -0.1320E+01
      7.7236      330.0000  0.1867E-11 -0.3134E-01 -0.3352E+00 -0.1401E+01 -0.1382E+01 -0.1581E+01 -0.1744E+01 -0.1843E+01 -0.1954E+01 -0.2133E+01 -0.2271E+01 -0.2339E+01 -0.2372E+01 -0.2387E+01 -0.2395E+01 -0.2405E+01 -0.2414E+01 -0.2422E+01 -0.2427E+01 -0.2415E+01 -0.2399E+01 -0.2388E+01 -0.2337E+01 -0.2216E+01 -0.1794E+01 -0.1320E+01
      7.8591      340.0000  0.1499E-10 -0.3116E-01 -0.3348E+00 -0.1400E+01 -0.1381E+01 -0.1581E+01 -0.1744E+01 -0.1843E+01 -0.1954E+01 -0.2133E+01 -0.2271E+01 -0.2339E+01 -0.2372E+01 -0.2387E+01 -0.2395E+01 -0.2405E+01 -0.2414E+01 -0.2422E+01 -0.2427E+01 -0.2415E+01 -0.2399E+01 -0.2388E+01 -0.2337E+01 -0.2216E+01 -0.1794E+01 -0.1320E+01
      7.9946      350.0000  0.2369E-10 -0.3099E-01 -0.3343E+00 -0.1399E+01 -0.1381E+01 -0.1581E+01 -0.1744E+01 -0.1843E+01 -0.1954E+01 -0.2133E+01 -0.2271E+01 -0.2339E+01 -0.2372E+01 -0.2387E+01 -0.2395E+01 -0.2405E+01 -0.2414E+01 -0.2422E+01 -0.2427E+01 -0.2415E+01 -0.2399E+01 -0.2388E+01 -0.2337E+01 -0.2216E+01 -0.1794E+01 -0.1320E+01
      8.1301      360.0000  0.2886E-10 -0.3082E-01 -0.3339E+00 -0.1399E+01 -0.1380E+01 -0.1581E+01 -0.1744E+01 -0.1843E+01 -0.1954E+01 -0.2133E+01 -0.2271E+01 -0.2339E+01 -0.2372E+01 -0.2387E+01 -0.2395E+01 -0.2405E+01 -0.2414E+01 -0.2422E+01 -0.2427E+01 -0.2415E+01 -0.2399E+01 -0.2388E+01 -0.2337E+01 -0.2216E+01 -0.1794E+01 -0.1320E+01
      8.2656       10.0000  0.3216E-10 -0.3065E-01 -0.3334E+00 -0.1398E+01 -0.1380E+01 -0.1580E+01 -0.1744E+01 -0.1843E+01 -0.1954E+01 -0.2133E+01 -0.2271E+01 -0.2339E+01 -0.2372E+01 -0.2387E+01 -0.2395E+01 -0.2405E+01 -0.2414E+01 -0.2422E+01 -0.2427E+01 -0.2415E+01 -0.2399E+01 -0.2388E+01 -0.2337E+01 -0.2216E+01 -0.1794E+01 -0.1320E+01
      8.4011       20.0000  0.3522E-10 -0.3049E-01 -0.3330E+00 -0.1398E+01 -0.1379E+01 -0.1580E+01 -0.1744E+01 -0.1843E+01 -0.1954E+01 -0.2133E+01 -0.2271E+01 -0.2339E+01 -0.2372E+01 -0.2387E+01 -0.2395E+01 -0.2405E+01 -0.2414E+01 -0.2422E+01 -0.2427E+01 -0.2415E+01 -0.2399E+01 -0.2388E+01 -0.2337E+01 -0.2216E+01 -0.1794E+01 -0.1320E+01
      8.5366       30.0000  0.3969E-10 -0.3033E-01 -0.3325E+00 -0.1397E+01 -0.1379E+01 -0.1580E+01 -0.1744E+01 -0.1843E+01 -0.1954E+01 -0.2133E+01 -0.2271E+01 -0.2339E+01 -0.2372E+01 -0.2387E+01 -0.2395E+01 -0.2405E+01 -0.2414E+01 -0.2422E+01 -0.2427E+01 -0.2415E+01 -0.2399E+01 -0.2388E+01 -0.2337E+01 -0.2216E+01 -0.1794E+01 -0.1320E+01
      8.6721       40.0000  0.4673E-10 -0.3017E-01 -0.3321E+00 -0.1397E+01 -0.1378E+01 -0.1579E+01 -0.1744E+01 -0.1843E+01 -0.1954E+01 -0.2133E+01 -0.2271E+01 -0.2339E+01 -0.2372E+01 -0.2387E+01 -0.2395E+01 -0.2405E+01 -0.2414E+01 -0.2422E+01 -0.2427E+01 -0.2415E+01 -0.2399E+01 -0.2388E+01 -0.2337E+01 -0.2216E+01 -0.1794E+01 -0.1320E+01
      8.8076       50.0000  0.5684E-10 -0.3002E-01 -0.3317E+00 -0.1396E+01 -0.1378E+01 -0.1579E+01 -0.1743E+01 -0.1843E+01 -0.1954E+01 -0.2133E+01 -0.2271E+01 -0.2339E+01 -0.2372E+01 -0.2387E+01 -0.2395E+01 -0.2405E+01 -0.2414E+01 -0.2422E+01 -0.2427E+01 -0.2415E+01 -0.2399E+01 -0.2388E+01 -0.2337E+01 -0.2216E+01 -0.1794E+01 -0.1320E+01
      8.9431       60.0000  0.6965E-10 -0.2986E-01 -0.3313E+00 -0.1396E+01 -0.1378E+01 -0.1579E+01 -0.1743E+01 -0.1843E+01 -0.1954E+01 -0.2133E+01 -0.2271E+01 -0.2339E+01 -0.2372E+01 -0.2387E+01 -0.2395E+01 -0.2405E+01 -0.2414E+01 -0.2422E+01 -0.2427E+01 -0.2415E+01 -0.2399E+01 -0.2388E+01 -0.2337E+01 -0.2216E+01 -0.1794E+01 -0.1320E+01
      9.0786       70.0000  0.8397E-10 -0.2971E-01 -0.3309E+00 -0.1395E+01 -0.1377E+01 -0.1579E+01 -0.1743E+01 -0.1843E+01 -0.1954E+01 -0.2133E+01 -0.2271E+01 -0.2339E+01 -0.2372E+01 -0.2387E+01 -0.2395E+01 -0.2405E+01 -0.2414E+01 -0.2422E+01 -0.2427E+01 -0.2415E+01 -0.2399E+01 -0.2388E+01 -0.2337E+01 -0.2216E+01 -0.1794E+01 -0.1320E+01
      9.2141       80.0000  0.9810E-10 -0.2957E-01 -0.3305E+00 -0.1395E+01 -0.1377E+01 -0.1578E+01 -0.1743E+01 -0.1843E+01 -0.1954E+01 -0.2133E+01 -0.2271E+01 -0.2339E+01 -0.2372E+01 -0.2387E+01 -0.2395E+01 -0.2405E+01 -0.2414E+01 -0.2422E+01 -0.2427E+01 -0.2415E+01 -0.2399E+01 -0.2388E+01 -0.2337E+01 -0.2216E+01 -0.1794E+01 -0.1320E+01
      9.3496       90.0000  0.1103E-09 -0.2942E-01 -0.3301E+00 -0.1394E+01 -0.1376E+01 -0.1578E+01 -0.1743E+01 -0.1843E+01 -0.1954E+01 -0.2133E+01 -0.2271E+01 -0.2339E+01 -0.2372E+01 -0.2387E+01 -0.2395E+01 -0.2405E+01 -0.2414E+01 -0.2422E+01 -0.2427E+01 -0.2415E+01 -0.2399E+01 -0.2388E+01 -0.2337E+01 -0.2216E+01 -0.1794E+01 -0.1320E+01
      9.4851      100.0000  0.1190E-09 -0.2928E-01 -0.3297E+00 -0.1394E+01 -0.1376E+01 -0.1578E+01 -0.1743E+01 -0.1843E+01 -0.1954E+01 -0.2133E+01 -0.2271E+01 -0.2339E+01 -0.2372E+01 -0.2387E+01 -0.2395E+01 -0.2405E+01 -0.2414E+01 -0.2422E+01 -0.2427E+01 -0.2415E+01 -0.2399E+01 -0.2388E+01 -0.2337E+01 -0.2216E+01 -0.1794E+01 -0.1320E+01
      9.6206      110.0000  0.1235E-09 -0.2914E-01 -0.3293E+00 -0.1393E+01 -0.1376E+01 -0.1578E+01 -0.1743E+01 -0.1843E+01 -0.1954E+01 -0.2133E+01 -0.2271E+01 -0.2339E+01 -0.2373E+01 -0.2387E+01 -0.2395E+01 -0.2405E+01 -0.2414E+01 -0.2422E+01 -0.2427E+01 -0.2415E+01 -0.2399E+01 -0.2388E+01 -0.2337E+01 -0.2216E+01 -0.1794E+01 -0.1320E+01
      9.7561      120.0000  0.1229E-09 -0.2900E-01 -0.3290E+00 -0.1393E+01 -0.1375E+01 -0.1577E+01 -0.1743E+01 -0.1843E+01 -0.1954E+01 -0.2133E+01 -0.2271E+01 -0.2339E+01 -0.2373E+01 -0.2387E+01 -0.2395E+01 -0.2405E+01 -0.2414E+01 -0.2422E+01 -0.2427E+01 -0.2415E+01 -0.2399E+01 -0.2388E+01 -0.2337E+01 -0.2216E+01 -0.1794E+01 -0.1320E+01
      9.8916      130.0000  0.1169E-09 -0.2887E-01 -0.3286E+00 -0.1392E+01 -0.1375E+01 -0.1577E+01 -0.1743E+01 -0.1843E+01 -0.1954E+01 -0.2133E+01 -0.2271E+01 -0.2339E+01 -0.2373E+01 -0.2387E+01 -0.2395E+01 -0.2405E+01 -0.2414E+01 -0.2422E+01 -0.2427E+01 -0.2415E+01 -0.2399E+01 -0.2388E+01 -0.2337E+01 -0.2216E+01 -0.1794E+01 -0.1320E+01
     10.0271      140.0000  0.1046E-09 -0.2874E-01 -0.3282E+00 -0.1392E+01 -0.1375E+01 -0.1577E+01 -0.1743E+01 -0.1843E+01 -0.1954E+01 -0.2133E+01 -0.2271E+01 -0.2339E+01 -0.2373E+01 -0.2387E+01 -0.2395E+01 -0.2405E+01 -0.2414E+01 -0.2422E+01 -0.2427E+01 -0.2415E+01 -0.2399E+01 -0.2388E+01 -0.2337E+01 -0.2216E+01 -0.1794E+01 -0.1320E+01
     10.1626      150.0000  0.8546E-10 -0.2861E-01 -0.3279E+00 -0.1391E+01 -0.1374E+01 -0.1577E+01 -0.1743E+01 -0.1843E+01 -0.1954E+01 -0.2134E+01 -0.2271E+01 -0.2339E+01 -0.2373E+01 -0.2387E+01 -0.2395E+01 -0.2405E+01 -0.2414E+01 -0.2422E+01 -0.2427E+01 -0.2415E+01 -0.2399E+01 -0.2388E+01 -0.2337E+01 -0.2216E+01 -0.1794E+01 -0.1320E+01
     10.2981      160.0000  0.5910E-10 -0.2848E-01 -0.3275E+00 -0.1391E+01 -0.1374E+01 -0.1576E+01 -0.1743E+01 -0.1843E+01 -0.1954E+01 -0.2134E+01 -0.2271E+01 -0.2339E+01 -0.2373E+01 -0.2387E+01 -0.2395E+01 -0.2405E+01 -0.2414E+01 -0.2422E+01 -0.2427E+01 -0.2415E+01 -0.2399E+01 -0.2388E+01 -0.2337E+01 -0.2216E+01 -0.1794E+01 -0.1320E+01
     10.4336      170.0000  0.2611E-10 -0.2836E-01 -0.3272E+00 -0.1390E+01 -0.1374E+01 -0.1576E+01 -0.1743E+01 -0.1843E+01 -0.1954E+01 -0.2134E+01 -0.2271E+01 -0.2339E+01 -0.2373E+01 -0.2387E+01 -0.2395E+01 -0.2405E+01 -0.2414E+01 -0.2422E+01 -0.2427E+01 -0.2415E+01 -0.2399E+01 -0.2388E+01 -0.2337E+01 -0.2216E+01 -0.1794E+01 -0.1320E+01
     10.5691      180.0000 -0.1162E-10 -0.2824E-01 -0.3269E+00 -0.1390E+01 -0.1373E+01 -0.1576E+01 -0.1743E+01 -0.1843E+01 -0.1954E+01 -0.2134E+01 -0.2271E+01 -0.2339E+01 -0.2373E+01 -0.2387E+01 -0.2395E+01 -0.2405E+01 -0.2414E+01 -0.2422E+01 -0.2427E+01 -0.2415E+01 -0.2399E+01 -0.2388E+01 -0.2337E+01 -0.2216E+01 -0.1794E+01 -0.1320E+01
     10.7046      190.0000 -0.5087E-10 -0.2812E-01 -0.3265E+00 -0.1390E+01 -0.1373E+01 -0.1576E+01 -0.1743E+01 -0.1843E+01 -0.1954E+01 -0.2134E+01 -0.2271E+01 -0.2339E+01 -0.2373E+01 -0.2387E+01 -0.2395E+01 -0.2405E+01 -0.2414E+01 -0.2422E+01 -0.2427E+01 -0.2415E+01 -0.2399E+01 -0.2388E+01 -0.2337E+01 -0.2216E+01 -0.1794E+01 -0.1320E+01
     10.8401      200.0000 -0.8771E-10 -0.2800E-01 -0.3262E+00 -0.1389E+01 -0.1373E+01 -0.1575E+01 -0.1743E+01 -0.1843E+01 -0.1954E+01 -0.2134E+01 -0.2271E+01 -0.2339E+01 -0.2373E+01 -0.2387E+01 -0.2395E+01 -0.2405E+01 -0.2414E+01 -0.2422E+01 -0.2427E+01 -0.2415E+01 -0.2399E+01 -0.2388E+01 -0.2337E+01 -0.2216E+01 -0.1794E+01 -0.1320E+01
     10.9756      210.0000 -0.1185E-09 -0.2789E-01 -0.3259E+00 -0.1389E+01 -0.1372E+01 -0.1575E+01 -0.1743E+01 -0.1843E+01 -0.1955E+01 -0.2134E+01 -0.2271E+01 -0.2339E+01 -0.2373E+01 -0.2387E+01 -0.2395E+01 -0.2405E+01 -0.2414E+01 -0.2422E+01 -0.2427E+01 -0.2415E+01 -0.2399E+01 -0.2388E+01 -0.2337E+01 -0.2216E+01 -0.1794E+01 -0.1320E+01
     11.1111      220.0000 -0.1407E-09 -0.2777E-01 -0.3256E+00 -0.1388E+01 -0.1372E+01 -0.1575E+01 -0.1743E+01 -0.1843E+01 -0.1955E+01 -0.2134E+01 -0.2271E+01 -0.2339E+01 -0.2373E+01 -0.2387E+01 -0.2395E+01 -0.2405E+01 -0.2414E+01 -0.2422E+01 -0.2427E+01 -0.2415E+01 -0.2399E+01 -0.2388E+01 -0.2337E+01 -0.2216E+01 -0.1794E+01 -0.1320E+01
     11.2466      230.0000 -0.1535E-09 -0.2766E-01 -0.3253E+00 -0.1388E+01 -0.1372E+01 -0.1575E+01 -0.1743E+01 -0.1843E+01 -0.1955E+01 -0.2134E+01 -0.2271E+01 -0.2339E+01 -0.2373E+01 -0.2387E+01 -0.2395E+01 -0.2405E+01 -0.2414E+01 -0.2422E+01 -0.2427E+01 -0.2415E+01 -0.2399E+01 -0.2388E+01 -0.2337E+01 -0.2216E+01 -0.1794E+01 -0.1320E+01
     11.3821      240.0000 -0.1572E-09 -0.2755E-01 -0.3250E+00 -0.1388E+01 -0.1371E+01 -0.1575E+01 -0.1743E+01 -0.1843E+01 -0.1955E+01 -0.2134E+01 -0.2271E+01 -0.2339E+01 -0.2373E+01 -0.2387E+01 -0.2395E+01 -0.2405E+01 -0.2414E+01 -0.2422E+01 -0.2427E+01 -0.2415E+01 -0.2399E+01 -0.2388E+01 -0.2337E+01 -0.2216E+01 -0.1794E+01 -0.1320E+01
     11.5176      250.0000 -0.1530E-09 -0.2745E-01 -0.3247E+00 -0.1387E+01 -0.1371E+01 -0.1574E+01 -0.1743E+01 -0.1843E+01 -0.1955E+01 -0.2134E+01 -0.2271E+01 -0.2339E+01 -0.2373E+01 -0.2387E+01 -0.2395E+01 -0.2405E+01 -0.2414E+01 -0.2422E+01 -0.2427E+01 -0.2415E+01 -0.2399E+01 -0.2388E+01 -0.2337E+01 -0.2216E+01 -0.1794E+01 -0.1320E+01
     11.6531      260.0000 -0.1423E-09 -0.2734E-01 -0.3244E+00 -0.1387E+01 -0.1371E+01 -0.1574E+01 -0.1743E+01 -0.1843E+01 -0.1955E+01 -0.2134E+01 -0.2271E+01 -0.2339E+01 -0.2373E+01 -0.2387E+01 -0.2395E+01 -0.2405E+01 -0.2414E+01 -0.2422E+01 -0.2427E+01 -0.2415E+01 -0.2399E+01 -0.2388E+01 -0.2337E+01 -0.2216E+01 -0.1794E+01 -0.1320E+01
     11.7886      270.0000 -0.1264E-09 -0.2724E-01 -0.3241E+00 -0.1387E+01 -0.1371E+01 -0.1574E+01 -0.1743E+01 -0.1843E+01 -0.1955E+01 -0.2134E+01 -0.2271E+01 -0.2339E+01 -0.2373E+01 -0.2387E+01 -0.2395E+01 -0.2405E+01 -0.2414E+01 -0.2422E+01 -0.2427E+01 -0.2415E+01 -0.2399E+01 -0.2388E+01 -0.2337E+01 -0.2216E+01 -0.1794E+01 -0.1320E+01
     11.9241      280.0000 -0.1064E-09 -0.2714E-01 -0.3238E+00 -0.1386E+01 -0.1370E+01 -0.1574E+01 -0.1743E+01 -0.1843E+01 -0.1955E+01 -0.2134E+01 -0.2271E+01 -0.2339E+01 -0.2373E+01 -0.2387E+01 -0.2395E+01 -0.2405E+01 -0.2414E+01 -0.2422E+01 -0.2427E+01 -0.2415E+01 -0.2399E+01 -0.2388E+01 -0.2337E+01 -0.2216E+01 -0.1794E+01 -0.1320E+01
     12.0596      290.0000 -0.8363E-10 -0.2704E-01 -0.3235E+00 -0.1386E+01 -0.1370E+01 -0.1574E+01 -0.1743E+01 -0.1843E+01 -0.1955E+01 -0.2134E+01 -0.2271E+01 -0.2339E+01 -0.2373E+01 -0.2387E+01 -0.2395E+01 -0.2405E+01 -0.2414E+01 -0.2422E+01 -0.2427E+01 -0.2415E+01 -0.2399E+01 -0.2388E+01 -0.2337E+01 -0.2216E+01 -0.1794E+01 -0.1320E+01
     12.1951      300.0000 -0.5948E-10 -0.2695E-01 -0.3233E+00 -0.1386E+01 -0.1370E+01 -0.1573E+01 -0.1743E+01 -0.1843E+01 -0.1955E+01 -0.2134E+01 -0.2271E+01 -0.2339E+01 -0.2373E+01 -0.2387E+01 -0.2395E+01 -0.2405E+01 -0.2414E+01 -0.2422E+01 -0.2427E+01 -0.2415E+01 -0.2399E+01 -0.2388E+01 -0.2337E+01 -0.2216E+01 -0.1794E+01 -0.1320E+01
     12.3306      310.0000 -0.3577E-10 -0.2685E-01 -0.3230E+00 -0.1385E+01 -0.1369E+01 -0.1573E+01 -0.1742E+01 -0.1843E+01 -0.1955E+01 -0.2134E+01 -0.2271E+01 -0.2339E+01 -0.2373E+01 -0.2387E+01 -0.2395E+01 -0.2405E+01 -0.2414E+01 -0.2422E+01 -0.2427E+01 -0.2415E+01 -0.2399E+01 -0.2388E+01 -0.2337E+01 -0.2216E+01 -0.1794E+01 -0.1320E+01
     12.4661      320.0000 -0.1435E-10 -0.2676E-01 -0.3227E+00 -0.1385E+01 -0.1369E+01 -0.1573E+01 -0.1742E+01 -0.1843E+01 -0.1955E+01 -0.2134E+01 -0.2271E+01 -0.2339E+01 -0.2373E+01 -0.2387E+01 -0.2395E+01 -0.2405E+01 -0.2414E+01 -0.2422E+01 -0.2427E+01 -0.2415E+01 -0.2399E+01 -0.2388E+01 -0.2337E+01 -0.2216E+01 -0.1794E+01 -0.1320E+01
     12.6016      330.0000  0.3264E-11 -0.2667E-01 -0.3225E+00 -0.1385E+01 -0.1369E+01 -0.1573E+01 -0.1742E+01 -0.1843E+01 -0.1955E+01 -0.2134E+01 -0.2271E+01 -0.2339E+01 -0.2373E+01 -0.2387E+01 -0.2395E+01 -0.2405E+01 -0.2414E+01 -0.2422E+01 -0.2427E+01 -0.2415E+01 -0.2399E+01 -0.2388E+01 -0.2337E+01 -0.2216E+01 -0.1794E+01 -0.1320E+01
     12.7371      340.0000  0.1631E-10 -0.2658E-01 -0.3222E+00 -0.1384E+01 -0.1369E+01 -0.1573E+01 -0.1742E+01 -0.1843E+01 -0.1955E+01 -0.2134E+01 -0.2271E+01 -0.2339E+01 -0.2373E+01 -0.2387E+01 -0.2395E+01 -0.2405E+01 -0.2414E+01 -0.2422E+01 -0.2427E+01 -0.2415E+01 -0.2399E+01 -0.2388E+01 -0.2337E+01 -0.2216E+01 -0.1794E+01 -0.1320E+01
     12.8726      350.0000  0.2495E-10 -0.2649E-01 -0.3220E+00 -0.1384E+01 -0.1368E+01 -0.1572E+01 -0.1742E+01 -0.1843E+01 -0.1955E+01 -0.2134E+01 -0.2271E+01 -0.2339E+01 -0.2373E+01 -0.2387E+01 -0.2395E+01 -0.2405E+01 -0.2414E+01 -0.2422E+01 -0.2427E+01 -0.2415E+01 -0.2399E+01 -0.2388E+01 -0.2337E+01 -0.2216E+01 -0.1794E+01 -0.1320E+01
     13.0081      360.0000  0.3006E-10 -0.2641E-01 -0.3217E+00 -0.1384E+01 -0.1368E+01 -0.1572E+01 -0.1742E+01 -0.1843E+01 -0.1955E+01 -0.2134E+01 -0.2271E+01 -0.2339E+01 -0.2373E+01 -0.2387E+01 -0.2395E+01 -0.2405E+01 -0.2414E+01 -0.2422E+01 -0.2427E+01 -0.2415E+01 -0.2399E+01 -0.2388E+01 -0.2337E+01 -0.2216E+01 -0.1794E+01 -0.1320E+01
     13.1436       10.0000  0.3330E-10 -0.2632E-01 -0.3215E+00 -0.1383E+01 -0.1368E+01 -0.1572E+01 -0.1742E+01 -0.1843E+01 -0.1955E+01 -0.2134E+01 -0.2271E+01 -0.2339E+01 -0.2373E+01 -0.2387E+01 -0.2395E+01 -0.2405E+01 -0.2414E+01 -0.2422E+01 -0.2427E+01 -0.2415E+01 -0.2399E+01 -0.2388E+01 -0.2337E+01 -0.2216E+01 -0.1794E+01 -0.1320E+01
     13.2791       20.0000  0.3630E-10 -0.2624E-01 -0.3212E+00 -0.1383E+01 -0.1368E+01 -0.1572E+01 -0.1742E+01 -0.1843E+01 -0.1955E+01 -0.2134E+01 -0.2271E+01 -0.2339E+01 -0.2373E+01 -0.2387E+01 -0.2395E+01 -0.2405E+01 -0.2414E+01 -0.2422E+01 -0.2427E+01 -0.2415E+01 -0.2399E+01 -0.2388E+01 -0.2337E+01 -0.2216E+01 -0.1794E+01 -0.1320E+01
     13.4146       30.0000  0.4072E-10 -0.2616E-01 -0.3210E+00 -0.1383E+01 -0.1368E+01 -0.1572E+01 -0.1742E+01 -0.1843E+01 -0.1955E+01 -0.2134E+01 -0.2271E+01 -0.2339E+01 -0.2373E+01 -0.2387E+01 -0.2395E+01 -0.2405E+01 -0.2414E+01 -0.2422E+01 -0.2427E+01 -0.2415E+01 -0.2399E+01 -0.2388E+01 -0.2337E+01 -0.2216E+01 -0.1794E+01 -0.1320E+01
     13.5501       40.0000  0.4772E-10 -0.2608E-01 -0.3208E+00 -0.1383E+01 -0.1367E+01 -0.1572E+01 -0.1742E+01 -0.1843E+01 -0.1955E+01 -0.2134E+01 -0.2271E+01 -0.2339E+01 -0.2373E+01 -0.2387E+01 -0.2395E+01 -0.2405E+01 -0.2414E+01 -0.2422E+01 -0.2427E+01 -0.2415E+01 -0.2399E+01 -0.2388E+01 -0.2337E+01 -0.2216E+01 -0.1794E+01 -0.1320E+01
     13.6856       50.0000  0.5778E-10 -0.2600E-01 -0.3206E+00 -0.1382E+01 -0.1367E+01 -0.1571E+01 -0.1742E+01 -0.1843E+01 -0.1955E+01 -0.2134E+01 -0.2271E+01 -0.2339E+01 -0.2373E+01 -0.2387E+01 -0.2395E+01 -0.2405E+01 -0.2414E+01 -0.2422E+01 -0.2427E+01 -0.2415E+01 -0.2399E+01 -0.2388E+01 -0.2337E+01 -0.2216E+01 -0.1794E+01 -0.1320E+01
     13.8211       60.0000  0.7055E-10 -0.2593E-01 -0.3203E+00 -0.1382E+01 -0.1367E+01 -0.1571E+01 -0.1742E+01 -0.1843E+01 -0.1955E+01 -0.2134E+01 -0.2271E+01 -0.2339E+01 -0.2373E+01 -0.2387E+01 -0.2395E+01 -0.2405E+01 -0.2414E+01 -0.2422E+01 -0.2427E+01 -0.2415E+01 -0.2399E+01 -0.2388E+01 -0.2337E+01 -0.2216E+01 -0.1794E+01 -0.1320E+01
     13.9566       70.0000  0.8483E-10 -0.2585E-01 -0.3201E+00 -0.1382E+01 -0.1367E+01 -0.1571E+01 -0.1742E+01 -0.1843E+01 -0.1955E+01 -0.2134E+01 -0.2271E+01 -0.2339E+01 -0.2373E+01 -0.2387E+01 -0.2395E+01 -0.2405E+01 -0.2414E+01 -0.2422E+01 -0.2427E+01 -0.2415E+01 -0.2399E+01 -0.2388E+01 -0.2337E+01 -0.2216E+01 -0.1794E+01 -0.1320E+01
     14.0921       80.0000  0.9892E-10 -0.2578E-01 -0.3199E+00 -0.1381E+01 -0.1366E+01 -0.1571E+01 -0.1742E+01 -0.1843E+01 -0.1955E+01 -0.2134E+01 -0.2271E+01 -0.2339E+01 -0.2373E+01 -0.2387E+01 -0.2395E+01 -0.2405E+01 -0.2414E+01 -0.2422E+01 -0.2427E+01 -0.2415E+01 -0.2399E+01 -0.2388E+01 -0.2337E+01 -0.2216E+01 -0.1794E+01 -0.1320E+01
     14.2276       90.0000  0.1111E-09 -0.2571E-01 -0.3197E+00 -0.1381E+01 -0.1366E+01 -0.1571E+01 -0.1742E+01 -0.1843E+01 -0.1955E+01 -0.2134E+01 -0.2271E+01 -0.2339E+01 -0.2373E+01 -0.2387E+01 -0.2395E+01 -0.2405E+01 -0.2414E+01 -0.2422E+01 -0.2427E+01 -0.2415E+01 -0.2399E+01 -0.2388E+01 -0.2337E+01 -0.2216E+01 -0.1794E+01 -0.1320E+01
     14.3631      100.0000  0.1198E-09 -0.2564E-01 -0.3195E+00 -0.1381E+01 -0.1366E+01 -0.1571E+01 -0.1742E+01 -0.1843E+01 -0.1955E+01 -0.2134E+01 -0.2271E+01 -0.2339E+01 -0.2373E+01 -0.2387E+01 -0.2395E+01 -0.2405E+01 -0.2414E+01 -0.2422E+01 -0.2427E+01 -0.2415E+01 -0.2399E+01 -0.2388E+01 -0.2337E+01 -0.2216E+01 -0.1794E+01 -0.1320E+01
     14.4986      110.0000  0.1242E-09 -0.2557E-01 -0.3193E+00 -0.1381E+01 -0.1366E+01 -0.1570E+01 -0.1742E+01 -0.1843E+01 -0.1955E+01 -0.2134E+01 -0.2271E+01 -0.2339E+01 -0.2373E+01 -0.2387E+01 -0.2395E+01 -0.2405E+01 -0.2414E+01 -0.2422E+01 -0.2427E+01 -0.2415E+01 -0.2399E+01 -0.2388E+01 -0.2337E+01 -0.2216E+01 -0.1794E+01 -0.1320E+01
     14.6341      120.0000  0.1236E-09 -0.2550E-01 -0.3191E+00 -0.1380E+01 -0.1366E+01 -0.1570E+01 -0.1742E+01 -0.1843E+01 -0.1955E+01 -0.2134E+01 -0.2271E+01 -0.2339E+01 -0.2373E+01 -0.2387E+01 -0.2395E+01 -0.2405E+01 -0.2414E+01 -0.2422E+01 -0.2427E+01 -0.2415E+01 -0.2399E+01 -0.2388E+01 -0.2337E+01 -0.2216E+01 -0.1794E+01 -0.1320E+01
     14.7696      130.0000  0.1176E-09 -0.2543E-01 -0.3189E+00 -0.1380E+01 -0.1366E+01 -0.1570E+01 -0.1742E+01 -0.1843E+01 -0.1955E+01 -0.2134E+01 -0.2271E+01 -0.2339E+01 -0.2373E+01 -0.2387E+01 -0.2395E+01 -0.2405E+01 -0.2414E+01 -0.2422E+01 -0.2427E+01 -0.2415E+01 -0.2399E+01 -0.2388E+01 -0.2337E+01 -0.2216E+01 -0.1794E+01 -0.1320E+01
     14.9051      140.0000  0.1053E-09 -0.2537E-01 -0.3187E+00 -0.1380E+01 -0.1365E+01 -0.1570E+01 -0.1742E+01 -0.1843E+01 -0.1955E+01 -0.2134E+01 -0.2271E+01 -0.2339E+01 -0.2373E+01 -0.2387E+01 -0.2395E+01 -0.2405E+01 -0.2414E+01 -0.2422E+01 -0.2427E+01 -0.2415E+01 -0.2399E+01 -0.2388E+01 -0.2337E+01 -0.2216E+01 -0.1794E+01 -0.1320E+01
     15.0407      150.0000  0.8607E-10 -0.2531E-01 -0.3185E+00 -0.1380E+01 -0.1365E+01 -0.1570E+01 -0.1742E+01 -0.1843E+01 -0.1955E+01 -0.2134E+01 -0.2271E+01 -0.2339E+01 -0.2373E+01 -0.2387E+01 -0.2395E+01 -0.2405E+01 -0.2414E+01 -0.2422E+01 -0.2427E+01 -0.2415E+01 -0.2399E+01 -0.2388E+01 -0.2337E+01 -0.2216E+01 -0.1794E+01 -0.1320E+01
     15.1762      160.0000  0.5970E-10 -0.2524E-01 -0.3183E+00 -0.1380E+01 -0.1365E+01 -0.1570E+01 -0.1742E+01 -0.1843E+01 -0.1955E+01 -0.2134E+01 -0.2271E+01 -0.2339E+01 -0.2373E+01 -0.2387E+01 -0.2395E+01 -0.2405E+01 -0.2414E+01 -0.2422E+01 -0.2427E+01 -0.2415E+01 -0.2399E+01 -0.2388E+01 -0.2337E+01 -0.2216E+01 -0.1794E+01 -0.1320E+01
     15.3117      170.0000  0.2669E-10 -0.2518E-01 -0.3181E+00 -0.1379E+01 -0.1365E+01 -0.1570E+01 -0.1742E+01 -0.1843E+01 -0.1955E+01 -0.2134E+01 -0.2271E+01 -0.2339E+01 -0.2373E+01 -0.2387E+01 -0.2395E+01 -0.2405E+01 -0.2414E+01 -0.2422E+01 -0.2427E+01 -0.2415E+01 -0.2399E+01 -0.2388E+01 -0.2337E+01 -0.2216E+01 -0.1794E+01 -0.1320E+01
     15.4472      180.0000 -0.1106E-10 -0.2512E-01 -0.3179E+00 -0.1379E+01 -0.1365E+01 -0.1569E+01 -0.1742E+01 -0.1843E+01 -0.1955E+01 -0.2134E+01 -0.2271E+01 -0.2339E+01 -0.2373E+01 -0.2387E+01 -0.2395E+01 -0.2405E+01 -0.2414E+01 -0.2422E+01 -0.2427E+01 -0.2415E+01 -0.2399E+01 -0.2388E+01 -0.2337E+01 -0.2216E+01 -0.1794E+01 -0.1320E+01
     15.5827      190.0000 -0.5033E-10 -0.2506E-01 -0.3178E+00 -0.1379E+01 -0.1364E+01 -0.1569E+01 -0.1742E+01 -0.1843E+01 -0.1955E+01 -0.2134E+01 -0.2271E+01 -0.2339E+01 -0.2373E+01 -0.2387E+01 -0.2395E+01 -0.2405E+01 -0.2414E+01 -0.2422E+01 -0.2427E+01 -0.2415E+01 -0.2399E+01 -0.2388E+01 -0.2337E+01 -0.2216E+01 -0.1794E+01 -0.1320E+01
     15.7182      200.0000 -0.8719E-10 -0.2501E-01 -0.3176E+00 -0.1379E+01 -0.1364E+01 -0.1569E+01 -0.1742E+01 -0.1843E+01 -0.1955E+01 -0.2134E+01 -0.2271E+01 -0.2339E+01 -0.2373E+01 -0.2387E+01 -0.2395E+01 -0.2405E+01 -0.2414E+01 -0.2422E+01 -0.2427E+01 -0.2415E+01 -0.2399E+01 -0.2388E+01 -0.2337E+01 -0.2216E+01 -0.1794E+01 -0.1320E+01
     15.8537      210.0000 -0.1180E-09 -0.2495E-01 -0.3174E+00 -0.1379E+01 -0.1364E+01 -0.1569E+01 -0.1742E+01 -0.1843E+01 -0.1955E+01 -0.2134E+01 -0.2271E+01 -0.2339E+01 -0.2373E+01 -0.2387E+01 -0.2395E+01 -0.2405E+01 -0.2414E+01 -0.2422E+01 -0.2427E+01 -0.2415E+01 -0.2399E+01 -0.2388E+01 -0.2337E+01 -0.2216E+01 -0.1794E+01 -0.1320E+01
     15.9892      220.0000 -0.1402E-09 -0.2489E-01 -0.3173E+00 -0.1378E+01 -0.1364E+01 -0.1569E+01 -0.1742E+01 -0.1843E+01 -0.1955E+01 -0.2134E+01 -0.2271E+01 -0.2339E+01 -0.2373E+01 -0.2387E+01 -0.2395E+01 -0.2405E+01 -0.2414E+01 -0.2422E+01 -0.2427E+01 -0.2415E+01 -0.2399E+01 -0.2388E+01 -0.2337E+01 -0.2216E+01 -0.1794E+01 -0.1320E+01
     16.1247      230.0000 -0.1530E-09 -0.2484E-01 -0.3171E+00 -0.1378E+01 -0.1364E+01 -0.1569E+01 -0.1742E+01 -0.1843E+01 -0.1955E+01 -0.2134E+01 -0.2271E+01 -0.2339E+01 -0.2373E+01 -0.2387E+01 -0.2395E+01 -0.2405E+01 -0.2414E+01 -0.2422E+01 -0.2427E+01 -0.2415E+01 -0.2399E+01 -0.2388E+01 -0.2337E+01 -0.2216E+01 -0.1794E+01 -0.1320E+01
     16.2602      240.0000 -0.1567E-09 -0.2479E-01 -0.3169E+00 -0.1378E+01 -0.1364E+01 -0.1569E+01 -0.1742E+01 -0.1843E+01 -0.1955E+01 -0.2134E+01 -0.2271E+01 -0.2339E+01 -0.2373E+01 -0.2387E+01 -0.2395E+01 -0.2405E+01 -0.2414E+01 -0.2422E+01 -0.2427E+01 -0.2415E+01 -0.2399E+01 -0.2388E+01 -0.2337E+01 -0.2216E+01 -0.1794E+01 -0.1320E+01
     16.3957      250.0000 -0.1526E-09 -0.2473E-01 -0.3168E+00 -0.1378E+01 -0.1364E+01 -0.1569E+01 -0.1742E+01 -0.1843E+01 -0.1955E+01 -0.2134E+01 -0.2271E+01 -0.2339E+01 -0.2373E+01 -0.2387E+01 -0.2395E+01 -0.2405E+01 -0.2414E+01 -0.2422E+01 -0.2427E+01 -0.2415E+01 -0.2399E+01 -0.2388E+01 -0.2337E+01 -0.2216E+01 -0.1794E+01 -0.1320E+01
     16.5312      260.0000 -0.1419E-09 -0.2468E-01 -0.3166E+00 -0.1378E+01 -0.1363E+01 -0.1568E+01 -0.1742E+01 -0.1843E+01 -0.1955E+01 -0.2134E+01 -0.2271E+01 -0.2339E+01 -0.2373E+01 -0.2387E+01 -0.2395E+01 -0.2405E+01 -0.2414E+01 -0.2422E+01 -0.2427E+01 -0.2415E+01 -0.2399E+01 -0.2388E+01 -0.2337E+01 -0.2216E+01 -0.1794E+01 -0.1320E+01
     16.6667      270.0000 -0.1260E-09 -0.2463E-01 -0.3164E+00 -0.1377E+01 -0.1363E+01 -0.1568E+01 -0.1742E+01 -0.1843E+01 -0.1955E+01 -0.2134E+01 -0.2271E+01 -0.2339E+01 -0.2373E+01 -0.2387E+01 -0.2395E+01 -0.2405E+01 -0.2414E+01 -0.2422E+01 -0.2427E+01 -0.2415E+01 -0.2399E+01 -0.2388E+01 -0.2337E+01 -0.2216E+01 -0.1794E+01 -0.1320E+01
     16.8022      280.0000 -0.1060E-09 -0.2458E-01 -0.3163E+00 -0.1377E+01 -0.1363E+01 -0.1568E+01 -0.1742E+01 -0.1843E+01 -0.1955E+01 -0.2134E+01 -0.2271E+01 -0.2339E+01 -0.2373E+01 -0.2387E+01 -0.2395E+01 -0.2405E+01 -0.2414E+01 -0.2422E+01 -0.2427E+01 -0.2415E+01 -0.2399E+01 -0.2388E+01 -0.2337E+01 -0.2216E+01 -0.1794E+01 -0.1320E+01
     16.9377      290.0000 -0.8324E-10 -0.2453E-01 -0.3162E+00 -0.1377E+01 -0.1363E+01 -0.1568E+01 -0.1742E+01 -0.1843E+01 -0.1955E+01 -0.2134E+01 -0.2271E+01 -0.2339E+01 -0.2373E+01 -0.2387E+01 -0.2395E+01 -0.2405E+01 -0.2414E+01 -0.2422E+01 -0.2427E+01 -0.2415E+01 -0.2399E+01 -0.2388E+01 -0.2337E+01 -0.2216E+01 -0.1794E+01 -0.1320E+01
     17.0732      300.0000 -0.5909E-10 -0.2449E-01 -0.3160E+00 -0.1377E+01 -0.1363E+01 -0.1568E+01 -0.1742E+01 -0.1843E+01 -0.1955E+01 -0.2134E+01 -0.2271E+01 -0.2339E+01 -0.2373E+01 -0.2387E+01 -0.2395E+01 -0.2405E+01 -0.2414E+01 -0.2422E+01 -0.2427E+01 -0.2415E+01 -0.2399E+01 -0.2388E+01 -0.2337E+01 -0.2216E+01 -0.1794E+01 -0.1320E+01
     17.2087      310.0000 -0.3539E-10 -0.2444E-01 -0.3159E+00 -0.1377E+01 -0.1363E+01 -0.1568E+01 -0.1742E+01 -0.1843E+01 -0.1955E+01 -0.2134E+01 -0.2271E+01 -0.2339E+01 -0.2373E+01 -0.2387E+01 -0.2395E+01 -0.2405E+01 -0.2414E+01 -0.2422E+01 -0.2427E+01 -0.2415E+01 -0.2399E+01 -0.2388E+01 -0.2337E+01 -0.2216E+01 -0.1794E+01 -0.1320E+01
     17.3442      320.0000 -0.1399E-10 -0.2439E-01 -0.3157E+00 -0.1376E+01 -0.1363E+01 -0.1568E+01 -0.1742E+01 -0.1843E+01 -0.1955E+01 -0.2134E+01 -0.2271E+01 -0.2339E+01 -0.2373E+01 -0.2387E+01 -0.2395E+01 -0.2405E+01 -0.2414E+01 -0.2422E+01 -0.2427E+01 -0.2415E+01 -0.2399E+01 -0.2388E+01 -0.2337E+01 -0.2216E+01 -0.1794E+01 -0.1320E+01
     17.4797      330.0000  0.3616E-11 -0.2435E-01 -0.3156E+00 -0.1376E+01 -0.1362E+01 -0.1568E+01 -0.1742E+01 -0.1843E+01 -0.1955E+01 -0.2134E+01 -0.2271E+01 -0.2339E+01 -0.2373E+01 -0.2387E+01 -0.2395E+01 -0.2405E+01 -0.2414E+01 -0.2422E+01 -0.2427E+01 -0.2415E+01 -0.2399E+01 -0.2388E+01 -0.2337E+01 -0.2216E+01 -0.1794E+01 -0.1320E+01
     17.6152      340.0000  0.1666E-10 -0.2431E-01 -0.3154E+00 -0.1376E+01 -0.1362E+01 -0.1567E+01 -0.1742E+01 -0.1843E+01 -0.1955E+01 -0.2134E+01 -0.2271E+01 -0.2339E+01 -0.2373E+01 -0.2387E+01 -0.2395E+01 -0.2405E+01 -0.2414E+01 -0.2422E+01 -0.2427E+01 -0.2415E+01 -0.2399E+01 -0.2388E+01 -0.2337E+01 -0.2216E+01 -0.1794E+01 -0.1320E+01
     17.7507      350.0000  0.2528E-10 -0.2426E-01 -0.3153E+00 -0.1376E+01 -0.1362E+01 -0.1567E+01 -0.1742E+01 -0.1843E+01 -0.1955E+01 -0.2134E+01 -0.2271E+01 -0.2339E+01 -0.2373E+01 -0.2387E+01 -0.2395E+01 -0.2405E+01 -0.2414E+01 -0.2422E+01 -0.2427E+01 -0.2415E+01 -0.2399E+01 -0.2388E+01 -0.2337E+01 -0.2216E+01 -0.1794E+01 -0.1320E+01
     17.8862      360.0000  0.3038E-10 -0.2422E-01 -0.3152E+00 -0.1376E+01 -0.1362E+01 -0.1567E+01 -0.1742E+01 -0.1843E+01 -0.1955E+01 -0.2134E+01 -0.2271E+01 -0.2339E+01 -0.2373E+01 -0.2387E+01 -0.2395E+01 -0.2405E+01 -0.2414E+01 -0.2422E+01 -0.2427E+01 -0.2415E+01 -0.2399E+01 -0.2388E+01 -0.2337E+01 -0.2216E+01 -0.1794E+01 -0.1320E+01
     18.0217       10.0000  0.3362E-10 -0.2418E-01 -0.3150E+00 -0.1376E+01 -0.1362E+01 -0.1567E+01 -0.1742E+01 -0.1843E+01 -0.1955E+01 -0.2134E+01 -0.2271E+01 -0.2339E+01 -0.2373E+01 -0.2387E+01 -0.2395E+01 -0.2405E+01 -0.2414E+01 -0.2422E+01 -0.2427E+01 -0.2415E+01 -0.2399E+01 -0.2388E+01 -0.2337E+01 -0.2216E+01 -0.1794E+01 -0.1320E+01
     18.1572       20.0000  0.3661E-10 -0.2414E-01 -0.3149E+00 -0.1376E+01 -0.1362E+01 -0.1567E+01 -0.1742E+01 -0.1843E+01 -0.1955E+01 -0.2134E+01 -0.2271E+01 -0.2339E+01 -0.2373E+01 -0.2387E+01 -0.2395E+01 -0.2405E+01 -0.2414E+01 -0.2422E+01 -0.2427E+01 -0.2415E+01 -0.2399E+01 -0.2388E+01 -0.2337E+01 -0.2216E+01 -0.1794E+01 -0.1320E+01
     18.2927       30.0000  0.4102E-10 -0.2410E-01 -0.3148E+00 -0.1375E+01 -0.1362E+01 -0.1567E+01 -0.1742E+01 -0.1843E+01 -0.1955E+01 -0.2134E+01 -0.2271E+01 -0.2339E+01 -0.2373E+01 -0.2387E+01 -0.2395E+01 -0.2405E+01 -0.2414E+01 -0.2422E+01 -0.2427E+01 -0.2415E+01 -0.2399E+01 -0.2388E+01 -0.2337E+01 -0.2216E+01 -0.1794E+01 -0.1320E+01
     18.4282       40.0000  0.4801E-10 -0.2406E-01 -0.3147E+00 -0.1375E+01 -0.1362E+01 -0.1567E+01 -0.1742E+01 -0.1843E+01 -0.1955E+01 -0.2134E+01 -0.2271E+01 -0.2339E+01 -0.2373E+01 -0.2387E+01 -0.2395E+01 -0.2405E+01 -0.2414E+01 -0.2422E+01 -0.2427E+01 -0.2415E+01 -0.2399E+01 -0.2388E+01 -0.2337E+01 -0.2216E+01 -0.1794E+01 -0.1320E+01
     18.5637       50.0000  0.5807E-10 -0.2402E-01 -0.3145E+00 -0.1375E+01 -0.1361E+01 -0.1567E+01 -0.1742E+01 -0.1843E+01 -0.1955E+01 -0.2134E+01 -0.2271E+01 -0.2339E+01 -0.2373E+01 -0.2387E+01 -0.2395E+01 -0.2405E+01 -0.2414E+01 -0.2422E+01 -0.2427E+01 -0.2415E+01 -0.2399E+01 -0.2388E+01 -0.2337E+01 -0.2216E+01 -0.1794E+01 -0.1320E+01
     18.6992       60.0000  0.7083E-10 -0.2399E-01 -0.3144E+00 -0.1375E+01 -0.1361E+01 -0.1567E+01 -0.1742E+01 -0.1843E+01 -0.1955E+01 -0.2134E+01 -0.2271E+01 -0.2339E+01 -0.2373E+01 -0.2387E+01 -0.2395E+01 -0.2405E+01 -0.2414E+01 -0.2422E+01 -0.2427E+01 -0.2415E+01 -0.2399E+01 -0.2388E+01 -0.2337E+01 -0.2216E+01 -0.1794E+01 -0.1320E+01
     18.8347       70.0000  0.8511E-10 -0.2395E-01 -0.3143E+00 -0.1375E+01 -0.1361E+01 -0.1567E+01 -0.1742E+01 -0.1843E+01 -0.1955E+01 -0.2134E+01 -0.2271E+01 -0.2339E+01 -0.2373E+01 -0.2387E+01 -0.2395E+01 -0.2405E+01 -0.2414E+01 -0.2422E+01 -0.2427E+01 -0.2415E+01 -0.2399E+01 -0.2388E+01 -0.2337E+01 -0.2216E+01 -0.1794E+01 -0.1320E+01
     18.9702       80.0000  0.9919E-10 -0.2391E-01 -0.3142E+00 -0.1375E+01 -0.1361E+01 -0.1566E+01 -0.1741E+01 -0.1843E+01 -0.1955E+01 -0.2134E+01 -0.2271E+01 -0.2339E+01 -0.2373E+01 -0.2387E+01 -0.2395E+01 -0.2405E+01 -0.2414E+01 -0.2422E+01 -0.2427E+01 -0.2415E+01 -0.2399E+01 -0.2388E+01 -0.2337E+01 -0.2216E+01 -0.1794E+01 -0.1320E+01
     19.1057       90.0000  0.1113E-09 -0.2388E-01 -0.3141E+00 -0.1375E+01 -0.1361E+01 -0.1566E+01 -0.1741E+01 -0.1843E+01 -0.1955E+01 -0.2134E+01 -0.2271E+01 -0.2339E+01 -0.2373E+01 -0.2387E+01 -0.2395E+01 -0.2405E+01 -0.2414E+01 -0.2422E+01 -0.2427E+01 -0.2415E+01 -0.2399E+01 -0.2388E+01 -0.2337E+01 -0.2216E+01 -0.1794E+01 -0.1320E+01
     19.2412      100.0000  0.1201E-09 -0.2384E-01 -0.3140E+00 -0.1374E+01 -0.1361E+01 -0.1566E+01 -0.1741E+01 -0.1843E+01 -0.1955E+01 -0.2134E+01 -0.2271E+01 -0.2339E+01 -0.2373E+01 -0.2387E+01 -0.2395E+01 -0.2405E+01 -0.2414E+01 -0.2422E+01 -0.2427E+01 -0.2415E+01 -0.2399E+01 -0.2388E+01 -0.2337E+01 -0.2216E+01 -0.1794E+01 -0.1320E+01
     19.3767      110.0000  0.1245E-09 -0.2381E-01 -0.3139E+00 -0.1374E+01 -0.1361E+01 -0.1566E+01 -0.1741E+01 -0.1843E+01 -0.1955E+01 -0.2134E+01 -0.2271E+01 -0.2339E+01 -0.2373E+01 -0.2387E+01 -0.2395E+01 -0.2405E+01 -0.2414E+01 -0.2422E+01 -0.2427E+01 -0.2415E+01 -0.2399E+01 -0.2388E+01 -0.2337E+01 -0.2216E+01 -0.1794E+01 -0.1320E+01
     19.5122      120.0000  0.1239E-09 -0.2378E-01 -0.3137E+00 -0.1374E+01 -0.1361E+01 -0.1566E+01 -0.1741E+01 -0.1843E+01 -0.1955E+01 -0.2134E+01 -0.2271E+01 -0.2339E+01 -0.2373E+01 -0.2387E+01 -0.2395E+01 -0.2405E+01 -0.2414E+01 -0.2422E+01 -0.2427E+01 -0.2415E+01 -0.2399E+01 -0.2388E+01 -0.2337E+01 -0.2216E+01 -0.1794E+01 -0.1320E+01
     19.6477      130.0000  0.1178E-09 -0.2374E-01 -0.3136E+00 -0.1374E+01 -0.1361E+01 -0.1566E+01 -0.1741E+01 -0.1843E+01 -0.1955E+01 -0.2134E+01 -0.2271E+01 -0.2339E+01 -0.2373E+01 -0.2387E+01 -0.2395E+01 -0.2405E+01 -0.2414E+01 -0.2422E+01 -0.2427E+01 -0.2415E+01 -0.2399E+01 -0.2388E+01 -0.2337E+01 -0.2216E+01 -0.1794E+01 -0.1320E+01
     19.7832      140.0000  0.1055E-09 -0.2371E-01 -0.3135E+00 -0.1374E+01 -0.1361E+01 -0.1566E+01 -0.1741E+01 -0.1843E+01 -0.1955E+01 -0.2134E+01 -0.2271E+01 -0.2339E+01 -0.2373E+01 -0.2387E+01 -0.2395E+01 -0.2405E+01 -0.2414E+01 -0.2422E+01 -0.2427E+01 -0.2415E+01 -0.2399E+01 -0.2388E+01 -0.2337E+01 -0.2216E+01 -0.1794E+01 -0.1320E+01
     19.9187      150.0000  0.8630E-10 -0.2368E-01 -0.3134E+00 -0.1374E+01 -0.1360E+01 -0.1566E+01 -0.1741E+01 -0.1843E+01 -0.1955E+01 -0.2134E+01 -0.2271E+01 -0.2339E+01 -0.2373E+01 -0.2387E+01 -0.2395E+01 -0.2405E+01 -0.2414E+01 -0.2422E+01 -0.2427E+01 -0.2415E+01 -0.2399E+01 -0.2388E+01 -0.2337E+01 -0.2216E+01 -0.1794E+01 -0.1320E+01
     20.0542      160.0000  0.5992E-10 -0.2365E-01 -0.3133E+00 -0.1374E+01 -0.1360E+01 -0.1566E+01 -0.1741E+01 -0.1843E+01 -0.1955E+01 -0.2134E+01 -0.2271E+01 -0.2339E+01 -0.2373E+01 -0.2387E+01 -0.2395E+01 -0.2405E+01 -0.2414E+01 -0.2422E+01 -0.2427E+01 -0.2415E+01 -0.2399E+01 -0.2388E+01 -0.2337E+01 -0.2216E+01 -0.1794E+01 -0.1320E+01
     20.1897      170.0000  0.2690E-10 -0.2362E-01 -0.3132E+00 -0.1374E+01 -0.1360E+01 -0.1566E+01 -0.1741E+01 -0.1843E+01 -0.1955E+01 -0.2134E+01 -0.2271E+01 -0.2339E+01 -0.2373E+01 -0.2387E+01 -0.2395E+01 -0.2405E+01 -0.2414E+01 -0.2422E+01 -0.2427E+01 -0.2415E+01 -0.2399E+01 -0.2388E+01 -0.2337E+01 -0.2216E+01 -0.1794E+01 -0.1320E+01
     20.3252      180.0000 -0.1085E-10 -0.2359E-01 -0.3131E+00 -0.1373E+01 -0.1360E+01 -0.1566E+01 -0.1741E+01 -0.1843E+01 -0.1955E+01 -0.2134E+01 -0.2271E+01 -0.2339E+01 -0.2373E+01 -0.2387E+01 -0.2395E+01 -0.2405E+01 -0.2414E+01 -0.2422E+01 -0.2427E+01 -0.2415E+01 -0.2399E+01 -0.2388E+01 -0.2337E+01 -0.2216E+01 -0.1794E+01 -0.1320E+01
     20.4607      190.0000 -0.5013E-10 -0.2356E-01 -0.3130E+00 -0.1373E+01 -0.1360E+01 -0.1565E+01 -0.1741E+01 -0.1843E+01 -0.1955E+01 -0.2134E+01 -0.2271E+01 -0.2339E+01 -0.2373E+01 -0.2387E+01 -0.2395E+01 -0.2405E+01 -0.2414E+01 -0.2422E+01 -0.2427E+01 -0.2415E+01 -0.2399E+01 -0.2388E+01 -0.2337E+01 -0.2216E+01 -0.1794E+01 -0.1320E+01
     20.5962      200.0000 -0.8698E-10 -0.2353E-01 -0.3129E+00 -0.1373E+01 -0.1360E+01 -0.1565E+01 -0.1741E+01 -0.1843E+01 -0.1955E+01 -0.2134E+01 -0.2271E+01 -0.2339E+01 -0.2373E+01 -0.2387E+01 -0.2395E+01 -0.2405E+01 -0.2414E+01 -0.2422E+01 -0.2427E+01 -0.2415E+01 -0.2399E+01 -0.2388E+01 -0.2337E+01 -0.2216E+01 -0.1794E+01 -0.1320E+01
     20.7317      210.0000 -0.1178E-09 -0.2350E-01 -0.3129E+00 -0.1373E+01 -0.1360E+01 -0.1565E+01 -0.1741E+01 -0.1843E+01 -0.1955E+01 -0.2134E+01 -0.2271E+01 -0.2339E+01 -0.2373E+01 -0.2387E+01 -0.2395E+01 -0.2405E+01 -0.2414E+01 -0.2422E+01 -0.2427E+01 -0.2415E+01 -0.2399E+01 -0.2388E+01 -0.2337E+01 -0.2216E+01 -0.1794E+01 -0.1320E+01
     20.8672      220.0000 -0.1400E-09 -0.2348E-01 -0.3128E+00 -0.1373E+01 -0.1360E+01 -0.1565E+01 -0.1741E+01 -0.1843E+01 -0.1955E+01 -0.2134E+01 -0.2271E+01 -0.2339E+01 -0.2373E+01 -0.2387E+01 -0.2395E+01 -0.2405E+01 -0.2414E+01 -0.2422E+01 -0.2427E+01 -0.2415E+01 -0.2399E+01 -0.2388E+01 -0.2337E+01 -0.2216E+01 -0.1794E+01 -0.1320E+01
     21.0027      230.0000 -0.1528E-09 -0.2345E-01 -0.3127E+00 -0.1373E+01 -0.1360E+01 -0.1565E+01 -0.1741E+01 -0.1843E+01 -0.1955E+01 -0.2134E+01 -0.2271E+01 -0.2339E+01 -0.2373E+01 -0.2387E+01 -0.2395E+01 -0.2405E+01 -0.2414E+01 -0.2422E+01 -0.2427E+01 -0.2415E+01 -0.2399E+01 -0.2388E+01 -0.2337E+01 -0.2216E+01 -0.1794E+01 -0.1320E+01
     21.1382      240.0000 -0.1565E-09 -0.2342E-01 -0.3126E+00 -0.1373E+01 -0.1360E+01 -0.1565E+01 -0.1741E+01 -0.1843E+01 -0.1955E+01 -0.2134E+01 -0.2271E+01 -0.2339E+01 -0.2373E+01 -0.2387E+01 -0.2395E+01 -0.2405E+01 -0.2414E+01 -0.2422E+01 -0.2427E+01 -0.2415E+01 -0.2399E+01 -0.2388E+01 -0.2337E+01 -0.2216E+01 -0.1794E+01 -0.1320E+01
     21.2737      250.0000 -0.1524E-09 -0.2340E-01 -0.3125E+00 -0.1373E+01 -0.1360E+01 -0.1565E+01 -0.1741E+01 -0.1843E+01 -0.1955E+01 -0.2134E+01 -0.2271E+01 -0.2339E+01 -0.2373E+01 -0.2387E+01 -0.2395E+01 -0.2405E+01 -0.2414E+01 -0.2422E+01 -0.2427E+01 -0.2415E+01 -0.2399E+01 -0.2388E+01 -0.2337E+01 -0.2216E+01 -0.1794E+01 -0.1320E+01
     21.4092      260.0000 -0.1417E-09 -0.2337E-01 -0.3124E+00 -0.1373E+01 -0.1360E+01 -0.1565E+01 -0.1741E+01 -0.1843E+01 -0.1955E+01 -0.2134E+01 -0.2271E+01 -0.2339E+01 -0.2373E+01 -0.2387E+01 -0.2395E+01 -0.2405E+01 -0.2414E+01 -0.2422E+01 -0.2427E+01 -0.2415E+01 -0.2399E+01 -0.2388E+01 -0.2337E+01 -0.2216E+01 -0.1794E+01 -0.1320E+01
     21.5447      270.0000 -0.1258E-09 -0.2335E-01 -0.3123E+00 -0.1373E+01 -0.1359E+01 -0.1565E+01 -0.1741E+01 -0.1843E+01 -0.1955E+01 -0.2134E+01 -0.2271E+01 -0.2339E+01 -0.2373E+01 -0.2387E+01 -0.2395E+01 -0.2405E+01 -0.2414E+01 -0.2422E+01 -0.2427E+01 -0.2415E+01 -0.2399E+01 -0.2388E+01 -0.2337E+01 -0.2216E+01 -0.1794E+01 -0.1320E+01
     21.6802      280.0000 -0.1059E-09 -0.2332E-01 -0.3122E+00 -0.1372E+01 -0.1359E+01 -0.1565E+01 -0.1741E+01 -0.1843E+01 -0.1955E+01 -0.2134E+01 -0.2271E+01 -0.2339E+01 -0.2373E+01 -0.2387E+01 -0.2395E+01 -0.2405E+01 -0.2414E+01 -0.2422E+01 -0.2427E+01 -0.2415E+01 -0.2399E+01 -0.2388E+01 -0.2337E+01 -0.2216E+01 -0.1794E+01 -0.1320E+01
     21.8157      290.0000 -0.8307E-10 -0.2330E-01 -0.3122E+00 -0.1372E+01 -0.1359E+01 -0.1565E+01 -0.1741E+01 -0.1843E+01 -0.1955E+01 -0.2134E+01 -0.2271E+01 -0.2339E+01 -0.2373E+01 -0.2387E+01 -0.2395E+01 -0.2405E+01 -0.2414E+01 -0.2422E+01 -0.2427E+01 -0.2415E+01 -0.2399E+01 -0.2388E+01 -0.2337E+01 -0.2216E+01 -0.1794E+01 -0.1320E+01
     21.9512      300.0000 -0.5893E-10 -0.2328E-01 -0.3121E+00 -0.1372E+01 -0.1359E+01 -0.1565E+01 -0.1741E+01 -0.1843E+01 -0.1955E+01 -0.2134E+01 -0.2271E+01 -0.2339E+01 -0.2373E+01 -0.2387E+01 -0.2395E+01 -0.2405E+01 -0.2414E+01 -0.2422E+01 -0.2427E+01 -0.2415E+01 -0.2399E+01 -0.2388E+01 -0.2337E+01 -0.2216E+01 -0.1794E+01 -0.1320E+01
     22.0867      310.0000 -0.3523E-10 -0.2325E-01 -0.3120E+00 -0.1372E+01 -0.1359E+01 -0.1565E+01 -0.1741E+01 -0.1843E+01 -0.1955E+01 -0.2134E+01 -0.2271E+01 -0.2339E+01 -0.2373E+01 -0.2387E+01 -0.2395E+01 -0.2405E+01 -0.2414E+01 -0.2422E+01 -0.2427E+01 -0.2415E+01 -0.2399E+01 -0.2388E+01 -0.2337E+01 -0.2216E+01 -0.1794E+01 -0.1320E+01
     22.2222      320.0000 -0.1383E-10 -0.2323E-01 -0.3119E+00 -0.1372E+01 -0.1359E+01 -0.1565E+01 -0.1741E+01 -0.1843E+01 -0.1955E+01 -0.2134E+01 -0.2271E+01 -0.2339E+01 -0.2373E+01 -0.2387E+01 -0.2395E+01 -0.2405E+01 -0.2414E+01 -0.2422E+01 -0.2427E+01 -0.2415E+01 -0.2399E+01 -0.2388E+01 -0.2337E+01 -0.2216E+01 -0.1794E+01 -0.1320E+01
     22.3577      330.0000  0.3768E-11 -0.2321E-01 -0.3119E+00 -0.1372E+01 -0.1359E+01 -0.1564E+01 -0.1741E+01 -0.1843E+01 -0.1955E+01 -0.2134E+01 -0.2271E+01 -0.2339E+01 -0.2373E+01 -0.2387E+01 -0.2395E+01 -0.2405E+01 -0.2414E+01 -0.2422E+01 -0.2427E+01 -0.2415E+01 -0.2399E+01 -0.2388E+01 -0.2337E+01 -0.2216E+01 -0.1794E+01 -0.1320E+01
     22.4932      340.0000  0.1681E-10 -0.2319E-01 -0.3118E+00 -0.1372E+01 -0.1359E+01 -0.1564E+01 -0.1741E+01 -0.1843E+01 -0.1955E+01 -0.2134E+01 -0.2271E+01 -0.2339E+01 -0.2373E+01 -0.2387E+01 -0.2395E+01 -0.2405E+01 -0.2414E+01 -0.2422E+01 -0.2427E+01 -0.2415E+01 -0.2399E+01 -0.2388E+01 -0.2337E+01 -0.2216E+01 -0.1794E+01 -0.1320E+01
     22.6287      350.0000  0.2543E-10 -0.2317E-01 -0.3117E+00 -0.1372E+01 -0.1359E+01 -0.1564E+01 -0.1741E+01 -0.1843E+01 -0.1955E+01 -0.2134E+01 -0.2271E+01 -0.2339E+01 -0.2373E+01 -0.2387E+01 -0.2395E+01 -0.2405E+01 -0.2414E+01 -0.2422E+01 -0.2427E+01 -0.2415E+01 -0.2399E+01 -0.2388E+01 -0.2337E+01 -0.2216E+01 -0.1794E+01 -0.1320E+01
     22.7642      360.0000  0.3052E-10 -0.2315E-01 -0.3116E+00 -0.1372E+01 -0.1359E+01 -0.1564E+01 -0.1741E+01 -0.1843E+01 -0.1955E+01 -0.2134E+01 -0.2271E+01 -0.2339E+01 -0.2373E+01 -0.2387E+01 -0.2395E+01 -0.2405E+01 -0.2414E+01 -0.2422E+01 -0.2427E+01 -0.2415E+01 -0.2399E+01 -0.2388E+01 -0.2337E+01 -0.2216E+01 -0.1794E+01 -0.1320E+01
     22.8997       10.0000  0.3376E-10 -0.2313E-01 -0.3116E+00 -0.1372E+01 -0.1359E+01 -0.1564E+01 -0.1741E+01 -0.1843E+01 -0.1955E+01 -0.2134E+01 -0.2271E+01 -0.2339E+01 -0.2373E+01 -0.2387E+01 -0.2395E+01 -0.2405E+01 -0.2414E+01 -0.2422E+01 -0.2427E+01 -0.2415E+01 -0.2399E+01 -0.2388E+01 -0.2337E+01 -0.2216E+01 -0.1794E+01 -0.1320E+01
     23.0352       20.0000  0.3675E-10 -0.2311E-01 -0.3115E+00 -0.1372E+01 -0.1359E+01 -0.1564E+01 -0.1741E+01 -0.1843E+01 -0.1955E+01 -0.2134E+01 -0.2271E+01 -0.2339E+01 -0.2373E+01 -0.2387E+01 -0.2395E+01 -0.2405E+01 -0.2414E+01 -0.2422E+01 -0.2427E+01 -0.2415E+01 -0.2399E+01 -0.2388E+01 -0.2337E+01 -0.2216E+01 -0.1794E+01 -0.1320E+01
     23.1707       30.0000  0.4116E-10 -0.2309E-01 -0.3114E+00 -0.1372E+01 -0.1359E+01 -0.1564E+01 -0.1741E+01 -0.1843E+01 -0.1955E+01 -0.2134E+01 -0.2271E+01 -0.2339E+01 -0.2373E+01 -0.2387E+01 -0.2395E+01 -0.2405E+01 -0.2414E+01 -0.2422E+01 -0.2427E+01 -0.2415E+01 -0.2399E+01 -0.2388E+01 -0.2337E+01 -0.2216E+01 -0.1794E+01 -0.1320E+01
     23.3062       40.0000  0.4814E-10 -0.2307E-01 -0.3114E+00 -0.1371E+01 -0.1359E+01 -0.1564E+01 -0.1741E+01 -0.1843E+01 -0.1955E+01 -0.2134E+01 -0.2271E+01 -0.2339E+01 -0.2373E+01 -0.2387E+01 -0.2395E+01 -0.2405E+01 -0.2414E+01 -0.2422E+01 -0.2427E+01 -0.2415E+01 -0.2399E+01 -0.2388E+01 -0.2337E+01 -0.2216E+01 -0.1794E+01 -0.1320E+01
     23.4417       50.0000  0.5820E-10 -0.2305E-01 -0.3113E+00 -0.1371E+01 -0.1359E+01 -0.1564E+01 -0.1741E+01 -0.1843E+01 -0.1955E+01 -0.2134E+01 -0.2271E+01 -0.2339E+01 -0.2373E+01 -0.2387E+01 -0.2395E+01 -0.2405E+01 -0.2414E+01 -0.2422E+01 -0.2427E+01 -0.2415E+01 -0.2399E+01 -0.2388E+01 -0.2337E+01 -0.2216E+01 -0.1794E+01 -0.1320E+01
     23.5772       60.0000  0.7096E-10 -0.2303E-01 -0.3112E+00 -0.1371E+01 -0.1358E+01 -0.1564E+01 -0.1741E+01 -0.1843E+01 -0.1955E+01 -0.2134E+01 -0.2271E+01 -0.2339E+01 -0.2373E+01 -0.2387E+01 -0.2395E+01 -0.2405E+01 -0.2414E+01 -0.2422E+01 -0.2427E+01 -0.2415E+01 -0.2399E+01 -0.2388E+01 -0.2337E+01 -0.2216E+01 -0.1794E+01 -0.1320E+01
     23.7127       70.0000  0.8523E-10 -0.2301E-01 -0.3112E+00 -0.1371E+01 -0.1358E+01 -0.1564E+01 -0.1741E+01 -0.1843E+01 -0.1955E+01 -0.2134E+01 -0.2271E+01 -0.2339E+01 -0.2373E+01 -0.2387E+01 -0.2395E+01 -0.2405E+01 -0.2414E+01 -0.2422E+01 -0.2427E+01 -0.2415E+01 -0.2399E+01 -0.2388E+01 -0.2337E+01 -0.2216E+01 -0.1794E+01 -0.1320E+01
     23.8482       80.0000  0.9931E-10 -0.2299E-01 -0.3111E+00 -0.1371E+01 -0.1358E+01 -0.1564E+01 -0.1741E+01 -0.1843E+01 -0.1955E+01 -0.2134E+01 -0.2271E+01 -0.2339E+01 -0.2373E+01 -0.2387E+01 -0.2395E+01 -0.2405E+01 -0.2414E+01 -0.2422E+01 -0.2427E+01 -0.2415E+01 -0.2399E+01 -0.2388E+01 -0.2337E+01 -0.2216E+01 -0.1794E+01 -0.1320E+01
     23.9837       90.0000  0.1114E-09 -0.2298E-01 -0.3110E+00 -0.1371E+01 -0.1358E+01 -0.1564E+01 -0.1741E+01 -0.1843E+01 -0.1955E+01 -0.2134E+01 -0.2271E+01 -0.2339E+01 -0.2373E+01 -0.2387E+01 -0.2395E+01 -0.2405E+01 -0.2414E+01 -0.2422E+01 -0.2427E+01 -0.2415E+01 -0.2399E+01 -0.2388E+01 -0.2337E+01 -0.2216E+01 -0.1794E+01 -0.1320E+01
     24.1192      100.0000  0.1202E-09 -0.2296E-01 -0.3110E+00 -0.1371E+01 -0.1358E+01 -0.1564E+01 -0.1741E+01 -0.1843E+01 -0.1955E+01 -0.2134E+01 -0.2271E+01 -0.2339E+01 -0.2373E+01 -0.2387E+01 -0.2395E+01 -0.2405E+01 -0.2414E+01 -0.2422E+01 -0.2427E+01 -0.2415E+01 -0.2399E+01 -0.2388E+01 -0.2337E+01 -0.2216E+01 -0.1794E+01 -0.1320E+01
     24.2547      110.0000  0.1246E-09 -0.2294E-01 -0.3109E+00 -0.1371E+01 -0.1358E+01 -0.1564E+01 -0.1741E+01 -0.1843E+01 -0.1955E+01 -0.2134E+01 -0.2271E+01 -0.2339E+01 -0.2373E+01 -0.2387E+01 -0.2395E+01 -0.2405E+01 -0.2414E+01 -0.2422E+01 -0.2427E+01 -0.2415E+01 -0.2399E+01 -0.2388E+01 -0.2337E+01 -0.2216E+01 -0.1794E+01 -0.1320E+01
     24.3902      120.0000  0.1240E-09 -0.2293E-01 -0.3109E+00 -0.1371E+01 -0.1358E+01 -0.1564E+01 -0.1741E+01 -0.1843E+01 -0.1955E+01 -0.2134E+01 -0.2271E+01 -0.2339E+01 -0.2373E+01 -0.2387E+01 -0.2395E+01 -0.2405E+01 -0.2414E+01 -0.2422E+01 -0.2427E+01 -0.2415E+01 -0.2399E+01 -0.2388E+01 -0.2337E+01 -0.2216E+01 -0.1794E+01 -0.1320E+01
     24.5257      130.0000  0.1179E-09 -0.2291E-01 -0.3108E+00 -0.1371E+01 -0.1358E+01 -0.1563E+01 -0.1741E+01 -0.1843E+01 -0.1955E+01 -0.2134E+01 -0.2271E+01 -0.2339E+01 -0.2373E+01 -0.2387E+01 -0.2395E+01 -0.2405E+01 -0.2414E+01 -0.2422E+01 -0.2427E+01 -0.2415E+01 -0.2399E+01 -0.2388E+01 -0.2337E+01 -0.2216E+01 -0.1794E+01 -0.1320E+01
     24.6612      140.0000  0.1056E-09 -0.2290E-01 -0.3108E+00 -0.1371E+01 -0.1358E+01 -0.1563E+01 -0.1741E+01 -0.1843E+01 -0.1955E+01 -0.2134E+01 -0.2271E+01 -0.2339E+01 -0.2373E+01 -0.2387E+01 -0.2395E+01 -0.2405E+01 -0.2414E+01 -0.2422E+01 -0.2427E+01 -0.2415E+01 -0.2399E+01 -0.2388E+01 -0.2337E+01 -0.2216E+01 -0.1794E+01 -0.1320E+01
     24.7967      150.0000  0.8640E-10 -0.2288E-01 -0.3107E+00 -0.1371E+01 -0.1358E+01 -0.1563E+01 -0.1741E+01 -0.1843E+01 -0.1955E+01 -0.2134E+01 -0.2271E+01 -0.2339E+01 -0.2373E+01 -0.2387E+01 -0.2395E+01 -0.2405E+01 -0.2414E+01 -0.2422E+01 -0.2427E+01 -0.2415E+01 -0.2399E+01 -0.2388E+01 -0.2337E+01 -0.2216E+01 -0.1794E+01 -0.1320E+01
     24.9322      160.0000  0.6002E-10 -0.2286E-01 -0.3106E+00 -0.1371E+01 -0.1358E+01 -0.1563E+01 -0.1741E+01 -0.1843E+01 -0.1955E+01 -0.2134E+01 -0.2271E+01 -0.2339E+01 -0.2373E+01 -0.2387E+01 -0.2395E+01 -0.2405E+01 -0.2414E+01 -0.2422E+01 -0.2427E+01 -0.2415E+01 -0.2399E+01 -0.2388E+01 -0.2337E+01 -0.2216E+01 -0.1794E+01 -0.1320E+01
     25.0678      170.0000  0.2700E-10 -0.2285E-01 -0.3106E+00 -0.1371E+01 -0.1358E+01 -0.1563E+01 -0.1741E+01 -0.1843E+01 -0.1955E+01 -0.2134E+01 -0.2271E+01 -0.2339E+01 -0.2373E+01 -0.2387E+01 -0.2395E+01 -0.2405E+01 -0.2414E+01 -0.2422E+01 -0.2427E+01 -0.2415E+01 -0.2399E+01 -0.2388E+01 -0.2337E+01 -0.2216E+01 -0.1794E+01 -0.1320E+01
     25.2033      180.0000 -0.1075E-10 -0.2284E-01 -0.3105E+00 -0.1371E+01 -0.1358E+01 -0.1563E+01 -0.1741E+01 -0.1844E+01 -0.1955E+01 -0.2134E+01 -0.2271E+01 -0.2339E+01 -0.2373E+01 -0.2387E+01 -0.2395E+01 -0.2405E+01 -0.2414E+01 -0.2422E+01 -0.2427E+01 -0.2415E+01 -0.2399E+01 -0.2388E+01 -0.2337E+01 -0.2216E+01 -0.1794E+01 -0.1320E+01
     25.3388      190.0000 -0.5003E-10 -0.2282E-01 -0.3105E+00 -0.1370E+01 -0.1358E+01 -0.1563E+01 -0.1741E+01 -0.1844E+01 -0.1955E+01 -0.2134E+01 -0.2271E+01 -0.2339E+01 -0.2373E+01 -0.2387E+01 -0.2395E+01 -0.2405E+01 -0.2414E+01 -0.2422E+01 -0.2427E+01 -0.2415E+01 -0.2399E+01 -0.2388E+01 -0.2337E+01 -0.2216E+01 -0.1794E+01 -0.1320E+01
     25.4743      200.0000 -0.8689E-10 -0.2281E-01 -0.3104E+00 -0.1370E+01 -0.1358E+01 -0.1563E+01 -0.1741E+01 -0.1844E+01 -0.1955E+01 -0.2134E+01 -0.2271E+01 -0.2339E+01 -0.2373E+01 -0.2387E+01 -0.2395E+01 -0.2405E+01 -0.2414E+01 -0.2422E+01 -0.2427E+01 -0.2415E+01 -0.2399E+01 -0.2388E+01 -0.2337E+01 -0.2216E+01 -0.1794E+01 -0.1320E+01
     25.6098      210.0000 -0.1177E-09 -0.2279E-01 -0.3104E+00 -0.1370E+01 -0.1358E+01 -0.1563E+01 -0.1741E+01 -0.1844E+01 -0.1955E+01 -0.2134E+01 -0.2271E+01 -0.2339E+01 -0.2373E+01 -0.2387E+01 -0.2395E+01 -0.2405E+01 -0.2414E+01 -0.2422E+01 -0.2427E+01 -0.2415E+01 -0.2399E+01 -0.2388E+01 -0.2337E+01 -0.2216E+01 -0.1794E+01 -0.1320E+01
     25.7453      220.0000 -0.1399E-09 -0.2278E-01 -0.3103E+00 -0.1370E+01 -0.1358E+01 -0.1563E+01 -0.1741E+01 -0.1844E+01 -0.1955E+01 -0.2134E+01 -0.2271E+01 -0.2339E+01 -0.2373E+01 -0.2387E+01 -0.2395E+01 -0.2405E+01 -0.2414E+01 -0.2422E+01 -0.2427E+01 -0.2415E+01 -0.2399E+01 -0.2388E+01 -0.2337E+01 -0.2216E+01 -0.1794E+01 -0.1320E+01
     25.8808      230.0000 -0.1527E-09 -0.2277E-01 -0.3103E+00 -0.1370E+01 -0.1358E+01 -0.1563E+01 -0.1741E+01 -0.1844E+01 -0.1955E+01 -0.2134E+01 -0.2271E+01 -0.2339E+01 -0.2373E+01 -0.2387E+01 -0.2395E+01 -0.2405E+01 -0.2414E+01 -0.2422E+01 -0.2427E+01 -0.2415E+01 -0.2399E+01 -0.2388E+01 -0.2337E+01 -0.2216E+01 -0.1794E+01 -0.1320E+01
     26.0163      240.0000 -0.1564E-09 -0.2275E-01 -0.3102E+00 -0.1370E+01 -0.1358E+01 -0.1563E+01 -0.1741E+01 -0.1844E+01 -0.1955E+01 -0.2134E+01 -0.2271E+01 -0.2339E+01 -0.2373E+01 -0.2387E+01 -0.2395E+01 -0.2405E+01 -0.2414E+01 -0.2422E+01 -0.2427E+01 -0.2415E+01 -0.2399E+01 -0.2388E+01 -0.2337E+01 -0.2216E+01 -0.1794E+01 -0.1320E+01
     26.1518      250.0000 -0.1523E-09 -0.2274E-01 -0.3102E+00 -0.1370E+01 -0.1358E+01 -0.1563E+01 -0.1741E+01 -0.1844E+01 -0.1955E+01 -0.2134E+01 -0.2271E+01 -0.2339E+01 -0.2373E+01 -0.2387E+01 -0.2395E+01 -0.2405E+01 -0.2414E+01 -0.2422E+01 -0.2427E+01 -0.2415E+01 -0.2399E+01 -0.2388E+01 -0.2337E+01 -0.2216E+01 -0.1794E+01 -0.1320E+01
     26.2873      260.0000 -0.1416E-09 -0.2273E-01 -0.3101E+00 -0.1370E+01 -0.1358E+01 -0.1563E+01 -0.1741E+01 -0.1844E+01 -0.1955E+01 -0.2134E+01 -0.2271E+01 -0.2339E+01 -0.2373E+01 -0.2387E+01 -0.2395E+01 -0.2405E+01 -0.2414E+01 -0.2422E+01 -0.2427E+01 -0.2415E+01 -0.2399E+01 -0.2388E+01 -0.2337E+01 -0.2216E+01 -0.1794E+01 -0.1320E+01
     26.4228      270.0000 -0.1257E-09 -0.2272E-01 -0.3101E+00 -0.1370E+01 -0.1358E+01 -0.1563E+01 -0.1741E+01 -0.1844E+01 -0.1955E+01 -0.2134E+01 -0.2271E+01 -0.2339E+01 -0.2373E+01 -0.2387E+01 -0.2395E+01 -0.2405E+01 -0.2414E+01 -0.2422E+01 -0.2427E+01 -0.2415E+01 -0.2399E+01 -0.2388E+01 -0.2337E+01 -0.2216E+01 -0.1794E+01 -0.1320E+01
     26.5583      280.0000 -0.1058E-09 -0.2271E-01 -0.3101E+00 -0.1370E+01 -0.1357E+01 -0.1563E+01 -0.1741E+01 -0.1844E+01 -0.1955E+01 -0.2134E+01 -0.2271E+01 -0.2339E+01 -0.2373E+01 -0.2387E+01 -0.2395E+01 -0.2405E+01 -0.2414E+01 -0.2422E+01 -0.2427E+01 -0.2415E+01 -0.2399E+01 -0.2388E+01 -0.2337E+01 -0.2216E+01 -0.1794E+01 -0.1320E+01
     26.6938      290.0000 -0.8299E-10 -0.2269E-01 -0.3100E+00 -0.1370E+01 -0.1357E+01 -0.1563E+01 -0.1741E+01 -0.1844E+01 -0.1955E+01 -0.2134E+01 -0.2271E+01 -0.2339E+01 -0.2373E+01 -0.2387E+01 -0.2395E+01 -0.2405E+01 -0.2414E+01 -0.2422E+01 -0.2427E+01 -0.2415E+01 -0.2399E+01 -0.2388E+01 -0.2337E+01 -0.2216E+01 -0.1794E+01 -0.1320E+01
     26.8293      300.0000 -0.5885E-10 -0.2268E-01 -0.3100E+00 -0.1370E+01 -0.1357E+01 -0.1563E+01 -0.1741E+01 -0.1844E+01 -0.1955E+01 -0.2134E+01 -0.2271E+01 -0.2339E+01 -0.2373E+01 -0.2387E+01 -0.2395E+01 -0.2405E+01 -0.2414E+01 -0.2422E+01 -0.2427E+01 -0.2415E+01 -0.2399E+01 -0.2388E+01 -0.2337E+01 -0.2216E+01 -0.1794E+01 -0.1320E+01
     26.9648      310.0000 -0.3516E-10 -0.2267E-01 -0.3099E+00 -0.1370E+01 -0.1357E+01 -0.1563E+01 -0.1741E+01 -0.1844E+01 -0.1955E+01 -0.2134E+01 -0.2271E+01 -0.2339E+01 -0.2373E+01 -0.2387E+01 -0.2395E+01 -0.2405E+01 -0.2414E+01 -0.2422E+01 -0.2427E+01 -0.2415E+01 -0.2399E+01 -0.2388E+01 -0.2337E+01 -0.2216E+01 -0.1794E+01 -0.1320E+01
     27.1003      320.0000 -0.1376E-10 -0.2266E-01 -0.3099E+00 -0.1370E+01 -0.1357E+01 -0.1563E+01 -0.1741E+01 -0.1844E+01 -0.1955E+01 -0.2134E+01 -0.2271E+01 -0.2339E+01 -0.2373E+01 -0.2387E+01 -0.2395E+01 -0.2405E+01 -0.2414E+01 -0.2422E+01 -0.2427E+01 -0.2415E+01 -0.2399E+01 -0.2388E+01 -0.2337E+01 -0.2216E+01 -0.1794E+01 -0.1320E+01
     27.2358      330.0000  0.3841E-11 -0.2265E-01 -0.3098E+00 -0.1370E+01 -0.1357E+01 -0.1563E+01 -0.1741E+01 -0.1844E+01 -0.1955E+01 -0.2134E+01 -0.2271E+01 -0.2339E+01 -0.2373E+01 -0.2387E+01 -0.2395E+01 -0.2405E+01 -0.2414E+01 -0.2422E+01 -0.2427E+01 -0.2415E+01 -0.2399E+01 -0.2388E+01 -0.2337E+01 -0.2216E+01 -0.1794E+01 -0.1320E+01
     27.3713      340.0000  0.1688E-10 -0.2264E-01 -0.3098E+00 -0.1370E+01 -0.1357E+01 -0.1562E+01 -0.1741E+01 -0.1844E+01 -0.1955E+01 -0.2134E+01 -0.2271E+01 -0.2339E+01 -0.2373E+01 -0.2387E+01 -0.2395E+01 -0.2405E+01 -0.2414E+01 -0.2422E+01 -0.2427E+01 -0.2415E+01 -0.2399E+01 -0.2388E+01 -0.2337E+01 -0.2216E+01 -0.1794E+01 -0.1320E+01
     27.5068      350.0000  0.2550E-10 -0.2263E-01 -0.3098E+00 -0.1370E+01 -0.1357E+01 -0.1562E+01 -0.1741E+01 -0.1844E+01 -0.1955E+01 -0.2134E+01 -0.2271E+01 -0.2339E+01 -0.2373E+01 -0.2387E+01 -0.2395E+01 -0.2405E+01 -0.2414E+01 -0.2422E+01 -0.2427E+01 -0.2415E+01 -0.2399E+01 -0.2388E+01 -0.2337E+01 -0.2216E+01 -0.1794E+01 -0.1320E+01
     27.6423      360.0000  0.3059E-10 -0.2262E-01 -0.3097E+00 -0.1370E+01 -0.1357E+01 -0.1562E+01 -0.1741E+01 -0.1844E+01 -0.1955E+01 -0.2134E+01 -0.2271E+01 -0.2339E+01 -0.2373E+01 -0.2387E+01 -0.2395E+01 -0.2405E+01 -0.2414E+01 -0.2422E+01 -0.2427E+01 -0.2415E+01 -0.2399E+01 -0.2388E+01 -0.2337E+01 -0.2216E+01 -0.1794E+01 -0.1320E+01
     27.7778       10.0000  0.3383E-10 -0.2261E-01 -0.3097E+00 -0.1370E+01 -0.1357E+01 -0.1562E+01 -0.1741E+01 -0.1844E+01 -0.1955E+01 -0.2134E+01 -0.2271E+01 -0.2340E+01 -0.2373E+01 -0.2387E+01 -0.2395E+01 -0.2405E+01 -0.2414E+01 -0.2422E+01 -0.2427E+01 -0.2415E+01 -0.2399E+01 -0.2388E+01 -0.2337E+01 -0.2216E+01 -0.1794E+01 -0.1320E+01
     27.9133       20.0000  0.3681E-10 -0.2260E-01 -0.3097E+00 -0.1370E+01 -0.1357E+01 -0.1562E+01 -0.1741E+01 -0.1844E+01 -0.1955E+01 -0.2134E+01 -0.2271E+01 -0.2340E+01 -0.2373E+01 -0.2387E+01 -0.2395E+01 -0.2405E+01 -0.2414E+01 -0.2422E+01 -0.2427E+01 -0.2415E+01 -0.2399E+01 -0.2388E+01 -0.2337E+01 -0.2216E+01 -0.1794E+01 -0.1320E+01
     28.0488       30.0000  0.4122E-10 -0.2259E-01 -0.3096E+00 -0.1370E+01 -0.1357E+01 -0.1562E+01 -0.1741E+01 -0.1844E+01 -0.1955E+01 -0.2134E+01 -0.2271E+01 -0.2340E+01 -0.2373E+01 -0.2387E+01 -0.2395E+01 -0.2405E+01 -0.2414E+01 -0.2422E+01 -0.2427E+01 -0.2415E+01 -0.2399E+01 -0.2388E+01 -0.2337E+01 -0.2216E+01 -0.1794E+01 -0.1320E+01
     28.1843       40.0000  0.4820E-10 -0.2258E-01 -0.3096E+00 -0.1369E+01 -0.1357E+01 -0.1562E+01 -0.1741E+01 -0.1844E+01 -0.1955E+01 -0.2134E+01 -0.2271E+01 -0.2340E+01 -0.2373E+01 -0.2387E+01 -0.2395E+01 -0.2405E+01 -0.2414E+01 -0.2422E+01 -0.2427E+01 -0.2415E+01 -0.2399E+01 -0.2388E+01 -0.2337E+01 -0.2216E+01 -0.1794E+01 -0.1320E+01
     28.3198       50.0000  0.5826E-10 -0.2257E-01 -0.3095E+00 -0.1369E+01 -0.1357E+01 -0.1562E+01 -0.1741E+01 -0.1844E+01 -0.1955E+01 -0.2134E+01 -0.2271E+01 -0.2340E+01 -0.2373E+01 -0.2387E+01 -0.2395E+01 -0.2405E+01 -0.2414E+01 -0.2422E+01 -0.2427E+01 -0.2415E+01 -0.2399E+01 -0.2388E+01 -0.2337E+01 -0.2216E+01 -0.1794E+01 -0.1320E+01
     28.4553       60.0000  0.7102E-10 -0.2256E-01 -0.3095E+00 -0.1369E+01 -0.1357E+01 -0.1562E+01 -0.1741E+01 -0.1844E+01 -0.1955E+01 -0.2134E+01 -0.2271E+01 -0.2340E+01 -0.2373E+01 -0.2387E+01 -0.2395E+01 -0.2405E+01 -0.2414E+01 -0.2422E+01 -0.2427E+01 -0.2415E+01 -0.2399E+01 -0.2388E+01 -0.2337E+01 -0.2216E+01 -0.1794E+01 -0.1320E+01
     28.5908       70.0000  0.8529E-10 -0.2255E-01 -0.3095E+00 -0.1369E+01 -0.1357E+01 -0.1562E+01 -0.1741E+01 -0.1844E+01 -0.1955E+01 -0.2134E+01 -0.2271E+01 -0.2340E+01 -0.2373E+01 -0.2387E+01 -0.2395E+01 -0.2405E+01 -0.2414E+01 -0.2422E+01 -0.2427E+01 -0.2415E+01 -0.2399E+01 -0.2388E+01 -0.2337E+01 -0.2216E+01 -0.1794E+01 -0.1320E+01
     28.7263       80.0000  0.9937E-10 -0.2254E-01 -0.3094E+00 -0.1369E+01 -0.1357E+01 -0.1562E+01 -0.1741E+01 -0.1844E+01 -0.1955E+01 -0.2134E+01 -0.2271E+01 -0.2340E+01 -0.2373E+01 -0.2387E+01 -0.2395E+01 -0.2405E+01 -0.2414E+01 -0.2422E+01 -0.2427E+01 -0.2415E+01 -0.2399E+01 -0.2388E+01 -0.2337E+01 -0.2216E+01 -0.1794E+01 -0.1320E+01
     28.8618       90.0000  0.1115E-09 -0.2253E-01 -0.3094E+00 -0.1369E+01 -0.1357E+01 -0.1562E+01 -0.1741E+01 -0.1844E+01 -0.1955E+01 -0.2134E+01 -0.2271E+01 -0.2340E+01 -0.2373E+01 -0.2387E+01 -0.2395E+01 -0.2405E+01 -0.2414E+01 -0.2422E+01 -0.2427E+01 -0.2415E+01 -0.2399E+01 -0.2388E+01 -0.2337E+01 -0.2216E+01 -0.1794E+01 -0.1320E+01
     28.9973      100.0000  0.1202E-09 -0.2253E-01 -0.3094E+00 -0.1369E+01 -0.1357E+01 -0.1562E+01 -0.1741E+01 -0.1844E+01 -0.1955E+01 -0.2134E+01 -0.2271E+01 -0.2340E+01 -0.2373E+01 -0.2387E+01 -0.2395E+01 -0.2405E+01 -0.2414E+01 -0.2422E+01 -0.2427E+01 -0.2415E+01 -0.2399E+01 -0.2388E+01 -0.2337E+01 -0.2216E+01 -0.1794E+01 -0.1320E+01
     29.1328      110.0000  0.1246E-09 -0.2252E-01 -0.3093E+00 -0.1369E+01 -0.1357E+01 -0.1562E+01 -0.1741E+01 -0.1844E+01 -0.1955E+01 -0.2134E+01 -0.2271E+01 -0.2340E+01 -0.2373E+01 -0.2387E+01 -0.2395E+01 -0.2405E+01 -0.2414E+01 -0.2422E+01 -0.2427E+01 -0.2415E+01 -0.2399E+01 -0.2388E+01 -0.2337E+01 -0.2216E+01 -0.1794E+01 -0.1320E+01
     29.2683      120.0000  0.1241E-09 -0.2251E-01 -0.3093E+00 -0.1369E+01 -0.1357E+01 -0.1562E+01 -0.1741E+01 -0.1844E+01 -0.1955E+01 -0.2134E+01 -0.2271E+01 -0.2340E+01 -0.2373E+01 -0.2387E+01 -0.2395E+01 -0.2405E+01 -0.2414E+01 -0.2422E+01 -0.2427E+01 -0.2415E+01 -0.2399E+01 -0.2388E+01 -0.2337E+01 -0.2216E+01 -0.1794E+01 -0.1320E+01
     29.4038      130.0000  0.1180E-09 -0.2250E-01 -0.3093E+00 -0.1369E+01 -0.1357E+01 -0.1562E+01 -0.1741E+01 -0.1844E+01 -0.1955E+01 -0.2134E+01 -0.2271E+01 -0.2340E+01 -0.2373E+01 -0.2387E+01 -0.2395E+01 -0.2405E+01 -0.2414E+01 -0.2422E+01 -0.2427E+01 -0.2415E+01 -0.2399E+01 -0.2388E+01 -0.2337E+01 -0.2216E+01 -0.1794E+01 -0.1320E+01
     29.5393      140.0000  0.1056E-09 -0.2249E-01 -0.3093E+00 -0.1369E+01 -0.1357E+01 -0.1562E+01 -0.1741E+01 -0.1844E+01 -0.1955E+01 -0.2134E+01 -0.2271E+01 -0.2340E+01 -0.2373E+01 -0.2387E+01 -0.2395E+01 -0.2405E+01 -0.2414E+01 -0.2422E+01 -0.2427E+01 -0.2415E+01 -0.2399E+01 -0.2388E+01 -0.2337E+01 -0.2216E+01 -0.1794E+01 -0.1320E+01
     29.6748      150.0000  0.8645E-10 -0.2249E-01 -0.3092E+00 -0.1369E+01 -0.1357E+01 -0.1562E+01 -0.1741E+01 -0.1844E+01 -0.1955E+01 -0.2134E+01 -0.2271E+01 -0.2340E+01 -0.2373E+01 -0.2387E+01 -0.2395E+01 -0.2405E+01 -0.2414E+01 -0.2422E+01 -0.2427E+01 -0.2415E+01 -0.2399E+01 -0.2388E+01 -0.2337E+01 -0.2216E+01 -0.1794E+01 -0.1320E+01
     29.8103      160.0000  0.6007E-10 -0.2248E-01 -0.3092E+00 -0.1369E+01 -0.1357E+01 -0.1562E+01 -0.1741E+01 -0.1844E+01 -0.1955E+01 -0.2134E+01 -0.2271E+01 -0.2340E+01 -0.2373E+01 -0.2387E+01 -0.2395E+01 -0.2405E+01 -0.2414E+01 -0.2422E+01 -0.2427E+01 -0.2415E+01 -0.2399E+01 -0.2388E+01 -0.2337E+01 -0.2216E+01 -0.1794E+01 -0.1320E+01
     29.9458      170.0000  0.2705E-10 -0.2247E-01 -0.3092E+00 -0.1369E+01 -0.1357E+01 -0.1562E+01 -0.1741E+01 -0.1844E+01 -0.1955E+01 -0.2134E+01 -0.2271E+01 -0.2340E+01 -0.2373E+01 -0.2387E+01 -0.2395E+01 -0.2405E+01 -0.2414E+01 -0.2422E+01 -0.2427E+01 -0.2415E+01 -0.2399E+01 -0.2388E+01 -0.2337E+01 -0.2216E+01 -0.1794E+01 -0.1320E+01
